chromosome	start	end	total_cn	major_cn	minor_cn	star	level	methods_agree	absolute_broad_major_cn	absolute_broad_minor_cn	absolute_broad_het_error	absolute_broad_cov_error	aceseq_copy_number	aceseq_minor_cn	aceseq_major_cn	battenberg_nMaj1_A	battenberg_nMin1_A	battenberg_frac1_A	battenberg_nMaj2_A	battenberg_nMin2_A	battenberg_frac2_A	battenberg_SDfrac_A	battenberg_SDfrac_A_BS	battenberg_frac1_A_0.025	battenberg_frac1_A_0.975	clonehd_copy_number	clonehd_minor_cn	clonehd_major_cn	sclust_nMaj1_A	sclust_nMin1_A	sclust_frac1_A	sclust_nMaj2_A	sclust_nMin2_A	sclust_frac2_A	jabba_copy_number	jabba_minor_cn	jabba_major_cn
1	10001	72094870	2	1	1	2	e	4	1.36	0.56	0.05	0.1	NA	NA	NA	1	0	0.657135572325655	1	1	0.342864427674345	0.00170640748417222	0.00167069674581352	0.644529167246732	0.650982922748986	2	1	1	1	0	0.648247	1	1	0.351753	2	0	2
1	72094871	72214528	2	1	1	2	e	4	1	0.46	0.05	0.1	NA	NA	NA	1	0	0.396616342890967	1	1	0.603383657109033	0.0366272794589886	0.0359135256728469	0.324077929594108	0.459502785399981	2	1	1	1	0	0.370277	1	1	0.629723	1	0	1
1	72214529	91390813	2	1	1	2	d	2	1.26	0.5	0.05	0.1	NA	NA	NA	1	0	0.64343193231124	1	1	0.35656806768876	0.00187326433888535	0.0018228037197625	0.639745798426445	0.646923229958119	2	1	1	1	0	0.626868	1	1	0.373132	2	1	1
1	91390814	91399525	2	1	1	2	e	4	1.26	0.5	0.05	0.1	NA	NA	NA	1	0	0.64343193231124	1	1	0.35656806768876	0.00187326433888535	0.0018228037197625	0.639745798426445	0.646923229958119	NA	NA	NA	1	0	0.625387	1	1	0.374613	2	1	1
1	91399526	116392160	2	1	1	2	d	2	1.26	0.5	0.05	0.1	NA	NA	NA	1	0	0.64343193231124	1	1	0.35656806768876	0.00187326433888535	0.0018228037197625	0.639745798426445	0.646923229958119	2	1	1	1	0	0.625387	1	1	0.374613	2	1	1
1	116392161	119401166	2	1	1	2	d	2	1.26	0.5	0.05	0.1	NA	NA	NA	1	0	0.64343193231124	1	1	0.35656806768876	0.00187326433888535	0.0018228037197625	0.639745798426445	0.646923229958119	2	1	1	1	0	0.648247	1	1	0.351753	2	1	1
1	119401167	121499999	2	1	1	2	d	2	1.26	0.5	0.05	0.1	NA	NA	NA	1	0	0.64343193231124	1	1	0.35656806768876	0.00187326433888535	0.0018228037197625	0.639745798426445	0.646923229958119	2	1	1	1	0	0.648247	1	1	0.351753	2	1	1
1	121500000	128899999	2	1	1	2	e	3	1.26	0.5	0.05	0.1	NA	NA	NA	NA	NA	NA	NA	NA	NA	NA	NA	NA	NA	1	0	1	1	0	0.648247	1	1	0.351753	2	1	1
1	128900000	142579938	2	1	1	2	e	3	1.26	0.5	0.05	0.1	NA	NA	NA	NA	NA	NA	NA	NA	NA	NA	NA	NA	NA	NA	NA	NA	1	0	0.648247	1	1	0.351753	2	1	1
1	142579939	155645976	2	1	1	2	d	2	1	0.4	0.05	0.1	NA	NA	NA	1	0	0.612330874212543	1	1	0.387669125787457	0.00633732236662321	0.0064641831436114	0.600041532991155	0.625486926224396	2	1	1	1	0	0.597025	1	1	0.402975	2	1	1
1	155645977	155708763	2	1	1	2	e	3	1	0.4	0.05	0.1	NA	NA	NA	1	1	1	NA	NA	NA	NA	NA	NA	NA	NA	NA	NA	1	0	0.597025	1	1	0.402975	1	0	1
1	155708764	247247500	2	1	1	2	d	2	1	0.4	0.05	0.1	NA	NA	NA	1	0	0.617433631497648	1	1	0.382566368502352	0.00130214098825132	0.00132173285509317	0.609968614206282	0.615150855203431	2	1	1	1	0	0.597025	1	1	0.402975	2	1	1
1	247247501	248769735	2	1	1	2	d	2	NA	NA	NA	NA	NA	NA	NA	1	0	0.632786126873002	1	1	0.367213873126998	0.00960484549242835	0.00975980741120385	0.613039060477103	0.651001702907578	2	1	1	1	0	0.648247	1	1	0.351753	2	1	1
2	24839	50359872	2	1	1	2	d	4	1	1	0.05	0.1	NA	NA	NA	1	0	0.0641489487270303	1	1	0.93585105127297	0.00289307241563011	0.00286153463023017	0.0639843446739595	0.075216899155369	2	1	1	1	1	1	NA	NA	NA	2	1	1
2	50359873	50360986	2	1	1	2	d	3	1	1	0.05	0.1	NA	NA	NA	NA	NA	NA	NA	NA	NA	NA	NA	NA	NA	NA	NA	NA	1	1	1	NA	NA	NA	2	1	1
2	50360987	90499999	2	1	1	2	d	4	1	1	0.05	0.1	NA	NA	NA	1	0	0.083206840189567	1	1	0.916793159810433	0.00302080107808195	0.00302112373694932	0.077231810461939	0.0890729692384827	2	1	1	1	1	1	NA	NA	NA	2	1	1
2	90500000	96799999	2	1	1	2	d	3	2	0	0.05	0.1	NA	NA	NA	NA	NA	NA	NA	NA	NA	NA	NA	NA	NA	2	1	1	1	1	1	NA	NA	NA	2	1	1
2	96800000	121595668	2	1	1	2	d	4	1	1	0.05	0.1	NA	NA	NA	1	0	0.0892947925988985	1	1	0.910705207401102	0.00441357801669196	0.0042985924203571	0.0808686186319375	0.098217159070135	2	1	1	1	1	1	NA	NA	NA	2	1	1
2	121595669	135495916	2	1	1	2	d	4	1	1	0.05	0.1	NA	NA	NA	1	0	0.0585707792725033	1	1	0.941429220727497	0.0056257979290088	0.00552531474800951	0.0585116151887868	0.0800691777756985	2	1	1	1	1	1	NA	NA	NA	2	1	1
2	135495917	141632438	2	1	1	2	d	4	1	1	0.05	0.1	NA	NA	NA	1	0	0.0869114789204918	1	1	0.913088521079508	0.0073662257157794	0.00740677975588859	0.0768253090189858	0.105874919010667	2	1	1	1	1	1	NA	NA	NA	2	1	1
2	141632439	141674250	2	1	1	2	e	4	0.74	0.74	0.05	0.1	NA	NA	NA	1	0	0.420977476021125	1	1	0.579022523978875	0.079236521534266	0.0848561804510362	0.177572260546861	0.497010115285334	2	1	1	1	0	0.376702	1	1	0.623298	1	0	1
2	141674251	141680345	2	1	1	2	f	2	0.74	0.74	0.05	0.1	NA	NA	NA	0	0	0.757010453712684	1	0	0.242989546287316	NA	0	0.757010453712684	0.757010453712684	NA	NA	NA	1	0	0.393518	1	1	0.606482	1	0	1
2	141680346	141770529	2	1	1	2	d	2	0.74	0.74	0.05	0.1	NA	NA	NA	1	1	1	NA	NA	NA	NA	NA	NA	NA	2	1	1	1	0	0.393518	1	1	0.606482	1	0	1
2	141770530	141794860	2	1	1	2	e	3	0.74	0.74	0.05	0.1	NA	NA	NA	0	0	0.900820593352116	1	0	0.0991794066478837	NA	0	0.900820593352116	0.900820593352116	3	1	2	1	0	0.393518	1	1	0.606482	2	1	1
2	141794861	141810434	2	1	1	2	d	2	0.74	0.74	0.05	0.1	NA	NA	NA	1	1	1	NA	NA	NA	NA	NA	NA	NA	NA	NA	NA	1	0	0.393518	1	1	0.606482	2	1	1
2	141810435	141857837	1	1	0	2	d	2	0.74	0.74	0.05	0.1	NA	NA	NA	1	0	0.449042641089198	1	1	0.550957358910802	0.0441468793877213	0.0447252855764469	0.338508949544059	0.52087918798065	1	0	1	1	0	0.393518	1	1	0.606482	1	0	1
2	141857838	141956838	1	1	0	2	d	2	0.74	0	0.05	0.1	NA	NA	NA	0	0	0.548733699752128	1	0	0.451266300247872	0.0311711101471901	0.0304101278957165	0.497037276815656	0.616912406977155	1	0	1	1	0	0.733802	1	1	0.266198	1	0	1
2	141956839	141976762	1	1	0	2	e	4	0.74	0	0.05	0.1	NA	NA	NA	1	0	0.606207565470418	1	1	0.393792434529582	0.0864785428169392	0.100861593044206	0.219904147641351	0.609896423612108	1	0	1	1	0	0.564481	1	1	0.435519	2	1	1
2	141976763	142056843	2	1	1	2	d	3	0.92	0.92	0.05	0.1	NA	NA	NA	1	0	0.0885577130616037	1	1	0.911442286938396	0.0213057158469578	0.0219430301576372	0.0691736869295847	0.154799919185108	2	1	1	1	1	1	NA	NA	NA	2	1	1
2	142056844	142254590	2	1	1	2	d	3	0.92	0.92	0.05	0.1	NA	NA	NA	1	0	0.0885577130616037	1	1	0.911442286938396	0.0213057158469578	0.0219430301576372	0.0691736869295847	0.154799919185108	2	1	1	1	1	1	NA	NA	NA	2	1	1
2	142254591	142297049	2	1	1	2	d	3	0.92	0.92	0.05	0.1	NA	NA	NA	1	0	0.0885577130616037	1	1	0.911442286938396	0.0213057158469578	0.0219430301576372	0.0691736869295847	0.154799919185108	2	1	1	1	1	1	NA	NA	NA	2	1	1
2	142297050	142311727	2	1	1	2	d	2	1	1	0.05	0.1	NA	NA	NA	1	1	0.321579503978383	2	1	0.678420496021617	0.158318547538143	0.146351284480786	0.115732144856764	0.68878508034097	3	1	2	2	1	0.781084	1	1	0.218916	2	1	1
2	142311728	142316568	3	2	1	1	g	NA	1	1	0.05	0.1	NA	NA	NA	1	1	0.321579503978383	2	1	0.678420496021617	0.158318547538143	0.146351284480786	0.115732144856764	0.68878508034097	3	1	2	1	1	1	NA	NA	NA	3	1	2
2	142316569	178315308	2	1	1	2	d	4	1	1	0.05	0.1	NA	NA	NA	1	0	0.0841954952042271	1	1	0.915804504795773	0.00310204143046651	0.00303284372102326	0.0799508210413376	0.0918709080592986	2	1	1	1	1	1	NA	NA	NA	2	1	1
2	178315309	178355951	2	1	1	2	d	2	0.69	0.69	0.05	0.1	NA	NA	NA	1	0	0.518126124333689	1	1	0.481873875666311	0.0619468251029638	0.0609767251918635	0.363303018121355	0.611591775032327	2	1	1	1	0	0.459633	1	1	0.540367	2	1	1
2	178355952	193424994	2	1	1	2	d	4	1	1	0.05	0.1	NA	NA	NA	1	0	0.0906292078388973	1	1	0.909370792161103	0.00258900365239554	0.00251231835306606	0.0854830827868382	0.0954434512220428	2	1	1	1	1	1	NA	NA	NA	2	1	1
2	193424995	193425067	2	1	1	2	d	3	1	1	0.05	0.1	NA	NA	NA	1	0	0.0906292078388973	1	1	0.909370792161103	0.00258900365239554	0.00251231835306606	0.0854830827868382	0.0954434512220428	NA	NA	NA	1	1	1	NA	NA	NA	2	1	1
2	193425068	242986605	2	1	1	2	d	4	1	1	0.05	0.1	NA	NA	NA	1	0	0.0906292078388973	1	1	0.909370792161103	0.00258900365239554	0.00251231835306606	0.0854830827868382	0.0954434512220428	2	1	1	1	1	1	NA	NA	NA	2	1	1
3	91174	60089401	2	1	1	3	b	5	1	1	0.05	0.1	NA	NA	NA	1	1	1	NA	NA	NA	NA	NA	NA	NA	2	1	1	1	1	1	NA	NA	NA	2	1	1
3	60089402	60089588	2	1	1	2	d	4	1	1	0.05	0.1	NA	NA	NA	1	1	1	NA	NA	NA	NA	NA	NA	NA	NA	NA	NA	1	1	1	NA	NA	NA	2	1	1
3	60089589	61677272	2	1	1	3	b	5	1	1	0.05	0.1	NA	NA	NA	1	1	1	NA	NA	NA	NA	NA	NA	NA	2	1	1	1	1	1	NA	NA	NA	2	1	1
3	61677273	61772802	2	1	1	2	d	4	1	1	0.05	0.1	NA	NA	NA	1	0	0.646621403168444	1	1	0.353378596831556	0.102077708711717	0.0942076458141793	0.412653448132211	0.777418251761035	2	1	1	1	1	1	NA	NA	NA	2	1	1
3	61772803	65835999	2	1	1	3	b	5	1	1	0.05	0.1	NA	NA	NA	1	1	1	NA	NA	NA	NA	NA	NA	NA	2	1	1	1	1	1	NA	NA	NA	2	1	1
3	65836000	65946819	2	1	1	2	d	3	1	1	0.05	0.1	NA	NA	NA	1	0	0.43509721745289	1	1	0.56490278254711	0.0310191267079996	0.031795963379756	0.366080555969391	0.489647537224446	2	1	1	1	0	0.449866	1	1	0.550134	2	1	1
3	65946820	71034717	2	1	1	3	b	5	1	1	0.05	0.1	NA	NA	NA	1	1	1	NA	NA	NA	NA	NA	NA	NA	2	1	1	1	1	1	NA	NA	NA	2	1	1
3	71034718	71599044	2	1	1	2	d	2	1	0.56	0.05	0.1	NA	NA	NA	1	0	0.449042641089198	1	1	0.550957358910802	0.0338421953431042	0.0338627839139425	0.387556955319375	0.517797731305319	2	1	1	1	0	0.446373	1	1	0.553627	2	1	1
3	71599045	87899999	2	1	1	3	b	5	1	1	0.05	0.1	NA	NA	NA	1	1	1	NA	NA	NA	NA	NA	NA	NA	2	1	1	1	1	1	NA	NA	NA	2	1	1
3	87900000	93899999	2	1	1	3	b	5	1	1	0.05	0.1	NA	NA	NA	1	1	1	NA	NA	NA	NA	NA	NA	NA	2	1	1	1	1	1	NA	NA	NA	2	1	1
3	93900000	136543693	2	1	1	3	b	5	1	1	0.05	0.1	NA	NA	NA	1	1	1	NA	NA	NA	NA	NA	NA	NA	2	1	1	1	1	1	NA	NA	NA	2	1	1
3	136543694	136600606	2	1	1	2	d	4	1	1	0.05	0.1	NA	NA	NA	1	0	0.646621403168444	1	1	0.353378596831556	0.159544793897012	0.182578138858648	0.0509171577011341	0.74302928155113	2	1	1	1	1	1	NA	NA	NA	2	1	1
3	136600607	136602713	2	1	1	2	d	3	1	1	0.05	0.1	NA	NA	NA	NA	NA	NA	NA	NA	NA	NA	NA	NA	NA	1	0	1	1	1	1	NA	NA	NA	2	1	1
3	136602714	136605018	2	1	1	2	d	3	1	1	0.05	0.1	NA	NA	NA	NA	NA	NA	NA	NA	NA	NA	NA	NA	NA	NA	NA	NA	1	1	1	NA	NA	NA	2	1	1
3	136605019	146309434	2	1	1	3	b	5	1	1	0.05	0.1	NA	NA	NA	1	1	1	NA	NA	NA	NA	NA	NA	NA	2	1	1	1	1	1	NA	NA	NA	2	1	1
3	146309435	146309467	2	1	1	2	d	4	1	1	0.05	0.1	NA	NA	NA	1	1	1	NA	NA	NA	NA	NA	NA	NA	NA	NA	NA	1	1	1	NA	NA	NA	2	1	1
3	146309468	166344496	2	1	1	3	b	5	1	1	0.05	0.1	NA	NA	NA	1	1	1	NA	NA	NA	NA	NA	NA	NA	2	1	1	1	1	1	NA	NA	NA	2	1	1
3	166344497	166344905	2	1	1	2	d	4	1	1	0.05	0.1	NA	NA	NA	1	1	1	NA	NA	NA	NA	NA	NA	NA	NA	NA	NA	1	1	1	NA	NA	NA	2	1	1
3	166344906	166433976	2	1	1	3	b	5	1	1	0.05	0.1	NA	NA	NA	1	1	1	NA	NA	NA	NA	NA	NA	NA	2	1	1	1	1	1	NA	NA	NA	2	1	1
3	166433977	166434168	2	1	1	2	d	4	1	1	0.05	0.1	NA	NA	NA	1	1	1	NA	NA	NA	NA	NA	NA	NA	NA	NA	NA	1	1	1	NA	NA	NA	2	1	1
3	166434169	197847500	2	1	1	3	b	5	1	1	0.05	0.1	NA	NA	NA	1	1	1	NA	NA	NA	NA	NA	NA	NA	2	1	1	1	1	1	NA	NA	NA	2	1	1
4	27500	10854740	2	1	1	2	d	4	1	1	0.05	0.1	NA	NA	NA	1	0	0.0962234230905401	1	1	0.90377657690946	0.00671054524650953	0.00659551256256148	0.0855424949856139	0.111971576379625	2	1	1	1	1	1	NA	NA	NA	2	1	1
4	10854741	10990278	2	1	1	2	d	2	0.8	0.8	0.05	0.1	NA	NA	NA	1	0	0.485300742543606	1	1	0.514699257456394	0.0755676898423464	0.0890030922352511	0.115837516238087	0.475740462199642	2	1	1	1	0	0.482744	1	1	0.517256	2	1	1
4	10990279	31413835	2	1	1	2	d	4	1	1	0.05	0.1	NA	NA	NA	1	0	0.0792428190157405	1	1	0.92075718098426	0.00392472152644582	0.00390700008504425	0.0707793193988706	0.0860433680363478	2	1	1	1	1	1	NA	NA	NA	2	1	1
4	31413836	31415452	2	1	1	2	d	3	1	1	0.05	0.1	NA	NA	NA	1	1	0.850319119636936	2	1	0.149680880363064	NA	0	0.850319119636936	0.850319119636936	1	0	1	1	1	1	NA	NA	NA	2	1	1
4	31415453	31416460	1	1	0	1	g	NA	1	1	0.05	0.1	NA	NA	NA	3	0	1	NA	NA	NA	NA	NA	NA	NA	1	0	1	1	1	1	NA	NA	NA	1	0	1
4	31416461	31416655	2	1	1	2	d	3	1	1	0.05	0.1	NA	NA	NA	NA	NA	NA	NA	NA	NA	NA	NA	NA	NA	NA	NA	NA	1	1	1	NA	NA	NA	2	1	1
4	31416656	48199999	2	1	1	2	d	4	1	1	0.05	0.1	NA	NA	NA	1	0	0.0927660915721786	1	1	0.907233908427821	0.00422354218563439	0.00430391065981753	0.0846622646700492	0.100955738882964	2	1	1	1	1	1	NA	NA	NA	2	1	1
4	48200000	52699999	2	1	1	2	d	4	1	1	0.05	0.1	NA	NA	NA	NA	NA	NA	NA	NA	NA	NA	NA	NA	NA	2	1	1	1	1	1	NA	NA	NA	2	1	1
4	52700000	60320121	2	1	1	2	d	4	1	1	0.05	0.1	NA	NA	NA	1	0	0.103625224866738	1	1	0.896374775133262	0.00664918633234246	0.00665636418666541	0.0836919130080503	0.108849050389128	2	1	1	1	1	1	NA	NA	NA	2	1	1
4	60320122	60361656	1	1	0	3	b	5	1	0	0.05	0.1	NA	NA	NA	1	0	1	NA	NA	NA	NA	NA	NA	NA	1	0	1	1	0	1	NA	NA	NA	1	0	1
4	60361657	65347984	2	1	1	2	d	4	1	1	0.05	0.1	NA	NA	NA	1	0	0.103625224866738	1	1	0.896374775133262	0.00250735047807463	0.00254605912783969	0.0983566190738778	0.108473118032235	2	1	1	1	1	1	NA	NA	NA	2	1	1
4	65347985	65371027	2	1	1	2	d	2	NA	NA	NA	NA	NA	NA	NA	1	0	0.103625224866738	1	1	0.896374775133262	0.00250735047807463	0.00254605912783969	0.0983566190738778	0.108473118032235	NA	NA	NA	1	1	1	NA	NA	NA	2	1	1
4	65371028	112630360	2	1	1	2	d	4	1	1	0.05	0.1	NA	NA	NA	1	0	0.103625224866738	1	1	0.896374775133262	0.00250735047807463	0.00254605912783969	0.0983566190738778	0.108473118032235	2	1	1	1	1	1	NA	NA	NA	2	1	1
4	112630361	112631107	2	1	1	2	d	3	1	1	0.05	0.1	NA	NA	NA	NA	NA	NA	NA	NA	NA	NA	NA	NA	NA	3	1	2	1	1	1	NA	NA	NA	2	1	1
4	112631108	112638463	2	1	1	2	d	3	1	1	0.05	0.1	NA	NA	NA	NA	NA	NA	NA	NA	NA	NA	NA	NA	NA	3	1	2	1	1	1	NA	NA	NA	2	1	1
4	112638464	112660808	2	1	1	2	d	3	1	1	0.05	0.1	NA	NA	NA	NA	NA	NA	NA	NA	NA	NA	NA	NA	NA	NA	NA	NA	1	1	1	NA	NA	NA	2	1	1
4	112660809	112661069	2	1	1	2	d	3	1	1	0.05	0.1	NA	NA	NA	NA	NA	NA	NA	NA	NA	NA	NA	NA	NA	NA	NA	NA	1	1	1	NA	NA	NA	2	1	1
4	112661070	123914929	2	1	1	2	d	4	1	1	0.05	0.1	NA	NA	NA	1	0	0.0841954952042271	1	1	0.915804504795773	0.00547150446983126	0.00550400405994424	0.0738645443713435	0.096033923556436	2	1	1	1	1	1	NA	NA	NA	2	1	1
4	123914930	124156761	1	1	0	2	d	2	NA	NA	NA	NA	NA	NA	NA	1	0	1	NA	NA	NA	NA	NA	NA	NA	NA	NA	NA	1	1	1	NA	NA	NA	1	0	1
4	124156762	127380576	2	1	1	2	d	4	1	1	0.05	0.1	NA	NA	NA	1	0	0.096223423090545	1	1	0.903776576909455	0.0106877086581426	0.0110891606944772	0.0782322911143124	0.120642114995011	2	1	1	1	1	1	NA	NA	NA	2	1	1
4	127380577	127381351	2	1	1	2	d	2	1	1	0.05	0.1	NA	NA	NA	1	0	0.968248194848583	1	1	0.0317518051514166	NA	0	0.968248194848583	0.968248194848583	NA	NA	NA	1	1	1	NA	NA	NA	1	0	1
4	127381352	136021166	2	1	1	2	d	4	1	1	0.05	0.1	NA	NA	NA	1	0	0.109226588373047	1	1	0.890773411626953	0.00598623860111171	0.00596177082558415	0.0990462376448444	0.122165162791568	2	1	1	1	1	1	NA	NA	NA	2	1	1
4	136021167	136026053	2	1	1	2	d	3	1	1	0.05	0.1	NA	NA	NA	NA	NA	NA	NA	NA	NA	NA	NA	NA	NA	NA	NA	NA	1	1	1	NA	NA	NA	2	1	1
4	136026054	170387704	2	1	1	2	d	4	1	1	0.05	0.1	NA	NA	NA	1	0	0.141802939291327	1	1	0.858197060708673	0.00301242648435411	0.00302083675104757	0.133796890378022	0.146014709867096	2	1	1	1	1	1	NA	NA	NA	2	1	1
4	170387705	170391288	2	1	1	2	d	2	NA	NA	NA	NA	NA	NA	NA	NA	NA	NA	NA	NA	NA	NA	NA	NA	NA	NA	NA	NA	1	1	1	NA	NA	NA	2	1	1
4	170391289	185394912	2	1	1	2	d	4	1	1	0.05	0.1	NA	NA	NA	1	0	0.157586434124718	1	1	0.842413565875281	0.00364604818795648	0.00355277126253074	0.150283067937601	0.164468775306624	2	1	1	1	1	1	NA	NA	NA	2	1	1
4	185394913	190670011	2	1	1	2	d	4	1	1	0.05	0.1	NA	NA	NA	1	0	0.157586434124718	1	1	0.842413565875281	0.00364604818795648	0.00355277126253074	0.150283067937601	0.164468775306624	2	1	1	1	1	1	NA	NA	NA	2	1	1
5	22500	873590	2	1	1	2	f	3	1.12	0.92	0.05	0.1	NA	NA	NA	NA	NA	NA	NA	NA	NA	NA	NA	NA	NA	NA	NA	NA	2	1	0.605303	1	1	0.394697	2	1	1
5	873591	11128587	2	1	1	2	d	2	1.12	0.92	0.05	0.1	NA	NA	NA	1	1	0.59586162301972	2	1	0.40413837698028	0.00741475836370498	0.00756573078838613	0.581943188522444	0.611610996303092	3	1	2	1	1	1	NA	NA	NA	2	1	1
5	11128588	20988080	2	1	1	2	d	2	1.12	0.92	0.05	0.1	NA	NA	NA	1	1	0.640765887128639	2	1	0.359234112871361	0.00686109999966422	0.00686365231123026	0.622043441763037	0.648907959481588	3	1	2	1	1	1	NA	NA	NA	2	1	1
5	20988081	21031139	2	1	1	3	b	5	1	1	0.05	0.1	NA	NA	NA	1	1	1	NA	NA	NA	NA	NA	NA	NA	2	1	1	1	1	1	NA	NA	NA	2	1	1
5	21031140	46099999	3	2	1	2	d	2	1.12	0.88	0.05	0.1	NA	NA	NA	1	1	0.637311712966417	2	1	0.362688287033583	0.00468147615239489	0.00460272471569694	0.631424720511629	0.64934327318244	3	1	2	1	1	1	NA	NA	NA	3	1	2
5	46100000	50699999	NA	NA	NA	NA	NA	NA	1.12	0.88	0.05	0.1	NA	NA	NA	NA	NA	NA	NA	NA	NA	NA	NA	NA	NA	2	1	1	1	1	1	NA	NA	NA	2	1	1
5	50700000	116083053	2	1	1	2	d	2	1.08	0.64	0.05	0.1	NA	NA	NA	1	0	0.449042641089198	1	1	0.550957358910802	0.00158103552810132	0.0016658593829069	0.433512365967165	0.440174091904341	2	1	1	1	0	0.412871	1	1	0.587129	2	1	1
5	116083054	132198286	2	1	1	2	d	2	1.08	0.64	0.05	0.1	NA	NA	NA	1	0	0.449042641089198	1	1	0.550957358910802	0.00158103552810132	0.0016658593829069	0.433512365967165	0.440174091904341	2	1	1	1	0	0.412871	1	1	0.587129	2	1	1
5	132198287	133129119	2	1	1	2	d	4	1.26	1.26	0.05	0.1	NA	NA	NA	1	1	1	NA	NA	NA	NA	NA	NA	NA	2	1	1	1	1	1	NA	NA	NA	2	1	1
5	133129120	146036573	2	1	1	2	d	2	1	0.56	0.05	0.1	NA	NA	NA	1	0	0.449042641089198	1	1	0.550957358910802	0.00444671072212463	0.00438546182208944	0.430342259243572	0.447267527971591	2	1	1	1	0	0.412871	1	1	0.587129	2	1	1
5	146036574	146040765	1	1	0	2	d	3	1	0	0.05	0.1	NA	NA	NA	1	0	0.898085282178396	1	1	0.101914717821604	NA	0	0.898085282178396	0.898085282178396	1	0	1	1	0	0.883109	1	1	0.116891	1	0	1
5	146040766	146041420	1	1	0	2	d	3	1	0	0.05	0.1	NA	NA	NA	NA	NA	NA	NA	NA	NA	NA	NA	NA	NA	1	0	1	1	0	0.883109	1	1	0.116891	1	0	1
5	146041421	146048751	1	1	0	2	d	2	1	0	0.05	0.1	NA	NA	NA	NA	NA	NA	NA	NA	NA	NA	NA	NA	NA	1	0	1	1	0	0.883109	1	1	0.116891	NA	NA	NA
5	146048752	148687166	1	1	0	2	d	3	1	0	0.05	0.1	NA	NA	NA	1	0	0.916046987821964	1	1	0.0839530121780356	0.00577157643939236	0.00577076922233551	0.891716627100138	0.914003769832486	1	0	1	1	0	0.883109	1	1	0.116891	1	0	1
5	148687167	148688550	1	1	0	2	d	2	1	0	0.05	0.1	NA	NA	NA	1	0	0.880814411367273	1	1	0.119185588632727	NA	0	0.880814411367273	0.880814411367273	1	0	1	1	0	0.883109	1	1	0.116891	2	0	2
5	148688551	148697450	2	2	0	1	g	NA	1	0	0.05	0.1	NA	NA	NA	NA	NA	NA	NA	NA	NA	NA	NA	NA	NA	1	0	1	2	1	1	NA	NA	NA	2	0	2
5	148697451	148698574	3	2	1	2	d	2	2	1	0.05	0.1	NA	NA	NA	NA	NA	NA	NA	NA	NA	NA	NA	NA	NA	NA	NA	NA	2	1	1	NA	NA	NA	NA	NA	NA
5	148698575	149474213	3	2	1	2	d	4	2	1	0.05	0.1	NA	NA	NA	1	1	0.12488697648737	2	1	0.87511302351263	0.0367851466216537	0.0378441588086405	0.0616958963330792	0.207842409573111	3	1	2	2	1	1	NA	NA	NA	3	1	2
5	149474214	149483154	3	2	1	1	g	NA	NA	NA	NA	NA	NA	NA	NA	NA	NA	NA	NA	NA	NA	NA	NA	NA	NA	NA	NA	NA	1	1	1	NA	NA	NA	3	1	2
5	149483155	155517889	2	1	1	2	d	4	1.08	1.08	0.05	0.1	NA	NA	NA	1	1	1	NA	NA	NA	NA	NA	NA	NA	2	1	1	1	1	1	NA	NA	NA	2	1	1
5	155517890	158882256	1	1	0	2	d	2	1.08	0.12	0.05	0.1	NA	NA	NA	1	0	0.898085282178396	1	1	0.101914717821604	0.00642068483942865	0.00635242645153512	0.886989329917481	0.911674914470854	1	0	1	1	0	0.865788	1	1	0.134212	1	0	1
5	158882257	158883309	2	1	1	1	g	NA	1.08	0.12	0.05	0.1	NA	NA	NA	2	1	1	NA	NA	NA	NA	NA	NA	NA	1	0	1	1	0	0.881253	1	1	0.118747	2	1	1
5	158883310	158884793	1	1	0	2	d	3	1.08	0.12	0.05	0.1	NA	NA	NA	1	0	1	NA	NA	NA	NA	NA	NA	NA	1	0	1	1	0	0.881253	1	1	0.118747	1	0	1
5	158884794	158886113	2	1	1	1	g	NA	1.08	0.12	0.05	0.1	NA	NA	NA	0	0	0.702461780056348	1	0	0.297538219943652	NA	0	0.702461780056348	0.702461780056348	1	0	1	1	0	0.881253	1	1	0.118747	2	1	1
5	158886114	158887876	1	1	0	2	d	2	1.08	0.12	0.05	0.1	NA	NA	NA	1	0	0.475456914094444	1	1	0.524543085905556	NA	0	0.475456914094444	0.475456914094444	1	0	1	1	0	0.881253	1	1	0.118747	1	0	1
5	158887877	171815381	1	1	0	2	d	2	1.08	0.12	0.05	0.1	NA	NA	NA	1	0	0.914122519360153	1	1	0.0858774806398468	0.00275256616180775	0.00281038828621182	0.896765377925143	0.907475029225686	1	0	1	1	0	0.881253	1	1	0.118747	1	0	1
5	171815382	172303390	2	2	0	2	e	4	2.5	0	0.05	0.1	NA	NA	NA	2	0	0.920377391764394	2	1	0.0796226082356055	0.0181349414833568	0.0185885442280428	0.860880262798767	0.934283039379622	1	0	1	2	0	0.880757	2	1	0.119243	2	0	2
5	172303391	180715810	1	1	0	2	d	2	1.26	0.17	0.05	0.1	NA	NA	NA	1	0	0.898085282178396	1	1	0.101914717821604	0.0035115619190314	0.00331778163185437	0.886327009937634	0.8991707968064	1	0	1	1	0	0.883109	1	1	0.116891	1	0	1
6	203878	458233	2	1	1	2	d	3	1	1	0.05	0.1	NA	NA	NA	1	1	1	NA	NA	NA	NA	NA	NA	NA	NA	NA	NA	1	0	0.381342	1	1	0.618658	2	1	1
6	458234	53691197	2	1	1	2	d	4	0.88	0.88	0.05	0.1	NA	NA	NA	1	1	1	NA	NA	NA	NA	NA	NA	NA	2	1	1	1	1	1	NA	NA	NA	2	1	1
6	53691198	53691345	2	1	1	2	d	3	0.92	0.92	0.05	0.1	NA	NA	NA	1	1	1	NA	NA	NA	NA	NA	NA	NA	NA	NA	NA	1	1	1	NA	NA	NA	2	1	1
6	53691346	58699999	2	1	1	2	d	4	0.92	0.92	0.05	0.1	NA	NA	NA	1	1	1	NA	NA	NA	NA	NA	NA	NA	2	1	1	1	1	1	NA	NA	NA	2	1	1
6	58700000	63299999	2	1	1	2	d	3	0.92	0.92	0.05	0.1	NA	NA	NA	NA	NA	NA	NA	NA	NA	NA	NA	NA	NA	2	1	1	1	1	1	NA	NA	NA	2	1	1
6	63300000	76799842	2	1	1	2	d	4	0.92	0.92	0.05	0.1	NA	NA	NA	1	1	1	NA	NA	NA	NA	NA	NA	NA	2	1	1	1	1	1	NA	NA	NA	2	1	1
6	76799843	76805853	2	1	1	2	d	3	0.92	0.92	0.05	0.1	NA	NA	NA	1	1	1	NA	NA	NA	NA	NA	NA	NA	NA	NA	NA	1	1	1	NA	NA	NA	2	1	1
6	76805854	77746217	2	1	1	2	d	4	0.92	0.92	0.05	0.1	NA	NA	NA	1	1	1	NA	NA	NA	NA	NA	NA	NA	2	1	1	1	1	1	NA	NA	NA	2	1	1
6	77746218	77748528	2	1	1	2	d	2	0.92	0.92	0.05	0.1	NA	NA	NA	1	1	1	NA	NA	NA	NA	NA	NA	NA	NA	NA	NA	1	1	1	NA	NA	NA	1	0	1
6	77748529	144614553	2	1	1	2	d	4	0.92	0.92	0.05	0.1	NA	NA	NA	1	1	1	NA	NA	NA	NA	NA	NA	NA	2	1	1	1	1	1	NA	NA	NA	2	1	1
6	144614554	144762641	2	1	1	2	d	2	1	0.74	0.05	0.1	NA	NA	NA	1	0	0.449042641089198	1	1	0.550957358910802	0.0293052015384157	0.0292554330145538	0.38461443473288	0.50274326520596	2	1	1	1	0	0.429308	1	1	0.570692	2	1	1
6	144762642	162507423	2	1	1	3	b	5	1	1	0.05	0.1	NA	NA	NA	1	1	1	NA	NA	NA	NA	NA	NA	NA	2	1	1	1	1	1	NA	NA	NA	2	1	1
6	162507424	162512821	2	1	1	3	b	5	1	1	0.05	0.1	NA	NA	NA	1	1	1	NA	NA	NA	NA	NA	NA	NA	2	1	1	1	1	1	NA	NA	NA	2	1	1
6	162512822	170862653	2	1	1	3	b	5	1	1	0.05	0.1	NA	NA	NA	1	1	1	NA	NA	NA	NA	NA	NA	NA	2	1	1	1	1	1	NA	NA	NA	2	1	1
7	52500	361540	1	1	0	2	d	3	1	0	0.05	0.1	NA	NA	NA	1	0	0.808276753960555	1	1	0.191723246039445	0.0364828659024328	0.0396019599986505	0.678879397343403	0.83507858991482	1	0	1	1	0	0.59111	1	1	0.40889	1	0	1
7	361541	2832602	1	1	0	2	d	4	1	0	0.05	0.1	NA	NA	NA	1	0	1	NA	NA	NA	NA	NA	NA	NA	NA	NA	NA	1	0	1	NA	NA	NA	1	0	1
7	2832603	6140349	2	1	1	2	d	3	0.88	0.8	0.05	0.1	NA	NA	NA	1	0	0.269425584653521	1	1	0.730574415346479	0.0103408881127518	0.0103308599537011	0.254187519246255	0.292944325177109	2	1	1	1	1	1	NA	NA	NA	2	1	1
7	6140350	57998303	1	1	0	2	d	4	1	0	0.05	0.1	NA	NA	NA	1	0	1	NA	NA	NA	NA	NA	NA	NA	1	0	1	1	0	0.949049	1	1	0.0509506	1	0	1
7	57998304	61862500	NA	NA	NA	NA	NA	NA	1	0	0.05	0.1	NA	NA	NA	NA	NA	NA	NA	NA	NA	NA	NA	NA	NA	2	0	2	1	1	1	NA	NA	NA	2	1	1
7	61862501	108328218	2	1	1	2	d	3	1	0.74	0.05	0.1	NA	NA	NA	1	0	0.269425584653521	1	1	0.730574415346479	0.00233606523664062	0.00236701938827095	0.258306936520342	0.267382488870917	2	1	1	1	1	1	NA	NA	NA	2	1	1
7	108328219	108328254	2	1	1	2	d	2	1	0.8	0.05	0.1	NA	NA	NA	1	0	0.269425584653521	1	1	0.730574415346479	0.00233606523664062	0.00236701938827095	0.258306936520342	0.267382488870917	NA	NA	NA	1	1	1	NA	NA	NA	2	1	1
7	108328255	127423161	2	1	1	2	d	3	1	0.8	0.05	0.1	NA	NA	NA	1	0	0.269425584653521	1	1	0.730574415346479	0.00233606523664062	0.00236701938827095	0.258306936520342	0.267382488870917	2	1	1	1	1	1	NA	NA	NA	2	1	1
7	127423162	127443020	2	1	1	2	d	3	1	0.8	0.05	0.1	NA	NA	NA	1	1	1	NA	NA	NA	NA	NA	NA	NA	2	1	1	1	1	1	NA	NA	NA	1	0	1
7	127443021	158821400	2	1	1	2	d	3	1	0.8	0.05	0.1	NA	NA	NA	1	0	0.25834002098009	1	1	0.74165997901991	0.00335209316098445	0.00329394769978891	0.251871590393341	0.264489627321786	2	1	1	1	1	1	NA	NA	NA	2	1	1
8	10001	163225	1	1	0	2	d	3	NA	NA	NA	NA	NA	NA	NA	1	0	1	NA	NA	NA	NA	NA	NA	NA	1	0	1	1	0	0.949049	1	1	0.0509506	1	0	1
8	163226	33179643	1	1	0	2	d	4	1	0	0.05	0.1	NA	NA	NA	1	0	1	NA	NA	NA	NA	NA	NA	NA	1	0	1	1	0	0.949049	1	1	0.0509506	1	0	1
8	33179644	33181253	2	1	1	2	f	2	NA	NA	NA	NA	NA	NA	NA	NA	NA	NA	NA	NA	NA	NA	NA	NA	NA	NA	NA	NA	1	0	0.949049	1	1	0.0509506	2	1	1
8	33181254	33596601	2	1	1	2	d	4	1	1	0.05	0.1	NA	NA	NA	1	1	0.568919064554372	2	1	0.431080935445628	0.0364974026465723	0.0373780879654754	0.505235221079212	0.652565727343903	2	1	1	1	1	1	NA	NA	NA	2	1	1
8	33596602	34349464	2	1	1	2	d	2	0.92	0.88	0.05	0.1	NA	NA	NA	1	1	0.669968660223969	2	1	0.330031339776031	0.0233301062818191	0.0239679533258572	0.616112878374042	0.713128414168206	3	1	2	1	1	1	NA	NA	NA	2	1	1
8	34349465	35296426	2	1	1	2	d	3	0.92	0.88	0.05	0.1	NA	NA	NA	1	1	0.86528720767324	2	1	0.13471279232676	0.0172606370778207	0.0175102530599065	0.813979512627684	0.884315495938598	2	1	1	1	1	1	NA	NA	NA	2	1	1
8	35296427	35446294	3	2	1	2	d	2	0.92	0.88	0.05	0.1	NA	NA	NA	1	1	0.691859302009173	2	1	0.308140697990827	0.104801619359194	0.105737526271818	0.386796605793277	0.800270170627987	3	1	2	3	1	0.294296	2	1	0.705704	3	1	2
8	35446295	35739534	4	3	1	2	d	2	2	0.74	0.05	0.1	NA	NA	NA	2	1	0.518159284405645	3	1	0.481840715594355	0.0983928520892572	0.0981855300635573	0.307557973825057	0.684699214412559	4	1	3	3	1	0.294296	2	1	0.705704	4	1	3
8	35739535	35740948	4	3	1	2	f	2	NA	NA	NA	NA	NA	NA	NA	NA	NA	NA	NA	NA	NA	NA	NA	NA	NA	NA	NA	NA	3	1	0.294296	2	1	0.705704	4	1	3
8	35740949	37042351	2	1	1	2	d	3	0.56	0.46	0.05	0.1	NA	NA	NA	1	0	0.330065531057018	1	1	0.669934468942982	0.023242983783073	0.0230890098929296	0.280261539238474	0.370335484144989	2	1	1	1	1	1	NA	NA	NA	2	1	1
8	37042352	43099999	1	1	0	2	d	2	0.74	0.21	0.05	0.1	NA	NA	NA	1	0	0.709014696456629	1	1	0.290985303543371	0.00616961667525773	0.00641196381113555	0.688431129402882	0.713971040232388	1	0	1	1	0	0.679614	1	1	0.320386	1	0	1
8	43100000	48099999	NA	NA	NA	NA	NA	NA	3	0.74	0.05	0.1	NA	NA	NA	NA	NA	NA	NA	NA	NA	NA	NA	NA	NA	6	1	5	1	0	0.679614	1	1	0.320386	2	0	2
8	48100000	50712275	6	5	1	2	d	3	3.54	0.64	0.05	0.1	NA	NA	NA	5	1	1	NA	NA	NA	NA	NA	NA	NA	7	1	6	5	1	1	NA	NA	NA	6	1	5
8	50712276	51048577	6	5	1	2	d	3	3.54	0.64	0.05	0.1	NA	NA	NA	5	1	1	NA	NA	NA	NA	NA	NA	NA	8	1	7	5	1	1	NA	NA	NA	6	1	5
8	51048578	53320476	7	6	1	1	g	NA	3.36	0.5	0.05	0.1	NA	NA	NA	5	1	1	NA	NA	NA	NA	NA	NA	NA	7	1	6	5	1	1	NA	NA	NA	7	1	6
8	53320477	53545844	7	6	1	1	g	NA	3.36	0.5	0.05	0.1	NA	NA	NA	5	1	1	NA	NA	NA	NA	NA	NA	NA	7	1	6	5	1	1	NA	NA	NA	7	1	6
8	53545845	54553417	7	6	1	2	d	2	3.5	0.46	0.05	0.1	NA	NA	NA	5	1	0.566260383078538	6	1	0.433739616921462	0.0575509138232417	0.0596434799948976	0.450477761253209	0.675962561063309	7	1	6	5	1	1	NA	NA	NA	7	1	6
8	54553418	54599103	7	6	1	2	d	2	3.5	0.46	0.05	0.1	NA	NA	NA	5	1	0.566260383078538	6	1	0.433739616921462	0.0575509138232417	0.0596434799948976	0.450477761253209	0.675962561063309	7	1	6	5	1	1	NA	NA	NA	7	1	6
8	54599104	57004589	6	5	1	2	d	3	3.12	0.5	0.05	0.1	NA	NA	NA	5	1	1	NA	NA	NA	NA	NA	NA	NA	7	1	6	5	1	1	NA	NA	NA	6	1	5
8	57004590	60664732	7	6	1	2	d	3	3.54	0.46	0.05	0.1	NA	NA	NA	6	1	1	NA	NA	NA	NA	NA	NA	NA	8	1	7	6	1	1	NA	NA	NA	7	1	6
8	60664733	60666664	7	6	1	2	d	2	NA	NA	NA	NA	NA	NA	NA	6	1	1	NA	NA	NA	NA	NA	NA	NA	NA	NA	NA	6	1	1	NA	NA	NA	8	1	7
8	60666665	62374514	8	7	1	1	g	NA	3.44	0.4	0.05	0.1	NA	NA	NA	6	1	1	NA	NA	NA	NA	NA	NA	NA	8	1	7	6	1	1	NA	NA	NA	8	1	7
8	62374515	65543607	8	7	1	1	g	NA	3.44	0.4	0.05	0.1	NA	NA	NA	6	1	1	NA	NA	NA	NA	NA	NA	NA	8	1	7	6	1	1	NA	NA	NA	8	1	7
8	65543608	65547073	7	6	1	2	d	2	3.44	0.4	0.05	0.1	NA	NA	NA	6	1	1	NA	NA	NA	NA	NA	NA	NA	NA	NA	NA	6	1	1	NA	NA	NA	8	1	7
8	65547074	65548385	8	7	1	1	g	NA	3.44	0.4	0.05	0.1	NA	NA	NA	6	1	1	NA	NA	NA	NA	NA	NA	NA	1	0	1	6	1	1	NA	NA	NA	8	1	7
8	65548386	65548592	7	6	1	2	d	2	3.44	0.4	0.05	0.1	NA	NA	NA	6	1	1	NA	NA	NA	NA	NA	NA	NA	NA	NA	NA	6	1	1	NA	NA	NA	8	1	7
8	65548593	66988501	8	7	1	1	g	NA	3.44	0.4	0.05	0.1	NA	NA	NA	6	1	1	NA	NA	NA	NA	NA	NA	NA	8	1	7	6	1	1	NA	NA	NA	8	1	7
8	66988502	68832235	8	7	1	1	g	NA	3.44	0.4	0.05	0.1	NA	NA	NA	6	1	1	NA	NA	NA	NA	NA	NA	NA	8	1	7	6	1	1	NA	NA	NA	8	1	7
8	68832236	68852305	7	6	1	2	d	2	3.44	0.4	0.05	0.1	NA	NA	NA	6	1	1	NA	NA	NA	NA	NA	NA	NA	NA	NA	NA	6	1	1	NA	NA	NA	8	1	7
8	68852306	68852907	7	6	1	2	d	2	3.44	0.4	0.05	0.1	NA	NA	NA	6	1	1	NA	NA	NA	NA	NA	NA	NA	NA	NA	NA	6	1	1	NA	NA	NA	8	1	7
8	68852908	75587508	8	7	1	1	g	NA	3.44	0.4	0.05	0.1	NA	NA	NA	6	1	1	NA	NA	NA	NA	NA	NA	NA	8	1	7	6	1	1	NA	NA	NA	8	1	7
8	75587509	76295247	8	7	1	1	g	NA	3.44	0.4	0.05	0.1	NA	NA	NA	6	1	1	NA	NA	NA	NA	NA	NA	NA	8	1	7	6	1	1	NA	NA	NA	8	1	7
8	76295248	76390805	8	7	1	1	g	NA	3.26	0.46	0.05	0.1	NA	NA	NA	6	1	1	NA	NA	NA	NA	NA	NA	NA	8	1	7	6	1	1	NA	NA	NA	8	1	7
8	76390806	90202394	8	7	1	1	g	NA	3.26	0.36	0.05	0.1	NA	NA	NA	6	1	1	NA	NA	NA	NA	NA	NA	NA	8	1	7	6	1	1	NA	NA	NA	8	1	7
8	90202395	90528468	7	6	1	2	d	3	3.26	0.36	0.05	0.1	NA	NA	NA	6	1	1	NA	NA	NA	NA	NA	NA	NA	8	1	7	6	1	1	NA	NA	NA	7	1	6
8	90528469	94176090	8	7	1	1	g	NA	3.26	0.36	0.05	0.1	NA	NA	NA	6	1	1	NA	NA	NA	NA	NA	NA	NA	8	1	7	6	1	1	NA	NA	NA	8	1	7
8	94176091	97642398	8	7	1	1	g	NA	3.26	0.36	0.05	0.1	NA	NA	NA	6	1	1	NA	NA	NA	NA	NA	NA	NA	8	1	7	6	1	1	NA	NA	NA	8	1	7
8	97642399	97724692	7	6	1	2	d	2	3.26	0.36	0.05	0.1	NA	NA	NA	6	1	1	NA	NA	NA	NA	NA	NA	NA	NA	NA	NA	6	1	1	NA	NA	NA	7	0	7
8	97724693	102851128	8	7	1	1	g	NA	3.26	0.36	0.05	0.1	NA	NA	NA	6	1	1	NA	NA	NA	NA	NA	NA	NA	8	1	7	6	1	1	NA	NA	NA	8	1	7
8	102851129	103906706	8	7	1	2	d	4	3.5	0.36	0.05	0.1	NA	NA	NA	7	1	1	NA	NA	NA	NA	NA	NA	NA	8	1	7	7	1	1	NA	NA	NA	8	1	7
8	103906707	104915876	8	7	1	1	g	NA	3.26	0.36	0.05	0.1	NA	NA	NA	6	1	1	NA	NA	NA	NA	NA	NA	NA	8	1	7	6	1	1	NA	NA	NA	8	1	7
8	104915877	105177293	8	7	1	1	g	NA	3.26	0.36	0.05	0.1	NA	NA	NA	6	1	1	NA	NA	NA	NA	NA	NA	NA	8	1	7	6	1	1	NA	NA	NA	8	1	7
8	105177294	106855522	8	7	1	1	g	NA	3.26	0.36	0.05	0.1	NA	NA	NA	6	1	1	NA	NA	NA	NA	NA	NA	NA	8	1	7	6	1	1	NA	NA	NA	8	1	7
8	106855523	107498015	8	7	1	2	d	4	3.44	0.36	0.05	0.1	NA	NA	NA	7	1	1	NA	NA	NA	NA	NA	NA	NA	8	1	7	7	1	1	NA	NA	NA	8	1	7
8	107498016	108973282	8	7	1	1	g	NA	3.44	0.36	0.05	0.1	NA	NA	NA	6	1	1	NA	NA	NA	NA	NA	NA	NA	8	1	7	6	1	1	NA	NA	NA	8	1	7
8	108973283	110178302	8	7	1	2	d	3	3.44	0.36	0.05	0.1	NA	NA	NA	7	1	1	NA	NA	NA	NA	NA	NA	NA	8	1	7	6	1	1	NA	NA	NA	8	1	7
8	110178303	112122026	8	7	1	2	d	4	3.44	0.36	0.05	0.1	NA	NA	NA	7	1	1	NA	NA	NA	NA	NA	NA	NA	8	1	7	7	1	1	NA	NA	NA	8	1	7
8	112122027	113576748	8	7	1	1	g	NA	3.2	0.36	0.05	0.1	NA	NA	NA	6	1	1	NA	NA	NA	NA	NA	NA	NA	8	1	7	6	1	1	NA	NA	NA	8	1	7
8	113576749	114220036	8	7	1	2	d	4	3.36	0.36	0.05	0.1	NA	NA	NA	7	1	1	NA	NA	NA	NA	NA	NA	NA	8	1	7	7	1	1	NA	NA	NA	8	1	7
8	114220037	123599890	8	7	1	1	g	NA	3.36	0.36	0.05	0.1	NA	NA	NA	6	1	1	NA	NA	NA	NA	NA	NA	NA	8	1	7	6	1	1	NA	NA	NA	8	1	7
8	123599891	135250566	8	7	1	2	d	3	3.36	0.36	0.05	0.1	NA	NA	NA	7	1	1	NA	NA	NA	NA	NA	NA	NA	8	1	7	6	1	1	NA	NA	NA	8	1	7
8	135250567	136657026	8	7	1	2	d	4	3.36	0.36	0.05	0.1	NA	NA	NA	7	1	1	NA	NA	NA	NA	NA	NA	NA	8	1	7	7	1	1	NA	NA	NA	8	1	7
8	136657027	136877806	8	7	1	2	d	3	3.36	0.36	0.05	0.1	NA	NA	NA	7	0	0.113758553406505	7	1	0.886241446593495	0.0315924498256939	0.0324805386238549	0.0174530299577301	0.141599451907621	8	1	7	7	1	1	NA	NA	NA	8	1	7
8	136877807	140374961	8	7	1	2	d	3	3.36	0.36	0.05	0.1	NA	NA	NA	7	1	1	NA	NA	NA	NA	NA	NA	NA	8	1	7	6	1	1	NA	NA	NA	8	1	7
8	140374962	142532659	7	6	1	2	d	3	3.36	0.46	0.05	0.1	NA	NA	NA	6	1	1	NA	NA	NA	NA	NA	NA	NA	7	1	6	6	1	1	NA	NA	NA	6	0	6
8	142532660	143197133	8	7	1	1	g	1	3.79	0.36	0.05	0.1	NA	NA	NA	7	1	1	NA	NA	NA	NA	NA	NA	NA	1	0	1	6	1	1	NA	NA	NA	6	0	6
8	143197134	143349837	4	3	1	2	f	1	3.79	0.36	0.05	0.1	NA	NA	NA	7	1	1	NA	NA	NA	NA	NA	NA	NA	1	0	1	6	1	1	NA	NA	NA	6	0	6
8	143349838	144640203	8	7	1	1	g	1	3.79	0.5	0.05	0.1	NA	NA	NA	7	1	1	NA	NA	NA	NA	NA	NA	NA	1	0	1	6	1	1	NA	NA	NA	6	0	6
8	144640204	144686187	6	6	0	1	g	NA	3.79	0.5	0.05	0.1	NA	NA	NA	NA	NA	NA	NA	NA	NA	NA	NA	NA	NA	NA	NA	NA	6	1	1	NA	NA	NA	6	0	6
8	144686188	146364021	8	7	1	2	f	2	3.79	0.5	0.05	0.1	NA	NA	NA	7	1	0.816476272586849	7	2	0.183523727413151	0.0261542887731172	0.0267753804259429	0.713611300186727	0.817109185662137	8	1	7	6	1	1	NA	NA	NA	6	0	6
9	47500	153936	1	1	0	2	d	3	1	0.12	0.05	0.1	NA	NA	NA	NA	NA	NA	NA	NA	NA	NA	NA	NA	NA	1	0	1	1	0	1	NA	NA	NA	1	0	1
9	153937	42176090	1	1	0	2	d	2	1	0.12	0.05	0.1	NA	NA	NA	0	0	0.305744153464813	1	0	0.694255846535187	0.00338612745450051	0.00320543188172668	0.346733234260221	0.359668083802065	1	0	1	1	0	0.865788	1	1	0.134212	1	0	1
9	42176091	44241725	2	1	1	2	e	3	1	0.12	0.05	0.1	NA	NA	NA	NA	NA	NA	NA	NA	NA	NA	NA	NA	NA	1	0	1	1	0	0.913898	1	1	0.0861022	2	1	1
9	44241726	47299999	2	1	1	1	g	NA	2	0	0.05	0.1	NA	NA	NA	2	1	1	NA	NA	NA	NA	NA	NA	NA	1	0	1	1	0	0.730258	1	1	0.269742	2	1	1
9	47300000	50699999	2	1	1	2	f	2	2	0	0.05	0.1	NA	NA	NA	NA	NA	NA	NA	NA	NA	NA	NA	NA	NA	NA	NA	NA	1	0	0.730258	1	1	0.269742	2	1	1
9	50700000	70179644	2	1	1	2	d	2	2	0	0.05	0.1	NA	NA	NA	NA	NA	NA	NA	NA	NA	NA	NA	NA	NA	2	1	1	1	0	0.730258	1	1	0.269742	2	1	1
9	70179645	140315015	2	1	1	2	d	4	1	1	0.05	0.1	NA	NA	NA	1	0	0.192446846181083	1	1	0.807553153818917	0.00228381043216937	0.00228468532013979	0.192778165690938	0.201591197241297	2	1	1	1	1	1	NA	NA	NA	2	1	1
10	94426	31313472	3	2	1	2	d	2	1.44	0.74	0.05	0.1	NA	NA	NA	2	1	1	NA	NA	NA	NA	NA	NA	NA	3	1	2	2	1	0.881878	1	1	0.118122	2	1	1
10	31313473	37999999	3	2	1	2	d	2	1.36	0.88	0.05	0.1	NA	NA	NA	1	1	0.35138285176005	2	1	0.64861714823995	0.0113504026324851	0.0110243136079015	0.334924710228648	0.377196956536037	3	1	2	2	1	0.605303	1	1	0.394697	3	1	2
10	38000000	42447265	3	2	1	2	d	2	1.44	1	0.05	0.1	NA	NA	NA	NA	NA	NA	NA	NA	NA	NA	NA	NA	NA	3	1	2	2	1	0.75252	1	1	0.24748	3	1	2
10	42447266	42523856	3	2	1	2	f	3	1.44	1	0.05	0.1	NA	NA	NA	2	1	0.782375974422531	2	2	0.217624025577469	0.0371568737432881	0.0381253938999205	0.674998651255718	0.824560289330257	5	2	3	2	2	0.257661	2	1	0.742339	3	1	2
10	42523857	57763471	2	1	1	2	d	3	1.26	1	0.05	0.1	NA	NA	NA	1	1	0.579022523978874	2	1	0.420977476021126	0.0069339822940459	0.00673210048147793	0.566878821107919	0.592726056800181	2	1	1	1	1	1	NA	NA	NA	2	1	1
10	57763472	57831315	2	1	1	2	d	2	1.36	0.17	0.05	0.1	NA	NA	NA	1	0	0.932542589776766	1	1	0.0674574102232337	0.00287621293075707	0.00286756171188187	0.92681745231923	0.937998970280143	2	0	2	1	1	1	NA	NA	NA	2	1	1
10	57831316	57831684	2	1	1	2	e	3	1.36	0.17	0.05	0.1	NA	NA	NA	1	0	0.932542589776766	1	1	0.0674574102232337	0.00287621293075707	0.00286756171188187	0.92681745231923	0.937998970280143	NA	NA	NA	NA	NA	NA	NA	NA	NA	2	1	1
10	57831685	63363447	2	1	1	2	e	4	1.36	0.17	0.05	0.1	NA	NA	NA	1	0	0.932542589776766	1	1	0.0674574102232337	0.00287621293075707	0.00286756171188187	0.92681745231923	0.937998970280143	2	0	2	1	0	0.906067	1	1	0.0939326	2	1	1
10	63363448	65738511	2	1	1	2	d	3	1.36	1	0.05	0.1	NA	NA	NA	1	1	0.61510630763783	2	1	0.38489369236217	0.0143159018276073	0.013613174436976	0.598456834248124	0.650384469912842	2	1	1	1	1	1	NA	NA	NA	2	1	1
10	65738512	91914978	2	1	1	2	e	3	1.44	0.21	0.05	0.1	NA	NA	NA	1	0	0.942989546287315	1	1	0.0570104537126848	0.00175159646710654	0.00178355028583445	0.925983946751871	0.932860625460587	2	0	2	1	0	0.909087	1	1	0.0909131	1	0	1
10	91914979	92131845	2	1	1	2	d	3	1.2	1.2	0.05	0.1	NA	NA	NA	1	1	0.61510630763783	2	1	0.38489369236217	0.0546022315260767	0.0537373419819647	0.534430439625287	0.746801139187211	2	1	1	1	1	1	NA	NA	NA	2	1	1
10	92131846	92174620	2	1	1	2	d	2	1.36	0.21	0.05	0.1	NA	NA	NA	1	1	1	NA	NA	NA	NA	NA	NA	NA	NA	NA	NA	1	0	0.895652	1	1	0.104348	2	1	1
10	92174621	94159946	2	1	1	2	e	3	1.36	0.21	0.05	0.1	NA	NA	NA	1	0	0.936319361752858	1	1	0.0636806382471419	0.00843207613676145	0.00854934961828655	0.907364441589921	0.94080299795834	2	0	2	1	0	0.895652	1	1	0.104348	1	0	1
10	94159947	98294402	2	1	1	2	d	2	1.44	1	0.05	0.1	NA	NA	NA	1	1	0.61510630763783	2	1	0.38489369236217	0.0117088901472105	0.0116535877126957	0.58789956137009	0.634091358575478	2	1	1	1	1	1	NA	NA	NA	2	0	2
10	98294403	98300645	2	1	1	2	f	2	1.44	1	0.05	0.1	NA	NA	NA	NA	NA	NA	NA	NA	NA	NA	NA	NA	NA	NA	NA	NA	1	1	1	NA	NA	NA	2	0	2
10	98300646	98300782	2	2	0	1	g	NA	NA	NA	NA	NA	NA	NA	NA	NA	NA	NA	NA	NA	NA	NA	NA	NA	NA	NA	NA	NA	NA	NA	NA	NA	NA	NA	2	0	2
10	98300783	120849763	2	2	0	2	d	2	1.44	0.17	0.05	0.1	NA	NA	NA	1	0	0.962234230905425	1	1	0.0377657690945754	0.00215871778284954	0.00220215203316058	0.946366964360891	0.955144640873329	2	0	2	NA	NA	NA	NA	NA	NA	2	0	2
10	120849764	121392965	1	1	0	2	d	3	1.44	0	0.05	0.1	NA	NA	NA	1	0	0.716110568886165	2	0	0.283889431113835	0.0112400323524957	0.0113255544500318	0.69247590184338	0.73767791037594	1	0	1	1	0	1	NA	NA	NA	1	0	1
10	121392966	135399702	1	1	0	2	d	3	1.44	0	0.05	0.1	NA	NA	NA	1	0	0.716110568886165	2	0	0.283889431113835	0.0112400323524957	0.0113255544500318	0.69247590184338	0.73767791037594	1	0	1	1	0	1	NA	NA	NA	1	0	1
11	201400	12753143	2	1	1	2	e	4	1	0.64	0.05	0.1	NA	NA	NA	1	0	0.431080935445629	1	1	0.568919064554371	0.00415403223320471	0.00434125353898468	0.418306445153251	0.434909055869672	2	1	1	1	0	0.412871	1	1	0.587129	1	0	1
11	12753144	12765256	2	1	1	2	d	2	1	0.64	0.05	0.1	NA	NA	NA	1	1	1	NA	NA	NA	NA	NA	NA	NA	2	1	1	1	0	0.412871	1	1	0.587129	1	0	1
11	12765257	43513395	2	1	1	2	d	2	1	0.64	0.05	0.1	NA	NA	NA	1	0	0.420977476021125	1	1	0.579022523978875	0.00258516286312688	0.00273655676552897	0.413408044321224	0.424468571899614	2	1	1	1	0	0.412871	1	1	0.587129	2	1	1
11	43513396	48941669	1	1	0	2	d	2	1	0.64	0.05	0.1	NA	NA	NA	1	0	0.326883821842409	1	1	0.673116178157591	0.00638530364990753	0.00643914888350595	0.314641573828048	0.33967955484283	1	0	1	1	0	0.33044	1	1	0.66956	1	0	1
11	48941670	50727308	2	1	1	2	d	2	0.74	0.74	0.05	0.1	NA	NA	NA	1	0	0.326883821842409	1	1	0.673116178157591	0.00638530364990753	0.00643914888350595	0.314641573828048	0.33967955484283	2	1	1	1	0	0.319397	1	1	0.680603	2	1	1
11	50727309	51215044	2	1	1	2	d	2	0.74	0.74	0.05	0.1	NA	NA	NA	1	0	0.326883821842409	1	1	0.673116178157591	0.00638530364990753	0.00643914888350595	0.314641573828048	0.33967955484283	2	1	1	2	1	0.423568	1	1	0.576432	2	1	1
11	51215045	51593038	2	1	1	2	d	2	0.74	0.74	0.05	0.1	NA	NA	NA	1	0	0.375699976017818	1	1	0.624300023982182	0.0173803765359328	0.0177603243990592	0.34376009503916	0.415040982723207	2	1	1	1	0	0.364445	1	1	0.635555	2	1	1
11	51593039	55699999	2	1	1	2	d	2	1	0.64	0.05	0.1	NA	NA	NA	1	0	0.382177083421082	1	1	0.617822916578918	0.00659469586874309	0.00663285405903344	0.369693619395383	0.395800809345623	2	1	1	1	0	0.364445	1	1	0.635555	2	1	1
11	55700000	60451082	2	1	1	2	d	2	1	0.64	0.05	0.1	NA	NA	NA	1	0	0.382177083421082	1	1	0.617822916578918	0.00659469586874309	0.00663285405903344	0.369693619395383	0.395800809345623	2	1	1	1	0	0.384108	1	1	0.615892	2	1	1
11	60451083	68554953	2	1	1	2	e	4	1	0.64	0.05	0.1	NA	NA	NA	1	0	0.382177083421082	1	1	0.617822916578918	0.00659469586874309	0.00663285405903344	0.369693619395383	0.395800809345623	2	1	1	1	0	0.412871	1	1	0.587129	1	0	1
11	68554954	70415437	3	2	1	2	f	2	2.36	0.5	0.05	0.1	NA	NA	NA	3	0	0.258338559326851	3	1	0.741661440673149	0.0155739203821444	0.0163635130319381	0.22242660828911	0.285109584724044	NA	NA	NA	2	0	0.562235	2	1	0.437765	2	0	2
11	70415438	134452200	2	1	1	2	d	2	1.08	0.46	0.05	0.1	NA	NA	NA	1	0	0.623044883098682	1	1	0.376955116901318	0.00154856931280922	0.0015246019246097	0.620000898092862	0.625959307374146	2	1	1	1	0	0.609157	1	1	0.390843	2	1	1
12	110107	33299999	1	1	0	2	d	4	1.08	0	0.05	0.1	NA	NA	NA	1	0	1	NA	NA	NA	NA	NA	NA	NA	1	0	1	1	0	1	NA	NA	NA	1	0	1
12	33300000	38199999	NA	NA	NA	NA	NA	NA	1.08	0	0.05	0.1	NA	NA	NA	NA	NA	NA	NA	NA	NA	NA	NA	NA	NA	2	0	2	1	0	0.94451	1	1	0.0554903	2	1	1
12	38200000	38433498	2	1	1	2	d	4	1	1	0.05	0.1	NA	NA	NA	1	1	1	NA	NA	NA	NA	NA	NA	NA	3	1	2	1	1	1	NA	NA	NA	2	1	1
12	38433499	40540643	2	1	1	3	b	5	1	1	0.05	0.1	NA	NA	NA	1	1	1	NA	NA	NA	NA	NA	NA	NA	2	1	1	1	1	1	NA	NA	NA	2	1	1
12	40540644	40603966	3	2	1	2	d	3	2	1	0.05	0.1	NA	NA	NA	2	1	1	NA	NA	NA	NA	NA	NA	NA	4	1	3	1	1	1	NA	NA	NA	3	1	2
12	40603967	45633591	2	1	1	3	b	5	1	1	0.05	0.1	NA	NA	NA	1	1	1	NA	NA	NA	NA	NA	NA	NA	2	1	1	1	1	1	NA	NA	NA	2	1	1
12	45633592	45780377	2	1	1	2	d	3	1	1	0.05	0.1	NA	NA	NA	1	0	0.376543324667127	1	1	0.623456675332873	0.0326792868742146	0.0330582616806466	0.290093171126813	0.41789127044909	2	1	1	1	0	0.384108	1	1	0.615892	2	1	1
12	45780378	80063989	2	1	1	3	b	5	1	1	0.05	0.1	NA	NA	NA	1	1	1	NA	NA	NA	NA	NA	NA	NA	2	1	1	1	1	1	NA	NA	NA	2	1	1
12	80063990	80065254	2	1	1	2	d	4	1	1	0.05	0.1	NA	NA	NA	1	1	1	NA	NA	NA	NA	NA	NA	NA	NA	NA	NA	1	1	1	NA	NA	NA	2	1	1
12	80065255	93268214	2	1	1	3	b	5	1	1	0.05	0.1	NA	NA	NA	1	1	1	NA	NA	NA	NA	NA	NA	NA	2	1	1	1	1	1	NA	NA	NA	2	1	1
12	93268215	93427510	3	2	1	2	d	3	1	1	0.05	0.1	NA	NA	NA	2	1	1	NA	NA	NA	NA	NA	NA	NA	3	1	2	1	1	1	NA	NA	NA	3	1	2
12	93427511	99268287	2	1	1	3	b	5	1	1	0.05	0.1	NA	NA	NA	1	1	1	NA	NA	NA	NA	NA	NA	NA	2	1	1	1	1	1	NA	NA	NA	2	1	1
12	99268288	99381872	2	1	1	2	d	4	1	1	0.05	0.1	NA	NA	NA	1	1	1	NA	NA	NA	NA	NA	NA	NA	2	1	1	1	0	0.412871	1	1	0.587129	2	1	1
12	99381873	99391451	2	1	1	2	d	3	1	1	0.05	0.1	NA	NA	NA	1	0	0.529228826997982	1	1	0.470771173002018	NA	0	0.529228826997982	0.529228826997982	NA	NA	NA	1	1	1	NA	NA	NA	2	1	1
12	99391452	99434665	2	1	1	2	d	4	1	1	0.05	0.1	NA	NA	NA	1	1	0.886299616075628	2	1	0.113700383924372	0.0213477396376634	0.021433845276193	0.842490174073811	0.928243918778528	2	1	1	1	1	1	NA	NA	NA	2	1	1
12	99434666	100310836	2	1	1	2	d	4	1	1	0.05	0.1	NA	NA	NA	1	1	0.886299616075628	2	1	0.113700383924372	0.0213477396376634	0.021433845276193	0.842490174073811	0.928243918778528	2	1	1	1	1	1	NA	NA	NA	2	1	1
12	100310837	100333567	2	1	1	2	f	2	1.08	1.08	0.05	0.1	NA	NA	NA	1	0	0.878561689087562	1	1	0.121438310912438	NA	0	0.878561689087562	0.878561689087562	NA	NA	NA	1	1	1	NA	NA	NA	1	0	1
12	100333568	100455238	2	1	1	2	d	3	1.08	1.08	0.05	0.1	NA	NA	NA	1	1	1	NA	NA	NA	NA	NA	NA	NA	NA	NA	NA	1	1	1	NA	NA	NA	2	1	1
12	100455239	100560324	2	1	1	2	d	3	1.08	1.08	0.05	0.1	NA	NA	NA	2	1	1	NA	NA	NA	NA	NA	NA	NA	2	1	1	1	1	1	NA	NA	NA	2	1	1
12	100560325	132389972	2	1	1	2	d	4	1.08	1.08	0.05	0.1	NA	NA	NA	1	1	1	NA	NA	NA	NA	NA	NA	NA	2	1	1	1	1	1	NA	NA	NA	2	1	1
12	132389973	133851894	2	1	1	2	d	4	NA	NA	NA	NA	NA	NA	NA	1	1	1	NA	NA	NA	NA	NA	NA	NA	2	1	1	1	1	1	NA	NA	NA	2	1	1
13	1	16299999	1	1	0	1	g	NA	NA	NA	NA	NA	NA	NA	NA	NA	NA	NA	NA	NA	NA	NA	NA	NA	NA	NA	NA	NA	NA	NA	NA	NA	NA	NA	1	0	1
13	16300000	19499999	1	1	0	2	d	2	1	0	0.05	0.1	NA	NA	NA	1	0	0.363539790309915	2	0	0.636460209690085	NA	0	0.363539790309915	0.363539790309915	NA	NA	NA	NA	NA	NA	NA	NA	NA	1	0	1
13	19500000	64138333	1	1	0	2	d	3	1	0	0.05	0.1	NA	NA	NA	1	0	0.727197614685489	2	0	0.272802385314511	0.00549099389352026	0.00516766811083986	0.751909377942109	0.772948874267931	2	0	2	1	0	1	NA	NA	NA	1	0	1
13	64138334	64378090	3	3	0	2	d	2	2.36	0	0.05	0.1	NA	NA	NA	2	0	0.531534767874908	3	0	0.468465232125092	0.0779235914844645	0.0744374314911506	0.450604048265971	0.740935013544597	3	0	3	3	0	0.150641	2	0	0.849359	3	0	3
13	64378091	64668728	1	1	0	2	d	3	1	0	0.05	0.1	NA	NA	NA	1	0	0.697432182576213	2	0	0.302567817423787	0.0536511763773813	0.0520553378959469	0.653598573591287	0.854954373883152	2	0	2	1	0	1	NA	NA	NA	1	0	1
13	64668729	64706391	1	1	0	2	d	4	1	0	0.05	0.1	NA	NA	NA	1	0	1	NA	NA	NA	NA	NA	NA	NA	NA	NA	NA	1	0	1	NA	NA	NA	1	0	1
13	64706392	90868262	1	1	0	2	d	3	1	0	0.05	0.1	NA	NA	NA	1	0	0.753785782839787	2	0	0.246214217160213	0.00484117659262084	0.00501998492436292	0.743392381796108	0.763408470358728	2	0	2	1	0	1	NA	NA	NA	1	0	1
13	90868263	90868370	1	1	0	2	d	4	1	0	0.05	0.1	NA	NA	NA	1	0	0.753785782839787	2	0	0.246214217160213	0.00484117659262084	0.00501998492436292	0.743392381796108	0.763408470358728	1	0	1	1	0	1	NA	NA	NA	1	0	1
13	90868371	90868471	1	1	0	2	d	3	1	0	0.05	0.1	NA	NA	NA	1	0	0.753785782839787	2	0	0.246214217160213	0.00484117659262084	0.00501998492436292	0.743392381796108	0.763408470358728	NA	NA	NA	1	0	1	NA	NA	NA	1	0	1
13	90868472	114142800	1	1	0	2	d	3	1	0	0.05	0.1	NA	NA	NA	1	0	0.753785782839787	2	0	0.246214217160213	0.00484117659262084	0.00501998492436292	0.743392381796108	0.763408470358728	2	0	2	1	0	1	NA	NA	NA	1	0	1
13	114142801	115169877	1	1	0	2	d	3	NA	NA	NA	NA	NA	NA	NA	1	0	0.495778999173756	2	0	0.504221000826244	0.0588725415275944	0.0552725941742835	0.472277315235607	0.683547123731714	1	0	1	1	0	1	NA	NA	NA	1	0	1
14	1	16099999	2	1	1	1	g	NA	NA	NA	NA	NA	NA	NA	NA	NA	NA	NA	NA	NA	NA	NA	NA	NA	NA	NA	NA	NA	NA	NA	NA	NA	NA	NA	2	1	1
14	16100000	19099999	2	1	1	1	g	NA	NA	NA	NA	NA	NA	NA	NA	NA	NA	NA	NA	NA	NA	NA	NA	NA	NA	NA	NA	NA	2	0	0.440928	2	1	0.559072	2	1	1
14	19100000	43606939	2	1	1	3	b	5	1	1	0.05	0.1	NA	NA	NA	1	1	1	NA	NA	NA	NA	NA	NA	NA	2	1	1	1	1	1	NA	NA	NA	2	1	1
14	43606940	43629385	2	1	1	2	d	4	1	1	0.05	0.1	NA	NA	NA	1	0	0.404138376980278	1	1	0.595861623019722	0.0357353323268568	0.034872045197938	0.343588197622606	0.487571353552544	2	1	1	1	1	1	NA	NA	NA	2	1	1
14	43629386	43630196	2	1	1	2	d	3	NA	NA	NA	NA	NA	NA	NA	1	0	0.0612330874212529	1	1	0.938766912578747	NA	0	0.0612330874212529	0.0612330874212529	2	1	1	1	1	1	NA	NA	NA	2	1	1
14	43630197	43630253	2	1	1	2	d	2	NA	NA	NA	NA	NA	NA	NA	1	0	0.0673563961633806	1	1	0.932643603836619	NA	0	0.0673563961633806	0.0673563961633806	NA	NA	NA	1	1	1	NA	NA	NA	2	1	1
14	43630254	59220384	2	1	1	3	b	5	1	1	0.05	0.1	NA	NA	NA	1	1	1	NA	NA	NA	NA	NA	NA	NA	2	1	1	1	1	1	NA	NA	NA	2	1	1
14	59220385	59220435	2	1	1	2	d	4	1	1	0.05	0.1	NA	NA	NA	1	1	1	NA	NA	NA	NA	NA	NA	NA	1	0	1	1	1	1	NA	NA	NA	2	1	1
14	59220436	59220631	2	1	1	2	d	4	1	1	0.05	0.1	NA	NA	NA	1	1	1	NA	NA	NA	NA	NA	NA	NA	1	0	1	1	1	1	NA	NA	NA	2	1	1
14	59220632	59220686	2	1	1	2	d	4	1	1	0.05	0.1	NA	NA	NA	1	1	1	NA	NA	NA	NA	NA	NA	NA	1	0	1	1	1	1	NA	NA	NA	2	1	1
14	59220687	59220703	2	1	1	2	d	4	1	1	0.05	0.1	NA	NA	NA	1	1	1	NA	NA	NA	NA	NA	NA	NA	1	0	1	1	1	1	NA	NA	NA	2	1	1
14	59220704	59220821	2	1	1	2	d	4	1	1	0.05	0.1	NA	NA	NA	1	1	1	NA	NA	NA	NA	NA	NA	NA	1	0	1	1	1	1	NA	NA	NA	2	1	1
14	59220822	59220972	2	1	1	2	d	4	1	1	0.05	0.1	NA	NA	NA	1	1	1	NA	NA	NA	NA	NA	NA	NA	1	0	1	1	1	1	NA	NA	NA	2	1	1
14	59220973	59221104	2	1	1	2	d	4	1	1	0.05	0.1	NA	NA	NA	1	1	1	NA	NA	NA	NA	NA	NA	NA	NA	NA	NA	1	1	1	NA	NA	NA	2	1	1
14	59221105	106368400	2	1	1	3	b	5	1	1	0.05	0.1	NA	NA	NA	1	1	1	NA	NA	NA	NA	NA	NA	NA	2	1	1	1	1	1	NA	NA	NA	2	1	1
15	1	15799999	2	1	1	1	g	NA	NA	NA	NA	NA	NA	NA	NA	NA	NA	NA	NA	NA	NA	NA	NA	NA	NA	NA	NA	NA	NA	NA	NA	NA	NA	NA	2	1	1
15	15800000	20699999	2	1	1	2	d	2	0.92	0.92	0.05	0.1	NA	NA	NA	1	0	0.0709014696456607	1	1	0.929098530354339	0.0031704763521986	0.00312072235612356	0.0675547964869935	0.0795707703772279	2	1	1	1	0	0.552251	1	1	0.447749	2	1	1
15	20700000	39060278	2	1	1	2	d	3	0.92	0.92	0.05	0.1	NA	NA	NA	1	0	0.0709014696456607	1	1	0.929098530354339	0.0031704763521986	0.00312072235612356	0.0675547964869935	0.0795707703772279	2	1	1	1	1	1	NA	NA	NA	2	1	1
15	39060279	41840279	2	1	1	2	d	3	0.92	0.92	0.05	0.1	NA	NA	NA	1	0	0.0709014696456607	1	1	0.929098530354339	0.0031704763521986	0.00312072235612356	0.0675547964869935	0.0795707703772279	2	1	1	1	1	1	NA	NA	NA	2	1	1
15	41840280	51187797	2	1	1	2	d	4	1	1	0.05	0.1	NA	NA	NA	1	0	0.0709014696456607	1	1	0.929098530354339	0.0031704763521986	0.00312072235612356	0.0675547964869935	0.0795707703772279	2	1	1	1	1	1	NA	NA	NA	2	1	1
15	51187798	51486752	2	1	1	2	d	4	1	1	0.05	0.1	NA	NA	NA	1	0	0.0709014696456607	1	1	0.929098530354339	0.0031704763521986	0.00312072235612356	0.0675547964869935	0.0795707703772279	2	1	1	1	1	1	NA	NA	NA	2	1	1
15	51486753	62787245	2	1	1	2	d	4	1	1	0.05	0.1	NA	NA	NA	1	0	0.0709014696456607	1	1	0.929098530354339	0.0031704763521986	0.00312072235612356	0.0675547964869935	0.0795707703772279	2	1	1	1	1	1	NA	NA	NA	2	1	1
15	62787246	62988827	2	1	1	2	d	3	1	1	0.05	0.1	NA	NA	NA	1	0	0.449042641089198	1	1	0.550957358910802	0.0416893405045281	0.0414041925842021	0.34278371943578	0.508339123379856	2	1	1	1	0	0.37731	1	1	0.62269	2	1	1
15	62988828	100300374	2	1	1	3	b	5	1	1	0.05	0.1	NA	NA	NA	1	1	1	NA	NA	NA	NA	NA	NA	NA	2	1	1	1	1	1	NA	NA	NA	2	1	1
15	100300375	102531391	2	1	1	2	d	4	1	1	0.05	0.1	NA	NA	NA	1	0	0.0538851169307032	1	1	0.946114883069297	0.013306763562362	0.012999102312356	0.0348652761606149	0.0866759295387153	2	1	1	1	1	1	NA	NA	NA	2	1	1
16	61359	2729646	1	1	0	2	d	4	1.44	0	0.05	0.1	NA	NA	NA	1	0	1	NA	NA	NA	NA	NA	NA	NA	1	0	1	1	0	1	NA	NA	NA	1	0	1
16	2729647	5162448	1	1	0	2	e	4	0.74	0	0.05	0.1	NA	NA	NA	0	0	0.363598807342744	1	0	0.636401192657256	0.0245872444346349	0.0242489889395066	0.333862439308619	0.43086280820716	1	0	1	1	0	0.511996	0	0	0.488004	0	0	0
16	5162449	5185565	1	1	0	2	e	3	0.74	0	0.05	0.1	NA	NA	NA	1	1	0.754830484998588	2	1	0.245169515001412	0.046805031064334	0.045648470316057	0.669356664158895	0.84372724902414	1	0	1	1	0	0.304824	1	1	0.695176	0	0	0
16	5185566	5308166	4	3	1	2	e	0	1	1	0.05	0.1	NA	NA	NA	1	1	0.754830484998588	2	1	0.245169515001412	0.046805031064334	0.045648470316057	0.669356664158895	0.84372724902414	1	0	1	1	1	1	NA	NA	NA	1	0	1
16	5308167	5368433	2	1	1	2	d	4	1	1	0.05	0.1	NA	NA	NA	1	1	0.754830484998588	2	1	0.245169515001412	0.046805031064334	0.045648470316057	0.669356664158895	0.84372724902414	2	1	1	1	1	1	NA	NA	NA	2	1	1
16	5368434	5430468	2	1	1	2	d	3	1	1	0.05	0.1	NA	NA	NA	1	1	0.933807602732599	2	1	0.0661923972674007	0.00823202369185444	0.00772846709980216	0.918921354966088	0.94853049826803	2	1	1	1	1	1	NA	NA	NA	1	0	1
16	5430469	8398344	2	1	1	2	d	4	1	1	0.05	0.1	NA	NA	NA	1	1	0.933807602732599	2	1	0.0661923972674007	0.00823202369185444	0.00772846709980216	0.918921354966088	0.94853049826803	2	1	1	1	1	1	NA	NA	NA	2	1	1
16	8398345	8419738	6	5	1	2	d	3	5	1	0.05	0.1	NA	NA	NA	5	1	1	NA	NA	NA	NA	NA	NA	NA	6	1	5	2	1	1	NA	NA	NA	3	1	2
16	8419739	8421014	3	2	1	2	d	2	NA	NA	NA	NA	NA	NA	NA	NA	NA	NA	NA	NA	NA	NA	NA	NA	NA	NA	NA	NA	2	1	1	NA	NA	NA	3	1	2
16	8421015	9591518	3	2	1	2	d	4	2	1	0.05	0.1	NA	NA	NA	1	1	0.166063666548634	2	1	0.833936333451366	0.023906301542939	0.0240845909999978	0.10140188567784	0.19805614890909	3	1	2	2	1	1	NA	NA	NA	3	1	2
16	9591519	11888481	2	1	1	2	d	2	1.44	1	0.05	0.1	NA	NA	NA	1	1	0.461148830692964	2	1	0.538851169307036	0.0165114125863129	0.0169080613766247	0.456449682655377	0.522557475139054	2	1	1	2	1	0.481	1	1	0.519	2	1	1
16	11888482	12323586	2	1	1	2	d	4	1.44	1	0.05	0.1	NA	NA	NA	1	1	1	NA	NA	NA	NA	NA	NA	NA	2	1	1	1	1	1	NA	NA	NA	2	1	1
16	12323587	13446750	2	1	1	2	d	2	1	0.64	0.05	0.1	NA	NA	NA	1	0	0.354507348228315	1	1	0.645492651771685	0.0141789635244437	0.0146441382201983	0.314484635136223	0.371170761859043	2	1	1	1	0	0.356752	1	1	0.643248	2	1	1
16	13446751	14910564	3	2	1	2	d	2	1.5	1	0.05	0.1	NA	NA	NA	1	1	0.49482702877465	2	1	0.50517297122535	0.029395702621913	0.028810957431589	0.464646188212801	0.578242359798851	3	1	2	2	1	0.491867	1	1	0.508133	3	1	2
16	14910565	15544157	3	2	1	2	d	2	1.54	1.54	0.05	0.1	NA	NA	NA	2	2	1	NA	NA	NA	NA	NA	NA	NA	3	1	2	2	2	0.329997	2	1	0.670003	3	1	2
16	15544158	15545511	3	2	1	1	g	NA	1.54	1.54	0.05	0.1	NA	NA	NA	2	1	0.741198291558188	2	2	0.258801708441812	NA	0	0.741198291558188	0.741198291558188	NA	NA	NA	2	2	0.329997	2	1	0.670003	3	1	2
16	15545512	15838183	2	1	1	2	d	2	1.54	1.54	0.05	0.1	NA	NA	NA	1	1	0.410631533570425	2	1	0.589368466429575	0.0691704780853842	0.0667362737037204	0.351634869137705	0.612930386253878	2	1	1	2	1	0.471884	1	1	0.528116	2	1	1
16	15838184	16599043	2	1	1	2	e	3	1.54	1.54	0.05	0.1	NA	NA	NA	2	1	0.130395995737087	2	2	0.869604004262914	0.0525717495717631	0.0519574817953356	0.0849088725006621	0.284191129224846	3	1	2	2	1	0.217091	1	1	0.782909	2	1	1
16	16599044	16877953	3	2	1	2	d	4	1.54	1.54	0.05	0.1	NA	NA	NA	2	1	1	NA	NA	NA	NA	NA	NA	NA	3	1	2	2	1	1	NA	NA	NA	3	1	2
16	16877954	18013787	3	2	1	2	d	2	1.54	1.54	0.05	0.1	NA	NA	NA	2	1	0.426750531503199	2	2	0.573249468496801	0.024278536038523	0.0250946898702858	0.333029551457587	0.430856267734896	3	1	2	2	2	0.792195	2	1	0.207805	3	1	2
16	18013788	19523306	3	2	1	2	d	2	2	0.74	0.05	0.1	NA	NA	NA	2	0	0.280251594509596	2	1	0.719748405490404	0.0165753072938353	0.0166196561732802	0.23145878510179	0.296841081080824	3	1	2	2	0	0.253132	2	1	0.746868	3	1	2
16	19523307	19922740	2	1	1	2	d	4	1	1	0.05	0.1	NA	NA	NA	1	0	0.336781980816897	1	1	0.663218019183103	0.026175793780221	0.0253471315434841	0.308856329727728	0.406576203078572	2	1	1	1	1	1	NA	NA	NA	2	1	1
16	19922741	20199615	2	1	1	2	d	3	1.5	0.56	0.05	0.1	NA	NA	NA	2	0	0.111797437337278	2	1	0.888202562662722	0.0420018356710873	0.0406553363955026	0.015733990218414	0.177752717276149	2	1	1	1	1	1	NA	NA	NA	2	1	1
16	20199616	20208380	3	2	1	2	d	2	NA	NA	NA	NA	NA	NA	NA	2	0	0.325949727106019	2	1	0.674050272893981	0.0219069281519547	0.0216983029522219	0.284832017991901	0.36902028366396	3	1	2	2	0	0.304449	2	1	0.695551	3	1	2
16	20208381	20208695	3	2	1	2	f	3	NA	NA	NA	NA	NA	NA	NA	2	0	0.325949727106019	2	1	0.674050272893981	0.0219069281519547	0.0216983029522219	0.284832017991901	0.36902028366396	NA	NA	NA	2	0	0.304449	2	1	0.695551	3	1	2
16	20208696	20919809	3	2	1	2	d	2	2	0.74	0.05	0.1	NA	NA	NA	2	0	0.325949727106019	2	1	0.674050272893981	0.0219069281519547	0.0216983029522219	0.284832017991901	0.36902028366396	3	1	2	2	0	0.330522	2	1	0.669478	3	1	2
16	20919810	21845133	2	2	0	2	d	3	2	0	0.05	0.1	NA	NA	NA	1	0	0.805349724697202	2	0	0.194650275302798	0.0510240021931682	0.0460477852103999	0.773693961374412	0.95500578755855	2	0	2	2	0	0.724027	2	1	0.275973	2	0	2
16	21845134	24171493	2	2	0	2	d	2	1.64	0	0.05	0.1	NA	NA	NA	1	0	1	NA	NA	NA	NA	NA	NA	NA	2	0	2	2	0	0.724027	2	1	0.275973	2	0	2
16	24171494	30962893	2	2	0	2	d	2	2	0.12	0.05	0.1	NA	NA	NA	2	0	0.825543940319239	2	1	0.174456059680761	0.00478383927662474	0.0049592477603515	0.801408242249182	0.821158296700368	2	0	2	2	0	0.779639	2	1	0.220361	2	0	2
16	30962894	34599999	1	1	0	2	d	2	1.12	0	0.05	0.1	NA	NA	NA	1	0	0.837878262973565	1	1	0.162121737026435	0.0113441644223168	0.011456989253419	0.814772057933219	0.860183909058476	1	0	1	1	0	0.820195	1	1	0.179805	1	0	1
16	34600000	38599999	1	1	0	2	d	2	1.12	0	0.05	0.1	NA	NA	NA	1	0	0.837878262973565	1	1	0.162121737026435	0.0113441644223168	0.011456989253419	0.814772057933219	0.860183909058476	1	0	1	1	0	0.811642	1	1	0.188358	1	0	1
16	38600000	46447499	1	1	0	2	d	2	NA	NA	NA	NA	NA	NA	NA	NA	NA	NA	NA	NA	NA	NA	NA	NA	NA	1	0	1	1	0	0.811642	1	1	0.188358	1	0	1
16	46447500	58138630	1	1	0	2	d	2	1	0.21	0.05	0.1	NA	NA	NA	1	0	0.810100527693075	1	1	0.189899472306925	0.00404596296002779	0.00403461802485299	0.802174585351531	0.817953832796108	1	0	1	1	0	0.799139	1	1	0.200861	1	0	1
16	58138631	58562769	1	1	0	2	d	2	1	0.21	0.05	0.1	NA	NA	NA	1	0	0.810100527693075	1	1	0.189899472306925	0.00404596296002779	0.00403461802485299	0.802174585351531	0.817953832796108	1	0	1	1	0	0.811642	1	1	0.188358	1	0	1
16	58562770	67451048	3	2	1	2	d	2	2	1.08	0.05	0.1	NA	NA	NA	1	1	0.201701971396984	2	1	0.798298028603016	0.0111637443104792	0.0112860542388301	0.189630859525894	0.233308420731076	3	1	2	2	1	0.75252	1	1	0.24748	3	1	2
16	67451049	69138245	2	1	1	2	d	3	1.12	1.12	0.05	0.1	NA	NA	NA	1	1	0.86528720767324	2	1	0.13471279232676	0.0287976587973415	0.028980670791787	0.778588225161837	0.889050979393919	2	1	1	1	1	1	NA	NA	NA	2	1	1
16	69138246	69144771	2	1	1	2	d	2	1.12	1.12	0.05	0.1	NA	NA	NA	NA	NA	NA	NA	NA	NA	NA	NA	NA	NA	NA	NA	NA	1	1	1	NA	NA	NA	2	1	1
16	69144772	70944452	2	1	1	2	d	4	1.12	1.12	0.05	0.1	NA	NA	NA	1	1	1	NA	NA	NA	NA	NA	NA	NA	2	1	1	1	1	1	NA	NA	NA	2	1	1
16	70944453	70944569	2	1	1	2	d	2	NA	NA	NA	NA	NA	NA	NA	NA	NA	NA	NA	NA	NA	NA	NA	NA	NA	1	0	1	1	1	1	NA	NA	NA	2	1	1
16	70944570	71508286	1	1	0	2	d	2	1.2	0	0.05	0.1	NA	NA	NA	1	0	0.769787384724339	1	1	0.230212615275661	0.0169626708291004	0.0158572565402595	0.77395459432451	0.838430193641798	1	0	1	1	0	0.757423	1	1	0.242577	1	0	1
16	71508287	73706573	2	1	1	2	d	3	1.12	1.12	0.05	0.1	NA	NA	NA	1	0	0.0641489487270303	1	1	0.93585105127297	0.0114357960074236	0.0114473476820441	0.0362447996527179	0.0823993201934494	2	1	1	1	1	1	NA	NA	NA	2	1	1
16	73706574	74397499	3	2	1	2	d	4	2.2	1	0.05	0.1	NA	NA	NA	2	1	1	NA	NA	NA	NA	NA	NA	NA	3	1	2	2	1	1	NA	NA	NA	3	1	2
16	74397500	76023306	2	1	1	2	d	4	1.08	1.08	0.05	0.1	NA	NA	NA	1	1	1	NA	NA	NA	NA	NA	NA	NA	2	1	1	1	1	1	NA	NA	NA	2	1	1
16	76023307	78136545	1	1	0	2	d	2	1	0.21	0.05	0.1	NA	NA	NA	1	0	0.819990909815057	1	1	0.180009090184943	0.00484092204575315	0.00488063417623796	0.801237735994195	0.819887090858937	1	0	1	1	0	0.79358	1	1	0.20642	1	0	1
16	78136546	78136727	1	1	0	2	f	2	NA	NA	NA	NA	NA	NA	NA	4	0	1	NA	NA	NA	NA	NA	NA	NA	NA	NA	NA	1	0	0.79358	1	1	0.20642	1	0	1
16	78136728	78360550	2	1	1	2	d	2	1	1	0.05	0.1	NA	NA	NA	1	0	0.367398524527527	1	1	0.632601475472473	0.0235565895785309	0.0231105781826436	0.345005765089	0.435170408957592	2	1	1	1	0	0.33044	1	1	0.66956	1	0	1
16	78360551	80636588	2	1	1	2	d	3	1.08	1.08	0.05	0.1	NA	NA	NA	1	0	0.0641489487270303	1	1	0.93585105127297	0.0099115514724074	0.00966098895776707	0.039032969761549	0.0769721366904183	2	1	1	1	1	1	NA	NA	NA	2	1	1
16	80636589	88827200	1	1	0	2	d	2	1.12	0.21	0.05	0.1	NA	NA	NA	1	0	0.818668802528662	1	1	0.181331197471338	0.00345405968938534	0.00343128562850303	0.811807528464999	0.825319217100488	1	0	1	1	0	0.799139	1	1	0.200861	1	0	1
16	88827201	90354752	1	1	0	2	d	2	NA	NA	NA	NA	NA	NA	NA	1	0	0.818668802528662	1	1	0.181331197471338	0.00345405968938534	0.00343128562850303	0.811807528464999	0.825319217100488	1	0	1	1	0	0.765554	1	1	0.234446	1	0	1
17	20080	22199999	1	1	0	2	d	4	1.2	0	0.05	0.1	NA	NA	NA	1	0	1	NA	NA	NA	NA	NA	NA	NA	1	0	1	1	0	1	NA	NA	NA	1	0	1
17	22200000	25799999	NA	NA	NA	NA	NA	NA	0.92	0.92	0.05	0.1	NA	NA	NA	NA	NA	NA	NA	NA	NA	NA	NA	NA	NA	2	1	1	1	1	1	NA	NA	NA	2	1	1
17	25800000	29248403	2	1	1	2	d	4	0.92	0.92	0.05	0.1	NA	NA	NA	1	1	1	NA	NA	NA	NA	NA	NA	NA	2	1	1	1	1	1	NA	NA	NA	2	1	1
17	29248404	31253488	1	1	0	3	b	5	1	0	0.05	0.1	NA	NA	NA	1	0	1	NA	NA	NA	NA	NA	NA	NA	1	0	1	1	0	1	NA	NA	NA	1	0	1
17	31253489	31255368	1	1	0	2	d	4	NA	NA	NA	NA	NA	NA	NA	1	0	1	NA	NA	NA	NA	NA	NA	NA	1	0	1	1	0	1	NA	NA	NA	1	0	1
17	31255369	31267283	1	1	0	2	d	3	1	1	0.05	0.1	NA	NA	NA	1	0	1	NA	NA	NA	NA	NA	NA	NA	1	0	1	1	1	1	NA	NA	NA	1	0	1
17	31267284	32756651	2	1	1	3	b	5	1	1	0.05	0.1	NA	NA	NA	1	1	1	NA	NA	NA	NA	NA	NA	NA	2	1	1	1	1	1	NA	NA	NA	2	1	1
17	32756652	35035520	1	1	0	3	b	5	1	0	0.05	0.1	NA	NA	NA	1	0	1	NA	NA	NA	NA	NA	NA	NA	1	0	1	1	0	1	NA	NA	NA	1	0	1
17	35035521	35289551	2	1	1	2	d	4	1	1	0.05	0.1	NA	NA	NA	1	1	0.8877393397277	2	1	0.1122606602723	0.0513950184134873	0.0503911963799995	0.778959433649178	0.972736639301421	2	1	1	1	1	1	NA	NA	NA	2	1	1
17	35289552	36498757	1	1	0	2	d	3	1.08	0	0.05	0.1	NA	NA	NA	1	0	1	NA	NA	NA	NA	NA	NA	NA	1	0	1	1	0	0.9477	1	1	0.0523005	1	0	1
17	36498758	43277651	1	1	0	2	d	4	1.08	0	0.05	0.1	NA	NA	NA	1	0	1	NA	NA	NA	NA	NA	NA	NA	1	0	1	1	0	1	NA	NA	NA	1	0	1
17	43277652	78774600	2	2	0	2	d	4	2.36	0	0.05	0.1	NA	NA	NA	2	0	1	NA	NA	NA	NA	NA	NA	NA	2	0	2	2	0	1	NA	NA	NA	2	0	2
17	78774601	81195209	2	2	0	2	d	3	NA	NA	NA	NA	NA	NA	NA	2	0	0.570104537126847	3	0	0.429895462873153	0.0860396915553648	0.0724054108588337	0.696590222181903	0.975313005720632	2	0	2	2	0	1	NA	NA	NA	2	0	2
18	27500	11152314	1	1	0	2	d	4	1.08	0	0.05	0.1	NA	NA	NA	1	0	1	NA	NA	NA	NA	NA	NA	NA	1	0	1	1	0	1	NA	NA	NA	1	0	1
18	11152315	11195107	2	1	1	2	d	2	1	1	0.05	0.1	NA	NA	NA	1	0	0.499777644382581	1	1	0.500222355617419	0.0550170746277892	0.05080679533993	0.433373425356484	0.63344162617001	2	1	1	1	0	0.525226	1	1	0.474774	1	0	1
18	11195108	11413426	1	1	0	2	d	4	1.12	0	0.05	0.1	NA	NA	NA	1	0	1	NA	NA	NA	NA	NA	NA	NA	1	0	1	1	0	1	NA	NA	NA	1	0	1
18	11413427	11630000	2	1	1	2	e	4	1.36	1	0.05	0.1	NA	NA	NA	1	1	0.523701356416772	2	1	0.476298643583228	0.0388832038443416	0.0373826778874985	0.46214745169719	0.608887204591366	3	1	2	2	1	0.4023	1	1	0.5977	2	1	1
18	11630001	14264484	1	1	0	3	b	5	1	0	0.05	0.1	NA	NA	NA	1	0	1	NA	NA	NA	NA	NA	NA	NA	1	0	1	1	0	1	NA	NA	NA	1	0	1
18	14264485	15399999	1	1	0	2	d	4	1	0	0.05	0.1	NA	NA	NA	NA	NA	NA	NA	NA	NA	NA	NA	NA	NA	1	0	1	1	0	1	NA	NA	NA	1	0	1
18	15400000	18999999	NA	NA	NA	NA	NA	NA	1	1	0.05	0.1	NA	NA	NA	1	0	0.119170216292246	1	1	0.880829783707754	0.00766416082073953	0.00744562991836896	0.103769958617155	0.133070309608531	2	1	1	1	1	1	NA	NA	NA	2	1	1
18	19000000	24348856	2	1	1	2	d	4	1	1	0.05	0.1	NA	NA	NA	1	0	0.119170216292246	1	1	0.880829783707754	0.00766416082073953	0.00744562991836896	0.103769958617155	0.133070309608531	2	1	1	1	1	1	NA	NA	NA	2	1	1
18	24348857	27535728	3	2	1	2	d	2	1.79	1	0.05	0.1	NA	NA	NA	1	1	0.281531774257282	2	1	0.718468225742718	0.0128365290706352	0.0129198316194482	0.269347632913912	0.320465006673059	3	1	2	2	1	0.655512	1	1	0.344488	3	1	2
18	27535729	37903869	2	1	1	2	d	4	1	1	0.05	0.1	NA	NA	NA	1	0	0.122466174842509	1	1	0.877533825157491	0.00596412479370921	0.00572470261718535	0.109561273329901	0.13187989494837	2	1	1	1	1	1	NA	NA	NA	2	1	1
18	37903870	41068167	3	2	1	2	d	2	1.79	1	0.05	0.1	NA	NA	NA	1	1	0.242240543161974	2	1	0.757759456838026	0.0153296801549613	0.015340925036465	0.247483697663258	0.306835741958804	3	1	2	2	1	0.702387	1	1	0.297613	3	1	2
18	41068168	76067000	2	1	1	2	d	4	1	1	0.05	0.1	NA	NA	NA	1	0	0.122466174842509	1	1	0.877533825157491	0.00289634158851224	0.002879840475312	0.117866498740403	0.128984672483997	2	1	1	1	1	1	NA	NA	NA	2	1	1
18	76067001	78077247	2	1	1	2	d	4	1	1	0.05	0.1	NA	NA	NA	1	0	0.168390990408448	1	1	0.831609009591552	0.013878008243032	0.0140363899733099	0.126456067404174	0.182689773479869	2	1	1	1	1	1	NA	NA	NA	2	1	1
19	102500	265787	1	1	0	2	d	3	NA	NA	NA	NA	NA	NA	NA	NA	NA	NA	NA	NA	NA	NA	NA	NA	NA	1	0	1	1	0	1	NA	NA	NA	1	0	1
19	265788	18121481	1	1	0	2	d	4	1.2	0	0.05	0.1	NA	NA	NA	1	0	1	NA	NA	NA	NA	NA	NA	NA	1	0	1	1	0	1	NA	NA	NA	1	0	1
19	18121482	18140344	6	6	0	1	g	NA	NA	NA	NA	NA	NA	NA	NA	8	1	1	NA	NA	NA	NA	NA	NA	NA	8	1	7	8	1	1	NA	NA	NA	6	0	6
19	18140345	19029374	6	6	0	1	g	NA	15	1	0.05	0.1	NA	NA	NA	8	1	1	NA	NA	NA	NA	NA	NA	NA	7	1	6	8	1	1	NA	NA	NA	6	0	6
19	19029375	19030481	6	6	0	1	g	NA	NA	NA	NA	NA	NA	NA	NA	NA	NA	NA	NA	NA	NA	NA	NA	NA	NA	NA	NA	NA	8	1	1	NA	NA	NA	6	0	6
19	19030482	19181459	12	12	0	1	g	NA	27	1	0.05	0.1	NA	NA	NA	15	1	1	NA	NA	NA	NA	NA	NA	NA	8	1	7	13	1	1	NA	NA	NA	12	0	12
19	19181460	19457767	12	12	0	1	g	NA	27	1	0.05	0.1	NA	NA	NA	14	1	1	NA	NA	NA	NA	NA	NA	NA	8	0	8	13	1	1	NA	NA	NA	12	0	12
19	19457768	19485358	12	12	0	1	g	NA	27	1	0.05	0.1	NA	NA	NA	NA	NA	NA	NA	NA	NA	NA	NA	NA	NA	7	3	4	8	1	1	NA	NA	NA	12	0	12
19	19485359	19534708	10	10	0	1	g	NA	27	1	0.05	0.1	NA	NA	NA	13	1	1	NA	NA	NA	NA	NA	NA	NA	7	3	4	8	1	1	NA	NA	NA	10	0	10
19	19534709	19542751	10	10	0	1	g	NA	16	1	0.05	0.1	NA	NA	NA	NA	NA	NA	NA	NA	NA	NA	NA	NA	NA	NA	NA	NA	8	1	1	NA	NA	NA	10	0	10
19	19542752	19544516	10	10	0	1	g	NA	16	1	0.05	0.1	NA	NA	NA	NA	NA	NA	NA	NA	NA	NA	NA	NA	NA	NA	NA	NA	8	1	1	NA	NA	NA	10	0	10
19	19544517	19818375	6	6	0	1	g	NA	16	1	0.05	0.1	NA	NA	NA	8	1	1	NA	NA	NA	NA	NA	NA	NA	8	1	7	8	1	1	NA	NA	NA	6	0	6
19	19818376	19819212	11	11	0	1	g	NA	24	1	0.05	0.1	NA	NA	NA	NA	NA	NA	NA	NA	NA	NA	NA	NA	NA	NA	NA	NA	8	1	1	NA	NA	NA	11	0	11
19	19819213	19850314	11	11	0	1	g	NA	24	1	0.05	0.1	NA	NA	NA	13	1	1	NA	NA	NA	NA	NA	NA	NA	8	0	8	11	1	1	NA	NA	NA	11	0	11
19	19850315	19879616	6	6	0	1	g	NA	18	1	0.05	0.1	NA	NA	NA	11	1	1	NA	NA	NA	NA	NA	NA	NA	NA	NA	NA	10	1	1	NA	NA	NA	6	0	6
19	19879617	20600618	3	2	1	2	d	3	2.36	1.08	0.05	0.1	NA	NA	NA	2	1	0.845567324933248	3	1	0.154432675066752	0.0149996501036276	0.0147706313917549	0.81466361371311	0.874956501819167	3	1	2	2	1	1	NA	NA	NA	3	1	2
19	20600619	24399999	3	2	1	2	d	3	2.36	1.08	0.05	0.1	NA	NA	NA	2	1	0.845567324933248	3	1	0.154432675066752	0.0149996501036276	0.0147706313917549	0.81466361371311	0.874956501819167	3	1	2	2	1	1	NA	NA	NA	3	1	2
19	24400000	28599999	NA	NA	NA	NA	NA	NA	0.92	0.92	0.05	0.1	NA	NA	NA	NA	NA	NA	NA	NA	NA	NA	NA	NA	NA	3	1	2	2	1	0.164283	1	1	0.835717	2	1	1
19	28600000	43209995	2	1	1	2	d	3	0.92	0.92	0.05	0.1	NA	NA	NA	1	0	0.134674362821162	1	1	0.865325637178838	0.00619467764820195	0.00619034562854248	0.122033647724067	0.14733137078519	2	1	1	1	1	1	NA	NA	NA	2	1	1
19	43209996	59128982	2	1	1	2	d	3	0.92	0.92	0.05	0.1	NA	NA	NA	1	0	0.149680880363064	1	1	0.850319119636936	0.00540650947410638	0.00538113257168907	0.140712685919397	0.161467325247164	2	1	1	1	1	1	NA	NA	NA	2	1	1
20	17500	14792651	2	1	1	2	d	2	1.2	0.92	0.05	0.1	NA	NA	NA	NA	NA	NA	NA	NA	NA	NA	NA	NA	NA	3	1	2	1	1	1	NA	NA	NA	2	1	1
20	14792652	14921737	2	1	1	2	d	2	1	0.74	0.05	0.1	NA	NA	NA	NA	NA	NA	NA	NA	NA	NA	NA	NA	NA	2	1	1	2	1	0.421264	1	1	0.578736	2	1	1
20	14921738	14939220	2	1	1	2	e	3	1	0.74	0.05	0.1	NA	NA	NA	NA	NA	NA	NA	NA	NA	NA	NA	NA	NA	NA	NA	NA	1	0	0.370332	1	1	0.629668	2	1	1
20	14939221	15057467	2	1	1	2	d	2	1.2	0.88	0.05	0.1	NA	NA	NA	NA	NA	NA	NA	NA	NA	NA	NA	NA	NA	2	1	1	1	0	0.370332	1	1	0.629668	2	1	1
20	15057468	25599999	2	1	1	2	d	3	1.2	0.88	0.05	0.1	NA	NA	NA	1	1	0.550957358910805	2	1	0.449042641089195	0.0117314906516081	0.0119870089977231	0.544419204276645	0.59127243464249	2	1	1	1	1	1	NA	NA	NA	2	1	1
20	25600000	29810051	2	1	1	2	d	3	1	1	0.05	0.1	NA	NA	NA	NA	NA	NA	NA	NA	NA	NA	NA	NA	NA	3	1	2	1	1	1	NA	NA	NA	2	1	1
20	29810052	62465049	2	1	1	2	d	3	1	0.74	0.05	0.1	NA	NA	NA	1	1	0.563956235512188	2	1	0.436043764487812	0.00543915274584045	0.00531658294230518	0.553357789921409	0.574574086697643	2	1	1	1	1	1	NA	NA	NA	2	1	1
21	1	9417499	NA	NA	NA	NA	NA	NA	NA	NA	NA	NA	NA	NA	NA	NA	NA	NA	NA	NA	NA	NA	NA	NA	NA	NA	NA	NA	1	0	0.779124	1	1	0.220876	NA	NA	NA
21	9417500	10899999	NA	NA	NA	NA	NA	NA	NA	NA	NA	NA	NA	NA	NA	NA	NA	NA	NA	NA	NA	NA	NA	NA	NA	NA	NA	NA	1	0	0.779124	1	1	0.220876	NA	NA	NA
21	10900000	14447456	1	1	0	1	h	1	NA	NA	NA	NA	NA	NA	NA	NA	NA	NA	NA	NA	NA	NA	NA	NA	NA	NA	NA	NA	1	0	1	NA	NA	NA	NA	NA	NA
21	14447457	46960035	1	1	0	2	f	3	1.08	0	0.05	0.1	NA	NA	NA	1	0	1	NA	NA	NA	NA	NA	NA	NA	NA	NA	NA	1	0	0.949049	1	1	0.0509506	NA	NA	NA
21	46960036	48129894	1	1	0	2	d	2	NA	NA	NA	NA	NA	NA	NA	1	0	1	NA	NA	NA	NA	NA	NA	NA	NA	NA	NA	1	0	1	NA	NA	NA	NA	NA	NA
22	1	12199999	1	1	0	2	d	2	NA	NA	NA	NA	NA	NA	NA	NA	NA	NA	NA	NA	NA	NA	NA	NA	NA	1	0	1	NA	NA	NA	NA	NA	NA	1	0	1
22	12200000	17899999	1	1	0	2	d	2	1.12	0.64	0.05	0.1	NA	NA	NA	1	0	0.514135364916491	1	1	0.485864635083509	0.0141886659810527	0.0142763307408709	0.479293044082832	0.535016911409704	1	0	1	1	0	0.500051	1	1	0.499949	1	0	1
22	17900000	49687500	1	1	0	2	d	2	1.12	0.64	0.05	0.1	NA	NA	NA	1	0	0.489864699370034	1	1	0.510135300629966	0.00336442045253979	0.00348379949028994	0.47834608132104	0.492261456869263	1	0	1	1	0	0.476447	1	1	0.523553	1	0	1
22	49687501	51304565	1	1	0	2	d	2	NA	NA	NA	NA	NA	NA	NA	1	0	0.612330874212543	1	1	0.387669125787457	0.0262822140917482	0.0270854034314841	0.505922507941313	0.611264582713091	1	0	1	1	0	0.483942	1	1	0.516058	1	0	1
X	1	20199559	1	1	0	3	b	2	1	0	0.05	0.1	NA	NA	NA	NA	NA	NA	NA	NA	NA	NA	NA	NA	NA	1	0	1	NA	NA	NA	NA	NA	NA	1	0	1
X	20199560	20245767	1	1	0	3	b	2	1	0	0.05	0.1	NA	NA	NA	NA	NA	NA	NA	NA	NA	NA	NA	NA	NA	1	0	1	NA	NA	NA	NA	NA	NA	1	0	1
X	20245768	39892193	1	1	0	3	b	2	1	0	0.05	0.1	NA	NA	NA	NA	NA	NA	NA	NA	NA	NA	NA	NA	NA	1	0	1	NA	NA	NA	NA	NA	NA	NA	NA	NA
X	39892194	39938480	1	1	0	3	b	2	1	0	0.05	0.1	NA	NA	NA	NA	NA	NA	NA	NA	NA	NA	NA	NA	NA	1	0	1	NA	NA	NA	NA	NA	NA	NA	NA	NA
X	39938481	58099999	1	1	0	3	b	2	1	0	0.05	0.1	NA	NA	NA	NA	NA	NA	NA	NA	NA	NA	NA	NA	NA	1	0	1	NA	NA	NA	NA	NA	NA	1	0	1
X	58100000	62999999	1	1	0	3	b	2	1	0	0.05	0.1	NA	NA	NA	NA	NA	NA	NA	NA	NA	NA	NA	NA	NA	1	0	1	NA	NA	NA	NA	NA	NA	1	0	1
X	63000000	155270559	1	1	0	3	b	2	1	0	0.05	0.1	NA	NA	NA	NA	NA	NA	NA	NA	NA	NA	NA	NA	NA	1	0	1	NA	NA	NA	NA	NA	NA	1	0	1
Y	1	11599999	NA	NA	NA	NA	NA	NA	NA	NA	NA	NA	NA	NA	NA	NA	NA	NA	NA	NA	NA	NA	NA	NA	NA	NA	NA	NA	NA	NA	NA	NA	NA	NA	2	0	2
Y	11600000	13399999	NA	NA	NA	NA	NA	NA	NA	NA	NA	NA	NA	NA	NA	NA	NA	NA	NA	NA	NA	NA	NA	NA	NA	NA	NA	NA	NA	NA	NA	NA	NA	NA	2	0	2
Y	13400000	59373565	NA	NA	NA	NA	NA	NA	NA	NA	NA	NA	NA	NA	NA	NA	NA	NA	NA	NA	NA	NA	NA	NA	NA	NA	NA	NA	NA	NA	NA	NA	NA	NA	2	0	2
