chromosome	start	end	total_cn	major_cn	minor_cn	star	level	methods_agree	absolute_broad_major_cn	absolute_broad_minor_cn	absolute_broad_het_error	absolute_broad_cov_error	aceseq_copy_number	aceseq_minor_cn	aceseq_major_cn	battenberg_nMaj1_A	battenberg_nMin1_A	battenberg_frac1_A	battenberg_nMaj2_A	battenberg_nMin2_A	battenberg_frac2_A	battenberg_SDfrac_A	battenberg_SDfrac_A_BS	battenberg_frac1_A_0.025	battenberg_frac1_A_0.975	clonehd_copy_number	clonehd_minor_cn	clonehd_major_cn	sclust_nMaj1_A	sclust_nMin1_A	sclust_frac1_A	sclust_nMaj2_A	sclust_nMin2_A	sclust_frac2_A	jabba_copy_number	jabba_minor_cn	jabba_major_cn
1	1	8799388	3	2	1	2	d	5	2.08	1	0.0537489046377	0.328833096369	3	1	2	2	1	1	NA	NA	NA	NA	NA	NA	NA	3	1	2	2	1	1	NA	NA	NA	3	1	2
1	8799389	8863518	3	2	1	2	d	3	NA	NA	NA	NA	3	1	2	1	1	1	NA	NA	NA	NA	NA	NA	NA	3	1	2	2	1	1	NA	NA	NA	2	1	1
1	8863519	28873696	3	2	1	2	d	5	2.17	1	0.0561976868136	0.253191781016	3	1	2	2	1	1	NA	NA	NA	NA	NA	NA	NA	3	1	2	2	1	1	NA	NA	NA	3	1	2
1	28873697	29254134	4	2	2	2	d	5	2.36	2.3	0.05	0.309828691381	4	2	2	2	2	1	NA	NA	NA	NA	NA	NA	NA	4	2	2	2	2	1	NA	NA	NA	4	2	2
1	29254135	36364147	3	2	1	2	d	5	2.17	1	0.0565100404491	0.216332341806	3	1	2	2	1	1	NA	NA	NA	NA	NA	NA	NA	3	1	2	2	1	1	NA	NA	NA	3	1	2
1	36364148	36691341	4	2	2	2	d	5	2.22	2.17	0.0313242125679	0.234791339936	4	2	2	2	2	1	NA	NA	NA	NA	NA	NA	NA	4	2	2	2	2	1	NA	NA	NA	4	2	2
1	36691342	78402949	3	2	1	2	d	4	2.08	1	0.0551050438498	0.215912447522	3.101888	1.07079464612	2.0310931	2	1	1	NA	NA	NA	NA	NA	NA	NA	3	1	2	2	1	1	NA	NA	NA	3	1	2
1	78402950	78433120	3	2	1	2	d	4	2	1	0.05	0.1	3.101888	1.07079464612	2.0310931	2	1	0.8612791218638	2	2	0.1387208781362	NA	0	0.8612791218638	0.8612791218638	3	1	2	2	1	1	NA	NA	NA	3	1	2
1	78433121	88875840	3	2	1	2	d	5	2	1	0.0559213436816	0.19864989693	3.1326	1.07793984909	2.0546603	2	1	1	NA	NA	NA	NA	NA	NA	NA	3	1	2	2	1	1	NA	NA	NA	3	1	2
1	88875841	89245812	4	3	1	2	d	5	3	1	0.0489444981825	0.207522830256	4.153538	1.04926690111	3.1042711	3	1	1	NA	NA	NA	NA	NA	NA	NA	4	1	3	3	1	1	NA	NA	NA	4	1	3
1	89245813	119526494	3	2	1	2	d	5	2	1	0.0564609210799	0.205391762626	3.142203	1.07198344697	2.0702195	2	1	1	NA	NA	NA	NA	NA	NA	NA	3	1	2	2	1	1	NA	NA	NA	3	1	2
1	119526495	119545783	4	3	1	2	d	4	3	1	0.05	0.1	3.142203	1.07198344697	2.0702195	3	1	1	NA	NA	NA	NA	NA	NA	NA	4	1	3	2	2	1	NA	NA	NA	4	1	3
1	119545784	121352500	3	2	1	2	d	4	2	1	0.0530942275666	0.462466589648	3.137481	1.06087819873	2.0766023	2	1	1	NA	NA	NA	NA	NA	NA	NA	3	1	2	2	2	1	NA	NA	NA	3	1	2
1	121352501	128899999	NA	NA	NA	NA	NA	NA	1.71	1.71	0.05	1.54053165395	3.137481	1.06087819873	2.0766023	NA	NA	NA	NA	NA	NA	NA	NA	NA	NA	NA	NA	NA	2	2	1	NA	NA	NA	3	1	2
1	128900000	152783799	4	2	2	2	d	4	1.71	1.71	0.0333507611189	0.53585195263	4	2	2	2	2	1	NA	NA	NA	NA	NA	NA	NA	4	2	2	2	2	1	NA	NA	NA	3	1	2
1	152783800	152921136	3	2	1	2	d	5	2	1	0.05	0.164941583681	3.192738	1.05017765413	2.1425603	2	1	1	NA	NA	NA	NA	NA	NA	NA	3	1	2	2	1	1	NA	NA	NA	3	1	2
1	152921137	195798011	4	2	2	2	d	4	1.78	1.78	0.0325097862748	0.242704457088	4.147548	2.07377396111	2.073774	2	2	1	NA	NA	NA	NA	NA	NA	NA	4	2	2	2	2	1	NA	NA	NA	4	2	2
1	195798012	195814266	3	2	1	2	d	2	1.78	1.78	0.05	0.1	4.147548	2.07377396111	2.073774	2	1	1	NA	NA	NA	NA	NA	NA	NA	3	1	2	2	2	0.182749	2	1	0.817251	4	2	2
1	195814267	203368600	4	2	2	2	d	4	1.78	1.78	0.0299109642173	0.253706492899	4.139505	2.06975241833	2.0697524	2	2	1	NA	NA	NA	NA	NA	NA	NA	4	2	2	2	2	1	NA	NA	NA	4	2	2
1	203368601	203542753	5	3	2	2	d	4	2	2	0.0450964287458	0.32277802895	5	2	3	2	2	0.176606197649825	3	2	0.823393802350175	0.0710958425035736	0.0635519170799908	0.256083565292543	0.497132891834636	5	2	3	3	2	1	NA	NA	NA	5	2	3
1	203542754	214264231	4	2	2	2	d	4	1.78	1.78	0.0300062012142	0.237394107462	4.139692	2.06984596167	2.069846	2	2	1	NA	NA	NA	NA	NA	NA	NA	4	2	2	2	2	1	NA	NA	NA	4	2	2
1	214264232	214904643	5	3	2	2	d	3	2.58	1.64	0.0452392578983	0.262117539238	5.197397	2.06494808047	3.1324488	3	2	0.886384001303354	3	3	0.113615998696646	0.0380055499908398	0.0428976700836115	0.558657048630808	0.72826282446852	5	2	3	3	2	1	NA	NA	NA	5	2	3
1	214904644	233240990	4	2	2	2	d	4	1.83	1.83	0.0315848950201	0.245439218793	4.110138	2.05506890489	2.0550689	2	2	1	NA	NA	NA	NA	NA	NA	NA	4	2	2	2	2	1	NA	NA	NA	4	2	2
1	233240991	233461411	3	2	1	2	d	5	2	1	0.0435096468899	0.199106080568	3.165568	1.06472495188	2.1008435	2	1	1	NA	NA	NA	NA	NA	NA	NA	3	1	2	2	1	1	NA	NA	NA	3	1	2
1	233461412	242815528	4	2	2	2	d	4	1.83	1.83	0.0344251112802	0.228452682121	4.124879	2.062439299	2.0624393	2	2	1	NA	NA	NA	NA	NA	NA	NA	4	2	2	2	2	1	NA	NA	NA	4	2	2
1	242815529	242817308	3	2	1	2	d	2	1.83	1.83	0.05	0.1	4.124879	2.062439299	2.0624393	2	1	0.867302052785926	2	2	0.132697947214074	NA	0	0.867302052785926	0.867302052785926	3	1	2	2	2	1	NA	NA	NA	3	1	2
1	242817309	246842525	4	2	2	2	d	4	1.83	1.83	0.0357848248049	0.249655861074	4.135724	2.06786218656	2.0678622	2	2	1	NA	NA	NA	NA	NA	NA	NA	4	2	2	2	2	1	NA	NA	NA	4	2	2
1	246842526	247051699	3	2	1	2	d	4	1.71	1	0.0469120847853	0.168420280958	3.15254	1.05339004646	2.0991496	2	1	1	NA	NA	NA	NA	NA	NA	NA	3	1	2	2	1	1	NA	NA	NA	3	1	2
1	247051700	247249600	4	2	2	2	d	5	1.65	1.64	0.05	0.175150075728	4	2	2	2	2	1	NA	NA	NA	NA	NA	NA	NA	4	2	2	2	2	1	NA	NA	NA	4	2	2
1	247249601	249250620	4	2	2	2	d	4	NA	NA	NA	NA	4.158666	2.079333225	2.0793332	2	2	1	NA	NA	NA	NA	NA	NA	NA	4	2	2	2	2	1	NA	NA	NA	4	2	2
2	20016	13982294	4	2	2	2	d	5	1.92	1.92	0.0321316289621	0.263852891725	4	2	2	2	2	1	NA	NA	NA	NA	NA	NA	NA	4	2	2	2	2	1	NA	NA	NA	4	2	2
2	13982295	14238597	3	2	1	2	d	5	2	1	0.062541145127	0.180342286498	3.142564	1.06874909798	2.0738152	2	1	1	NA	NA	NA	NA	NA	NA	NA	3	1	2	2	1	1	NA	NA	NA	3	1	2
2	14238598	14242967	3	2	1	2	d	4	1.92	1.92	0.05	0.1	3.142564	1.06874909798	2.0738152	2	1	1	NA	NA	NA	NA	NA	NA	NA	3	1	2	2	1	1	NA	NA	NA	3	1	2
2	14242968	90499999	4	2	2	2	d	4	1.92	1.92	0.0338225029777	0.294807985823	4.113915	2.05695733144	2.0569573	2	2	1	NA	NA	NA	NA	NA	NA	NA	4	2	2	2	2	1	NA	NA	NA	4	2	2
2	90500000	96799999	4	2	2	3	b	5	2	2	0.05	0.40483035173	4	2	2	NA	NA	NA	NA	NA	NA	NA	NA	NA	NA	4	2	2	2	2	1	NA	NA	NA	4	2	2
2	96800000	203013143	4	2	2	2	d	4	1.83	1.83	0.0324661091778	0.289966768603	4.115209	2.05760442156	2.0576044	2	2	1	NA	NA	NA	NA	NA	NA	NA	4	2	2	2	2	1	NA	NA	NA	4	2	2
2	203013144	203148444	3	2	1	2	d	5	1.71	1	0.05	0.141758739354	3	1	2	2	1	1	NA	NA	NA	NA	NA	NA	NA	3	1	2	2	1	1	NA	NA	NA	3	1	2
2	203148445	204992507	4	2	2	2	d	5	1.71	1.71	0.025895518922	0.221755977485	4	2	2	2	2	1	NA	NA	NA	NA	NA	NA	NA	4	2	2	2	2	1	NA	NA	NA	4	2	2
2	204992508	204994270	4	2	2	2	e	3	1.71	1.71	0.05	0.1	4	2	2	3	1	1	NA	NA	NA	NA	NA	NA	NA	3	1	2	2	2	1	NA	NA	NA	3	1	2
2	204994271	236409058	4	2	2	2	d	4	1.71	1.71	0.0337598402931	0.238292297649	4.109106	2.05455310367	2.0545531	2	2	1	NA	NA	NA	NA	NA	NA	NA	4	2	2	2	2	1	NA	NA	NA	4	2	2
2	236409059	242985493	3	2	1	2	d	5	1.83	0.92	0.053824160585	0.21953227942	3	1	2	2	1	1	NA	NA	NA	NA	NA	NA	NA	3	1	2	2	1	1	NA	NA	NA	3	1	2
3	62908	11530098	3	2	1	2	d	5	2	1	0.0572069240763	0.232384491169	3.113333	1.0608406636	2.0524922	2	1	1	NA	NA	NA	NA	NA	NA	NA	3	1	2	2	1	1	NA	NA	NA	3	1	2
3	11530099	11536200	3	2	1	2	f	3	2	1	0.05	0.1	3.113333	1.0608406636	2.0524922	1	0	1	NA	NA	NA	NA	NA	NA	NA	NA	NA	NA	2	1	1	NA	NA	NA	2	0	2
3	11536201	15109934	3	2	1	3	a	6	2	1	0.0539527224314	0.214323370397	3	1	2	2	1	1	NA	NA	NA	NA	NA	NA	NA	3	1	2	2	1	1	NA	NA	NA	3	1	2
3	15109935	15413447	4	2	2	3	a	6	2	2	0.0210978391116	0.243815947191	4	2	2	2	2	1	NA	NA	NA	NA	NA	NA	NA	4	2	2	2	2	1	NA	NA	NA	4	2	2
3	15413448	48242102	3	2	1	2	d	5	2	1	0.0567433076439	0.207486157827	3.109196	1.04764302392	2.0615529	2	1	1	NA	NA	NA	NA	NA	NA	NA	3	1	2	2	1	1	NA	NA	NA	3	1	2
3	48242103	87899999	2	1	1	3	a	6	1	1	0.0430710461832	0.16247137965	2	1	1	1	1	1	NA	NA	NA	NA	NA	NA	NA	2	1	1	1	1	1	NA	NA	NA	2	1	1
3	87900000	93899999	NA	NA	NA	NA	NA	NA	2	0.71	0.0532249403637	0.279005799671	2.250041	1.12502071356	1.1250207	NA	NA	NA	NA	NA	NA	NA	NA	NA	NA	2	1	1	1	1	1	NA	NA	NA	3	1	2
3	93900000	99646688	3	2	1	2	d	5	2	1	0.0561852632237	0.211382813239	3.172885	1.07322855214	2.0996563	2	1	1	NA	NA	NA	NA	NA	NA	NA	3	1	2	2	1	1	NA	NA	NA	3	1	2
3	99646689	99780826	2	2	0	2	d	3	NA	NA	NA	NA	3.172885	1.07322855214	2.0996563	2	0	0.790282755874153	2	1	0.209717244125847	0.32315723964424	1.00859107042567	-3.57587051283118	0.337323198233163	2	0	2	2	0	1	NA	NA	NA	2	0	2
3	99780827	107312056	3	2	1	2	d	4	1.92	0.92	0.0580645288633	0.193462387924	3.162277	1.08115565981	2.0811213	2	1	1	NA	NA	NA	NA	NA	NA	NA	3	1	2	2	1	1	NA	NA	NA	3	1	2
3	107312057	107323883	3	2	1	2	e	4	1.92	0.92	0.05	0.1	3.162277	1.08115565981	2.0811213	4	0	1	NA	NA	NA	NA	NA	NA	NA	3	1	2	2	1	1	NA	NA	NA	2	0	2
3	107323884	115818170	3	2	1	2	d	4	1.92	0.92	0.0571607650951	0.186865207064	3.159076	1.07530914893	2.0837664	2	1	1	NA	NA	NA	NA	NA	NA	NA	3	1	2	2	1	1	NA	NA	NA	3	1	2
3	115818171	116373043	2	1	1	2	d	5	1	1	0.0435419844301	0.155142675622	2.130702	1.06535122644	1.0653512	1	1	1	NA	NA	NA	NA	NA	NA	NA	2	1	1	1	1	1	NA	NA	NA	2	1	1
3	116373044	116376185	2	1	1	2	f	2	NA	NA	NA	NA	2.130702	1.06535122644	1.0653512	NA	NA	NA	NA	NA	NA	NA	NA	NA	NA	NA	NA	NA	2	0	1	NA	NA	NA	2	1	1
3	116376186	116542957	2	2	0	2	d	4	2.08	0	0.0330239993677	0.201612034039	2.142809	0.03944898142	2.1033603	2	0	1	NA	NA	NA	NA	NA	NA	NA	2	0	2	2	0	1	NA	NA	NA	2	0	2
3	116542958	135884031	3	2	1	2	d	5	2	1	0.0549362884903	0.199491537788	3.12647	1.05891397009	2.0675563	2	1	1	NA	NA	NA	NA	NA	NA	NA	3	1	2	2	1	1	NA	NA	NA	3	1	2
3	135884032	135989131	2	1	1	2	d	5	1	1	0.05	0.1	3.12647	1.05891397009	2.0675563	1	1	1	NA	NA	NA	NA	NA	NA	NA	2	1	1	1	1	1	NA	NA	NA	2	1	1
3	135989132	136028349	1	1	0	2	d	4	NA	NA	NA	NA	NA	NA	NA	1	0	1	NA	NA	NA	NA	NA	NA	NA	1	0	1	1	0	1	NA	NA	NA	1	0	1
3	136028350	136093486	2	1	1	3	b	5	1	1	0.05	0.156689267671	NA	NA	NA	1	1	1	NA	NA	NA	NA	NA	NA	NA	2	1	1	1	1	1	NA	NA	NA	2	1	1
3	136093487	136369493	1	1	0	3	a	6	1	0	0.0429224794587	0.0717566613567	1	0	1	1	0	1	NA	NA	NA	NA	NA	NA	NA	1	0	1	1	0	1	NA	NA	NA	1	0	1
3	136369494	136421816	2	1	1	3	b	6	1	1	0.05	0.1	1	0	1	1	1	1	NA	NA	NA	NA	NA	NA	NA	2	1	1	1	1	1	NA	NA	NA	2	1	1
3	136421817	155354752	3	2	1	2	d	5	2	1	0.0569282715595	0.186744683619	3.151927	1.05450401909	2.0974228	2	1	1	NA	NA	NA	NA	NA	NA	NA	3	1	2	2	1	1	NA	NA	NA	3	1	2
3	155354753	155397135	2	1	1	2	d	5	1	1	0.05	0.1	2.171442	1.08572086167	1.0857209	1	1	1	NA	NA	NA	NA	NA	NA	NA	2	1	1	1	1	1	NA	NA	NA	2	1	1
3	155397136	161530007	3	2	1	2	d	4	2	0.92	0.052991482484	0.192189102194	3.177827	1.06131983134	2.1165077	2	1	1	NA	NA	NA	NA	NA	NA	NA	3	1	2	2	1	1	NA	NA	NA	3	1	2
3	161530008	168571909	5	4	1	2	d	4	3.77	0.92	0.0387634615524	0.326028514248	5.279077	1.06773864456	4.211338	4	1	1	NA	NA	NA	NA	NA	NA	NA	5	1	4	4	1	1	NA	NA	NA	5	1	4
3	168571910	168602839	6	5	1	2	d	3	5	1	0.05	0.1	5.279077	1.06773864456	4.211338	5	1	0.588835292935379	5	2	0.411164707064621	0.697565340947006	1.71514188289767	-6.92813873369652	-0.659638301789284	7	1	6	5	1	1	NA	NA	NA	6	1	5
3	168602840	195365450	5	4	1	2	d	4	3.82	0.92	0.0383309450678	0.315377176663	5.169628	1.05469426782	4.1149334	4	1	1	NA	NA	NA	NA	NA	NA	NA	5	1	4	4	1	1	NA	NA	NA	5	1	4
3	195365451	195461231	5	4	1	2	d	2	NA	NA	NA	NA	5.169628	1.05469426782	4.1149334	4	1	1	NA	NA	NA	NA	NA	NA	NA	NA	NA	NA	5	1	1	NA	NA	NA	5	1	4
3	195461232	197847500	5	4	1	3	a	6	4	1	0.0393186849975	0.431474685439	5	1	4	4	1	1	NA	NA	NA	NA	NA	NA	NA	5	1	4	4	1	1	NA	NA	NA	5	1	4
4	21420	1696076	6	3	3	2	d	4	3	3	0.0241096086573	0.703892121193	5.897591	2.94879553278	2.9487955	3	3	1	NA	NA	NA	NA	NA	NA	NA	6	3	3	3	3	1	NA	NA	NA	5	2	3
4	1696077	5050286	5	3	2	3	b	6	3	2	0.0451135711304	0.343268874877	5	2	3	3	2	1	NA	NA	NA	NA	NA	NA	NA	1	0	1	3	2	1	NA	NA	NA	5	2	3
4	5050287	8901433	4	3	1	3	b	6	3	1	0.0441397934624	0.243406309416	4	1	3	3	1	1	NA	NA	NA	NA	NA	NA	NA	1	0	1	3	1	1	NA	NA	NA	4	1	3
4	8901434	9483801	4	3	1	3	b	5	3	1	0.05	0.487646842584	4	1	3	3	1	1	NA	NA	NA	NA	NA	NA	NA	NA	NA	NA	3	1	1	NA	NA	NA	4	1	3
4	9483802	23581732	4	3	1	2	d	5	3	1	0.0477983526054	0.279816114128	4.12265	1.06562501848	3.0570246	3	1	1	NA	NA	NA	NA	NA	NA	NA	4	1	3	3	1	1	NA	NA	NA	4	1	3
4	23581733	42043654	3	3	0	2	d	5	3	0	0.0244314551849	0.240729560683	3.128419	0.04595019182	3.0824687	3	0	1	NA	NA	NA	NA	NA	NA	NA	3	0	3	3	0	1	NA	NA	NA	3	0	3
4	42043655	42264825	4	3	1	3	a	6	3	1	0.0337111535251	0.225196862992	4	1	3	3	1	1	NA	NA	NA	NA	NA	NA	NA	4	1	3	3	1	1	NA	NA	NA	4	1	3
4	42264826	42429936	3	3	0	2	d	4	3	0	0.0338251912898	0.141845543933	3.133609	0.03971276786	3.0938963	2	0	1	NA	NA	NA	NA	NA	NA	NA	3	0	3	3	0	1	NA	NA	NA	3	0	3
4	42429937	42439243	4	3	1	2	d	3	3	0	0.05	0.1	3.133609	0.03971276786	3.0938963	3	1	1	NA	NA	NA	NA	NA	NA	NA	4	1	3	3	0	1	NA	NA	NA	4	1	3
4	42439244	42439846	3	3	0	2	d	2	3	0	0.05	0.1	NA	NA	NA	NA	NA	NA	NA	NA	NA	NA	NA	NA	NA	NA	NA	NA	3	0	1	NA	NA	NA	4	1	3
4	42439847	42441266	3	3	0	2	d	2	3	0	0.05	0.1	NA	NA	NA	NA	NA	NA	NA	NA	NA	NA	NA	NA	NA	NA	NA	NA	3	0	1	NA	NA	NA	NA	NA	NA
4	42441267	43466698	3	3	0	2	d	5	3	0	0.0263210350378	0.196801190767	3.142573	0.03518434038	3.1073888	3	0	1	NA	NA	NA	NA	NA	NA	NA	3	0	3	3	0	1	NA	NA	NA	3	0	3
4	43466699	43560618	4	3	1	3	a	6	3	1	0.05	0.308340310821	4	1	3	3	1	1	NA	NA	NA	NA	NA	NA	NA	4	1	3	3	1	1	NA	NA	NA	4	1	3
4	43560619	43577334	3	3	0	2	d	3	NA	NA	NA	NA	4	1	3	3	0	1	NA	NA	NA	NA	NA	NA	NA	3	0	3	3	1	1	NA	NA	NA	3	0	3
4	43577335	43763225	4	3	1	2	d	5	3	1	0.0372750261206	0.41295317379	4.154084	1.05472749225	3.0993566	3	1	1	NA	NA	NA	NA	NA	NA	NA	4	1	3	3	1	1	NA	NA	NA	4	1	3
4	43763226	44424728	3	3	0	2	d	4	3	0	0.05	0.301541573372	3.108719	0.04903029424	3.0596887	2	0	1	NA	NA	NA	NA	NA	NA	NA	3	0	3	3	0	1	NA	NA	NA	3	0	3
4	44424729	45568805	4	3	1	2	d	5	3	1	0.0393661274953	0.256259856797	4.152617	1.07127795285	3.0813394	3	1	1	NA	NA	NA	NA	NA	NA	NA	4	1	3	3	1	1	NA	NA	NA	4	1	3
4	45568806	46838931	3	3	0	2	d	5	3	0	0.0212764920964	0.182087410042	3.147661	0.05327344914	3.0943878	3	0	1	NA	NA	NA	NA	NA	NA	NA	3	0	3	3	0	1	NA	NA	NA	3	0	3
4	46838932	48199999	4	3	1	2	d	4	3	1	0.0425473865179	0.2167663445	4.139207	1.10289481705	3.0363117	2	1	0.597122585164541	3	1	0.402877414835459	0.0454659822678082	0.0455923180718154	0.510151637962359	0.685829202822879	4	1	3	3	1	1	NA	NA	NA	4	1	3
4	48200000	52699999	4	3	1	2	d	4	3	1	0.0431716920999	2.3944027906	4.131231	1.15830074283	2.9729306	2	1	0.597122585164541	3	1	0.402877414835459	0.0454659822678082	0.0455923180718154	0.510151637962359	0.685829202822879	4	1	3	3	1	1	NA	NA	NA	4	1	3
4	52700000	55531253	4	3	1	2	d	5	3	1	0.0432548978713	0.280456905289	4.281662	1.08716987696	3.1944916	3	1	1	NA	NA	NA	NA	NA	NA	NA	4	1	3	3	1	1	NA	NA	NA	4	1	3
4	55531254	55940875	2	1	1	3	a	6	1	1	0.0444464396267	0.1296209993	2	1	1	1	1	1	NA	NA	NA	NA	NA	NA	NA	2	1	1	1	1	1	NA	NA	NA	2	1	1
4	55940876	56416455	4	3	1	2	d	4	3.17	1	0.0493410932201	0.240687029476	4.271474	1.05855146843	3.2129227	3	1	1	NA	NA	NA	NA	NA	NA	NA	4	1	3	3	1	1	NA	NA	NA	4	1	3
4	56416456	56421533	4	3	1	2	d	3	3.17	1	0.05	0.1	4.271474	1.05855146843	3.2129227	3	1	1	NA	NA	NA	NA	NA	NA	NA	NA	NA	NA	3	1	1	NA	NA	NA	4	1	3
4	56421534	56789891	4	3	1	2	d	4	3.17	1	0.0437532177062	0.246934687469	4.434389	1.10986340479	3.3245255	3	1	1	NA	NA	NA	NA	NA	NA	NA	4	1	3	3	1	1	NA	NA	NA	4	1	3
4	56789892	56789934	4	3	1	2	d	3	3.17	1	0.05	0.1	4.434389	1.10986340479	3.3245255	3	1	1	NA	NA	NA	NA	NA	NA	NA	NA	NA	NA	3	1	1	NA	NA	NA	4	1	3
4	56789935	56800491	4	3	1	2	d	2	3.17	1	0.05	0.1	NA	NA	NA	3	1	1	NA	NA	NA	NA	NA	NA	NA	NA	NA	NA	1	1	1	NA	NA	NA	4	1	3
4	56800492	58011343	2	1	1	2	d	5	1	1	0.0439139569835	0.131958549926	2.106702	1.05335092967	1.0533509	1	1	1	NA	NA	NA	NA	NA	NA	NA	2	1	1	1	1	1	NA	NA	NA	2	1	1
4	58011344	58817491	4	3	1	2	d	4	3.08	1	0.0440968287678	0.274293459282	4.333879	1.06243020283	3.2714491	3	1	1	NA	NA	NA	NA	NA	NA	NA	4	1	3	3	1	1	NA	NA	NA	4	1	3
4	58817492	78616892	2	1	1	2	d	5	1	1	0.045893539307	0.151542066534	2.126067	1.06303348522	1.0630335	1	1	1	NA	NA	NA	NA	NA	NA	NA	2	1	1	1	1	1	NA	NA	NA	2	1	1
4	78616893	78719717	1	1	0	2	d	5	1	0	0.05	0.0786924328427	2.126067	1.06303348522	1.0630335	1	0	1	NA	NA	NA	NA	NA	NA	NA	1	0	1	1	0	1	NA	NA	NA	1	0	1
4	78719718	119665118	2	1	1	2	d	5	1	1	0.0432093244983	0.143633767659	2.114993	1.05749637633	1.0574964	1	1	1	NA	NA	NA	NA	NA	NA	NA	2	1	1	1	1	1	NA	NA	NA	2	1	1
4	119665119	120084735	1	1	0	3	a	6	1	0	0.0630433633551	0.0712638763897	1	0	1	1	0	1	NA	NA	NA	NA	NA	NA	NA	1	0	1	1	0	1	NA	NA	NA	1	0	1
4	120084736	190987500	2	1	1	2	d	5	1	1	0.0439798061661	0.158803827343	2.107592	1.053795999	1.053796	1	1	1	NA	NA	NA	NA	NA	NA	NA	2	1	1	1	1	1	NA	NA	NA	2	1	1
5	14676	12399997	4	2	2	2	d	4	1.64	1.64	0.0314074502793	0.240110984145	4.110717	2.055358561	2.0553586	2	2	1	NA	NA	NA	NA	NA	NA	NA	4	2	2	2	2	1	NA	NA	NA	4	2	2
5	12399998	12506603	7	5	2	2	d	2	3.35	2	0.05	0.239636718345	6.668977	2.26858357152	4.4003934	4	2	1	NA	NA	NA	NA	NA	NA	NA	7	2	5	5	2	0.284979	4	2	0.715021	7	2	5
5	12506604	12614750	8	6	2	2	d	2	4.29	1.64	0.05	0.412181685651	7.552099	2.14513414926	5.4069647	5	2	1	NA	NA	NA	NA	NA	NA	NA	8	2	6	6	2	0.0983564	5	2	0.901644	8	2	6
5	12614751	12618985	8	6	2	1	g	NA	4.29	1.64	0.05	0.1	7.552099	2.14513414926	5.4069647	9	3	1	NA	NA	NA	NA	NA	NA	NA	8	2	6	6	2	0.275668	5	2	0.724332	10	2	8
5	12618986	12636609	8	6	2	2	d	2	4.29	1.64	0.05	0.1	NA	NA	NA	5	2	1	NA	NA	NA	NA	NA	NA	NA	8	2	6	6	2	0.275668	5	2	0.724332	8	2	6
5	12636610	12636651	7	5	2	1	g	1	4.29	1.64	0.05	0.1	NA	NA	NA	5	2	1	NA	NA	NA	NA	NA	NA	NA	NA	NA	NA	6	2	0.275668	5	2	0.724332	8	2	6
5	12636652	12775232	8	6	2	2	d	2	4.29	1.64	0.0304215163171	0.269950157545	7.57522	2.12988264628	5.4453375	5	2	1	NA	NA	NA	NA	NA	NA	NA	8	2	6	6	2	0.275668	5	2	0.724332	8	2	6
5	12775233	12775505	7	5	2	1	h	1	4.29	1.64	0.05	0.1	7.57522	2.12988264628	5.4453375	5	1	0.133836979359784	5	2	0.866163020640216	NA	0	0.133836979359784	0.133836979359784	NA	NA	NA	6	2	0.275668	5	2	0.724332	8	2	6
5	12775506	13368879	8	6	2	2	d	2	4.29	1.64	0.0311910644272	0.347654917267	7.575784	2.1239862329	5.4517978	5	2	1	NA	NA	NA	NA	NA	NA	NA	8	2	6	6	2	0.239852	5	2	0.760148	8	2	6
5	13368880	14204999	10	8	2	2	d	2	6.13	1.56	0.0282620208987	0.450066993676	10.144037	2.15918539358	7.9848519	7	2	0.51981470210321	8	2	0.48018529789679	0.0594541633334287	0.0589901537152804	0.426527622568179	0.66728274124428	8	2	6	8	2	1	NA	NA	NA	10	2	8
5	14205000	14865022	9	7	2	2	d	3	5.22	1.64	0.0287598964047	0.40156928752	9.0633	2.10755356399	6.9557467	7	2	1	NA	NA	NA	NA	NA	NA	NA	8	2	6	7	2	1	NA	NA	NA	9	2	7
5	14865023	15018368	11	9	2	1	g	1	15	1.64	0.0264314828966	0.326197975453	11.041722	2.24388795294	8.7978345	9	2	1	NA	NA	NA	NA	NA	NA	NA	8	1	7	9	2	1	NA	NA	NA	10	2	8
5	15018369	15018420	10	8	2	2	f	2	NA	NA	NA	NA	11.041722	2.24388795294	8.7978345	NA	NA	NA	NA	NA	NA	NA	NA	NA	NA	NA	NA	NA	9	2	1	NA	NA	NA	10	2	8
5	15018421	15787073	6	4	2	2	d	3	3.29	1.64	0.0338149930568	0.262444319321	6.344131	2.11355517421	4.2305763	4	2	0.895887021956501	4	3	0.104112978043499	0.0671968094400398	0.0801299658595315	0.102921246050448	0.417900231209195	6	2	4	4	2	1	NA	NA	NA	6	2	4
5	15787074	16013513	9	7	2	2	d	2	5	1.64	0.0155025875802	0.410760753647	8.911501	2.12754649515	6.7839543	6	2	0.460729205855096	7	2	0.539270794144904	0.2319239153142	0.218266777780804	0.407236490995262	1.24508791590198	8	2	6	7	2	1	NA	NA	NA	9	2	7
5	16013514	16013564	9	7	2	2	d	2	NA	NA	NA	NA	8.911501	2.12754649515	6.7839543	NA	NA	NA	NA	NA	NA	NA	NA	NA	NA	1	0	1	7	2	1	NA	NA	NA	9	2	7
5	16013565	16013614	9	7	2	1	h	1	NA	NA	NA	NA	NA	NA	NA	NA	NA	NA	NA	NA	NA	NA	NA	NA	NA	NA	NA	NA	7	2	1	NA	NA	NA	13	2	11
5	16013615	16029254	7	5	2	2	f	1	5.58	1.64	0.05	0.1	NA	NA	NA	12	2	1	NA	NA	NA	NA	NA	NA	NA	8	1	7	7	2	1	NA	NA	NA	13	2	11
5	16029255	16147344	9	7	2	2	d	3	5.58	1.64	0.05	0.299317053716	9.478229	2.10360377834	7.3746252	7	2	1	NA	NA	NA	NA	NA	NA	NA	8	2	6	7	2	1	NA	NA	NA	9	2	7
5	16147345	16160025	5	3	2	2	e	0	5.58	1.64	0.05	0.1	9.478229	2.10360377834	7.3746252	7	2	1	NA	NA	NA	NA	NA	NA	NA	8	2	6	8	2	1	NA	NA	NA	9	2	7
5	16160026	16254838	5	3	2	2	e	0	5.58	1.64	0.05	0.472370471613	9.677726	2.10007915995	7.5776472	7	2	1	NA	NA	NA	NA	NA	NA	NA	8	2	6	8	2	1	NA	NA	NA	9	2	7
5	16254839	16465078	14	12	2	2	d	3	19	1.64	0.0224458282393	0.48174280137	14	2	12	12	2	1	NA	NA	NA	NA	NA	NA	NA	8	1	7	12	2	1	NA	NA	NA	13	2	11
5	16465079	16837274	4	2	2	2	d	4	1.67	1.67	0.0382575198923	0.20326279727	4.205973	2.10298639533	2.1029864	2	2	1	NA	NA	NA	NA	NA	NA	NA	4	2	2	2	2	1	NA	NA	NA	4	2	2
5	16837275	17010719	6	4	2	2	d	2	3.44	1.71	0.043970107796	0.246488479713	6.631003	2.0981522715	4.5328507	4	2	1	NA	NA	NA	NA	NA	NA	NA	6	2	4	5	2	0.388735	4	2	0.611265	7	2	5
5	17010720	17154932	7	5	2	2	d	4	5	1.71	0.032172821578	0.371414350666	7.536536	2.1277312584	5.4088043	5	2	1	NA	NA	NA	NA	NA	NA	NA	7	2	5	5	2	1	NA	NA	NA	7	2	5
5	17154933	17160488	7	5	2	2	e	3	5	1.71	0.05	0.1	7.536536	2.1277312584	5.4088043	7	2	1	NA	NA	NA	NA	NA	NA	NA	8	2	6	2	2	1	NA	NA	NA	7	2	5
5	17160489	20919917	4	2	2	2	d	4	1.71	1.71	0.0359303773002	0.249675655769	4.179244	2.08962217111	2.0896222	2	2	1	NA	NA	NA	NA	NA	NA	NA	4	2	2	2	2	1	NA	NA	NA	4	2	2
5	20919918	21230068	7	5	2	2	d	2	3.58	1.71	0.0428302127336	0.32536216325	6.452205	2.05279255642	4.399412	4	2	1	NA	NA	NA	NA	NA	NA	NA	7	2	5	5	2	0.222068	4	2	0.777932	7	2	5
5	21230069	21593294	5	4	1	2	d	3	4	1	0.0636780897749	0.33594684116	5.986967	1.23137112409	4.7555955	4	1	1	NA	NA	NA	NA	NA	NA	NA	5	1	4	5	1	0.172498	4	1	0.827502	6	1	5
5	21593295	21680795	10	8	2	2	d	3	6.25	1.64	0.05	0.441240511949	9.814833	2.00480857487	7.8100241	8	2	1	NA	NA	NA	NA	NA	NA	NA	8	2	6	8	2	1	NA	NA	NA	10	2	8
5	21680796	21836726	6	4	2	2	d	2	3.72	1.75	0.0416606275878	0.299130548433	6.719114	2.15639201953	4.5627219	4	2	1	NA	NA	NA	NA	NA	NA	NA	7	2	5	5	2	0.289734	4	2	0.710266	6	2	4
5	21836727	22055021	5	3	2	2	e	0	6.36	1.52	0.0346407396939	0.515628616072	9.740848	2.13703901362	7.6038091	7	2	1	NA	NA	NA	NA	NA	NA	NA	8	2	6	8	2	1	NA	NA	NA	10	2	8
5	22055022	22296863	4	2	2	2	d	4	1.71	1.71	0.0317952506655	0.205657966197	4.422472	2.21123572533	2.2112357	2	2	1	NA	NA	NA	NA	NA	NA	NA	4	2	2	2	2	1	NA	NA	NA	4	2	2
5	22296864	22303503	4	2	2	2	e	3	1.71	1.71	0.05	0.1	4.422472	2.21123572533	2.2112357	5	2	1	NA	NA	NA	NA	NA	NA	NA	NA	NA	NA	2	2	1	NA	NA	NA	8	2	6
5	22303504	23461740	4	2	2	2	d	4	1.71	1.71	0.0308816232567	0.215573860086	4.181137	2.09056827167	2.0905683	2	2	1	NA	NA	NA	NA	NA	NA	NA	4	2	2	2	2	1	NA	NA	NA	4	2	2
5	23461741	23468021	6	4	2	2	d	2	4.22	1.71	0.05	0.1	4.181137	2.09056827167	2.0905683	3	2	1	NA	NA	NA	NA	NA	NA	NA	6	2	4	6	2	0.103667	5	2	0.896333	6	2	4
5	23468022	24053006	8	6	2	2	d	2	4.22	1.71	0.0374950540115	0.372792233865	7.562143	2.14608787595	5.4160553	5	2	1	NA	NA	NA	NA	NA	NA	NA	8	2	6	6	2	0.103667	5	2	0.896333	8	2	6
5	24053007	24581163	8	6	2	2	d	2	4.44	1.56	0.0311146611332	0.33696296396	7.580253	2.14983345427	5.4304197	5	2	1	NA	NA	NA	NA	NA	NA	NA	8	2	6	6	2	0.257793	5	2	0.742207	8	2	6
5	24581164	26745575	4	2	2	2	d	4	1.71	1.71	0.0310365657246	0.206984075182	4.151621	2.07581041589	2.0758104	2	2	1	NA	NA	NA	NA	NA	NA	NA	4	2	2	2	2	1	NA	NA	NA	4	2	2
5	26745576	27697957	7	5	2	2	d	2	3.72	1.64	0.0383028446408	0.348087324751	6.697195	2.13657616634	4.5606187	4	2	0.738590203106329	5	2	0.261409796893671	0.0825416011986909	0.0687255416909714	1.22908311670957	1.4898751458956	7	2	5	5	2	0.403779	4	2	0.596221	7	2	5
5	27697958	28175650	5	3	2	2	e	0	7	1.67	0.0324447444945	0.503620926982	10.246363	2.11320042523	8.1331631	8	2	1	NA	NA	NA	NA	NA	NA	NA	8	2	6	9	2	1	NA	NA	NA	10	2	8
5	28175651	28711747	8	6	2	2	d	3	4.72	1.65	0.0401594971185	0.429867729288	7.743404	2.09575379219	5.6476507	5	2	1	NA	NA	NA	NA	NA	NA	NA	8	2	6	6	2	1	NA	NA	NA	8	2	6
5	28711748	29317845	4	2	2	2	d	4	1.71	1.71	0.0278970259058	0.214242883241	4.175657	2.08782860078	2.0878286	2	2	1	NA	NA	NA	NA	NA	NA	NA	4	2	2	2	2	1	NA	NA	NA	4	2	2
5	29317846	30029871	5	3	2	2	e	3	2.58	1.83	0.0613637873181	0.283062019852	5.381188	2.10910785744	3.2720797	3	2	1	NA	NA	NA	NA	NA	NA	NA	6	2	4	3	2	1	NA	NA	NA	6	2	4
5	30029872	30780747	7	5	2	2	d	2	3.58	1.71	0.0306459193045	0.335252645711	6.661688	2.13122572831	4.5304621	4	2	0.724801118978925	5	2	0.275198881021075	0.0596590862399497	0.0565264328644829	0.749787716088536	0.975517133221302	7	2	5	5	2	0.320854	4	2	0.679146	7	2	5
5	30780748	30824045	8	6	2	2	d	3	5	1.65	0.05	0.1	6.661688	2.13122572831	4.5304621	6	2	1	NA	NA	NA	NA	NA	NA	NA	8	2	6	6	2	1	NA	NA	NA	7	2	5
5	30824046	30851931	8	6	2	2	d	2	5	1.65	0.05	0.1	7.756464	2.05785226757	5.6986122	5	2	0.538658474142356	6	2	0.461341525857644	0.156435864879269	0.168542665291679	-0.0751584051858106	0.59911371262984	8	2	6	6	2	1	NA	NA	NA	7	2	5
5	30851932	31769998	4	2	2	2	d	4	1.64	1.64	0.0328544136542	0.260422176178	4.184365	2.09218230444	2.0921823	2	2	1	NA	NA	NA	NA	NA	NA	NA	4	2	2	2	2	1	NA	NA	NA	4	2	2
5	31769999	32865401	5	3	2	2	d	4	2.58	1.64	0.0432781479304	0.302332150098	5.357461	2.11237155688	3.2450891	3	2	1	NA	NA	NA	NA	NA	NA	NA	5	2	3	3	2	1	NA	NA	NA	5	2	3
5	32865402	32919199	6	4	2	2	d	3	4	1	0.05	1.05422149225	6.31205	2.1164816026	4.1955681	4	2	1	NA	NA	NA	NA	NA	NA	NA	6	2	4	4	2	1	NA	NA	NA	6	1	5
5	32919200	32919336	6	4	2	1	h	1	17	1.64	0.05	0.1	6.31205	2.1164816026	4.1955681	11	1	0.198083986017072	11	2	0.801916013982928	NA	0	0.198083986017072	0.198083986017072	NA	NA	NA	4	2	1	NA	NA	NA	7	1	6
5	32919337	33441295	13	11	2	2	d	3	17	1.64	0.0270264949064	0.628885029484	13.056532	2.14414807964	10.9123839	11	2	1	NA	NA	NA	NA	NA	NA	NA	8	1	7	11	2	1	NA	NA	NA	13	2	11
5	33441296	33703629	13	11	2	1	g	1	18	1.64	0.0200095419806	0.527804555905	13.986318	2.20501454989	11.7813033	11	2	1	NA	NA	NA	NA	NA	NA	NA	8	1	7	12	2	1	NA	NA	NA	14	2	12
5	33703630	33748581	13	11	2	2	d	3	18	1.64	0.05	0.1	12.857322	2.0791935826	10.7781288	11	2	1	NA	NA	NA	NA	NA	NA	NA	8	1	7	11	2	1	NA	NA	NA	13	2	11
5	33748582	33749667	13	11	2	2	d	2	6.72	1.64	0.05	0.1	12.857322	2.0791935826	10.7781288	NA	NA	NA	NA	NA	NA	NA	NA	NA	NA	NA	NA	NA	11	2	1	NA	NA	NA	13	2	11
5	33749668	34293000	8	6	2	1	g	NA	6.72	1.64	0.0263301794251	0.586662555753	10.962656	2.24617059866	8.7164851	8	2	1	NA	NA	NA	NA	NA	NA	NA	8	2	6	9	2	1	NA	NA	NA	11	2	9
5	34293001	34423937	17	14	3	2	f	2	25	4	0.05	2.39376399945	10.962656	2.24617059866	8.7164851	12	3	0.431806650771827	12	4	0.568193349228173	1.17567638528561	2.13498907115012	-9.86651796260186	-1.33427343903455	8	1	7	14	3	1	NA	NA	NA	17	3	14
5	34423938	34442181	12	10	2	1	h	1	NA	NA	NA	NA	NA	NA	NA	10	2	1	NA	NA	NA	NA	NA	NA	NA	NA	NA	NA	6	2	1	NA	NA	NA	11	2	9
5	34442182	35074366	7	5	2	2	d	3	4.58	1.71	0.0398060075088	0.415023302854	7.694873	2.20130786754	5.4935654	5	2	1	NA	NA	NA	NA	NA	NA	NA	7	2	5	6	2	1	NA	NA	NA	7	2	5
5	35074367	35187392	5	3	2	2	e	0	4.58	1.71	0.05	0.322113990715	9.033532	2.20282757461	6.8307049	6	2	1	NA	NA	NA	NA	NA	NA	NA	8	2	6	7	2	1	NA	NA	NA	9	2	7
5	35187393	35226430	11	9	2	2	d	3	15	1.65	0.0185279823549	0.1	10.802031	1.92747173841	8.8745595	9	2	1	NA	NA	NA	NA	NA	NA	NA	8	1	7	9	2	1	NA	NA	NA	11	2	9
5	35226431	35740389	8	6	2	2	d	3	4.72	1.71	0.0304232448716	0.412853807045	7.958229	2.15241187091	5.8058174	5	2	0.517025089605741	6	2	0.482974910394259	0.108305102663482	0.098812035061228	0.592537346253726	0.966663434504629	8	2	6	6	2	1	NA	NA	NA	8	2	6
5	35740390	35743829	8	6	2	2	d	2	6	1.78	0.05	0.1	7.958229	2.15241187091	5.8058174	7	2	1	NA	NA	NA	NA	NA	NA	NA	NA	NA	NA	6	2	1	NA	NA	NA	8	2	6
5	35743830	37414587	9	7	2	2	d	3	6	1.78	0.0304363592664	0.47017149267	9.128853	2.12275674419	7.0060958	7	2	1	NA	NA	NA	NA	NA	NA	NA	8	2	6	7	2	1	NA	NA	NA	9	2	7
5	37414588	37883125	7	5	2	2	d	2	3.58	1.83	0.0347095772787	0.283102435398	6.666912	2.17090969992	4.4960027	4	2	1	NA	NA	NA	NA	NA	NA	NA	7	2	5	5	2	0.209725	4	2	0.790275	7	2	5
5	37883126	38291358	12	10	2	2	d	3	17	1.71	0.0331191025107	0.594048218623	12.42469	2.14881823094	10.2758718	10	2	1	NA	NA	NA	NA	NA	NA	NA	8	1	7	10	2	1	NA	NA	NA	12	2	10
5	38291359	38406913	10	8	2	2	d	3	6.33	1.7	0.0249113190747	0.525062639444	9.93266	2.18350159769	7.749158	8	2	1	NA	NA	NA	NA	NA	NA	NA	8	2	6	8	2	1	NA	NA	NA	10	2	8
5	38406914	38722972	13	11	2	2	d	3	20	2	0.0176488514698	0.695173639437	13.214192	2.13906751591	11.075125	11	2	1	NA	NA	NA	NA	NA	NA	NA	8	1	7	11	2	1	NA	NA	NA	13	2	11
5	38722973	38723824	2	2	0	1	g	NA	15	1.83	0.05	0.1	13.214192	2.13906751591	11.075125	8	2	1	NA	NA	NA	NA	NA	NA	NA	2	0	2	11	2	1	NA	NA	NA	10	1	9
5	38723825	38724276	17	15	2	2	f	1	15	1.83	0.05	0.1	NA	NA	NA	NA	NA	NA	NA	NA	NA	NA	NA	NA	NA	NA	NA	NA	11	2	1	NA	NA	NA	11	2	9
5	38724277	39187225	11	9	2	2	d	3	15	1.83	0.02402288481	0.588975711765	11.174	2.07312656101	9.1008737	9	2	1	NA	NA	NA	NA	NA	NA	NA	8	1	7	9	2	1	NA	NA	NA	11	2	9
5	39187226	39242179	8	6	2	2	d	3	4	2	0.05	0.1	11.174	2.07312656101	9.1008737	6	2	1	NA	NA	NA	NA	NA	NA	NA	8	2	6	8	2	1	NA	NA	NA	8	2	6
5	39242180	39462595	10	8	2	2	d	2	15	1.71	0.05	0.445133130627	NA	NA	NA	8	2	0.800051203277013	8	3	0.199948796722987	0.794527932063631	1.2059971125056	-4.39954071980672	0.36237651089319	8	2	6	8	2	1	NA	NA	NA	10	2	8
5	39462596	39665064	8	6	2	1	g	NA	15	1.71	0.0254424339186	0.455377437568	11.592072	2.13674126826	9.4553304	9	2	1	NA	NA	NA	NA	NA	NA	NA	8	2	6	10	2	1	NA	NA	NA	12	2	10
5	39665065	39665570	11	9	2	1	g	1	15	1.71	0.05	0.1	11.592072	2.13674126826	9.4553304	9	2	1	NA	NA	NA	NA	NA	NA	NA	1	0	1	10	2	1	NA	NA	NA	12	2	10
5	39665571	39665678	11	9	2	1	g	1	15	1.71	0.05	0.1	NA	NA	NA	9	2	1	NA	NA	NA	NA	NA	NA	NA	1	0	1	10	2	1	NA	NA	NA	12	2	10
5	39665679	39665799	17	15	2	2	f	1	15	1.71	0.05	0.1	NA	NA	NA	9	2	1	NA	NA	NA	NA	NA	NA	NA	NA	NA	NA	10	2	1	NA	NA	NA	NA	NA	NA
5	39665800	40733360	11	9	2	1	g	1	15	1.71	0.0209369625271	0.514754165417	11.446051	2.08364363259	9.3624069	9	2	1	NA	NA	NA	NA	NA	NA	NA	8	1	7	10	2	1	NA	NA	NA	12	2	10
5	40733361	41173671	5	3	2	2	d	4	2.58	2	0.037619326986	0.269117837864	5.383476	2.07007126646	3.3134047	3	2	1	NA	NA	NA	NA	NA	NA	NA	5	2	3	3	2	1	NA	NA	NA	5	2	3
5	41173672	45016091	4	2	2	2	d	4	1.71	1.71	0.0343919745582	0.20479538009	4.175365	2.08768237778	2.0876824	2	2	1	NA	NA	NA	NA	NA	NA	NA	4	2	2	2	2	1	NA	NA	NA	4	2	2
5	45016092	45103028	4	2	2	2	e	1	6	2	0.05	0.229355084283	4.175365	2.08768237778	2.0876824	4	2	1	NA	NA	NA	NA	NA	NA	NA	7	2	5	7	2	1	NA	NA	NA	7	2	5
5	45103029	46024449	9	7	2	2	d	3	6	2	0.0358233476369	0.562259861015	9.12264	2.09531467499	7.0273253	7	2	1	NA	NA	NA	NA	NA	NA	NA	8	2	6	7	2	1	NA	NA	NA	9	2	7
5	46024450	46099999	4	2	2	2	d	4	1.67	1.64	0.05	0.246883974018	4.506331	2.25316529367	2.2531653	2	2	1	NA	NA	NA	NA	NA	NA	NA	4	2	2	2	2	1	NA	NA	NA	4	2	2
5	46100000	50699999	NA	NA	NA	NA	NA	NA	1.92	0.92	0.0661783443206	0.258646514936	3.405089	1.30827150419	2.0968174	NA	NA	NA	NA	NA	NA	NA	NA	NA	NA	3	1	2	2	2	0.162038	2	1	0.837962	3	1	2
5	50700000	59934540	3	2	1	2	d	5	1.92	0.92	0.0562330355374	0.179880231596	3	1	2	2	1	1	NA	NA	NA	NA	NA	NA	NA	3	1	2	2	1	1	NA	NA	NA	3	1	2
5	59934541	60118773	4	2	2	2	d	5	2	2	0.05	0.178590549034	4	2	2	2	1	0.106603227383416	2	2	0.893396772616584	0.0691903051250104	0.0680976029953471	0.0403837953689788	0.307339213632436	4	2	2	2	2	1	NA	NA	NA	4	2	2
5	60118774	60414891	3	2	1	2	d	5	2	1	0.0376114353563	0.171827741	3.110885	1.03386716806	2.0770178	2	1	1	NA	NA	NA	NA	NA	NA	NA	3	1	2	2	1	1	NA	NA	NA	3	1	2
5	60414892	60575334	4	3	1	3	a	6	3	1	0.0432112216279	0.241427596111	4	1	3	3	1	1	NA	NA	NA	NA	NA	NA	NA	4	1	3	3	1	1	NA	NA	NA	4	1	3
5	60575335	126132720	3	2	1	3	a	6	2	1	0.0572912102712	0.205808320814	3	1	2	2	1	1	NA	NA	NA	NA	NA	NA	NA	3	1	2	2	1	1	NA	NA	NA	3	1	2
5	126132721	126135839	3	2	1	2	d	4	2	1	0.05	0.1	3	1	2	1	1	1	NA	NA	NA	NA	NA	NA	NA	3	1	2	2	1	1	NA	NA	NA	2	1	1
5	126135840	127482042	3	2	1	3	a	6	2	1	0.0528230986325	0.185344612724	3	1	2	2	1	1	NA	NA	NA	NA	NA	NA	NA	3	1	2	2	1	1	NA	NA	NA	3	1	2
5	127482043	127666968	4	3	1	2	d	4	3	1	0.0313517290355	0.257971264718	4.094799	0.9132667283	3.1815319	3	1	1	NA	NA	NA	NA	NA	NA	NA	4	1	3	4	1	0.502558	3	1	0.497442	4	1	3
5	127666969	138714266	3	2	1	3	a	6	2	1	0.0554015394263	0.212152288143	3	1	2	2	1	1	NA	NA	NA	NA	NA	NA	NA	3	1	2	2	1	1	NA	NA	NA	3	1	2
5	138714267	138879198	2	2	0	2	d	4	2	0	0.05	0.0996398680964	2.150995	0.02714761064	2.1238478	2	0	1	NA	NA	NA	NA	NA	NA	NA	2	0	2	2	0	1	NA	NA	NA	3	1	2
5	138879199	180718018	3	2	1	3	a	6	2	1	0.0553766002858	0.219300125444	3	1	2	2	1	1	NA	NA	NA	NA	NA	NA	NA	3	1	2	2	1	1	NA	NA	NA	3	1	2
6	39681	205799	3	2	1	1	h	1	NA	NA	NA	NA	NA	NA	NA	NA	NA	NA	NA	NA	NA	NA	NA	NA	NA	NA	NA	NA	NA	NA	NA	NA	NA	NA	3	1	2
6	205800	32583844	3	2	1	2	d	5	1.92	1	0.0562038852973	0.234389698491	3	1	2	2	1	1	NA	NA	NA	NA	NA	NA	NA	3	1	2	2	1	1	NA	NA	NA	3	1	2
6	32583845	33596663	3	2	1	3	a	6	2	1	0.0652649125223	0.188564079217	3	1	2	2	1	1	NA	NA	NA	NA	NA	NA	NA	3	1	2	2	1	1	NA	NA	NA	3	1	2
6	33596664	33652616	4	3	1	3	b	5	3	1	0.05	0.1	4	1	3	3	1	1	NA	NA	NA	NA	NA	NA	NA	NA	NA	NA	3	1	1	NA	NA	NA	4	1	3
6	33652617	58699999	3	2	1	2	d	4	1.92	1	0.0556517966885	0.202131509776	3.12626	1.06538282449	2.0608777	2	1	1	NA	NA	NA	NA	NA	NA	NA	3	1	2	2	1	1	NA	NA	NA	3	1	2
6	58700000	63299999	3	2	1	2	d	3	1.92	1	0.0598641496403	0.257145912937	3.113997	1.02911587534	2.0848816	NA	NA	NA	NA	NA	NA	NA	NA	NA	NA	3	1	2	2	1	1	NA	NA	NA	3	1	2
6	63300000	116718008	3	2	1	2	d	5	2	1	0.0567470164518	0.202216090746	3.13736	1.03943074871	2.0979293	2	1	1	NA	NA	NA	NA	NA	NA	NA	3	1	2	2	1	1	NA	NA	NA	3	1	2
6	116718009	116721135	3	2	1	2	d	5	2	1	0.05	0.1	3.13736	1.03943074871	2.0979293	2	1	1	NA	NA	NA	NA	NA	NA	NA	3	1	2	2	1	1	NA	NA	NA	3	1	2
6	116721136	170919735	3	2	1	2	d	5	2	1	0.0564441355055	0.196309731103	3.102334	1.03170512542	2.070629	2	1	1	NA	NA	NA	NA	NA	NA	NA	3	1	2	2	1	1	NA	NA	NA	3	1	2
7	49959	2396133	3	2	1	2	d	4	1.83	0.92	0.0565884329044	0.282782478451	3	1	2	2	1	1	NA	NA	NA	NA	NA	NA	NA	1	0	1	2	1	1	NA	NA	NA	3	1	2
7	2396134	2400730	4	3	1	2	e	0	1.83	0.92	0.05	0.1	3	1	2	1	1	1	NA	NA	NA	NA	NA	NA	NA	NA	NA	NA	2	1	1	NA	NA	NA	2	1	1
7	2400731	7736294	3	2	1	2	d	5	1.83	0.92	0.0546802929189	0.22067603453	3	1	2	2	1	1	NA	NA	NA	NA	NA	NA	NA	3	1	2	2	1	1	NA	NA	NA	3	1	2
7	7736295	7740087	3	2	1	2	d	3	1.83	0.92	0.05	0.1	3	1	2	1	1	1	NA	NA	NA	NA	NA	NA	NA	3	1	2	2	1	1	NA	NA	NA	2	1	1
7	7740088	16989168	3	2	1	2	d	5	1.83	0.92	0.0558222227838	0.172993517266	3	1	2	2	1	1	NA	NA	NA	NA	NA	NA	NA	3	1	2	2	1	1	NA	NA	NA	3	1	2
7	16989169	17026873	2	1	1	2	d	4	1	1	0.05	0.1	3	1	2	1	1	1	NA	NA	NA	NA	NA	NA	NA	2	1	1	2	1	1	NA	NA	NA	2	1	1
7	17026874	36421201	3	2	1	2	d	5	1.78	0.92	0.0566554292108	0.179935656735	3	1	2	2	1	1	NA	NA	NA	NA	NA	NA	NA	3	1	2	2	1	1	NA	NA	NA	3	1	2
7	36421202	36481221	2	2	0	2	d	5	1	0	0.05	0.1	2	0	2	2	0	1	NA	NA	NA	NA	NA	NA	NA	2	0	2	2	0	1	NA	NA	NA	2	0	2
7	36481222	57999999	3	2	1	2	d	5	1.78	0.92	0.0566910865473	0.189535482478	3	1	2	2	1	1	NA	NA	NA	NA	NA	NA	NA	3	1	2	2	1	1	NA	NA	NA	3	1	2
7	58000000	61699999	3	2	1	2	d	4	1.78	0.92	0.05	0.896672300255	3	1	2	NA	NA	NA	NA	NA	NA	NA	NA	NA	NA	3	1	2	2	1	1	NA	NA	NA	3	1	2
7	61700000	147545773	3	2	1	2	d	4	1.92	1	0.0573780514924	0.20343353224	3	1	2	1	1	0.151732355745602	2	1	0.848267644254398	0.00317770424687851	0.00325778544434085	0.145309517964235	0.157767291922006	3	1	2	2	1	1	NA	NA	NA	3	1	2
7	147545774	158821400	4	2	2	2	d	5	1.83	1.83	0.0316481523099	0.257005333046	4	2	2	2	2	1	NA	NA	NA	NA	NA	NA	NA	4	2	2	2	2	1	NA	NA	NA	4	2	2
8	10001	155756	2	2	0	2	d	2	NA	NA	NA	NA	NA	NA	NA	NA	NA	NA	NA	NA	NA	NA	NA	NA	NA	NA	NA	NA	2	0	1	NA	NA	NA	2	0	2
8	155757	7273416	2	2	0	2	d	5	2.17	0	0.0330688149736	0.189890753186	2	0	2	2	0	1	NA	NA	NA	NA	NA	NA	NA	2	0	2	2	0	1	NA	NA	NA	2	0	2
8	7273417	8087802	2	2	0	2	d	4	2	0	0.05	0.1	2	0	2	2	0	1	NA	NA	NA	NA	NA	NA	NA	NA	NA	NA	1	0	1	NA	NA	NA	2	0	2
8	8087803	10685555	2	2	0	2	d	5	2.17	0	0.0307734979248	0.154104361549	2	0	2	2	0	1	NA	NA	NA	NA	NA	NA	NA	2	0	2	2	0	1	NA	NA	NA	2	0	2
8	10685556	35295215	1	1	0	3	a	6	1	0	0.0546551839011	0.102465762403	1	0	1	1	0	1	NA	NA	NA	NA	NA	NA	NA	1	0	1	1	0	1	NA	NA	NA	1	0	1
8	35295216	37553152	2	1	1	2	d	5	1	1	0.0405477430558	0.142509784339	2.10453	1.05226484233	1.0522648	1	1	1	NA	NA	NA	NA	NA	NA	NA	2	1	1	1	1	1	NA	NA	NA	2	1	1
8	37553153	37553614	2	1	1	2	d	2	NA	NA	NA	NA	2.10453	1.05226484233	1.0522648	NA	NA	NA	NA	NA	NA	NA	NA	NA	NA	NA	NA	NA	1	1	1	NA	NA	NA	2	1	1
8	37553615	37903127	8	7	1	2	d	3	6	1	0.05	0.404984342368	8.032388	0.91124892528	7.1211395	7	1	1	NA	NA	NA	NA	NA	NA	NA	7	1	6	7	1	1	NA	NA	NA	8	1	7
8	37903128	37920189	7	6	1	2	d	2	6	1	0.05	0.1	8.032388	0.91124892528	7.1211395	NA	NA	NA	NA	NA	NA	NA	NA	NA	NA	NA	NA	NA	6	1	1	NA	NA	NA	8	1	7
8	37920190	39230024	7	6	1	2	d	5	6	1	0.0332648315484	0.421345351222	7.334938	1.04845308739	6.2864845	6	1	1	NA	NA	NA	NA	NA	NA	NA	7	1	6	6	1	1	NA	NA	NA	7	1	6
8	39230025	39441555	1	1	0	1	g	NA	6	1	0.05	0.1	11.531864	1.67524062049	9.856623	9	1	0.473392074870572	9	2	0.526607925129428	0.0690012387253851	0.0657697114731111	0.341104669653016	0.604664822921533	1	0	1	6	1	1	NA	NA	NA	8	1	7
8	39441556	39478635	4	3	1	2	e	0	5	1	0.05	0.1	11.531864	1.67524062049	9.856623	5	1	0.493159838091703	6	1	0.506840161908297	0.325688043190889	0.296866999932971	0.0645582350315497	1.26611888011225	1	0	1	5	1	1	NA	NA	NA	7	1	6
8	39478636	39505180	6	5	1	2	d	3	5	1	0.05	0.1	NA	NA	NA	4	1	1	NA	NA	NA	NA	NA	NA	NA	NA	NA	NA	5	1	1	NA	NA	NA	6	1	5
8	39505181	39707643	8	4	4	2	d	4	4	4	0.0324853002082	0.377108654856	7.659057	3.38649815625	4.2725592	4	3	1	NA	NA	NA	NA	NA	NA	NA	8	4	4	4	4	1	NA	NA	NA	8	4	4
8	39707644	40097520	8	4	4	2	d	5	4	4	0.0275239733713	0.512181495687	7.873806	3.64775909128	4.2260468	4	4	1	NA	NA	NA	NA	NA	NA	NA	8	4	4	4	4	1	NA	NA	NA	8	4	4
8	40097521	40098522	8	4	4	2	d	2	3.58	2	0.05	0.1	7.873806	3.64775909128	4.2260468	NA	NA	NA	NA	NA	NA	NA	NA	NA	NA	5	2	3	4	4	1	NA	NA	NA	8	4	4
8	40098523	42139608	5	3	2	2	e	5	3.58	2	0.0389546150718	0.343598018641	5.706281	2.08039892487	3.6258819	3	2	0.509768853778065	4	2	0.490231146221935	0.0284418121094705	0.0280664824884206	0.538216683971569	0.646107540541495	5	2	3	4	2	0.524376	3	2	0.475624	6	1	5
8	42139609	43099999	6	4	2	2	d	3	3.72	1.78	0.0423148114928	0.326927134504	6.181504	2.07012316831	4.1113811	4	2	1	NA	NA	NA	NA	NA	NA	NA	6	2	4	4	2	1	NA	NA	NA	6	1	5
8	43100000	48099999	NA	NA	NA	NA	NA	NA	4.44	0.92	0.0588174501715	0.501193433207	6.177775	1.17681592848	5.0009591	NA	NA	NA	NA	NA	NA	NA	NA	NA	NA	6	1	5	5	1	1	NA	NA	NA	6	1	5
8	48100000	50012941	6	5	1	2	d	5	4.44	0.92	0.0363943838941	0.313503731413	6	1	5	5	1	1	NA	NA	NA	NA	NA	NA	NA	6	1	5	5	1	1	NA	NA	NA	6	1	5
8	50012942	50022748	4	3	1	2	e	1	4.44	0.92	0.05	0.1	6	1	5	3	1	1	NA	NA	NA	NA	NA	NA	NA	5	1	4	5	1	1	NA	NA	NA	5	1	4
8	50022749	50684382	6	5	1	2	d	5	4.44	0.92	0.0347463465992	0.300922813153	6	1	5	5	1	1	NA	NA	NA	NA	NA	NA	NA	6	1	5	5	1	1	NA	NA	NA	6	1	5
8	50684383	50842171	5	4	1	2	d	4	4.29	0.92	0.05	0.311397309623	5	1	4	3	1	0.265939171787988	4	1	0.734060828212012	0.0730154866319562	0.0738221137953182	0.100267122258722	0.385190702224263	5	1	4	4	1	1	NA	NA	NA	5	1	4
8	50842172	53662040	6	5	1	2	d	5	4.29	0.92	0.0351173359055	0.360279000753	6	1	5	5	1	1	NA	NA	NA	NA	NA	NA	NA	6	1	5	5	1	1	NA	NA	NA	6	1	5
8	53662041	54071327	10	5	5	2	e	4	4.29	4.29	0.0208903026104	0.472651320188	9.629539	4.81476922667	4.8147692	5	5	1	NA	NA	NA	NA	NA	NA	NA	8	4	4	5	5	1	NA	NA	NA	9	4	5
8	54071328	54146252	7	5	2	2	d	3	4.3	2	0.0541757668716	0.236580860599	7.213587	2.19935140264	5.0142355	4	2	0.455913978494623	5	2	0.544086021505377	0.317299208455116	0.261527098047703	0.485614666979823	1.56410429536167	7	2	5	5	2	1	NA	NA	NA	7	2	5
8	54146253	54147725	7	5	2	2	d	2	5.22	4	0.05	0.1	7.213587	2.19935140264	5.0142355	NA	NA	NA	NA	NA	NA	NA	NA	NA	NA	NA	NA	NA	5	2	1	NA	NA	NA	7	2	5
8	54147726	55214359	11	6	5	2	d	3	5.22	4	0.0294808385614	0.529693775672	11.216716	5.00877017028	6.2079456	6	5	1	NA	NA	NA	NA	NA	NA	NA	8	4	4	6	5	1	NA	NA	NA	11	5	6
8	55214360	55478573	11	6	5	2	d	3	5.22	4	0.0303644103156	0.670978715291	11.216129	4.9527423953	6.2633868	6	5	1	NA	NA	NA	NA	NA	NA	NA	8	4	4	6	5	1	NA	NA	NA	11	5	6
8	55478574	55637234	10	5	5	2	d	3	4.36	4.36	0.02400682065	0.423005180887	10.330859	5.16542970467	5.1654297	5	5	1	NA	NA	NA	NA	NA	NA	NA	8	4	4	5	5	1	NA	NA	NA	10	5	5
8	55637235	55637828	10	5	5	2	d	2	6	4	0.05	0.1	10.330859	5.16542970467	5.1654297	NA	NA	NA	NA	NA	NA	NA	NA	NA	NA	NA	NA	NA	5	5	1	NA	NA	NA	10	5	5
8	55637829	56704922	12	7	5	2	d	3	6	4	0.0318705593479	0.543134158805	12.219288	4.99080299111	7.2284846	7	5	1	NA	NA	NA	NA	NA	NA	NA	8	3	5	7	5	1	NA	NA	NA	12	5	7
8	56704923	61499486	13	8	5	2	d	3	6.72	4	0.0299635417021	0.654164728774	13.27262	4.99376252251	8.2788575	8	5	1	NA	NA	NA	NA	NA	NA	NA	8	3	5	8	5	1	NA	NA	NA	13	5	8
8	61499487	61500779	5	5	0	1	g	1	NA	NA	NA	NA	13.27262	4.99376252251	8.2788575	4	4	0.58383114297092	5	4	0.41616885702908	NA	0	0.58383114297092	0.58383114297092	NA	NA	NA	5	0	1	NA	NA	NA	9	4	5
8	61500780	87361619	5	5	0	2	d	5	4	0	0.0151408361938	0.271386275941	5	0	5	5	0	1	NA	NA	NA	NA	NA	NA	NA	5	0	5	5	0	1	NA	NA	NA	5	0	5
8	87361620	98160786	2	2	0	2	d	5	1.56	0	0.0350223390233	0.11288175625	2	0	2	2	0	1	NA	NA	NA	NA	NA	NA	NA	2	0	2	2	0	1	NA	NA	NA	2	0	2
8	98160787	146364021	3	3	0	2	d	5	2.36	0	0.0226207152402	0.16432228002	3	0	3	3	0	1	NA	NA	NA	NA	NA	NA	NA	3	0	3	3	0	1	NA	NA	NA	3	0	3
9	48561	27733529	4	2	2	2	d	5	2	2	0.0331762123574	0.284594137583	4.220355	2.110177416	2.1101774	2	2	1	NA	NA	NA	NA	NA	NA	NA	4	2	2	2	2	1	NA	NA	NA	4	2	2
9	27733530	27919501	3	2	1	2	d	4	2	1	0.049836072115	0.145502386	3.219355	1.09809187214	2.1212636	2	1	0.921770297646876	2	2	0.0782297023531239	0.0412442875181131	0.0431547022434777	0.698657331328244	0.866045346062657	3	1	2	2	1	1	NA	NA	NA	3	1	2
9	27919502	29102454	4	2	2	2	d	5	2	2	0.0349432842505	0.335819597262	4.225806	2.11290297333	2.112903	2	2	1	NA	NA	NA	NA	NA	NA	NA	4	2	2	2	2	1	NA	NA	NA	4	2	2
9	29102455	29402267	3	2	1	2	d	5	2	1	0.0586814066303	0.201161237411	3.281049	1.11803484631	2.1630146	2	1	1	NA	NA	NA	NA	NA	NA	NA	3	1	2	2	1	1	NA	NA	NA	3	1	2
9	29402268	42150624	4	2	2	2	d	5	2	2	0.033530294313	0.277697602334	4.209871	2.10493570711	2.1049357	2	2	1	NA	NA	NA	NA	NA	NA	NA	4	2	2	2	2	1	NA	NA	NA	4	2	2
9	42150625	47299999	4	2	2	2	e	4	2	2	0.05	0.439522962935	4.209871	2.10493570711	2.1049357	2	2	1	NA	NA	NA	NA	NA	NA	NA	1	0	1	2	2	0.361783	2	1	0.638217	3	1	2
9	47300000	50699999	NA	NA	NA	NA	NA	NA	2	2	0.05	0.1	NA	NA	NA	NA	NA	NA	NA	NA	NA	NA	NA	NA	NA	1	0	1	2	2	0.361783	2	1	0.638217	3	1	2
9	50700000	66486485	3	2	1	1	g	1	2	2	0.05	0.331126622451	NA	NA	NA	NA	NA	NA	NA	NA	NA	NA	NA	NA	NA	NA	NA	NA	2	2	0.361783	2	1	0.638217	3	1	2
9	66486486	70975477	2	2	0	1	g	NA	2	2	0.05	0.493791195812	NA	NA	NA	NA	NA	NA	NA	NA	NA	NA	NA	NA	NA	2	0	2	2	2	0.301581	2	1	0.698419	3	1	2
9	70975478	72857380	3	2	1	3	a	6	2	1	0.0563722047405	0.195306384626	3	1	2	2	1	1	NA	NA	NA	NA	NA	NA	NA	3	1	2	2	1	1	NA	NA	NA	3	1	2
9	72857381	74354394	2	1	1	2	d	5	1	1	0.0462540492935	0.147693436354	2.105245	1.05262244044	1.0526224	1	1	1	NA	NA	NA	NA	NA	NA	NA	2	1	1	1	1	1	NA	NA	NA	2	1	1
9	74354395	74919717	3	2	1	3	a	6	2	1	0.0505608282111	0.193749082209	3	1	2	2	1	1	NA	NA	NA	NA	NA	NA	NA	3	1	2	2	1	1	NA	NA	NA	3	1	2
9	74919718	74933306	4	3	1	2	d	3	2	1	0.05	0.1	3	1	2	3	1	1	NA	NA	NA	NA	NA	NA	NA	4	1	3	2	0	0.164517	2	1	0.835483	4	1	3
9	74933307	74958547	3	2	1	2	d	4	2	1	0.05	0.1	NA	NA	NA	2	1	1	NA	NA	NA	NA	NA	NA	NA	3	1	2	2	0	0.164517	2	1	0.835483	3	1	2
9	74958548	123551800	2	1	1	3	a	6	1	1	0.0437274397498	0.138166629704	2	1	1	1	1	1	NA	NA	NA	NA	NA	NA	NA	2	1	1	1	1	1	NA	NA	NA	2	1	1
9	123551801	123552012	2	1	1	3	b	5	1	1	0.05	0.1	2	1	1	1	1	1	NA	NA	NA	NA	NA	NA	NA	NA	NA	NA	1	1	1	NA	NA	NA	2	1	1
9	123552013	140273200	2	1	1	3	a	6	1	1	0.0448175916339	0.162592166236	2	1	1	1	1	1	NA	NA	NA	NA	NA	NA	NA	2	1	1	1	1	1	NA	NA	NA	2	1	1
10	94426	9211496	4	3	1	2	d	4	2.77	0.92	0.0480725858018	0.262431425126	4.103636	1.04245118388	3.0611852	3	1	1	NA	NA	NA	NA	NA	NA	NA	4	1	3	3	1	1	NA	NA	NA	4	1	3
10	9211497	9473032	5	4	1	2	d	2	3.48	1	0.0368804428364	0.209312483841	4.618385	1.05476018283	3.5636245	3	1	0.565061555243876	4	1	0.434938444756124	0.0764839282937967	0.0739316055351173	0.47762003460869	0.764065817076897	5	1	4	4	1	1	NA	NA	NA	4	1	3
10	9473033	9477790	5	4	1	1	h	1	2.72	0.92	0.05	0.1	4.618385	1.05476018283	3.5636245	6	2	1	NA	NA	NA	NA	NA	NA	NA	NA	NA	NA	4	1	1	NA	NA	NA	4	1	3
10	9477791	14031496	4	3	1	2	d	4	2.72	0.92	0.0453572178198	0.265943239127	4.129867	1.03964790148	3.090219	3	1	1	NA	NA	NA	NA	NA	NA	NA	4	1	3	3	1	1	NA	NA	NA	4	1	3
10	14031497	14036401	4	3	1	2	d	3	2.72	0.92	0.05	0.1	4.129867	1.03964790148	3.090219	3	1	1	NA	NA	NA	NA	NA	NA	NA	NA	NA	NA	3	1	1	NA	NA	NA	4	1	3
10	14036402	37999999	4	3	1	2	d	4	2.72	0.92	0.0476483883103	0.227174723827	4.108302	1.04618425969	3.0621181	3	1	1	NA	NA	NA	NA	NA	NA	NA	4	1	3	3	1	1	NA	NA	NA	4	1	3
10	38000000	42355001	NA	NA	NA	NA	NA	NA	2.44	1	0.0543565648884	0.302808278114	4.108302	1.04618425969	3.0621181	3	1	1	NA	NA	NA	NA	NA	NA	NA	4	1	3	NA	NA	NA	NA	NA	NA	3	1	2
10	42355002	73508105	2	1	1	2	d	5	1	1	0.0450520944933	0.196534944332	2.103709	1.05185423633	1.0518542	1	1	1	NA	NA	NA	NA	NA	NA	NA	2	1	1	1	1	1	NA	NA	NA	2	1	1
10	73508106	73567133	3	2	1	2	d	4	2	1	0.05	0.1	3.016435	0.91378033143	2.1026544	2	1	1	NA	NA	NA	NA	NA	NA	NA	NA	NA	NA	2	1	1	NA	NA	NA	3	1	2
10	73567134	85616320	2	1	1	3	a	6	1	1	0.0431842972042	0.152595292601	2	1	1	1	1	1	NA	NA	NA	NA	NA	NA	NA	2	1	1	1	1	1	NA	NA	NA	2	1	1
10	85616321	85663634	1	1	0	2	d	3	NA	NA	NA	NA	1.219582	0.01426318479	1.205319	1	0	1	NA	NA	NA	NA	NA	NA	NA	1	0	1	1	0	1	NA	NA	NA	2	1	1
10	85663635	118140017	2	1	1	2	d	5	1	1	0.043542163056	0.157559608719	2.115521	1.057760267	1.0577603	1	1	1	NA	NA	NA	NA	NA	NA	NA	2	1	1	1	1	1	NA	NA	NA	2	1	1
10	118140018	135229239	3	2	1	2	d	4	2.08	1	0.05703574578	0.237102747432	3.134763	1.05874730085	2.0760155	2	1	1	NA	NA	NA	NA	NA	NA	NA	3	1	2	2	1	1	NA	NA	NA	3	1	2
10	135229240	135423768	3	2	1	2	d	2	2	0.83	0.0515027337087	0.205839223215	3.410074	0.99994418706	2.4101298	NA	NA	NA	NA	NA	NA	NA	NA	NA	NA	3	1	2	3	1	0.444563	2	1	0.555437	3	1	2
11	197291	51599999	2	1	1	2	d	5	1	1	0.0440600742418	0.164983381141	2.106176	1.05308785956	1.0530879	1	1	1	NA	NA	NA	NA	NA	NA	NA	2	1	1	1	1	1	NA	NA	NA	2	1	1
11	51600000	55699999	2	1	1	2	d	5	1	1	0.0472526418582	0.422847044408	2.144465	1.07223256944	1.0722326	1	1	1	NA	NA	NA	NA	NA	NA	NA	2	1	1	1	1	1	NA	NA	NA	2	1	1
11	55700000	65128773	2	1	1	2	d	5	1	1	0.0468614616262	0.162415609459	2.118037	1.05901850689	1.0590185	1	1	1	NA	NA	NA	NA	NA	NA	NA	2	1	1	1	1	1	NA	NA	NA	2	1	1
11	65128774	65129460	2	1	1	2	d	2	NA	NA	NA	NA	2.118037	1.05901850689	1.0590185	NA	NA	NA	NA	NA	NA	NA	NA	NA	NA	1	0	1	1	1	1	NA	NA	NA	2	1	1
11	65129461	65616753	2	1	1	2	e	4	1.28	1.23	0.0551447497093	0.164736531841	2.463964	1.02420443192	1.4397598	1	1	0.538794012228544	2	1	0.461205987771456	0.0331957585549246	0.0302105947157313	0.527565581354724	0.646816760590467	1	0	1	2	1	0.482771	1	1	0.517229	2	1	1
11	65616754	65616794	2	1	1	2	f	3	NA	NA	NA	NA	2.463964	1.02420443192	1.4397598	NA	NA	NA	NA	NA	NA	NA	NA	NA	NA	1	0	1	2	1	0.482771	1	1	0.517229	2	1	1
11	65616795	65617517	1	1	0	1	g	NA	NA	NA	NA	NA	NA	NA	NA	NA	NA	NA	NA	NA	NA	NA	NA	NA	NA	1	0	1	2	1	0.482771	1	1	0.517229	NA	NA	NA
11	65617518	65618047	1	1	0	1	g	NA	NA	NA	NA	NA	NA	NA	NA	NA	NA	NA	NA	NA	NA	NA	NA	NA	NA	1	0	1	1	1	1	NA	NA	NA	NA	NA	NA
11	65618048	65618353	1	1	0	1	g	NA	NA	NA	NA	NA	NA	NA	NA	NA	NA	NA	NA	NA	NA	NA	NA	NA	NA	1	0	1	1	1	1	NA	NA	NA	NA	NA	NA
11	65618354	65621655	1	1	0	1	g	NA	NA	NA	NA	NA	NA	NA	NA	NA	NA	NA	NA	NA	NA	NA	NA	NA	NA	1	0	1	1	1	1	NA	NA	NA	NA	NA	NA
11	65621656	65622037	1	1	0	1	g	NA	NA	NA	NA	NA	NA	NA	NA	NA	NA	NA	NA	NA	NA	NA	NA	NA	NA	1	0	1	1	1	1	NA	NA	NA	NA	NA	NA
11	65622038	65622314	1	1	0	1	g	NA	NA	NA	NA	NA	NA	NA	NA	NA	NA	NA	NA	NA	NA	NA	NA	NA	NA	1	0	1	1	1	1	NA	NA	NA	NA	NA	NA
11	65622315	65622497	2	1	1	1	h	1	NA	NA	NA	NA	NA	NA	NA	NA	NA	NA	NA	NA	NA	NA	NA	NA	NA	NA	NA	NA	1	1	1	NA	NA	NA	NA	NA	NA
11	65622498	117810032	2	1	1	2	d	5	1	1	0.0438604483838	0.143468696169	2.123633	1.06181660133	1.0618166	1	1	1	NA	NA	NA	NA	NA	NA	NA	2	1	1	1	1	1	NA	NA	NA	2	1	1
11	117810033	117825067	2	1	1	2	d	4	1	1	0.05	0.1	2.123633	1.06181660133	1.0618166	1	1	1	NA	NA	NA	NA	NA	NA	NA	NA	NA	NA	1	1	1	NA	NA	NA	2	1	1
11	117825068	134452200	2	1	1	2	d	5	1	1	0.044747771538	0.1430633978	2.108459	1.05422941644	1.0542294	1	1	1	NA	NA	NA	NA	NA	NA	NA	2	1	1	1	1	1	NA	NA	NA	2	1	1
12	110107	188196	4	2	2	2	f	2	1.83	1.83	0.05	0.1	NA	NA	NA	NA	NA	NA	NA	NA	NA	NA	NA	NA	NA	NA	NA	NA	2	1	1	NA	NA	NA	4	2	2
12	188197	33299999	4	2	2	2	d	4	1.83	1.83	0.0368054281977	0.24793401259	4	2	2	2	1	0.173067076292884	2	2	0.826932923707116	0.00300351563477234	0.0029474613498448	0.162155787625252	0.173854422981438	4	2	2	2	2	1	NA	NA	NA	4	2	2
12	33300000	38199999	4	2	2	2	d	4	1.83	1.83	0.0389280745331	0.279335884307	4	2	2	NA	NA	NA	NA	NA	NA	NA	NA	NA	NA	4	2	2	2	2	1	NA	NA	NA	4	2	2
12	38200000	44144710	4	2	2	2	d	3	1.83	1.71	0.0394639772059	0.234708068346	3.943665	1.81754059733	2.1261249	2	1	0.276531089294066	2	2	0.723468910705934	0.0074338752079437	0.00745337390637726	0.260893694566677	0.289993587474233	4	2	2	2	2	1	NA	NA	NA	4	2	2
12	44144711	44386840	4	2	2	2	d	2	2.33	1.52	0.0604382546502	0.261714291014	4.459704	1.65673530233	2.802969	3	1	0.144484224698742	3	2	0.855515775301258	0.0433799993843766	0.0434090581136124	0.0543183811515888	0.223444753657595	5	2	3	2	2	1	NA	NA	NA	4	2	2
12	44386841	44423362	5	3	2	1	g	NA	2.33	1.52	0.05	0.1	4.459704	1.65673530233	2.802969	3	1	0.144484224698742	3	2	0.855515775301258	0.0433799993843766	0.0434090581136124	0.0543183811515888	0.223444753657595	5	2	3	NA	NA	NA	NA	NA	NA	4	2	2
12	44423363	44797537	4	2	2	2	d	3	2	2	0.0389265114687	0.205981336292	4.293526	1.73403335174	2.5594927	3	2	1	NA	NA	NA	NA	NA	NA	NA	4	2	2	3	2	0.923448	2	2	0.0765518	4	2	2
12	44797538	44799400	4	2	2	2	d	2	1.64	1.64	0.05	0.1	4.293526	1.73403335174	2.5594927	3	2	1	NA	NA	NA	NA	NA	NA	NA	4	2	2	3	2	0.923448	2	2	0.0765518	4	2	2
12	44799401	55097655	3	2	1	2	d	2	1.64	1.64	0.0357064279328	0.22305955245	3.57426	1.78713027356	1.7871303	2	2	1	NA	NA	NA	NA	NA	NA	NA	3	1	2	2	2	0.930391	2	1	0.0696094	3	1	2
12	55097656	70495798	4	2	2	2	d	3	1.64	1.64	0.0369481141142	0.215416589024	3.603287	1.80164376789	1.8016438	2	1	0.167374080362192	2	2	0.832625919637808	0.00471784936178689	0.00466146552101327	0.149790863289681	0.167439982580312	4	2	2	2	2	1	NA	NA	NA	4	2	2
12	70495799	70772665	3	2	1	2	d	2	1.72	0.71	0.0797164995515	0.164041159931	2.659785	0.71231967111	1.9474658	2	0	0.268328241843522	2	1	0.731671758156478	0.016133361741896	0.0165942432401593	0.210342928086229	0.276773727792252	3	1	2	2	0	0.283003	2	1	0.716997	3	1	2
12	70772666	78161347	4	2	2	2	d	3	1.64	1.64	0.0385338118616	0.213586033949	3.636079	1.81803945256	1.8180395	2	1	0.173067076292884	2	2	0.826932923707116	0.00632324262373861	0.00640946234553674	0.16107084644801	0.186256096490057	4	2	2	2	2	1	NA	NA	NA	4	2	2
12	78161348	78370276	4	2	2	2	d	3	2	1.67	0.0534576554934	0.208918047405	4.337373	1.93605406686	2.4013189	2	2	0.594028826355529	3	2	0.405971173644471	0.0562807867509942	0.0556310949720416	0.549397828625041	0.762562847257382	4	2	2	2	2	1	NA	NA	NA	4	2	2
12	78370277	94928045	4	2	2	2	d	3	1.64	1.64	0.0367060382573	0.21104207866	3.60261	1.80130520667	1.8013052	2	1	0.116076699647808	2	2	0.883923300352192	0.00482579143853588	0.00496130662938116	0.106057781447032	0.125378459664218	4	2	2	2	2	1	NA	NA	NA	4	2	2
12	94928046	95240011	4	2	2	2	d	4	1.64	1.64	0.0340808640138	0.202997751945	4	2	2	2	1	0.116076699647808	2	2	0.883923300352192	0.00482579143853588	0.00496130662938116	0.106057781447032	0.125378459664218	4	2	2	2	2	1	NA	NA	NA	4	2	2
12	95240012	99314336	4	2	2	2	e	4	1.64	1.64	0.0393997197092	0.192354138924	3.534445	1.76722228289	1.7672223	2	2	1	NA	NA	NA	NA	NA	NA	NA	3	1	2	2	2	1	NA	NA	NA	3	1	2
12	99314337	99676089	4	2	2	2	d	2	2.36	1.42	0.0458718253765	0.208067529844	4.472492	1.77515780826	2.6973337	3	2	1	NA	NA	NA	NA	NA	NA	NA	4	2	2	NA	NA	NA	NA	NA	NA	4	2	2
12	99676090	107207872	4	2	2	2	d	2	1.67	1.64	0.0383024276443	0.214224370116	3.592828	1.796413875	1.7964139	2	1	0.103544041065351	2	2	0.896455958934649	0.00680982311005181	0.00683590572922674	0.0903445175230894	0.117150507153635	4	2	2	NA	NA	NA	NA	NA	NA	4	2	2
12	107207873	107411929	4	2	2	2	d	3	1.67	1.64	0.028365809925	0.271891319522	3.913467	1.82264444289	2.0908223	2	1	0.103544041065351	2	2	0.896455958934649	0.00680982311005181	0.00683590572922674	0.0903445175230894	0.117150507153635	4	2	2	2	2	1	NA	NA	NA	4	2	2
12	107411930	120602667	3	2	1	2	d	2	1.67	1.64	0.0356248976578	0.222018178361	3.532149	1.76607448978	1.7660745	2	2	1	NA	NA	NA	NA	NA	NA	NA	3	1	2	2	2	0.975772	2	1	0.0242284	3	1	2
12	120602668	120674026	4	2	2	2	d	2	2.33	1.56	0.05	0.1	3.532149	1.76607448978	1.7660745	2	1	0.370171246515334	2	2	0.629828753484666	0.109567728921745	0.106657285132475	0.219011577580428	0.622420903579977	4	2	2	2	2	0.975772	2	1	0.0242284	4	2	2
12	120674027	121104903	4	2	2	2	d	2	2.33	1.56	0.0440633501779	0.267034958068	4.274998	1.70023366433	2.5747639	3	2	1	NA	NA	NA	NA	NA	NA	NA	4	2	2	NA	NA	NA	NA	NA	NA	4	2	2
12	121104904	121109959	3	2	1	2	d	2	1.64	1.64	0.05	0.1	4.274998	1.70023366433	2.5747639	NA	NA	NA	NA	NA	NA	NA	NA	NA	NA	3	1	2	2	2	0.875201	2	1	0.124799	3	1	2
12	121109960	132349400	3	2	1	2	d	2	1.64	1.64	0.0369055857772	0.213558090817	3.533202	1.76660112233	1.7666011	2	1	0.0848028673835117	2	2	0.915197132616488	0.00555766508008	0.00569652333747126	0.0600441106785682	0.0817245768281928	3	1	2	2	2	0.875201	2	1	0.124799	3	1	2
12	132349401	133851894	3	2	1	2	d	2	NA	NA	NA	NA	3.500623	1.75031145344	1.7503115	2	1	0.176672640382321	2	2	0.823327359617679	0.0209433388587444	0.0216115715345234	0.14379067617309	0.225790060035771	3	1	2	2	2	1	NA	NA	NA	3	1	2
13	1	16299999	2	2	0	1	h	1	NA	NA	NA	NA	NA	NA	NA	NA	NA	NA	NA	NA	NA	NA	NA	NA	NA	NA	NA	NA	NA	NA	NA	NA	NA	NA	2	0	2
13	16300000	19499999	2	2	0	2	d	3	1.64	0	0.05	0.296879463021	NA	NA	NA	1	0	1	NA	NA	NA	NA	NA	NA	NA	2	0	2	2	0	1	NA	NA	NA	2	0	2
13	19500000	20323196	2	2	0	2	d	5	1.78	0	0.0332680541257	0.11098044867	2	0	2	2	0	1	NA	NA	NA	NA	NA	NA	NA	2	0	2	2	0	1	NA	NA	NA	2	0	2
13	20323197	20510640	1	1	0	3	a	6	1	0	0.05	0.1	1	0	1	1	0	1	NA	NA	NA	NA	NA	NA	NA	1	0	1	1	0	1	NA	NA	NA	1	0	1
13	20510641	114142800	2	2	0	2	d	4	1.83	0	0.032500079116	0.135467600441	2.102753	0.01456324393	2.0881901	2	0	1	NA	NA	NA	NA	NA	NA	NA	2	0	2	2	0	1	NA	NA	NA	2	0	2
13	114142801	115169877	2	2	0	3	b	5	NA	NA	NA	NA	2	0	2	2	0	1	NA	NA	NA	NA	NA	NA	NA	2	0	2	2	0	1	NA	NA	NA	2	0	2
14	1	16099999	2	2	0	1	h	1	NA	NA	NA	NA	NA	NA	NA	NA	NA	NA	NA	NA	NA	NA	NA	NA	NA	NA	NA	NA	NA	NA	NA	NA	NA	NA	2	0	2
14	16100000	19099999	2	2	0	2	d	2	2	0	0.05	0.249198992445	NA	NA	NA	NA	NA	NA	NA	NA	NA	NA	NA	NA	NA	NA	NA	NA	1	1	1	NA	NA	NA	2	0	2
14	19100000	20476485	2	2	0	3	b	5	2	0	0.05	0.61039416923	2	0	2	NA	NA	NA	NA	NA	NA	NA	NA	NA	NA	2	0	2	2	0	1	NA	NA	NA	2	0	2
14	20476486	21696377	2	2	0	3	a	6	2	0	0.0274205293982	0.134055363674	2	0	2	2	0	1	NA	NA	NA	NA	NA	NA	NA	2	0	2	2	0	1	NA	NA	NA	2	0	2
14	21696378	21699482	2	2	0	3	b	6	2	0	0.05	0.1	2	0	2	2	0	1	NA	NA	NA	NA	NA	NA	NA	2	0	2	2	0	1	NA	NA	NA	1	0	1
14	21699483	41426765	2	2	0	2	d	5	2	0	0.0315075597563	0.151062750294	2.101058	0.01116679944	2.0898913	2	0	1	NA	NA	NA	NA	NA	NA	NA	2	0	2	2	0	1	NA	NA	NA	2	0	2
14	41426766	42129759	2	2	0	2	d	3	2	0	0.0301807541959	0.214705490419	2.474905	0.01939502072	2.4555095	2	0	1	NA	NA	NA	NA	NA	NA	NA	3	0	3	2	0	1	NA	NA	NA	3	0	3
14	42129760	51188826	2	2	0	3	a	6	2	0	0.0301029078953	0.148100546225	2	0	2	2	0	1	NA	NA	NA	NA	NA	NA	NA	2	0	2	2	0	1	NA	NA	NA	2	0	2
14	51188827	51327777	3	3	0	3	a	6	3	0	0.0206917946214	0.189868863764	3	0	3	3	0	1	NA	NA	NA	NA	NA	NA	NA	3	0	3	3	0	1	NA	NA	NA	3	0	3
14	51327778	56022433	2	2	0	3	a	6	2	0	0.0312426612385	0.134905508379	2	0	2	2	0	1	NA	NA	NA	NA	NA	NA	NA	2	0	2	2	0	1	NA	NA	NA	2	0	2
14	56022434	56052680	1	1	0	1	g	NA	1	0	0.05	0.1	2	0	2	3	0	1	NA	NA	NA	NA	NA	NA	NA	1	0	1	2	0	1	NA	NA	NA	1	0	1
14	56052681	72147966	2	2	0	3	a	6	2	0	0.02929749844	0.135674319409	2	0	2	2	0	1	NA	NA	NA	NA	NA	NA	NA	2	0	2	2	0	1	NA	NA	NA	2	0	2
14	72147967	72507648	3	3	0	3	a	6	3	0	0.0220982340452	0.161787344877	3	0	3	3	0	1	NA	NA	NA	NA	NA	NA	NA	3	0	3	3	0	1	NA	NA	NA	3	0	3
14	72507649	74631486	2	2	0	3	a	6	2	0	0.0292850092465	0.133998921641	2	0	2	2	0	1	NA	NA	NA	NA	NA	NA	NA	2	0	2	2	0	1	NA	NA	NA	2	0	2
14	74631487	81687070	3	3	0	2	d	4	3	0	0.0214276681928	0.197939675896	3.114099	0.00947880895	3.1046201	4	0	1	NA	NA	NA	NA	NA	NA	NA	3	0	3	3	0	1	NA	NA	NA	3	0	3
14	81687071	81937121	4	4	0	2	d	4	3.82	0	0.0149112010545	0.174653904774	4.134597	0.01219508201	4.1224015	4	0	1	NA	NA	NA	NA	NA	NA	NA	4	0	4	4	0	1	NA	NA	NA	4	0	4
14	81937122	106098630	3	3	0	3	a	6	3	0	0.0224054924476	0.254019091477	3	0	3	3	0	1	NA	NA	NA	NA	NA	NA	NA	3	0	3	3	0	1	NA	NA	NA	3	0	3
14	106098631	106368400	3	3	0	2	d	4	6	0	0.05	1.19370940835	3	0	3	3	0	1	NA	NA	NA	NA	NA	NA	NA	NA	NA	NA	3	0	1	NA	NA	NA	3	0	3
15	1	15799999	2	1	1	1	h	1	NA	NA	NA	NA	NA	NA	NA	NA	NA	NA	NA	NA	NA	NA	NA	NA	NA	NA	NA	NA	NA	NA	NA	NA	NA	NA	2	1	1
15	15800000	20699999	2	1	1	2	d	3	1	1	0.05	0.390392824067	NA	NA	NA	1	1	1	NA	NA	NA	NA	NA	NA	NA	NA	NA	NA	1	0	0.297144	1	1	0.702856	2	1	1
15	20700000	98450213	2	1	1	3	a	6	1	1	0.0440863232832	0.174470464403	2	1	1	1	1	1	NA	NA	NA	NA	NA	NA	NA	2	1	1	1	1	1	NA	NA	NA	2	1	1
15	98450214	98472686	3	2	1	2	d	3	2	1	0.05	0.1	2	1	1	2	1	1	NA	NA	NA	NA	NA	NA	NA	NA	NA	NA	1	1	1	NA	NA	NA	3	1	2
15	98472687	100338800	2	1	1	3	a	6	1	1	0.0452134946736	0.145518579695	2	1	1	1	1	1	NA	NA	NA	NA	NA	NA	NA	2	1	1	1	1	1	NA	NA	NA	2	1	1
15	100338801	102531391	2	1	1	3	b	5	NA	NA	NA	NA	2	1	1	1	1	1	NA	NA	NA	NA	NA	NA	NA	2	1	1	1	1	1	NA	NA	NA	2	1	1
16	83887	19522989	3	2	1	3	a	6	2	1	0.0576115812571	0.251082265744	3	1	2	2	1	1	NA	NA	NA	NA	NA	NA	NA	3	1	2	2	1	1	NA	NA	NA	3	1	2
16	19522990	19738994	2	1	1	3	a	6	1	1	0.0305448890671	0.105625083247	2	1	1	1	1	1	NA	NA	NA	NA	NA	NA	NA	2	1	1	1	1	1	NA	NA	NA	2	1	1
16	19738995	34599999	3	2	1	2	d	5	2.08	1	0.0550436170073	0.278080112435	3	1	2	2	1	1	NA	NA	NA	NA	NA	NA	NA	3	1	2	2	1	1	NA	NA	NA	3	1	2
16	34600000	38599999	3	2	1	2	d	4	2.08	1	0.05	0.283523259415	3.162536	1.09748633869	2.0650493	2	1	1	NA	NA	NA	NA	NA	NA	NA	3	1	2	2	1	1	NA	NA	NA	3	1	2
16	38600000	46387500	3	2	1	2	d	2	1	1	0.05	0.1	3.162536	1.09748633869	2.0650493	NA	NA	NA	NA	NA	NA	NA	NA	NA	NA	NA	NA	NA	2	1	1	NA	NA	NA	3	1	2
16	46387501	55564950	2	1	1	3	a	6	1	1	0.0432342240812	0.172652265438	2	1	1	1	1	1	NA	NA	NA	NA	NA	NA	NA	2	1	1	1	1	1	NA	NA	NA	2	1	1
16	55564951	88827200	3	2	1	2	d	3	1.92	1	0.0603047739684	0.215203725265	2.753717	0.99931402247	1.7544031	1	1	0.224565756823818	2	1	0.775434243176182	0.00436608062027748	0.00402987320217983	0.301992700072578	0.317770117874078	3	1	2	2	1	1	NA	NA	NA	3	1	2
16	88827201	90040020	3	2	1	2	d	2	NA	NA	NA	NA	2.645247	0.96418993739	1.6810573	2	1	0.843617601409452	2	2	0.156382398590548	0.0188614778405286	0.0206737264464174	0.719128785977337	0.801068857407866	2	1	1	2	1	1	NA	NA	NA	3	1	2
16	90040021	90150345	3	2	1	2	d	2	NA	NA	NA	NA	3.618838	1.03941208205	2.579426	NA	NA	NA	NA	NA	NA	NA	NA	NA	NA	3	1	2	3	1	0.580029	2	1	0.419971	3	1	2
17	834	22199999	2	2	0	2	d	5	2.08	0	0.0319064109572	0.199284190173	2	0	2	2	0	1	NA	NA	NA	NA	NA	NA	NA	2	0	2	2	0	1	NA	NA	NA	2	0	2
17	22200000	25799999	2	2	0	2	d	4	2.08	0	0.0259505507597	0.219571491889	2	0	2	NA	NA	NA	NA	NA	NA	NA	NA	NA	NA	2	0	2	2	0	1	NA	NA	NA	2	0	2
17	25800000	36392499	2	2	0	2	d	5	2.08	0	0.0298117795631	0.197985011089	2	0	2	2	0	1	NA	NA	NA	NA	NA	NA	NA	2	0	2	2	0	1	NA	NA	NA	2	0	2
17	36392500	42065991	2	2	0	2	d	5	2.08	0	0.028405397761	0.237553550684	2	0	2	2	0	1	NA	NA	NA	NA	NA	NA	NA	2	0	2	2	0	1	NA	NA	NA	2	0	2
17	42065992	42478411	2	2	0	2	d	3	2.72	0	0.021361726106	0.20023893524	2.424639	0.01199872426	2.4126405	3	0	1	NA	NA	NA	NA	NA	NA	NA	2	0	2	2	0	1	NA	NA	NA	2	0	2
17	42478412	55958584	2	2	0	2	d	4	2.17	0	0.033306413271	0.15655934208	2.109856	0.01162985189	2.0982262	2	0	1	NA	NA	NA	NA	NA	NA	NA	2	0	2	2	0	1	NA	NA	NA	2	0	2
17	55958585	56133655	2	2	0	2	d	3	2.17	0	0.05	0.161234043116	2.427247	6.086471e-05	2.4271861	3	0	1	NA	NA	NA	NA	NA	NA	NA	2	0	2	2	0	1	NA	NA	NA	2	0	2
17	56133656	63102351	2	2	0	2	d	5	2.17	0	0.031107258463	0.154144053513	2	0	2	2	0	1	NA	NA	NA	NA	NA	NA	NA	2	0	2	2	0	1	NA	NA	NA	2	0	2
17	63102352	78774600	1	1	0	2	d	4	1.18	0	0.0527640113396	0.0970331175639	1.109408	0.00994619596	1.099462	1	0	1	NA	NA	NA	NA	NA	NA	NA	1	0	1	1	0	1	NA	NA	NA	1	0	1
17	78774601	81195209	1	1	0	2	d	4	NA	NA	NA	NA	1.105414	0.01413762189	1.0912767	1	0	1	NA	NA	NA	NA	NA	NA	NA	1	0	1	1	0	1	NA	NA	NA	1	0	1
18	27500	10015498	2	2	0	2	d	4	2.08	0	0.0319825895836	0.152886217623	2.127856	0.01257723943	2.1152792	2	0	1	NA	NA	NA	NA	NA	NA	NA	2	0	2	2	0	1	NA	NA	NA	2	0	2
18	10015499	10214071	3	2	1	2	d	2	2	2	0.152020088228	0.392654766098	3.584319	1.58889755306	1.9954214	2	1	0.459039300918263	2	2	0.540960699081737	0.0422332634691224	0.040989312458485	0.387935283991342	0.545442112252526	3	1	2	2	2	0.568124	2	1	0.431876	3	1	2
18	10214072	13890160	2	2	0	2	d	5	2	0	0.0345719706421	0.16437603073	2.102941	0.01126592255	2.0916755	2	0	1	NA	NA	NA	NA	NA	NA	NA	2	0	2	2	0	1	NA	NA	NA	2	0	2
18	13890161	14760518	4	2	2	2	d	2	2.13	1.56	0.0509075480782	0.298045647064	3.774251	1.61137928692	2.1628713	2	1	0.540852716665918	2	2	0.459147283334082	0.027968488826357	0.028371427775708	0.441495248868183	0.556837152190164	4	2	2	2	2	0.400064	2	1	0.599936	4	2	2
18	14760519	18999999	NA	NA	NA	NA	NA	NA	2.08	0	0.120314011952	0.4491313409	2.177984	0.08522558488	2.0927583	2	0	1	NA	NA	NA	NA	NA	NA	NA	2	1	1	2	2	0.400064	2	1	0.599936	3	0	3
18	19000000	35229440	2	2	0	2	d	4	2.08	0	0.0319495293671	0.144585716972	2.118529	0.03075262036	2.0877767	2	0	1	NA	NA	NA	NA	NA	NA	NA	2	0	2	2	0	1	NA	NA	NA	2	0	2
18	35229441	37598321	1	1	0	3	a	6	1	0	0.057502584323	0.0782322110206	1	0	1	1	0	1	NA	NA	NA	NA	NA	NA	NA	1	0	1	1	0	1	NA	NA	NA	1	0	1
18	37598322	66531004	2	2	0	2	d	4	2.08	0	0.0326149889498	0.159648688543	2.105775	0.03141930851	2.0743553	2	0	1	NA	NA	NA	NA	NA	NA	NA	2	0	2	2	0	1	NA	NA	NA	2	0	2
18	66531005	68140940	3	2	1	3	a	6	2	1	0.0572169278127	0.203548270156	3	1	2	2	1	1	NA	NA	NA	NA	NA	NA	NA	3	1	2	2	1	1	NA	NA	NA	3	1	2
18	68140941	77754958	3	2	1	2	d	2	2.08	0.83	0.0573697417335	0.202652934258	2.875228	0.81812394249	2.057104	2	0	0.224930306650737	2	1	0.775069693349263	0.00357839410071771	0.00355609545597148	0.189347416424887	0.203653561500075	3	1	2	2	0	0.233045	2	1	0.766955	3	1	2
19	102500	226797	2	2	0	2	d	2	2.08	0	0.05	0.1	NA	NA	NA	NA	NA	NA	NA	NA	NA	NA	NA	NA	NA	NA	NA	NA	2	0	1	NA	NA	NA	2	0	2
19	226798	1396637	2	2	0	2	d	5	2.08	0	0.0355773852089	0.183007864632	2	0	2	2	0	1	NA	NA	NA	NA	NA	NA	NA	2	0	2	2	0	1	NA	NA	NA	2	0	2
19	1396638	1406972	2	2	0	2	d	3	2.08	0	0.05	0.1	2	0	2	3	0	1	NA	NA	NA	NA	NA	NA	NA	NA	NA	NA	2	0	1	NA	NA	NA	2	0	2
19	1406973	20544023	2	2	0	2	d	5	2.08	0	0.0338294219726	0.178836317885	2	0	2	2	0	1	NA	NA	NA	NA	NA	NA	NA	2	0	2	2	0	1	NA	NA	NA	2	0	2
19	20544024	22844985	2	2	0	2	d	4	2.08	0	0.0327973173436	0.184123244709	2.158879	0.01936017173	2.1395185	2	0	1	NA	NA	NA	NA	NA	NA	NA	2	0	2	2	0	1	NA	NA	NA	2	0	2
19	22844986	24399999	1	1	0	3	a	6	1	0	0.0577406127284	0.0855358261203	1	0	1	1	0	1	NA	NA	NA	NA	NA	NA	NA	1	0	1	1	0	1	NA	NA	NA	1	0	1
19	24400000	28599999	NA	NA	NA	NA	NA	NA	1.78	1.78	0.121096877257	1.76419598737	4.548266	1.01595142568	3.5323148	NA	NA	NA	NA	NA	NA	NA	NA	NA	NA	6	2	4	1	0	1	NA	NA	NA	3	1	2
19	28600000	28700931	9	8	1	1	g	1	15	1.65	0.0294931463045	0.517559888947	10.358144	1.80871332119	8.5494302	8	1	0.304361411032941	8	2	0.695638588967059	0.0413759622762283	0.0412947309097524	0.24090520352121	0.402054092431372	8	1	7	8	2	1	NA	NA	NA	10	1	9
19	28700932	29388048	9	7	2	2	d	3	6.28	1.64	0.029363740026	0.511413913045	9.147503	1.96633937075	7.181164	7	2	1	NA	NA	NA	NA	NA	NA	NA	8	2	6	7	2	1	NA	NA	NA	9	2	7
19	29388049	29407699	15	13	2	1	g	1	22	1.71	0.05	0.1	14.597075	1.87323924451	12.7238359	13	2	1	NA	NA	NA	NA	NA	NA	NA	8	1	7	12	2	1	NA	NA	NA	14	2	12
19	29407700	29408390	14	12	2	2	d	2	22	1.71	0.05	0.1	14.597075	1.87323924451	12.7238359	13	2	1	NA	NA	NA	NA	NA	NA	NA	NA	NA	NA	12	2	1	NA	NA	NA	14	2	12
19	29408391	30292346	15	13	2	1	g	1	22	1.71	0.0286684989478	0.83958421105	14.838596	2.01612307219	12.8224727	13	2	1	NA	NA	NA	NA	NA	NA	NA	8	1	7	13	2	1	NA	NA	NA	14	2	12
19	30292347	30294093	24	22	2	2	f	1	22	1.71	0.05	0.1	14.838596	2.01612307219	12.8224727	22	2	0.339953385431978	22	3	0.660046614568022	NA	0	0.339953385431978	0.339953385431978	8	1	7	13	2	1	NA	NA	NA	17	2	15
19	30294094	30340861	16	14	2	2	f	3	22	1.71	0.05	0.1	16	2	14	14	2	0.569349057694534	14	3	0.430650942305466	1.0734637206199	3.25853159995878	-19.0537780383401	-5.77428542276937	8	1	7	14	2	1	NA	NA	NA	14	1	13
19	30340862	30560000	5	3	2	2	d	4	3	2	0.0500719244338	0.337335841249	5.560544	2.06360448929	3.4969398	3	2	1	NA	NA	NA	NA	NA	NA	NA	5	2	3	4	2	0.449777	3	2	0.550223	5	2	3
19	30560001	30730017	6	4	2	2	e	4	4	1.7	0.0373333860036	0.339863929307	6.484166	2.06548292947	4.4186833	4	2	0.788654665708185	5	2	0.211345334291815	0.231073946990025	0.176082069520809	1.26841474460638	1.98017017275394	6	2	4	5	2	1	NA	NA	NA	5	2	3
19	30730018	31493852	4	2	2	2	d	4	1.78	1.78	0.0306981924687	0.260972541542	4.128331	2.06416558378	2.0641656	2	2	1	NA	NA	NA	NA	NA	NA	NA	4	2	2	2	2	1	NA	NA	NA	4	2	2
19	31493853	32847657	3	2	1	2	d	3	2.08	1	0.0496752206917	0.205673635067	3.307339	1.03804827461	2.2692905	2	1	0.879928315412182	3	1	0.120071684587818	0.0376090319044475	0.032582371391704	1.04419383095319	1.17717146462551	3	1	2	2	1	1	NA	NA	NA	3	1	2
19	32847658	32848642	3	2	1	2	d	2	1.83	1	0.05	0.1	3.307339	1.03804827461	2.2692905	NA	NA	NA	NA	NA	NA	NA	NA	NA	NA	NA	NA	NA	2	1	1	NA	NA	NA	3	1	2
19	32848643	33474559	3	2	1	2	d	2	1.83	1	0.0560375769352	0.191852068755	2.867098	1.04738405481	1.8197142	1	1	0.336253816540557	2	1	0.663746183459443	0.0301648605014355	0.0289517732011418	0.376921464750298	0.489332580237087	3	1	2	2	1	0.723019	1	1	0.276981	3	1	2
19	33474560	33669063	8	6	2	2	d	3	6	2	0.0427537080106	0.1	7.427016	1.73653089995	5.6904848	6	2	1	NA	NA	NA	NA	NA	NA	NA	7	2	5	6	2	1	NA	NA	NA	7	1	6
19	33669064	33678945	5	3	2	2	e	0	6	2	0.05	0.1	7.427016	1.73653089995	5.6904848	7	2	1	NA	NA	NA	NA	NA	NA	NA	7	1	6	2	2	1	NA	NA	NA	8	2	6
19	33678946	33879740	4	2	2	2	d	3	1.83	1.87	0.044989760191	0.233820734484	3.797571	1.89878540144	1.8987854	2	2	1	NA	NA	NA	NA	NA	NA	NA	3	1	2	2	2	1	NA	NA	NA	4	2	2
19	33879741	34510813	3	2	1	2	d	2	1.92	1	0.0660301182174	0.216472168828	2.84827	1.0352060153	1.8130641	1	1	0.287227109807753	2	1	0.712772890192247	0.0351566798561068	0.033315692017034	0.322412355685426	0.451908708321708	3	1	2	2	1	0.76566	1	1	0.23434	3	1	2
19	34510814	34626682	4	2	2	2	d	5	2	2	0.05	0.300468056852	3.830141	1.91507031111	1.9150703	2	2	1	NA	NA	NA	NA	NA	NA	NA	4	2	2	2	2	1	NA	NA	NA	4	2	2
19	34626683	34826921	4	2	2	2	e	1	15	2	0.05	0.40259841703	9.228625	1.77108290607	7.4575419	8	2	1	NA	NA	NA	NA	NA	NA	NA	8	2	6	2	2	1	NA	NA	NA	9	2	7
19	34826922	34965398	9	7	2	2	f	3	7	2	0.05	0.473404535438	8.209029	1.69397535593	6.5150538	7	1	0.193287127220956	7	2	0.806712872779044	0.0512368948671625	0.0504572208952378	0.0636108872160022	0.262219965931604	8	2	6	NA	NA	NA	NA	NA	NA	8	1	7
19	34965399	36145637	3	2	1	2	d	3	1.83	1	0.0595378266	0.224977304351	2.898292	1.04793695569	1.8503548	1	1	0.266159930787297	2	1	0.733840069212703	0.0223486396229836	0.0210872433481852	0.327995420000114	0.411487164456332	3	1	2	2	1	1	NA	NA	NA	3	1	2
19	36145638	36337078	5	3	2	2	e	0	16	2	0.05	0.1	9.548781	1.8502217217	7.6985596	8	2	1	NA	NA	NA	NA	NA	NA	NA	8	2	6	8	2	1	NA	NA	NA	9	2	7
19	36337079	36406643	8	7	1	2	f	2	NA	NA	NA	NA	9.548781	1.8502217217	7.6985596	14	2	1	NA	NA	NA	NA	NA	NA	NA	8	1	7	13	2	1	NA	NA	NA	13	1	12
19	36406644	36676730	8	6	2	2	e	4	6	2	0.05	0.1	7.617138	1.80517688682	5.8119609	6	2	0.560077333170285	7	2	0.439922666829715	0.369169771387293	0.274723733728966	1.08965527001978	2.12987484470056	7	2	5	6	2	1	NA	NA	NA	7	1	6
19	36676731	36755072	3	2	1	2	d	4	2	1	0.05	0.1	2.769218	0.98575033548	1.7834678	1	1	0.159946236559143	2	1	0.840053763440857	0.0720757340380681	0.0690815129044504	0.0961277048234001	0.370945125265398	3	1	2	2	1	1	NA	NA	NA	3	1	2
19	36755073	37281804	4	2	2	2	d	4	2	2	0.0492356230216	0.301932303115	3.910122	1.77573211671	2.1343897	2	2	0.609460479154877	3	2	0.390539520845123	0.0296187570085368	0.0294300973174879	0.55003709629838	0.662283068061072	4	2	2	2	2	1	NA	NA	NA	4	2	2
19	37281805	37306354	3	2	1	2	d	4	2	1	0.05	0.1	3.910122	1.77573211671	2.1343897	2	1	0.791245195126073	2	2	0.208754804873927	0.0839880364292751	0.0845910216846438	0.54553846609505	0.868493717115492	3	1	2	2	1	1	NA	NA	NA	3	1	2
19	37306355	37418670	4	2	2	2	d	3	2.36	2.35	0.05	0.312039878037	4.386589	1.953394241	2.433195	2	2	0.5716629960703	3	2	0.4283370039297	0.0655597646877275	0.0684577713263095	0.374458612835599	0.645899574702133	4	2	2	2	2	1	NA	NA	NA	4	2	2
19	37418671	38579176	3	2	1	2	d	2	2.77	1	0.0463923077139	0.396161263379	3.652102	1.03357570489	2.6185267	2	1	0.455073538499568	3	1	0.544926461500432	0.0413962890210352	0.0399734888543532	0.469311279816582	0.628199705517258	3	1	2	3	1	0.550679	2	1	0.449321	3	1	2
19	38579177	38721051	13	11	2	2	f	3	27	3	0.05	0.1	13.514922	2.46753374272	11.0473884	11	2	0.505481530212573	11	3	0.494518469787427	0.0461656626102926	0.0447314018894218	0.385010396715827	0.561756348624089	8	1	7	3	1	0.550679	2	1	0.449321	13	2	11
19	38721052	38724716	16	13	3	1	g	1	27	3	0.05	0.1	13.514922	2.46753374272	11.0473884	13	3	1	NA	NA	NA	NA	NA	NA	NA	NA	NA	NA	14	3	1	NA	NA	NA	14	2	12
19	38724717	38828173	17	14	3	2	f	3	27	3	0.05	0.1	15.969558	2.64149152655	13.3280665	14	3	1	NA	NA	NA	NA	NA	NA	NA	8	1	7	14	3	1	NA	NA	NA	15	2	13
19	38828174	38829490	17	14	3	2	f	3	27	3	0.05	0.1	15.969558	2.64149152655	13.3280665	14	3	1	NA	NA	NA	NA	NA	NA	NA	NA	NA	NA	14	3	1	NA	NA	NA	14	2	12
19	38829491	38895596	17	14	3	2	f	3	27	3	0.05	0.1	16.399515	2.65584067253	13.743674	14	3	1	NA	NA	NA	NA	NA	NA	NA	8	1	7	14	3	1	NA	NA	NA	14	2	12
19	38895597	38995722	16	13	3	2	f	3	27	3	0.016484495469	0.1	15.259031	2.72967463184	12.5293561	13	3	1	NA	NA	NA	NA	NA	NA	NA	8	1	7	13	3	1	NA	NA	NA	13	2	11
19	38995723	39038454	21	18	3	2	f	2	NA	NA	NA	NA	15.259031	2.72967463184	12.5293561	18	3	1	NA	NA	NA	NA	NA	NA	NA	8	1	7	18	3	1	NA	NA	NA	17	2	15
19	39038455	39038642	21	18	3	2	d	2	NA	NA	NA	NA	NA	NA	NA	18	3	1	NA	NA	NA	NA	NA	NA	NA	NA	NA	NA	18	3	1	NA	NA	NA	17	2	15
19	39038643	39086316	21	18	3	1	h	1	NA	NA	NA	NA	NA	NA	NA	18	3	1	NA	NA	NA	NA	NA	NA	NA	NA	NA	NA	6	3	1	NA	NA	NA	17	2	15
19	39086317	39224653	9	6	3	2	d	3	6	3	0.05	0.310417974439	8.971107	2.84811501779	6.1229919	6	3	1	NA	NA	NA	NA	NA	NA	NA	8	3	5	6	3	1	NA	NA	NA	8	2	6
19	39224654	39476385	5	3	2	2	f	0	16	3	0.05	0.1	10.527169	2.69968379828	7.8274853	9	3	1	NA	NA	NA	NA	NA	NA	NA	8	2	6	8	3	1	NA	NA	NA	9	2	7
19	39476386	39557389	5	3	2	2	d	3	3	2	0.05	0.1	6.076367	2.76271383532	3.313653	3	3	0.561239919354841	4	3	0.438760080645159	0.0788134505008547	0.0776433476765065	0.385775407785916	0.681847531485106	5	2	3	3	3	1	NA	NA	NA	5	2	3
19	39557390	39658308	4	3	1	2	d	2	3	2	0.05	0.1	4.843916	1.69889651025	3.1450198	3	2	0.382050556498774	4	2	0.617949443501226	0.164396333736343	0.134028845920569	0.560246254780417	1.09503814646374	4	1	3	3	2	0.528042	3	1	0.471958	4	1	3
19	39658309	39752695	5	3	2	2	e	1	3	2	0.05	0.1	3.82312	1.91155997444	1.91156	2	2	1	NA	NA	NA	NA	NA	NA	NA	3	1	2	2	2	1	NA	NA	NA	3	1	2
19	39752696	39754477	3	2	1	1	g	NA	22	2	0.05	0.1	3.82312	1.91155997444	1.91156	8	1	0.25644867501028	8	2	0.743551324989721	NA	0	0.25644867501028	0.25644867501028	3	1	2	6	2	1	NA	NA	NA	7	1	6
19	39754478	39769094	4	2	2	2	f	0	22	2	0.05	0.1	NA	NA	NA	6	1	0.293380445714898	6	2	0.706619554285102	0.0946933663743576	0.0935540850578085	0.167584167439751	0.532978745145435	7	2	5	6	2	1	NA	NA	NA	7	1	6
19	39769095	40069975	4	2	2	2	f	0	22	2	0.0277588282305	0.722874044524	12.503946	1.80981987324	10.6941257	12	2	1	NA	NA	NA	NA	NA	NA	NA	8	1	7	11	2	1	NA	NA	NA	11	1	10
19	40069976	41403857	8	6	2	2	e	3	6	1.71	0.0395768871099	1.07145095399	7.966873	1.84833746699	6.1185355	6	2	1	NA	NA	NA	NA	NA	NA	NA	7	2	5	6	2	0.729602	6	1	0.270398	7	1	6
19	41403858	42871862	3	2	1	2	d	3	1.78	1	0.0563627694782	0.192418878448	2.798697	1.00997493816	1.7887224	1	1	0.233635163176758	2	1	0.766364836823242	0.0251192796259844	0.0234101156030784	0.293426599563256	0.384846849994142	3	1	2	2	1	1	NA	NA	NA	3	1	2
19	42871863	43250453	4	2	2	2	d	5	2	2	0.05	0.247890844063	4.04499	1.82853064323	2.216459	2	2	1	NA	NA	NA	NA	NA	NA	NA	4	2	2	2	2	1	NA	NA	NA	4	2	2
19	43250454	43416318	4	2	2	2	d	3	1.67	1.65	0.05	0.297691647034	4.04499	1.82853064323	2.216459	NA	NA	NA	NA	NA	NA	NA	NA	NA	NA	4	2	2	2	2	1	NA	NA	NA	4	2	2
19	43416319	43457500	7	5	2	1	g	NA	5	2	0.05	0.1	NA	NA	NA	NA	NA	NA	NA	NA	NA	NA	NA	NA	NA	7	2	5	6	2	1	NA	NA	NA	4	2	2
19	43457501	43613371	7	5	2	1	g	NA	7	2	0.05	1.0859379313	NA	NA	NA	NA	NA	NA	NA	NA	NA	NA	NA	NA	NA	7	2	5	6	2	1	NA	NA	NA	NA	NA	NA
19	43613372	44922608	3	2	1	2	d	2	1.87	1	0.0566787072002	0.38510596089	2.811743	1.03970348928	1.7720401	1	1	0.341134303183636	2	1	0.658865696816364	0.0274790043204743	0.0250515588781489	0.418073567197596	0.513514312761768	3	1	2	2	1	0.781241	1	1	0.218759	3	1	2
19	44922609	44970580	9	8	1	2	f	2	17	2	0.05	0.1	2.811743	1.03970348928	1.7720401	9	2	1	NA	NA	NA	NA	NA	NA	NA	8	1	7	8	2	0.63769	8	1	0.36231	9	1	8
19	44970581	45146385	3	2	1	2	d	4	2	1	0.058162969429	0.198484313615	2.915401	1.07289779229	1.8425036	1	1	0.378371174659287	2	1	0.621628825340713	0.0897042868075651	0.0767840959959513	0.443297764740853	0.751952001112462	3	1	2	2	1	1	NA	NA	NA	3	1	2
19	45146386	45372793	8	6	2	2	d	3	6	2	0.0272739271703	0.1	7.483878	1.83464050024	5.6492374	6	2	1	NA	NA	NA	NA	NA	NA	NA	7	2	5	6	2	1	NA	NA	NA	7	2	5
19	45372794	45373275	8	6	2	1	g	1	NA	NA	NA	NA	7.483878	1.83464050024	5.6492374	6	2	1	NA	NA	NA	NA	NA	NA	NA	NA	NA	NA	2	1	0.778752	1	1	0.221248	3	1	2
19	45373276	46717211	3	2	1	2	e	4	1.92	1	0.0567668981489	0.211780858972	2.790212	1.01855178397	1.7716604	1	1	0.299955197132617	2	1	0.700044802867383	0.0262829456333787	0.0237726781897521	0.400042543099118	0.491785952498688	2	1	1	2	1	0.778752	1	1	0.221248	3	1	2
19	46717212	46717316	3	2	1	2	e	3	1.92	1	0.05	0.1	2.790212	1.01855178397	1.7716604	NA	NA	NA	NA	NA	NA	NA	NA	NA	NA	NA	NA	NA	2	1	0.778752	1	1	0.221248	3	1	2
19	46717317	48918699	3	2	1	2	e	4	1.92	1	0.0611517331774	0.230532886974	2.770498	1.02742393924	1.7430745	1	1	0.294769680074339	2	1	0.705230319925661	0.0168521093659671	0.0158181336058289	0.351642854764983	0.413912205534978	2	1	1	2	1	0.759202	1	1	0.240798	3	1	2
19	48918700	49026726	5	3	2	2	e	0	2	2	0.05	0.1	7.41593	1.77274944358	5.6431806	6	2	1	NA	NA	NA	NA	NA	NA	NA	7	2	5	6	2	1	NA	NA	NA	7	1	6
19	49026727	49026977	8	6	2	2	f	2	2	2	0.05	0.1	7.41593	1.77274944358	5.6431806	NA	NA	NA	NA	NA	NA	NA	NA	NA	NA	NA	NA	NA	6	2	1	NA	NA	NA	7	1	6
19	49026978	49059849	3	2	1	1	g	NA	2	2	0.05	0.1	NA	NA	NA	2	2	1	NA	NA	NA	NA	NA	NA	NA	3	1	2	2	2	0.301581	2	1	0.698419	3	1	2
19	49059850	49066833	4	3	1	1	g	NA	2	2	0.05	0.1	NA	NA	NA	4	2	1	NA	NA	NA	NA	NA	NA	NA	4	1	3	2	2	1	NA	NA	NA	4	1	3
19	49066834	49136599	4	2	2	2	d	4	2	2	0.05	0.1	4	2	2	2	2	1	NA	NA	NA	NA	NA	NA	NA	3	1	2	2	2	1	NA	NA	NA	3	1	2
19	49136600	49204957	4	3	1	1	g	NA	2	2	0.05	0.1	4	2	2	3	2	1	NA	NA	NA	NA	NA	NA	NA	4	1	3	4	2	0.503954	3	2	0.496046	4	1	3
19	49204958	49240170	4	2	2	1	h	1	NA	NA	NA	NA	NA	NA	NA	2	2	1	NA	NA	NA	NA	NA	NA	NA	NA	NA	NA	2	1	1	NA	NA	NA	4	1	3
19	49240171	50132284	3	2	1	2	d	2	1.83	1	0.0555518792065	0.198193981951	2.821607	1.02525190181	1.7963554	1	1	0.299955197132617	2	1	0.700044802867383	0.0253481951784174	0.0229763486921898	0.361601189738356	0.44688647565062	2	1	1	2	1	1	NA	NA	NA	3	1	2
19	50132285	50259788	8	6	2	1	g	1	4.33	2	0.05	0.1	8.30639	1.81003573508	6.4963539	6	2	1	NA	NA	NA	NA	NA	NA	NA	7	1	6	7	2	1	NA	NA	NA	8	2	6
19	50259789	50584765	6	4	2	2	e	3	4.33	2	0.0433306038184	0.426611337955	6.076597	1.81853710646	4.2580595	4	2	0.504412635422455	5	2	0.495587364577545	0.152386368614002	0.102679566257327	1.51544103749572	1.91599013672725	5	2	3	5	2	0.718089	4	2	0.281911	5	1	4
19	50584766	50648318	3	2	1	2	d	2	2.35	1	0.05	0.1	6.076597	1.81853710646	4.2580595	2	2	1	NA	NA	NA	NA	NA	NA	NA	3	1	2	2	2	0.152954	2	1	0.847046	3	1	2
19	50648319	50697884	2	1	1	2	d	3	2.35	1	0.05	0.1	NA	NA	NA	1	1	1	NA	NA	NA	NA	NA	NA	NA	2	1	1	2	1	0.42647	1	1	0.57353	2	1	1
19	50697885	50994149	3	2	1	2	d	4	2.35	1	0.0477247694514	0.1	3.16219	1.01121105266	2.1509786	2	1	1	NA	NA	NA	NA	NA	NA	NA	3	1	2	2	1	1	NA	NA	NA	3	1	2
19	50994150	51353046	2	1	1	3	a	6	1	1	0.0624589869483	0.1	2	1	1	1	1	1	NA	NA	NA	NA	NA	NA	NA	2	1	1	1	1	1	NA	NA	NA	2	1	1
19	51353047	51492126	3	2	1	2	d	5	2	1	0.0585725250337	0.1	3.127122	1.03866380578	2.0884583	2	1	1	NA	NA	NA	NA	NA	NA	NA	3	1	2	2	1	1	NA	NA	NA	3	1	2
19	51492127	51654064	4	3	1	2	d	5	3	1	0.057060341164	0.230421026028	4.083918	1.14459563969	2.9393228	3	1	1	NA	NA	NA	NA	NA	NA	NA	4	1	3	3	1	1	NA	NA	NA	4	1	3
19	51654065	51899045	8	7	1	2	d	3	7	1	0.0244904056548	0.426416816226	7.687501	0.99181728086	6.6956835	7	1	1	NA	NA	NA	NA	NA	NA	NA	7	1	6	7	1	1	NA	NA	NA	7	1	6
19	51899046	54376424	3	2	1	2	d	5	2.08	1	0.0612686417711	0.296217788163	3	1	2	2	1	1	NA	NA	NA	NA	NA	NA	NA	3	1	2	2	1	1	NA	NA	NA	3	1	2
19	54376425	54730760	4	3	1	2	d	4	3.29	1	0.0318108897242	0.1	4	1	3	3	0	0.0937323146576099	3	1	0.90626768534239	0.0456715386825065	0.0514601088649359	-0.268388159875359	-0.0681864534175725	4	1	3	3	1	1	NA	NA	NA	4	1	3
19	54730761	54756438	5	3	2	1	g	NA	5	1	0.05	0.1	4	1	3	4	1	1	NA	NA	NA	NA	NA	NA	NA	5	2	3	4	2	1	NA	NA	NA	4	1	3
19	54756439	54756604	1	1	0	1	g	NA	5	1	0.05	0.1	NA	NA	NA	NA	NA	NA	NA	NA	NA	NA	NA	NA	NA	1	0	1	4	2	1	NA	NA	NA	4	1	3
19	54756605	54756980	6	4	2	1	h	1	5	1	0.05	0.1	NA	NA	NA	NA	NA	NA	NA	NA	NA	NA	NA	NA	NA	NA	NA	NA	4	2	1	NA	NA	NA	NA	NA	NA
19	54756981	54757737	6	4	2	1	h	1	5	1	0.05	0.1	NA	NA	NA	NA	NA	NA	NA	NA	NA	NA	NA	NA	NA	NA	NA	NA	4	2	1	NA	NA	NA	NA	NA	NA
19	54757738	54758078	7	6	1	1	h	1	5	1	0.05	0.1	NA	NA	NA	NA	NA	NA	NA	NA	NA	NA	NA	NA	NA	NA	NA	NA	6	1	1	NA	NA	NA	NA	NA	NA
19	54758079	54848387	6	5	1	1	g	NA	5	1	0.05	0.1	NA	NA	NA	6	1	1	NA	NA	NA	NA	NA	NA	NA	6	1	5	6	1	1	NA	NA	NA	5	1	4
19	54848388	54848555	2	2	0	1	g	NA	NA	NA	NA	NA	NA	NA	NA	13	0	0.454998926382897	13	1	0.545001073617103	NA	0	0.454998926382897	0.454998926382897	2	0	2	6	1	1	NA	NA	NA	14	1	13
19	54848556	54997700	8	7	1	1	g	NA	29	1	0.0161189347997	0.1	14.10445	1.00846184596	13.0959881	14	1	1	NA	NA	NA	NA	NA	NA	NA	8	1	7	14	1	1	NA	NA	NA	14	1	13
19	54997701	55278034	4	3	1	2	d	4	3.36	1	0.0310310198041	0.316302324557	4.209799	1.068378375	3.1414205	3	1	1	NA	NA	NA	NA	NA	NA	NA	4	1	3	3	1	1	NA	NA	NA	4	1	3
19	55278035	55410283	3	2	1	2	d	3	2	1	0.05	0.1	4.209799	1.068378375	3.1414205	2	2	1	NA	NA	NA	NA	NA	NA	NA	3	1	2	2	1	1	NA	NA	NA	4	1	3
19	55410284	55494003	5	3	2	1	g	NA	2	1	0.05	0.1	4.906658	1.64021383607	3.2664441	3	2	0.384707287933087	4	2	0.615292712066913	0.0921386659771877	0.0942624376705933	0.288247696259954	0.654089272662747	5	2	3	4	2	0.614516	3	2	0.385484	4	1	3
19	55494004	55817018	9	7	2	2	e	4	7	1.7	0.0258691249762	0.744000018553	8.466496	1.7753225145	6.6911736	7	2	1	NA	NA	NA	NA	NA	NA	NA	7	2	5	7	2	1	NA	NA	NA	8	1	7
19	55817019	57877281	2	2	0	2	d	5	2	0	0.0355550744215	0.216073809502	1.920079	0.03170896841	1.88837	2	0	1	NA	NA	NA	NA	NA	NA	NA	2	0	2	2	0	1	NA	NA	NA	2	0	2
19	57877282	57922382	6	4	2	1	g	NA	5	2	0.05	0.1	1.920079	0.03170896841	1.88837	5	2	1	NA	NA	NA	NA	NA	NA	NA	6	2	4	5	2	0.895808	4	2	0.104192	6	2	4
19	57922383	58882250	4	2	2	2	d	5	2	2	0.0409482020984	0.293247548047	4	2	2	2	1	0.155127196433255	2	2	0.844872803566745	0.015854282847638	0.0161251517898789	0.142236804230835	0.205545887272325	4	2	2	2	2	1	NA	NA	NA	4	2	2
19	58882251	58891646	4	2	2	2	d	3	2	2	0.05	0.1	4	2	2	NA	NA	NA	NA	NA	NA	NA	NA	NA	NA	NA	NA	NA	2	0	1	NA	NA	NA	4	2	2
20	32074	23265353	4	2	2	2	d	4	1.71	1.71	0.0318296040058	0.223629207541	4.12759	2.06379502089	2.063795	2	2	1	NA	NA	NA	NA	NA	NA	NA	4	2	2	2	2	1	NA	NA	NA	4	2	2
20	23265354	23335357	3	2	1	2	d	4	1.83	0.72	0.0635665160356	0.1	3.131581	1.03568414016	2.0958972	2	1	1	NA	NA	NA	NA	NA	NA	NA	3	1	2	2	1	1	NA	NA	NA	3	1	2
20	23335358	25599999	4	2	2	2	d	4	1.67	1.67	0.0300633612343	0.213671570012	4.122226	2.06111311711	2.0611131	2	2	1	NA	NA	NA	NA	NA	NA	NA	4	2	2	2	2	1	NA	NA	NA	4	2	2
20	25600000	29452201	NA	NA	NA	NA	NA	NA	1.67	1.67	0.05	0.418452100478	4.122226	2.06111311711	2.0611131	2	2	1	NA	NA	NA	NA	NA	NA	NA	4	2	2	2	2	1	NA	NA	NA	4	2	2
20	29452202	36141599	5	3	2	2	d	5	2.44	1.64	0.0448532071297	0.311202741453	5	2	3	3	2	1	NA	NA	NA	NA	NA	NA	NA	5	2	3	3	2	1	NA	NA	NA	5	2	3
20	36141600	36182584	5	3	2	2	d	4	2.44	1.64	0.05	0.1	5	2	3	3	3	1	NA	NA	NA	NA	NA	NA	NA	5	2	3	3	2	1	NA	NA	NA	5	2	3
20	36182585	57910356	5	3	2	2	d	4	2.44	1.64	0.0451389163752	0.266827714068	5.124824	2.0639584088	3.0608653	3	2	1	NA	NA	NA	NA	NA	NA	NA	5	2	3	3	2	1	NA	NA	NA	5	2	3
20	57910357	57938647	6	4	2	1	g	NA	4	1	0.05	0.1	5.124824	2.0639584088	3.0608653	5	1	0.201827557632215	5	2	0.798172442367785	0.0730558858154571	0.0682231630985565	0.116939538044364	0.38331022425852	6	2	4	4	2	0.867687	3	2	0.132313	7	2	5
20	57938648	57940011	6	4	2	1	h	1	NA	NA	NA	NA	NA	NA	NA	NA	NA	NA	NA	NA	NA	NA	NA	NA	NA	NA	NA	NA	4	2	0.867687	3	2	0.132313	7	2	5
20	57940012	57958509	5	3	2	2	d	3	2	2	0.05	0.1	NA	NA	NA	3	2	1	NA	NA	NA	NA	NA	NA	NA	5	2	3	4	2	0.867687	3	2	0.132313	5	2	3
20	57958510	59518577	7	5	2	2	d	5	4.17	1.71	0.0364838804648	0.387807573929	7	2	5	5	2	1	NA	NA	NA	NA	NA	NA	NA	7	2	5	5	2	1	NA	NA	NA	7	2	5
20	59518578	59568576	6	4	2	2	d	2	4.17	1.71	0.05	0.1	6.878666	1.91528449359	4.9633812	4	2	0.755218216318784	5	2	0.244781783681216	0.672571101076197	0.308000209521356	2.14785872729222	3.33472596073588	6	2	4	5	2	1	NA	NA	NA	6	2	4
20	59568577	62615606	6	4	2	2	d	3	3.22	1.64	0.0384734721102	0.371056244607	6	2	4	4	2	1	NA	NA	NA	NA	NA	NA	NA	5	2	3	4	2	1	NA	NA	NA	5	2	3
20	62615607	62617271	1	1	0	1	g	NA	NA	NA	NA	NA	6	2	4	NA	NA	NA	NA	NA	NA	NA	NA	NA	NA	1	0	1	4	2	1	NA	NA	NA	5	2	3
21	1	9907584	NA	NA	NA	NA	NA	NA	NA	NA	NA	NA	NA	NA	NA	NA	NA	NA	NA	NA	NA	NA	NA	NA	NA	NA	NA	NA	2	0	1	NA	NA	NA	NA	NA	NA
21	9907585	14413101	NA	NA	NA	NA	NA	NA	2	1	0.05	0.388459983925	NA	NA	NA	NA	NA	NA	NA	NA	NA	NA	NA	NA	NA	NA	NA	NA	2	1	0.976147	1	1	0.0238527	NA	NA	NA
21	14413102	35341322	3	2	1	2	d	4	2	1	0.058092810329	0.20861742856	3	1	2	1	1	0.17212092878292	2	1	0.82787907121708	0.00632986261516358	0.00588788794438261	0.290544827108415	0.313692674103978	3	1	2	2	1	1	NA	NA	NA	NA	NA	NA
21	35341323	35537789	4	2	2	2	e	4	2	1.42	0.0440509325012	0.197253195315	3.289636	1.39980467122	1.8898314	2	1	0.466415770609321	2	2	0.533584229390679	0.042860898190717	0.0452657846986704	0.299664883518298	0.47505758852402	3	1	2	2	2	0.510817	2	1	0.489183	NA	NA	NA
21	35537790	46937500	3	2	1	2	d	3	2	1	0.0575240196542	0.200313214998	2.904984	1.02605488057	1.8789294	1	1	0.244708959827425	2	1	0.755291040172575	0.00672934146466593	0.00685335901893232	0.231186823722282	0.257576311782995	3	1	2	2	1	1	NA	NA	NA	NA	NA	NA
21	46937501	48129894	3	2	1	2	d	2	NA	NA	NA	NA	2.853484	1.01061688094	1.8428667	1	1	0.244708959827425	2	1	0.755291040172575	0.00672934146466593	0.00685335901893232	0.231186823722282	0.257576311782995	3	1	2	2	1	1	NA	NA	NA	NA	NA	NA
22	1	12199999	2	2	0	1	h	1	NA	NA	NA	NA	NA	NA	NA	NA	NA	NA	NA	NA	NA	NA	NA	NA	NA	NA	NA	NA	NA	NA	NA	NA	NA	NA	2	0	2
22	12200000	17899999	2	2	0	2	d	5	2.13	0	0.0309296897468	0.24325696343	2	0	2	2	0	1	NA	NA	NA	NA	NA	NA	NA	2	0	2	2	0	1	NA	NA	NA	2	0	2
22	17900000	31317118	2	2	0	2	d	5	2.13	0	0.0330128117912	0.17320442358	2	0	2	2	0	1	NA	NA	NA	NA	NA	NA	NA	2	0	2	2	0	1	NA	NA	NA	2	0	2
22	31317119	31704647	3	3	0	2	d	5	3.17	0	0.0243677713569	0.178449260939	3	0	3	3	0	1	NA	NA	NA	NA	NA	NA	NA	3	0	3	3	0	1	NA	NA	NA	3	0	3
22	31704648	39354815	2	2	0	2	d	5	2.22	0	0.0307567800365	0.165341535489	2	0	2	2	0	1	NA	NA	NA	NA	NA	NA	NA	2	0	2	2	0	1	NA	NA	NA	2	0	2
22	39354816	49687500	2	2	0	2	d	5	2.22	0	0.032159861709	0.175495616684	2	0	2	2	0	1	NA	NA	NA	NA	NA	NA	NA	2	0	2	2	0	1	NA	NA	NA	2	0	2
22	49687501	51304565	2	2	0	3	b	5	NA	NA	NA	NA	2	0	2	2	0	1	NA	NA	NA	NA	NA	NA	NA	2	0	2	2	0	1	NA	NA	NA	2	0	2
X	1	7320253	2	1	1	2	d	4	1	1	0.054326173368	0.28451743128	2	1	1	1	0	0.097397537790246	1	1	0.902602462209754	0.0052010232490905	0.0051787847704079	0.0905133114669508	0.11054390140714	2	1	1	NA	NA	NA	NA	NA	NA	2	1	1
X	7320254	7399824	1	1	0	2	d	4	1	1	0.05	0.1	1	0	1	1	0	1	NA	NA	NA	NA	NA	NA	NA	1	0	1	NA	NA	NA	NA	NA	NA	1	0	1
X	7399825	58099999	2	1	1	2	d	4	1	1	0.0503595586791	0.242670857906	2	1	1	1	0	0.0634358697250884	1	1	0.936564130274912	0.00246014900691749	0.00249843640601261	0.0585581413951828	0.0684733822830211	2	1	1	NA	NA	NA	NA	NA	NA	2	1	1
X	58100000	62999999	2	1	1	3	b	4	1	1	0.0433778804944	0.401984128136	2	1	1	NA	NA	NA	NA	NA	NA	NA	NA	NA	NA	2	1	1	NA	NA	NA	NA	NA	NA	2	1	1
X	63000000	73097081	2	1	1	2	d	4	1	1	0.0514626005402	0.20370135626	2	1	1	1	0	0.070389069141451	1	1	0.929610930858549	0.00586895023811965	0.00580402583682549	0.0584026681793062	0.0817280362967064	2	1	1	NA	NA	NA	NA	NA	NA	2	1	1
X	73097082	73098004	2	1	1	2	d	3	1	1	0.05	0.1	2	1	1	NA	NA	NA	NA	NA	NA	NA	NA	NA	NA	NA	NA	NA	NA	NA	NA	NA	NA	NA	2	1	1
X	73098005	123064015	2	1	1	2	d	4	1	1	0.0523826340325	0.222036086314	2	1	1	1	0	0.11200716845878	1	1	0.88799283154122	0.00342134472146778	0.00325726454408779	0.100889069753357	0.113492299587332	2	1	1	NA	NA	NA	NA	NA	NA	2	1	1
X	123064016	123193010	1	1	0	2	d	3	1	1	0.05	0.1	1	0	1	0	0	0.329709716806494	1	0	0.670290283193506	0.502393362298309	0.14920216147276	0.29209351808337	0.905523850390738	1	0	1	NA	NA	NA	NA	NA	NA	1	0	1
X	123193011	126205021	2	1	1	2	d	4	1	1	0.0519529933756	0.223638886036	2	1	1	1	0	0.124452409398645	1	1	0.875547590601355	0.00786952432197632	0.00819354406725121	0.115441898212548	0.147114058255829	2	1	1	NA	NA	NA	NA	NA	NA	2	1	1
X	126205022	127046939	1	1	0	2	d	3	1	1	0.0832669634473	0.1	1	0	1	0	0	0.239545997610514	1	0	0.760454002389486	0.0359471165714919	0.0302819357804239	0.266532463407101	0.383439002269592	1	0	1	NA	NA	NA	NA	NA	NA	1	0	1
X	127046940	154913600	2	1	1	2	d	4	1	1	0.0497194750843	0.216039237253	2	1	1	1	0	0.11224276918654	1	1	0.88775723081346	0.0031502608758136	0.00315955102516508	0.106147917856274	0.118862675529307	2	1	1	NA	NA	NA	NA	NA	NA	2	1	1
