chromosome	start	end	total_cn	major_cn	minor_cn	star	level	methods_agree	absolute_broad_major_cn	absolute_broad_minor_cn	absolute_broad_het_error	absolute_broad_cov_error	aceseq_copy_number	aceseq_minor_cn	aceseq_major_cn	battenberg_nMaj1_A	battenberg_nMin1_A	battenberg_frac1_A	battenberg_nMaj2_A	battenberg_nMin2_A	battenberg_frac2_A	battenberg_SDfrac_A	battenberg_SDfrac_A_BS	battenberg_frac1_A_0.025	battenberg_frac1_A_0.975	clonehd_copy_number	clonehd_minor_cn	clonehd_major_cn	sclust_nMaj1_A	sclust_nMin1_A	sclust_frac1_A	sclust_nMaj2_A	sclust_nMin2_A	sclust_frac2_A	jabba_copy_number	jabba_minor_cn	jabba_major_cn
1	1	840710	1	1	0	2	f	2	NA	NA	NA	NA	NA	NA	NA	1	0	0.755353577632042	1	1	0.244646422367958	0.0240003940276099	0.0237754722410711	0.706679158992733	0.80305798695328	1	0	1	1	0	0.551886	1	1	0.448114	2	0	2
1	840711	2361945	1	1	0	2	d	2	1	0	0.097974812606	0.0896503156171	1.137307	0.221944695	0.9153624	1	0	0.755353577632042	1	1	0.244646422367958	0.0240003940276099	0.0237754722410711	0.706679158992733	0.80305798695328	1	0	1	1	0	0.86108	1	1	0.13892	2	0	2
1	2361946	3140043	0	0	0	2	e	4	0	0	0.0872815257751	0.0945593984434	0.363995	0.181997658	0.1819977	0	0	0.82106858658583	1	0	0.17893141341417	0.0308912742689682	0.0308524681317821	0.753088775327612	0.877424580625432	1	0	1	0	0	1	NA	NA	NA	1	0	1
1	3140044	5332582	1	1	0	2	d	3	1	0	0.097358109116	0.0886522223314	1.067318	0.195698845	0.8716193	1	0	0.81199588588751	1	1	0.18800411411249	0.0130306106389	0.0136668651012519	0.752428216863803	0.805822162034985	1	0	1	1	0	0.719422	0	0	0.280578	1	0	1
1	5332583	69863749	2	1	1	3	a	6	1	1	0.0576643805524	0.112080159905	2	1	1	1	1	1	NA	NA	NA	NA	NA	NA	NA	2	1	1	1	1	1	NA	NA	NA	2	1	1
1	69863750	69906368	3	2	1	2	d	4	1	1	0.05	0.1	2.599787	0.919725999	1.6800607	2	1	1	NA	NA	NA	NA	NA	NA	NA	3	1	2	2	1	1	NA	NA	NA	3	1	2
1	69906369	121499999	2	1	1	3	a	6	1	1	0.0551824517046	0.0997302949647	2	1	1	1	1	1	NA	NA	NA	NA	NA	NA	NA	2	1	1	1	1	1	NA	NA	NA	2	1	1
1	121500000	128899999	2	1	1	2	d	4	NA	NA	NA	NA	2	1	1	1	1	1	NA	NA	NA	NA	NA	NA	NA	NA	NA	NA	1	1	1	NA	NA	NA	2	1	1
1	128900000	147746314	2	1	1	3	a	6	1	1	0.0606403841749	0.216506670836	2	1	1	1	1	1	NA	NA	NA	NA	NA	NA	NA	2	1	1	1	1	1	NA	NA	NA	2	1	1
1	147746315	247247500	2	1	1	3	a	6	1	1	0.0562509270044	0.101315027091	2	1	1	1	1	1	NA	NA	NA	NA	NA	NA	NA	2	1	1	1	1	1	NA	NA	NA	2	1	1
1	247247501	249250620	2	1	1	3	b	5	NA	NA	NA	NA	2	1	1	1	1	1	NA	NA	NA	NA	NA	NA	NA	2	1	1	1	1	1	NA	NA	NA	2	1	1
2	30762	89156138	2	1	1	3	a	6	1	1	0.0564764938544	0.101244478606	2	1	1	1	1	1	NA	NA	NA	NA	NA	NA	NA	2	1	1	1	1	1	NA	NA	NA	2	1	1
2	89156139	89185249	0	0	0	2	f	3	NA	NA	NA	NA	2	1	1	0	0	0.521169457060667	1	0	0.478830542939333	0.230715856129643	0.193221705072919	0.20733041687942	1.00069242770938	1	0	1	0	0	1	NA	NA	NA	0	0	0
2	89185250	89474202	0	0	0	2	d	2	NA	NA	NA	NA	NA	NA	NA	0	0	0.521169457060667	1	0	0.478830542939333	0.230715856129643	0.193221705072919	0.20733041687942	1.00069242770938	1	0	1	0	0	1	NA	NA	NA	0	0	0
2	89474203	90499999	2	1	1	1	h	1	NA	NA	NA	NA	NA	NA	NA	NA	NA	NA	NA	NA	NA	NA	NA	NA	NA	NA	NA	NA	NA	NA	NA	NA	NA	NA	2	1	1
2	90500000	96799999	2	1	1	2	d	4	1	1	0.0633370209366	0.162023053144	NA	NA	NA	NA	NA	NA	NA	NA	NA	NA	NA	NA	NA	2	1	1	1	1	1	NA	NA	NA	2	1	1
2	96800000	189258166	2	1	1	3	a	6	1	1	0.0552341215084	0.0995949739843	2	1	1	1	1	1	NA	NA	NA	NA	NA	NA	NA	2	1	1	1	1	1	NA	NA	NA	2	1	1
2	189258167	189272411	2	1	1	2	d	4	NA	NA	NA	NA	2	1	1	1	1	1	NA	NA	NA	NA	NA	NA	NA	1	0	1	1	1	1	NA	NA	NA	2	1	1
2	189272412	242978945	2	1	1	3	a	6	1	1	0.056207962345	0.103270349896	2	1	1	1	1	1	NA	NA	NA	NA	NA	NA	NA	2	1	1	1	1	1	NA	NA	NA	2	1	1
3	100074	60451875	2	1	1	3	a	6	1	1	0.0561689420439	0.109633266796	2	1	1	1	1	1	NA	NA	NA	NA	NA	NA	NA	2	1	1	1	1	1	NA	NA	NA	2	1	1
3	60451876	60452567	2	1	1	2	d	3	1	1	0.05	0.1	2	1	1	1	0	1	NA	NA	NA	NA	NA	NA	NA	NA	NA	NA	1	1	1	NA	NA	NA	1	0	1
3	60452568	60666162	2	1	1	3	a	6	1	1	0.0520644403398	0.0874418013296	2	1	1	1	1	1	NA	NA	NA	NA	NA	NA	NA	2	1	1	1	1	1	NA	NA	NA	2	1	1
3	60666163	60815214	3	2	1	2	d	4	1	1	0.05	0.112425740351	2.861366	1.118099406	1.7432664	2	1	1	NA	NA	NA	NA	NA	NA	NA	3	1	2	2	1	1	NA	NA	NA	3	1	2
3	60815215	87899999	2	1	1	3	a	6	1	1	0.0546972587784	0.103443230806	2	1	1	1	1	1	NA	NA	NA	NA	NA	NA	NA	2	1	1	1	1	1	NA	NA	NA	2	1	1
3	87900000	93899999	2	1	1	3	b	5	1	1	0.0523513217	0.0964936664038	2	1	1	NA	NA	NA	NA	NA	NA	NA	NA	NA	NA	2	1	1	1	1	1	NA	NA	NA	2	1	1
3	93900000	197847500	2	1	1	3	a	6	1	1	0.0556635012758	0.103943305029	2	1	1	1	1	1	NA	NA	NA	NA	NA	NA	NA	2	1	1	1	1	1	NA	NA	NA	2	1	1
4	27500	48199999	2	1	1	3	a	6	1	1	0.0567286585167	0.104007698206	2	1	1	1	1	1	NA	NA	NA	NA	NA	NA	NA	2	1	1	1	1	1	NA	NA	NA	2	1	1
4	48200000	52699999	2	1	1	3	a	6	1	1	0.0498614332542	0.26697345804	2	1	1	1	1	1	NA	NA	NA	NA	NA	NA	NA	2	1	1	1	1	1	NA	NA	NA	2	1	1
4	52700000	191154275	2	1	1	3	a	6	1	1	0.0548132530678	0.101511336057	2	1	1	1	1	1	NA	NA	NA	NA	NA	NA	NA	2	1	1	1	1	1	NA	NA	NA	2	1	1
5	52689	46099999	2	1	1	3	a	6	1	1	0.056074785964	0.101542420749	2	1	1	1	1	1	NA	NA	NA	NA	NA	NA	NA	2	1	1	1	1	1	NA	NA	NA	2	1	1
5	46100000	50699999	2	1	1	2	d	5	1	1	0.0492653561454	0.11225871453	2.141049	1.070524659	1.0705247	1	1	1	NA	NA	NA	NA	NA	NA	NA	2	1	1	1	1	1	NA	NA	NA	2	1	1
5	50700000	180689978	2	1	1	3	a	6	1	1	0.0554364983845	0.102242068691	2	1	1	1	1	1	NA	NA	NA	NA	NA	NA	NA	2	1	1	1	1	1	NA	NA	NA	2	1	1
6	39681	235882	2	1	1	2	d	4	1	1	0.05	0.1	NA	NA	NA	1	1	1	NA	NA	NA	NA	NA	NA	NA	NA	NA	NA	1	1	1	NA	NA	NA	2	1	1
6	235883	58699999	2	1	1	3	a	6	1	1	0.0601694900465	0.101470495759	2	1	1	1	1	1	NA	NA	NA	NA	NA	NA	NA	2	1	1	1	1	1	NA	NA	NA	2	1	1
6	58700000	63299999	2	1	1	3	b	5	1	1	0.0564806681913	0.112754810573	2	1	1	NA	NA	NA	NA	NA	NA	NA	NA	NA	NA	2	1	1	1	1	1	NA	NA	NA	2	1	1
6	63300000	67448231	2	1	1	3	a	6	1	1	0.0570052124173	0.101165878958	2	1	1	1	1	1	NA	NA	NA	NA	NA	NA	NA	2	1	1	1	1	1	NA	NA	NA	2	1	1
6	67448232	137417064	1	1	0	3	a	6	1	0	0.091001256681	0.0819673799987	1	0	1	1	0	1	NA	NA	NA	NA	NA	NA	NA	1	0	1	1	0	1	NA	NA	NA	1	0	1
6	137417065	138305048	1	1	0	2	d	2	0.39	0	0.0726856237372	0.0699277958895	0.532044	0.079090413	0.4529538	0	0	0.602374636857395	1	0	0.397625363142605	0.0290733898386987	0.0273371849455872	0.578665299725599	0.681616226225479	1	0	1	0	0	1	NA	NA	NA	1	0	1
6	138305049	170899934	1	1	0	3	a	6	1	0	0.0923355244429	0.0834587339903	1	0	1	1	0	1	NA	NA	NA	NA	NA	NA	NA	1	0	1	1	0	1	NA	NA	NA	1	0	1
7	40386	57999999	2	1	1	3	a	6	1	1	0.0573018546093	0.111753201045	2	1	1	1	1	1	NA	NA	NA	NA	NA	NA	NA	2	1	1	1	1	1	NA	NA	NA	2	1	1
7	58000000	61699999	2	1	1	3	a	6	1	1	0.05	0.0920117637678	2	1	1	1	1	1	NA	NA	NA	NA	NA	NA	NA	2	1	1	1	1	1	NA	NA	NA	2	1	1
7	61700000	104736709	2	1	1	3	a	6	1	1	0.0555048254019	0.104107017188	2	1	1	1	1	1	NA	NA	NA	NA	NA	NA	NA	2	1	1	1	1	1	NA	NA	NA	2	1	1
7	104736710	104769065	1	1	0	3	b	6	1	0	0.05	0.1	2	1	1	1	0	1	NA	NA	NA	NA	NA	NA	NA	1	0	1	1	0	1	NA	NA	NA	1	0	1
7	104769066	104771517	1	1	0	2	d	3	1	0	0.05	0.1	NA	NA	NA	3	2	0.278189790505069	3	3	0.721810209494931	NA	0	0.278189790505069	0.278189790505069	1	0	1	1	0	1	NA	NA	NA	2	1	1
7	104771518	104774392	1	1	0	2	d	4	1	0	0.05	0.1	NA	NA	NA	0	0	1	NA	NA	NA	NA	NA	NA	NA	1	0	1	1	0	1	NA	NA	NA	1	0	1
7	104774393	104776903	1	1	0	2	d	4	1	0	0.05	0.1	NA	NA	NA	NA	NA	NA	NA	NA	NA	NA	NA	NA	NA	1	0	1	1	0	1	NA	NA	NA	1	0	1
7	104776904	104781528	2	1	1	1	g	NA	1	0	0.05	0.1	NA	NA	NA	NA	NA	NA	NA	NA	NA	NA	NA	NA	NA	NA	NA	NA	1	1	1	NA	NA	NA	NA	NA	NA
7	104781529	104805213	2	1	1	2	d	4	1	1	0.05	0.1	NA	NA	NA	1	1	1	NA	NA	NA	NA	NA	NA	NA	NA	NA	NA	1	1	1	NA	NA	NA	2	1	1
7	104805214	104965459	1	1	0	2	d	4	1	0	0.05	0.0552835651481	1.240043	0.198833222	1.0412093	1	0	0.81199588588751	1	1	0.18800411411249	0.0443632915443409	0.0450085956052051	0.719160129674686	0.890266336720298	1	0	1	1	0	1	NA	NA	NA	1	0	1
7	104965460	158817500	2	1	1	3	a	6	1	1	0.0556938454141	0.100566302539	2	1	1	1	1	1	NA	NA	NA	NA	NA	NA	NA	2	1	1	1	1	1	NA	NA	NA	2	1	1
8	10001	170011	3	2	1	2	d	4	1.61	0.82	0.05	0.1	NA	NA	NA	2	1	1	NA	NA	NA	NA	NA	NA	NA	3	1	2	2	1	1	NA	NA	NA	3	1	2
8	170012	43099999	3	2	1	2	d	4	1.61	0.82	0.0694746785412	0.115306541152	2.895596	0.994602124	1.9009941	2	1	1	NA	NA	NA	NA	NA	NA	NA	3	1	2	2	1	1	NA	NA	NA	3	1	2
8	43100000	48099999	3	2	1	2	d	5	1.61	0.82	0.0641618086242	0.139068696423	3	1	2	2	1	1	NA	NA	NA	NA	NA	NA	NA	3	1	2	2	1	1	NA	NA	NA	3	1	2
8	48100000	146364021	3	2	1	2	d	5	1.61	0.82	0.0677071037808	0.105740534414	3	1	2	2	1	1	NA	NA	NA	NA	NA	NA	NA	3	1	2	2	1	1	NA	NA	NA	3	1	2
9	47500	200100	2	2	0	1	g	NA	1	1	0.05	0.1	NA	NA	NA	NA	NA	NA	NA	NA	NA	NA	NA	NA	NA	1	0	1	2	0	1	NA	NA	NA	2	1	1
9	200101	44906351	2	1	1	3	a	6	1	1	0.0558730166085	0.111544080359	2	1	1	1	1	1	NA	NA	NA	NA	NA	NA	NA	2	1	1	1	1	1	NA	NA	NA	2	1	1
9	44906352	47299999	2	2	0	1	g	NA	NA	NA	NA	NA	2	1	1	NA	NA	NA	NA	NA	NA	NA	NA	NA	NA	1	0	1	2	0	1	NA	NA	NA	2	1	1
9	47300000	50699999	NA	NA	NA	NA	NA	NA	NA	NA	NA	NA	NA	NA	NA	NA	NA	NA	NA	NA	NA	NA	NA	NA	NA	1	0	1	2	0	1	NA	NA	NA	2	1	1
9	50700000	65607499	2	1	1	2	d	2	1	1	0.05	0.1	NA	NA	NA	NA	NA	NA	NA	NA	NA	NA	NA	NA	NA	NA	NA	NA	2	0	1	NA	NA	NA	2	1	1
9	65607500	140267500	2	1	1	3	a	6	1	1	0.0572561794904	0.101791902838	2	1	1	1	1	1	NA	NA	NA	NA	NA	NA	NA	2	1	1	1	1	1	NA	NA	NA	2	1	1
9	140267501	141031439	2	1	1	2	d	4	NA	NA	NA	NA	2	1	1	1	1	1	NA	NA	NA	NA	NA	NA	NA	1	0	1	1	1	1	NA	NA	NA	2	1	1
10	102500	37999999	2	1	1	3	a	6	1	1	0.0565614285658	0.0973106926264	2	1	1	1	1	1	NA	NA	NA	NA	NA	NA	NA	2	1	1	1	1	1	NA	NA	NA	2	1	1
10	38000000	42299999	2	1	1	3	b	5	1	1	0.0603511866866	0.11224730036	2	1	1	1	1	1	NA	NA	NA	NA	NA	NA	NA	2	1	1	NA	NA	NA	NA	NA	NA	2	1	1
10	42300000	135244401	2	1	1	3	a	6	1	1	0.0569668969212	0.108605104349	2	1	1	1	1	1	NA	NA	NA	NA	NA	NA	NA	2	1	1	1	1	1	NA	NA	NA	2	1	1
10	135244402	135379924	2	1	1	2	d	4	1	1	0.05	0.0999768056498	2	1	1	NA	NA	NA	NA	NA	NA	NA	NA	NA	NA	2	1	1	2	0	1	NA	NA	NA	2	1	1
11	190010	14861788	2	1	1	3	a	6	1	1	0.058179321601	0.111799572996	2	1	1	1	1	1	NA	NA	NA	NA	NA	NA	NA	2	1	1	1	1	1	NA	NA	NA	2	1	1
11	14861789	14863689	2	1	1	3	b	5	1	1	0.05	0.1	2	1	1	1	1	1	NA	NA	NA	NA	NA	NA	NA	NA	NA	NA	1	1	1	NA	NA	NA	2	1	1
11	14863690	47120018	2	1	1	3	a	6	1	1	0.0560216121764	0.106838547578	2	1	1	1	1	1	NA	NA	NA	NA	NA	NA	NA	2	1	1	1	1	1	NA	NA	NA	2	1	1
11	47120019	47669109	3	2	1	3	b	6	2	1	0.05	0.134321471187	2	1	1	2	1	1	NA	NA	NA	NA	NA	NA	NA	3	1	2	2	1	1	NA	NA	NA	3	1	2
11	47669110	51599999	2	1	1	2	d	5	1	1	0.0541859360796	0.189514908435	2.209109	1.104554557	1.1045546	1	1	1	NA	NA	NA	NA	NA	NA	NA	2	1	1	1	1	1	NA	NA	NA	2	1	1
11	51600000	55699999	2	1	1	2	d	5	1	1	0.0528706368675	0.179743806096	2.117093	1.05854645	1.0585464	1	1	1	NA	NA	NA	NA	NA	NA	NA	2	1	1	1	1	1	NA	NA	NA	2	1	1
11	55700000	111249912	2	1	1	3	a	6	1	1	0.0567212735354	0.103610508811	2	1	1	1	1	1	NA	NA	NA	NA	NA	NA	NA	2	1	1	1	1	1	NA	NA	NA	2	1	1
11	111249913	134442500	2	1	1	3	a	6	1	1	0.0584474111955	0.0996270935751	2	1	1	1	1	1	NA	NA	NA	NA	NA	NA	NA	2	1	1	1	1	1	NA	NA	NA	2	1	1
12	110107	33299999	2	1	1	2	d	5	1	1	0.0585188988205	0.113631954696	2	1	1	1	1	0.908164048445537	2	1	0.0918359515544626	0.00538971313481673	0.00525756834353854	0.897931787174631	0.918545995745117	2	1	1	1	1	1	NA	NA	NA	2	1	1
12	33300000	38199999	2	1	1	2	d	4	1	1	0.0573222989247	0.104330866935	2.130298	1.065149007	1.065149	NA	NA	NA	NA	NA	NA	NA	NA	NA	NA	2	1	1	1	1	1	NA	NA	NA	2	1	1
12	38200000	132342500	2	1	1	2	d	5	1	1	0.05819481899	0.0998287973445	2	1	1	1	1	0.903649335230237	2	1	0.0963506647697625	0.00342809569027858	0.00367426516154663	0.896125000630644	0.91047911352784	2	1	1	1	1	1	NA	NA	NA	2	1	1
12	132342501	133851894	2	1	1	2	d	3	NA	NA	NA	NA	2.106781	1.05339028	1.0533903	1	1	0.842111911077428	2	1	0.157888088922572	0.0312711819454803	0.0308716359280613	0.774631935970805	0.89507417072245	2	1	1	1	1	1	NA	NA	NA	2	1	1
13	1	16299999	2	1	1	1	h	1	NA	NA	NA	NA	NA	NA	NA	NA	NA	NA	NA	NA	NA	NA	NA	NA	NA	NA	NA	NA	NA	NA	NA	NA	NA	NA	2	1	1
13	16300000	19499999	2	1	1	2	d	4	1	1	0.05	0.181308190321	NA	NA	NA	1	1	1	NA	NA	NA	NA	NA	NA	NA	NA	NA	NA	1	1	1	NA	NA	NA	2	1	1
13	19500000	106379648	2	1	1	3	a	6	1	1	0.0562215195166	0.0966384253614	2	1	1	1	1	1	NA	NA	NA	NA	NA	NA	NA	2	1	1	1	1	1	NA	NA	NA	2	1	1
13	106379649	114137500	3	2	1	3	a	6	2	1	0.070109325888	0.115082375721	3	1	2	2	1	1	NA	NA	NA	NA	NA	NA	NA	3	1	2	2	1	1	NA	NA	NA	3	1	2
13	114137501	115169877	3	2	1	2	d	4	NA	NA	NA	NA	3	1	2	2	1	1	NA	NA	NA	NA	NA	NA	NA	1	0	1	2	1	1	NA	NA	NA	3	1	2
14	1	16099999	2	1	1	1	h	1	NA	NA	NA	NA	NA	NA	NA	NA	NA	NA	NA	NA	NA	NA	NA	NA	NA	NA	NA	NA	NA	NA	NA	NA	NA	NA	2	1	1
14	16100000	19099999	NA	NA	NA	NA	NA	NA	NA	NA	NA	NA	NA	NA	NA	NA	NA	NA	NA	NA	NA	NA	NA	NA	NA	NA	NA	NA	2	0	1	NA	NA	NA	2	1	1
14	19100000	19437499	2	2	0	1	g	NA	NA	NA	NA	NA	NA	NA	NA	NA	NA	NA	NA	NA	NA	NA	NA	NA	NA	NA	NA	NA	2	0	1	NA	NA	NA	2	1	1
14	19437500	22969952	2	1	1	2	d	4	1	1	0.0629473745392	0.162973308816	1.772868	0.886434098	0.8864341	1	0	0.0861207757759467	1	1	0.913879224224053	0.0174764836689499	0.0182809042087243	0.0404929288642793	0.113538005081695	2	1	1	1	1	1	NA	NA	NA	2	1	1
14	22969953	106325861	2	1	1	3	a	6	1	1	0.0559956591714	0.0997119798728	2	1	1	1	1	1	NA	NA	NA	NA	NA	NA	NA	2	1	1	1	1	1	NA	NA	NA	2	1	1
14	106325862	106326602	2	1	1	2	d	4	NA	NA	NA	NA	2	1	1	1	1	1	NA	NA	NA	NA	NA	NA	NA	1	0	1	1	1	1	NA	NA	NA	2	1	1
14	106326603	106995058	4	3	1	2	f	0	0	0	0.05	0.1	0.84935	0.102452892	0.7468972	1	1	1	NA	NA	NA	NA	NA	NA	NA	1	0	1	0	0	1	NA	NA	NA	2	1	1
15	1	15799999	2	1	1	1	h	1	NA	NA	NA	NA	NA	NA	NA	NA	NA	NA	NA	NA	NA	NA	NA	NA	NA	NA	NA	NA	NA	NA	NA	NA	NA	NA	2	1	1
15	15800000	20699999	NA	NA	NA	NA	NA	NA	NA	NA	NA	NA	NA	NA	NA	NA	NA	NA	NA	NA	NA	NA	NA	NA	NA	NA	NA	NA	2	0	1	NA	NA	NA	2	1	1
15	20700000	100332500	2	1	1	3	a	6	1	1	0.0562766063879	0.105587985774	2	1	1	1	1	1	NA	NA	NA	NA	NA	NA	NA	2	1	1	1	1	1	NA	NA	NA	2	1	1
15	100332501	102399919	2	1	1	3	b	5	NA	NA	NA	NA	2	1	1	1	1	1	NA	NA	NA	NA	NA	NA	NA	2	1	1	1	1	1	NA	NA	NA	2	1	1
16	100010	34599999	2	1	1	2	d	5	1	1	0.0589532954038	0.118941429114	2	1	1	1	0	0.0861580305110932	1	1	0.913841969488907	0.00535609654820911	0.00547017142043499	0.0755657165245146	0.0969142498481159	2	1	1	1	1	1	NA	NA	NA	2	1	1
16	34600000	38599999	2	1	1	2	d	4	1	1	0.05	0.249017667399	2.151229	0.865192852	1.2860365	1	0	0.0861580305110932	1	1	0.913841969488907	0.00535609654820911	0.00547017142043499	0.0755657165245146	0.0969142498481159	2	1	1	1	1	1	NA	NA	NA	2	1	1
16	38600000	46509931	2	1	1	2	d	3	1	1	0.05	0.152378213632	2.151229	0.865192852	1.2860365	1	1	0.456241917970691	2	1	0.543758082029309	0.127327967542507	0.106441764646357	0.268728851305983	0.702447423714511	NA	NA	NA	1	1	1	NA	NA	NA	2	1	1
16	46509932	88827200	2	1	1	3	a	6	1	1	0.058849280181	0.105208938831	2	1	1	1	1	1	NA	NA	NA	NA	NA	NA	NA	2	1	1	1	1	1	NA	NA	NA	2	1	1
16	88827201	90354752	2	1	1	2	d	3	NA	NA	NA	NA	2.11928	1.059639951	1.05964	1	1	1	NA	NA	NA	NA	NA	NA	NA	3	1	2	1	1	1	NA	NA	NA	2	1	1
17	22338	4840018	2	1	1	3	a	6	1	1	0.0584263082866	0.10645262464	2	1	1	1	1	1	NA	NA	NA	NA	NA	NA	NA	2	1	1	1	1	1	NA	NA	NA	2	1	1
17	4840019	5939913	1	1	0	3	a	6	1	0	0.0905696053429	0.099144874125	1	0	1	1	0	1	NA	NA	NA	NA	NA	NA	NA	1	0	1	1	0	1	NA	NA	NA	1	0	1
17	5939914	5958006	2	1	1	2	d	4	1	1	0.05	0.1	1	0	1	1	1	1	NA	NA	NA	NA	NA	NA	NA	2	1	1	1	0	0.627714	1	1	0.372286	2	1	1
17	5958007	6410437	1	1	0	3	a	6	1	0	0.114173931062	0.0926198480586	1	0	1	1	0	1	NA	NA	NA	NA	NA	NA	NA	1	0	1	1	0	1	NA	NA	NA	1	0	1
17	6410438	7574230	2	1	1	3	a	6	1	1	0.0571614230555	0.093978756558	2	1	1	1	1	1	NA	NA	NA	NA	NA	NA	NA	2	1	1	1	1	1	NA	NA	NA	2	1	1
17	7574231	7582329	2	1	1	3	b	6	1	1	0.05	0.1	2	1	1	1	1	1	NA	NA	NA	NA	NA	NA	NA	3	1	2	1	1	1	NA	NA	NA	2	1	1
17	7582330	7589765	2	1	1	2	d	3	1	1	0.05	0.1	NA	NA	NA	1	1	1	NA	NA	NA	NA	NA	NA	NA	NA	NA	NA	1	1	1	NA	NA	NA	NA	NA	NA
17	7589766	7589799	2	1	1	2	d	3	1	1	0.05	0.1	NA	NA	NA	1	1	1	NA	NA	NA	NA	NA	NA	NA	NA	NA	NA	1	1	1	NA	NA	NA	NA	NA	NA
17	7589800	22199999	2	1	1	3	a	6	1	1	0.0591270247316	0.115266706762	2	1	1	1	1	1	NA	NA	NA	NA	NA	NA	NA	2	1	1	1	1	1	NA	NA	NA	2	1	1
17	22200000	25799999	2	1	1	3	b	5	1	1	0.0530506323732	0.167292530224	2	1	1	NA	NA	NA	NA	NA	NA	NA	NA	NA	NA	2	1	1	1	1	1	NA	NA	NA	2	1	1
17	25800000	78774600	2	1	1	3	a	6	1	1	0.058670422201	0.106696676999	2	1	1	1	1	1	NA	NA	NA	NA	NA	NA	NA	2	1	1	1	1	1	NA	NA	NA	2	1	1
17	78774601	81195209	2	1	1	2	d	3	NA	NA	NA	NA	2	1	1	1	1	0.864667352352081	2	1	0.135332647647919	0.0313882559479446	0.0317220386041581	0.774612938604723	0.902417936437878	3	1	2	1	1	1	NA	NA	NA	2	1	1
18	27500	15399999	2	1	1	3	a	6	1	1	0.0568741665619	0.106310866431	2	1	1	1	1	1	NA	NA	NA	NA	NA	NA	NA	2	1	1	1	1	1	NA	NA	NA	2	1	1
18	15400000	18999999	2	1	1	3	a	6	1	1	0.05	0.12932246855	2	1	1	1	1	1	NA	NA	NA	NA	NA	NA	NA	2	1	1	1	1	1	NA	NA	NA	2	1	1
18	19000000	70453260	2	1	1	3	a	6	1	1	0.0554916969046	0.0980211812089	2	1	1	1	1	1	NA	NA	NA	NA	NA	NA	NA	2	1	1	1	1	1	NA	NA	NA	2	1	1
18	70453261	70461131	2	1	1	2	d	4	1	1	0.05	0.1	2	1	1	1	1	1	NA	NA	NA	NA	NA	NA	NA	NA	NA	NA	1	1	1	NA	NA	NA	1	0	1
18	70461132	76117000	2	1	1	3	a	6	1	1	0.0561548422207	0.0987128021235	2	1	1	1	1	1	NA	NA	NA	NA	NA	NA	NA	2	1	1	1	1	1	NA	NA	NA	2	1	1
18	76117001	78077247	2	1	1	2	d	4	NA	NA	NA	NA	2	1	1	1	1	0.873689528861939	2	1	0.126310471138061	0.0214294286017452	0.0213790861810612	0.845395123954478	0.926795535569814	2	1	1	1	1	1	NA	NA	NA	2	1	1
19	102500	1923621	2	1	1	2	d	3	1	1	0.0642552339512	0.310710138232	2.101703	1.050851695	1.0508517	1	1	1	NA	NA	NA	NA	NA	NA	NA	3	1	2	1	1	1	NA	NA	NA	3	1	2
19	1923622	1939508	2	1	1	2	d	2	1	1	0.05	0.1	2.101703	1.050851695	1.0508517	1	1	0.578965096206475	2	1	0.421034903793525	NA	0	0.578965096206475	0.578965096206475	NA	NA	NA	1	1	1	NA	NA	NA	4	2	2
19	1939509	24399999	2	1	1	2	d	5	1	1	0.0593584292753	0.13397421171	2	1	1	1	1	0.905302634905372	2	1	0.0946973650946278	0.00762570806190188	0.00789039260317727	0.890195150113277	0.920565207205851	2	1	1	1	1	1	NA	NA	NA	2	1	1
19	24400000	28599999	2	1	1	2	d	4	1	1	0.0545862221579	0.1000125464	2.139395	1.069697593	1.0696976	NA	NA	NA	NA	NA	NA	NA	NA	NA	NA	2	1	1	1	1	1	NA	NA	NA	2	1	1
19	28600000	59128982	2	1	1	3	a	6	1	1	0.0585346953915	0.13637061804	2	1	1	1	1	1	NA	NA	NA	NA	NA	NA	NA	2	1	1	1	1	1	NA	NA	NA	2	1	1
20	76529	25599999	2	1	1	3	a	6	1	1	0.0575105031224	0.0974147953567	2	1	1	1	1	1	NA	NA	NA	NA	NA	NA	NA	2	1	1	1	1	1	NA	NA	NA	2	1	1
20	25600000	29399999	2	1	1	3	b	5	1	1	0.0248157415174	0.108271561837	2	1	1	1	0	0.11145041571005	1	1	0.88854958428995	0.0373411497326163	0.037033368781687	0.0461698456814125	0.189150556037214	2	1	1	1	1	1	NA	NA	NA	2	1	1
20	29400000	62432500	2	1	1	3	a	6	1	1	0.0571423735992	0.102505171067	2	1	1	1	1	1	NA	NA	NA	NA	NA	NA	NA	2	1	1	1	1	1	NA	NA	NA	2	1	1
21	1	9417499	NA	NA	NA	NA	NA	NA	1	1	0.05	0.1	NA	NA	NA	NA	NA	NA	NA	NA	NA	NA	NA	NA	NA	NA	NA	NA	2	0	1	NA	NA	NA	NA	NA	NA
21	9417500	10899999	NA	NA	NA	NA	NA	NA	1	1	0.05	0.222032017608	NA	NA	NA	NA	NA	NA	NA	NA	NA	NA	NA	NA	NA	NA	NA	NA	2	0	1	NA	NA	NA	NA	NA	NA
21	10900000	14299999	2	1	1	2	d	2	1	1	0.05	0.0950002735808	NA	NA	NA	NA	NA	NA	NA	NA	NA	NA	NA	NA	NA	NA	NA	NA	1	1	1	NA	NA	NA	NA	NA	NA
21	14300000	46937500	2	1	1	3	b	5	1	1	0.0578498934334	0.115530605374	2	1	1	1	1	1	NA	NA	NA	NA	NA	NA	NA	2	1	1	1	1	1	NA	NA	NA	NA	NA	NA
21	46937501	48129894	2	1	1	2	d	4	NA	NA	NA	NA	2	1	1	1	1	1	NA	NA	NA	NA	NA	NA	NA	2	1	1	1	1	1	NA	NA	NA	NA	NA	NA
22	1	12199999	2	1	1	1	h	1	NA	NA	NA	NA	NA	NA	NA	NA	NA	NA	NA	NA	NA	NA	NA	NA	NA	NA	NA	NA	NA	NA	NA	NA	NA	NA	2	1	1
22	12200000	17899999	2	1	1	3	a	6	1	1	0.0529533876019	0.161809422326	2	1	1	1	1	1	NA	NA	NA	NA	NA	NA	NA	2	1	1	1	1	1	NA	NA	NA	2	1	1
22	17900000	49687500	2	1	1	3	a	6	1	1	0.0590931764903	0.110726625417	2	1	1	1	1	1	NA	NA	NA	NA	NA	NA	NA	2	1	1	1	1	1	NA	NA	NA	2	1	1
22	49687501	51304565	2	1	1	3	b	5	NA	NA	NA	NA	2	1	1	1	1	1	NA	NA	NA	NA	NA	NA	NA	2	1	1	1	1	1	NA	NA	NA	2	1	1
X	1	2700026	1	1	0	2	e	1	1.27	0	0.0712623820019	0.189328828777	1.745427	0	1.745427	NA	NA	NA	NA	NA	NA	NA	NA	NA	NA	2	0	2	NA	NA	NA	NA	NA	NA	2	1	1
X	2700027	58099999	2	2	0	1	h	1	1	0	0.05	0.122844054854	2	0	2	NA	NA	NA	NA	NA	NA	NA	NA	NA	NA	2	0	2	NA	NA	NA	NA	NA	NA	3	1	2
X	58100000	62999999	2	2	0	1	h	1	1	0	0.05	0.221988576103	2	0	2	NA	NA	NA	NA	NA	NA	NA	NA	NA	NA	2	0	2	NA	NA	NA	NA	NA	NA	3	1	2
X	63000000	155270559	2	2	0	1	h	1	1	0	0.05	0.141706220613	2	0	2	NA	NA	NA	NA	NA	NA	NA	NA	NA	NA	2	0	2	NA	NA	NA	NA	NA	NA	3	1	2
Y	1	11599999	1	1	0	1	h	1	NA	NA	NA	NA	1.110899	0	1.110899	NA	NA	NA	NA	NA	NA	NA	NA	NA	NA	NA	NA	NA	NA	NA	NA	NA	NA	NA	3	0	3
Y	11600000	13399999	1	1	0	1	h	1	NA	NA	NA	NA	1	0	1	NA	NA	NA	NA	NA	NA	NA	NA	NA	NA	NA	NA	NA	NA	NA	NA	NA	NA	NA	3	0	3
Y	13400000	59373565	1	1	0	1	h	1	NA	NA	NA	NA	1	0	1	NA	NA	NA	NA	NA	NA	NA	NA	NA	NA	NA	NA	NA	NA	NA	NA	NA	NA	NA	3	0	3
