chromosome	start	end	total_cn	major_cn	minor_cn	star	level	methods_agree	absolute_broad_major_cn	absolute_broad_minor_cn	absolute_broad_het_error	absolute_broad_cov_error	aceseq_copy_number	aceseq_minor_cn	aceseq_major_cn	battenberg_nMaj1_A	battenberg_nMin1_A	battenberg_frac1_A	battenberg_nMaj2_A	battenberg_nMin2_A	battenberg_frac2_A	battenberg_SDfrac_A	battenberg_SDfrac_A_BS	battenberg_frac1_A_0.025	battenberg_frac1_A_0.975	clonehd_copy_number	clonehd_minor_cn	clonehd_major_cn	sclust_nMaj1_A	sclust_nMin1_A	sclust_frac1_A	sclust_nMaj2_A	sclust_nMin2_A	sclust_frac2_A	jabba_copy_number	jabba_minor_cn	jabba_major_cn
1	10001	6551024	2	1	1	3	a	6	1	1	0.0467907113005	0.214032504587	2	1	1	1	1	1	NA	NA	NA	NA	NA	NA	NA	2	1	1	1	1	1	NA	NA	NA	2	1	1
1	6551025	6623631	1	1	0	2	d	3	NA	NA	NA	NA	2	1	1	1	0	1	NA	NA	NA	NA	NA	NA	NA	1	0	1	1	1	1	NA	NA	NA	1	0	1
1	6623632	72444961	2	1	1	3	a	6	1	1	0.0441676774722	0.143576912693	2	1	1	1	1	1	NA	NA	NA	NA	NA	NA	NA	2	1	1	1	1	1	NA	NA	NA	2	1	1
1	72444962	72446491	2	1	1	3	a	6	1	1	0.05	0.1	2	1	1	1	1	1	NA	NA	NA	NA	NA	NA	NA	2	1	1	1	1	1	NA	NA	NA	2	1	1
1	72446492	72446829	2	1	1	2	d	4	1	1	0.05	0.1	NA	NA	NA	1	1	1	NA	NA	NA	NA	NA	NA	NA	NA	NA	NA	1	1	1	NA	NA	NA	2	1	1
1	72446830	75425650	2	1	1	3	a	6	1	1	0.0362761642329	0.116228515835	2	1	1	1	1	1	NA	NA	NA	NA	NA	NA	NA	2	1	1	1	1	1	NA	NA	NA	2	1	1
1	75425651	92199575	2	1	1	3	a	6	1	1	0.0425385756995	0.135226191023	2	1	1	1	1	1	NA	NA	NA	NA	NA	NA	NA	2	1	1	1	1	1	NA	NA	NA	2	1	1
1	92199576	92200351	2	1	1	2	d	3	1	1	0.05	0.1	2	1	1	1	0	0.750743477873745	2	0	0.249256522126255	NA	0	0.750743477873745	0.750743477873745	NA	NA	NA	1	1	1	NA	NA	NA	1	0	1
1	92200352	121499999	2	1	1	3	a	6	1	1	0.0430058430238	0.156473752556	2	1	1	1	1	1	NA	NA	NA	NA	NA	NA	NA	2	1	1	1	1	1	NA	NA	NA	2	1	1
1	121500000	128899999	2	1	1	2	d	3	NA	NA	NA	NA	2	1	1	NA	NA	NA	NA	NA	NA	NA	NA	NA	NA	1	0	1	1	1	1	NA	NA	NA	2	1	1
1	128900000	143293000	2	1	1	2	d	3	1	1	0.05	0.253129122716	NA	NA	NA	NA	NA	NA	NA	NA	NA	NA	NA	NA	NA	1	0	1	1	1	1	NA	NA	NA	2	1	1
1	143293001	144867500	2	1	1	2	d	3	1	1	0.05	0.519854759811	NA	NA	NA	NA	NA	NA	NA	NA	NA	NA	NA	NA	NA	NA	NA	NA	1	1	1	NA	NA	NA	2	1	1
1	144867501	147423830	3	3	0	2	d	4	2	0	0.0648676403992	0.170004966084	2.897995	0.04285105	2.85514399	3	0	1	NA	NA	NA	NA	NA	NA	NA	3	0	3	3	0	1	NA	NA	NA	3	0	3
1	147423831	149357742	3	3	0	2	d	4	2	0	0.05	0.680469455292	2.897995	0.04285105	2.85514399	3	0	1	NA	NA	NA	NA	NA	NA	NA	3	0	3	3	0	1	NA	NA	NA	3	0	3
1	149357743	152550724	3	3	0	2	d	5	3	0	0.0542772189554	0.36457761752	2.954205	0.06605088	2.88815376	3	0	1	NA	NA	NA	NA	NA	NA	NA	3	0	3	3	0	1	NA	NA	NA	3	0	3
1	152550725	152592610	3	3	0	2	d	3	3	0	0.05	0.1	2.954205	0.06605088	2.88815376	3	0	1	NA	NA	NA	NA	NA	NA	NA	1	0	1	1	0	1	NA	NA	NA	3	0	3
1	152592611	165875747	3	3	0	3	a	6	3	0	0.0480914659234	0.153985442003	3	0	3	3	0	1	NA	NA	NA	NA	NA	NA	NA	3	0	3	3	0	1	NA	NA	NA	3	0	3
1	165875748	182849910	2	2	0	3	a	6	2	0	0.0586494614247	0.10763125526	2	0	2	2	0	1	NA	NA	NA	NA	NA	NA	NA	2	0	2	2	0	1	NA	NA	NA	2	0	2
1	182849911	193922053	3	3	0	2	d	5	3	0	0.0454716287054	0.131246971507	2.947959	0.06962675	2.87833252	3	0	1	NA	NA	NA	NA	NA	NA	NA	3	0	3	3	0	1	NA	NA	NA	3	0	3
1	193922054	202903945	2	2	0	3	a	6	2	0	0.0565577938543	0.136463631289	2	0	2	2	0	1	NA	NA	NA	NA	NA	NA	NA	2	0	2	2	0	1	NA	NA	NA	2	0	2
1	202903946	205718412	3	3	0	3	a	6	3	0	0.0477134566899	0.139395514935	3	0	3	3	0	1	NA	NA	NA	NA	NA	NA	NA	3	0	3	3	0	1	NA	NA	NA	3	0	3
1	205718413	230993376	2	2	0	3	a	6	2	0	0.0602130668213	0.115092813524	2	0	2	2	0	1	NA	NA	NA	NA	NA	NA	NA	2	0	2	2	0	1	NA	NA	NA	2	0	2
1	230993377	232571118	3	3	0	3	a	6	3	0	0.0452683963338	0.148206881775	3	0	3	3	0	1	NA	NA	NA	NA	NA	NA	NA	3	0	3	3	0	1	NA	NA	NA	3	0	3
1	232571119	236157701	4	4	0	2	d	5	4	0	0.0406201118689	0.169192028422	3.865868	0.05084131	3.81502622	4	0	1	NA	NA	NA	NA	NA	NA	NA	4	0	4	4	0	1	NA	NA	NA	4	0	4
1	236157702	236159156	3	3	0	2	f	3	3	0	0.05	0.1	3.865868	0.05084131	3.81502622	9	0	1	NA	NA	NA	NA	NA	NA	NA	NA	NA	NA	4	0	1	NA	NA	NA	3	0	3
1	236159157	239360643	4	4	0	2	d	4	3	0	0.0370436308907	0.185084700669	3.843365	0.06656697	3.77679767	4	0	1	NA	NA	NA	NA	NA	NA	NA	4	0	4	4	0	1	NA	NA	NA	4	0	4
1	239360644	239362088	4	4	0	2	d	3	NA	NA	NA	NA	3.843365	0.06656697	3.77679767	4	0	1	NA	NA	NA	NA	NA	NA	NA	NA	NA	NA	4	0	1	NA	NA	NA	4	0	4
1	239362089	243490173	4	4	0	2	d	4	3	0	0.0425342986946	0.208937229973	3.859585	0.06899067	3.79059412	4	0	1	NA	NA	NA	NA	NA	NA	NA	4	0	4	4	0	1	NA	NA	NA	4	0	4
1	243490174	247247500	5	5	0	2	d	5	5	0	0.0345510741831	0.200062888975	4.782061	0.05465423	4.72740722	5	0	1	NA	NA	NA	NA	NA	NA	NA	5	0	5	5	0	1	NA	NA	NA	5	0	5
1	247247501	249250620	5	5	0	2	d	4	NA	NA	NA	NA	4.97067	0.09632886	4.87434137	5	0	1	NA	NA	NA	NA	NA	NA	NA	5	0	5	5	0	1	NA	NA	NA	5	0	5
2	13133	2400424	3	2	1	2	d	4	2	1	0.0604903879261	0.15737441081	2.866449	0.97560216	1.89084682	1	1	0.309431066987293	2	1	0.690568933012707	0.0116907934621987	0.0113321726718895	0.286655547308827	0.330572017405449	3	1	2	2	1	1	NA	NA	NA	3	1	2
2	2400425	9203675	3	2	1	2	d	4	2	1	0.0587567386561	0.157891232287	2.884168	1.02831131	1.85585679	1	1	0.309431066987293	2	1	0.690568933012707	0.0116907934621987	0.0113321726718895	0.286655547308827	0.330572017405449	3	1	2	2	1	1	NA	NA	NA	3	1	2
2	9203676	9252529	2	2	0	2	d	5	2	0	0.05	0.1	2.094271	0.13281051	1.96146075	2	0	1	NA	NA	NA	NA	NA	NA	NA	2	0	2	2	0	1	NA	NA	NA	2	0	2
2	9252530	15652710	3	2	1	2	d	5	2	1	0.057716675947	0.152069280377	3	1	2	1	1	0.15647010858104	2	1	0.84352989141896	0.0144566575917487	0.0137553166505572	0.26882895532094	0.323336389627654	3	1	2	2	1	1	NA	NA	NA	3	1	2
2	15652711	15653180	3	2	1	2	d	4	2	1	0.05	0.1	3	1	2	NA	NA	NA	NA	NA	NA	NA	NA	NA	NA	NA	NA	NA	2	1	1	NA	NA	NA	3	1	2
2	15653181	36128287	3	2	1	3	a	6	2	1	0.0552660546495	0.16019631121	3	1	2	2	1	1	NA	NA	NA	NA	NA	NA	NA	3	1	2	2	1	1	NA	NA	NA	3	1	2
2	36128288	36138940	2	1	1	2	d	4	2	1	0.05	0.1	2.440449	1.22022462	1.22022462	1	1	1	NA	NA	NA	NA	NA	NA	NA	2	1	1	1	1	1	NA	NA	NA	2	1	1
2	36138941	43450149	3	2	1	3	a	6	2	1	0.055314727423	0.15566809752	3	1	2	2	1	1	NA	NA	NA	NA	NA	NA	NA	3	1	2	2	1	1	NA	NA	NA	3	1	2
2	43450150	43702692	2	2	0	2	d	5	2	0	0.0529880493815	0.110862707823	2	0	2	1	0	0.162368251650825	2	0	0.837631748349175	0.0666083803510301	0.0678885724873356	0.0159508549042338	0.277503985752185	2	0	2	2	0	1	NA	NA	NA	2	0	2
2	43702693	70619968	3	2	1	3	a	6	2	1	0.0564567382248	0.152210505384	3	1	2	2	1	1	NA	NA	NA	NA	NA	NA	NA	3	1	2	2	1	1	NA	NA	NA	3	1	2
2	70619969	90499999	2	1	1	3	a	6	1	1	0.0420197736054	0.139281237656	2	1	1	1	1	1	NA	NA	NA	NA	NA	NA	NA	2	1	1	1	1	1	NA	NA	NA	2	1	1
2	90500000	96799999	2	1	1	3	b	5	1	1	0.0354130719291	0.233307758094	2	1	1	NA	NA	NA	NA	NA	NA	NA	NA	NA	NA	2	1	1	1	1	1	NA	NA	NA	2	1	1
2	96800000	104527924	2	1	1	3	a	6	1	1	0.0447470187543	0.130792470663	2	1	1	1	1	1	NA	NA	NA	NA	NA	NA	NA	2	1	1	1	1	1	NA	NA	NA	2	1	1
2	104527925	104529171	2	1	1	2	d	4	1	1	0.05	0.1	2	1	1	2	0	1	NA	NA	NA	NA	NA	NA	NA	NA	NA	NA	1	1	1	NA	NA	NA	2	1	1
2	104529172	136383814	2	1	1	3	a	6	1	1	0.0438576659541	0.129677284649	2	1	1	1	1	1	NA	NA	NA	NA	NA	NA	NA	2	1	1	1	1	1	NA	NA	NA	2	1	1
2	136383815	136388875	2	1	1	2	d	3	1	1	0.05	0.1	2	1	1	2	1	0.728010481193636	3	1	0.271989518806364	NA	0	0.728010481193636	0.728010481193636	NA	NA	NA	1	1	1	NA	NA	NA	1	0	1
2	136388876	156858074	2	1	1	3	a	6	1	1	0.0408933378188	0.122229321171	2	1	1	1	1	1	NA	NA	NA	NA	NA	NA	NA	2	1	1	1	1	1	NA	NA	NA	2	1	1
2	156858075	156859631	1	1	0	1	g	NA	1	1	0.05	0.1	2	1	1	1	0	1	NA	NA	NA	NA	NA	NA	NA	2	0	2	1	1	1	NA	NA	NA	1	0	1
2	156859632	241142451	2	1	1	3	a	6	1	1	0.0441752553033	0.140108472224	2	1	1	1	1	1	NA	NA	NA	NA	NA	NA	NA	2	1	1	1	1	1	NA	NA	NA	2	1	1
2	241142452	242985695	3	2	1	2	d	5	2	1	0.0617531146522	0.196649372742	2.877416	0.99291142	1.88450482	2	1	1	NA	NA	NA	NA	NA	NA	NA	3	1	2	2	1	1	NA	NA	NA	3	1	2
3	100074	72897997	1	1	0	3	a	6	1	0	0.0762240661981	0.102337772306	1	0	1	1	0	1	NA	NA	NA	NA	NA	NA	NA	1	0	1	1	0	1	NA	NA	NA	1	0	1
3	72897998	80665886	2	1	1	3	a	6	1	1	0.0446974567322	0.121020038099	2	1	1	1	1	1	NA	NA	NA	NA	NA	NA	NA	2	1	1	1	1	1	NA	NA	NA	2	1	1
3	80665887	80670729	2	1	1	2	d	3	1	1	0.05	0.1	2	1	1	0	0	0.794530177281865	1	0	0.205469822718135	NA	0	0.794530177281865	0.794530177281865	NA	NA	NA	1	1	1	NA	NA	NA	1	0	1
3	80670730	87899999	2	1	1	3	a	6	1	1	0.0403379927474	0.123335251772	2	1	1	1	1	1	NA	NA	NA	NA	NA	NA	NA	2	1	1	1	1	1	NA	NA	NA	2	1	1
3	87900000	93899999	2	1	1	3	b	5	1	1	0.037150403729	0.152542514887	2	1	1	NA	NA	NA	NA	NA	NA	NA	NA	NA	NA	2	1	1	1	1	1	NA	NA	NA	2	1	1
3	93900000	125620447	2	1	1	3	a	6	1	1	0.0420567733506	0.123642666996	2	1	1	1	1	1	NA	NA	NA	NA	NA	NA	NA	2	1	1	1	1	1	NA	NA	NA	2	1	1
3	125620448	125620482	2	1	1	3	b	5	1	1	0.05	0.1	2	1	1	1	1	1	NA	NA	NA	NA	NA	NA	NA	NA	NA	NA	1	1	1	NA	NA	NA	2	1	1
3	125620483	161087994	2	1	1	3	a	6	1	1	0.0420782065933	0.12169769427	2	1	1	1	1	1	NA	NA	NA	NA	NA	NA	NA	2	1	1	1	1	1	NA	NA	NA	2	1	1
3	161087995	161099399	1	1	0	1	g	NA	1	1	0.05	0.1	2	1	1	1	0	1	NA	NA	NA	NA	NA	NA	NA	1	0	1	1	1	1	NA	NA	NA	1	0	1
3	161099400	165983958	2	1	1	3	a	6	1	1	0.0399764922517	0.126234468475	2	1	1	1	1	1	NA	NA	NA	NA	NA	NA	NA	2	1	1	1	1	1	NA	NA	NA	2	1	1
3	165983959	172488732	3	2	1	3	a	6	2	1	0.0560767035204	0.158181078323	3	1	2	2	1	1	NA	NA	NA	NA	NA	NA	NA	3	1	2	2	1	1	NA	NA	NA	3	1	2
3	172488733	196156943	2	2	0	2	d	5	2.08	0	0.0577570253078	0.147582400885	2	0	2	2	0	1	NA	NA	NA	NA	NA	NA	NA	2	0	2	2	0	1	NA	NA	NA	2	0	2
3	196156944	196158252	1	1	0	1	g	NA	NA	NA	NA	NA	2	0	2	1	0	0.523760390096738	1	1	0.476239609903262	NA	0	0.523760390096738	0.523760390096738	1	0	1	2	0	1	NA	NA	NA	1	0	1
3	196158253	196160936	2	2	0	2	d	2	NA	NA	NA	NA	NA	NA	NA	2	0	0.747922205121032	2	1	0.252077794878968	NA	0	0.747922205121032	0.747922205121032	1	0	1	2	0	1	NA	NA	NA	2	0	2
3	196160937	196182153	1	1	0	2	d	3	NA	NA	NA	NA	NA	NA	NA	1	0	1	NA	NA	NA	NA	NA	NA	NA	1	0	1	2	0	1	NA	NA	NA	1	0	1
3	196182154	197847500	2	2	0	2	d	5	2.14	0	0.0526046361361	0.173923910722	2	0	2	2	0	1	NA	NA	NA	NA	NA	NA	NA	2	0	2	2	0	1	NA	NA	NA	2	0	2
4	27500	60706	2	1	1	1	g	NA	NA	NA	NA	NA	NA	NA	NA	NA	NA	NA	NA	NA	NA	NA	NA	NA	NA	NA	NA	NA	NA	NA	NA	NA	NA	NA	2	1	1
4	60707	9555459	2	1	1	3	a	6	1	1	0.0451805524141	0.152820104273	2	1	1	1	1	1	NA	NA	NA	NA	NA	NA	NA	2	1	1	1	1	1	NA	NA	NA	2	1	1
4	9555460	9801974	3	2	1	2	d	4	2	1	0.05	0.192686509146	2	1	1	1	1	0.143904336999237	2	1	0.856095663000763	0.0579168653542383	0.0580054783875721	0.00982504351821872	0.233101871012173	3	1	2	2	1	1	NA	NA	NA	3	1	2
4	9801975	18522957	2	1	1	3	a	6	1	1	0.0455764778988	0.122888111876	2	1	1	1	1	1	NA	NA	NA	NA	NA	NA	NA	2	1	1	1	1	1	NA	NA	NA	2	1	1
4	18522958	18522990	2	1	1	3	b	5	1	1	0.05	0.1	2	1	1	1	1	1	NA	NA	NA	NA	NA	NA	NA	NA	NA	NA	1	1	1	NA	NA	NA	2	1	1
4	18522991	33176811	2	1	1	3	a	6	1	1	0.0417157944777	0.129672125682	2	1	1	1	1	1	NA	NA	NA	NA	NA	NA	NA	2	1	1	1	1	1	NA	NA	NA	2	1	1
4	33176812	33181331	1	1	0	2	e	4	1	1	0.05	0.1	2	1	1	0	0	0.448857416709002	1	0	0.551142583290998	0.0964595003491807	0.0967057076171982	0.23728567469842	0.617352716450443	1	0	1	1	0	0.754954	1	1	0.245046	1	0	1
4	33181332	48199999	2	1	1	3	a	6	1	1	0.0412307081784	0.1267936834	2	1	1	1	1	1	NA	NA	NA	NA	NA	NA	NA	2	1	1	1	1	1	NA	NA	NA	2	1	1
4	48200000	52699999	2	1	1	3	a	6	1	1	0.0495953245048	0.521241027482	2	1	1	1	1	1	NA	NA	NA	NA	NA	NA	NA	2	1	1	1	1	1	NA	NA	NA	2	1	1
4	52700000	69719421	2	1	1	3	a	6	1	1	0.0441785709204	0.1276784218	2	1	1	1	1	1	NA	NA	NA	NA	NA	NA	NA	2	1	1	1	1	1	NA	NA	NA	2	1	1
4	69719422	80587832	3	2	1	2	d	4	2	1	0.0562393545425	0.164740063204	2.889644	1.02397901	1.86566495	1	1	0.235466839499372	2	1	0.764533160500628	0.00964647263055246	0.00972040397780127	0.215360991635257	0.253839755593293	3	1	2	2	1	1	NA	NA	NA	3	1	2
4	80587833	80588821	3	2	1	2	d	3	2	1	0.05	0.1	2.889644	1.02397901	1.86566495	1	1	0.235466839499372	2	1	0.764533160500628	0.00964647263055246	0.00972040397780127	0.215360991635257	0.253839755593293	NA	NA	NA	2	1	1	NA	NA	NA	3	1	2
4	80588822	81716023	3	2	1	2	d	4	2	1	0.0536580254477	0.154787373723	2.882697	1.0249089	1.85778834	1	1	0.235466839499372	2	1	0.764533160500628	0.00964647263055246	0.00972040397780127	0.215360991635257	0.253839755593293	3	1	2	2	1	1	NA	NA	NA	3	1	2
4	81716024	88878913	4	3	1	2	d	4	3	1	0.0535730666053	0.174114947467	3.778295	1.01805252	2.76024297	2	1	0.253507186843223	3	1	0.746492813156777	0.00648871856120176	0.00644784297815751	0.241812116803225	0.267158028547392	4	1	3	3	1	1	NA	NA	NA	4	1	3
4	88878914	88878933	4	3	1	2	d	3	3	1	0.05	0.1	3.778295	1.01805252	2.76024297	2	1	0.253507186843223	3	1	0.746492813156777	0.00648871856120176	0.00644784297815751	0.241812116803225	0.267158028547392	NA	NA	NA	3	1	1	NA	NA	NA	4	1	3
4	88878934	88880742	4	3	1	2	d	3	3	1	0.05	0.1	NA	NA	NA	2	1	0.253507186843223	3	1	0.746492813156777	0.00648871856120176	0.00644784297815751	0.241812116803225	0.267158028547392	NA	NA	NA	3	1	1	NA	NA	NA	4	1	3
4	88880743	88880850	4	3	1	2	d	3	3	1	0.05	0.1	NA	NA	NA	2	1	0.253507186843223	3	1	0.746492813156777	0.00648871856120176	0.00644784297815751	0.241812116803225	0.267158028547392	NA	NA	NA	3	1	1	NA	NA	NA	4	1	3
4	88880851	107027487	4	3	1	2	d	4	3	1	0.0541013007417	0.179421138252	3.785792	1.02055126	2.76524045	2	1	0.253507186843223	3	1	0.746492813156777	0.00648871856120176	0.00644784297815751	0.241812116803225	0.267158028547392	4	1	3	3	1	1	NA	NA	NA	4	1	3
4	107027488	107032038	4	3	1	2	d	3	3	1	0.05	0.1	3.785792	1.02055126	2.76524045	2	1	0.253507186843223	3	1	0.746492813156777	0.00648871856120176	0.00644784297815751	0.241812116803225	0.267158028547392	NA	NA	NA	3	1	1	NA	NA	NA	4	1	3
4	107032039	125392868	4	3	1	2	d	4	3	1	0.0531836560346	0.185443879992	3.776739	1.01753367	2.75920527	2	1	0.253507186843223	3	1	0.746492813156777	0.00648871856120176	0.00644784297815751	0.241812116803225	0.267158028547392	4	1	3	3	1	1	NA	NA	NA	4	1	3
4	125392869	126094596	4	3	1	2	d	2	3	1.21	0.0564761240081	0.167532959582	4.053222	1.278744	2.77447847	3	1	0.638340308075866	3	2	0.361659691924134	0.0277272385360648	0.0271513058927453	0.577928980748613	0.684891090746631	4	1	3	3	2	0.37507	3	1	0.62493	4	1	3
4	126094597	126096395	4	3	1	1	g	NA	NA	NA	NA	NA	4.053222	1.278744	2.77447847	NA	NA	NA	NA	NA	NA	NA	NA	NA	NA	NA	NA	NA	3	2	0.37507	3	1	0.62493	4	1	3
4	126096396	127272502	4	3	1	2	d	3	3	0.86	0.0553163940765	0.172540466751	3.548197	0.81323832	2.73495864	3	0	0.119531167790449	3	1	0.880468832209551	0.0179573203076864	0.0174936545896756	0.0657933027563886	0.13651812281431	4	1	3	3	1	1	NA	NA	NA	4	1	3
4	127272503	171807037	2	1	1	2	d	4	1	1	0.0456023417791	0.128205842566	1.898618	0.94930908	0.94930908	1	0	0.119944865761509	1	1	0.880055134238491	0.00241195371874618	0.00246737623987252	0.114902927922088	0.124791907099076	2	1	1	1	1	1	NA	NA	NA	2	1	1
4	171807038	171808269	2	1	1	2	d	3	1	1	0.05	0.1	1.898618	0.94930908	0.94930908	1	0	0.119944865761509	1	1	0.880055134238491	0.00241195371874618	0.00246737623987252	0.114902927922088	0.124791907099076	NA	NA	NA	1	1	1	NA	NA	NA	2	1	1
4	171808270	174174951	2	1	1	2	d	4	1	1	0.0452821166988	0.125219175609	1.882747	0.94137352	0.94137352	1	0	0.119944865761509	1	1	0.880055134238491	0.00241195371874618	0.00246737623987252	0.114902927922088	0.124791907099076	2	1	1	1	1	1	NA	NA	NA	2	1	1
4	174174952	174187311	2	1	1	2	d	2	NA	NA	NA	NA	1.882747	0.94137352	0.94137352	1	0	0.119944865761509	1	1	0.880055134238491	0.00241195371874618	0.00246737623987252	0.114902927922088	0.124791907099076	NA	NA	NA	1	1	1	NA	NA	NA	2	1	1
4	174187312	190208583	2	1	1	2	d	4	1	1	0.0452966163916	0.120463026314	1.860575	0.93028749	0.93028749	1	0	0.119944865761509	1	1	0.880055134238491	0.00241195371874618	0.00246737623987252	0.114902927922088	0.124791907099076	2	1	1	1	1	1	NA	NA	NA	2	1	1
5	22500	46099999	2	1	1	3	a	6	1	1	0.0442314961759	0.134305113282	2	1	1	1	1	1	NA	NA	NA	NA	NA	NA	NA	2	1	1	1	1	1	NA	NA	NA	2	1	1
5	46100000	50699999	NA	NA	NA	NA	NA	NA	1	0	0.0625373362614	0.225407464128	1.374428	0.17912724	1.19530057	NA	NA	NA	NA	NA	NA	NA	NA	NA	NA	1	0	1	1	0	1	NA	NA	NA	2	1	1
5	50700000	60336114	1	1	0	3	a	6	1	0	0.0785572161649	0.0948830241778	1	0	1	1	0	1	NA	NA	NA	NA	NA	NA	NA	1	0	1	1	0	1	NA	NA	NA	1	0	1
5	60336115	60366422	0	0	0	2	d	3	NA	NA	NA	NA	1	0	1	0	0	1	NA	NA	NA	NA	NA	NA	NA	1	0	1	0	0	1	NA	NA	NA	0	0	0
5	60366423	180718018	1	1	0	2	d	4	1.21	0	0.0738850469114	0.117637449089	1.159684	0.05825002	1.10143396	1	0	1	NA	NA	NA	NA	NA	NA	NA	1	0	1	1	0	1	NA	NA	NA	1	0	1
6	39681	213028	2	1	1	2	d	3	1	1	0.05	0.1	NA	NA	NA	1	0	0.445196331582225	1	1	0.554803668417775	0.11742625823986	0.110946085955071	0.245085100916459	0.693060361107632	NA	NA	NA	1	1	1	NA	NA	NA	2	1	1
6	213029	15681764	2	1	1	3	a	6	1	1	0.045831935502	0.145754031399	2	1	1	1	1	1	NA	NA	NA	NA	NA	NA	NA	2	1	1	1	1	1	NA	NA	NA	2	1	1
6	15681765	15684865	2	1	1	2	d	4	1	1	0.05	0.1	2	1	1	2	1	1	NA	NA	NA	NA	NA	NA	NA	NA	NA	NA	1	1	1	NA	NA	NA	2	1	1
6	15684866	15687798	2	1	1	3	b	5	1	1	0.05	0.1	NA	NA	NA	1	1	1	NA	NA	NA	NA	NA	NA	NA	2	1	1	1	1	1	NA	NA	NA	2	1	1
6	15687799	15687813	2	1	1	2	d	4	1	1	0.05	0.1	NA	NA	NA	1	1	1	NA	NA	NA	NA	NA	NA	NA	NA	NA	NA	1	1	1	NA	NA	NA	2	1	1
6	15687814	27655629	2	1	1	2	d	5	1	1	0.0427066773301	0.130639783713	2.13437	1.06718477	1.06718477	1	1	1	NA	NA	NA	NA	NA	NA	NA	2	1	1	1	1	1	NA	NA	NA	2	1	1
6	27655630	27657471	2	1	1	2	d	2	1	1	0.05	0.1	2.13437	1.06718477	1.06718477	1	0	0.438429347342178	2	0	0.561570652657822	NA	0	0.438429347342178	0.438429347342178	NA	NA	NA	1	1	1	NA	NA	NA	1	0	1
6	27657472	28344072	2	1	1	3	a	6	1	1	0.0447196151703	0.117749854572	2	1	1	1	1	1	NA	NA	NA	NA	NA	NA	NA	2	1	1	1	1	1	NA	NA	NA	2	1	1
6	28344073	28742845	1	1	0	3	a	6	1	0	0.0914821826354	0.0771593818534	1	0	1	1	0	1	NA	NA	NA	NA	NA	NA	NA	1	0	1	1	0	1	NA	NA	NA	1	0	1
6	28742846	58699999	2	1	1	3	a	6	1	1	0.0501564698341	0.185970834605	2	1	1	1	1	1	NA	NA	NA	NA	NA	NA	NA	2	1	1	1	1	1	NA	NA	NA	2	1	1
6	58700000	63299999	2	1	1	3	b	5	1	1	0.0415345512279	0.131631301427	2	1	1	NA	NA	NA	NA	NA	NA	NA	NA	NA	NA	2	1	1	1	1	1	NA	NA	NA	2	1	1
6	63300000	78410258	2	1	1	3	a	6	1	1	0.0413374094979	0.122392357361	2	1	1	1	1	1	NA	NA	NA	NA	NA	NA	NA	2	1	1	1	1	1	NA	NA	NA	2	1	1
6	78410259	105573902	1	1	0	3	a	6	1	0	0.0747402844928	0.0973762291922	1	0	1	1	0	1	NA	NA	NA	NA	NA	NA	NA	1	0	1	1	0	1	NA	NA	NA	1	0	1
6	105573903	105580091	1	1	0	2	d	4	1	0	0.05	0.1	1	0	1	0	0	1	NA	NA	NA	NA	NA	NA	NA	1	0	1	1	0	1	NA	NA	NA	0	0	0
6	105580092	170919682	1	1	0	3	a	6	1	0	0.0753664942852	0.0954659012231	1	0	1	1	0	1	NA	NA	NA	NA	NA	NA	NA	1	0	1	1	0	1	NA	NA	NA	1	0	1
7	40386	22453363	1	1	0	3	a	6	1	0	0.0748069219437	0.102010208816	1	0	1	1	0	1	NA	NA	NA	NA	NA	NA	NA	1	0	1	1	0	1	NA	NA	NA	1	0	1
7	22453364	34111521	2	1	1	3	a	6	1	1	0.0456706662223	0.11220272609	2	1	1	1	1	1	NA	NA	NA	NA	NA	NA	NA	2	1	1	1	1	1	NA	NA	NA	2	1	1
7	34111522	34125208	1	1	0	2	d	3	NA	NA	NA	NA	2	1	1	1	0	1	NA	NA	NA	NA	NA	NA	NA	1	0	1	1	1	1	NA	NA	NA	1	0	1
7	34125209	34913165	2	1	1	2	d	5	1	1	0.0374014806664	0.120185440273	2	1	1	1	0	0.11488937589219	1	1	0.88511062410781	0.028887123338865	0.0289075772369789	0.0427097380463285	0.156281081919675	2	1	1	1	1	1	NA	NA	NA	2	1	1
7	34913166	34914581	2	1	1	2	d	3	1	1	0.05	0.1	2	1	1	1	0	1	NA	NA	NA	NA	NA	NA	NA	NA	NA	NA	1	1	1	NA	NA	NA	1	0	1
7	34914582	56272546	2	1	1	3	a	6	1	1	0.0464774718765	0.121455556576	2	1	1	1	1	1	NA	NA	NA	NA	NA	NA	NA	2	1	1	1	1	1	NA	NA	NA	2	1	1
7	56272547	56276027	2	1	1	2	d	4	1	1	0.05	0.1	2	1	1	1	0	1	NA	NA	NA	NA	NA	NA	NA	NA	NA	NA	1	1	1	NA	NA	NA	2	1	1
7	56276028	57999999	2	1	1	3	a	6	1	1	0.0430971399694	0.167461256413	2	1	1	1	1	1	NA	NA	NA	NA	NA	NA	NA	2	1	1	1	1	1	NA	NA	NA	2	1	1
7	58000000	61699999	2	1	1	2	d	4	1	1	0.05	0.14512622543	2	1	1	NA	NA	NA	NA	NA	NA	NA	NA	NA	NA	NA	NA	NA	1	1	1	NA	NA	NA	2	1	1
7	61700000	76607345	2	1	1	3	a	6	1	1	0.0439991760884	0.224204796405	2	1	1	1	1	1	NA	NA	NA	NA	NA	NA	NA	2	1	1	1	1	1	NA	NA	NA	2	1	1
7	76607346	124498602	2	1	1	3	a	6	1	1	0.0428486600175	0.126586277872	2	1	1	1	1	1	NA	NA	NA	NA	NA	NA	NA	2	1	1	1	1	1	NA	NA	NA	2	1	1
7	124498603	158821400	1	1	0	3	a	6	1	0	0.0765861255906	0.114666657165	1	0	1	1	0	1	NA	NA	NA	NA	NA	NA	NA	1	0	1	1	0	1	NA	NA	NA	1	0	1
8	10001	155756	1	1	0	2	d	3	NA	NA	NA	NA	NA	NA	NA	NA	NA	NA	NA	NA	NA	NA	NA	NA	NA	1	0	1	1	0	1	NA	NA	NA	1	0	1
8	155757	7043601	1	1	0	3	a	6	1	0	0.0761705418645	0.158439754502	1	0	1	1	0	1	NA	NA	NA	NA	NA	NA	NA	1	0	1	1	0	1	NA	NA	NA	1	0	1
8	7043602	7227500	1	1	0	3	b	5	1	0	0.05	0.1	1	0	1	1	0	0.791460145035072	1	1	0.208539854964928	0	0	0.791460145035072	0.791460145035072	1	0	1	1	0	1	NA	NA	NA	1	0	1
8	7227501	29720237	1	1	0	3	a	6	1	0	0.0751373680813	0.13963408763	1	0	1	1	0	1	NA	NA	NA	NA	NA	NA	NA	1	0	1	1	0	1	NA	NA	NA	1	0	1
8	29720238	35821349	2	2	0	3	a	6	2	0	0.0585882994479	0.130576700755	2	0	2	2	0	1	NA	NA	NA	NA	NA	NA	NA	2	0	2	2	0	1	NA	NA	NA	2	0	2
8	35821350	43099999	1	1	0	2	d	5	1	0	0.0761460310697	0.0972281767007	1	0	1	0	0	0.140244218748389	1	0	0.859755781251611	0.0110931639396452	0.0107041101751233	0.118621591533537	0.160677691408278	1	0	1	1	0	1	NA	NA	NA	1	0	1
8	43100000	48099999	NA	NA	NA	NA	NA	NA	1.51	0	0.0649661653605	0.318513345109	1.568951	0.22413351	1.34481794	NA	NA	NA	NA	NA	NA	NA	NA	NA	NA	2	0	2	1	0	1	NA	NA	NA	2	1	1
8	48100000	109165414	2	1	1	2	d	5	0.86	0.86	0.0421711317924	0.128803884311	2	1	1	1	1	1	NA	NA	NA	NA	NA	NA	NA	2	1	1	1	1	1	NA	NA	NA	2	1	1
8	109165415	112156072	2	1	1	2	d	3	0.86	0.86	0.0441124761918	0.121164650717	2.283755	1.1418777	1.1418777	1	1	0.827665936161719	2	1	0.172334063838281	0.0121829025354915	0.0122621904551524	0.805620989306362	0.853681980175612	2	1	1	1	1	1	NA	NA	NA	2	1	1
8	112156073	113922918	4	3	1	2	d	2	2.51	1	0.0549140859839	0.182971438519	4.136041	1.27445951	2.86158102	3	1	0.654093580268898	3	2	0.345906419731102	0.0274569122374259	0.0295829280701551	0.412844743112456	0.530627199814016	4	1	3	3	2	0.28277	3	1	0.71723	4	1	3
8	113922919	113949405	3	2	1	2	f	3	1	1	0.05	0.1	4.136041	1.27445951	2.86158102	2	2	1	NA	NA	NA	NA	NA	NA	NA	3	1	2	3	2	0.28277	3	1	0.71723	3	1	2
8	113949406	124293919	4	3	1	2	d	2	2.51	1	0.050073150286	0.198295970873	4.159944	1.26886587	2.89107827	3	1	0.680349033923962	3	2	0.319650966076038	0.00972673167821198	0.00994718095934314	0.556618747739426	0.596023292020839	4	1	3	3	2	0.28277	3	1	0.71723	4	1	3
8	124293920	124299135	3	2	1	2	f	2	2.51	1	0.05	0.1	4.159944	1.26886587	2.89107827	NA	NA	NA	NA	NA	NA	NA	NA	NA	NA	NA	NA	NA	3	2	0.270871	3	1	0.729129	4	1	3
8	124299136	127205783	4	3	1	2	d	2	2.51	1	0.0529926087279	0.159850000431	4.171544	1.26999168	2.90155227	3	1	0.710355266672601	3	2	0.289644733327399	0.0169693905808186	0.0176123198706141	0.606477907521287	0.671693839224717	4	1	3	3	2	0.270871	3	1	0.729129	4	1	3
8	127205784	127210766	3	2	1	2	d	2	2.51	1	0.05	0.1	4.171544	1.26999168	2.90155227	2	1	1	NA	NA	NA	NA	NA	NA	NA	3	1	2	3	2	0.270871	3	1	0.729129	4	1	3
8	127210767	130822051	4	3	1	2	d	2	2.51	1	0.0526645825559	0.174288027946	4.153464	1.24920233	2.9042619	3	1	0.724568745343015	3	2	0.275431254656985	0.0136838925795796	0.0143609243671243	0.591293197248748	0.648635642074927	4	1	3	3	2	0.23605	3	1	0.76395	4	1	3
8	130822052	146364021	4	3	1	2	d	4	2.57	0.86	0.0545885021043	0.180185662692	3.875984	1.01073312	2.86525046	3	1	1	NA	NA	NA	NA	NA	NA	NA	4	1	3	3	1	1	NA	NA	NA	4	1	3
9	48007	203682	0	0	0	1	g	NA	1	1	0.05	0.1	NA	NA	NA	NA	NA	NA	NA	NA	NA	NA	NA	NA	NA	1	0	1	0	0	1	NA	NA	NA	0	0	0
9	203683	752935	0	0	0	2	d	4	0	0	0.0748854002233	0.0852514022959	0.101378	0.05068889	0.05068889	0	0	1	NA	NA	NA	NA	NA	NA	NA	1	0	1	0	0	1	NA	NA	NA	0	0	0
9	752936	21963412	1	1	0	2	d	5	1.21	0	0.0768626928575	0.104146385833	1	0	1	1	0	1	NA	NA	NA	NA	NA	NA	NA	1	0	1	1	0	1	NA	NA	NA	1	0	1
9	21963413	22016872	0	0	0	2	d	4	0	0	0.05	0.1	1	0	1	0	0	1	NA	NA	NA	NA	NA	NA	NA	1	0	1	0	0	1	NA	NA	NA	0	0	0
9	22016873	39202278	1	1	0	2	d	5	1.21	0	0.0755390084694	0.113162077979	1	0	1	1	0	1	NA	NA	NA	NA	NA	NA	NA	1	0	1	1	0	1	NA	NA	NA	1	0	1
9	39202279	47299999	2	1	1	2	d	3	1	1	0.05	0.340156835329	1	0	1	1	1	1	NA	NA	NA	NA	NA	NA	NA	1	0	1	1	0	0.569046	1	1	0.430954	2	1	1
9	47300000	50699999	2	1	1	2	d	2	1	1	0.05	0.1	NA	NA	NA	NA	NA	NA	NA	NA	NA	NA	NA	NA	NA	1	0	1	1	0	0.569046	1	1	0.430954	2	1	1
9	50700000	66486485	2	1	1	2	d	2	1	1	0.05	0.332528103617	NA	NA	NA	NA	NA	NA	NA	NA	NA	NA	NA	NA	NA	NA	NA	NA	1	0	0.569046	1	1	0.430954	2	1	1
9	66486486	93805200	2	1	1	3	a	6	1	1	0.0427983025339	0.134269398036	2	1	1	1	1	1	NA	NA	NA	NA	NA	NA	NA	2	1	1	1	1	1	NA	NA	NA	2	1	1
9	93805201	93806041	2	1	1	3	b	5	1	1	0.05	0.1	2	1	1	1	1	1	NA	NA	NA	NA	NA	NA	NA	NA	NA	NA	1	1	1	NA	NA	NA	2	1	1
9	93806042	106831545	2	1	1	3	a	6	1	1	0.0417691067729	0.156869965943	2	1	1	1	1	1	NA	NA	NA	NA	NA	NA	NA	2	1	1	1	1	1	NA	NA	NA	2	1	1
9	106831546	106853676	3	2	1	3	b	6	2	1	0.05	0.1	2	1	1	2	1	1	NA	NA	NA	NA	NA	NA	NA	3	1	2	2	1	1	NA	NA	NA	3	1	2
9	106853677	128935986	2	1	1	3	a	6	1	1	0.042490749628	0.119512107144	2	1	1	1	1	1	NA	NA	NA	NA	NA	NA	NA	2	1	1	1	1	1	NA	NA	NA	2	1	1
9	128935987	128937190	2	1	1	2	d	3	1	1	0.05	0.1	2	1	1	1	0	0.753409176523772	1	1	0.246590823476228	NA	0	0.753409176523772	0.753409176523772	NA	NA	NA	1	1	1	NA	NA	NA	1	0	1
9	128937191	140273200	2	1	1	3	a	6	1	1	0.0457312491959	0.144134517667	2	1	1	1	1	1	NA	NA	NA	NA	NA	NA	NA	2	1	1	1	1	1	NA	NA	NA	2	1	1
10	95096	12990847	3	2	1	2	d	4	2	1	0.0559278785978	0.174760506408	2.799626	1.01364015	1.78598596	1	1	0.190552124395945	2	1	0.809447875604055	0.00869688594099464	0.00832089495223198	0.242462831391499	0.274058670830818	3	1	2	2	1	1	NA	NA	NA	3	1	2
10	12990848	20392567	2	1	1	3	a	6	1	1	0.0484450416932	0.127328340116	2	1	1	1	1	1	NA	NA	NA	NA	NA	NA	NA	2	1	1	1	1	1	NA	NA	NA	2	1	1
10	20392568	20393504	2	1	1	3	b	5	1	1	0.05	0.1	2	1	1	1	1	1	NA	NA	NA	NA	NA	NA	NA	NA	NA	NA	1	1	1	NA	NA	NA	2	1	1
10	20393505	37999999	2	1	1	3	a	6	1	1	0.0446308167685	0.128522818304	2	1	1	1	1	1	NA	NA	NA	NA	NA	NA	NA	2	1	1	1	1	1	NA	NA	NA	2	1	1
10	38000000	42403710	NA	NA	NA	NA	NA	NA	1	1	0.0483285524659	0.21648540684	2.228342	1.11417089	1.11417089	NA	NA	NA	NA	NA	NA	NA	NA	NA	NA	2	1	1	1	1	1	NA	NA	NA	2	1	1
10	42403711	59954949	1	1	0	3	a	6	1	0	0.0753098452339	0.17185764293	1	0	1	1	0	1	NA	NA	NA	NA	NA	NA	NA	1	0	1	1	0	1	NA	NA	NA	1	0	1
10	59954950	60831710	2	1	1	3	a	6	1	1	0.0409372048908	0.13438950155	2	1	1	1	1	1	NA	NA	NA	NA	NA	NA	NA	2	1	1	1	1	1	NA	NA	NA	2	1	1
10	60831711	60831759	2	1	1	3	b	5	1	1	0.05	0.1	2	1	1	1	1	1	NA	NA	NA	NA	NA	NA	NA	NA	NA	NA	1	1	1	NA	NA	NA	2	1	1
10	60831760	62980266	2	1	1	3	a	6	1	1	0.0431912955704	0.131488270164	2	1	1	1	1	1	NA	NA	NA	NA	NA	NA	NA	2	1	1	1	1	1	NA	NA	NA	2	1	1
10	62980267	62980279	2	1	1	3	b	5	1	1	0.05	0.1	2	1	1	1	1	1	NA	NA	NA	NA	NA	NA	NA	NA	NA	NA	1	1	1	NA	NA	NA	2	1	1
10	62980280	71620866	2	1	1	3	a	6	1	1	0.0420537736751	0.12844714926	2	1	1	1	1	1	NA	NA	NA	NA	NA	NA	NA	2	1	1	1	1	1	NA	NA	NA	2	1	1
10	71620867	83134942	1	1	0	3	a	6	1	0	0.0754336114933	0.0970020355972	1	0	1	1	0	1	NA	NA	NA	NA	NA	NA	NA	1	0	1	1	0	1	NA	NA	NA	1	0	1
10	83134943	83136292	1	1	0	2	d	4	1	0	0.05	0.1	1	0	1	0	0	1	NA	NA	NA	NA	NA	NA	NA	1	0	1	1	0	1	NA	NA	NA	0	0	0
10	83136293	89613618	1	1	0	3	a	6	1	0	0.0757363759971	0.0967336439902	1	0	1	1	0	1	NA	NA	NA	NA	NA	NA	NA	1	0	1	1	0	1	NA	NA	NA	1	0	1
10	89613619	89710889	1	1	0	2	d	3	NA	NA	NA	NA	1	0	1	0	0	1	NA	NA	NA	NA	NA	NA	NA	1	0	1	1	0	1	NA	NA	NA	0	0	0
10	89710890	124561578	1	1	0	3	a	6	1	0	0.0756189588778	0.100329341371	1	0	1	1	0	1	NA	NA	NA	NA	NA	NA	NA	1	0	1	1	0	1	NA	NA	NA	1	0	1
10	124561579	135235890	1	1	0	3	a	6	1	0	0.0752981513446	0.099422791062	1	0	1	1	0	1	NA	NA	NA	NA	NA	NA	NA	1	0	1	1	0	1	NA	NA	NA	1	0	1
10	135235891	135423768	1	1	0	3	b	5	1	0	0.0652923350034	0.0830976797075	1	0	1	NA	NA	NA	NA	NA	NA	NA	NA	NA	NA	1	0	1	1	0	1	NA	NA	NA	1	0	1
11	197557	23651051	2	1	1	3	a	6	1	1	0.0436401133392	0.144538921041	2	1	1	1	1	1	NA	NA	NA	NA	NA	NA	NA	2	1	1	1	1	1	NA	NA	NA	2	1	1
11	23651052	23651996	2	1	1	2	d	4	1	1	0.05	0.1	2	1	1	0	0	0.219214673671087	1	0	0.780785326328913	NA	0	0.219214673671087	0.219214673671087	NA	NA	NA	1	1	1	NA	NA	NA	2	1	1
11	23651997	51599999	2	1	1	3	a	6	1	1	0.0434168017989	0.124017653034	2	1	1	1	1	1	NA	NA	NA	NA	NA	NA	NA	2	1	1	1	1	1	NA	NA	NA	2	1	1
11	51600000	55699999	2	1	1	3	a	6	1	1	0.0531827207675	0.248486469139	2	1	1	1	1	1	NA	NA	NA	NA	NA	NA	NA	2	1	1	1	1	1	NA	NA	NA	2	1	1
11	55700000	65725659	2	1	1	3	a	6	1	1	0.0443245171815	0.135028277056	2	1	1	1	1	1	NA	NA	NA	NA	NA	NA	NA	2	1	1	1	1	1	NA	NA	NA	2	1	1
11	65725660	65744803	1	1	0	2	d	4	1	1	0.05	0.1	2	1	1	1	0	1	NA	NA	NA	NA	NA	NA	NA	1	0	1	1	0	1	NA	NA	NA	1	0	1
11	65744804	82827319	2	1	1	3	a	6	1	1	0.0440480643377	0.12029039924	2	1	1	1	1	1	NA	NA	NA	NA	NA	NA	NA	2	1	1	1	1	1	NA	NA	NA	2	1	1
11	82827320	82835344	1	1	0	1	g	NA	1	1	0.05	0.1	2	1	1	1	0	1	NA	NA	NA	NA	NA	NA	NA	1	0	1	1	1	1	NA	NA	NA	1	0	1
11	82835345	94496448	2	1	1	3	a	6	1	1	0.0419283306922	0.137233982601	2	1	1	1	1	1	NA	NA	NA	NA	NA	NA	NA	2	1	1	1	1	1	NA	NA	NA	2	1	1
11	94496449	104595695	2	1	1	3	a	6	1	1	0.0447543711969	0.135617702486	2	1	1	1	1	1	NA	NA	NA	NA	NA	NA	NA	2	1	1	1	1	1	NA	NA	NA	2	1	1
11	104595696	104596784	2	1	1	3	b	5	1	1	0.05	0.1	2	1	1	1	1	1	NA	NA	NA	NA	NA	NA	NA	NA	NA	NA	1	1	1	NA	NA	NA	2	1	1
11	104596785	134452200	2	1	1	3	a	6	1	1	0.0418173104444	0.121548338752	2	1	1	1	1	1	NA	NA	NA	NA	NA	NA	NA	2	1	1	1	1	1	NA	NA	NA	2	1	1
12	110107	188196	1	1	0	1	g	NA	1.51	0	0.05	0.1	NA	NA	NA	NA	NA	NA	NA	NA	NA	NA	NA	NA	NA	NA	NA	NA	2	0	1	NA	NA	NA	1	0	1
12	188197	19648773	1	1	0	2	e	5	1.51	0	0.0676270024279	0.122923018307	1.531202	0.0599352	1.47126684	1	0	0.549970108246305	2	0	0.450029891753695	0.0116521330299685	0.0104439279846671	0.723750109843684	0.763887987372036	2	0	2	2	0	0.499981	1	0	0.500019	1	0	1
12	19648774	19649668	1	1	0	2	d	2	1.51	0	0.05	0.1	1.531202	0.0599352	1.47126684	NA	NA	NA	NA	NA	NA	NA	NA	NA	NA	1	0	1	2	0	0.499981	1	0	0.500019	1	0	1
12	19649669	29419901	1	1	0	2	d	2	1.51	0	0.0670525500385	0.108370411339	1.501762	0.07010304	1.43165899	1	0	0.59458641260796	2	0	0.40541358739204	0.0129074548420374	0.0120633053234673	0.674959876772461	0.719768991668376	1	0	1	2	0	0.414265	1	0	0.585735	1	0	1
12	29419902	33299999	1	1	0	3	a	6	1	0	0.0701604316239	0.101276744677	1	0	1	1	0	1	NA	NA	NA	NA	NA	NA	NA	1	0	1	1	0	1	NA	NA	NA	1	0	1
12	33300000	38199999	1	1	0	3	b	5	1	0	0.067456048378	0.164329258742	1	0	1	NA	NA	NA	NA	NA	NA	NA	NA	NA	NA	1	0	1	1	0	1	NA	NA	NA	1	0	1
12	38200000	46109440	1	1	0	3	a	6	1	0	0.075441000321	0.0945480035659	1	0	1	1	0	1	NA	NA	NA	NA	NA	NA	NA	1	0	1	1	0	1	NA	NA	NA	1	0	1
12	46109441	46301940	0	0	0	3	b	6	0	0	0.05	0.0596264432743	0	0	0	0	0	1	NA	NA	NA	NA	NA	NA	NA	1	0	1	0	0	1	NA	NA	NA	0	0	0
12	46301941	61127605	1	1	0	3	a	6	1	0	0.0742931258737	0.104468080768	1	0	1	1	0	1	NA	NA	NA	NA	NA	NA	NA	1	0	1	1	0	1	NA	NA	NA	1	0	1
12	61127606	61127626	1	1	0	2	d	4	1.31	0	0.05	0.1	1	0	1	NA	NA	NA	NA	NA	NA	NA	NA	NA	NA	1	0	1	1	0	1	NA	NA	NA	1	0	1
12	61127627	67396637	1	1	0	2	d	3	1.31	0	0.0665335980474	0.113241477421	1.325301	0.06831257	1.25698833	1	0	0.798791805647829	2	0	0.201208194352171	0.0155288723283728	0.0141673766754809	0.905353296151304	0.961901989930079	1	0	1	1	0	1	NA	NA	NA	1	0	1
12	67396638	86214897	2	2	0	2	d	4	2.31	0	0.0544212401872	0.131884475044	2.277686	0.06621755	2.21146815	2	0	1	NA	NA	NA	NA	NA	NA	NA	2	0	2	2	0	1	NA	NA	NA	2	0	2
12	86214898	86216933	2	2	0	2	e	3	2.31	0	0.05	0.1	2.277686	0.06621755	2.21146815	1	0	0.791460145035072	1	1	0.208539854964928	NA	0	0.791460145035072	0.791460145035072	NA	NA	NA	2	0	1	NA	NA	NA	1	0	1
12	86216934	100466215	2	2	0	2	d	3	2.31	0	0.0554234779084	0.135837561705	2.279691	0.05753244	2.22215808	2	0	0.799604989436711	3	0	0.200395010563289	0.0209199590374906	0.0183677879563442	1.05430536929657	1.12681164683907	2	0	2	2	0	1	NA	NA	NA	2	0	2
12	100466216	100634652	1	1	0	2	d	4	1	0	0.05	0.104725792072	1.367986	0.03555024	1.33243602	1	0	0.718852246234957	2	0	0.281147753765043	0.0796024416080455	0.0842566044826361	0.517543534522797	0.839276342137152	1	0	1	1	0	1	NA	NA	NA	1	0	1
12	100634653	114966250	2	2	0	2	d	4	2.31	0	0.0555007999283	0.129559431474	2.250022	0.05445114	2.19557109	2	0	1	NA	NA	NA	NA	NA	NA	NA	2	0	2	2	0	1	NA	NA	NA	2	0	2
12	114966251	114967560	2	2	0	2	e	3	2.31	0	0.05	0.1	2.250022	0.05445114	2.19557109	1	0	0.750743477873745	2	0	0.249256522126255	NA	0	0.750743477873745	0.750743477873745	NA	NA	NA	2	0	1	NA	NA	NA	1	0	1
12	114967561	115079950	2	2	0	2	d	4	2.31	0	0.0468755382033	0.0916748715109	2.261517	0.07081758	2.19069893	2	0	1	NA	NA	NA	NA	NA	NA	NA	2	0	2	2	0	1	NA	NA	NA	2	0	2
12	115079951	115180432	1	1	0	3	a	6	1	0	0.0754223271509	0.1	1	0	1	1	0	1	NA	NA	NA	NA	NA	NA	NA	1	0	1	1	0	1	NA	NA	NA	1	0	1
12	115180433	122255695	2	2	0	2	d	4	2.21	0	0.054566873168	0.127392977052	2.251629	0.05164852	2.19998022	2	0	1	NA	NA	NA	NA	NA	NA	NA	2	0	2	2	0	1	NA	NA	NA	2	0	2
12	122255696	132349400	2	2	0	3	a	6	2	0	0.0642633274209	0.155078831432	2	0	2	2	0	1	NA	NA	NA	NA	NA	NA	NA	2	0	2	2	0	1	NA	NA	NA	2	0	2
12	132349401	133851894	2	2	0	3	b	5	NA	NA	NA	NA	2	0	2	2	0	1	NA	NA	NA	NA	NA	NA	NA	2	0	2	2	0	1	NA	NA	NA	2	0	2
13	1	16299999	1	1	0	1	g	NA	NA	NA	NA	NA	NA	NA	NA	NA	NA	NA	NA	NA	NA	NA	NA	NA	NA	NA	NA	NA	NA	NA	NA	NA	NA	NA	1	0	1
13	16300000	19499999	1	1	0	2	d	3	1	0	0.0742335645479	0.123200088261	NA	NA	NA	1	0	0.688715932785591	2	0	0.311284067214409	0.133100483928979	0.126950398993694	0.482067119601204	0.970727326617308	NA	NA	NA	1	0	1	NA	NA	NA	1	0	1
13	19500000	32929377	1	1	0	2	d	2	1.31	0	0.0719596571984	0.104520777556	1.329785	0.07841287	1.25137174	1	0	0.773051630054568	2	0	0.226948369945432	0.0113113916091998	0.00978056141316906	0.96012667205977	0.997819898325377	NA	NA	NA	1	0	1	NA	NA	NA	1	0	1
13	32929378	32931266	1	1	0	2	d	2	NA	NA	NA	NA	1.329785	0.07841287	1.25137174	NA	NA	NA	NA	NA	NA	NA	NA	NA	NA	NA	NA	NA	1	0	1	NA	NA	NA	1	0	1
13	32931267	56036958	1	1	0	2	d	2	1.39	0	0.0669227419998	0.117967127684	1.389448	0.05868237	1.33076535	1	0	0.682424761819962	2	0	0.317575238180038	0.00874296918057621	0.00790981832717726	0.782187108378845	0.814108883975167	NA	NA	NA	1	0	1	NA	NA	NA	1	0	1
13	56036959	56037912	1	1	0	2	d	2	1.39	0	0.05	0.1	1.389448	0.05868237	1.33076535	NA	NA	NA	NA	NA	NA	NA	NA	NA	NA	NA	NA	NA	1	0	1	NA	NA	NA	1	0	1
13	56037913	57349881	1	1	0	2	d	2	1.39	0	0.0695612215473	0.190296917995	1.392888	0.09377278	1.29911488	1	0	0.69058098247389	2	0	0.30941901752611	0.0395960842807688	0.0392632850743041	0.628449884982892	0.783998537766	NA	NA	NA	1	0	1	NA	NA	NA	1	0	1
13	57349882	57361451	0	0	0	2	d	2	1.39	0	0.05	0.1	1.392888	0.09377278	1.29911488	0	0	1	NA	NA	NA	NA	NA	NA	NA	NA	NA	NA	1	0	1	NA	NA	NA	0	0	0
13	57361452	114142800	1	1	0	2	d	2	1.39	0	0.0668460227033	0.11703582161	1.40605	0.06080158	1.34524805	1	0	0.678670986212609	2	0	0.321329013787391	0.0049530685850111	0.00450003781306135	0.764405144117717	0.782392470694008	NA	NA	NA	1	0	1	NA	NA	NA	1	0	1
13	114142801	115169877	1	1	0	2	d	2	NA	NA	NA	NA	1.349366	0.01208369	1.33728261	1	0	0.59458641260796	2	0	0.40541358739204	0.0443124081025484	0.0406623231371094	0.584417223753732	0.742800495409769	NA	NA	NA	1	0	1	NA	NA	NA	1	0	1
14	1	16099999	1	1	0	1	g	NA	NA	NA	NA	NA	NA	NA	NA	NA	NA	NA	NA	NA	NA	NA	NA	NA	NA	NA	NA	NA	NA	NA	NA	NA	NA	NA	1	0	1
14	16100000	19099999	1	1	0	2	d	2	1.14	0	0.05	0.117459472534	NA	NA	NA	NA	NA	NA	NA	NA	NA	NA	NA	NA	NA	NA	NA	NA	1	0	1	NA	NA	NA	1	0	1
14	19100000	20473108	1	1	0	2	d	3	1.14	0	0.0822658235754	0.284573332572	1	0	1	1	0	0.948452891035574	1	1	0.0515471089644265	0.00303624030357447	0.00296065977601201	0.942532228199196	0.954355074036241	NA	NA	NA	1	0	1	NA	NA	NA	1	0	1
14	20473109	48630333	1	1	0	2	d	4	1	0	0.0740841452926	0.10617587835	1	0	1	1	0	0.948452891035574	1	1	0.0515471089644265	0.00303624030357447	0.00296065977601201	0.942532228199196	0.954355074036241	NA	NA	NA	1	0	1	NA	NA	NA	1	0	1
14	48630334	48630356	1	1	0	2	d	4	1	0	0.05	0.1	1	0	1	NA	NA	NA	NA	NA	NA	NA	NA	NA	NA	NA	NA	NA	1	0	1	NA	NA	NA	1	0	1
14	48630357	55645470	1	1	0	3	b	5	1	0	0.0749909333764	0.114573687323	1	0	1	1	0	1	NA	NA	NA	NA	NA	NA	NA	NA	NA	NA	1	0	1	NA	NA	NA	1	0	1
14	55645471	55652535	1	1	0	2	d	4	1	0	0.05	0.1	1	0	1	2	0	1	NA	NA	NA	NA	NA	NA	NA	NA	NA	NA	1	0	1	NA	NA	NA	1	0	1
14	55652536	74005998	1	1	0	3	b	5	1	0	0.0758763130136	0.0959411886841	1	0	1	1	0	1	NA	NA	NA	NA	NA	NA	NA	NA	NA	NA	1	0	1	NA	NA	NA	1	0	1
14	74005999	74017892	1	1	0	2	d	4	NA	NA	NA	NA	1	0	1	1	0	1	NA	NA	NA	NA	NA	NA	NA	NA	NA	NA	1	0	1	NA	NA	NA	1	0	1
14	74017893	106368400	1	1	0	3	b	5	1	0	0.0764594160669	0.120115134942	1	0	1	1	0	1	NA	NA	NA	NA	NA	NA	NA	NA	NA	NA	1	0	1	NA	NA	NA	1	0	1
15	1	15799999	1	1	0	1	g	NA	NA	NA	NA	NA	NA	NA	NA	NA	NA	NA	NA	NA	NA	NA	NA	NA	NA	NA	NA	NA	NA	NA	NA	NA	NA	NA	1	0	1
15	15800000	20699999	1	1	0	1	g	NA	1	1	0.05	0.373405314641	NA	NA	NA	1	1	1	NA	NA	NA	NA	NA	NA	NA	NA	NA	NA	1	0	1	NA	NA	NA	1	0	1
15	20700000	49242611	1	1	0	3	b	5	1	0	0.075436424832	0.15550967675	1	0	1	1	0	1	NA	NA	NA	NA	NA	NA	NA	NA	NA	NA	1	0	1	NA	NA	NA	1	0	1
15	49242612	57161205	2	2	0	3	a	6	2	0	0.0601434131783	0.130338276697	2	0	2	2	0	1	NA	NA	NA	NA	NA	NA	NA	2	0	2	2	0	1	NA	NA	NA	2	0	2
15	57161206	57168879	2	2	0	2	d	3	2	0	0.05	0.1	2	0	2	1	0	1	NA	NA	NA	NA	NA	NA	NA	NA	NA	NA	2	0	1	NA	NA	NA	1	0	1
15	57168880	81827490	2	2	0	2	d	5	2	0	0.0621179712075	0.200297898176	1.933955	0.05954975	1.87440543	2	0	1	NA	NA	NA	NA	NA	NA	NA	2	0	2	2	0	1	NA	NA	NA	2	0	2
15	81827491	81827523	2	2	0	2	d	4	2	0	0.05	0.1	1.933955	0.05954975	1.87440543	2	0	1	NA	NA	NA	NA	NA	NA	NA	NA	NA	NA	2	0	1	NA	NA	NA	2	0	2
15	81827524	85192856	2	2	0	3	a	6	2	0	0.0566617776952	0.119003004854	2	0	2	2	0	1	NA	NA	NA	NA	NA	NA	NA	2	0	2	2	0	1	NA	NA	NA	2	0	2
15	85192857	85209181	2	2	0	3	b	5	2	0	0.05	0.1	2	0	2	2	0	1	NA	NA	NA	NA	NA	NA	NA	NA	NA	NA	2	0	1	NA	NA	NA	2	0	2
15	85209182	89320219	2	2	0	3	a	6	2	0	0.0588451871491	0.131103077462	2	0	2	2	0	1	NA	NA	NA	NA	NA	NA	NA	2	0	2	2	0	1	NA	NA	NA	2	0	2
15	89320220	89320503	2	2	0	2	d	4	NA	NA	NA	NA	2	0	2	2	0	1	NA	NA	NA	NA	NA	NA	NA	1	0	1	2	0	1	NA	NA	NA	2	0	2
15	89320504	89320734	2	2	0	2	d	3	NA	NA	NA	NA	NA	NA	NA	2	0	1	NA	NA	NA	NA	NA	NA	NA	1	0	1	2	0	1	NA	NA	NA	2	0	2
15	89320735	89321265	2	2	0	2	d	3	NA	NA	NA	NA	NA	NA	NA	2	0	1	NA	NA	NA	NA	NA	NA	NA	1	0	1	2	0	1	NA	NA	NA	2	0	2
15	89321266	89321291	2	2	0	2	d	3	NA	NA	NA	NA	NA	NA	NA	2	0	1	NA	NA	NA	NA	NA	NA	NA	NA	NA	NA	2	0	1	NA	NA	NA	2	0	2
15	89321292	100338800	2	2	0	2	d	5	2	0	0.0597349876341	0.137250439763	1.950545	0.05475849	1.89578638	2	0	1	NA	NA	NA	NA	NA	NA	NA	2	0	2	2	0	1	NA	NA	NA	2	0	2
15	100338801	102431166	2	2	0	2	d	4	NA	NA	NA	NA	1.918805	0.05288064	1.86592397	2	0	1	NA	NA	NA	NA	NA	NA	NA	2	0	2	2	0	1	NA	NA	NA	2	0	2
16	84170	4379413	2	1	1	2	d	5	1	1	0.0583690181133	0.169644041777	2	1	1	1	0	0.0847993012537607	1	1	0.915200698746239	0.0112076355134865	0.0111483885966164	0.0990157433487362	0.141145114361526	2	1	1	1	1	1	NA	NA	NA	2	1	1
16	4379414	4438408	3	2	1	2	d	4	1	1	0.05	0.1	3	1	2	1	1	1	NA	NA	NA	NA	NA	NA	NA	3	1	2	2	1	1	NA	NA	NA	3	1	2
16	4438409	11884464	2	1	1	2	d	5	1	1	0.0466372863034	0.127816882079	2.10665	1.05332475	1.05332475	1	1	1	NA	NA	NA	NA	NA	NA	NA	2	1	1	1	1	1	NA	NA	NA	2	1	1
16	11884465	11906204	2	1	1	2	d	4	1	1	0.05	0.1	2.10665	1.05332475	1.05332475	1	1	0.773134336905533	2	1	0.226865663094467	0.103889238116051	0.10919078010166	0.452417418434564	0.895354938017683	2	1	1	1	1	1	NA	NA	NA	2	1	1
16	11906205	11909269	2	1	1	2	d	3	1	1	0.05	0.1	NA	NA	NA	1	0	1	NA	NA	NA	NA	NA	NA	NA	1	0	1	1	1	1	NA	NA	NA	2	1	1
16	11909270	11923880	2	1	1	3	b	5	1	1	0.05	0.1	NA	NA	NA	1	1	1	NA	NA	NA	NA	NA	NA	NA	2	1	1	1	1	1	NA	NA	NA	2	1	1
16	11923881	24441348	2	1	1	3	a	6	1	1	0.044559459431	0.164565085332	2	1	1	1	1	1	NA	NA	NA	NA	NA	NA	NA	2	1	1	1	1	1	NA	NA	NA	2	1	1
16	24441349	24442365	2	1	1	2	d	3	1	1	0.05	0.1	2	1	1	1	0	1	NA	NA	NA	NA	NA	NA	NA	NA	NA	NA	1	1	1	NA	NA	NA	1	0	1
16	24442366	34599999	2	1	1	3	a	6	1	1	0.0447424658075	0.163558870217	2	1	1	1	1	1	NA	NA	NA	NA	NA	NA	NA	2	1	1	1	1	1	NA	NA	NA	2	1	1
16	34600000	38599999	2	1	1	3	a	6	1	1	0.0406732691622	0.172132891607	2	1	1	1	1	1	NA	NA	NA	NA	NA	NA	NA	2	1	1	1	1	1	NA	NA	NA	2	1	1
16	38600000	46447499	2	1	1	2	d	4	NA	NA	NA	NA	2	1	1	1	1	1	NA	NA	NA	NA	NA	NA	NA	NA	NA	NA	1	1	1	NA	NA	NA	2	1	1
16	46447500	52494720	2	1	1	3	a	6	1	1	0.0440837183293	0.127272831153	2	1	1	1	1	1	NA	NA	NA	NA	NA	NA	NA	2	1	1	1	1	1	NA	NA	NA	2	1	1
16	52494721	60588085	3	2	1	2	d	4	2	1	0.0572031335882	0.161274001304	2.816211	0.98165701	1.83455448	1	1	0.168966847713171	2	1	0.831033152286829	0.0124869893151994	0.0122437007589766	0.247057861228392	0.294842859829043	3	1	2	2	1	1	NA	NA	NA	3	1	2
16	60588086	70436723	4	3	1	2	d	3	2.78	1	0.0531562289096	0.197857763299	3.620756	0.98332534	2.63743038	2	1	0.282814149611399	3	1	0.717185850388601	0.0218976657598109	0.0197537615989494	0.514091063810507	0.590258394728511	4	1	3	3	1	1	NA	NA	NA	4	1	3
16	70436724	70478051	2	1	1	2	d	3	2.78	1	0.05	0.1	3.620756	0.98332534	2.63743038	1	1	1	NA	NA	NA	NA	NA	NA	NA	2	1	1	3	1	1	NA	NA	NA	2	1	1
16	70478052	84279592	4	3	1	2	d	3	2.78	1	0.0575378737838	0.183445108368	3.632362	0.99964996	2.63271218	2	1	0.293414062268134	3	1	0.706585937731866	0.0149473100965324	0.0133438780806614	0.619473757617525	0.670729530142064	4	1	3	3	1	1	NA	NA	NA	4	1	3
16	84279593	88827200	3	2	1	2	d	4	2	1	0.0577869692816	0.154289734028	2.740064	0.99415544	1.74590879	1	1	0.236806288716181	2	1	0.763193711283819	0.0147825573648459	0.0138508291285474	0.363682764502779	0.417651986335327	3	1	2	2	1	1	NA	NA	NA	3	1	2
16	88827201	90354752	3	2	1	2	d	3	NA	NA	NA	NA	2.752121	0.99420607	1.75791452	1	1	0.343921195563032	2	1	0.656078804436968	0.0370953047646326	0.0341991421841811	0.400552959175304	0.541138234272449	3	1	2	2	1	1	NA	NA	NA	3	1	2
17	20080	4027400	1	1	0	2	d	5	1	0	0.0730682865082	0.0970715599786	1	0	1	0	0	0.0990938542358696	1	0	0.90090614576413	0.0183422348197	0.0154702568383509	0.243365417254064	0.306028575792013	1	0	1	1	0	1	NA	NA	NA	1	0	1
17	4027401	4414994	1	1	0	2	d	2	1.51	0	0.0793798703726	0.177775526989	0.805182	0.22924825	0.57593413	0	0	0.670036667988768	1	0	0.329963332011232	0.0270947667814611	0.0286036344974121	0.555207836415541	0.665660805884055	1	0	1	1	0	0.377036	0	0	0.622964	1	0	1
17	4414995	19465019	1	1	0	3	a	6	1	0	0.0773447973228	0.110555589443	1	0	1	1	0	1	NA	NA	NA	NA	NA	NA	NA	1	0	1	1	0	1	NA	NA	NA	1	0	1
17	19465020	19998255	2	1	1	3	a	6	1	1	0.0399437633913	0.159104557331	2	1	1	1	1	1	NA	NA	NA	NA	NA	NA	NA	2	1	1	1	1	1	NA	NA	NA	2	1	1
17	19998256	20263175	3	2	1	2	d	3	1.51	2	0.05	0.134011061889	2.884776	0.96086434	1.9239115	1	1	0.178099080155887	2	1	0.821900919844113	0.099713709989329	0.0935562881842341	0.213440185142403	0.574992137883906	3	1	2	2	1	1	NA	NA	NA	3	1	2
17	20263176	20826964	5	4	1	2	d	3	5	1	0.05	0.385021258825	5.43094	1.04480322	4.38613651	4	1	0.438429347342176	5	1	0.561570652657824	0.169091446544779	0.1466518052649	0.710302891837746	1.272221192052	5	1	4	4	1	1	NA	NA	NA	5	1	4
17	20826965	20995548	6	5	1	2	d	3	5	1	0.05	0.331239511907	5.66612	1.07754572	4.58857471	5	1	1	NA	NA	NA	NA	NA	NA	NA	5	1	4	5	1	1	NA	NA	NA	6	0	6
17	20995549	21059770	5	4	1	2	d	5	4	1	0.05	0.1	5.66612	1.07754572	4.58857471	4	1	1	NA	NA	NA	NA	NA	NA	NA	5	1	4	4	1	1	NA	NA	NA	5	1	4
17	21059771	21062611	3	2	1	1	g	NA	1	0	0.05	0.1	NA	NA	NA	3	1	1	NA	NA	NA	NA	NA	NA	NA	NA	NA	NA	1	0	1	NA	NA	NA	3	1	2
17	21062612	21539973	1	1	0	2	d	5	1	0	0.0757219933947	0.138406126084	1	0	1	0	0	0.127050704193513	1	0	0.872949295806487	0.0634036773904728	0.0587720117041839	0.135598184841503	0.364322600773009	1	0	1	1	0	1	NA	NA	NA	1	0	1
17	21539974	25799999	NA	NA	NA	NA	NA	NA	2	1	0.0579311081431	0.262925385185	2.6886	0.91077728	1.77782276	NA	NA	NA	NA	NA	NA	NA	NA	NA	NA	2	1	1	2	1	0.818148	1	1	0.181852	2	1	1
17	25800000	40700429	3	2	1	3	a	6	2	1	0.058913706215	0.169773481779	3	1	2	2	1	1	NA	NA	NA	NA	NA	NA	NA	3	1	2	2	1	1	NA	NA	NA	3	1	2
17	40700430	40709370	2	1	1	1	g	NA	2	1	0.05	0.1	3	1	2	1	1	1	NA	NA	NA	NA	NA	NA	NA	2	1	1	2	1	1	NA	NA	NA	2	1	1
17	40709371	41206411	3	2	1	3	a	6	2	1	0.0495502567106	0.169632388765	3	1	2	2	1	1	NA	NA	NA	NA	NA	NA	NA	3	1	2	2	1	1	NA	NA	NA	3	1	2
17	41206412	44790025	2	2	0	3	a	6	2	0	0.0605695830812	0.211148367931	2	0	2	2	0	1	NA	NA	NA	NA	NA	NA	NA	2	0	2	2	0	1	NA	NA	NA	2	0	2
17	44790026	52615088	2	2	0	3	a	6	2	0	0.0570273336987	0.115668784853	2	0	2	2	0	1	NA	NA	NA	NA	NA	NA	NA	2	0	2	2	0	1	NA	NA	NA	2	0	2
17	52615089	52615938	2	2	0	2	d	3	NA	NA	NA	NA	2	0	2	NA	NA	NA	NA	NA	NA	NA	NA	NA	NA	NA	NA	NA	2	0	1	NA	NA	NA	2	0	2
17	52615939	77970720	3	2	1	3	a	6	2	1	0.0573440869536	0.169705012102	3	1	2	2	1	1	NA	NA	NA	NA	NA	NA	NA	3	1	2	2	1	1	NA	NA	NA	3	1	2
17	77970721	77972423	3	2	1	3	a	6	2	1	0.05	0.1	3	1	2	2	1	1	NA	NA	NA	NA	NA	NA	NA	3	1	2	2	1	1	NA	NA	NA	3	1	2
17	77972424	78774600	3	2	1	3	a	6	2	1	0.0512283257839	0.170303913084	3	1	2	2	1	1	NA	NA	NA	NA	NA	NA	NA	3	1	2	2	1	1	NA	NA	NA	3	1	2
17	78774601	81195209	3	2	1	3	b	5	NA	NA	NA	NA	3	1	2	2	1	1	NA	NA	NA	NA	NA	NA	NA	3	1	2	2	1	1	NA	NA	NA	3	1	2
18	27500	2648009	2	1	1	2	d	5	1	1	0.038677736847	0.150233547052	2	1	1	1	1	0.925800611402963	2	1	0.0741993885970372	0.0130992284756576	0.0129979979932531	0.906485948254048	0.956383412454091	2	1	1	1	1	1	NA	NA	NA	2	1	1
18	2648010	2650038	1	1	0	1	g	NA	1	1	0.05	0.1	2	1	1	1	0	1	NA	NA	NA	NA	NA	NA	NA	1	0	1	1	1	1	NA	NA	NA	1	0	1
18	2650039	15399999	2	1	1	3	a	6	1	1	0.0441663967703	0.134141506371	2	1	1	1	1	1	NA	NA	NA	NA	NA	NA	NA	2	1	1	1	1	1	NA	NA	NA	2	1	1
18	15400000	18999999	2	1	1	3	a	6	1	1	0.0358183777664	0.180413206268	2	1	1	1	1	1	NA	NA	NA	NA	NA	NA	NA	2	1	1	1	1	1	NA	NA	NA	2	1	1
18	19000000	23033727	2	1	1	3	a	6	1	1	0.0460985081867	0.119929898107	2	1	1	1	1	1	NA	NA	NA	NA	NA	NA	NA	2	1	1	1	1	1	NA	NA	NA	2	1	1
18	23033728	46598955	1	1	0	3	a	6	1	0	0.0743548645382	0.103324539906	1	0	1	1	0	1	NA	NA	NA	NA	NA	NA	NA	1	0	1	1	0	1	NA	NA	NA	1	0	1
18	46598956	46903230	0	0	0	2	d	3	0	0	0.0604875830964	0.0632051262995	0.112853	0.05642644	0.05642644	0	0	0.879879180564782	1	0	0.120120819435218	0.0243400039601153	0.0240288315534714	0.844271448744208	0.94013922077144	1	0	1	0	0	1	NA	NA	NA	0	0	0
18	46903231	76117000	1	1	0	3	a	6	1	0	0.0761135652488	0.0974810160668	1	0	1	1	0	1	NA	NA	NA	NA	NA	NA	NA	1	0	1	1	0	1	NA	NA	NA	1	0	1
18	76117001	78077247	1	1	0	3	b	5	NA	NA	NA	NA	1	0	1	1	0	1	NA	NA	NA	NA	NA	NA	NA	1	0	1	1	0	1	NA	NA	NA	1	0	1
19	245631	24399999	1	1	0	3	a	6	1	0	0.0753401846151	0.119387724574	1	0	1	1	0	1	NA	NA	NA	NA	NA	NA	NA	1	0	1	1	0	1	NA	NA	NA	1	0	1
19	24400000	28599999	1	1	0	3	b	5	1	0	0.0945735181507	0.120330509269	1	0	1	NA	NA	NA	NA	NA	NA	NA	NA	NA	NA	1	0	1	1	0	1	NA	NA	NA	1	0	1
19	28600000	29013089	1	1	0	3	a	6	1	0	0.0720183165381	0.0817493606695	1	0	1	1	0	1	NA	NA	NA	NA	NA	NA	NA	1	0	1	1	0	1	NA	NA	NA	1	0	1
19	29013090	29023314	1	1	0	3	b	6	1	0	0.05	0.1	1	0	1	1	0	1	NA	NA	NA	NA	NA	NA	NA	1	0	1	2	1	1	NA	NA	NA	1	0	1
19	29023315	34757223	3	2	1	2	d	3	1.7	0.92	0.0553089919738	0.210249978047	2.815401	1.01023908	1.80516188	1	1	0.246590823476233	2	1	0.753409176523767	0.014865220962458	0.0144681525689854	0.298356412336938	0.355409546707971	3	1	2	2	1	1	NA	NA	NA	3	1	2
19	34757224	36330097	2	1	1	3	a	6	1	1	0.0417602203075	0.152180381239	2	1	1	1	1	1	NA	NA	NA	NA	NA	NA	NA	2	1	1	1	1	1	NA	NA	NA	2	1	1
19	36330098	36330582	2	1	1	3	b	5	1	1	0.05	0.1	2	1	1	1	1	1	NA	NA	NA	NA	NA	NA	NA	NA	NA	NA	1	1	1	NA	NA	NA	2	1	1
19	36330583	42825936	2	1	1	3	a	6	1	1	0.0423027505707	0.135469960121	2	1	1	1	1	1	NA	NA	NA	NA	NA	NA	NA	2	1	1	1	1	1	NA	NA	NA	2	1	1
19	42825937	42899240	1	1	0	1	g	NA	NA	NA	NA	NA	2	1	1	1	0	1	NA	NA	NA	NA	NA	NA	NA	NA	NA	NA	1	1	1	NA	NA	NA	1	0	1
19	42899241	48973155	2	1	1	3	a	6	1	1	0.0399538845239	0.203636955353	2	1	1	1	1	1	NA	NA	NA	NA	NA	NA	NA	2	1	1	1	1	1	NA	NA	NA	2	1	1
19	48973156	48987189	1	1	0	1	g	NA	1	1	0.05	0.1	2	1	1	1	0	1	NA	NA	NA	NA	NA	NA	NA	1	0	1	1	1	1	NA	NA	NA	1	0	1
19	48987190	54716975	2	1	1	3	a	6	1	1	0.0434660994644	0.175655334813	2	1	1	1	1	1	NA	NA	NA	NA	NA	NA	NA	2	1	1	1	1	1	NA	NA	NA	2	1	1
19	54716976	54718001	2	1	1	2	d	4	1	1	0.05	0.1	2	1	1	0	0	0.765764402101326	1	0	0.234235597898674	NA	0	0.765764402101326	0.765764402101326	2	1	1	1	1	1	NA	NA	NA	1	0	1
19	54718002	59128982	2	1	1	3	a	6	1	1	0.0466761973299	0.298999531617	2	1	1	1	1	1	NA	NA	NA	NA	NA	NA	NA	2	1	1	1	1	1	NA	NA	NA	2	1	1
20	17500	25599999	2	1	1	2	d	5	0.92	0.92	0.0450669077732	0.120131076198	2	1	1	1	1	1	NA	NA	NA	NA	NA	NA	NA	2	1	1	1	1	1	NA	NA	NA	2	1	1
20	25600000	29399999	2	1	1	2	d	5	0.92	0.92	0.0242231319037	0.144800450524	2	1	1	1	1	1	NA	NA	NA	NA	NA	NA	NA	2	1	1	1	1	1	NA	NA	NA	2	1	1
20	29400000	43564656	2	1	1	2	d	5	0.92	0.92	0.0446465236466	0.148622418438	2	1	1	1	1	1	NA	NA	NA	NA	NA	NA	NA	2	1	1	1	1	1	NA	NA	NA	2	1	1
20	43564657	43716179	1	1	0	2	d	5	1	0	0.0847321990678	0.0697779235284	1	0	1	1	0	0.93760112617225	1	1	0.0623988738277498	0.0510907231462801	0.059796592864127	0.597180242886158	0.82438808844136	1	0	1	1	0	1	NA	NA	NA	1	0	1
20	43716180	47104917	2	1	1	2	d	5	0.86	0.86	0.0428254159445	0.107190042499	2	1	1	1	1	1	NA	NA	NA	NA	NA	NA	NA	2	1	1	1	1	1	NA	NA	NA	2	1	1
20	47104918	47105888	2	1	1	2	d	2	0.86	0.86	0.05	0.1	2	1	1	1	0	0.556495414477787	1	1	0.443504585522213	NA	0	0.556495414477787	0.556495414477787	NA	NA	NA	1	1	1	NA	NA	NA	1	0	1
20	47105889	52328413	2	1	1	2	d	5	0.86	0.86	0.0438570962479	0.108002017763	2	1	1	1	1	1	NA	NA	NA	NA	NA	NA	NA	2	1	1	1	1	1	NA	NA	NA	2	1	1
20	52328414	52333978	2	1	1	2	d	3	0.86	0.86	0.05	0.1	2	1	1	0	0	0.46577846093285	1	0	0.53422153906715	NA	0	0.46577846093285	0.46577846093285	NA	NA	NA	1	1	1	NA	NA	NA	2	1	1
20	52333979	54274361	2	1	1	2	d	5	0.86	0.86	0.0525849228151	0.109559126928	2	1	1	1	1	1	NA	NA	NA	NA	NA	NA	NA	2	1	1	1	1	1	NA	NA	NA	2	1	1
20	54274362	54280397	2	1	1	2	d	4	0.86	0.86	0.05	0.1	2	1	1	1	1	1	NA	NA	NA	NA	NA	NA	NA	NA	NA	NA	1	1	1	NA	NA	NA	2	1	1
20	54280398	58433092	2	1	1	2	d	5	0.86	0.86	0.0467216375146	0.109690196975	2	1	1	1	1	1	NA	NA	NA	NA	NA	NA	NA	2	1	1	1	1	1	NA	NA	NA	2	1	1
20	58433093	62432500	3	2	1	2	d	3	1.7	0.86	0.0604613295426	0.151049950766	2.909145	1.03138597	1.87775895	1	1	0.208539854964926	2	1	0.791460145035074	0.0182348151178598	0.0173683417120204	0.295310016581831	0.362910801285995	3	1	2	2	1	1	NA	NA	NA	3	1	2
21	1	10092500	NA	NA	NA	NA	NA	NA	1	1	0.05	0.361888288801	NA	NA	NA	NA	NA	NA	NA	NA	NA	NA	NA	NA	NA	NA	NA	NA	1	0	1	NA	NA	NA	NA	NA	NA
21	10092501	15282151	2	1	1	1	h	1	1	1	0.0831753294311	0.248225077172	NA	NA	NA	1	1	1	NA	NA	NA	NA	NA	NA	NA	NA	NA	NA	1	0	0.499641	1	1	0.500359	NA	NA	NA
21	15282152	34836627	2	1	1	3	b	5	1	1	0.0431042849731	0.124373339565	2	1	1	1	1	1	NA	NA	NA	NA	NA	NA	NA	2	1	1	1	1	1	NA	NA	NA	NA	NA	NA
21	34836628	46937500	1	1	0	3	a	6	1	0	0.0761102417982	0.0960476826836	1	0	1	1	0	1	NA	NA	NA	NA	NA	NA	NA	1	0	1	1	0	1	NA	NA	NA	1	0	1
21	46937501	48129894	1	1	0	3	b	5	NA	NA	NA	NA	1	0	1	1	0	1	NA	NA	NA	NA	NA	NA	NA	1	0	1	1	0	1	NA	NA	NA	1	0	1
22	1	12199999	2	1	1	1	g	NA	NA	NA	NA	NA	NA	NA	NA	NA	NA	NA	NA	NA	NA	NA	NA	NA	NA	NA	NA	NA	NA	NA	NA	NA	NA	NA	2	1	1
22	12200000	17899999	2	1	1	3	a	6	1	1	0.0658758073651	0.240140095468	2	1	1	1	1	1	NA	NA	NA	NA	NA	NA	NA	2	1	1	1	1	1	NA	NA	NA	2	1	1
22	17900000	35093013	2	1	1	3	a	6	1	1	0.043743740513	0.129529825647	2	1	1	1	1	1	NA	NA	NA	NA	NA	NA	NA	2	1	1	1	1	1	NA	NA	NA	2	1	1
22	35093014	37863905	1	1	0	3	a	6	1	0	0.0766181110589	0.201263646951	1	0	1	1	0	1	NA	NA	NA	NA	NA	NA	NA	1	0	1	1	0	1	NA	NA	NA	1	0	1
22	37863906	42333748	2	1	1	2	d	5	1.08	1.08	0.0410504526591	0.133428233829	2	1	1	1	1	1	NA	NA	NA	NA	NA	NA	NA	2	1	1	1	1	1	NA	NA	NA	2	1	1
22	42333749	42333773	2	1	1	2	d	3	1.08	1.08	0.05	0.1	2	1	1	NA	NA	NA	NA	NA	NA	NA	NA	NA	NA	NA	NA	NA	1	1	1	NA	NA	NA	2	1	1
22	42333774	49687500	2	1	1	2	d	3	1.08	1.08	0.0495815994764	0.146326914611	2.215987	1.10799335	1.10799335	1	1	0.84287188297098	2	1	0.15712811702902	0.00753654384157665	0.00798011883117719	0.820913479524651	0.852562958298548	2	1	1	1	1	1	NA	NA	NA	2	1	1
22	49687501	51304565	2	1	1	2	d	4	NA	NA	NA	NA	2.218922	1.10946123	1.10946123	1	1	1	NA	NA	NA	NA	NA	NA	NA	2	1	1	1	1	1	NA	NA	NA	2	1	1
X	1	1657088	2	1	1	2	d	2	1	1	0.0649127440918	0.186254267921	NA	NA	NA	1	0	0.248900672963959	1	1	0.751099327036041	0.00384120046714227	0.00388347429628252	0.241098196641011	0.256431674430236	1	0	1	NA	NA	NA	NA	NA	NA	2	1	1
X	1657089	1663063	2	1	1	2	d	2	1	1	0.05	0.1	NA	NA	NA	1	0	0.248900672963959	1	1	0.751099327036041	0.00384120046714227	0.00388347429628252	0.241098196641011	0.256431674430236	1	0	1	NA	NA	NA	NA	NA	NA	2	1	1
X	1663064	1663280	2	1	1	2	d	2	1	1	0.05	0.1	NA	NA	NA	1	0	0.248900672963959	1	1	0.751099327036041	0.00384120046714227	0.00388347429628252	0.241098196641011	0.256431674430236	1	0	1	NA	NA	NA	NA	NA	NA	2	1	1
X	1663281	1666909	2	1	1	2	d	2	1	1	0.05	0.1	NA	NA	NA	1	0	0.248900672963959	1	1	0.751099327036041	0.00384120046714227	0.00388347429628252	0.241098196641011	0.256431674430236	1	0	1	NA	NA	NA	NA	NA	NA	2	1	1
X	1666910	1666941	2	1	1	2	d	2	1	1	0.05	0.1	NA	NA	NA	1	0	0.248900672963959	1	1	0.751099327036041	0.00384120046714227	0.00388347429628252	0.241098196641011	0.256431674430236	NA	NA	NA	NA	NA	NA	NA	NA	NA	2	1	1
X	1666942	58099999	2	1	1	2	d	3	1	1	0.0544470311462	0.195658886441	1.724865	0.71369161	1.01117359	1	0	0.248900672963959	1	1	0.751099327036041	0.00384120046714227	0.00388347429628252	0.241098196641011	0.256431674430236	2	1	1	NA	NA	NA	NA	NA	NA	2	1	1
X	58100000	62999999	2	1	1	3	b	4	1	1	0.05	0.306860163773	2	1	1	NA	NA	NA	NA	NA	NA	NA	NA	NA	NA	2	1	1	NA	NA	NA	NA	NA	NA	2	1	1
X	63000000	73251112	2	1	1	2	d	4	1	1	0.0441848935822	0.159784063635	2	1	1	1	0	0.0908744112000406	1	1	0.909125588799959	0.00877266651525714	0.008740527041806	0.074331079459786	0.109537198488886	2	1	1	NA	NA	NA	NA	NA	NA	2	1	1
X	73251113	73258170	2	1	1	2	d	3	1	1	0.05	0.1	2	1	1	NA	NA	NA	NA	NA	NA	NA	NA	NA	NA	NA	NA	NA	NA	NA	NA	NA	NA	NA	2	1	1
X	73258171	94953974	2	1	1	2	d	4	1	1	0.0460156445031	0.142801093926	2	1	1	1	0	0.104752078019347	1	1	0.895247921980653	0.00842733711605353	0.00816789292148001	0.116256630253909	0.148206809204958	2	1	1	NA	NA	NA	NA	NA	NA	2	1	1
X	94953975	94955072	2	1	1	2	d	2	1	1	0.05	0.1	2	0	2	NA	NA	NA	NA	NA	NA	NA	NA	NA	NA	NA	NA	NA	NA	NA	NA	NA	NA	NA	2	1	1
X	94955073	105509203	2	1	1	2	d	4	1	1	0.0451861388231	0.139383609023	2	1	1	1	1	0.881280978244736	2	1	0.118719021755264	0.00935251340272641	0.00929079755267274	0.858833997514396	0.895002723646509	2	1	1	NA	NA	NA	NA	NA	NA	2	1	1
X	105509204	105521515	2	1	1	1	g	NA	1	1	0.05	0.1	2	0	2	1	0	1	NA	NA	NA	NA	NA	NA	NA	NA	NA	NA	NA	NA	NA	NA	NA	NA	2	1	1
X	105521516	115820311	2	1	1	2	d	4	1	1	0.0422594463992	0.166226851964	2	1	1	1	0	0.0712314130531558	1	1	0.928768586946844	0.00865881902192261	0.00859153802657089	0.0838710609294369	0.117265876382785	2	1	1	NA	NA	NA	NA	NA	NA	2	1	1
X	115820312	115830600	1	1	0	2	d	2	1	1	0.05	0.1	0.873559	0	0.873559	1	0	1	NA	NA	NA	NA	NA	NA	NA	NA	NA	NA	NA	NA	NA	NA	NA	NA	1	0	1
X	115830601	138764799	2	1	1	3	a	5	1	1	0.0453046886161	0.141400827621	2	1	1	1	1	1	NA	NA	NA	NA	NA	NA	NA	2	1	1	NA	NA	NA	NA	NA	NA	2	1	1
X	138764800	138765929	2	1	1	2	d	3	1	1	0.05	0.1	1.812336	0	1.812336	1	1	1	NA	NA	NA	NA	NA	NA	NA	NA	NA	NA	NA	NA	NA	NA	NA	NA	2	1	1
X	138765930	154206808	2	1	1	3	a	5	1	1	0.0440768521049	0.141325374823	2	1	1	1	1	1	NA	NA	NA	NA	NA	NA	NA	2	1	1	NA	NA	NA	NA	NA	NA	2	1	1
X	154206809	154913600	1	1	0	2	d	4	1	0.12	0.0565362047396	0.107593539696	1	0	1	1	0	1	NA	NA	NA	NA	NA	NA	NA	1	0	1	NA	NA	NA	NA	NA	NA	1	0	1
