chromosome	start	end	total_cn	major_cn	minor_cn	star	level	methods_agree	absolute_broad_major_cn	absolute_broad_minor_cn	absolute_broad_het_error	absolute_broad_cov_error	aceseq_copy_number	aceseq_minor_cn	aceseq_major_cn	battenberg_nMaj1_A	battenberg_nMin1_A	battenberg_frac1_A	battenberg_nMaj2_A	battenberg_nMin2_A	battenberg_frac2_A	battenberg_SDfrac_A	battenberg_SDfrac_A_BS	battenberg_frac1_A_0.025	battenberg_frac1_A_0.975	clonehd_copy_number	clonehd_minor_cn	clonehd_major_cn	sclust_nMaj1_A	sclust_nMin1_A	sclust_frac1_A	sclust_nMaj2_A	sclust_nMin2_A	sclust_frac2_A	jabba_copy_number	jabba_minor_cn	jabba_major_cn
1	1	80885110	3	2	1	3	a	6	2	1	0.0649092923138	0.138264971737	3	1	2	2	1	1	NA	NA	NA	NA	NA	NA	NA	3	1	2	2	1	1	NA	NA	NA	3	1	2
1	80885111	87346267	1	1	0	3	a	6	1	0	0.0700366407907	0.0653162539088	1	0	1	1	0	1	NA	NA	NA	NA	NA	NA	NA	1	0	1	1	0	1	NA	NA	NA	1	0	1
1	87346268	121499999	3	2	1	3	a	6	2	1	0.0613492100758	0.113946144776	3	1	2	2	1	1	NA	NA	NA	NA	NA	NA	NA	3	1	2	2	1	1	NA	NA	NA	3	1	2
1	121500000	128899999	3	2	1	2	d	3	NA	NA	NA	NA	3	1	2	NA	NA	NA	NA	NA	NA	NA	NA	NA	NA	1	0	1	2	1	1	NA	NA	NA	3	1	2
1	128900000	143122938	3	2	1	2	d	2	2	2	0.05	0.407144887072	NA	NA	NA	NA	NA	NA	NA	NA	NA	NA	NA	NA	NA	NA	NA	NA	2	1	1	NA	NA	NA	3	1	2
1	143122939	212348803	3	2	1	2	d	5	2.09	1	0.06276053538	0.136554826438	3	1	2	2	1	1	NA	NA	NA	NA	NA	NA	NA	3	1	2	2	1	1	NA	NA	NA	3	1	2
1	212348804	213364306	1	1	0	3	a	6	1	0	0.0793037382174	0.0538903191326	1	0	1	1	0	1	NA	NA	NA	NA	NA	NA	NA	1	0	1	1	0	1	NA	NA	NA	1	0	1
1	213364307	249250620	3	2	1	3	a	6	2	1	0.0621821464865	0.109237504712	3	1	2	2	1	1	NA	NA	NA	NA	NA	NA	NA	3	1	2	2	1	1	NA	NA	NA	3	1	2
2	20016	25665775	4	2	2	3	a	6	2	2	0.0382330927437	0.148461689918	4	2	2	2	2	1	NA	NA	NA	NA	NA	NA	NA	4	2	2	2	2	1	NA	NA	NA	4	2	2
2	25665776	26076773	2	2	0	2	d	5	2	0	0.0380592208559	0.0664253892018	2	0	2	1	0	0.247049889892933	2	0	0.752950110107067	0.0710690973256934	0.0728686915431171	0.0799608582459397	0.370303888402092	2	0	2	2	0	1	NA	NA	NA	2	0	2
2	26076774	58307122	4	2	2	3	a	6	2	2	0.0376216733238	0.15734277086	4	2	2	2	2	1	NA	NA	NA	NA	NA	NA	NA	4	2	2	2	2	1	NA	NA	NA	4	2	2
2	58307123	77428332	2	2	0	3	a	6	2	0	0.0467829141314	0.0815191263857	2	0	2	2	0	1	NA	NA	NA	NA	NA	NA	NA	2	0	2	2	0	1	NA	NA	NA	2	0	2
2	77428333	80058889	4	2	2	3	a	6	2	2	0.0395753284096	0.138407506042	4	2	2	2	2	1	NA	NA	NA	NA	NA	NA	NA	4	2	2	2	2	1	NA	NA	NA	4	2	2
2	80058890	80060402	2	2	0	1	g	NA	2	2	0.05	0.1	4	2	2	2	0	1	NA	NA	NA	NA	NA	NA	NA	3	0	3	2	2	1	NA	NA	NA	2	0	2
2	80060403	83029369	4	2	2	3	a	6	2	2	0.0289177424269	0.134547977997	4	2	2	2	2	1	NA	NA	NA	NA	NA	NA	NA	4	2	2	2	2	1	NA	NA	NA	4	2	2
2	83029370	83502669	5	3	2	2	d	5	3	2	0.0404021233486	0.13274622523	4.839746	1.937861239	2.90188465	3	2	1	NA	NA	NA	NA	NA	NA	NA	5	2	3	3	2	1	NA	NA	NA	5	2	3
2	83502670	89610290	4	2	2	3	a	6	2	2	0.037562298578	0.217053711353	4	2	2	2	2	1	NA	NA	NA	NA	NA	NA	NA	4	2	2	2	2	1	NA	NA	NA	4	2	2
2	89610291	96799999	4	2	2	3	b	5	2	2	0.0416875720886	0.183448574917	4	2	2	NA	NA	NA	NA	NA	NA	NA	NA	NA	NA	4	2	2	2	2	1	NA	NA	NA	4	2	2
2	96800000	122213549	4	2	2	3	a	6	2	2	0.0357987432922	0.146893734079	4	2	2	2	2	1	NA	NA	NA	NA	NA	NA	NA	4	2	2	2	2	1	NA	NA	NA	4	2	2
2	122213550	122213590	4	2	2	2	d	3	1	1	0.05	0.1	4	2	2	NA	NA	NA	NA	NA	NA	NA	NA	NA	NA	1	0	1	2	2	1	NA	NA	NA	4	2	2
2	122213591	122214178	3	2	1	1	g	NA	1	1	0.05	0.1	NA	NA	NA	NA	NA	NA	NA	NA	NA	NA	NA	NA	NA	NA	NA	NA	2	2	1	NA	NA	NA	3	1	2
2	122214179	122428994	3	2	1	2	d	3	1	1	0.05	0.0979471585816	NA	NA	NA	2	1	1	NA	NA	NA	NA	NA	NA	NA	3	1	2	2	2	1	NA	NA	NA	3	1	2
2	122428995	122452248	3	2	1	2	d	2	1.91	1.91	0.05	0.1	NA	NA	NA	NA	NA	NA	NA	NA	NA	NA	NA	NA	NA	3	1	2	2	2	1	NA	NA	NA	3	1	2
2	122452249	122458158	4	2	2	2	f	2	1.91	1.91	0.05	0.1	NA	NA	NA	1	0	0.84373233435425	1	1	0.15626766564575	NA	0	0.84373233435425	0.84373233435425	NA	NA	NA	2	2	1	NA	NA	NA	3	1	2
2	122458159	131347500	4	2	2	2	d	5	1.91	1.91	0.0357470209965	0.133385047739	4	2	2	2	2	1	NA	NA	NA	NA	NA	NA	NA	4	2	2	2	2	1	NA	NA	NA	4	2	2
2	131347501	131855214	3	2	1	3	b	6	2	1	0.092050783501	0.148232828828	3	1	2	2	1	1	NA	NA	NA	NA	NA	NA	NA	2	1	1	2	1	1	NA	NA	NA	3	1	2
2	131855215	131887765	4	2	2	2	d	4	2	2	0.05	0.1	3	1	2	2	2	1	NA	NA	NA	NA	NA	NA	NA	1	0	1	2	2	1	NA	NA	NA	4	2	2
2	131887766	131887776	4	2	2	2	d	3	2	2	0.05	0.1	NA	NA	NA	NA	NA	NA	NA	NA	NA	NA	NA	NA	NA	1	0	1	2	2	1	NA	NA	NA	4	2	2
2	131887777	131889441	4	2	2	2	d	3	2	2	0.05	0.1	NA	NA	NA	3	3	1	NA	NA	NA	NA	NA	NA	NA	NA	NA	NA	2	2	1	NA	NA	NA	4	2	2
2	131889442	227673189	4	2	2	2	d	5	2	2	0.0364938998895	0.138008863492	3.894439	1.9472196	1.9472196	2	2	1	NA	NA	NA	NA	NA	NA	NA	4	2	2	2	2	1	NA	NA	NA	4	2	2
2	227673190	227857377	3	2	1	2	d	4	2	1	0.0629886374181	0.0872528426568	3	1	2	1	1	0.240640899081179	2	1	0.759359100918821	0.060631257988671	0.0607612255609572	0.099201649753556	0.334064960790903	3	1	2	2	1	0.743546	1	1	0.256454	3	1	2
2	227857378	242979500	4	2	2	2	d	5	1.91	1.91	0.0401134970756	0.133972588328	4	2	2	2	2	1	NA	NA	NA	NA	NA	NA	NA	4	2	2	2	2	1	NA	NA	NA	4	2	2
3	73214	6811675	4	2	2	2	d	4	2	2	0.0407590869008	0.149960208604	4.293886	2.146943165	2.14694317	2	2	0.733458999819836	3	2	0.266541000180164	0.00822083129163947	0.00813778211159422	0.71578746441199	0.747977820557471	4	2	2	2	2	1	NA	NA	NA	4	2	2
3	6811676	6822072	3	2	1	2	d	3	2	2	0.05	0.1	4.293886	2.146943165	2.14694317	2	1	1	NA	NA	NA	NA	NA	NA	NA	3	1	2	2	2	1	NA	NA	NA	3	1	2
3	6822073	12782311	4	2	2	2	d	3	2.09	2.09	0.0426725992396	0.15511217592	4.220793	2.110396461	2.11039646	2	2	0.716800187308582	3	2	0.283199812691418	0.00506502952249138	0.0049062453573039	0.714958959535652	0.733846060190059	4	2	2	2	2	1	NA	NA	NA	4	2	2
3	12782312	12782378	4	2	2	2	d	2	2.09	2.09	0.05	0.1	4.220793	2.110396461	2.11039646	2	2	0.716800187308582	3	2	0.283199812691418	0.00506502952249138	0.0049062453573039	0.714958959535652	0.733846060190059	NA	NA	NA	2	2	1	NA	NA	NA	4	2	2
3	12782379	31919826	4	2	2	2	d	3	2.09	2.09	0.0383749040025	0.148654998358	4.253203	2.12660128	2.12660128	2	2	0.716800187308582	3	2	0.283199812691418	0.00506502952249138	0.0049062453573039	0.714958959535652	0.733846060190059	4	2	2	2	2	1	NA	NA	NA	4	2	2
3	31919827	31919958	4	2	2	2	d	2	2.09	2.09	0.05	0.1	4.253203	2.12660128	2.12660128	NA	NA	NA	NA	NA	NA	NA	NA	NA	NA	NA	NA	NA	2	2	1	NA	NA	NA	4	2	2
3	31919959	31922742	4	2	2	2	d	2	2.09	2.09	0.05	0.1	NA	NA	NA	2	1	0.226559850153135	2	2	0.773440149846865	NA	0	0.226559850153135	0.226559850153135	3	1	2	2	2	1	NA	NA	NA	4	2	2
3	31922743	31926828	3	2	1	2	d	2	2.09	2.09	0.05	0.1	NA	NA	NA	1	1	0.209000936542892	2	1	0.790999063457108	NA	0	0.209000936542892	0.209000936542892	3	1	2	2	2	1	NA	NA	NA	3	1	2
3	31926829	87899999	4	2	2	2	d	3	2.09	2.09	0.038763882098	0.149147620882	4.246629	2.123314389	2.12331439	2	2	0.713141017352457	3	2	0.286858982647543	0.00360098167908424	0.0037242341964297	0.705743562442341	0.720530031628145	4	2	2	2	2	1	NA	NA	NA	4	2	2
3	87900000	93899999	4	2	2	2	d	3	2.09	2.09	0.0398686296652	0.172193195274	4.309314	2.154656883	2.15465688	NA	NA	NA	NA	NA	NA	NA	NA	NA	NA	4	2	2	2	2	1	NA	NA	NA	4	2	2
3	93900000	124714085	4	2	2	2	d	3	2.09	2.09	0.0386135108594	0.146449243021	4.243731	2.121865591	2.12186559	2	2	0.721257791100018	3	2	0.278742208899982	0.0045549011612302	0.00442038090161356	0.712293021526689	0.72975089944618	4	2	2	2	2	1	NA	NA	NA	4	2	2
3	124714086	125116931	4	2	2	2	d	5	2.09	2.09	0.0335842799639	0.133718469179	4	2	2	2	2	1	NA	NA	NA	NA	NA	NA	NA	4	2	2	2	2	1	NA	NA	NA	4	2	2
3	125116932	151930605	4	2	2	2	d	3	2.09	2.09	0.0387823226702	0.153612371354	4.240268	2.120133871	2.12013387	2	2	0.710774659378973	3	2	0.289225340621027	0.00511750309099929	0.00511683323815314	0.704837153074488	0.725049210307072	4	2	2	2	2	1	NA	NA	NA	4	2	2
3	151930606	152006433	2	2	0	2	d	4	2	0	0.05	0.0708266627371	4.240268	2.120133871	2.12013387	2	0	1	NA	NA	NA	NA	NA	NA	NA	2	0	2	2	2	1	NA	NA	NA	2	0	2
3	152006434	152207429	4	2	2	2	d	5	2	2	0.0288972014544	0.158831386597	4	2	2	2	2	0.736851725359127	3	2	0.263148274640873	0.0615375933353119	0.0635390395986263	0.646755334540925	0.891313377325605	4	2	2	2	2	1	NA	NA	NA	4	2	2
3	152207430	152655918	2	2	0	3	a	6	2	0	0.05	0.0901994886303	2	0	2	2	0	1	NA	NA	NA	NA	NA	NA	NA	2	0	2	2	0	1	NA	NA	NA	2	0	2
3	152655919	153965108	4	2	2	2	d	4	2	2	0.0382131312515	0.135961675866	4.163258	2.081629228	2.08162923	2	2	0.691054749791178	3	2	0.308945250208822	0.0334091204922143	0.0342263059889497	0.606302048636272	0.740016427836624	4	2	2	2	2	1	NA	NA	NA	4	2	2
3	153965109	154053615	2	2	0	2	d	4	2	0	0.05	0.0925250814554	4.163258	2.081629228	2.08162923	3	0	1	NA	NA	NA	NA	NA	NA	NA	2	0	2	2	0	1	NA	NA	NA	2	0	2
3	154053616	195474638	4	2	2	2	d	4	2	2	0.0391557541394	0.146718139832	4.220318	2.110159184	2.11015918	2	2	0.716698201486441	3	2	0.283301798513559	0.00387740453421814	0.00387757911723031	0.709025181684064	0.72382588898981	4	2	2	2	2	1	NA	NA	NA	4	2	2
3	195474639	197847500	4	2	2	2	d	4	2	2	0.0403840684728	0.171438184815	4.298725	2.149362587	2.14936259	2	2	0.716698201486441	3	2	0.283301798513559	0.00387740453421814	0.00387757911723031	0.709025181684064	0.72382588898981	4	2	2	2	2	1	NA	NA	NA	4	2	2
4	59541	48199999	4	2	2	3	a	6	2	2	0.0363951671873	0.144709772844	4	2	2	2	2	1	NA	NA	NA	NA	NA	NA	NA	4	2	2	2	2	1	NA	NA	NA	4	2	2
4	48200000	52699999	4	2	2	2	d	5	2	2	0.0354447496257	0.32729328758	3.840827	1.920413522	1.92041352	2	2	1	NA	NA	NA	NA	NA	NA	NA	4	2	2	2	2	1	NA	NA	NA	4	2	2
4	52700000	77260424	4	2	2	3	a	6	2	2	0.0378385762531	0.136845080633	4	2	2	2	2	1	NA	NA	NA	NA	NA	NA	NA	4	2	2	2	2	1	NA	NA	NA	4	2	2
4	77260425	77263202	4	2	2	2	d	3	2	2	0.05	0.1	4	2	2	4	0	1	NA	NA	NA	NA	NA	NA	NA	NA	NA	NA	2	2	1	NA	NA	NA	2	0	2
4	77263203	102183141	4	2	2	2	d	5	2	2	0.0352465242502	0.130736881894	3.890116	1.945057965	1.94505797	2	2	1	NA	NA	NA	NA	NA	NA	NA	4	2	2	2	2	1	NA	NA	NA	4	2	2
4	102183142	102184097	4	2	2	2	d	4	2	2	0.05	0.1	3.890116	1.945057965	1.94505797	2	2	1	NA	NA	NA	NA	NA	NA	NA	NA	NA	NA	2	2	1	NA	NA	NA	4	2	2
4	102184098	190834723	4	2	2	3	a	6	2	2	0.0365021412191	0.141993566341	4	2	2	2	2	1	NA	NA	NA	NA	NA	NA	NA	4	2	2	2	2	1	NA	NA	NA	4	2	2
5	22500	46099999	3	2	1	2	d	2	1.91	1.5	0.0492888244261	0.132884466295	3.406366	1.478153883	1.92821238	2	1	0.464804109033675	2	2	0.535195890966325	0.00286699348099784	0.00295674792463682	0.459065972455293	0.470321300941285	3	1	2	2	2	0.549501	2	1	0.450499	3	1	2
5	46100000	50699999	3	2	1	2	d	2	1.91	1.5	0.0437878744446	0.178715380803	3.409479	1.485788141	1.92369087	NA	NA	NA	NA	NA	NA	NA	NA	NA	NA	3	1	2	2	2	0.544101	2	1	0.455899	3	1	2
5	50700000	57317777	3	2	1	2	d	2	1.91	1.5	0.047763382509	0.118108669848	3.325806	1.448600253	1.87720601	2	1	0.458854125739057	2	2	0.541145874260943	0.00673687201142609	0.00673904676209669	0.446018539789528	0.471978414778693	3	1	2	2	2	0.563814	2	1	0.436186	3	1	2
5	57317778	58382329	5	3	2	2	d	5	3	2	0.0488076216069	0.14894848855	4.731166	1.869810849	2.86135504	3	2	1	NA	NA	NA	NA	NA	NA	NA	5	2	3	3	2	1	NA	NA	NA	5	2	3
5	58382330	180689978	3	2	1	2	d	2	1.91	1.5	0.0488982844225	0.122515730247	3.33712	1.460242015	1.87687835	2	1	0.442068000298804	2	2	0.557931999701196	0.00196819520615943	0.00197201944831933	0.434908120982796	0.442442186562967	3	1	2	2	2	0.573588	2	1	0.426412	3	1	2
6	240027	58699999	3	2	1	3	a	6	2	1	0.0663725941443	0.130750342888	3	1	2	2	1	1	NA	NA	NA	NA	NA	NA	NA	3	1	2	2	1	1	NA	NA	NA	3	1	2
6	58700000	63299999	3	2	1	3	a	6	2	1	0.0618478936513	0.16339949408	3	1	2	2	1	1	NA	NA	NA	NA	NA	NA	NA	3	1	2	2	1	1	NA	NA	NA	3	1	2
6	63300000	70925845	3	2	1	3	a	6	2	1	0.0618923578681	0.116434188454	3	1	2	2	1	1	NA	NA	NA	NA	NA	NA	NA	3	1	2	2	1	1	NA	NA	NA	3	1	2
6	70925846	70925870	3	2	1	2	d	4	2	1	0.05	0.1	3	1	2	NA	NA	NA	NA	NA	NA	NA	NA	NA	NA	NA	NA	NA	2	1	1	NA	NA	NA	3	1	2
6	70925871	70930436	3	2	1	2	d	4	2	1	0.05	0.1	NA	NA	NA	1	1	1	NA	NA	NA	NA	NA	NA	NA	3	1	2	2	1	1	NA	NA	NA	3	1	2
6	70930437	70930591	3	2	1	2	d	3	2	1	0.05	0.1	NA	NA	NA	NA	NA	NA	NA	NA	NA	NA	NA	NA	NA	NA	NA	NA	2	1	1	NA	NA	NA	3	1	2
6	70930592	80456191	3	2	1	3	a	6	2	1	0.0630369208625	0.123723258661	3	1	2	2	1	1	NA	NA	NA	NA	NA	NA	NA	3	1	2	2	1	1	NA	NA	NA	3	1	2
6	80456192	108817540	1	1	0	3	a	6	1	0	0.0719384348482	0.0579309697565	1	0	1	1	0	1	NA	NA	NA	NA	NA	NA	NA	1	0	1	1	0	1	NA	NA	NA	1	0	1
6	108817541	139082364	3	2	1	3	a	6	2	1	0.062920404959	0.110234096518	3	1	2	2	1	1	NA	NA	NA	NA	NA	NA	NA	3	1	2	2	1	1	NA	NA	NA	3	1	2
6	139082365	139082402	3	2	1	2	d	4	2	1	0.05	0.1	3	1	2	2	1	1	NA	NA	NA	NA	NA	NA	NA	NA	NA	NA	2	1	1	NA	NA	NA	2	1	1
6	139082403	139107426	3	2	1	2	d	4	2	1	0.05	0.1	NA	NA	NA	2	1	1	NA	NA	NA	NA	NA	NA	NA	3	1	2	2	1	1	NA	NA	NA	2	1	1
6	139107427	139130342	3	2	1	3	b	5	2	1	0.05	0.1	NA	NA	NA	2	1	1	NA	NA	NA	NA	NA	NA	NA	3	1	2	2	1	1	NA	NA	NA	3	1	2
6	139130343	139139314	1	1	0	2	d	3	2	1	0.05	0.1	NA	NA	NA	1	0	1	NA	NA	NA	NA	NA	NA	NA	1	0	1	2	1	1	NA	NA	NA	1	0	1
6	139139315	139168190	3	2	1	2	d	4	2	1	0.05	0.1	NA	NA	NA	2	1	1	NA	NA	NA	NA	NA	NA	NA	3	1	2	2	1	1	NA	NA	NA	2	1	1
6	139168191	139168268	3	2	1	2	d	2	NA	NA	NA	NA	NA	NA	NA	2	1	1	NA	NA	NA	NA	NA	NA	NA	NA	NA	NA	2	1	1	NA	NA	NA	2	1	1
6	139168269	139180092	3	2	1	2	d	3	NA	NA	NA	NA	NA	NA	NA	2	1	1	NA	NA	NA	NA	NA	NA	NA	3	1	2	2	1	1	NA	NA	NA	4	1	3
6	139180093	139251170	3	2	1	3	a	6	2	1	0.0658795101201	0.0928802715342	3	1	2	2	1	1	NA	NA	NA	NA	NA	NA	NA	3	1	2	2	1	1	NA	NA	NA	3	1	2
6	139251171	140083027	1	1	0	3	a	6	1	0	0.077559647747	0.0594543406249	1	0	1	1	0	1	NA	NA	NA	NA	NA	NA	NA	1	0	1	1	0	1	NA	NA	NA	1	0	1
6	140083028	140083529	1	1	0	2	d	4	1	0	0.05	0.1	1	0	1	NA	NA	NA	NA	NA	NA	NA	NA	NA	NA	1	0	1	1	0	1	NA	NA	NA	2	0	2
6	140083530	140093905	2	2	0	1	g	NA	1	0	0.05	0.1	NA	NA	NA	2	0	1	NA	NA	NA	NA	NA	NA	NA	1	0	1	2	1	1	NA	NA	NA	2	0	2
6	140093906	140095536	3	2	1	2	d	2	NA	NA	NA	NA	NA	NA	NA	NA	NA	NA	NA	NA	NA	NA	NA	NA	NA	NA	NA	NA	2	1	1	NA	NA	NA	3	1	2
6	140095537	140111205	3	2	1	2	d	3	2	1	0.05	0.1	NA	NA	NA	1	0	0.738265792559967	1	1	0.261734207440033	NA	0	0.738265792559967	0.738265792559967	NA	NA	NA	2	1	1	NA	NA	NA	3	1	2
6	140111206	140111285	3	2	1	2	d	3	2	1	0.05	0.1	NA	NA	NA	NA	NA	NA	NA	NA	NA	NA	NA	NA	NA	NA	NA	NA	2	1	1	NA	NA	NA	3	1	2
6	140111286	140120466	3	2	1	2	d	3	2	1	0.05	0.1	NA	NA	NA	1	1	0.467116420407845	2	1	0.532883579592155	0	0	0.467116420407845	0.467116420407845	3	1	2	2	1	1	NA	NA	NA	4	2	2
6	140120467	170848497	3	2	1	3	a	6	2	1	0.0634950478761	0.125894549942	3	1	2	2	1	1	NA	NA	NA	NA	NA	NA	NA	3	1	2	2	1	1	NA	NA	NA	3	1	2
6	170848498	170849586	3	2	1	2	d	4	NA	NA	NA	NA	3	1	2	2	1	1	NA	NA	NA	NA	NA	NA	NA	NA	NA	NA	2	1	1	NA	NA	NA	3	1	2
7	40386	57999999	4	2	2	3	a	6	2	2	0.0351217855082	0.145703944566	4	2	2	2	2	1	NA	NA	NA	NA	NA	NA	NA	4	2	2	2	2	1	NA	NA	NA	4	2	2
7	58000000	61699999	4	2	2	3	b	5	2	2	0.05	0.240193083752	4	2	2	2	2	1	NA	NA	NA	NA	NA	NA	NA	NA	NA	NA	2	2	1	NA	NA	NA	4	2	2
7	61700000	159138662	4	2	2	3	a	6	2	2	0.0380578301686	0.153269225735	4	2	2	2	2	1	NA	NA	NA	NA	NA	NA	NA	4	2	2	2	2	1	NA	NA	NA	4	2	2
8	163553	29187792	2	2	0	2	d	4	2.2	0	0.0428768170025	0.107151394132	2.35367	0.017051248	2.33661832	2	0	1	NA	NA	NA	NA	NA	NA	NA	2	0	2	2	0	1	NA	NA	NA	2	0	2
8	29187793	43099999	4	2	2	2	d	4	2.09	2.09	0.0350551968856	0.142218435988	4.512708	2.256353843	2.25635384	2	2	1	NA	NA	NA	NA	NA	NA	NA	4	2	2	2	2	1	NA	NA	NA	4	2	2
8	43100000	48099999	4	2	2	2	d	2	2.09	2.09	0.0303002875961	0.192356175307	4.614517	2.307258425	2.30725842	NA	NA	NA	NA	NA	NA	NA	NA	NA	NA	5	2	3	2	2	1	NA	NA	NA	4	2	2
8	48100000	96802615	4	2	2	2	d	3	2.09	2.09	0.0355314480235	0.158989682336	4.440666	2.220332969	2.22033297	2	2	0.830080112385143	3	2	0.169919887614857	0.00347653115357838	0.00337099052371466	0.821440794738635	0.834768267670689	4	2	2	2	2	1	NA	NA	NA	4	2	2
8	96802616	96802984	4	2	2	2	d	3	2	2	0.05	0.1	4.440666	2.220332969	2.22033297	NA	NA	NA	NA	NA	NA	NA	NA	NA	NA	NA	NA	NA	2	2	1	NA	NA	NA	4	2	2
8	96802985	101731012	4	2	2	2	d	4	2	2	0.0410878955952	0.140903158917	4.2369	2.118449807	2.11844981	2	2	0.676343071209807	3	2	0.323656928790193	0.014758886535411	0.0143395388864502	0.645446360106868	0.702037882999584	4	2	2	2	2	1	NA	NA	NA	4	2	2
8	101731013	101731039	4	2	2	2	d	2	NA	NA	NA	NA	4.2369	2.118449807	2.11844981	NA	NA	NA	NA	NA	NA	NA	NA	NA	NA	NA	NA	NA	2	2	1	NA	NA	NA	4	2	2
8	101731040	124150281	4	2	2	2	d	3	2.09	2.09	0.0354086129668	0.152542526571	4.421411	2.210705552	2.21070555	2	2	0.816302824200164	3	2	0.183697175799836	0.005483599023894	0.00544935133328611	0.805442662166731	0.826786048341218	4	2	2	2	2	1	NA	NA	NA	4	2	2
8	124150282	124150514	4	2	2	2	f	2	NA	NA	NA	NA	4.421411	2.210705552	2.21070555	1	0	0.317876156967964	2	0	0.682123843032036	NA	0	0.317876156967964	0.317876156967964	NA	NA	NA	2	2	1	NA	NA	NA	3	0	3
8	124150515	146364021	4	2	2	2	d	4	2	2	0.042606815955	0.175224523694	4.30037	2.150185014	2.15018501	2	2	0.656727499767971	3	2	0.343272500232029	0.00559810412515693	0.00575438795466252	0.647184558904693	0.669966083207689	4	2	2	2	2	1	NA	NA	NA	4	2	2
9	47500	239066	4	2	2	2	d	3	1.8	1.8	0.05	0.1	4.206268	2.103133973	2.10313397	2	2	1	NA	NA	NA	NA	NA	NA	NA	NA	NA	NA	2	2	1	NA	NA	NA	4	2	2
9	239067	47299999	4	2	2	3	a	6	2	2	0.0358170452843	0.160357895548	4	2	2	2	2	1	NA	NA	NA	NA	NA	NA	NA	4	2	2	2	2	1	NA	NA	NA	4	2	2
9	47300000	50699999	4	2	2	2	d	4	2	2	0.05	0.1	4	2	2	NA	NA	NA	NA	NA	NA	NA	NA	NA	NA	1	0	1	2	2	1	NA	NA	NA	4	2	2
9	50700000	65607499	4	2	2	2	d	3	2	2	0.05	0.1	NA	NA	NA	NA	NA	NA	NA	NA	NA	NA	NA	NA	NA	NA	NA	NA	2	2	1	NA	NA	NA	4	2	2
9	65607500	117124496	4	2	2	3	a	6	2	2	0.035818566067	0.137163538683	4	2	2	2	2	1	NA	NA	NA	NA	NA	NA	NA	4	2	2	2	2	1	NA	NA	NA	4	2	2
9	117124497	118264544	2	2	0	3	a	6	2	0	0.0485856060346	0.0709465316403	2	0	2	2	0	1	NA	NA	NA	NA	NA	NA	NA	2	0	2	2	0	1	NA	NA	NA	2	0	2
9	118264545	121035318	4	2	2	3	a	6	2	2	0.0364810181101	0.118637352251	4	2	2	2	2	1	NA	NA	NA	NA	NA	NA	NA	4	2	2	2	2	1	NA	NA	NA	4	2	2
9	121035319	121141325	2	2	0	3	a	6	2	0	0.0643355396603	0.07371193925	2	0	2	2	0	1	NA	NA	NA	NA	NA	NA	NA	2	0	2	2	0	1	NA	NA	NA	2	0	2
9	121141326	141213430	4	2	2	3	a	6	2	2	0.0383720472714	0.150851460641	4	2	2	2	2	1	NA	NA	NA	NA	NA	NA	NA	4	2	2	2	2	1	NA	NA	NA	4	2	2
10	102500	205852	4	2	2	2	d	3	1.91	1.91	0.05	0.100138185382	NA	NA	NA	2	2	1	NA	NA	NA	NA	NA	NA	NA	NA	NA	NA	2	2	1	NA	NA	NA	4	2	2
10	205853	37999999	4	2	2	2	d	5	1.91	1.91	0.0366714407605	0.133919086755	4	2	2	2	2	1	NA	NA	NA	NA	NA	NA	NA	4	2	2	2	2	1	NA	NA	NA	4	2	2
10	38000000	42299999	4	2	2	2	d	4	1.91	1.91	0.05	0.163022851457	4	2	2	2	2	1	NA	NA	NA	NA	NA	NA	NA	4	2	2	NA	NA	NA	NA	NA	NA	4	2	2
10	42300000	47145588	4	2	2	2	d	5	1.91	1.91	0.038295401506	0.214478836651	4	2	2	2	2	1	NA	NA	NA	NA	NA	NA	NA	4	2	2	2	2	1	NA	NA	NA	4	2	2
10	47145589	55661443	4	2	2	2	d	5	1.91	1.91	0.0390348583601	0.164351355878	4	2	2	2	2	1	NA	NA	NA	NA	NA	NA	NA	4	2	2	2	2	1	NA	NA	NA	4	2	2
10	55661444	55663654	3	3	0	1	g	NA	1	1	0.05	0.1	4	2	2	2	0	1	NA	NA	NA	NA	NA	NA	NA	2	0	2	2	0	1	NA	NA	NA	3	0	3
10	55663655	55664173	4	2	2	1	g	NA	1	1	0.05	0.1	NA	NA	NA	2	2	0.244800499489546	3	2	0.755199500510454	NA	0	0.244800499489546	0.244800499489546	NA	NA	NA	2	0	1	NA	NA	NA	4	2	2
10	55664174	55667970	3	3	0	1	g	NA	1	1	0.05	0.1	NA	NA	NA	2	0	1	NA	NA	NA	NA	NA	NA	NA	3	0	3	2	0	1	NA	NA	NA	3	0	3
10	55667971	55669162	4	2	2	1	g	NA	1	1	0.05	0.1	NA	NA	NA	2	1	0.424799719037129	2	2	0.575200280962871	0.0386485904323389	0.0307350875900559	0.390620431298515	0.517851086064313	2	1	1	2	0	1	NA	NA	NA	4	2	2
10	55669163	55679704	2	2	0	2	d	4	1	1	0.05	0.1	NA	NA	NA	2	0	1	NA	NA	NA	NA	NA	NA	NA	2	0	2	2	0	1	NA	NA	NA	2	0	2
10	55679705	55679979	2	2	0	2	d	2	1	1	0.05	0.1	NA	NA	NA	NA	NA	NA	NA	NA	NA	NA	NA	NA	NA	NA	NA	NA	2	0	1	NA	NA	NA	2	0	2
10	55679980	55680058	4	2	2	1	g	NA	1	1	0.05	0.1	NA	NA	NA	NA	NA	NA	NA	NA	NA	NA	NA	NA	NA	3	1	2	2	0	1	NA	NA	NA	4	2	2
10	55680059	55684122	4	2	2	1	g	NA	1	1	0.05	0.1	NA	NA	NA	2	2	1	NA	NA	NA	NA	NA	NA	NA	3	1	2	2	0	1	NA	NA	NA	4	2	2
10	55684123	55692142	2	2	0	1	g	NA	1	1	0.05	0.1	NA	NA	NA	3	0	1	NA	NA	NA	NA	NA	NA	NA	2	0	2	2	2	1	NA	NA	NA	2	0	2
10	55692143	55694534	4	3	1	1	g	NA	2	2	0.05	0.1	NA	NA	NA	3	0	0.135199020232054	3	1	0.864800979767946	NA	0	0.135199020232054	0.135199020232054	1	0	1	2	2	1	NA	NA	NA	4	1	3
10	55694535	55694591	4	2	2	2	d	2	2	2	0.05	0.1	NA	NA	NA	NA	NA	NA	NA	NA	NA	NA	NA	NA	NA	NA	NA	NA	2	2	1	NA	NA	NA	4	1	3
10	55694592	55731589	4	2	2	2	d	4	2	2	0.05	0.1	3.732589	1.866294439	1.86629444	2	1	0.174437970933458	2	2	0.825562029066542	0.0613526849811803	0.0608569945031039	0.0471038624481273	0.282994807236872	4	2	2	2	2	1	NA	NA	NA	4	2	2
10	55731590	55731771	4	2	2	2	d	3	2	2	0.05	0.1	3.732589	1.866294439	1.86629444	2	1	0.174437970933458	2	2	0.825562029066542	0.0613526849811803	0.0608569945031039	0.0471038624481273	0.282994807236872	NA	NA	NA	2	2	1	NA	NA	NA	4	2	2
10	55731772	55745719	4	2	2	2	d	4	2	2	0.05	0.1	4.113477	2.056738258	2.05673826	2	1	0.174437970933458	2	2	0.825562029066542	0.0613526849811803	0.0608569945031039	0.0471038624481273	0.282994807236872	4	2	2	2	2	1	NA	NA	NA	4	2	2
10	55745720	55745744	4	2	2	2	d	3	2	2	0.05	0.1	4.113477	2.056738258	2.05673826	NA	NA	NA	NA	NA	NA	NA	NA	NA	NA	NA	NA	NA	2	2	1	NA	NA	NA	4	2	2
10	55745745	56401631	4	2	2	3	a	6	2	2	0.0339933329076	0.12589163519	4	2	2	2	2	1	NA	NA	NA	NA	NA	NA	NA	4	2	2	2	2	1	NA	NA	NA	4	2	2
10	56401632	56412670	2	2	0	1	g	NA	2	2	0.05	0.1	4	2	2	2	0	1	NA	NA	NA	NA	NA	NA	NA	NA	NA	NA	2	1	1	NA	NA	NA	2	0	2
10	56412671	56434234	4	2	2	2	d	4	2	2	0.05	0.1	NA	NA	NA	2	2	1	NA	NA	NA	NA	NA	NA	NA	4	2	2	2	1	1	NA	NA	NA	4	2	2
10	56434235	56434254	4	2	2	2	d	3	2	2	0.05	0.1	NA	NA	NA	2	2	1	NA	NA	NA	NA	NA	NA	NA	NA	NA	NA	2	1	1	NA	NA	NA	4	2	2
10	56434255	56444805	4	2	2	2	d	3	2	2	0.05	0.1	NA	NA	NA	2	2	1	NA	NA	NA	NA	NA	NA	NA	4	2	2	2	1	1	NA	NA	NA	2	0	2
10	56444806	56536861	2	2	0	2	d	4	2.09	0	0.045416498326	0.0467183973646	2.152248	0.019214769	2.13303309	2	0	1	NA	NA	NA	NA	NA	NA	NA	2	0	2	2	0	1	NA	NA	NA	2	0	2
10	56536862	56544171	4	2	2	2	d	3	2	2	0.05	0.1	2.152248	0.019214769	2.13303309	2	2	1	NA	NA	NA	NA	NA	NA	NA	4	2	2	2	1	1	NA	NA	NA	5	2	3
10	56544172	56583109	3	2	1	2	d	3	2	2	0.05	0.1	NA	NA	NA	2	1	1	NA	NA	NA	NA	NA	NA	NA	3	1	2	2	1	1	NA	NA	NA	3	0	3
10	56583110	56584819	4	2	2	1	g	NA	2	2	0.05	0.1	NA	NA	NA	3	3	1	NA	NA	NA	NA	NA	NA	NA	NA	NA	NA	2	1	1	NA	NA	NA	4	2	2
10	56584820	58013413	4	2	2	3	a	6	2	2	0.0339308470972	0.136311612462	4	2	2	2	2	1	NA	NA	NA	NA	NA	NA	NA	4	2	2	2	2	1	NA	NA	NA	4	2	2
10	58013414	64352848	4	2	2	3	a	6	2	2	0.0334391715159	0.140067170251	4	2	2	2	2	1	NA	NA	NA	NA	NA	NA	NA	4	2	2	2	2	1	NA	NA	NA	4	2	2
10	64352849	64389087	2	2	0	3	b	6	2	0	0.05	0.1	4	2	2	2	0	1	NA	NA	NA	NA	NA	NA	NA	2	0	2	2	0	1	NA	NA	NA	2	0	2
10	64389088	64708422	4	2	2	3	a	6	2	2	0.0291011594946	0.126559994553	4	2	2	2	2	1	NA	NA	NA	NA	NA	NA	NA	4	2	2	2	2	1	NA	NA	NA	4	2	2
10	64708423	64711416	4	2	2	2	d	4	2	2	0.05	0.1	4	2	2	NA	NA	NA	NA	NA	NA	NA	NA	NA	NA	1	0	1	2	2	1	NA	NA	NA	4	2	2
10	64711417	64711515	4	2	2	2	d	3	2	2	0.05	0.1	NA	NA	NA	NA	NA	NA	NA	NA	NA	NA	NA	NA	NA	NA	NA	NA	2	2	1	NA	NA	NA	4	2	2
10	64711516	64717921	4	2	2	2	d	2	2	2	0.05	0.1	NA	NA	NA	NA	NA	NA	NA	NA	NA	NA	NA	NA	NA	NA	NA	NA	2	2	1	NA	NA	NA	NA	NA	NA
10	64717922	64717962	4	2	2	2	d	2	2	2	0.05	0.1	NA	NA	NA	NA	NA	NA	NA	NA	NA	NA	NA	NA	NA	NA	NA	NA	2	2	1	NA	NA	NA	NA	NA	NA
10	64717963	64721745	4	2	2	2	d	2	2	2	0.05	0.1	NA	NA	NA	NA	NA	NA	NA	NA	NA	NA	NA	NA	NA	3	1	2	2	2	1	NA	NA	NA	NA	NA	NA
10	64721746	64722233	4	2	2	2	d	2	2	2	0.05	0.1	NA	NA	NA	NA	NA	NA	NA	NA	NA	NA	NA	NA	NA	NA	NA	NA	2	2	1	NA	NA	NA	2	1	1
10	64722234	64727251	4	2	2	2	d	2	2	2	0.05	0.1	NA	NA	NA	2	1	0.205963500139217	2	2	0.794036499860783	NA	0	0.205963500139217	0.205963500139217	NA	NA	NA	2	2	1	NA	NA	NA	2	1	1
10	64727252	64750073	2	1	1	1	g	NA	NA	NA	NA	NA	NA	NA	NA	NA	NA	NA	NA	NA	NA	NA	NA	NA	NA	3	1	2	2	2	1	NA	NA	NA	2	1	1
10	64750074	64752697	4	2	2	2	d	2	NA	NA	NA	NA	NA	NA	NA	2	1	0.52688337244916	2	2	0.47311662755084	NA	0	0.52688337244916	0.52688337244916	NA	NA	NA	2	2	1	NA	NA	NA	4	2	2
10	64752698	64753068	3	2	1	1	g	NA	NA	NA	NA	NA	NA	NA	NA	NA	NA	NA	NA	NA	NA	NA	NA	NA	NA	NA	NA	NA	2	2	1	NA	NA	NA	3	1	2
10	64753069	64757980	3	2	1	1	g	NA	NA	NA	NA	NA	NA	NA	NA	3	2	0.138961638363035	3	3	0.861038361636965	NA	0	0.138961638363035	0.138961638363035	NA	NA	NA	2	2	1	NA	NA	NA	3	1	2
10	64757981	64786163	2	2	0	2	d	3	NA	NA	NA	NA	NA	NA	NA	2	0	1	NA	NA	NA	NA	NA	NA	NA	2	0	2	2	2	1	NA	NA	NA	2	0	2
10	64786164	64795870	4	2	2	2	d	3	2	2	0.05	0.1	NA	NA	NA	NA	NA	NA	NA	NA	NA	NA	NA	NA	NA	NA	NA	NA	2	2	1	NA	NA	NA	4	2	2
10	64795871	86376312	4	2	2	3	a	6	2	2	0.036621380097	0.136428955899	4	2	2	2	2	1	NA	NA	NA	NA	NA	NA	NA	4	2	2	2	2	1	NA	NA	NA	4	2	2
10	86376313	86702020	4	2	2	3	a	6	2	2	0.0485024530357	0.127937749476	4	2	2	2	2	1	NA	NA	NA	NA	NA	NA	NA	4	2	2	2	2	1	NA	NA	NA	4	2	2
10	86702021	86705884	4	2	2	2	d	4	2	2	0.05	0.1	4	2	2	2	2	1	NA	NA	NA	NA	NA	NA	NA	4	2	2	2	0	1	NA	NA	NA	3	1	2
10	86705885	86722505	5	3	2	2	e	1	2	2	0.05	0.1	NA	NA	NA	2	2	0.760683178799393	3	2	0.239316821200607	0.0994365114718404	0.096894694006839	0.527531364353732	0.914588028028645	4	2	2	2	0	1	NA	NA	NA	3	1	2
10	86722506	88422104	2	2	0	3	a	6	2	0	0.0555860448045	0.0942005684051	2	0	2	2	0	1	NA	NA	NA	NA	NA	NA	NA	2	0	2	2	0	1	NA	NA	NA	2	0	2
10	88422105	88439692	4	2	2	2	d	4	2	2	0.05	0.1	4	2	2	2	2	1	NA	NA	NA	NA	NA	NA	NA	3	1	2	2	2	1	NA	NA	NA	3	1	2
10	88439693	88482427	2	2	0	2	d	4	2	0	0.05	0.1	4	2	2	2	0	1	NA	NA	NA	NA	NA	NA	NA	2	0	2	2	2	1	NA	NA	NA	2	0	2
10	88482428	88498222	2	2	0	1	g	NA	2	0	0.05	0.1	NA	NA	NA	NA	NA	NA	NA	NA	NA	NA	NA	NA	NA	3	1	2	2	2	1	NA	NA	NA	2	0	2
10	88498223	88511138	2	2	0	2	d	2	2	0	0.05	0.1	NA	NA	NA	NA	NA	NA	NA	NA	NA	NA	NA	NA	NA	NA	NA	NA	2	2	1	NA	NA	NA	2	0	2
10	88511139	88513135	2	2	0	2	d	2	2	0	0.05	0.1	NA	NA	NA	NA	NA	NA	NA	NA	NA	NA	NA	NA	NA	NA	NA	NA	2	2	1	NA	NA	NA	2	0	2
10	88513136	88514636	4	2	2	1	h	1	2	0	0.05	0.1	NA	NA	NA	NA	NA	NA	NA	NA	NA	NA	NA	NA	NA	NA	NA	NA	2	2	1	NA	NA	NA	NA	NA	NA
10	88514637	88516074	2	2	0	2	d	2	2	0	0.05	0.1	NA	NA	NA	NA	NA	NA	NA	NA	NA	NA	NA	NA	NA	NA	NA	NA	2	2	1	NA	NA	NA	2	0	2
10	88516075	88642629	2	2	0	2	d	3	2	0	0.05	0.06021748896	NA	NA	NA	3	0	1	NA	NA	NA	NA	NA	NA	NA	2	0	2	2	2	1	NA	NA	NA	2	0	2
10	88642630	88646666	2	2	0	1	g	NA	NA	NA	NA	NA	NA	NA	NA	NA	NA	NA	NA	NA	NA	NA	NA	NA	NA	NA	NA	NA	2	2	1	NA	NA	NA	2	0	2
10	88646667	88648543	4	2	2	2	d	2	2	2	0.05	0.1	NA	NA	NA	NA	NA	NA	NA	NA	NA	NA	NA	NA	NA	NA	NA	NA	2	2	1	NA	NA	NA	NA	NA	NA
10	88648544	88653232	4	2	2	2	d	4	2	2	0.05	0.1	NA	NA	NA	2	2	1	NA	NA	NA	NA	NA	NA	NA	4	2	2	2	2	1	NA	NA	NA	5	2	3
10	88653233	88653247	4	2	2	2	d	3	2	2	0.05	0.1	NA	NA	NA	2	2	1	NA	NA	NA	NA	NA	NA	NA	NA	NA	NA	2	2	1	NA	NA	NA	5	2	3
10	88653248	88664275	4	2	2	2	d	3	2	2	0.05	0.1	NA	NA	NA	2	2	1	NA	NA	NA	NA	NA	NA	NA	NA	NA	NA	2	2	1	NA	NA	NA	NA	NA	NA
10	88664276	88664377	4	2	2	2	d	3	2	2	0.05	0.1	NA	NA	NA	2	2	1	NA	NA	NA	NA	NA	NA	NA	NA	NA	NA	2	2	1	NA	NA	NA	NA	NA	NA
10	88664378	88669619	4	2	2	2	d	3	2	2	0.05	0.1	NA	NA	NA	2	2	1	NA	NA	NA	NA	NA	NA	NA	NA	NA	NA	2	2	1	NA	NA	NA	NA	NA	NA
10	88669620	88678161	4	2	2	2	d	3	2	2	0.05	0.1	NA	NA	NA	2	2	1	NA	NA	NA	NA	NA	NA	NA	NA	NA	NA	2	2	1	NA	NA	NA	NA	NA	NA
10	88678162	89516366	4	2	2	2	d	5	2	2	0.0303173776156	0.19655648134	3.894347	1.947173351	1.94717335	2	2	1	NA	NA	NA	NA	NA	NA	NA	4	2	2	2	2	1	NA	NA	NA	4	2	2
10	89516367	89516787	4	2	2	2	d	3	2	2	0.05	0.1	3.894347	1.947173351	1.94717335	NA	NA	NA	NA	NA	NA	NA	NA	NA	NA	NA	NA	NA	2	2	1	NA	NA	NA	4	2	2
10	89516788	89524085	4	2	2	1	g	NA	2	2	0.05	0.1	NA	NA	NA	1	1	0.390637758521933	2	1	0.609362241478067	NA	0	0.390637758521933	0.390637758521933	3	1	2	0	0	1	NA	NA	NA	4	2	2
10	89524086	89529556	4	2	2	1	g	NA	2	2	0.05	0.1	NA	NA	NA	NA	NA	NA	NA	NA	NA	NA	NA	NA	NA	3	1	2	0	0	1	NA	NA	NA	4	2	2
10	89529557	89541639	0	0	0	1	h	1	2	2	0.05	0.1	NA	NA	NA	NA	NA	NA	NA	NA	NA	NA	NA	NA	NA	NA	NA	NA	0	0	1	NA	NA	NA	NA	NA	NA
10	89541640	89541679	0	0	0	1	h	1	2	2	0.05	0.1	NA	NA	NA	NA	NA	NA	NA	NA	NA	NA	NA	NA	NA	NA	NA	NA	0	0	1	NA	NA	NA	NA	NA	NA
10	89541680	89551189	0	0	0	1	h	1	2	2	0.05	0.1	NA	NA	NA	NA	NA	NA	NA	NA	NA	NA	NA	NA	NA	NA	NA	NA	0	0	1	NA	NA	NA	NA	NA	NA
10	89551190	89632897	2	2	0	2	d	4	2	0	0.05	0.0729464299864	NA	NA	NA	2	0	1	NA	NA	NA	NA	NA	NA	NA	2	0	2	0	0	1	NA	NA	NA	2	0	2
10	89632898	89633056	2	2	0	1	g	NA	NA	NA	NA	NA	NA	NA	NA	NA	NA	NA	NA	NA	NA	NA	NA	NA	NA	NA	NA	NA	0	0	1	NA	NA	NA	2	0	2
10	89633057	89639565	2	2	0	1	g	NA	0	0	0.05	0.1	NA	NA	NA	5	0	1	NA	NA	NA	NA	NA	NA	NA	NA	NA	NA	0	0	1	NA	NA	NA	2	0	2
10	89639566	90483458	0	0	0	2	d	4	0	0	0.0960287331484	0.0434409543183	0	0	0	0	0	0.924114713848179	1	0	0.0758852861518212	0.016902367411223	0.0179247860082108	0.872652217025175	0.943796335937807	1	0	1	0	0	1	NA	NA	NA	0	0	0
10	90483459	91169947	2	2	0	3	a	6	2	0	0.0412566365264	0.0762799314644	2	0	2	2	0	1	NA	NA	NA	NA	NA	NA	NA	2	0	2	2	0	1	NA	NA	NA	2	0	2
10	91169948	91170360	2	2	0	2	d	2	NA	NA	NA	NA	2	0	2	NA	NA	NA	NA	NA	NA	NA	NA	NA	NA	NA	NA	NA	2	2	1	NA	NA	NA	2	0	2
10	91170361	91170565	2	2	0	1	g	NA	NA	NA	NA	NA	NA	NA	NA	NA	NA	NA	NA	NA	NA	NA	NA	NA	NA	NA	NA	NA	2	2	1	NA	NA	NA	2	0	2
10	91170566	91174850	3	2	1	1	g	NA	NA	NA	NA	NA	NA	NA	NA	2	2	1	NA	NA	NA	NA	NA	NA	NA	3	1	2	2	2	1	NA	NA	NA	3	1	2
10	91174851	91175421	1	1	0	1	g	NA	NA	NA	NA	NA	NA	NA	NA	3	0	1	NA	NA	NA	NA	NA	NA	NA	2	0	2	2	2	1	NA	NA	NA	1	0	1
10	91175422	91176112	3	2	1	2	d	2	NA	NA	NA	NA	NA	NA	NA	2	1	0.593779442742911	3	1	0.406220557257089	NA	0	0.593779442742911	0.593779442742911	3	1	2	2	2	1	NA	NA	NA	3	1	2
10	91176113	91176834	1	1	0	1	g	NA	NA	NA	NA	NA	NA	NA	NA	2	0	0.476814235451928	3	0	0.523185764548072	NA	0	0.476814235451928	0.476814235451928	NA	NA	NA	2	2	1	NA	NA	NA	1	0	1
10	91176835	91203578	4	2	2	3	b	5	2	2	0.05	0.1	NA	NA	NA	2	2	1	NA	NA	NA	NA	NA	NA	NA	4	2	2	2	2	1	NA	NA	NA	4	2	2
10	91203579	92472388	4	2	2	3	a	6	2	2	0.0317476040344	0.118497601773	4	2	2	2	2	1	NA	NA	NA	NA	NA	NA	NA	4	2	2	2	2	1	NA	NA	NA	4	2	2
10	92472389	92472408	4	2	2	2	d	3	NA	NA	NA	NA	4	2	2	NA	NA	NA	NA	NA	NA	NA	NA	NA	NA	NA	NA	NA	2	2	1	NA	NA	NA	4	2	2
10	92472409	93116153	2	2	0	3	a	6	2	0	0.0571719308863	0.175881404465	2	0	2	2	0	1	NA	NA	NA	NA	NA	NA	NA	2	0	2	2	0	1	NA	NA	NA	2	0	2
10	93116154	94438745	4	2	2	2	d	5	2	2	0.040331479669	0.125237903812	3.888773	1.944386351	1.94438635	2	2	1	NA	NA	NA	NA	NA	NA	NA	4	2	2	2	2	1	NA	NA	NA	4	2	2
10	94438746	94438793	4	2	2	2	d	4	2	2	0.05	0.1	3.888773	1.944386351	1.94438635	2	2	1	NA	NA	NA	NA	NA	NA	NA	NA	NA	NA	2	2	1	NA	NA	NA	4	2	2
10	94438794	94446748	4	2	2	2	d	4	2	2	0.05	0.1	NA	NA	NA	2	2	1	NA	NA	NA	NA	NA	NA	NA	4	2	2	2	0	1	NA	NA	NA	4	2	2
10	94446749	96191375	2	2	0	3	a	6	2	0	0.0486276644148	0.0813562497751	2	0	2	2	0	1	NA	NA	NA	NA	NA	NA	NA	2	0	2	2	0	1	NA	NA	NA	2	0	2
10	96191376	96219445	4	2	2	2	d	4	2	2	0.05	0.1	2	0	2	NA	NA	NA	NA	NA	NA	NA	NA	NA	NA	4	2	2	2	2	1	NA	NA	NA	4	2	2
10	96219446	96219484	4	2	2	2	d	3	2	2	0.05	0.1	NA	NA	NA	NA	NA	NA	NA	NA	NA	NA	NA	NA	NA	NA	NA	NA	2	2	1	NA	NA	NA	4	2	2
10	96219485	97376220	4	2	2	3	a	6	2	2	0.0332833780818	0.134361114958	4	2	2	2	2	1	NA	NA	NA	NA	NA	NA	NA	4	2	2	2	2	1	NA	NA	NA	4	2	2
10	97376221	97376256	4	2	2	3	b	5	2	2	0.05	0.1	4	2	2	2	2	1	NA	NA	NA	NA	NA	NA	NA	NA	NA	NA	2	2	1	NA	NA	NA	4	2	2
10	97376257	97390022	4	2	2	2	d	4	2	2	0.05	0.1	NA	NA	NA	2	2	1	NA	NA	NA	NA	NA	NA	NA	4	2	2	2	0	1	NA	NA	NA	4	2	2
10	97390023	99671060	2	2	0	3	a	6	2	0	0.0511257872181	0.0747679485232	2	0	2	2	0	1	NA	NA	NA	NA	NA	NA	NA	2	0	2	2	0	1	NA	NA	NA	2	0	2
10	99671061	99678939	4	2	2	2	d	3	2	2	0.05	0.1	2	0	2	2	2	1	NA	NA	NA	NA	NA	NA	NA	NA	NA	NA	2	2	1	NA	NA	NA	3	1	2
10	99678940	99679138	4	2	2	2	d	2	2	2	0.05	0.1	NA	NA	NA	NA	NA	NA	NA	NA	NA	NA	NA	NA	NA	NA	NA	NA	2	2	1	NA	NA	NA	3	1	2
10	99679139	99682121	3	2	1	1	g	NA	2	2	0.05	0.1	NA	NA	NA	3	2	1	NA	NA	NA	NA	NA	NA	NA	3	1	2	2	2	1	NA	NA	NA	3	1	2
10	99682122	99683743	1	1	0	1	g	NA	2	2	0.05	0.1	NA	NA	NA	4	0	1	NA	NA	NA	NA	NA	NA	NA	NA	NA	NA	2	2	1	NA	NA	NA	1	0	1
10	99683744	102756786	4	2	2	3	a	6	2	2	0.0367514266045	0.133111874576	4	2	2	2	2	1	NA	NA	NA	NA	NA	NA	NA	4	2	2	2	2	1	NA	NA	NA	4	2	2
10	102756787	102756812	4	2	2	2	d	4	2	2	0.05	0.1	4	2	2	NA	NA	NA	NA	NA	NA	NA	NA	NA	NA	1	0	1	2	2	1	NA	NA	NA	4	2	2
10	102756813	102759304	4	2	2	2	d	3	2	2	0.05	0.1	NA	NA	NA	3	1	1	NA	NA	NA	NA	NA	NA	NA	1	0	1	2	2	1	NA	NA	NA	4	2	2
10	102759305	102759406	4	2	2	2	d	2	2	2	0.05	0.1	NA	NA	NA	NA	NA	NA	NA	NA	NA	NA	NA	NA	NA	NA	NA	NA	2	0	1	NA	NA	NA	4	2	2
10	102759407	102769407	4	2	2	2	d	3	2	2	0.05	0.1	NA	NA	NA	2	2	1	NA	NA	NA	NA	NA	NA	NA	3	1	2	2	0	1	NA	NA	NA	4	2	2
10	102769408	102771638	2	2	0	2	d	2	NA	NA	NA	NA	NA	NA	NA	3	0	1	NA	NA	NA	NA	NA	NA	NA	NA	NA	NA	2	0	1	NA	NA	NA	2	0	2
10	102771639	102786827	2	2	0	2	d	2	NA	NA	NA	NA	NA	NA	NA	2	0	0.726170286881048	2	1	0.273829713118952	0.230804095439381	0.305137221838909	-0.353767523713853	0.821836752658708	3	1	2	2	0	1	NA	NA	NA	2	0	2
10	102786828	102787310	2	2	0	2	d	2	NA	NA	NA	NA	NA	NA	NA	NA	NA	NA	NA	NA	NA	NA	NA	NA	NA	1	0	1	2	0	1	NA	NA	NA	2	0	2
10	102787311	102787797	3	2	1	1	g	NA	NA	NA	NA	NA	NA	NA	NA	1	1	0.559791825554305	2	1	0.440208174445695	NA	0	0.559791825554305	0.559791825554305	1	0	1	2	0	1	NA	NA	NA	3	1	2
10	102787798	103389188	2	2	0	3	a	6	2	0	0.0448353987417	0.0775605198485	2	0	2	2	0	1	NA	NA	NA	NA	NA	NA	NA	2	0	2	2	0	1	NA	NA	NA	2	0	2
10	103389189	103396318	2	2	0	2	d	3	2	0	0.05	0.1	2	0	2	NA	NA	NA	NA	NA	NA	NA	NA	NA	NA	NA	NA	NA	2	2	1	NA	NA	NA	2	0	2
10	103396319	103396545	4	2	2	1	h	1	NA	NA	NA	NA	NA	NA	NA	NA	NA	NA	NA	NA	NA	NA	NA	NA	NA	1	0	1	2	2	1	NA	NA	NA	NA	NA	NA
10	103396546	103398319	4	2	2	1	h	1	NA	NA	NA	NA	NA	NA	NA	NA	NA	NA	NA	NA	NA	NA	NA	NA	NA	NA	NA	NA	2	2	1	NA	NA	NA	NA	NA	NA
10	103398320	103407680	4	2	2	2	d	3	2	2	0.05	0.1	NA	NA	NA	NA	NA	NA	NA	NA	NA	NA	NA	NA	NA	NA	NA	NA	2	2	1	NA	NA	NA	4	2	2
10	103407681	103407697	4	2	2	2	d	3	2	2	0.05	0.1	NA	NA	NA	NA	NA	NA	NA	NA	NA	NA	NA	NA	NA	NA	NA	NA	2	2	1	NA	NA	NA	4	2	2
10	103407698	103627131	4	2	2	3	a	6	2	2	0.05	0.139084833924	4	2	2	2	2	1	NA	NA	NA	NA	NA	NA	NA	4	2	2	2	2	1	NA	NA	NA	4	2	2
10	103627132	103643961	4	2	2	2	d	4	2	2	0.05	0.1	4	2	2	2	2	1	NA	NA	NA	NA	NA	NA	NA	4	2	2	2	0	1	NA	NA	NA	5	2	3
10	103643962	104552727	2	2	0	3	a	6	2	0	0.0462570955951	0.0940019336868	2	0	2	2	0	1	NA	NA	NA	NA	NA	NA	NA	2	0	2	2	0	1	NA	NA	NA	2	0	2
10	104552728	104559820	2	2	0	2	d	4	2	2	0.05	0.1	2	0	2	2	0	1	NA	NA	NA	NA	NA	NA	NA	NA	NA	NA	2	0	1	NA	NA	NA	2	0	2
10	104559821	104589904	2	2	0	2	d	4	2	2	0.05	0.1	NA	NA	NA	2	0	1	NA	NA	NA	NA	NA	NA	NA	2	0	2	2	0	1	NA	NA	NA	2	0	2
10	104589905	104652002	4	2	2	2	d	4	2	2	0.05	0.1	3.869481	1.934740434	1.93474043	2	1	0.145226906882298	2	2	0.854773093117702	0.0625245889648414	0.0632321137827222	0.0137168508443812	0.250483617507669	4	2	2	2	2	1	NA	NA	NA	4	2	2
10	104652003	104652022	4	2	2	2	d	2	NA	NA	NA	NA	3.869481	1.934740434	1.93474043	2	1	0.145226906882298	2	2	0.854773093117702	0.0625245889648414	0.0632321137827222	0.0137168508443812	0.250483617507669	NA	NA	NA	2	2	1	NA	NA	NA	4	2	2
10	104652023	104658810	3	2	1	2	d	2	NA	NA	NA	NA	NA	NA	NA	2	1	0.145226906882298	2	2	0.854773093117702	0.0625245889648414	0.0632321137827222	0.0137168508443812	0.250483617507669	3	1	2	1	1	1	NA	NA	NA	3	1	2
10	104658811	104658823	3	2	1	2	f	2	NA	NA	NA	NA	NA	NA	NA	2	1	0.145226906882298	2	2	0.854773093117702	0.0625245889648414	0.0632321137827222	0.0137168508443812	0.250483617507669	NA	NA	NA	1	1	1	NA	NA	NA	3	1	2
10	104658824	104669050	3	2	1	2	f	2	NA	NA	NA	NA	NA	NA	NA	2	1	0.145226906882298	2	2	0.854773093117702	0.0625245889648414	0.0632321137827222	0.0137168508443812	0.250483617507669	3	1	2	1	1	1	NA	NA	NA	4	1	3
10	104669051	104670469	4	3	1	1	g	NA	NA	NA	NA	NA	NA	NA	NA	2	0	1	NA	NA	NA	NA	NA	NA	NA	1	0	1	1	1	1	NA	NA	NA	4	1	3
10	104670470	104673058	4	3	1	1	g	NA	NA	NA	NA	NA	NA	NA	NA	2	2	1	NA	NA	NA	NA	NA	NA	NA	NA	NA	NA	1	1	1	NA	NA	NA	4	1	3
10	104673059	104674999	2	2	0	1	g	NA	NA	NA	NA	NA	NA	NA	NA	NA	NA	NA	NA	NA	NA	NA	NA	NA	NA	NA	NA	NA	1	1	1	NA	NA	NA	2	0	2
10	104675000	104675255	2	2	0	1	g	NA	NA	NA	NA	NA	NA	NA	NA	NA	NA	NA	NA	NA	NA	NA	NA	NA	NA	NA	NA	NA	1	1	1	NA	NA	NA	2	0	2
10	104675256	105844859	2	2	0	3	a	6	2	0	0.054114786405	0.0790157261619	2	0	2	2	0	1	NA	NA	NA	NA	NA	NA	NA	2	0	2	2	0	1	NA	NA	NA	2	0	2
10	105844860	105845156	2	2	0	2	d	3	NA	NA	NA	NA	2	0	2	NA	NA	NA	NA	NA	NA	NA	NA	NA	NA	1	0	1	2	0	1	NA	NA	NA	2	0	2
10	105845157	105845238	1	1	0	1	g	NA	NA	NA	NA	NA	NA	NA	NA	3	0	1	NA	NA	NA	NA	NA	NA	NA	NA	NA	NA	2	0	1	NA	NA	NA	1	0	1
10	105845239	105861166	4	2	2	2	d	3	2	2	0.05	0.1	NA	NA	NA	3	2	1	NA	NA	NA	NA	NA	NA	NA	NA	NA	NA	2	2	1	NA	NA	NA	4	2	2
10	105861167	105861235	4	2	2	2	d	3	2	2	0.05	0.1	NA	NA	NA	3	2	1	NA	NA	NA	NA	NA	NA	NA	NA	NA	NA	2	2	1	NA	NA	NA	4	2	2
10	105861236	105882123	4	2	2	2	d	4	2	2	0.05	0.1	NA	NA	NA	3	2	1	NA	NA	NA	NA	NA	NA	NA	4	2	2	2	2	1	NA	NA	NA	4	2	2
10	105882124	105882146	4	2	2	2	d	3	2	2	0.05	0.1	NA	NA	NA	NA	NA	NA	NA	NA	NA	NA	NA	NA	NA	NA	NA	NA	2	2	1	NA	NA	NA	4	2	2
10	105882147	113638159	4	2	2	3	a	6	2	2	0.0390055101178	0.127273956127	4	2	2	2	2	1	NA	NA	NA	NA	NA	NA	NA	4	2	2	2	2	1	NA	NA	NA	4	2	2
10	113638160	113645051	4	2	2	2	d	4	2	2	0.05	0.1	4	2	2	2	2	1	NA	NA	NA	NA	NA	NA	NA	NA	NA	NA	2	0	1	NA	NA	NA	4	2	2
10	113645052	113645066	4	2	2	2	d	3	2	2	0.05	0.1	NA	NA	NA	2	2	1	NA	NA	NA	NA	NA	NA	NA	NA	NA	NA	2	0	1	NA	NA	NA	4	2	2
10	113645067	113650004	4	2	2	2	d	3	2	2	0.05	0.1	NA	NA	NA	2	2	1	NA	NA	NA	NA	NA	NA	NA	NA	NA	NA	2	0	1	NA	NA	NA	4	2	2
10	113650005	114061945	2	2	0	3	a	6	2	0	0.0438572849578	0.0761369653672	2	0	2	2	0	1	NA	NA	NA	NA	NA	NA	NA	2	0	2	2	0	1	NA	NA	NA	2	0	2
10	114061946	114062995	2	2	0	2	d	4	2	0	0.05	0.1	2	0	2	NA	NA	NA	NA	NA	NA	NA	NA	NA	NA	NA	NA	NA	2	0	1	NA	NA	NA	2	0	2
10	114062996	114063501	2	2	0	2	d	2	2	0	0.05	0.1	NA	NA	NA	NA	NA	NA	NA	NA	NA	NA	NA	NA	NA	1	0	1	2	0	1	NA	NA	NA	NA	NA	NA
10	114063502	114064757	5	3	2	1	g	NA	2	0	0.05	0.1	NA	NA	NA	2	1	0.64731385758039	2	2	0.35268614241961	NA	0	0.64731385758039	0.64731385758039	NA	NA	NA	3	0	1	NA	NA	NA	5	2	3
10	114064758	114072288	2	2	0	2	d	4	2	0	0.05	0.1	NA	NA	NA	2	0	1	NA	NA	NA	NA	NA	NA	NA	2	0	2	3	0	1	NA	NA	NA	2	0	2
10	114072289	114075867	4	2	2	2	d	3	2	2	0.05	0.1	NA	NA	NA	2	1	0.231844731078214	2	2	0.768155268921786	0.0760105323916579	0.0750361659356727	0.0741109777673841	0.374167016790582	3	1	2	2	2	1	NA	NA	NA	4	2	2
10	114075868	114098787	4	2	2	2	d	3	2	2	0.05	0.1	NA	NA	NA	2	1	0.231844731078214	2	2	0.768155268921786	0.0760105323916579	0.0750361659356727	0.0741109777673841	0.374167016790582	3	1	2	2	2	1	NA	NA	NA	4	2	2
10	114098788	114110069	4	2	2	2	d	3	2	2	0.05	0.1	NA	NA	NA	2	1	0.231844731078214	2	2	0.768155268921786	0.0760105323916579	0.0750361659356727	0.0741109777673841	0.374167016790582	3	1	2	2	2	1	NA	NA	NA	4	2	2
10	114110070	114185922	2	2	0	2	d	5	2	0	0.05	0.1	2.180549	0	2.18054858	2	0	1	NA	NA	NA	NA	NA	NA	NA	2	0	2	2	0	1	NA	NA	NA	2	0	2
10	114185923	114194115	2	2	0	2	f	3	2	0	0.05	0.1	2.180549	0	2.18054858	NA	NA	NA	NA	NA	NA	NA	NA	NA	NA	3	1	2	2	2	1	NA	NA	NA	2	0	2
10	114194116	114208493	4	2	2	1	h	1	2	0	0.05	0.1	NA	NA	NA	NA	NA	NA	NA	NA	NA	NA	NA	NA	NA	3	1	2	2	2	1	NA	NA	NA	NA	NA	NA
10	114208494	114217884	4	2	2	1	h	1	NA	NA	NA	NA	NA	NA	NA	NA	NA	NA	NA	NA	NA	NA	NA	NA	NA	3	1	2	2	2	1	NA	NA	NA	NA	NA	NA
10	114217885	114218064	4	2	2	1	h	1	NA	NA	NA	NA	NA	NA	NA	NA	NA	NA	NA	NA	NA	NA	NA	NA	NA	NA	NA	NA	2	2	1	NA	NA	NA	NA	NA	NA
10	114218065	114451920	4	2	2	2	d	5	2	2	0.0322073421673	0.153476525375	3.876018	1.938008825	1.93800883	2	2	1	NA	NA	NA	NA	NA	NA	NA	4	2	2	2	2	1	NA	NA	NA	4	2	2
10	114451921	114819359	2	2	0	2	d	4	2	0	0.150443396194	0.283690784738	2.126029	0.083871204	2.04215754	2	0	0.963518701327192	2	1	0.0364812986728076	0.027254787349054	0.0300363974570458	0.793560481432999	0.908096286330496	2	0	2	2	0	1	NA	NA	NA	2	0	2
10	114819360	114833669	4	2	2	2	d	3	2	2	0.05	0.1	2.126029	0.083871204	2.04215754	2	2	1	NA	NA	NA	NA	NA	NA	NA	3	1	2	2	2	1	NA	NA	NA	3	1	2
10	114833670	115147559	4	2	2	3	a	6	2	2	0.0336200652678	0.121390313785	4	2	2	2	2	1	NA	NA	NA	NA	NA	NA	NA	4	2	2	2	2	1	NA	NA	NA	4	2	2
10	115147560	115147746	4	2	2	2	d	4	2	2	0.05	0.1	4	2	2	2	2	1	NA	NA	NA	NA	NA	NA	NA	NA	NA	NA	2	2	1	NA	NA	NA	6	3	3
10	115147747	115710516	4	2	2	2	d	5	2	2	0.0330834893557	0.113561697513	3.869991	1.934995406	1.93499541	2	2	1	NA	NA	NA	NA	NA	NA	NA	4	2	2	2	2	1	NA	NA	NA	4	2	2
10	115710517	115711915	4	2	2	2	d	4	2	2	0.05	0.1	3.869991	1.934995406	1.93499541	2	2	1	NA	NA	NA	NA	NA	NA	NA	3	1	2	2	2	1	NA	NA	NA	4	2	2
10	115711916	115718905	4	2	2	2	d	3	2	2	0.05	0.1	NA	NA	NA	2	2	1	NA	NA	NA	NA	NA	NA	NA	NA	NA	NA	2	2	1	NA	NA	NA	NA	NA	NA
10	115718906	115719087	4	2	2	2	d	3	2	2	0.05	0.1	NA	NA	NA	2	2	1	NA	NA	NA	NA	NA	NA	NA	NA	NA	NA	2	2	1	NA	NA	NA	NA	NA	NA
10	115719088	135534746	4	2	2	3	a	6	2	2	0.0389973754532	0.134598132775	4	2	2	2	2	1	NA	NA	NA	NA	NA	NA	NA	4	2	2	2	2	1	NA	NA	NA	4	2	2
11	197337	51599999	3	2	1	3	a	6	2	1	0.0631550054243	0.11237094826	3	1	2	2	1	1	NA	NA	NA	NA	NA	NA	NA	3	1	2	2	1	1	NA	NA	NA	3	1	2
11	51600000	55699999	3	2	1	3	b	5	2	1	0.05	0.393273080982	3	1	2	2	1	0.630797031195603	2	2	0.369202968804397	0.138933513759185	0.155021817350385	0.105885436522025	0.704236742183732	3	1	2	2	1	1	NA	NA	NA	3	1	2
11	55700000	135006515	3	2	1	3	a	6	2	1	0.0622873962103	0.119595403776	3	1	2	2	1	1	NA	NA	NA	NA	NA	NA	NA	3	1	2	2	1	1	NA	NA	NA	3	1	2
12	110107	191524	2	2	0	2	d	2	NA	NA	NA	NA	NA	NA	NA	NA	NA	NA	NA	NA	NA	NA	NA	NA	NA	NA	NA	NA	2	0	1	NA	NA	NA	2	0	2
12	191525	33299999	2	2	0	2	d	4	2.31	0	0.0435171609972	0.112093652153	2.345154	0.036998237	2.3081559	2	0	1	NA	NA	NA	NA	NA	NA	NA	2	0	2	2	0	1	NA	NA	NA	2	0	2
12	33300000	38199999	2	2	0	2	d	3	2.31	0	0.0393370018282	0.114038131886	2.422029	0.041851701	2.3801778	NA	NA	NA	NA	NA	NA	NA	NA	NA	NA	2	0	2	2	0	1	NA	NA	NA	2	0	2
12	38200000	53442254	2	2	0	2	d	4	2.31	0	0.0428438212327	0.0939813727426	2.359683	0.048452074	2.31123106	2	0	1	NA	NA	NA	NA	NA	NA	NA	2	0	2	2	0	1	NA	NA	NA	2	0	2
12	53442255	133851894	4	2	2	2	d	3	2.2	2.2	0.0374940984048	0.155840872143	4.379948	2.189973969	2.18997397	2	2	0.835229199888625	3	2	0.164770800111375	0.00287946748990969	0.00278415953501776	0.83851801767611	0.849006944088964	4	2	2	2	2	1	NA	NA	NA	4	2	2
13	1	16299999	3	2	1	1	g	NA	NA	NA	NA	NA	NA	NA	NA	NA	NA	NA	NA	NA	NA	NA	NA	NA	NA	NA	NA	NA	NA	NA	NA	NA	NA	NA	3	1	2
13	16300000	19499999	3	2	1	3	b	5	2	1	0.05	0.434679300151	NA	NA	NA	2	1	1	NA	NA	NA	NA	NA	NA	NA	3	1	2	2	1	1	NA	NA	NA	3	1	2
13	19500000	40348347	3	2	1	3	a	6	2	1	0.0633804042134	0.111801598794	3	1	2	2	1	1	NA	NA	NA	NA	NA	NA	NA	3	1	2	2	1	1	NA	NA	NA	3	1	2
13	40348348	74249291	1	1	0	3	a	6	1	0	0.0721835823053	0.0660877276087	1	0	1	1	0	1	NA	NA	NA	NA	NA	NA	NA	1	0	1	1	0	1	NA	NA	NA	1	0	1
13	74249292	115169877	3	2	1	3	a	6	2	1	0.0617480690521	0.113387239784	3	1	2	2	1	1	NA	NA	NA	NA	NA	NA	NA	3	1	2	2	1	1	NA	NA	NA	3	1	2
14	1	16099999	3	2	1	1	g	NA	NA	NA	NA	NA	NA	NA	NA	NA	NA	NA	NA	NA	NA	NA	NA	NA	NA	NA	NA	NA	NA	NA	NA	NA	NA	NA	3	1	2
14	16100000	19099999	3	2	1	2	d	2	2	1	0.05	0.0910829394332	NA	NA	NA	NA	NA	NA	NA	NA	NA	NA	NA	NA	NA	NA	NA	NA	3	1	0.953112	2	1	0.0468883	3	1	2
14	19100000	51712151	3	2	1	3	a	6	2	1	0.0612776081064	0.137845805774	3	1	2	2	1	1	NA	NA	NA	NA	NA	NA	NA	3	1	2	2	1	1	NA	NA	NA	3	1	2
14	51712152	51719799	3	2	1	2	d	3	2	1	0.05	0.1	3	1	2	2	0	0.609613486217631	3	0	0.390386513782369	NA	0	0.609613486217631	0.609613486217631	NA	NA	NA	2	1	1	NA	NA	NA	2	0	2
14	51719800	52297056	3	2	1	3	a	6	2	1	0.0636879520831	0.0939187902058	3	1	2	2	1	1	NA	NA	NA	NA	NA	NA	NA	3	1	2	2	1	1	NA	NA	NA	3	1	2
14	52297057	52303314	3	2	1	2	d	3	2	1	0.05	0.1	3	1	2	0	0	0.291737329249667	1	0	0.708262670750333	0.134464705736621	0.11743932968907	0.0668655358731807	0.531041902039874	1	0	1	2	1	1	NA	NA	NA	1	0	1
14	52303315	52458872	3	2	1	3	a	6	2	1	0.0531914788473	0.100325898401	3	1	2	2	1	1	NA	NA	NA	NA	NA	NA	NA	3	1	2	2	1	1	NA	NA	NA	3	1	2
14	52458873	52466622	4	2	2	1	g	NA	2	0	0.05	0.1	3	1	2	2	2	1	NA	NA	NA	NA	NA	NA	NA	NA	NA	NA	2	0	1	NA	NA	NA	4	2	2
14	52466623	52488108	2	2	0	3	b	5	2	0	0.05	0.1	NA	NA	NA	2	0	1	NA	NA	NA	NA	NA	NA	NA	2	0	2	2	0	1	NA	NA	NA	2	0	2
14	52488109	73703157	3	2	1	3	a	6	2	1	0.063266156526	0.108139750781	3	1	2	2	1	1	NA	NA	NA	NA	NA	NA	NA	3	1	2	2	1	1	NA	NA	NA	3	1	2
14	73703158	73703865	2	2	0	1	g	NA	NA	NA	NA	NA	3	1	2	1	0	1	NA	NA	NA	NA	NA	NA	NA	NA	NA	NA	2	1	1	NA	NA	NA	2	0	2
14	73703866	107349539	3	2	1	2	d	5	2.09	1	0.0632565870347	0.121452305108	3	1	2	2	1	1	NA	NA	NA	NA	NA	NA	NA	3	1	2	2	1	1	NA	NA	NA	3	1	2
15	1	15799999	3	2	1	1	g	NA	NA	NA	NA	NA	NA	NA	NA	NA	NA	NA	NA	NA	NA	NA	NA	NA	NA	NA	NA	NA	NA	NA	NA	NA	NA	NA	3	1	2
15	15800000	20699999	3	2	1	2	d	4	2	1	0.05	0.368963674833	NA	NA	NA	2	1	1	NA	NA	NA	NA	NA	NA	NA	NA	NA	NA	2	1	1	NA	NA	NA	3	1	2
15	20700000	22333891	3	2	1	2	d	3	2	1	0.05	0.395939733105	NA	NA	NA	2	1	1	NA	NA	NA	NA	NA	NA	NA	NA	NA	NA	2	0	0.557691	2	1	0.442309	3	1	2
15	22333892	34740014	3	2	1	3	a	6	2	1	0.0620420104345	0.195541974954	3	1	2	2	1	1	NA	NA	NA	NA	NA	NA	NA	3	1	2	2	1	1	NA	NA	NA	3	1	2
15	34740015	34890089	3	2	1	2	d	5	3	1	0.05	0.319462395877	3	1	2	2	1	1	NA	NA	NA	NA	NA	NA	NA	3	1	2	2	1	1	NA	NA	NA	3	1	2
15	34890090	102376761	3	2	1	3	a	6	2	1	0.0626886602101	0.111379193772	3	1	2	2	1	1	NA	NA	NA	NA	NA	NA	NA	3	1	2	2	1	1	NA	NA	NA	3	1	2
16	83807	2470235	3	2	1	3	a	6	2	1	0.068580624872	0.135496903082	3	1	2	2	1	1	NA	NA	NA	NA	NA	NA	NA	3	1	2	2	1	1	NA	NA	NA	3	1	2
16	2470236	3207622	4	2	2	3	a	6	2	2	0.034579930102	0.125897726038	4	2	2	2	2	1	NA	NA	NA	NA	NA	NA	NA	4	2	2	2	2	1	NA	NA	NA	4	2	2
16	3207623	34599999	3	2	1	3	a	6	2	1	0.0662885080144	0.156773192228	3	1	2	2	1	1	NA	NA	NA	NA	NA	NA	NA	3	1	2	2	1	1	NA	NA	NA	3	1	2
16	34600000	38599999	3	2	1	2	d	5	2	1	0.05	0.167161500886	2.898174	1.020359491	1.87781434	2	1	1	NA	NA	NA	NA	NA	NA	NA	3	1	2	2	1	1	NA	NA	NA	3	1	2
16	38600000	46447499	3	2	1	2	d	3	NA	NA	NA	NA	2.898174	1.020359491	1.87781434	NA	NA	NA	NA	NA	NA	NA	NA	NA	NA	3	1	2	2	1	1	NA	NA	NA	3	1	2
16	46447500	90146043	3	2	1	3	a	6	2	1	0.0632229027561	0.10767474111	3	1	2	2	1	1	NA	NA	NA	NA	NA	NA	NA	3	1	2	2	1	1	NA	NA	NA	3	1	2
17	6115	4853923	4	2	2	2	d	5	2.09	2.09	0.038488767419	0.153964534176	4	2	2	2	2	1	NA	NA	NA	NA	NA	NA	NA	4	2	2	2	2	1	NA	NA	NA	4	2	2
17	4853924	4854911	4	2	2	1	g	NA	NA	NA	NA	NA	4	2	2	NA	NA	NA	NA	NA	NA	NA	NA	NA	NA	3	1	2	2	0	1	NA	NA	NA	4	2	2
17	4854912	4876523	2	2	0	1	h	1	NA	NA	NA	NA	NA	NA	NA	NA	NA	NA	NA	NA	NA	NA	NA	NA	NA	NA	NA	NA	2	0	1	NA	NA	NA	NA	NA	NA
17	4876524	11910383	2	2	0	3	a	6	2	0	0.0538955523676	0.0896345835763	2	0	2	2	0	1	NA	NA	NA	NA	NA	NA	NA	2	0	2	2	0	1	NA	NA	NA	2	0	2
17	11910384	11930403	4	2	2	1	g	NA	NA	NA	NA	NA	2	0	2	2	2	0.816302824200164	3	2	0.183697175799836	NA	0	0.816302824200164	0.816302824200164	3	1	2	2	2	1	NA	NA	NA	4	2	2
17	11930404	11930437	4	2	2	2	d	2	NA	NA	NA	NA	NA	NA	NA	NA	NA	NA	NA	NA	NA	NA	NA	NA	NA	NA	NA	NA	2	2	1	NA	NA	NA	4	2	2
17	11930438	22199999	4	2	2	3	a	6	2	2	0.0359592000221	0.151501573606	4	2	2	2	2	1	NA	NA	NA	NA	NA	NA	NA	4	2	2	2	2	1	NA	NA	NA	4	2	2
17	22200000	25799999	4	2	2	3	a	6	2	2	0.05	0.148847858759	4	2	2	2	2	1	NA	NA	NA	NA	NA	NA	NA	4	2	2	2	2	1	NA	NA	NA	4	2	2
17	25800000	62445098	4	2	2	3	a	6	2	2	0.0380903771751	0.158446434084	4	2	2	2	2	1	NA	NA	NA	NA	NA	NA	NA	4	2	2	2	2	1	NA	NA	NA	4	2	2
17	62445099	64099990	2	2	0	3	a	6	2	0	0.0521048526601	0.11225320989	2	0	2	2	0	1	NA	NA	NA	NA	NA	NA	NA	2	0	2	2	0	1	NA	NA	NA	2	0	2
17	64099991	69405938	4	2	2	3	a	6	2	2	0.0376117620604	0.130245385722	4	2	2	2	2	1	NA	NA	NA	NA	NA	NA	NA	4	2	2	2	2	1	NA	NA	NA	4	2	2
17	69405939	70316641	2	2	0	3	a	6	2	0	0.0493408968214	0.0773402889301	2	0	2	2	0	1	NA	NA	NA	NA	NA	NA	NA	2	0	2	2	0	1	NA	NA	NA	2	0	2
17	70316642	81195209	4	2	2	3	a	6	2	2	0.0415734980125	0.157509885177	4	2	2	2	2	1	NA	NA	NA	NA	NA	NA	NA	4	2	2	2	2	1	NA	NA	NA	4	2	2
18	27500	80030	4	2	2	2	d	3	2	2	0.05	0.1	NA	NA	NA	NA	NA	NA	NA	NA	NA	NA	NA	NA	NA	NA	NA	NA	2	2	1	NA	NA	NA	4	2	2
18	80031	15399999	4	2	2	3	a	6	2	2	0.0363817610375	0.143379009822	4	2	2	2	2	1	NA	NA	NA	NA	NA	NA	NA	4	2	2	2	2	1	NA	NA	NA	4	2	2
18	15400000	18999999	4	2	2	3	a	6	2	2	0.05	0.224039368363	4	2	2	2	2	1	NA	NA	NA	NA	NA	NA	NA	4	2	2	2	2	1	NA	NA	NA	4	2	2
18	19000000	78077247	4	2	2	3	a	6	2	2	0.0365173967108	0.139214258171	4	2	2	2	2	1	NA	NA	NA	NA	NA	NA	NA	4	2	2	2	2	1	NA	NA	NA	4	2	2
19	102500	240962	3	2	1	2	d	3	2	1	0.05	0.1	NA	NA	NA	NA	NA	NA	NA	NA	NA	NA	NA	NA	NA	NA	NA	NA	2	1	1	NA	NA	NA	3	1	2
19	240963	6515842	3	2	1	3	a	6	2	1	0.0721234351384	0.140675972537	3	1	2	2	1	1	NA	NA	NA	NA	NA	NA	NA	3	1	2	2	1	1	NA	NA	NA	3	1	2
19	6515843	8081026	1	1	0	3	a	6	1	0	0.0773238506174	0.0615742840301	1	0	1	1	0	1	NA	NA	NA	NA	NA	NA	NA	1	0	1	1	0	1	NA	NA	NA	1	0	1
19	8081027	24399999	3	2	1	3	a	6	2	1	0.0642811402131	0.162729893455	3	1	2	2	1	1	NA	NA	NA	NA	NA	NA	NA	3	1	2	2	1	1	NA	NA	NA	3	1	2
19	24400000	28599999	3	2	1	3	b	5	2	1	0.0660765954383	0.137432063558	3	1	2	NA	NA	NA	NA	NA	NA	NA	NA	NA	NA	3	1	2	2	1	1	NA	NA	NA	3	1	2
19	28600000	59128982	3	2	1	3	a	6	2	1	0.0667703881404	0.180122323071	3	1	2	2	1	1	NA	NA	NA	NA	NA	NA	NA	3	1	2	2	1	1	NA	NA	NA	3	1	2
20	82139	25599999	4	2	2	3	a	6	2	2	0.038738241675	0.145593517189	4	2	2	2	2	1	NA	NA	NA	NA	NA	NA	NA	4	2	2	2	2	1	NA	NA	NA	4	2	2
20	25600000	29399999	4	2	2	3	a	6	2	2	0.0261881562597	0.21945262934	4	2	2	2	2	1	NA	NA	NA	NA	NA	NA	NA	4	2	2	2	2	1	NA	NA	NA	4	2	2
20	29400000	63025519	4	2	2	3	a	6	2	2	0.0394045563482	0.160952243786	4	2	2	2	2	1	NA	NA	NA	NA	NA	NA	NA	4	2	2	2	2	1	NA	NA	NA	4	2	2
21	1	10899999	NA	NA	NA	NA	NA	NA	1.8	1.8	0.05	0.255623385196	NA	NA	NA	NA	NA	NA	NA	NA	NA	NA	NA	NA	NA	NA	NA	NA	NA	NA	NA	NA	NA	NA	NA	NA	NA
21	10900000	14679456	4	2	2	2	f	1	1.8	1.8	0.05	0.214279283726	NA	NA	NA	NA	NA	NA	NA	NA	NA	NA	NA	NA	NA	NA	NA	NA	2	1	1	NA	NA	NA	NA	NA	NA
21	14679457	38114734	4	2	2	3	b	5	2	2	0.0353891858774	0.138985561545	4	2	2	2	2	1	NA	NA	NA	NA	NA	NA	NA	4	2	2	2	2	1	NA	NA	NA	NA	NA	NA
21	38114735	38388946	5	3	2	3	a	6	3	2	0.05	0.132008375149	5	2	3	3	2	1	NA	NA	NA	NA	NA	NA	NA	5	2	3	3	2	1	NA	NA	NA	5	2	3
21	38388947	39875023	4	2	2	3	a	6	2	2	0.0357298698813	0.136480351522	4	2	2	2	2	1	NA	NA	NA	NA	NA	NA	NA	4	2	2	2	2	1	NA	NA	NA	4	2	2
21	39875024	40516149	2	2	0	3	a	6	2	0	0.0433745173429	0.0709543481937	2	0	2	2	0	1	NA	NA	NA	NA	NA	NA	NA	2	0	2	2	0	1	NA	NA	NA	2	0	2
21	40516150	42852564	3	2	1	3	a	6	2	1	0.0608864387718	0.100375131628	3	1	2	2	1	1	NA	NA	NA	NA	NA	NA	NA	3	1	2	2	1	1	NA	NA	NA	3	1	2
21	42852565	48129894	4	2	2	3	a	6	2	2	0.0372630900072	0.140609957276	4	2	2	2	2	1	NA	NA	NA	NA	NA	NA	NA	4	2	2	2	2	1	NA	NA	NA	4	2	2
22	1	12199999	4	2	2	1	g	NA	NA	NA	NA	NA	NA	NA	NA	NA	NA	NA	NA	NA	NA	NA	NA	NA	NA	NA	NA	NA	NA	NA	NA	NA	NA	NA	4	2	2
22	12200000	17899999	4	2	2	3	a	6	2	2	0.0304733324124	0.170184102848	4	2	2	2	2	1	NA	NA	NA	NA	NA	NA	NA	4	2	2	2	2	1	NA	NA	NA	4	2	2
22	17900000	51304565	4	2	2	2	d	5	2	2	0.0419408443316	0.147825827816	3.898877	1.949438744	1.94943874	2	2	1	NA	NA	NA	NA	NA	NA	NA	4	2	2	2	2	1	NA	NA	NA	4	2	2
X	1	11953191	2	2	0	1	h	1	1	0	0.0533569340895	0.174288088606	2	0	2	NA	NA	NA	NA	NA	NA	NA	NA	NA	NA	2	0	2	NA	NA	NA	NA	NA	NA	3	1	2
X	11953192	29518629	2	2	0	1	h	1	1	0	0.05	0.150603264479	2	0	2	NA	NA	NA	NA	NA	NA	NA	NA	NA	NA	2	0	2	NA	NA	NA	NA	NA	NA	3	1	2
X	29518630	30714770	3	3	0	1	h	1	1	0	0.05	0.130259594842	2.876072	0	2.876072	NA	NA	NA	NA	NA	NA	NA	NA	NA	NA	3	0	3	NA	NA	NA	NA	NA	NA	3	1	2
X	30714771	58099999	2	2	0	2	d	2	1	0	0.05	0.140363997853	2	0	2	NA	NA	NA	NA	NA	NA	NA	NA	NA	NA	2	0	2	NA	NA	NA	NA	NA	NA	NA	NA	NA
X	58100000	62999999	2	2	0	2	d	2	1	0	0.05	0.24900925864	2	0	2	NA	NA	NA	NA	NA	NA	NA	NA	NA	NA	2	0	2	NA	NA	NA	NA	NA	NA	NA	NA	NA
X	63000000	66005994	2	2	0	2	d	2	1	0	0.05	0.137572687631	2	0	2	NA	NA	NA	NA	NA	NA	NA	NA	NA	NA	2	0	2	NA	NA	NA	NA	NA	NA	NA	NA	NA
X	66005995	66097537	3	3	0	1	h	1	1	0	0.05	0.1	3.124972	0	3.124972	NA	NA	NA	NA	NA	NA	NA	NA	NA	NA	3	0	3	NA	NA	NA	NA	NA	NA	NA	NA	NA
X	66097538	66106797	6	6	0	1	h	1	1	0	0.05	0.1	6	0	6	NA	NA	NA	NA	NA	NA	NA	NA	NA	NA	5	0	5	NA	NA	NA	NA	NA	NA	NA	NA	NA
X	66106798	67768123	3	3	0	1	h	1	1	0	0.05	0.153674052844	3.289191	0	3.289191	NA	NA	NA	NA	NA	NA	NA	NA	NA	NA	3	0	3	NA	NA	NA	NA	NA	NA	NA	NA	NA
X	67768124	73192914	2	2	0	2	d	2	1	0	0.05	0.177417610986	2	0	2	NA	NA	NA	NA	NA	NA	NA	NA	NA	NA	2	0	2	NA	NA	NA	NA	NA	NA	NA	NA	NA
X	73192915	73820086	1	1	0	3	b	3	1	0	0.05	0.1	0	0	0	NA	NA	NA	NA	NA	NA	NA	NA	NA	NA	1	0	1	NA	NA	NA	NA	NA	NA	NA	NA	NA
X	73820087	73953930	2	2	0	2	d	2	1	0	0.05	0.1	2	0	2	NA	NA	NA	NA	NA	NA	NA	NA	NA	NA	2	0	2	NA	NA	NA	NA	NA	NA	NA	NA	NA
X	73953931	73954012	2	2	0	1	h	1	1	0	0.05	0.1	1.747145	0	1.747145	NA	NA	NA	NA	NA	NA	NA	NA	NA	NA	NA	NA	NA	NA	NA	NA	NA	NA	NA	NA	NA	NA
X	73954013	155270559	2	2	0	1	h	1	1	0	0.20057251496	0.154911511827	2	0	2	NA	NA	NA	NA	NA	NA	NA	NA	NA	NA	2	0	2	NA	NA	NA	NA	NA	NA	3	1	2
Y	1	11599999	2	2	0	1	h	1	NA	NA	NA	NA	2	0	2	NA	NA	NA	NA	NA	NA	NA	NA	NA	NA	NA	NA	NA	NA	NA	NA	NA	NA	NA	4	0	4
Y	11600000	13399999	2	2	0	1	h	1	NA	NA	NA	NA	2	0	2	NA	NA	NA	NA	NA	NA	NA	NA	NA	NA	NA	NA	NA	NA	NA	NA	NA	NA	NA	4	0	4
Y	13400000	59373565	2	2	0	1	h	1	NA	NA	NA	NA	2.106509	0	2.106509	NA	NA	NA	NA	NA	NA	NA	NA	NA	NA	NA	NA	NA	NA	NA	NA	NA	NA	NA	4	0	4
