chromosome	start	end	total_cn	major_cn	minor_cn	star	level	methods_agree	absolute_broad_major_cn	absolute_broad_minor_cn	absolute_broad_het_error	absolute_broad_cov_error	aceseq_copy_number	aceseq_minor_cn	aceseq_major_cn	battenberg_nMaj1_A	battenberg_nMin1_A	battenberg_frac1_A	battenberg_nMaj2_A	battenberg_nMin2_A	battenberg_frac2_A	battenberg_SDfrac_A	battenberg_SDfrac_A_BS	battenberg_frac1_A_0.025	battenberg_frac1_A_0.975	clonehd_copy_number	clonehd_minor_cn	clonehd_major_cn	sclust_nMaj1_A	sclust_nMin1_A	sclust_frac1_A	sclust_nMaj2_A	sclust_nMin2_A	sclust_frac2_A	jabba_copy_number	jabba_minor_cn	jabba_major_cn
1	10001	121499999	2	1	1	3	a	6	1	1	0.0437088096102	0.088046024358	2	1	1	1	1	1	NA	NA	NA	NA	NA	NA	NA	2	1	1	1	1	1	NA	NA	NA	2	1	1
1	121500000	128899999	2	1	1	3	b	5	1	1	0.05	0.1	2	1	1	1	1	1	NA	NA	NA	NA	NA	NA	NA	NA	NA	NA	1	1	1	NA	NA	NA	2	1	1
1	128900000	247247500	2	1	1	3	a	6	1	1	0.0429013855157	0.187780330263	2	1	1	1	1	1	NA	NA	NA	NA	NA	NA	NA	2	1	1	1	1	1	NA	NA	NA	2	1	1
1	247247501	249250620	2	1	1	3	b	5	NA	NA	NA	NA	2	1	1	1	1	1	NA	NA	NA	NA	NA	NA	NA	2	1	1	1	1	1	NA	NA	NA	2	1	1
2	55004	13149490	2	1	1	3	a	6	1	1	0.043210162307	0.0752882591602	2	1	1	1	1	1	NA	NA	NA	NA	NA	NA	NA	2	1	1	1	1	1	NA	NA	NA	2	1	1
2	13149491	13149589	2	1	1	3	b	5	1	1	0.05	0.1	2	1	1	1	1	1	NA	NA	NA	NA	NA	NA	NA	NA	NA	NA	1	1	1	NA	NA	NA	2	1	1
2	13149590	13289638	2	1	1	3	a	6	1	1	0.0302134641875	0.0867103535592	2	1	1	1	1	1	NA	NA	NA	NA	NA	NA	NA	2	1	1	1	1	1	NA	NA	NA	2	1	1
2	13289639	13316361	1	1	0	2	d	3	0	0	0.05	0.1	1.267346	0.07792128243	1.1894246	1	0	0.729429019369847	2	0	0.270570980630153	0.153795440043754	0.15631618006434	0.337903451321572	0.952704754474955	1	0	1	1	0	1	NA	NA	NA	1	0	1
2	13316362	15164885	2	1	1	3	a	6	1	1	0.0471562329775	0.0636289785313	2	1	1	1	1	1	NA	NA	NA	NA	NA	NA	NA	2	1	1	1	1	1	NA	NA	NA	2	1	1
2	15164886	15164912	2	1	1	3	b	5	1	1	0.05	0.1	2	1	1	1	1	1	NA	NA	NA	NA	NA	NA	NA	NA	NA	NA	1	1	1	NA	NA	NA	2	1	1
2	15164913	38747026	2	1	1	3	a	6	1	1	0.0411682116852	0.0710478275402	2	1	1	1	1	1	NA	NA	NA	NA	NA	NA	NA	2	1	1	1	1	1	NA	NA	NA	2	1	1
2	38747027	38747230	2	1	1	3	b	5	1	1	0.05	0.1	2	1	1	1	1	1	NA	NA	NA	NA	NA	NA	NA	NA	NA	NA	1	1	1	NA	NA	NA	2	1	1
2	38747231	90499999	2	1	1	3	a	6	1	1	0.0424181658779	0.072861594343	2	1	1	1	1	1	NA	NA	NA	NA	NA	NA	NA	2	1	1	1	1	1	NA	NA	NA	2	1	1
2	90500000	96799999	2	1	1	2	d	5	1	1	0.05	0.190362907648	1.850047	0.76998054696	1.0800665	1	1	1	NA	NA	NA	NA	NA	NA	NA	2	1	1	1	1	1	NA	NA	NA	2	1	1
2	96800000	101620864	2	1	1	3	a	6	1	1	0.0443105569027	0.100355229662	2	1	1	1	1	1	NA	NA	NA	NA	NA	NA	NA	2	1	1	1	1	1	NA	NA	NA	2	1	1
2	101620865	101620875	2	1	1	3	b	6	1	1	0.05	0.1	2	1	1	1	1	1	NA	NA	NA	NA	NA	NA	NA	1	0	1	1	1	1	NA	NA	NA	2	1	1
2	101620876	101623505	2	1	1	2	d	3	1	1	0.05	0.1	NA	NA	NA	1	1	1	NA	NA	NA	NA	NA	NA	NA	1	0	1	1	1	1	NA	NA	NA	NA	NA	NA
2	101623506	101623551	2	1	1	2	d	3	1	1	0.05	0.1	NA	NA	NA	1	1	1	NA	NA	NA	NA	NA	NA	NA	1	0	1	1	1	1	NA	NA	NA	NA	NA	NA
2	101623552	101623631	2	1	1	2	d	4	1	1	0.05	0.1	NA	NA	NA	1	1	1	NA	NA	NA	NA	NA	NA	NA	NA	NA	NA	1	1	1	NA	NA	NA	2	1	1
2	101623632	242985695	2	1	1	3	a	6	1	1	0.0424587097851	0.0725212258446	2	1	1	1	1	1	NA	NA	NA	NA	NA	NA	NA	2	1	1	1	1	1	NA	NA	NA	2	1	1
3	100074	40605791	2	1	1	3	a	6	1	1	0.0429368349752	0.0696763410718	2	1	1	1	1	1	NA	NA	NA	NA	NA	NA	NA	2	1	1	1	1	1	NA	NA	NA	2	1	1
3	40605792	42614969	1	1	0	3	a	6	1	0	0.0546916018921	0.0661122648856	1	0	1	1	0	1	NA	NA	NA	NA	NA	NA	NA	1	0	1	1	0	1	NA	NA	NA	1	0	1
3	42614970	70503850	2	1	1	3	a	6	1	1	0.0427665147003	0.0695802069594	2	1	1	1	1	1	NA	NA	NA	NA	NA	NA	NA	2	1	1	1	1	1	NA	NA	NA	2	1	1
3	70503851	72921774	1	1	0	2	d	5	1	0	0.067416020862	0.0581582529081	1.191042	0.13267917583	1.0583626	1	0	1	NA	NA	NA	NA	NA	NA	NA	1	0	1	1	0	1	NA	NA	NA	1	0	1
3	72921775	87899999	2	1	1	3	a	6	1	1	0.040157370709	0.0828200521084	2	1	1	1	1	1	NA	NA	NA	NA	NA	NA	NA	2	1	1	1	1	1	NA	NA	NA	2	1	1
3	87900000	93899999	2	1	1	3	a	6	1	1	0.040941306678	0.0700227630378	2	1	1	1	1	1	NA	NA	NA	NA	NA	NA	NA	2	1	1	1	1	1	NA	NA	NA	2	1	1
3	93900000	197847500	2	1	1	3	a	6	1	1	0.0418503981244	0.0725107322372	2	1	1	1	1	1	NA	NA	NA	NA	NA	NA	NA	2	1	1	1	1	1	NA	NA	NA	2	1	1
4	59541	48199999	2	1	1	3	a	6	1	1	0.0434311081497	0.0730795891318	2	1	1	1	1	1	NA	NA	NA	NA	NA	NA	NA	2	1	1	1	1	1	NA	NA	NA	2	1	1
4	48200000	52699999	2	1	1	3	a	6	1	1	0.0471257004169	0.184350978364	2	1	1	1	1	1	NA	NA	NA	NA	NA	NA	NA	2	1	1	1	1	1	NA	NA	NA	2	1	1
4	52700000	191154275	2	1	1	3	a	6	1	1	0.0418588611666	0.0712318504893	2	1	1	1	1	1	NA	NA	NA	NA	NA	NA	NA	2	1	1	1	1	1	NA	NA	NA	2	1	1
5	22500	849503	2	1	1	2	d	3	1	1	0.0351962419578	0.804367719472	2	1	1	NA	NA	NA	NA	NA	NA	NA	NA	NA	NA	NA	NA	NA	NA	NA	NA	NA	NA	NA	2	1	1
5	849504	46099999	2	1	1	3	a	6	1	1	0.0423121714926	0.0714562844228	2	1	1	1	1	1	NA	NA	NA	NA	NA	NA	NA	2	1	1	1	1	1	NA	NA	NA	2	1	1
5	46100000	50699999	2	1	1	3	a	6	1	1	0.0445198240316	0.0936061248374	2	1	1	1	1	1	NA	NA	NA	NA	NA	NA	NA	2	1	1	1	1	1	NA	NA	NA	2	1	1
5	50700000	145151931	2	1	1	3	a	6	1	1	0.041872992737	0.0696932079915	2	1	1	1	1	1	NA	NA	NA	NA	NA	NA	NA	2	1	1	1	1	1	NA	NA	NA	2	1	1
5	145151932	145151955	2	1	1	2	d	4	1	1	0.05	0.1	2	1	1	NA	NA	NA	NA	NA	NA	NA	NA	NA	NA	1	0	1	1	1	1	NA	NA	NA	2	1	1
5	145151956	145158773	1	1	0	2	d	2	0.55	0.55	0.05	0.1	NA	NA	NA	NA	NA	NA	NA	NA	NA	NA	NA	NA	NA	1	0	1	1	0	1	NA	NA	NA	NA	NA	NA
5	145158774	145861883	1	1	0	2	d	3	0.55	0.55	0.0587106932667	0.064236966513	1.224306	0.30575341176	0.9185525	1	0	0.763552686629609	1	1	0.236447313370391	0.0432260079367103	0.0428869492132299	0.649045743736336	0.816212418644719	1	0	1	1	0	1	NA	NA	NA	1	0	1
5	145861884	145862914	2	1	1	2	d	3	1	1	0.05	0.1	1.224306	0.30575341176	0.9185525	1	1	1	NA	NA	NA	NA	NA	NA	NA	NA	NA	NA	1	0	1	NA	NA	NA	2	1	1
5	145862915	174981584	2	1	1	3	a	6	1	1	0.0439039337801	0.0715059258266	2	1	1	1	1	1	NA	NA	NA	NA	NA	NA	NA	2	1	1	1	1	1	NA	NA	NA	2	1	1
5	174981585	174981806	2	1	1	2	d	3	NA	NA	NA	NA	2	1	1	NA	NA	NA	NA	NA	NA	NA	NA	NA	NA	1	0	1	1	1	1	NA	NA	NA	2	1	1
5	174981807	174991676	1	1	0	2	d	2	NA	NA	NA	NA	NA	NA	NA	NA	NA	NA	NA	NA	NA	NA	NA	NA	NA	1	0	1	1	0	1	NA	NA	NA	2	1	1
5	174991677	175109308	1	1	0	3	a	6	1	0	0.05	0.0587531972243	1	0	1	1	0	1	NA	NA	NA	NA	NA	NA	NA	1	0	1	1	0	1	NA	NA	NA	1	0	1
5	175109309	177299312	2	1	1	3	b	5	1	1	0.0473358077851	0.084156179128	2	1	1	1	1	1	NA	NA	NA	NA	NA	NA	NA	NA	NA	NA	1	1	1	NA	NA	NA	2	1	1
5	177299313	180689978	2	1	1	3	a	6	1	1	0.0503489132395	0.0773142016441	2	1	1	1	1	1	NA	NA	NA	NA	NA	NA	NA	2	1	1	1	1	1	NA	NA	NA	2	1	1
6	39681	202330	2	1	1	1	h	1	NA	NA	NA	NA	NA	NA	NA	NA	NA	NA	NA	NA	NA	NA	NA	NA	NA	NA	NA	NA	NA	NA	NA	NA	NA	NA	2	1	1
6	202331	58699999	2	1	1	3	a	6	1	1	0.0459619566782	0.0740838230743	2	1	1	1	1	1	NA	NA	NA	NA	NA	NA	NA	2	1	1	1	1	1	NA	NA	NA	2	1	1
6	58700000	64025594	NA	NA	NA	NA	NA	NA	1	1	0.0385388530021	0.0799129732148	2	1	1	1	1	1	NA	NA	NA	NA	NA	NA	NA	2	1	1	1	1	1	NA	NA	NA	2	1	1
6	64025595	97590020	1	1	0	2	d	4	1	0	0.0559839847199	0.0675900277732	1.307511	0.3152859335	0.9922247	1	0	0.783914091606404	1	1	0.216085908393596	0.00565293466363254	0.0055950386228576	0.761096519198242	0.782278349241646	1	0	1	1	0	1	NA	NA	NA	1	0	1
6	97590021	116559571	2	1	1	3	a	6	1	1	0.0420633118192	0.0687060165723	2	1	1	1	1	1	NA	NA	NA	NA	NA	NA	NA	2	1	1	1	1	1	NA	NA	NA	2	1	1
6	116559572	117847690	1	1	0	2	d	5	1	0	0.0614488513608	0.0644817372336	1.083409	0.13751450068	0.9458943	1	0	1	NA	NA	NA	NA	NA	NA	NA	1	0	1	1	0	1	NA	NA	NA	1	0	1
6	117847691	145794727	2	1	1	3	a	6	1	1	0.0410988025555	0.0688453499241	2	1	1	1	1	1	NA	NA	NA	NA	NA	NA	NA	2	1	1	1	1	1	NA	NA	NA	2	1	1
6	145794728	170849934	1	1	0	2	d	4	1	0	0.0579316887278	0.0663895784381	1.321339	0.32129820972	1.0000406	1	0	0.790501604981247	1	1	0.209498395018753	0.00624175593448167	0.00620977746949222	0.771109591325947	0.796409624752069	1	0	1	1	0	1	NA	NA	NA	1	0	1
7	40386	57999999	2	1	1	3	a	6	1	1	0.0442647910732	0.0747195315663	2	1	1	1	1	1	NA	NA	NA	NA	NA	NA	NA	2	1	1	1	1	1	NA	NA	NA	2	1	1
7	58000000	61699999	2	1	1	3	a	6	1	1	0.05	0.170826751968	2	1	1	1	1	1	NA	NA	NA	NA	NA	NA	NA	2	1	1	1	1	1	NA	NA	NA	2	1	1
7	61700000	158817500	2	1	1	3	a	6	1	1	0.0421221020344	0.0862563672762	2	1	1	1	1	1	NA	NA	NA	NA	NA	NA	NA	2	1	1	1	1	1	NA	NA	NA	2	1	1
8	10001	170011	1	1	0	2	d	4	1	0	0.05	0.1	NA	NA	NA	1	0	0.498416113800723	2	0	0.501583886199277	0.316795834189385	0.264501326369645	0.279292235444137	1.32856706469302	1	0	1	1	0	1	NA	NA	NA	1	0	1
8	170012	8877928	1	1	0	2	d	5	1	0	0.0638847074899	0.0812241858149	1.125253	0.14532622549	0.9799273	1	0	1	NA	NA	NA	NA	NA	NA	NA	1	0	1	1	0	1	NA	NA	NA	1	0	1
8	8877929	8883788	1	1	0	2	d	3	1	0	0.05	0.1	1.125253	0.14532622549	0.9799273	0	0	1	NA	NA	NA	NA	NA	NA	NA	1	0	1	1	0	1	NA	NA	NA	0	0	0
8	8883789	23190008	1	1	0	2	d	5	1	0	0.0601351366875	0.0672133332032	1.143363	0.16261157319	0.9807514	1	0	1	NA	NA	NA	NA	NA	NA	NA	1	0	1	1	0	1	NA	NA	NA	1	0	1
8	23190009	25191573	2	1	1	2	d	4	1	1	0.0442939224243	0.0685519360065	1.777862	0.88893088235	0.8889309	1	0	0.176822727430009	1	1	0.823177272569991	0.028367203872029	0.0284175264587253	0.151391282645703	0.263192415175405	2	1	1	1	1	1	NA	NA	NA	2	1	1
8	25191574	25194648	1	1	0	2	d	3	1	0	0.05	0.1	1.777862	0.88893088235	0.8889309	NA	NA	NA	NA	NA	NA	NA	NA	NA	NA	1	0	1	1	0	1	NA	NA	NA	2	1	1
8	25194649	43099999	1	1	0	2	d	4	1	0	0.0610457935748	0.0636034592208	1.189933	0.21724305382	0.9726899	1	0	0.874878780281106	1	1	0.125121219718894	0.00941026131968536	0.00919081860615033	0.857287805018748	0.892601949082411	1	0	1	1	0	1	NA	NA	NA	1	0	1
8	43100000	48099999	1	1	0	2	d	4	1	0	0.0599631872086	0.0952946752115	1.156996	0.22560261822	0.9313939	NA	NA	NA	NA	NA	NA	NA	NA	NA	NA	1	0	1	1	0	1	NA	NA	NA	1	0	1
8	48100000	53617029	1	1	0	2	d	4	1	0	0.0528341205487	0.0685031960058	1.230402	0.26660397059	0.9637978	1	0	0.833305449674368	1	1	0.166694550325632	0.0150805240277608	0.0148661931070892	0.803681795516674	0.8604393350102	1	0	1	1	0	1	NA	NA	NA	1	0	1
8	53617030	53617712	2	1	1	2	d	2	1	1	0.05	0.1	1.230402	0.26660397059	0.9637978	NA	NA	NA	NA	NA	NA	NA	NA	NA	NA	NA	NA	NA	1	0	1	NA	NA	NA	2	1	1
8	53617713	146364021	2	1	1	3	a	6	1	1	0.0414594411137	0.0714006936209	2	1	1	1	1	1	NA	NA	NA	NA	NA	NA	NA	2	1	1	1	1	1	NA	NA	NA	2	1	1
9	10001	220035	2	1	1	2	d	3	1	1	0.05	0.1	NA	NA	NA	2	2	1	NA	NA	NA	NA	NA	NA	NA	2	1	1	2	0	1	NA	NA	NA	2	1	1
9	220036	21730339	2	1	1	3	a	6	1	1	0.0434192161632	0.0711163832621	2	1	1	1	1	1	NA	NA	NA	NA	NA	NA	NA	2	1	1	1	1	1	NA	NA	NA	2	1	1
9	21730340	47299999	2	1	1	3	a	6	1	1	0.0415063149671	0.0974041610074	2	1	1	1	1	1	NA	NA	NA	NA	NA	NA	NA	2	1	1	1	1	1	NA	NA	NA	2	1	1
9	47300000	50699999	2	1	1	2	d	4	1	1	0.05	0.1	2	1	1	NA	NA	NA	NA	NA	NA	NA	NA	NA	NA	NA	NA	NA	1	1	1	NA	NA	NA	2	1	1
9	50700000	140267500	2	1	1	3	a	6	1	1	0.0433228649366	0.0726803766261	2	1	1	1	1	1	NA	NA	NA	NA	NA	NA	NA	2	1	1	1	1	1	NA	NA	NA	2	1	1
10	10001	130012	2	1	1	2	d	3	1	1	0.05	0.1	NA	NA	NA	2	2	1	NA	NA	NA	NA	NA	NA	NA	NA	NA	NA	1	1	1	NA	NA	NA	2	1	1
10	130013	37999999	2	1	1	3	a	6	1	1	0.0427737987433	0.0708329317248	2	1	1	1	1	1	NA	NA	NA	NA	NA	NA	NA	2	1	1	1	1	1	NA	NA	NA	2	1	1
10	38000000	42299999	2	1	1	3	b	5	1	1	0.05	0.102874056452	2	1	1	1	1	1	NA	NA	NA	NA	NA	NA	NA	2	1	1	NA	NA	NA	NA	NA	NA	2	1	1
10	42300000	135389924	2	1	1	3	a	6	1	1	0.0437015038741	0.0795248661973	2	1	1	1	1	1	NA	NA	NA	NA	NA	NA	NA	2	1	1	1	1	1	NA	NA	NA	2	1	1
11	20721	219974	2	1	1	2	d	3	1	1	0.05	0.1	NA	NA	NA	1	1	1	NA	NA	NA	NA	NA	NA	NA	NA	NA	NA	2	1	1	NA	NA	NA	2	1	1
11	219975	51599999	2	1	1	3	a	6	1	1	0.0442963201871	0.0778001021453	2	1	1	1	1	1	NA	NA	NA	NA	NA	NA	NA	2	1	1	1	1	1	NA	NA	NA	2	1	1
11	51600000	55699999	2	1	1	3	a	6	1	1	0.0298871104178	0.123777124303	2	1	1	1	1	1	NA	NA	NA	NA	NA	NA	NA	2	1	1	1	1	1	NA	NA	NA	2	1	1
11	55700000	134442500	2	1	1	3	a	6	1	1	0.0435030032327	0.0728576453543	2	1	1	1	1	1	NA	NA	NA	NA	NA	NA	NA	2	1	1	1	1	1	NA	NA	NA	2	1	1
12	110107	33299999	2	1	1	2	d	5	1	1	0.0433672082971	0.0815235869163	1.876608	0.93830382353	0.9383038	1	1	1	NA	NA	NA	NA	NA	NA	NA	2	1	1	1	1	1	NA	NA	NA	2	1	1
12	33300000	38199999	2	1	1	3	a	6	1	1	0.0426838928584	0.0815061834357	2	1	1	1	1	1	NA	NA	NA	NA	NA	NA	NA	2	1	1	1	1	1	NA	NA	NA	2	1	1
12	38200000	132342500	2	1	1	3	a	6	1	1	0.0424578652769	0.0709211748478	2	1	1	1	1	1	NA	NA	NA	NA	NA	NA	NA	2	1	1	1	1	1	NA	NA	NA	2	1	1
12	132342501	133851894	2	1	1	2	d	4	NA	NA	NA	NA	2	1	1	1	1	1	NA	NA	NA	NA	NA	NA	NA	3	1	2	1	1	1	NA	NA	NA	2	1	1
13	1	16299999	2	1	1	1	h	1	NA	NA	NA	NA	NA	NA	NA	NA	NA	NA	NA	NA	NA	NA	NA	NA	NA	NA	NA	NA	NA	NA	NA	NA	NA	NA	2	1	1
13	16300000	19499999	2	1	1	2	d	4	1	1	0.05	0.0838642001858	NA	NA	NA	1	1	1	NA	NA	NA	NA	NA	NA	NA	NA	NA	NA	1	1	1	NA	NA	NA	2	1	1
13	19500000	114137500	2	1	1	3	a	6	1	1	0.0422019686886	0.0698184406846	2	1	1	1	1	1	NA	NA	NA	NA	NA	NA	NA	2	1	1	1	1	1	NA	NA	NA	2	1	1
13	114137501	115019616	2	1	1	2	d	4	NA	NA	NA	NA	2	1	1	1	1	1	NA	NA	NA	NA	NA	NA	NA	1	0	1	1	1	1	NA	NA	NA	2	1	1
14	1	16099999	2	1	1	1	h	1	NA	NA	NA	NA	NA	NA	NA	NA	NA	NA	NA	NA	NA	NA	NA	NA	NA	NA	NA	NA	NA	NA	NA	NA	NA	NA	2	1	1
14	16100000	19099999	2	1	1	2	d	2	1	1	0.05	0.0591809916317	NA	NA	NA	NA	NA	NA	NA	NA	NA	NA	NA	NA	NA	NA	NA	NA	2	0	1	NA	NA	NA	2	1	1
14	19100000	106362500	2	1	1	3	a	6	1	1	0.0424543985284	0.0737321149097	2	1	1	1	1	1	NA	NA	NA	NA	NA	NA	NA	2	1	1	1	1	1	NA	NA	NA	2	1	1
15	1	15799999	2	1	1	1	h	1	NA	NA	NA	NA	NA	NA	NA	NA	NA	NA	NA	NA	NA	NA	NA	NA	NA	NA	NA	NA	NA	NA	NA	NA	NA	NA	2	1	1
15	15800000	20699999	2	1	1	2	d	3	1	1	0.05	0.0781712774642	NA	NA	NA	1	1	1	NA	NA	NA	NA	NA	NA	NA	NA	NA	NA	2	0	0.459779	1	0	0.540221	2	1	1
15	20700000	100332500	2	1	1	3	a	6	1	1	0.0431627758689	0.0776310303289	2	1	1	1	1	1	NA	NA	NA	NA	NA	NA	NA	2	1	1	1	1	1	NA	NA	NA	2	1	1
15	100332501	102399919	2	1	1	3	b	5	NA	NA	NA	NA	2	1	1	1	1	1	NA	NA	NA	NA	NA	NA	NA	2	1	1	1	1	1	NA	NA	NA	2	1	1
16	168923	169032	3	2	1	1	g	NA	NA	NA	NA	NA	NA	NA	NA	1	1	1	NA	NA	NA	NA	NA	NA	NA	1	0	1	2	1	1	NA	NA	NA	2	0	2
16	169033	175657	1	1	0	1	g	NA	NA	NA	NA	NA	NA	NA	NA	1	1	1	NA	NA	NA	NA	NA	NA	NA	1	0	1	1	0	1	NA	NA	NA	2	1	1
16	175658	458601	1	1	0	3	a	6	1	0	0.0655192063056	0.0710609243831	1	0	1	1	0	1	NA	NA	NA	NA	NA	NA	NA	1	0	1	1	0	1	NA	NA	NA	1	0	1
16	458602	464974	2	1	1	2	d	3	NA	NA	NA	NA	1	0	1	1	1	1	NA	NA	NA	NA	NA	NA	NA	1	0	1	1	1	1	NA	NA	NA	2	1	1
16	464975	465112	2	1	1	2	d	3	NA	NA	NA	NA	NA	NA	NA	1	1	1	NA	NA	NA	NA	NA	NA	NA	NA	NA	NA	1	1	1	NA	NA	NA	2	1	1
16	465113	34599999	2	1	1	3	a	6	1	1	0.0433797719605	0.084028091186	2	1	1	1	1	1	NA	NA	NA	NA	NA	NA	NA	2	1	1	1	1	1	NA	NA	NA	2	1	1
16	34600000	38599999	2	1	1	3	a	6	1	1	0.05	0.151971595017	2	1	1	1	1	1	NA	NA	NA	NA	NA	NA	NA	2	1	1	1	1	1	NA	NA	NA	2	1	1
16	38600000	70835446	2	1	1	3	a	6	1	1	0.0419443268588	0.0715267932594	2	1	1	1	1	1	NA	NA	NA	NA	NA	NA	NA	2	1	1	1	1	1	NA	NA	NA	2	1	1
16	70835447	72256909	1	1	0	3	a	6	1	0	0.0612235266498	0.070838373165	1	0	1	1	0	1	NA	NA	NA	NA	NA	NA	NA	1	0	1	1	0	1	NA	NA	NA	1	0	1
16	72256910	72498031	1	1	0	2	d	3	1	0	0.05	0.0634179699955	1	0	1	2	1	1	NA	NA	NA	NA	NA	NA	NA	NA	NA	NA	1	0	1	NA	NA	NA	2	0	2
16	72498032	73495964	1	1	0	2	d	5	1	0	0.0693354532601	0.0617783743404	1	0	1	1	0	0.820184089414858	2	0	0.179815910585142	0.054931663802546	0.0563680612253555	0.750445891543179	0.964451048375806	1	0	1	1	0	1	NA	NA	NA	1	0	1
16	73495965	88822500	2	1	1	3	a	6	1	1	0.0430671704841	0.075802464294	2	1	1	1	1	1	NA	NA	NA	NA	NA	NA	NA	2	1	1	1	1	1	NA	NA	NA	2	1	1
16	88822501	90354752	2	1	1	3	b	5	NA	NA	NA	NA	2	1	1	1	1	1	NA	NA	NA	NA	NA	NA	NA	2	1	1	1	1	1	NA	NA	NA	2	1	1
17	828	7356383	2	1	1	3	a	6	1	1	0.0460592038312	0.076377771312	2	1	1	1	1	1	NA	NA	NA	NA	NA	NA	NA	2	1	1	1	1	1	NA	NA	NA	2	1	1
17	7356384	7374999	1	1	0	1	g	NA	1	1	0.05	0.1	2	1	1	2	0	1	NA	NA	NA	NA	NA	NA	NA	1	0	1	1	0	1	NA	NA	NA	1	0	1
17	7375000	7671289	1	1	0	2	d	4	0	0	0.0632733158958	0.1	1.102836	0.05289905882	1.0499368	1	0	1	NA	NA	NA	NA	NA	NA	NA	1	0	1	1	0	1	NA	NA	NA	1	0	1
17	7671290	7800823	2	1	1	2	d	5	1	1	0.05	0.1	1.102836	0.05289905882	1.0499368	1	1	1	NA	NA	NA	NA	NA	NA	NA	2	1	1	1	1	1	NA	NA	NA	2	1	1
17	7800824	22199999	2	1	1	3	a	6	1	1	0.0462990331323	0.0747899238664	2	1	1	1	1	1	NA	NA	NA	NA	NA	NA	NA	2	1	1	1	1	1	NA	NA	NA	2	1	1
17	22200000	25799999	2	1	1	3	a	6	1	1	0.05	0.160791631766	2	1	1	1	1	1	NA	NA	NA	NA	NA	NA	NA	2	1	1	1	1	1	NA	NA	NA	2	1	1
17	25800000	50997896	2	1	1	3	a	6	1	1	0.0451231842909	0.0814971222983	2	1	1	1	1	1	NA	NA	NA	NA	NA	NA	NA	2	1	1	1	1	1	NA	NA	NA	2	1	1
17	50997897	51151281	1	1	0	2	d	5	0	0	0.0649263710089	0.0615514071507	1	0	1	1	0	1	NA	NA	NA	NA	NA	NA	NA	1	0	1	1	0	1	NA	NA	NA	1	0	1
17	51151282	75710829	2	1	1	3	a	6	1	1	0.0425980273943	0.0752545832641	2	1	1	1	1	1	NA	NA	NA	NA	NA	NA	NA	2	1	1	1	1	1	NA	NA	NA	2	1	1
17	75710830	76103566	1	1	0	2	d	5	1	0	0.0776025162981	0.0501557444196	1.170968	0.13694854022	1.0340191	1	0	1	NA	NA	NA	NA	NA	NA	NA	1	0	1	1	0	1	NA	NA	NA	1	0	1
17	76103567	76115841	1	1	0	2	f	2	1	0	0.05	0.1	1.170968	0.13694854022	1.0340191	2	2	1	NA	NA	NA	NA	NA	NA	NA	NA	NA	NA	1	1	1	NA	NA	NA	2	0	2
17	76115842	76116586	2	1	1	1	g	NA	NA	NA	NA	NA	NA	NA	NA	NA	NA	NA	NA	NA	NA	NA	NA	NA	NA	1	0	1	1	1	1	NA	NA	NA	2	0	2
17	76116587	76120288	2	1	1	1	g	NA	NA	NA	NA	NA	NA	NA	NA	2	1	1	NA	NA	NA	NA	NA	NA	NA	1	0	1	1	1	1	NA	NA	NA	2	0	2
17	76120289	76120602	2	1	1	1	g	NA	NA	NA	NA	NA	NA	NA	NA	NA	NA	NA	NA	NA	NA	NA	NA	NA	NA	NA	NA	NA	1	1	1	NA	NA	NA	2	0	2
17	76120603	79055512	2	1	1	3	b	6	1	1	0.0480427035668	0.0875728757048	2	1	1	1	1	1	NA	NA	NA	NA	NA	NA	NA	2	1	1	1	1	1	NA	NA	NA	2	0	2
17	79055513	79090913	2	1	1	2	d	3	NA	NA	NA	NA	2	1	1	1	1	1	NA	NA	NA	NA	NA	NA	NA	1	0	1	1	1	1	NA	NA	NA	1	0	1
17	79090914	79269938	1	1	0	2	d	3	NA	NA	NA	NA	1.162607	0.03293831202	1.1296687	1	0	1	NA	NA	NA	NA	NA	NA	NA	NA	NA	NA	1	0	1	NA	NA	NA	1	0	1
17	79269939	81195209	2	1	1	2	d	4	NA	NA	NA	NA	2	1	1	1	1	1	NA	NA	NA	NA	NA	NA	NA	2	1	1	1	1	1	NA	NA	NA	1	0	1
18	10001	130030	2	1	1	2	d	3	1	1	0.05	0.154365521964	NA	NA	NA	1	1	1	NA	NA	NA	NA	NA	NA	NA	NA	NA	NA	2	0	0.788137	2	1	0.211863	2	1	1
18	130031	15399999	2	1	1	3	a	6	1	1	0.0444307194584	0.0722751012772	2	1	1	1	1	1	NA	NA	NA	NA	NA	NA	NA	2	1	1	1	1	1	NA	NA	NA	2	1	1
18	15400000	18999999	2	1	1	3	a	6	1	1	0.05	0.117581585873	2	1	1	1	1	1	NA	NA	NA	NA	NA	NA	NA	2	1	1	1	1	1	NA	NA	NA	2	1	1
18	19000000	38112944	2	1	1	3	a	6	1	1	0.0405537585951	0.0692372694936	2	1	1	1	1	1	NA	NA	NA	NA	NA	NA	NA	2	1	1	1	1	1	NA	NA	NA	2	1	1
18	38112945	38131174	2	1	1	3	b	6	1	1	0.05	0.1	2	1	1	1	1	1	NA	NA	NA	NA	NA	NA	NA	1	0	1	1	1	1	NA	NA	NA	2	1	1
18	38131175	39346785	2	1	1	3	a	6	1	1	0.0313086423654	0.0657175019165	2	1	1	1	1	1	NA	NA	NA	NA	NA	NA	NA	2	1	1	1	1	1	NA	NA	NA	2	1	1
18	39346786	39474189	1	1	0	2	d	4	0	0	0.05	0.0689702303165	0.873278	0	0.8732776	1	0	1	NA	NA	NA	NA	NA	NA	NA	1	0	1	1	0	1	NA	NA	NA	1	0	1
18	39474190	76112500	2	1	1	3	a	6	1	1	0.0422561267682	0.0779763098436	2	1	1	1	1	1	NA	NA	NA	NA	NA	NA	NA	2	1	1	1	1	1	NA	NA	NA	2	1	1
18	76112501	78077247	2	1	1	2	d	4	NA	NA	NA	NA	1.899452	0.94972617647	0.9497262	1	1	1	NA	NA	NA	NA	NA	NA	NA	2	1	1	1	1	1	NA	NA	NA	2	1	1
19	102500	260136	2	1	1	2	d	3	NA	NA	NA	NA	NA	NA	NA	1	1	1	NA	NA	NA	NA	NA	NA	NA	NA	NA	NA	1	1	1	NA	NA	NA	2	1	1
19	260137	24399999	2	1	1	3	a	6	1	1	0.0462762191723	0.0814171048172	2	1	1	1	1	1	NA	NA	NA	NA	NA	NA	NA	2	1	1	1	1	1	NA	NA	NA	2	1	1
19	24400000	28599999	2	1	1	3	a	6	1	1	0.0343381709952	0.0815358092192	2	1	1	1	1	1	NA	NA	NA	NA	NA	NA	NA	2	1	1	1	1	1	NA	NA	NA	2	1	1
19	28600000	49011268	2	1	1	3	a	6	1	1	0.0437441777686	0.0860964091893	2	1	1	1	1	1	NA	NA	NA	NA	NA	NA	NA	2	1	1	1	1	1	NA	NA	NA	2	1	1
19	49011269	49702365	1	1	0	2	d	5	1	0	0.0754044108548	0.0504833704456	1	0	1	1	0	0.820184089414858	2	0	0.179815910585142	0.0575137944953101	0.0539723056491297	0.742158973792996	0.954876029912485	1	0	1	1	0	1	NA	NA	NA	1	0	1
19	49702366	49734767	2	1	1	2	d	4	NA	NA	NA	NA	1	0	1	1	1	1	NA	NA	NA	NA	NA	NA	NA	2	1	1	1	1	1	NA	NA	NA	2	1	1
19	49734768	49736768	2	1	1	2	d	3	NA	NA	NA	NA	NA	NA	NA	1	1	1	NA	NA	NA	NA	NA	NA	NA	1	0	1	1	1	1	NA	NA	NA	2	1	1
19	49736769	49740261	2	1	1	2	d	3	NA	NA	NA	NA	NA	NA	NA	1	1	1	NA	NA	NA	NA	NA	NA	NA	NA	NA	NA	1	1	1	NA	NA	NA	2	1	1
19	49740262	59128982	2	1	1	2	d	5	1	1	0.0473764878577	0.109020532092	2.106718	1.05335882353	1.0533588	1	1	1	NA	NA	NA	NA	NA	NA	NA	2	1	1	1	1	1	NA	NA	NA	2	1	1
20	20980	25599999	2	1	1	3	a	6	1	1	0.0432195185159	0.0691012292261	2	1	1	1	1	1	NA	NA	NA	NA	NA	NA	NA	2	1	1	1	1	1	NA	NA	NA	2	1	1
20	25600000	29399999	2	1	1	2	d	4	1	1	0.05	0.0618465991275	2	1	1	2	1	1	NA	NA	NA	NA	NA	NA	NA	NA	NA	NA	1	1	1	NA	NA	NA	2	1	1
20	29400000	62432500	2	1	1	3	a	6	1	1	0.0454303622432	0.0718336335206	2	1	1	1	1	1	NA	NA	NA	NA	NA	NA	NA	2	1	1	1	1	1	NA	NA	NA	2	1	1
21	1	9417499	NA	NA	NA	NA	NA	NA	1	1	0.05	0.1	NA	NA	NA	NA	NA	NA	NA	NA	NA	NA	NA	NA	NA	NA	NA	NA	2	0	1	NA	NA	NA	NA	NA	NA
21	9417500	10899999	NA	NA	NA	NA	NA	NA	1	1	0.05	0.186530869594	NA	NA	NA	NA	NA	NA	NA	NA	NA	NA	NA	NA	NA	NA	NA	NA	2	0	1	NA	NA	NA	NA	NA	NA
21	10900000	14299999	2	1	1	2	d	2	1	1	0.05	0.128066618099	NA	NA	NA	NA	NA	NA	NA	NA	NA	NA	NA	NA	NA	NA	NA	NA	1	1	1	NA	NA	NA	NA	NA	NA
21	14300000	38491057	2	1	1	3	b	5	1	1	0.0419605750978	0.0900260914685	2	1	1	1	1	1	NA	NA	NA	NA	NA	NA	NA	2	1	1	1	1	1	NA	NA	NA	NA	NA	NA
21	38491058	38492961	1	1	0	2	d	3	1	0	0.05	0.1	2	1	1	NA	NA	NA	NA	NA	NA	NA	NA	NA	NA	1	0	1	1	1	1	NA	NA	NA	1	0	1
21	38492962	38964997	1	1	0	2	d	5	1	0	0.0514296902988	0.0697300011525	1.104112	0.0941152461	1.0099965	1	0	1	NA	NA	NA	NA	NA	NA	NA	1	0	1	1	0	1	NA	NA	NA	1	0	1
21	38964998	39819988	2	1	1	2	d	5	1	1	0.052558371943	0.0772822695887	2	1	1	1	1	0.81826902604346	2	1	0.18173097395654	0.0463764021412149	0.0475025218755673	0.760388663328346	0.939276041923519	2	1	1	1	1	1	NA	NA	NA	2	1	1
21	39819989	42879996	1	1	0	3	a	6	1	0	0.0644581663245	0.0722750148777	1	0	1	1	0	1	NA	NA	NA	NA	NA	NA	NA	1	0	1	1	0	1	NA	NA	NA	1	0	1
21	42879997	46937500	2	1	1	3	b	6	1	1	0.0488671901244	0.0781008128041	2	1	1	1	1	1	NA	NA	NA	NA	NA	NA	NA	2	1	1	1	1	1	NA	NA	NA	2	0	2
21	46937501	48129894	2	1	1	2	d	4	NA	NA	NA	NA	2	1	1	1	1	1	NA	NA	NA	NA	NA	NA	NA	2	1	1	1	1	1	NA	NA	NA	2	0	2
22	1	12199999	2	1	1	1	h	1	NA	NA	NA	NA	NA	NA	NA	NA	NA	NA	NA	NA	NA	NA	NA	NA	NA	NA	NA	NA	NA	NA	NA	NA	NA	NA	2	1	1
22	12200000	17899999	2	1	1	3	a	6	1	1	0.0507303841422	0.101142442581	2	1	1	1	1	1	NA	NA	NA	NA	NA	NA	NA	2	1	1	1	1	1	NA	NA	NA	2	1	1
22	17900000	29065969	2	1	1	3	a	6	1	1	0.048207766437	0.0922267568748	2	1	1	1	1	1	NA	NA	NA	NA	NA	NA	NA	2	1	1	1	1	1	NA	NA	NA	2	1	1
22	29065970	31874109	2	1	1	2	d	5	1	1	0.0458108479728	0.0700839268478	1.884197	0.94209823529	0.9420982	1	1	1	NA	NA	NA	NA	NA	NA	NA	2	1	1	1	1	1	NA	NA	NA	2	1	1
22	31874110	34188330	1	1	0	3	a	6	1	0	0.0601670451292	0.0604821222284	1	0	1	1	0	1	NA	NA	NA	NA	NA	NA	NA	1	0	1	1	0	1	NA	NA	NA	1	0	1
22	34188331	34443860	2	1	1	2	d	5	1	1	0.0337359039826	0.0799637044415	1.84737	0.923685	0.923685	1	1	1	NA	NA	NA	NA	NA	NA	NA	2	1	1	1	1	1	NA	NA	NA	2	1	1
22	34443861	36066812	1	1	0	3	a	6	1	0	0.0586414443182	0.0680649828004	1	0	1	1	0	1	NA	NA	NA	NA	NA	NA	NA	1	0	1	1	0	1	NA	NA	NA	1	0	1
22	36066813	36068760	1	1	0	2	d	4	NA	NA	NA	NA	1	0	1	1	0	0.305421074651846	1	1	0.694578925348154	NA	0	0.305421074651846	0.305421074651846	1	0	1	1	0	1	NA	NA	NA	1	0	1
22	36068761	36068914	2	1	1	1	g	NA	NA	NA	NA	NA	NA	NA	NA	NA	NA	NA	NA	NA	NA	NA	NA	NA	NA	NA	NA	NA	1	1	1	NA	NA	NA	1	0	1
22	36068915	36071352	2	1	1	2	d	2	NA	NA	NA	NA	NA	NA	NA	NA	NA	NA	NA	NA	NA	NA	NA	NA	NA	NA	NA	NA	1	1	1	NA	NA	NA	2	1	1
22	36071353	36071456	2	1	1	2	d	2	NA	NA	NA	NA	NA	NA	NA	NA	NA	NA	NA	NA	NA	NA	NA	NA	NA	NA	NA	NA	1	1	1	NA	NA	NA	2	1	1
22	36071457	42534641	2	1	1	3	a	6	1	1	0.0472303389417	0.0856636407905	2	1	1	1	1	1	NA	NA	NA	NA	NA	NA	NA	2	1	1	1	1	1	NA	NA	NA	2	1	1
22	42534642	43510949	1	1	0	2	d	5	1	0	0.0655255103609	0.166198173288	1	0	1	1	0	0.75078315349808	2	0	0.24921684650192	0.0743017394725042	0.0723259439555895	0.688968800165768	0.97364667413344	1	0	1	1	0	1	NA	NA	NA	1	0	1
22	43510950	43561213	2	1	1	1	g	NA	1	1	0.05	0.1	1	0	1	2	0	1	NA	NA	NA	NA	NA	NA	NA	NA	NA	NA	1	1	1	NA	NA	NA	1	0	1
22	43561214	49687500	2	1	1	3	a	6	1	1	0.0488496712553	0.0833561907826	2	1	1	1	1	1	NA	NA	NA	NA	NA	NA	NA	2	1	1	1	1	1	NA	NA	NA	2	1	1
22	49687501	51304565	2	1	1	2	d	4	NA	NA	NA	NA	1.853891	0.92694529412	0.9269453	1	1	1	NA	NA	NA	NA	NA	NA	NA	2	1	1	1	1	1	NA	NA	NA	2	1	1
X	1	58099999	1	1	0	3	a	3	1	0	0.0460907899095	0.0977313002029	1	0	1	NA	NA	NA	NA	NA	NA	NA	NA	NA	NA	1	0	1	NA	NA	NA	NA	NA	NA	2	1	1
X	58100000	62999999	1	1	0	2	d	2	0.23	0	0.05	0.163326765512	1	0	1	NA	NA	NA	NA	NA	NA	NA	NA	NA	NA	1	0	1	NA	NA	NA	NA	NA	NA	2	1	1
X	63000000	111563220	1	1	0	3	a	3	1	0	0.05	0.0926165721977	1	0	1	NA	NA	NA	NA	NA	NA	NA	NA	NA	NA	1	0	1	NA	NA	NA	NA	NA	NA	2	1	1
X	111563221	111610580	1	1	0	2	d	2	1	0	0.05	0.1	0.259614	0	0.259614	NA	NA	NA	NA	NA	NA	NA	NA	NA	NA	1	0	1	NA	NA	NA	NA	NA	NA	2	1	1
X	111610581	155270559	1	1	0	3	a	3	1	0	0.05	0.0931587874905	1	0	1	NA	NA	NA	NA	NA	NA	NA	NA	NA	NA	1	0	1	NA	NA	NA	NA	NA	NA	2	1	1
Y	1	11599999	1	1	0	1	h	1	NA	NA	NA	NA	1	0	1	NA	NA	NA	NA	NA	NA	NA	NA	NA	NA	NA	NA	NA	NA	NA	NA	NA	NA	NA	4	0	4
Y	11600000	13399999	1	1	0	1	h	1	NA	NA	NA	NA	1	0	1	NA	NA	NA	NA	NA	NA	NA	NA	NA	NA	NA	NA	NA	NA	NA	NA	NA	NA	NA	4	0	4
Y	13400000	59373565	1	1	0	1	h	1	NA	NA	NA	NA	1	0	1	NA	NA	NA	NA	NA	NA	NA	NA	NA	NA	NA	NA	NA	NA	NA	NA	NA	NA	NA	4	0	4
