chromosome	start	end	total_cn	major_cn	minor_cn	star	level	methods_agree	absolute_broad_major_cn	absolute_broad_minor_cn	absolute_broad_het_error	absolute_broad_cov_error	aceseq_copy_number	aceseq_minor_cn	aceseq_major_cn	battenberg_nMaj1_A	battenberg_nMin1_A	battenberg_frac1_A	battenberg_nMaj2_A	battenberg_nMin2_A	battenberg_frac2_A	battenberg_SDfrac_A	battenberg_SDfrac_A_BS	battenberg_frac1_A_0.025	battenberg_frac1_A_0.975	clonehd_copy_number	clonehd_minor_cn	clonehd_major_cn	sclust_nMaj1_A	sclust_nMin1_A	sclust_frac1_A	sclust_nMaj2_A	sclust_nMin2_A	sclust_frac2_A	jabba_copy_number	jabba_minor_cn	jabba_major_cn
1	1	22063044	1	1	0	2	d	5	1.07	0	0.0660352577107	0.243563288393	1	0	1	1	0	1	NA	NA	NA	NA	NA	NA	NA	1	0	1	1	0	1	NA	NA	NA	1	0	1
1	22063045	28931478	2	1	1	2	d	5	1.07	1.07	0.0428767983681	0.277812024005	2	1	1	1	1	1	NA	NA	NA	NA	NA	NA	NA	2	1	1	1	1	1	NA	NA	NA	2	1	1
1	28931479	29090189	2	1	1	2	d	4	NA	NA	NA	NA	2	1	1	1	1	1	NA	NA	NA	NA	NA	NA	NA	NA	NA	NA	1	1	1	NA	NA	NA	2	1	1
1	29090190	45250114	2	1	1	2	d	5	1.05	1.05	0.0412637420089	0.283792656475	2	1	1	1	1	1	NA	NA	NA	NA	NA	NA	NA	2	1	1	1	1	1	NA	NA	NA	2	1	1
1	45250115	45305611	2	1	1	2	e	3	1.05	1.05	0.05	0.1	2	1	1	2	0	1	NA	NA	NA	NA	NA	NA	NA	1	0	1	1	1	1	NA	NA	NA	1	0	1
1	45305612	63951371	2	1	1	2	d	5	1.05	1.05	0.0409966909426	0.31063083883	2	1	1	1	1	1	NA	NA	NA	NA	NA	NA	NA	2	1	1	1	1	1	NA	NA	NA	2	1	1
1	63951372	64760846	1	1	0	3	a	6	1	0	0.0655166363887	0.142549869176	1	0	1	1	0	1	NA	NA	NA	NA	NA	NA	NA	1	0	1	1	0	1	NA	NA	NA	1	0	1
1	64760847	109035334	2	1	1	3	a	6	1	1	0.0412234870796	0.271790357411	2	1	1	1	1	1	NA	NA	NA	NA	NA	NA	NA	2	1	1	1	1	1	NA	NA	NA	2	1	1
1	109035335	116060681	1	1	0	3	a	6	1	0	0.0611389360525	0.154636760467	1	0	1	1	0	1	NA	NA	NA	NA	NA	NA	NA	1	0	1	1	0	1	NA	NA	NA	1	0	1
1	116060682	116162949	3	2	1	1	g	NA	NA	NA	NA	NA	1	0	1	10	1	1	NA	NA	NA	NA	NA	NA	NA	5	2	3	2	1	1	NA	NA	NA	7	0	7
1	116162950	116165132	3	2	1	1	g	NA	NA	NA	NA	NA	NA	NA	NA	NA	NA	NA	NA	NA	NA	NA	NA	NA	NA	NA	NA	NA	2	1	1	NA	NA	NA	7	0	7
1	116165133	116491569	3	2	1	2	d	4	2	1	0.0452888213042	0.385429909055	3.08988	1.124733101	1.96514692	1	1	0.125214952093765	2	1	0.874785047906235	0.0427121358197301	0.0437592288577515	0.0137284206735698	0.185570509458959	3	1	2	2	1	1	NA	NA	NA	3	1	2
1	116491570	116564187	3	2	1	2	d	3	2	1	0.05	0.21836456984	3.08988	1.124733101	1.96514692	2	1	1	NA	NA	NA	NA	NA	NA	NA	NA	NA	NA	3	1	0.0626866	2	1	0.937313	3	1	2
1	116564188	116702019	3	2	1	1	g	NA	2	0	0.05	0.267766355293	NA	NA	NA	1	1	1	NA	NA	NA	NA	NA	NA	NA	2	1	1	3	1	0.0626866	2	1	0.937313	2	0	2
1	116702020	116705499	2	2	0	2	d	2	2	0	0.05	0.1	NA	NA	NA	NA	NA	NA	NA	NA	NA	NA	NA	NA	NA	NA	NA	NA	3	1	0.0626866	2	1	0.937313	2	0	2
1	116705500	116718434	2	2	0	2	d	2	2	0	0.05	0.1	NA	NA	NA	3	1	1	NA	NA	NA	NA	NA	NA	NA	NA	NA	NA	3	1	0.0626866	2	1	0.937313	2	0	2
1	116718435	119826722	1	1	0	3	a	6	1	0	0.0738851537502	0.167787407836	1	0	1	1	0	1	NA	NA	NA	NA	NA	NA	NA	1	0	1	1	0	1	NA	NA	NA	1	0	1
1	119826723	119826741	1	1	0	2	d	3	NA	NA	NA	NA	1	0	1	NA	NA	NA	NA	NA	NA	NA	NA	NA	NA	NA	NA	NA	1	0	1	NA	NA	NA	1	0	1
1	119826742	119828562	1	1	0	1	g	NA	4	1	0.05	0.1	NA	NA	NA	3	1	1	NA	NA	NA	NA	NA	NA	NA	3	1	2	1	0	1	NA	NA	NA	3	1	2
1	119828563	120526202	5	4	1	2	d	5	4	1	0.0397165597034	0.508474380103	4.800475	1.019127901	3.78134745	4	1	1	NA	NA	NA	NA	NA	NA	NA	5	1	4	4	1	1	NA	NA	NA	5	1	4
1	120526203	120735600	4	3	1	2	d	2	NA	NA	NA	NA	4.800475	1.019127901	3.78134745	3	1	1	NA	NA	NA	NA	NA	NA	NA	NA	NA	NA	2	0	0.479712	2	1	0.520288	4	1	3
1	120735601	128899999	NA	NA	NA	NA	NA	NA	NA	NA	NA	NA	NA	NA	NA	1	0	1	NA	NA	NA	NA	NA	NA	NA	1	0	1	2	0	0.479712	2	1	0.520288	2	0	2
1	128900000	143495001	2	2	0	2	f	2	NA	NA	NA	NA	NA	NA	NA	NA	NA	NA	NA	NA	NA	NA	NA	NA	NA	1	0	1	2	0	0.479712	2	1	0.520288	2	0	2
1	143495002	144895819	2	2	0	2	f	2	NA	NA	NA	NA	NA	NA	NA	NA	NA	NA	NA	NA	NA	NA	NA	NA	NA	1	0	1	2	0	0.479712	2	1	0.520288	2	0	2
1	144895820	144920086	6	4	2	2	d	2	4	2	0.05	0.1	NA	NA	NA	3	1	0.425224065575501	3	2	0.574775934424499	NA	0	0.425224065575501	0.425224065575501	NA	NA	NA	3	1	1	NA	NA	NA	6	2	4
1	144920087	149751801	4	3	1	2	d	5	2	0.67	0.0467770697343	0.646764461614	4	1	3	3	1	1	NA	NA	NA	NA	NA	NA	NA	4	1	3	3	1	1	NA	NA	NA	4	1	3
1	149751802	182958484	4	3	1	2	d	5	2.38	0.8	0.0456639002982	0.368368205784	4	1	3	3	1	1	NA	NA	NA	NA	NA	NA	NA	4	1	3	3	1	1	NA	NA	NA	4	1	3
1	182958485	183006946	4	3	1	2	e	2	2.33	0.8	0.05	0.1	4	1	3	2	1	0.548992365886084	3	1	0.451007634113916	NA	0	0.548992365886084	0.548992365886084	3	1	2	3	1	1	NA	NA	NA	3	1	2
1	183006947	192782256	4	3	1	2	d	4	2.33	0.8	0.0461287965674	0.358221755272	3.91702	1.017848348	2.8991717	3	1	1	NA	NA	NA	NA	NA	NA	NA	4	1	3	3	1	1	NA	NA	NA	4	1	3
1	192782257	192783608	4	3	1	2	d	3	2.33	0.8	0.05	0.1	3.91702	1.017848348	2.8991717	3	1	1	NA	NA	NA	NA	NA	NA	NA	NA	NA	NA	3	1	1	NA	NA	NA	4	1	3
1	192783609	196720461	4	3	1	2	d	5	2.33	0.8	0.0499941955478	0.372338074111	4	1	3	3	1	1	NA	NA	NA	NA	NA	NA	NA	4	1	3	3	1	1	NA	NA	NA	4	1	3
1	196720462	231274550	4	3	1	2	d	4	2.43	0.8	0.0454863326533	0.389828601292	3.900647	1.002216507	2.89843007	3	1	1	NA	NA	NA	NA	NA	NA	NA	4	1	3	3	1	1	NA	NA	NA	4	1	3
1	231274551	231274589	3	2	1	2	f	3	1.58	0.85	0.05	0.1	3.900647	1.002216507	2.89843007	NA	NA	NA	NA	NA	NA	NA	NA	NA	NA	NA	NA	NA	3	1	1	NA	NA	NA	3	1	2
1	231274590	239244901	3	2	1	2	d	3	1.58	0.85	0.0535449582088	0.295321315606	2.86361	1.006288218	1.85732217	1	1	0.116777961843706	2	1	0.883222038156294	0.00707158402540674	0.00680834865461711	0.115865053373477	0.143009384734901	3	1	2	2	1	1	NA	NA	NA	3	1	2
1	239244902	239906544	2	1	1	2	d	4	0.75	0.75	0.035524520278	0.186212440053	2	1	1	1	0	0.0793519799906068	1	1	0.920648020009393	0.0206760729163357	0.0197395858814448	0.0588301314178065	0.135380005785883	2	1	1	1	1	1	NA	NA	NA	2	1	1
1	239906545	247249600	3	2	1	2	d	3	1.58	0.85	0.0563358994334	0.304343803096	2.744307	0.953533105	1.79077353	1	1	0.100677560106478	2	1	0.899322439893522	0.00908410954946489	0.00868099194119508	0.102288276285334	0.136503582588617	3	1	2	2	1	1	NA	NA	NA	3	1	2
1	247249601	249250620	3	2	1	2	d	3	NA	NA	NA	NA	2.693088	0.94740806	1.7456801	1	1	0.160204485735438	2	1	0.839795514264562	0.0211596709708856	0.0204420026218074	0.127295442899797	0.207784742958181	3	1	2	2	1	1	NA	NA	NA	3	1	2
2	23257	30318797	1	1	0	2	d	5	1.07	0	0.0648170814854	0.18351667844	1	0	1	1	0	1	NA	NA	NA	NA	NA	NA	NA	1	0	1	1	0	1	NA	NA	NA	1	0	1
2	30318798	88018887	2	1	1	2	d	5	1.05	1.05	0.0408615345865	0.281306952535	2	1	1	1	1	1	NA	NA	NA	NA	NA	NA	NA	2	1	1	1	1	1	NA	NA	NA	2	1	1
2	88018888	90499999	1	1	0	2	d	5	1.1	0	0.0694675283782	0.345794953394	1	0	1	1	0	1	NA	NA	NA	NA	NA	NA	NA	1	0	1	1	0	1	NA	NA	NA	1	0	1
2	90500000	96799999	1	1	0	2	d	4	1.1	0	0.05	0.324009140694	1	0	1	NA	NA	NA	NA	NA	NA	NA	NA	NA	NA	1	0	1	1	0	1	NA	NA	NA	1	0	1
2	96800000	190598049	1	1	0	2	d	5	1.1	0	0.0635211575604	0.202771539656	1	0	1	1	0	1	NA	NA	NA	NA	NA	NA	NA	1	0	1	1	0	1	NA	NA	NA	1	0	1
2	190598050	190659623	0	0	0	2	d	3	0	0	0.05	0.0825258549003	0.322714	0.049168778	0.27354536	0	0	0.845924754371614	1	0	0.154075245628386	0.0412709923971681	0.0505388306546411	0.677292258306812	0.868683802877053	1	0	1	0	0	1	NA	NA	NA	0	0	0
2	190659624	242951000	1	1	0	2	d	5	1.15	0	0.0628831983394	0.19653758811	1	0	1	1	0	1	NA	NA	NA	NA	NA	NA	NA	1	0	1	1	0	1	NA	NA	NA	1	0	1
3	100074	47666957	2	1	1	2	d	5	1.07	1.07	0.0411966511535	0.311111388124	2	1	1	1	1	1	NA	NA	NA	NA	NA	NA	NA	2	1	1	1	1	1	NA	NA	NA	2	1	1
3	47666958	47880233	1	1	0	3	a	6	1	0	0.05	0.138196322771	1	0	1	1	0	1	NA	NA	NA	NA	NA	NA	NA	1	0	1	1	0	1	NA	NA	NA	1	0	1
3	47880234	87899999	2	1	1	3	a	6	1	1	0.0408636708474	0.264164646044	2	1	1	1	1	1	NA	NA	NA	NA	NA	NA	NA	2	1	1	1	1	1	NA	NA	NA	2	1	1
3	87900000	93899999	2	1	1	3	a	6	1	1	0.0390348476616	0.291316123336	2	1	1	1	1	1	NA	NA	NA	NA	NA	NA	NA	2	1	1	1	1	1	NA	NA	NA	2	1	1
3	93900000	170185765	2	1	1	3	a	6	1	1	0.040986683308	0.27525850131	2	1	1	1	1	1	NA	NA	NA	NA	NA	NA	NA	2	1	1	1	1	1	NA	NA	NA	2	1	1
3	170185766	170232690	1	1	0	2	d	4	1	0	0.05	0.1	2	1	1	1	0	1	NA	NA	NA	NA	NA	NA	NA	1	0	1	1	1	1	NA	NA	NA	1	0	1
3	170232691	197847500	2	1	1	3	a	6	1	1	0.0413791223585	0.287512684006	2	1	1	1	1	1	NA	NA	NA	NA	NA	NA	NA	2	1	1	1	1	1	NA	NA	NA	2	1	1
4	40024	61486	1	1	0	2	d	2	1.07	0	0.05	0.1	NA	NA	NA	NA	NA	NA	NA	NA	NA	NA	NA	NA	NA	1	0	1	NA	NA	NA	NA	NA	NA	1	0	1
4	61487	1009201	1	1	0	2	d	5	1.07	0	0.066208543557	0.200911469985	1	0	1	1	0	1	NA	NA	NA	NA	NA	NA	NA	1	0	1	1	0	1	NA	NA	NA	1	0	1
4	1009202	1821699	2	2	0	2	d	3	2.25	0	0.0393458122512	0.362704303757	1.887512	0.025482155	1.86202985	2	0	1	NA	NA	NA	NA	NA	NA	NA	1	0	1	2	0	1	NA	NA	NA	2	0	2
4	1821700	48199999	1	1	0	2	d	5	1.15	0	0.0641644242594	0.207783384394	1	0	1	1	0	1	NA	NA	NA	NA	NA	NA	NA	1	0	1	1	0	1	NA	NA	NA	1	0	1
4	48200000	52699999	1	1	0	2	d	4	1.15	0	0.0582333021666	0.811783922542	1	0	1	NA	NA	NA	NA	NA	NA	NA	NA	NA	NA	1	0	1	1	0	1	NA	NA	NA	1	0	1
4	52700000	104915198	1	1	0	2	d	5	1.15	0	0.0640743506334	0.191335225684	1	0	1	1	0	1	NA	NA	NA	NA	NA	NA	NA	1	0	1	1	0	1	NA	NA	NA	1	0	1
4	104915199	104915471	1	1	0	2	d	5	1.15	0	0.05	0.1	1	0	1	1	0	1	NA	NA	NA	NA	NA	NA	NA	1	0	1	1	0	1	NA	NA	NA	1	0	1
4	104915472	191154275	1	1	0	2	d	5	1.15	0	0.0631435088849	0.196667471021	1	0	1	1	0	1	NA	NA	NA	NA	NA	NA	NA	1	0	1	1	0	1	NA	NA	NA	1	0	1
5	40162	850202	3	2	1	2	d	3	1.69	0.8	0.0605113168927	0.651237779129	2.375149	0.73093328	1.64421599	NA	NA	NA	NA	NA	NA	NA	NA	NA	NA	3	1	2	2	1	1	NA	NA	NA	3	1	2
5	850203	24125011	3	2	1	2	d	4	1.69	0.8	0.0568849238335	0.322762889919	2.606833	0.841589846	1.76524279	2	1	1	NA	NA	NA	NA	NA	NA	NA	3	1	2	2	1	1	NA	NA	NA	3	1	2
5	24125012	24126233	3	2	1	2	d	2	1.69	0.8	0.05	0.1	2.606833	0.841589846	1.76524279	NA	NA	NA	NA	NA	NA	NA	NA	NA	NA	NA	NA	NA	2	1	1	NA	NA	NA	3	1	2
5	24126234	24133552	3	2	1	2	d	3	1.69	0.8	0.05	0.1	NA	NA	NA	1	1	0.609344098507789	2	1	0.390655901492211	0.127529748237196	0.113350229884309	0.491623247284612	0.926504597634197	3	1	2	2	1	1	NA	NA	NA	3	1	2
5	24133553	46099999	3	2	1	2	d	4	1.69	0.8	0.0578225142604	0.312299075054	2.671659	0.862140109	1.80951872	2	1	1	NA	NA	NA	NA	NA	NA	NA	3	1	2	2	1	1	NA	NA	NA	3	1	2
5	46100000	50699999	NA	NA	NA	NA	NA	NA	1.15	0	0.0622212936708	0.409734794747	1.495813	0.102202382	1.39361112	NA	NA	NA	NA	NA	NA	NA	NA	NA	NA	1	0	1	1	0	1	NA	NA	NA	2	0	2
5	50700000	60039693	1	1	0	2	d	5	1.15	0	0.063907282801	0.170261773718	1	0	1	1	0	1	NA	NA	NA	NA	NA	NA	NA	1	0	1	1	0	1	NA	NA	NA	1	0	1
5	60039694	60042679	1	1	0	2	d	5	1.15	0	0.05	0.1	1	0	1	1	0	1	NA	NA	NA	NA	NA	NA	NA	1	0	1	1	0	1	NA	NA	NA	1	0	1
5	60042680	169500179	1	1	0	2	d	5	1.15	0	0.0637194643601	0.25655711608	1	0	1	1	0	1	NA	NA	NA	NA	NA	NA	NA	1	0	1	1	0	1	NA	NA	NA	1	0	1
5	169500180	179056651	2	1	1	2	d	5	1.25	1.25	0.0405953755752	0.326912852214	2	1	1	1	1	1	NA	NA	NA	NA	NA	NA	NA	2	1	1	1	1	1	NA	NA	NA	2	1	1
5	179056652	179132778	1	1	0	2	d	3	1.25	1.25	0.05	0.1	2	1	1	1	0	1	NA	NA	NA	NA	NA	NA	NA	NA	NA	NA	1	0	1	NA	NA	NA	1	0	1
5	179132779	180715810	2	1	1	2	d	5	1.25	1.25	0.041922310867	0.353187938433	2	1	1	1	1	1	NA	NA	NA	NA	NA	NA	NA	2	1	1	1	1	1	NA	NA	NA	2	1	1
6	39681	209979	2	1	1	2	f	2	0.93	0.93	0.05	0.1	NA	NA	NA	NA	NA	NA	NA	NA	NA	NA	NA	NA	NA	NA	NA	NA	NA	NA	NA	NA	NA	NA	2	1	1
6	209980	2010033	2	1	1	2	d	4	0.93	0.93	0.041517634418	0.261275555931	1.854735	0.927367585	0.92736758	1	1	1	NA	NA	NA	NA	NA	NA	NA	2	1	1	1	1	1	NA	NA	NA	2	1	1
6	2010034	4328755	1	1	0	3	a	6	1	0	0.0642799560836	0.143099266375	1	0	1	1	0	1	NA	NA	NA	NA	NA	NA	NA	1	0	1	1	0	1	NA	NA	NA	1	0	1
6	4328756	6761665	3	2	1	2	d	5	1.74	0.9	0.0552427954085	0.295837147631	3	1	2	2	1	1	NA	NA	NA	NA	NA	NA	NA	3	1	2	2	1	1	NA	NA	NA	3	1	2
6	6761666	7241769	1	1	0	3	a	6	1	0	0.070461235019	0.163020095503	1	0	1	1	0	1	NA	NA	NA	NA	NA	NA	NA	1	0	1	1	0	1	NA	NA	NA	1	0	1
6	7241770	27642576	3	2	1	2	d	5	1.74	0.85	0.0537114027692	0.311861624151	3	1	2	2	1	1	NA	NA	NA	NA	NA	NA	NA	3	1	2	2	1	1	NA	NA	NA	3	1	2
6	27642577	27710115	2	1	1	3	a	6	1	1	0.05	0.1	2	1	1	1	1	1	NA	NA	NA	NA	NA	NA	NA	2	1	1	1	1	1	NA	NA	NA	2	1	1
6	27710116	27710488	2	1	1	2	d	3	NA	NA	NA	NA	2	1	1	NA	NA	NA	NA	NA	NA	NA	NA	NA	NA	NA	NA	NA	1	1	1	NA	NA	NA	2	1	1
6	27710489	27746254	3	2	1	2	d	5	1.58	1	0.05	0.1	3	1	2	2	1	1	NA	NA	NA	NA	NA	NA	NA	3	1	2	2	1	1	NA	NA	NA	3	1	2
6	27746255	31448925	2	1	1	2	d	5	0.8	0.8	0.0610386108897	0.242360673237	2	1	1	1	1	1	NA	NA	NA	NA	NA	NA	NA	2	1	1	1	1	1	NA	NA	NA	2	1	1
6	31448926	31462079	3	2	1	2	d	3	0.8	0.8	0.05	0.1	2	1	1	2	1	1	NA	NA	NA	NA	NA	NA	NA	1	0	1	2	1	1	NA	NA	NA	3	1	2
6	31462080	31465020	2	1	1	2	e	3	0.8	0.8	0.05	0.1	NA	NA	NA	1	1	1	NA	NA	NA	NA	NA	NA	NA	1	0	1	2	1	1	NA	NA	NA	2	1	1
6	31465021	31478066	3	2	1	2	d	3	0.8	0.8	0.05	0.1	NA	NA	NA	2	1	1	NA	NA	NA	NA	NA	NA	NA	1	0	1	2	1	1	NA	NA	NA	3	1	2
6	31478067	31489620	2	1	1	2	e	3	0.8	0.8	0.05	0.1	NA	NA	NA	1	1	1	NA	NA	NA	NA	NA	NA	NA	1	0	1	2	1	1	NA	NA	NA	2	1	1
6	31489621	31505422	3	2	1	2	d	4	2	1	0.05	0.1	NA	NA	NA	2	1	1	NA	NA	NA	NA	NA	NA	NA	1	0	1	2	1	1	NA	NA	NA	3	1	2
6	31505423	31505444	3	2	1	2	d	4	2	1	0.05	0.1	NA	NA	NA	2	1	1	NA	NA	NA	NA	NA	NA	NA	1	0	1	2	1	1	NA	NA	NA	3	1	2
6	31505445	31555930	3	2	1	2	d	4	2	1	0.05	0.1	3.255399	1.103690359	2.1517087	2	1	1	NA	NA	NA	NA	NA	NA	NA	NA	NA	NA	2	1	1	NA	NA	NA	3	1	2
6	31555931	34136099	2	1	1	2	d	4	0.9	0.9	0.0684782137218	0.266144999872	2.156011	1.07800574	1.07800574	1	1	1	NA	NA	NA	NA	NA	NA	NA	2	1	1	1	1	1	NA	NA	NA	2	1	1
6	34136100	34220351	2	1	1	2	e	3	0.9	0.9	0.05	0.1	2.156011	1.07800574	1.07800574	1	0	0.577105309022581	1	1	0.422894690977419	NA	0	0.577105309022581	0.577105309022581	NA	NA	NA	1	1	1	NA	NA	NA	3	1	2
6	34220352	36031588	2	1	1	2	d	4	0.9	0.9	0.0361767339911	0.361649911189	2.131914	1.065956845	1.06595684	1	1	1	NA	NA	NA	NA	NA	NA	NA	2	1	1	1	1	1	NA	NA	NA	2	1	1
6	36031589	36170164	3	2	1	2	d	3	1.74	0.93	0.05	0.302693230339	3.253261	1.147490705	2.10577005	2	1	1	NA	NA	NA	NA	NA	NA	NA	4	1	3	2	1	1	NA	NA	NA	3	1	2
6	36170165	36172708	3	2	1	2	d	3	1.74	0.93	0.05	0.1	3.253261	1.147490705	2.10577005	2	1	1	NA	NA	NA	NA	NA	NA	NA	NA	NA	NA	2	1	1	NA	NA	NA	3	1	2
6	36172709	36174064	3	2	1	2	d	2	1.74	0.93	0.05	0.1	NA	NA	NA	2	1	1	NA	NA	NA	NA	NA	NA	NA	NA	NA	NA	2	1	1	NA	NA	NA	NA	NA	NA
6	36174065	36174462	3	2	1	2	d	2	1.74	0.93	0.05	0.1	NA	NA	NA	2	1	1	NA	NA	NA	NA	NA	NA	NA	NA	NA	NA	2	1	1	NA	NA	NA	NA	NA	NA
6	36174463	37329426	3	2	1	2	d	4	1.74	0.93	0.0500290300393	0.293904247031	3.15351	1.10467224	2.04883774	2	1	1	NA	NA	NA	NA	NA	NA	NA	3	1	2	2	1	1	NA	NA	NA	3	1	2
6	37329427	40651801	2	1	1	2	d	5	0.93	0.93	0.0446420050009	0.223271220723	2	1	1	1	1	1	NA	NA	NA	NA	NA	NA	NA	2	1	1	1	1	1	NA	NA	NA	2	1	1
6	40651802	40770441	3	2	1	2	d	4	1.74	1	0.0375863532879	0.386846882115	2.876609	0.967757022	1.90885228	2	1	1	NA	NA	NA	NA	NA	NA	NA	3	1	2	2	1	1	NA	NA	NA	3	1	2
6	40770442	42599850	2	1	1	3	a	6	1	1	0.0439550908344	0.237451812063	2	1	1	1	1	1	NA	NA	NA	NA	NA	NA	NA	2	1	1	1	1	1	NA	NA	NA	2	1	1
6	42599851	42599863	2	1	1	2	d	2	NA	NA	NA	NA	2	1	1	NA	NA	NA	NA	NA	NA	NA	NA	NA	NA	NA	NA	NA	1	1	1	NA	NA	NA	3	1	2
6	42599864	42673392	3	2	1	2	d	4	2	1	0.05	0.288729957746	3.267193	1.095510204	2.1716828	2	1	1	NA	NA	NA	NA	NA	NA	NA	4	1	3	2	1	1	NA	NA	NA	3	1	2
6	42673393	51263338	2	1	1	2	d	5	0.93	0.93	0.0421770421903	0.240253901131	2	1	1	1	1	1	NA	NA	NA	NA	NA	NA	NA	2	1	1	1	1	1	NA	NA	NA	2	1	1
6	51263339	54185398	3	2	1	2	d	5	1.74	0.93	0.0540106743814	0.291438443311	3	1	2	2	1	1	NA	NA	NA	NA	NA	NA	NA	3	1	2	2	1	1	NA	NA	NA	3	1	2
6	54185399	58699999	2	1	1	3	a	6	1	1	0.0375387146145	0.219878262881	2	1	1	1	1	1	NA	NA	NA	NA	NA	NA	NA	2	1	1	1	1	1	NA	NA	NA	2	1	1
6	58700000	63299999	2	1	1	3	a	6	1	1	0.039762395256	0.414586891985	2	1	1	1	1	1	NA	NA	NA	NA	NA	NA	NA	2	1	1	1	1	1	NA	NA	NA	2	1	1
6	63300000	81523184	2	1	1	3	a	6	1	1	0.0383081174918	0.276890986975	2	1	1	1	1	1	NA	NA	NA	NA	NA	NA	NA	2	1	1	1	1	1	NA	NA	NA	2	1	1
6	81523185	81525959	2	1	1	1	g	NA	NA	NA	NA	NA	2	1	1	2	1	1	NA	NA	NA	NA	NA	NA	NA	1	0	1	1	1	1	NA	NA	NA	3	1	2
6	81525960	81675244	4	3	1	3	a	6	3	1	0.05	0.661952785485	4	1	3	3	1	1	NA	NA	NA	NA	NA	NA	NA	4	1	3	3	1	1	NA	NA	NA	4	1	3
6	81675245	82994927	3	2	1	3	a	6	2	1	0.0580210423206	0.337630248508	3	1	2	2	1	1	NA	NA	NA	NA	NA	NA	NA	3	1	2	2	1	1	NA	NA	NA	3	1	2
6	82994928	83235888	2	1	1	3	a	6	1	1	0.0487325706596	0.261049454892	2	1	1	1	1	1	NA	NA	NA	NA	NA	NA	NA	2	1	1	1	1	1	NA	NA	NA	2	1	1
6	83235889	84092514	3	2	1	3	a	6	2	1	0.0492976458141	0.28527875872	3	1	2	2	1	1	NA	NA	NA	NA	NA	NA	NA	3	1	2	2	1	1	NA	NA	NA	3	1	2
6	84092515	105655087	2	1	1	3	a	6	1	1	0.0410622760166	0.24907551545	2	1	1	1	1	1	NA	NA	NA	NA	NA	NA	NA	2	1	1	1	1	1	NA	NA	NA	2	1	1
6	105655088	107125659	3	2	1	3	a	6	2	1	0.0516850965528	0.29831639252	3	1	2	2	1	1	NA	NA	NA	NA	NA	NA	NA	3	1	2	2	1	1	NA	NA	NA	3	1	2
6	107125660	107313976	4	2	2	2	d	5	2	2	0.0266439837409	0.369476360507	4.111643	2.055821645	2.05582165	2	2	1	NA	NA	NA	NA	NA	NA	NA	4	2	2	2	2	1	NA	NA	NA	4	2	2
6	107313977	111122671	3	2	1	3	a	6	2	1	0.0558253081811	0.335038775119	3	1	2	2	1	1	NA	NA	NA	NA	NA	NA	NA	3	1	2	2	1	1	NA	NA	NA	3	1	2
6	111122672	138827661	2	1	1	3	a	6	1	1	0.0396757418743	0.238928662355	2	1	1	1	1	1	NA	NA	NA	NA	NA	NA	NA	2	1	1	1	1	1	NA	NA	NA	2	1	1
6	138827662	138828448	2	1	1	2	d	2	1	0.67	0.05	0.1	2	1	1	1	0	0.122867581920935	1	1	0.877132418079065	NA	0	0.122867581920935	0.122867581920935	NA	NA	NA	1	0	0.328486	1	1	0.671514	2	1	1
6	138828449	170921585	2	1	1	2	d	2	1	0.67	0.060353508933	0.233330634599	1.655557	0.666111534	0.98944502	1	0	0.338568447959914	1	1	0.661431552040086	0.00212025009986946	0.00213020004223803	0.327884998865705	0.335976650712871	2	1	1	1	0	0.328486	1	1	0.671514	2	1	1
7	1	68368	2	1	1	2	f	2	0.93	0.93	0.05	0.1	NA	NA	NA	NA	NA	NA	NA	NA	NA	NA	NA	NA	NA	NA	NA	NA	NA	NA	NA	NA	NA	NA	2	1	1
7	68369	57999999	2	1	1	2	d	5	0.93	0.93	0.0415209426628	0.244266037222	2	1	1	1	1	1	NA	NA	NA	NA	NA	NA	NA	2	1	1	1	1	1	NA	NA	NA	2	1	1
7	58000000	61699999	2	1	1	2	d	4	0.75	0.75	0.05	0.224442564663	2	1	1	1	1	1	NA	NA	NA	NA	NA	NA	NA	NA	NA	NA	1	1	1	NA	NA	NA	2	1	1
7	61700000	158821400	2	1	1	3	a	6	1	1	0.0417962089441	0.292351559754	2	1	1	1	1	1	NA	NA	NA	NA	NA	NA	NA	2	1	1	1	1	1	NA	NA	NA	2	1	1
8	10001	155686	3	2	1	2	d	2	NA	NA	NA	NA	NA	NA	NA	NA	NA	NA	NA	NA	NA	NA	NA	NA	NA	NA	NA	NA	2	1	1	NA	NA	NA	3	1	2
8	155687	23583411	3	2	1	3	a	6	2	1	0.0544914236682	0.438202767058	3	1	2	2	1	1	NA	NA	NA	NA	NA	NA	NA	3	1	2	2	1	1	NA	NA	NA	3	1	2
8	23583412	41052819	2	1	1	2	d	5	0.95	0.95	0.040672632905	0.291579820709	2	1	1	1	1	1	NA	NA	NA	NA	NA	NA	NA	2	1	1	1	1	1	NA	NA	NA	2	1	1
8	41052820	43099999	3	2	1	2	d	5	1.58	0.85	0.0540050773838	0.313834309099	3	1	2	2	1	1	NA	NA	NA	NA	NA	NA	NA	3	1	2	2	1	1	NA	NA	NA	3	1	2
8	43100000	48814851	NA	NA	NA	NA	NA	NA	1.25	0.62	0.05	0.869428627339	3.629053	1.140644915	2.48840846	NA	NA	NA	NA	NA	NA	NA	NA	NA	NA	4	1	3	2	1	1	NA	NA	NA	3	1	2
8	48814852	48814890	2	1	1	2	f	2	1.25	0.62	0.05	0.1	3.629053	1.140644915	2.48840846	NA	NA	NA	NA	NA	NA	NA	NA	NA	NA	NA	NA	NA	2	1	1	NA	NA	NA	2	1	1
8	48814891	48828347	2	1	1	2	f	2	1.25	0.62	0.05	0.1	NA	NA	NA	1	1	0.653736814586452	2	1	0.346263185413548	NA	0	0.653736814586452	0.653736814586452	NA	NA	NA	2	1	1	NA	NA	NA	2	1	1
8	48828348	48828429	2	1	1	2	f	2	1.25	0.62	0.05	0.1	NA	NA	NA	NA	NA	NA	NA	NA	NA	NA	NA	NA	NA	NA	NA	NA	2	1	1	NA	NA	NA	2	1	1
8	48828430	48833947	3	2	1	2	d	2	1.25	0.62	0.05	0.1	NA	NA	NA	NA	NA	NA	NA	NA	NA	NA	NA	NA	NA	3	1	2	2	1	1	NA	NA	NA	NA	NA	NA
8	48833948	59139992	3	2	1	2	d	5	1.25	0.62	0.0535746791191	0.298088540235	3	1	2	2	1	1	NA	NA	NA	NA	NA	NA	NA	3	1	2	2	1	1	NA	NA	NA	3	1	2
8	59139993	59144911	3	2	1	2	d	5	1.25	0.62	0.05	0.1	3	1	2	2	1	1	NA	NA	NA	NA	NA	NA	NA	3	1	2	2	1	1	NA	NA	NA	3	1	2
8	59144912	116542718	3	2	1	2	d	5	1.25	0.62	0.0543134319064	0.237414837201	3	1	2	2	1	1	NA	NA	NA	NA	NA	NA	NA	3	1	2	2	1	1	NA	NA	NA	3	1	2
8	116542719	116561396	5	3	2	2	e	1	1.25	0.62	0.05	0.1	3	1	2	2	2	0.54859502515085	3	2	0.45140497484915	0.132230235148759	0.109613157845079	0.539271752404299	0.964838065056595	4	2	2	2	1	1	NA	NA	NA	4	2	2
8	116561397	128259757	3	2	1	2	d	5	1.25	0.62	0.0525532534301	0.274304612247	3	1	2	2	1	1	NA	NA	NA	NA	NA	NA	NA	3	1	2	2	1	1	NA	NA	NA	3	1	2
8	128259758	128330577	5	3	2	2	d	5	2	1	0.05	0.383478037316	5	2	3	3	2	1	NA	NA	NA	NA	NA	NA	NA	5	2	3	3	2	1	NA	NA	NA	5	2	3
8	128330578	128624149	4	2	2	2	d	4	1.2	1.2	0.0436817728845	0.223752330108	4.117279	2.058639375	2.05863937	2	2	1	NA	NA	NA	NA	NA	NA	NA	4	2	2	2	2	1	NA	NA	NA	4	2	2
8	128624150	128846875	5	3	2	2	d	5	2	1	0.0489282328643	0.238810670601	5	2	3	3	2	1	NA	NA	NA	NA	NA	NA	NA	5	2	3	3	2	1	NA	NA	NA	5	2	3
8	128846876	145623688	3	2	1	2	d	5	1.25	0.62	0.0537314783168	0.266122053989	3	1	2	2	1	1	NA	NA	NA	NA	NA	NA	NA	3	1	2	2	1	1	NA	NA	NA	3	1	2
8	145623689	145739400	2	1	1	2	d	4	0.67	0.67	0.05	0.207596747695	2	1	1	1	1	1	NA	NA	NA	NA	NA	NA	NA	NA	NA	NA	1	1	1	NA	NA	NA	2	1	1
9	10001	203936	3	2	1	2	d	2	3	3	0.05	0.1	NA	NA	NA	NA	NA	NA	NA	NA	NA	NA	NA	NA	NA	NA	NA	NA	2	1	1	NA	NA	NA	3	1	2
9	203937	14079944	3	2	1	2	d	5	2.43	1.2	0.0535051840122	0.465400514089	3	1	2	2	1	1	NA	NA	NA	NA	NA	NA	NA	3	1	2	2	1	1	NA	NA	NA	3	1	2
9	14079945	14315653	2	1	1	2	d	4	1.25	1.25	0.038261402525	0.291170653654	2.114619	1.057309535	1.05730954	1	1	1	NA	NA	NA	NA	NA	NA	NA	2	1	1	1	1	1	NA	NA	NA	2	1	1
9	14315654	19520018	3	2	1	2	d	5	2.38	1.2	0.0552729118183	0.414196646853	3	1	2	2	1	1	NA	NA	NA	NA	NA	NA	NA	3	1	2	2	1	1	NA	NA	NA	3	1	2
9	19520019	36236636	2	2	0	2	d	5	2.38	0	0.0402748880661	0.308327033908	2	0	2	2	0	1	NA	NA	NA	NA	NA	NA	NA	2	0	2	2	0	1	NA	NA	NA	2	0	2
9	36236637	36274219	2	2	0	2	d	4	2.38	0	0.05	0.1	2	0	2	3	0	1	NA	NA	NA	NA	NA	NA	NA	2	0	2	2	0	1	NA	NA	NA	2	0	2
9	36274220	36630002	2	2	0	2	d	5	2.38	0	0.0284316920767	0.323206305468	2	0	2	2	0	1	NA	NA	NA	NA	NA	NA	NA	2	0	2	2	0	1	NA	NA	NA	2	0	2
9	36630003	43165601	1	1	0	2	d	4	1.15	0	0.0601017124239	0.426570778024	1	0	1	1	0	1	NA	NA	NA	NA	NA	NA	NA	1	0	1	1	0	1	NA	NA	NA	2	0	2
9	43165602	45757202	2	2	0	1	g	NA	NA	NA	NA	NA	1	0	1	3	0	1	NA	NA	NA	NA	NA	NA	NA	1	0	1	2	0	1	NA	NA	NA	2	0	2
9	45757203	47299999	1	1	0	2	d	2	NA	NA	NA	NA	NA	NA	NA	NA	NA	NA	NA	NA	NA	NA	NA	NA	NA	1	0	1	1	0	1	NA	NA	NA	2	0	2
9	47300000	50699999	1	1	0	2	d	2	NA	NA	NA	NA	NA	NA	NA	NA	NA	NA	NA	NA	NA	NA	NA	NA	NA	1	0	1	1	0	1	NA	NA	NA	2	0	2
9	50700000	84866535	1	1	0	2	d	4	1.07	0	0.0627548539359	0.32360132778	1	0	1	1	0	1	NA	NA	NA	NA	NA	NA	NA	1	0	1	1	0	1	NA	NA	NA	2	0	2
9	84866536	84866689	1	1	0	3	b	5	NA	NA	NA	NA	1	0	1	1	0	1	NA	NA	NA	NA	NA	NA	NA	1	0	1	1	0	1	NA	NA	NA	1	0	1
9	84866690	84959169	1	1	0	2	d	4	1.1	0	0.05	0.165534253918	NA	NA	NA	1	0	1	NA	NA	NA	NA	NA	NA	NA	1	0	1	1	0	1	NA	NA	NA	1	0	1
9	84959170	84959476	1	1	0	2	d	3	1.1	0	0.05	0.1	NA	NA	NA	0	0	0.662960400187907	1	0	0.337039599812093	NA	0	0.662960400187907	0.662960400187907	1	0	1	1	0	1	NA	NA	NA	1	0	1
9	84959477	90215339	1	1	0	2	d	5	1.1	0	0.0629806205883	0.159933849561	1	0	1	1	0	1	NA	NA	NA	NA	NA	NA	NA	1	0	1	1	0	1	NA	NA	NA	1	0	1
9	90215340	90219067	1	1	0	2	d	3	1.1	0	0.05	0.1	1	0	1	0	0	1	NA	NA	NA	NA	NA	NA	NA	1	0	1	1	0	1	NA	NA	NA	0	0	0
9	90219068	140715321	1	1	0	2	d	5	1.1	0	0.0645974525174	0.25416776004	1	0	1	1	0	1	NA	NA	NA	NA	NA	NA	NA	1	0	1	1	0	1	NA	NA	NA	1	0	1
9	140715322	140727632	1	1	0	1	g	NA	NA	NA	NA	NA	1	0	1	2	0	1	NA	NA	NA	NA	NA	NA	NA	NA	NA	NA	1	0	1	NA	NA	NA	500	0	500
10	98087	16905860	4	2	2	2	d	3	1.74	1.74	0.0374544472379	0.396439323892	3.778078	1.8890391	1.8890391	2	1	0.144516464606404	2	2	0.855483535393596	0.00314099638950244	0.00330964028062844	0.138019582441208	0.151319734773435	4	2	2	2	2	1	NA	NA	NA	4	2	2
10	16905861	16906143	4	2	2	2	d	2	1.74	1.74	0.05	0.1	3.778078	1.8890391	1.8890391	2	1	0.144516464606404	2	2	0.855483535393596	0.00314099638950244	0.00330964028062844	0.138019582441208	0.151319734773435	NA	NA	NA	2	2	1	NA	NA	NA	4	2	2
10	16906144	37999999	4	2	2	2	d	3	1.74	1.74	0.0343051968943	0.399920962622	3.816626	1.908313215	1.90831322	2	1	0.144516464606404	2	2	0.855483535393596	0.00314099638950244	0.00330964028062844	0.138019582441208	0.151319734773435	4	2	2	2	2	1	NA	NA	NA	4	2	2
10	38000000	42420187	NA	NA	NA	NA	NA	NA	1.58	1.58	0.0355125808498	0.541528086363	3.489535	1.74476746	1.74476746	NA	NA	NA	NA	NA	NA	NA	NA	NA	NA	4	2	2	2	2	1	NA	NA	NA	2	1	1
10	42420188	42650189	2	1	1	2	d	2	0.67	0.67	0.05	0.356102400627	1.735113	0.786574293	0.94853903	1	0	0.31366530987418	1	1	0.68633469012582	0.0319759238144212	0.0314419680654347	0.250193837224614	0.37387395892535	2	1	1	1	0	0.262629	1	1	0.737371	2	1	1
10	42650190	42756989	1	1	0	2	d	4	1	0	0.05	0.340671557715	1.735113	0.786574293	0.94853903	1	0	1	NA	NA	NA	NA	NA	NA	NA	1	0	1	1	0	1	NA	NA	NA	2	1	1
10	42756990	44430011	2	1	1	2	d	4	1	1	0.0418770280151	0.292564384689	1.779563	0.88978156	0.88978156	1	0	0.149368432923491	1	1	0.850631567076509	0.00967349570864449	0.0099389588124467	0.131803472149047	0.171614788730056	2	1	1	1	1	1	NA	NA	NA	2	1	1
10	44430012	44463234	3	2	1	2	d	2	2	1	0.05	0.1	1.779563	0.88978156	0.88978156	1	1	0.322863104080172	2	1	0.677136895919829	0.1420939767952	0.12199134733819	0.279866313932279	0.748797856662545	3	1	2	2	1	0.71317	1	1	0.28683	2	1	1
10	44463235	44637109	2	1	1	2	d	4	1	1	0.0467941800666	0.257617665487	1.811097	0.810042225	1.00105505	1	0	0.227882609203787	1	1	0.772117390796213	0.0228842641153579	0.0235672807399994	0.144970780524961	0.235774925775325	2	1	1	1	1	1	NA	NA	NA	2	1	1
10	44637110	89525280	1	1	0	2	d	5	1.1	0	0.0636959622437	0.185866729931	1	0	1	1	0	1	NA	NA	NA	NA	NA	NA	NA	1	0	1	1	0	1	NA	NA	NA	1	0	1
10	89525281	89722442	0	0	0	3	b	6	0	0	0.0690472817906	0.0635940621203	0	0	0	0	0	1	NA	NA	NA	NA	NA	NA	NA	1	0	1	0	0	1	NA	NA	NA	0	0	0
10	89722443	135389924	1	1	0	2	d	5	1.05	0	0.0644415454985	0.189703941166	1	0	1	1	0	1	NA	NA	NA	NA	NA	NA	NA	1	0	1	1	0	1	NA	NA	NA	1	0	1
11	20721	197336	1	1	0	1	g	NA	NA	NA	NA	NA	NA	NA	NA	NA	NA	NA	NA	NA	NA	NA	NA	NA	NA	1	0	1	1	0	0.702488	1	1	0.297512	2	1	1
11	197337	547696	2	1	1	2	d	4	1	1	0.118010059926	0.311348986298	2	1	1	1	1	0.947098680006264	2	1	0.0529013199937359	0.0282939178688794	0.0292342625807274	0.880057128604256	0.996850542325021	1	0	1	1	1	1	NA	NA	NA	2	1	1
11	547697	965527	1	1	0	3	b	5	1	0	0.05	0.176592337667	1	0	1	1	0	1	NA	NA	NA	NA	NA	NA	NA	NA	NA	NA	1	0	1	NA	NA	NA	1	0	1
11	965528	51599999	2	1	1	3	a	6	1	1	0.0428323155001	0.277966412823	2	1	1	1	1	1	NA	NA	NA	NA	NA	NA	NA	2	1	1	1	1	1	NA	NA	NA	2	1	1
11	51600000	55699999	2	1	1	3	a	6	1	1	0.0427966970049	1.52326606754	2	1	1	1	1	1	NA	NA	NA	NA	NA	NA	NA	2	1	1	1	1	1	NA	NA	NA	2	1	1
11	55700000	62585438	2	1	1	3	a	6	1	1	0.0406134957879	0.278745852286	2	1	1	1	1	1	NA	NA	NA	NA	NA	NA	NA	2	1	1	1	1	1	NA	NA	NA	2	1	1
11	62585439	62704201	2	1	1	2	d	5	1	1	0.05	0.1	2	1	1	1	1	0.659305709174509	2	1	0.340694290825491	0.074953332708761	0.0687024697913957	0.630064844578048	0.900814777215547	2	1	1	1	1	1	NA	NA	NA	2	1	1
11	62704202	66919406	2	1	1	2	d	5	1	1	0.0427201907736	0.279030088936	2.149172	1.074585755	1.07458575	1	1	1	NA	NA	NA	NA	NA	NA	NA	2	1	1	1	1	1	NA	NA	NA	2	1	1
11	66919407	67200590	1	1	0	2	d	2	NA	NA	NA	NA	2.149172	1.074585755	1.07458575	1	0	1	NA	NA	NA	NA	NA	NA	NA	NA	NA	NA	1	1	1	NA	NA	NA	1	0	1
11	67200591	81513710	2	1	1	2	d	5	0.85	0.85	0.0406395722499	0.259818486616	2	1	1	1	1	1	NA	NA	NA	NA	NA	NA	NA	2	1	1	1	1	1	NA	NA	NA	2	1	1
11	81513711	81527136	3	2	1	2	d	4	0.85	0.85	0.05	0.1	2	1	1	2	1	1	NA	NA	NA	NA	NA	NA	NA	3	1	2	2	1	1	NA	NA	NA	3	1	2
11	81527137	134452200	2	1	1	2	d	5	0.85	0.85	0.0414371629113	0.228064654242	2	1	1	1	1	1	NA	NA	NA	NA	NA	NA	NA	2	1	1	1	1	1	NA	NA	NA	2	1	1
12	110107	11864953	2	1	1	3	a	6	1	1	0.0416792496773	0.275168559606	2	1	1	1	1	1	NA	NA	NA	NA	NA	NA	NA	2	1	1	1	1	1	NA	NA	NA	2	1	1
12	11864954	12212245	4	3	1	2	d	4	3.07	1	0.0485512245028	0.416922076369	4.206323	1.085496056	3.12082673	3	1	1	NA	NA	NA	NA	NA	NA	NA	4	1	3	3	1	1	NA	NA	NA	4	1	3
12	12212246	33299999	2	1	1	3	a	6	1	1	0.0432632951167	0.249980669708	2	1	1	1	1	1	NA	NA	NA	NA	NA	NA	NA	2	1	1	1	1	1	NA	NA	NA	2	1	1
12	33300000	38199999	2	1	1	3	a	6	1	1	0.0406441008236	0.385405558074	2	1	1	1	1	1	NA	NA	NA	NA	NA	NA	NA	2	1	1	1	1	1	NA	NA	NA	2	1	1
12	38200000	132349400	2	1	1	3	a	6	1	1	0.0420807808137	0.255488955455	2	1	1	1	1	1	NA	NA	NA	NA	NA	NA	NA	2	1	1	1	1	1	NA	NA	NA	2	1	1
12	132349401	133851894	2	1	1	3	b	5	NA	NA	NA	NA	2	1	1	1	1	1	NA	NA	NA	NA	NA	NA	NA	2	1	1	1	1	1	NA	NA	NA	2	1	1
13	1	16299999	1	1	0	1	h	1	NA	NA	NA	NA	NA	NA	NA	NA	NA	NA	NA	NA	NA	NA	NA	NA	NA	NA	NA	NA	NA	NA	NA	NA	NA	NA	1	0	1
13	16300000	19499999	1	1	0	2	d	3	1.05	0	0.05	0.509464058236	NA	NA	NA	1	0	1	NA	NA	NA	NA	NA	NA	NA	NA	NA	NA	1	0	1	NA	NA	NA	1	0	1
13	19500000	48854779	1	1	0	2	d	4	1.05	0	0.0648143516151	0.172534931143	1	0	1	1	0	1	NA	NA	NA	NA	NA	NA	NA	NA	NA	NA	1	0	1	NA	NA	NA	1	0	1
13	48854780	48895155	1	1	0	1	g	NA	0	0	0.05	0.1	1	0	1	0	0	0.928263131049169	1	0	0.0717368689508305	0.0418725165676136	0.0442337582914039	0.803495722640613	0.976133837127667	NA	NA	NA	1	0	1	NA	NA	NA	0	0	0
13	48895156	92689093	1	1	0	2	d	4	1.1	0	0.0616651637605	0.179506625951	1	0	1	1	0	1	NA	NA	NA	NA	NA	NA	NA	NA	NA	NA	1	0	1	NA	NA	NA	1	0	1
13	92689094	94185737	2	2	0	2	d	5	2.2	0	0.0396516563325	0.252752201315	2	0	2	2	0	1	NA	NA	NA	NA	NA	NA	NA	2	0	2	2	0	1	NA	NA	NA	2	0	2
13	94185738	94225748	3	3	0	3	b	6	3	0	0.05	0.1	2	0	2	3	0	1	NA	NA	NA	NA	NA	NA	NA	3	0	3	3	0	1	NA	NA	NA	3	0	3
13	94225749	96969314	2	2	0	2	d	5	2.25	0	0.0359416969847	0.255487544985	2	0	2	2	0	1	NA	NA	NA	NA	NA	NA	NA	2	0	2	2	0	1	NA	NA	NA	2	0	2
13	96969315	97265978	3	3	0	2	d	3	NA	NA	NA	NA	2	0	2	3	0	1	NA	NA	NA	NA	NA	NA	NA	3	0	3	2	0	1	NA	NA	NA	3	0	3
13	97265979	105874984	2	2	0	2	d	5	2.25	0	0.0375425180622	0.259883146051	2	0	2	2	0	1	NA	NA	NA	NA	NA	NA	NA	2	0	2	2	0	1	NA	NA	NA	2	0	2
13	105874985	105897438	3	3	0	2	d	3	2.25	0	0.05	0.1	2	0	2	3	0	1	NA	NA	NA	NA	NA	NA	NA	3	0	3	2	0	1	NA	NA	NA	3	0	3
13	105897439	114142800	2	2	0	2	d	5	2.25	0	0.0376167623352	0.322747635572	2	0	2	2	0	1	NA	NA	NA	NA	NA	NA	NA	2	0	2	2	0	1	NA	NA	NA	2	0	2
13	114142801	115169877	2	2	0	3	b	5	NA	NA	NA	NA	2	0	2	2	0	1	NA	NA	NA	NA	NA	NA	NA	2	0	2	2	0	1	NA	NA	NA	2	0	2
14	1	16099999	1	1	0	1	h	1	NA	NA	NA	NA	NA	NA	NA	NA	NA	NA	NA	NA	NA	NA	NA	NA	NA	NA	NA	NA	NA	NA	NA	NA	NA	NA	1	0	1
14	16100000	19099999	1	1	0	2	f	2	1.07	0	0.05	0.227367656404	NA	NA	NA	NA	NA	NA	NA	NA	NA	NA	NA	NA	NA	NA	NA	NA	1	0	0.767772	1	1	0.232228	1	0	1
14	19100000	54255692	1	1	0	2	d	4	1.07	0	0.0646660902552	0.202828905567	1	0	1	1	0	1	NA	NA	NA	NA	NA	NA	NA	NA	NA	NA	1	0	1	NA	NA	NA	1	0	1
14	54255693	54257391	1	1	0	2	d	4	1.07	0	0.05	0.1	1	0	1	1	0	1	NA	NA	NA	NA	NA	NA	NA	NA	NA	NA	1	0	1	NA	NA	NA	1	0	1
14	54257392	106368400	1	1	0	2	d	4	1.07	0	0.0639145871362	0.174622927493	1	0	1	1	0	1	NA	NA	NA	NA	NA	NA	NA	NA	NA	NA	1	0	1	NA	NA	NA	1	0	1
14	106368401	107199994	1	1	0	2	d	3	NA	NA	NA	NA	1	0	1	0	0	1	NA	NA	NA	NA	NA	NA	NA	NA	NA	NA	1	0	1	NA	NA	NA	1	0	1
15	1	15799999	1	1	0	1	h	1	NA	NA	NA	NA	NA	NA	NA	NA	NA	NA	NA	NA	NA	NA	NA	NA	NA	NA	NA	NA	NA	NA	NA	NA	NA	NA	1	0	1
15	15800000	20699999	1	1	0	2	d	2	NA	NA	NA	NA	NA	NA	NA	1	0	1	NA	NA	NA	NA	NA	NA	NA	NA	NA	NA	1	0	0.443022	0	0	0.556978	1	0	1
15	20700000	72206041	1	1	0	3	b	5	1	0	0.0653381409976	0.252471835876	1	0	1	1	0	1	NA	NA	NA	NA	NA	NA	NA	NA	NA	NA	1	0	1	NA	NA	NA	1	0	1
15	72206042	72469569	0	0	0	2	d	2	0.42	0	0.05	0.0915718774635	0.397404	0.01053661	0.38686727	0	0	0.595552480225487	1	0	0.404447519774513	0.0287392646545963	0.0264518394277542	0.580360559855779	0.685233314802339	NA	NA	NA	0	0	1	NA	NA	NA	0	0	0
15	72469570	91017909	1	1	0	3	b	5	1	0	0.0626618035819	0.162911986317	1	0	1	1	0	1	NA	NA	NA	NA	NA	NA	NA	NA	NA	NA	1	0	1	NA	NA	NA	1	0	1
15	91017910	100338800	2	1	1	3	a	6	1	1	0.0439673877056	0.25151941815	2	1	1	1	1	1	NA	NA	NA	NA	NA	NA	NA	2	1	1	1	1	1	NA	NA	NA	2	1	1
15	100338801	102431166	2	1	1	3	b	5	NA	NA	NA	NA	2	1	1	1	1	1	NA	NA	NA	NA	NA	NA	NA	2	1	1	1	1	1	NA	NA	NA	2	1	1
16	89659	2140767	2	1	1	2	d	5	1.25	1.25	0.0407697670443	0.413111138241	2	1	1	1	1	1	NA	NA	NA	NA	NA	NA	NA	2	1	1	1	1	1	NA	NA	NA	2	1	1
16	2140768	2281872	1	1	0	2	d	3	1	0	0.05	0.1	2	1	1	1	0	0.885629748509413	1	1	0.114370251490587	0.0255641085627357	0.026401015034205	0.834023769213761	0.937796465806233	1	0	1	1	0	0.84388	1	1	0.15612	1	0	1
16	2281873	2810072	1	1	0	2	d	2	1	0	0.05	0.341083816015	1.140382	0.078076462	1.06230585	1	0	0.885629748509413	1	1	0.114370251490587	0.0255641085627357	0.026401015034205	0.834023769213761	0.937796465806233	NA	NA	NA	1	0	0.84388	1	1	0.15612	1	0	1
16	2810073	10850042	2	1	1	3	a	6	1	1	0.0413194892243	0.242378781323	2	1	1	1	1	1	NA	NA	NA	NA	NA	NA	NA	2	1	1	1	1	1	NA	NA	NA	2	1	1
16	10850043	10864902	1	1	0	2	d	4	1	1	0.05	0.1	2	1	1	1	0	1	NA	NA	NA	NA	NA	NA	NA	1	0	1	1	0	1	NA	NA	NA	1	0	1
16	10864903	34599999	2	1	1	3	a	6	1	1	0.0417225079995	0.369992907615	2	1	1	1	1	1	NA	NA	NA	NA	NA	NA	NA	2	1	1	1	1	1	NA	NA	NA	2	1	1
16	34600000	38599999	NA	NA	NA	NA	NA	NA	1	1	0.05	0.5921594422	2	1	1	1	1	1	NA	NA	NA	NA	NA	NA	NA	2	1	1	1	0	1	NA	NA	NA	2	1	1
16	38600000	46387500	1	1	0	2	d	2	1.07	0	0.05	0.1	NA	NA	NA	NA	NA	NA	NA	NA	NA	NA	NA	NA	NA	1	0	1	1	0	1	NA	NA	NA	2	1	1
16	46387501	67970113	1	1	0	2	d	5	1.07	0	0.0663083629992	0.187854143616	1	0	1	1	0	1	NA	NA	NA	NA	NA	NA	NA	1	0	1	1	0	1	NA	NA	NA	1	0	1
16	67970114	88827200	2	2	0	2	d	5	2.2	0	0.0408474460254	0.350199957991	2	0	2	2	0	1	NA	NA	NA	NA	NA	NA	NA	2	0	2	2	0	1	NA	NA	NA	2	0	2
16	88827201	90354752	2	2	0	3	b	5	NA	NA	NA	NA	2	0	2	2	0	1	NA	NA	NA	NA	NA	NA	NA	2	0	2	2	0	1	NA	NA	NA	2	0	2
17	12500	22189985	1	1	0	3	a	6	1	0	0.0652587031043	0.198566637105	1	0	1	1	0	1	NA	NA	NA	NA	NA	NA	NA	1	0	1	1	0	1	NA	NA	NA	1	0	1
17	22189986	25799999	1	1	0	2	d	4	1	0	0.032617809336	0.244999521577	1.231539	0.00251609	1.22902281	NA	NA	NA	NA	NA	NA	NA	NA	NA	NA	1	0	1	1	0	1	NA	NA	NA	1	0	1
17	25800000	26984073	1	1	0	2	d	4	1	0	0.0539894840739	0.162551457483	1.320233	0.01637551	1.30385714	1	0	0.645160307838699	2	0	0.354839692161301	0.0316906506924787	0.0313973729724407	0.578916042458892	0.702026157722014	1	0	1	1	0	1	NA	NA	NA	1	0	1
17	26984074	26991311	1	1	0	2	f	3	1	0	0.05	0.1	1.320233	0.01637551	1.30385714	1	0	1	NA	NA	NA	NA	NA	NA	NA	NA	NA	NA	2	0	1	NA	NA	NA	2	0	2
17	26991312	27213480	2	2	0	2	d	3	1	0	0.05	0.145795571303	1.691282	0.029314281	1.66196771	1	0	0.382209920901947	2	0	0.617790079098053	0.0331288393805297	0.031600316799473	0.379820131436858	0.501555390028014	2	0	2	2	0	1	NA	NA	NA	2	0	2
17	27213481	29271318	2	2	0	2	d	2	1	0	0.046872556309	0.189040291985	1.597962	0.02280269	1.57515979	1	0	0.382209920901947	2	0	0.617790079098053	0.0331288393805297	0.031600316799473	0.379820131436858	0.501555390028014	2	0	2	2	0	0.488601	1	0	0.511399	2	0	2
17	29271319	56940240	1	1	0	2	d	5	1.05	0	0.0618309157234	0.28460058761	1	0	1	1	0	1	NA	NA	NA	NA	NA	NA	NA	1	0	1	1	0	1	NA	NA	NA	1	0	1
17	56940241	78774600	2	2	0	2	d	2	1.51	0	0.0509873843904	0.225820020841	1.479644	0.018426279	1.46121753	1	0	0.490062592841817	2	0	0.509937407158183	0.00934378254596382	0.00845961619343178	0.546023219260223	0.578440263420127	2	0	2	2	0	0.481015	1	0	0.518985	2	0	2
17	78774601	81195209	2	2	0	2	d	3	NA	NA	NA	NA	1.479443	0.01992408	1.45951917	1	0	0.436136256871877	2	0	0.563863743128123	0.030149895372528	0.0288557714023077	0.426095637044808	0.537621640792846	2	0	2	2	0	1	NA	NA	NA	2	0	2
18	27500	125631	2	1	1	2	d	4	1	1	0.05	0.420125979575	NA	NA	NA	NA	NA	NA	NA	NA	NA	NA	NA	NA	NA	2	1	1	1	1	1	NA	NA	NA	2	1	1
18	125632	15399999	2	1	1	3	a	6	1	1	0.0417608130368	0.278039250035	2	1	1	1	1	1	NA	NA	NA	NA	NA	NA	NA	2	1	1	1	1	1	NA	NA	NA	2	1	1
18	15400000	18999999	2	1	1	3	a	6	1	1	0.05	0.299622618205	2	1	1	1	1	1	NA	NA	NA	NA	NA	NA	NA	2	1	1	1	1	1	NA	NA	NA	2	1	1
18	19000000	43283799	2	1	1	3	a	6	1	1	0.0408024942475	0.256067872205	2	1	1	1	1	1	NA	NA	NA	NA	NA	NA	NA	2	1	1	1	1	1	NA	NA	NA	2	1	1
18	43283800	43314973	3	2	1	2	d	5	2	1	0.05	0.1	2.672818	0.890381999	1.78243557	2	1	1	NA	NA	NA	NA	NA	NA	NA	3	1	2	2	1	1	NA	NA	NA	3	1	2
18	43314974	51699167	2	1	1	3	a	6	1	1	0.0406967505265	0.375633570107	2	1	1	1	1	1	NA	NA	NA	NA	NA	NA	NA	2	1	1	1	1	1	NA	NA	NA	2	1	1
18	51699168	58134640	3	2	1	3	a	6	2	1	0.054881428481	0.34006171481	3	1	2	2	1	1	NA	NA	NA	NA	NA	NA	NA	3	1	2	2	1	1	NA	NA	NA	3	1	2
18	58134641	58526945	5	4	1	2	d	5	4	1	0.0376343931912	0.478962253857	4.900386	1.00590366	3.89448208	4	1	1	NA	NA	NA	NA	NA	NA	NA	5	1	4	4	1	1	NA	NA	NA	5	1	4
18	58526946	58531855	5	4	1	2	d	3	4	1	0.05	0.1	4.900386	1.00590366	3.89448208	7	1	1	NA	NA	NA	NA	NA	NA	NA	5	1	4	4	1	1	NA	NA	NA	7	1	6
18	58531856	58539231	5	4	1	2	e	3	4.05	1	0.05	0.1	NA	NA	NA	3	3	1	NA	NA	NA	NA	NA	NA	NA	5	1	4	4	1	1	NA	NA	NA	6	1	5
18	58539232	63170728	5	4	1	2	d	5	4.05	1	0.0390630285058	0.540188037692	5	1	4	4	1	1	NA	NA	NA	NA	NA	NA	NA	5	1	4	4	1	1	NA	NA	NA	5	1	4
18	63170729	63172250	5	4	1	2	d	3	NA	NA	NA	NA	5	1	4	NA	NA	NA	NA	NA	NA	NA	NA	NA	NA	NA	NA	NA	4	1	1	NA	NA	NA	5	1	4
18	63172251	63172469	5	4	1	1	g	NA	NA	NA	NA	NA	NA	NA	NA	NA	NA	NA	NA	NA	NA	NA	NA	NA	NA	NA	NA	NA	4	1	1	NA	NA	NA	NA	NA	NA
18	63172470	76117000	2	1	1	3	a	6	1	1	0.0412542592274	0.256296912389	2	1	1	1	1	1	NA	NA	NA	NA	NA	NA	NA	2	1	1	1	1	1	NA	NA	NA	2	1	1
18	76117001	78077247	2	1	1	2	d	4	NA	NA	NA	NA	1.855507	0.92775364	0.92775364	1	1	1	NA	NA	NA	NA	NA	NA	NA	2	1	1	1	1	1	NA	NA	NA	2	1	1
19	108847	1150604	2	1	1	2	d	5	1	1	0.046067686397	0.624464092184	2	1	1	1	1	0.947098680006264	2	1	0.0529013199937359	0.0176366177377941	0.0174692641208953	0.893999433797106	0.961007188716873	2	1	1	1	1	1	NA	NA	NA	2	1	1
19	1150605	1249425	1	1	0	2	d	2	1	0	0.05	0.1	1.158996	0.118665824	1.04033039	1	0	0.923368494436128	1	1	0.0766315055638718	0.0378553637550593	0.0404003091496494	0.783647274676522	0.936992234011182	NA	NA	NA	1	0	0.916631	1	1	0.0833694	1	0	1
19	1249426	24399999	2	1	1	3	a	6	1	1	0.0435290659254	0.322278619405	2	1	1	1	1	1	NA	NA	NA	NA	NA	NA	NA	2	1	1	1	1	1	NA	NA	NA	2	1	1
19	24400000	28599999	2	1	1	2	d	3	0.8	0.75	0.0521453833732	0.321768054668	1.862395	0.93119743	0.93119743	1	1	1	NA	NA	NA	NA	NA	NA	NA	NA	NA	NA	1	1	1	NA	NA	NA	2	1	1
19	28600000	45902857	2	1	1	2	d	5	0.93	0.93	0.0431142857956	0.28589417684	2	1	1	1	1	1	NA	NA	NA	NA	NA	NA	NA	2	1	1	1	1	1	NA	NA	NA	2	1	1
19	45902858	45904554	2	1	1	2	d	4	0.93	0.93	0.05	0.1	2	1	1	1	1	1	NA	NA	NA	NA	NA	NA	NA	NA	NA	NA	1	1	1	NA	NA	NA	2	1	1
19	45904555	49037353	2	1	1	2	d	5	0.93	0.93	0.0477666630129	0.235586571531	2	1	1	1	1	1	NA	NA	NA	NA	NA	NA	NA	2	1	1	1	1	1	NA	NA	NA	2	1	1
19	49037354	50383635	1	1	0	3	a	6	1	0	0.0894906363046	0.282787232138	1	0	1	1	0	1	NA	NA	NA	NA	NA	NA	NA	1	0	1	1	0	1	NA	NA	NA	1	0	1
19	50383636	59128982	2	1	1	2	d	5	0.93	0.93	0.0414222976023	0.43391835745	2	1	1	1	1	1	NA	NA	NA	NA	NA	NA	NA	2	1	1	1	1	1	NA	NA	NA	2	1	1
20	30008	8848819	1	1	0	2	d	4	1	0	0.0607398097616	0.153033253667	1	0	1	NA	NA	NA	NA	NA	NA	NA	NA	NA	NA	1	0	1	1	0	1	NA	NA	NA	NA	NA	NA
20	8848820	25599999	2	1	1	3	a	6	1	1	0.0455709096811	0.240467545509	2	1	1	1	1	1	NA	NA	NA	NA	NA	NA	NA	2	1	1	1	1	1	NA	NA	NA	2	1	1
20	25600000	29399999	2	1	1	3	a	6	1	1	0.05	0.288717236742	2	1	1	1	1	1	NA	NA	NA	NA	NA	NA	NA	2	1	1	1	1	1	NA	NA	NA	2	1	1
20	29400000	33522249	2	1	1	3	a	6	1	1	0.047599412445	0.347743123397	2	1	1	1	1	1	NA	NA	NA	NA	NA	NA	NA	2	1	1	1	1	1	NA	NA	NA	2	1	1
20	33522250	47702807	3	2	1	2	d	5	1.69	0.85	0.0549371265265	0.346457319412	3	1	2	2	1	1	NA	NA	NA	NA	NA	NA	NA	3	1	2	2	1	1	NA	NA	NA	3	1	2
20	47702808	47983447	5	4	1	2	d	5	3.38	0.8	0.0359418283905	0.410555607305	5	1	4	4	1	1	NA	NA	NA	NA	NA	NA	NA	5	1	4	4	1	1	NA	NA	NA	5	1	4
20	47983448	53289322	3	2	1	2	d	5	1.58	0.85	0.0527737210628	0.285639212679	3	1	2	2	1	1	NA	NA	NA	NA	NA	NA	NA	3	1	2	2	1	1	NA	NA	NA	3	1	2
20	53289323	53291555	1	1	0	1	g	NA	NA	NA	NA	NA	3	1	2	NA	NA	NA	NA	NA	NA	NA	NA	NA	NA	1	0	1	1	0	1	NA	NA	NA	3	1	2
20	53291556	61089976	1	1	0	3	a	6	1	0	0.067009102378	0.140390224183	1	0	1	1	0	1	NA	NA	NA	NA	NA	NA	NA	1	0	1	1	0	1	NA	NA	NA	1	0	1
20	61089977	62318228	2	2	0	3	a	6	2	0	0.0352024879955	0.222279128961	2	0	2	2	0	1	NA	NA	NA	NA	NA	NA	NA	2	0	2	2	0	1	NA	NA	NA	2	0	2
20	62318229	62578816	2	2	0	2	d	3	NA	NA	NA	NA	2	0	2	2	0	1	NA	NA	NA	NA	NA	NA	NA	NA	NA	NA	2	0	1	NA	NA	NA	1	0	1
21	1	9417499	NA	NA	NA	NA	NA	NA	1.05	1.05	0.05	0.1	NA	NA	NA	NA	NA	NA	NA	NA	NA	NA	NA	NA	NA	NA	NA	NA	1	0	1	NA	NA	NA	NA	NA	NA
21	9417500	10215602	NA	NA	NA	NA	NA	NA	1.05	1.05	0.05	1.21658942199	NA	NA	NA	NA	NA	NA	NA	NA	NA	NA	NA	NA	NA	NA	NA	NA	1	0	1	NA	NA	NA	NA	NA	NA
21	10215603	14299999	NA	NA	NA	NA	NA	NA	1.05	1.05	0.05	0.611523939291	NA	NA	NA	NA	NA	NA	NA	NA	NA	NA	NA	NA	NA	NA	NA	NA	1	0	1	NA	NA	NA	NA	NA	NA
21	14300000	45364815	2	1	1	2	d	4	1.05	1.05	0.0422232247273	0.282237546276	2	1	1	1	1	1	NA	NA	NA	NA	NA	NA	NA	2	1	1	1	1	1	NA	NA	NA	NA	NA	NA
21	45364816	45365412	2	1	1	2	d	2	1.05	1.05	0.05	0.1	2	1	1	2	1	0.129693238848552	2	2	0.870306761151448	NA	0	0.129693238848552	0.129693238848552	1	0	1	1	1	1	NA	NA	NA	NA	NA	NA
21	45365413	45454586	2	1	1	2	d	3	1.05	1.05	0.05	0.1	2	1	1	1	1	1	NA	NA	NA	NA	NA	NA	NA	1	0	1	1	1	1	NA	NA	NA	NA	NA	NA
21	45454587	45454777	2	1	1	2	d	2	1.05	1.05	0.05	0.1	2	1	1	NA	NA	NA	NA	NA	NA	NA	NA	NA	NA	NA	NA	NA	1	1	1	NA	NA	NA	NA	NA	NA
21	45454778	46937500	2	1	1	2	d	3	1.05	1.05	0.045361324277	0.265155806655	2	1	1	1	1	0.931322414470767	2	1	0.0686775855292334	0.010634325888266	0.0103609873719847	0.909892962120437	0.950635232502011	2	1	1	1	1	1	NA	NA	NA	NA	NA	NA
21	46937501	48129894	2	1	1	2	d	3	NA	NA	NA	NA	1.86945	0.934724825	0.93472483	1	1	1	NA	NA	NA	NA	NA	NA	NA	2	1	1	1	1	1	NA	NA	NA	NA	NA	NA
22	1	12199999	2	2	0	1	h	1	NA	NA	NA	NA	NA	NA	NA	NA	NA	NA	NA	NA	NA	NA	NA	NA	NA	NA	NA	NA	NA	NA	NA	NA	NA	NA	2	0	2
22	12200000	17899999	2	2	0	2	d	5	2	0	0.0441331271008	0.362400979397	1.729106	0.024351502	1.70475445	2	0	1	NA	NA	NA	NA	NA	NA	NA	2	0	2	2	0	1	NA	NA	NA	2	0	2
22	17900000	24347200	2	2	0	2	d	5	2	0	0.0438230490558	0.310618415062	1.773776	0.012358806	1.76141751	2	0	1	NA	NA	NA	NA	NA	NA	NA	2	0	2	2	0	1	NA	NA	NA	2	0	2
22	24347201	50714667	2	2	0	2	d	5	2	0	0.044505038772	0.283562907091	1.737718	0.013260922	1.72445692	2	0	1	NA	NA	NA	NA	NA	NA	NA	2	0	2	2	0	1	NA	NA	NA	2	0	2
22	50714668	50939059	0	0	0	1	g	NA	NA	NA	NA	NA	0	0	0	NA	NA	NA	NA	NA	NA	NA	NA	NA	NA	1	0	1	0	0	1	NA	NA	NA	2	0	2
X	1	17190451	1	1	0	2	d	4	1.84	0.16	0.0634974323727	0.356674865771	1	0	1	1	0	1	NA	NA	NA	NA	NA	NA	NA	1	0	1	NA	NA	NA	NA	NA	NA	1	0	1
X	17190452	17199409	0	0	0	2	d	2	1.84	0.16	0.05	0.1	0.113321	0	0.113321	0	0	1	NA	NA	NA	NA	NA	NA	NA	1	0	1	NA	NA	NA	NA	NA	NA	0	0	0
X	17199410	58099999	1	1	0	2	d	4	1.86	0.14	0.0628467295307	0.346278929439	1	0	1	1	0	1	NA	NA	NA	NA	NA	NA	NA	1	0	1	NA	NA	NA	NA	NA	NA	1	0	1
X	58100000	62999999	1	1	0	2	d	3	1	1	0.05	0.553173138599	1	0	1	NA	NA	NA	NA	NA	NA	NA	NA	NA	NA	1	0	1	NA	NA	NA	NA	NA	NA	1	0	1
X	63000000	154913600	1	1	0	2	d	4	1.86	0.14	0.0649958999243	0.275036483311	1	0	1	1	0	1	NA	NA	NA	NA	NA	NA	NA	1	0	1	NA	NA	NA	NA	NA	NA	1	0	1
