chromosome	start	end	total_cn	major_cn	minor_cn	star	level	methods_agree	absolute_broad_major_cn	absolute_broad_minor_cn	absolute_broad_het_error	absolute_broad_cov_error	aceseq_copy_number	aceseq_minor_cn	aceseq_major_cn	battenberg_nMaj1_A	battenberg_nMin1_A	battenberg_frac1_A	battenberg_nMaj2_A	battenberg_nMin2_A	battenberg_frac2_A	battenberg_SDfrac_A	battenberg_SDfrac_A_BS	battenberg_frac1_A_0.025	battenberg_frac1_A_0.975	clonehd_copy_number	clonehd_minor_cn	clonehd_major_cn	sclust_nMaj1_A	sclust_nMin1_A	sclust_frac1_A	sclust_nMaj2_A	sclust_nMin2_A	sclust_frac2_A	jabba_copy_number	jabba_minor_cn	jabba_major_cn
1	1	121499999	2	1	1	3	a	6	1	1	0.0467207763022	0.192353677695	2	1	1	1	1	1	NA	NA	NA	NA	NA	NA	NA	2	1	1	1	1	1	NA	NA	NA	2	1	1
1	121500000	128899999	2	1	1	2	d	2	NA	NA	NA	NA	2	1	1	NA	NA	NA	NA	NA	NA	NA	NA	NA	NA	NA	NA	NA	NA	NA	NA	NA	NA	NA	2	1	1
1	128900000	144952499	2	1	1	2	d	2	1.62	0.77	0.05	0.514934140539	NA	NA	NA	NA	NA	NA	NA	NA	NA	NA	NA	NA	NA	2	1	1	2	1	0.786697	1	1	0.213303	2	1	1
1	144952500	247247500	3	2	1	2	d	5	1.62	0.77	0.059404002932	0.187012464649	3	1	2	2	1	1	NA	NA	NA	NA	NA	NA	NA	3	1	2	2	1	1	NA	NA	NA	3	1	2
1	247247501	249250620	3	2	1	3	b	5	NA	NA	NA	NA	3	1	2	2	1	1	NA	NA	NA	NA	NA	NA	NA	3	1	2	2	1	1	NA	NA	NA	3	1	2
2	20016	90499999	2	1	1	3	a	6	1	1	0.0455539870396	0.172147109746	2	1	1	1	1	1	NA	NA	NA	NA	NA	NA	NA	2	1	1	1	1	1	NA	NA	NA	2	1	1
2	90500000	96799999	2	1	1	3	b	5	1	1	0.05	0.278572818137	2	1	1	NA	NA	NA	NA	NA	NA	NA	NA	NA	NA	2	1	1	1	1	1	NA	NA	NA	2	1	1
2	96800000	242986605	2	1	1	3	a	6	1	1	0.0454652889265	0.177908490634	2	1	1	1	1	1	NA	NA	NA	NA	NA	NA	NA	2	1	1	1	1	1	NA	NA	NA	2	1	1
3	100074	87899999	2	1	1	3	a	6	1	1	0.0451647955883	0.187086974165	2	1	1	1	1	1	NA	NA	NA	NA	NA	NA	NA	2	1	1	1	1	1	NA	NA	NA	2	1	1
3	87900000	93899999	2	1	1	3	a	6	1	1	0.040876731475	0.171000388784	2	1	1	1	1	1	NA	NA	NA	NA	NA	NA	NA	2	1	1	1	1	1	NA	NA	NA	2	1	1
3	93900000	197847500	2	1	1	3	a	6	1	1	0.0447162275789	0.165193359559	2	1	1	1	1	1	NA	NA	NA	NA	NA	NA	NA	2	1	1	1	1	1	NA	NA	NA	2	1	1
4	27500	25368017	2	1	1	3	a	6	1	1	0.0492482144957	0.176818601864	2	1	1	1	1	1	NA	NA	NA	NA	NA	NA	NA	2	1	1	1	1	1	NA	NA	NA	2	1	1
4	25368018	25404392	2	1	1	3	b	5	1	1	0.05	0.1	2	1	1	1	1	1	NA	NA	NA	NA	NA	NA	NA	NA	NA	NA	1	1	1	NA	NA	NA	2	1	1
4	25404393	48199999	2	1	1	3	a	6	1	1	0.0430374690547	0.169395420143	2	1	1	1	1	1	NA	NA	NA	NA	NA	NA	NA	2	1	1	1	1	1	NA	NA	NA	2	1	1
4	48200000	52699999	2	1	1	3	a	6	1	1	0.0461227764653	0.325646406197	2	1	1	1	1	1	NA	NA	NA	NA	NA	NA	NA	2	1	1	1	1	1	NA	NA	NA	2	1	1
4	52700000	69197415	2	1	1	3	a	6	1	1	0.046594874483	0.165364943523	2	1	1	1	1	1	NA	NA	NA	NA	NA	NA	NA	2	1	1	1	1	1	NA	NA	NA	2	1	1
4	69197416	69216393	4	3	1	1	g	NA	NA	NA	NA	NA	2	1	1	2	1	1	NA	NA	NA	NA	NA	NA	NA	NA	NA	NA	3	1	1	NA	NA	NA	3	1	2
4	69216394	69759969	4	3	1	3	a	6	3	1	0.05	0.337794323254	4	1	3	3	1	1	NA	NA	NA	NA	NA	NA	NA	4	1	3	3	1	1	NA	NA	NA	4	1	3
4	69759970	69813182	5	4	1	1	g	NA	3	1	0.05	0.1	4	1	3	4	1	1	NA	NA	NA	NA	NA	NA	NA	4	1	3	4	1	1	NA	NA	NA	5	1	4
4	69813183	69814385	1	1	0	2	d	3	1	0	0.05	0.1	NA	NA	NA	NA	NA	NA	NA	NA	NA	NA	NA	NA	NA	1	0	1	1	0	1	NA	NA	NA	5	1	4
4	69814386	70119945	1	1	0	3	a	6	1	0	0.0768382207789	0.104757745932	1	0	1	1	0	1	NA	NA	NA	NA	NA	NA	NA	1	0	1	1	0	1	NA	NA	NA	1	0	1
4	70119946	70234580	1	1	0	2	d	4	1	0	0.05	0.171334888794	1	0	1	1	0	1	NA	NA	NA	NA	NA	NA	NA	1	0	1	0	0	1	NA	NA	NA	0	0	0
4	70234581	191154275	1	1	0	3	a	6	1	0	0.0731900036967	0.117659360266	1	0	1	1	0	1	NA	NA	NA	NA	NA	NA	NA	1	0	1	1	0	1	NA	NA	NA	1	0	1
5	22500	46099999	2	1	1	3	a	6	1	1	0.0456907840321	0.181346258964	2	1	1	1	1	1	NA	NA	NA	NA	NA	NA	NA	2	1	1	1	1	1	NA	NA	NA	2	1	1
5	46100000	50699999	2	1	1	3	a	6	1	1	0.0358007248011	0.223834765354	2	1	1	1	1	1	NA	NA	NA	NA	NA	NA	NA	2	1	1	1	1	1	NA	NA	NA	2	1	1
5	50700000	180689978	2	1	1	3	a	6	1	1	0.0452046426721	0.178100122036	2	1	1	1	1	1	NA	NA	NA	NA	NA	NA	NA	2	1	1	1	1	1	NA	NA	NA	2	1	1
6	39681	212499	2	1	1	2	d	2	0.77	0.77	0.05	0.1	NA	NA	NA	1	1	1	NA	NA	NA	NA	NA	NA	NA	NA	NA	NA	1	0	0.519954	1	1	0.480046	2	1	1
6	212500	398241	2	1	1	2	d	2	0.77	0.77	0.05	0.54109274241	1.704652	0.852325838	0.85232584	1	1	1	NA	NA	NA	NA	NA	NA	NA	NA	NA	NA	1	0	0.519954	1	1	0.480046	2	1	1
6	398242	58699999	2	1	1	3	a	6	1	1	0.0469188794706	0.211577125909	2	1	1	1	1	1	NA	NA	NA	NA	NA	NA	NA	2	1	1	1	1	1	NA	NA	NA	2	1	1
6	58700000	63299999	2	1	1	3	a	6	1	1	0.0423158152055	0.356738486136	2	1	1	1	1	1	NA	NA	NA	NA	NA	NA	NA	2	1	1	1	1	1	NA	NA	NA	2	1	1
6	63300000	170899934	2	1	1	3	a	6	1	1	0.0447012655353	0.157057760427	2	1	1	1	1	1	NA	NA	NA	NA	NA	NA	NA	2	1	1	1	1	1	NA	NA	NA	2	1	1
7	40386	38316607	2	1	1	3	a	6	1	1	0.0459718922161	0.155800653625	2	1	1	1	1	1	NA	NA	NA	NA	NA	NA	NA	2	1	1	1	1	1	NA	NA	NA	2	1	1
7	38316608	57999999	2	1	1	3	a	6	1	1	0.0453573616635	0.174393537123	2	1	1	1	1	1	NA	NA	NA	NA	NA	NA	NA	2	1	1	1	1	1	NA	NA	NA	2	1	1
7	58000000	61699999	2	1	1	3	b	5	1	1	0.05	0.193971380353	2	1	1	1	1	1	NA	NA	NA	NA	NA	NA	NA	NA	NA	NA	1	1	1	NA	NA	NA	2	1	1
7	61700000	158817500	2	1	1	3	a	6	1	1	0.0456898370746	0.166813590017	2	1	1	1	1	1	NA	NA	NA	NA	NA	NA	NA	2	1	1	1	1	1	NA	NA	NA	2	1	1
8	10001	170011	1	1	0	2	d	4	1.14	0	0.05	0.1	NA	NA	NA	1	0	1	NA	NA	NA	NA	NA	NA	NA	1	0	1	1	0	1	NA	NA	NA	1	0	1
8	170012	11981434	1	1	0	2	d	5	1.14	0	0.0783677510947	0.160995706248	1	0	1	1	0	1	NA	NA	NA	NA	NA	NA	NA	1	0	1	1	0	1	NA	NA	NA	1	0	1
8	11981435	12289202	1	1	0	2	d	4	NA	NA	NA	NA	1	0	1	1	0	1	NA	NA	NA	NA	NA	NA	NA	1	0	1	1	0	0.218818	0	0	0.781182	1	0	1
8	12289203	39233778	1	1	0	2	d	5	1.09	0	0.0756606013693	0.123858324918	1	0	1	1	0	1	NA	NA	NA	NA	NA	NA	NA	1	0	1	1	0	1	NA	NA	NA	1	0	1
8	39233779	41690025	1	1	0	2	d	5	1.09	0	0.0739014799294	0.112449211145	1	0	1	1	0	1	NA	NA	NA	NA	NA	NA	NA	1	0	1	1	0	1	NA	NA	NA	1	0	1
8	41690026	43099999	2	1	1	3	a	6	1	1	0.0544386061339	0.150705923826	2	1	1	1	1	1	NA	NA	NA	NA	NA	NA	NA	2	1	1	1	1	1	NA	NA	NA	2	1	1
8	43100000	48099999	2	1	1	2	d	4	1	1	0.05	0.229293998478	1.943535	0.844390608	1.09914434	NA	NA	NA	NA	NA	NA	NA	NA	NA	NA	2	1	1	1	1	1	NA	NA	NA	2	1	1
8	48100000	146364021	2	1	1	3	a	6	1	1	0.0440079081354	0.161141538625	2	1	1	1	1	1	NA	NA	NA	NA	NA	NA	NA	2	1	1	1	1	1	NA	NA	NA	2	1	1
9	10001	200468	1	1	0	2	d	3	1.35	0	0.05	0.1	NA	NA	NA	NA	NA	NA	NA	NA	NA	NA	NA	NA	NA	1	0	1	1	0	1	NA	NA	NA	1	0	1
9	200469	38554992	1	1	0	2	d	5	1.35	0	0.0731735515227	0.143062140408	1	0	1	1	0	1	NA	NA	NA	NA	NA	NA	NA	1	0	1	1	0	1	NA	NA	NA	1	0	1
9	38554993	44238796	1	1	0	1	g	NA	0	0	0.0979042227754	0.70391564094	0	0	0	0	0	0.900679869937924	1	0	0.0993201300620759	0.0328717943920742	0.0334460138602348	0.800122119833935	0.933490044688369	1	0	1	1	0	0.569218	0	0	0.430782	1	0	1
9	44238797	47299999	1	1	0	2	f	3	1	1	0.05	0.636823752303	0	0	0	1	0	0.250436808386718	1	1	0.749563191613282	0.0659789337321313	0.0644159011463643	0.149201025992188	0.405920553784858	1	0	1	1	0	0.548929	1	1	0.451071	1	0	1
9	47300000	50699999	1	1	0	2	d	2	NA	NA	NA	NA	NA	NA	NA	NA	NA	NA	NA	NA	NA	NA	NA	NA	NA	1	0	1	1	0	0.548929	1	1	0.451071	1	0	1
9	50700000	66522800	1	1	0	2	d	2	NA	NA	NA	NA	NA	NA	NA	NA	NA	NA	NA	NA	NA	NA	NA	NA	NA	1	0	1	1	0	0.548929	1	1	0.451071	1	0	1
9	66522801	69797500	1	1	0	2	d	2	1.09	0	0.05	0.600399981728	NA	NA	NA	NA	NA	NA	NA	NA	NA	NA	NA	NA	NA	1	0	1	1	0	0.80504	1	1	0.19496	1	0	1
9	69797501	129560400	1	1	0	2	d	5	1.09	0	0.0756754779155	0.119657835817	1	0	1	1	0	1	NA	NA	NA	NA	NA	NA	NA	1	0	1	1	0	1	NA	NA	NA	1	0	1
9	129560401	130079928	3	2	1	2	d	3	NA	NA	NA	NA	1	0	1	2	1	1	NA	NA	NA	NA	NA	NA	NA	3	1	2	1	1	1	NA	NA	NA	3	1	2
9	130079929	130581661	2	1	1	2	d	4	1	1	0.067541873794	0.148173712689	2	1	1	1	0	0.086505190311418	1	1	0.913494809688582	0.0406213515629654	0.0421416757601123	-0.00104125491491864	0.159880977754334	1	0	1	1	1	1	NA	NA	NA	2	1	1
9	130581662	130896406	1	1	0	3	a	6	1	0	0.0618967331652	0.115907966723	1	0	1	1	0	1	NA	NA	NA	NA	NA	NA	NA	1	0	1	1	0	1	NA	NA	NA	1	0	1
9	130896407	136453917	1	1	0	2	d	5	1.14	0	0.0826590253624	0.140169789254	1	0	1	1	0	1	NA	NA	NA	NA	NA	NA	NA	1	0	1	1	0	1	NA	NA	NA	1	0	1
9	136453918	137136994	2	1	1	2	d	3	1.09	1.09	0.061177479012	0.170579007152	2	1	1	1	1	0.765307066222715	2	1	0.234692933777285	0.0447692538263064	0.0435788723409908	0.68014939391711	0.852739549566147	1	0	1	1	1	1	NA	NA	NA	2	1	1
9	137136995	137138394	2	1	1	2	d	3	1.09	1.09	0.05	0.1	2	1	1	2	1	1	NA	NA	NA	NA	NA	NA	NA	1	0	1	1	1	1	NA	NA	NA	2	1	1
9	137138395	137341920	2	1	1	2	d	3	1.09	1.09	0.05	0.190203256223	2	1	1	1	0	0.127877237851664	1	1	0.872122762148336	0.0613506061967795	0.0606159093569947	0.00920516052496054	0.252137781283821	1	0	1	1	1	1	NA	NA	NA	2	1	1
9	137341921	137709893	4	3	1	2	e	0	2	1	0.0715450724128	0.378079680646	2.823873	1.090529685	1.73334295	2	1	0.852236319364347	2	2	0.147763680635653	0.0581489640687099	0.0571671032940035	0.729920727317413	0.952865442674015	1	0	1	2	1	1	NA	NA	NA	2	1	1
9	137709894	139734281	2	1	1	2	d	3	1.14	1.14	0.059251278339	0.253586306481	2	1	1	1	1	0.908088235294118	2	1	0.0919117647058816	0.0249465411744139	0.0262536768646954	0.784276824342893	0.889681904407396	1	0	1	1	1	1	NA	NA	NA	2	1	1
9	139734282	139869769	3	2	1	1	g	NA	1	1	0.05	0.151940331439	2	1	1	1	0	1	NA	NA	NA	NA	NA	NA	NA	1	0	1	2	1	1	NA	NA	NA	1	0	1
9	139869770	140144692	2	1	1	2	d	3	1	1	0.05	0.200796709832	NA	NA	NA	1	1	1	NA	NA	NA	NA	NA	NA	NA	1	0	1	2	1	1	NA	NA	NA	2	1	1
9	140144693	140267500	3	2	1	1	g	NA	NA	NA	NA	NA	NA	NA	NA	2	2	1	NA	NA	NA	NA	NA	NA	NA	1	0	1	2	1	1	NA	NA	NA	3	1	2
9	140267501	141019790	3	2	1	2	d	4	NA	NA	NA	NA	3	1	2	2	1	1	NA	NA	NA	NA	NA	NA	NA	1	0	1	2	1	1	NA	NA	NA	3	1	2
10	102500	37999999	2	1	1	2	d	5	1.09	1.09	0.0463562511113	0.18526699135	2	1	1	1	1	1	NA	NA	NA	NA	NA	NA	NA	2	1	1	1	1	1	NA	NA	NA	2	1	1
10	38000000	42299999	2	1	1	2	d	3	1.09	1.09	0.0501791589913	0.201271414198	2	1	1	1	0	0.086505190311418	1	1	0.913494809688582	0.0210469208704558	0.0200721800386371	0.0837684171865218	0.163712716047796	2	1	1	NA	NA	NA	NA	NA	NA	2	1	1
10	42300000	135422091	2	1	1	3	a	6	1	1	0.0460205510439	0.166566150406	2	1	1	1	1	1	NA	NA	NA	NA	NA	NA	NA	2	1	1	1	1	1	NA	NA	NA	2	1	1
11	20721	187499	2	1	1	2	d	2	1	1	0.05	0.1	NA	NA	NA	NA	NA	NA	NA	NA	NA	NA	NA	NA	NA	NA	NA	NA	NA	NA	NA	NA	NA	NA	2	1	1
11	187500	51599999	2	1	1	3	a	6	1	1	0.0452276740502	0.174630566698	2	1	1	1	1	1	NA	NA	NA	NA	NA	NA	NA	2	1	1	1	1	1	NA	NA	NA	2	1	1
11	51600000	55699999	2	1	1	2	d	5	1	1	0.05	0.423716519396	1.965916	0.899898368	1.06601796	1	1	1	NA	NA	NA	NA	NA	NA	NA	2	1	1	1	1	1	NA	NA	NA	2	1	1
11	55700000	134442500	2	1	1	3	a	6	1	1	0.0466779481456	0.156063598225	2	1	1	1	1	1	NA	NA	NA	NA	NA	NA	NA	2	1	1	1	1	1	NA	NA	NA	2	1	1
12	110107	33299999	1	1	0	3	a	6	1	0	0.0757991637884	0.111641953874	1	0	1	1	0	1	NA	NA	NA	NA	NA	NA	NA	1	0	1	1	0	1	NA	NA	NA	1	0	1
12	33300000	38199999	NA	NA	NA	NA	NA	NA	1	0	0.0673442079179	0.41319099927	1.20087	0.054819456	1.14605082	NA	NA	NA	NA	NA	NA	NA	NA	NA	NA	1	0	1	1	0	1	NA	NA	NA	2	1	1
12	38200000	132342500	2	1	1	3	a	6	1	1	0.0458347003141	0.163494021435	2	1	1	1	1	1	NA	NA	NA	NA	NA	NA	NA	2	1	1	1	1	1	NA	NA	NA	2	1	1
12	132342501	133851894	2	1	1	2	d	4	NA	NA	NA	NA	2	1	1	1	1	1	NA	NA	NA	NA	NA	NA	NA	NA	NA	NA	1	1	1	NA	NA	NA	2	1	1
13	1	16299999	2	1	1	1	h	1	NA	NA	NA	NA	NA	NA	NA	NA	NA	NA	NA	NA	NA	NA	NA	NA	NA	NA	NA	NA	NA	NA	NA	NA	NA	NA	2	1	1
13	16300000	20339082	NA	NA	NA	NA	NA	NA	1.14	1.14	0.0491730735334	0.180347162582	2.192498	0.969208012	1.2232897	1	1	0.727668845315906	2	1	0.272331154684094	0.0306241728153661	0.0310310977978718	0.666947556291656	0.785156700451425	2	1	1	1	1	1	NA	NA	NA	2	1	1
13	20339083	21309979	3	2	1	2	d	2	2.62	1	0.0396775702206	0.409570869892	3.377628	1.06498661	2.31264117	2	1	0.676470588235299	3	1	0.323529411764701	0.0756717102914511	0.0753632305366309	0.527222448061814	0.82837143812001	3	1	2	3	1	0.307536	2	1	0.692464	3	1	2
13	21309980	21697405	2	1	1	2	d	2	1.23	1	0.0495324785309	0.188388582466	2.216362	1.108180985	1.10818099	1	1	0.673202614379085	2	1	0.326797385620915	0.0463674861520559	0.0448832711876329	0.606129641322129	0.779450401099648	2	1	1	2	1	0.468253	1	1	0.531747	2	1	1
13	21697406	21934947	1	1	0	3	a	6	1	0	0.05	0.130520354141	1	0	1	1	0	1	NA	NA	NA	NA	NA	NA	NA	1	0	1	1	0	1	NA	NA	NA	1	0	1
13	21934948	21971747	1	1	0	1	g	NA	NA	NA	NA	NA	1	0	1	2	1	1	NA	NA	NA	NA	NA	NA	NA	2	1	1	1	0	1	NA	NA	NA	2	0	2
13	21971748	22024693	1	1	0	1	g	NA	NA	NA	NA	NA	NA	NA	NA	NA	NA	NA	NA	NA	NA	NA	NA	NA	NA	3	1	2	1	0	1	NA	NA	NA	2	0	2
13	22024694	22039207	1	1	0	1	g	NA	NA	NA	NA	NA	NA	NA	NA	NA	NA	NA	NA	NA	NA	NA	NA	NA	NA	NA	NA	NA	1	0	1	NA	NA	NA	2	0	2
13	22039208	22042294	1	1	0	2	d	2	NA	NA	NA	NA	NA	NA	NA	NA	NA	NA	NA	NA	NA	NA	NA	NA	NA	1	0	1	1	0	1	NA	NA	NA	NA	NA	NA
13	22042295	114137500	1	1	0	2	d	5	1.14	0	0.0761469273731	0.125460820884	1	0	1	1	0	1	NA	NA	NA	NA	NA	NA	NA	1	0	1	1	0	1	NA	NA	NA	1	0	1
13	114137501	115169877	1	1	0	3	b	5	NA	NA	NA	NA	1	0	1	1	0	1	NA	NA	NA	NA	NA	NA	NA	1	0	1	1	0	1	NA	NA	NA	1	0	1
14	1	16099999	1	1	0	1	h	1	NA	NA	NA	NA	NA	NA	NA	NA	NA	NA	NA	NA	NA	NA	NA	NA	NA	NA	NA	NA	NA	NA	NA	NA	NA	NA	1	0	1
14	16100000	19099999	1	1	0	2	d	2	NA	NA	NA	NA	NA	NA	NA	NA	NA	NA	NA	NA	NA	NA	NA	NA	NA	NA	NA	NA	1	0	1	NA	NA	NA	1	0	1
14	19100000	21350017	1	1	0	2	d	4	1.09	0	0.0777927839724	0.321109917141	1	0	1	1	0	1	NA	NA	NA	NA	NA	NA	NA	NA	NA	NA	1	0	1	NA	NA	NA	1	0	1
14	21350018	21420981	1	1	0	2	d	2	NA	NA	NA	NA	1	0	1	0	0	1	NA	NA	NA	NA	NA	NA	NA	NA	NA	NA	1	0	0.113433	0	0	0.886567	1	0	1
14	21420982	41619201	1	1	0	3	b	5	1	0	0.0735792222638	0.120925168034	1	0	1	1	0	1	NA	NA	NA	NA	NA	NA	NA	NA	NA	NA	1	0	1	NA	NA	NA	1	0	1
14	41619202	106362500	1	1	0	3	b	5	1	0	0.0758573674467	0.180962580835	1	0	1	1	0	1	NA	NA	NA	NA	NA	NA	NA	NA	NA	NA	1	0	1	NA	NA	NA	1	0	1
15	1	15799999	2	1	1	1	h	1	NA	NA	NA	NA	NA	NA	NA	NA	NA	NA	NA	NA	NA	NA	NA	NA	NA	NA	NA	NA	NA	NA	NA	NA	NA	NA	2	1	1
15	15800000	20699999	2	1	1	3	b	5	1	1	0.05	0.304174810306	NA	NA	NA	1	1	1	NA	NA	NA	NA	NA	NA	NA	2	1	1	1	1	1	NA	NA	NA	2	1	1
15	20700000	67178764	2	1	1	3	a	6	1	1	0.0456279195313	0.189922272462	2	1	1	1	1	1	NA	NA	NA	NA	NA	NA	NA	2	1	1	1	1	1	NA	NA	NA	2	1	1
15	67178765	67239232	3	2	1	2	d	3	2	1	0.05	0.133212269176	2	1	1	1	1	1	NA	NA	NA	NA	NA	NA	NA	3	1	2	2	1	0.460686	1	1	0.539314	3	1	2
15	67239233	100332500	2	1	1	3	a	6	1	1	0.0461812055808	0.155710427492	2	1	1	1	1	1	NA	NA	NA	NA	NA	NA	NA	2	1	1	1	1	1	NA	NA	NA	2	1	1
15	100332501	102399919	2	1	1	3	b	5	NA	NA	NA	NA	2	1	1	1	1	1	NA	NA	NA	NA	NA	NA	NA	2	1	1	1	1	1	NA	NA	NA	2	1	1
16	34837	22387500	1	1	0	3	a	6	1	0	0.0782830304547	0.142099564678	1	0	1	1	0	1	NA	NA	NA	NA	NA	NA	NA	1	0	1	1	0	1	NA	NA	NA	1	0	1
16	22387501	22657500	1	1	0	2	d	4	0.65	0.65	0.05	0.31535928707	1	0	1	1	0	1	NA	NA	NA	NA	NA	NA	NA	1	0	1	1	0	0.675907	1	1	0.324093	1	0	1
16	22657501	32903180	1	1	0	3	a	6	1	0	0.0762464499199	0.216457562681	1	0	1	1	0	1	NA	NA	NA	NA	NA	NA	NA	1	0	1	1	0	1	NA	NA	NA	1	0	1
16	32903181	33735716	1	1	0	3	b	5	NA	NA	NA	NA	1	0	1	1	0	1	NA	NA	NA	NA	NA	NA	NA	1	0	1	1	0	1	NA	NA	NA	1	0	1
16	33735717	38599999	1	1	0	3	a	6	1	0	0.05	0.198283101358	1	0	1	1	0	1	NA	NA	NA	NA	NA	NA	NA	1	0	1	1	0	1	NA	NA	NA	1	0	1
16	38600000	46442499	1	1	0	2	d	4	NA	NA	NA	NA	1	0	1	NA	NA	NA	NA	NA	NA	NA	NA	NA	NA	1	0	1	1	0	1	NA	NA	NA	1	0	1
16	46442500	88822500	1	1	0	3	a	6	1	0	0.0793105324829	0.115159156559	1	0	1	1	0	1	NA	NA	NA	NA	NA	NA	NA	1	0	1	1	0	1	NA	NA	NA	1	0	1
16	88822501	90354752	1	1	0	3	b	5	NA	NA	NA	NA	1	0	1	1	0	1	NA	NA	NA	NA	NA	NA	NA	1	0	1	1	0	1	NA	NA	NA	1	0	1
17	1869	22199999	1	1	0	3	a	6	1	0	0.0808999813524	0.1476429447	1	0	1	1	0	1	NA	NA	NA	NA	NA	NA	NA	1	0	1	1	0	1	NA	NA	NA	1	0	1
17	22200000	25799999	NA	NA	NA	NA	NA	NA	1	1	0.0657666667809	0.240719893485	2	1	1	NA	NA	NA	NA	NA	NA	NA	NA	NA	NA	2	1	1	1	1	1	NA	NA	NA	2	1	1
17	25800000	63550590	2	1	1	3	a	6	1	1	0.0487668753291	0.191885077389	2	1	1	1	1	1	NA	NA	NA	NA	NA	NA	NA	2	1	1	1	1	1	NA	NA	NA	2	1	1
17	63550591	64472810	1	1	0	3	a	6	1	0	0.078949731737	0.105625004271	1	0	1	1	0	1	NA	NA	NA	NA	NA	NA	NA	1	0	1	1	0	1	NA	NA	NA	1	0	1
17	64472811	78772500	2	1	1	3	a	6	1	1	0.0506261539325	0.15717132912	2	1	1	1	1	1	NA	NA	NA	NA	NA	NA	NA	2	1	1	1	1	1	NA	NA	NA	2	1	1
17	78772501	81195209	2	1	1	2	d	4	NA	NA	NA	NA	2	1	1	1	0	0.0919117647058847	1	1	0.908088235294115	0.0313988583536288	0.0307941324113999	0.0611397149634704	0.181231154586029	2	1	1	1	1	1	NA	NA	NA	2	1	1
18	27500	15399999	2	1	1	3	a	6	1	1	0.0439478891446	0.193110169785	2	1	1	1	1	1	NA	NA	NA	NA	NA	NA	NA	2	1	1	1	1	1	NA	NA	NA	2	1	1
18	15400000	18999999	2	1	1	3	a	6	1	1	0.05	0.204009801799	2	1	1	1	1	1	NA	NA	NA	NA	NA	NA	NA	2	1	1	1	1	1	NA	NA	NA	2	1	1
18	19000000	76117000	2	1	1	3	a	6	1	1	0.0443900308112	0.159265879406	2	1	1	1	1	1	NA	NA	NA	NA	NA	NA	NA	2	1	1	1	1	1	NA	NA	NA	2	1	1
18	76117001	78077247	2	1	1	2	d	4	NA	NA	NA	NA	2	1	1	1	0	0.0828669565008484	1	1	0.917133043499152	0.0171776213074987	0.0162989628515594	0.0812769925816279	0.145141249937883	2	1	1	1	1	1	NA	NA	NA	2	1	1
19	102500	15383549	1	1	0	3	a	6	1	0	0.0825835800757	0.141373396393	1	0	1	1	0	1	NA	NA	NA	NA	NA	NA	NA	1	0	1	1	0	1	NA	NA	NA	1	0	1
19	15383550	15588659	2	1	1	3	b	6	1	1	0.05	0.174611038446	1	0	1	1	1	1	NA	NA	NA	NA	NA	NA	NA	2	1	1	1	1	1	NA	NA	NA	2	1	1
19	15588660	15620938	1	1	0	1	g	NA	NA	NA	NA	NA	NA	NA	NA	1	1	1	NA	NA	NA	NA	NA	NA	NA	1	0	1	1	0	1	NA	NA	NA	2	1	1
19	15620939	16417218	1	1	0	3	a	6	1	0	0.0884450331136	0.136547845936	1	0	1	1	0	1	NA	NA	NA	NA	NA	NA	NA	1	0	1	1	0	1	NA	NA	NA	1	0	1
19	16417219	17066858	2	1	1	2	d	4	1	1	0.060874082115	0.151103813034	1.723319	0.861659479	0.86165948	1	0	0.14705882352941	1	1	0.85294117647059	0.0459913894206582	0.0455925980170036	0.0864870767244481	0.25915682607489	2	1	1	1	1	1	NA	NA	NA	2	1	1
19	17066859	19126634	1	1	0	3	a	6	1	0	0.0946189164508	0.106271852102	1	0	1	1	0	1	NA	NA	NA	NA	NA	NA	NA	1	0	1	1	0	1	NA	NA	NA	1	0	1
19	19126635	20222499	2	1	1	3	a	6	1	1	0.0464107803397	0.180084473167	2	1	1	1	1	1	NA	NA	NA	NA	NA	NA	NA	2	1	1	1	1	1	NA	NA	NA	2	1	1
19	20222500	20312820	3	2	1	2	d	3	2	1	0.05	0.242751857707	2	1	1	1	1	0.188640973630834	2	1	0.811359026369166	0.0732620364300599	0.0738495072321519	0.0463955650766424	0.339287664998189	3	1	2	2	1	1	NA	NA	NA	2	1	1
19	20312821	24028234	1	1	0	3	a	6	1	0	0.071663671868	0.167564147674	1	0	1	1	0	1	NA	NA	NA	NA	NA	NA	NA	1	0	1	1	0	1	NA	NA	NA	1	0	1
19	24028235	24031156	1	1	0	2	d	4	1	0	0.05	0.1	1	0	1	7	0	1	NA	NA	NA	NA	NA	NA	NA	1	0	1	1	0	1	NA	NA	NA	2	0	2
19	24031157	24399999	1	1	0	3	a	6	1	0	0.0656266841464	0.104697851269	1	0	1	1	0	1	NA	NA	NA	NA	NA	NA	NA	1	0	1	1	0	1	NA	NA	NA	1	0	1
19	24400000	28599999	NA	NA	NA	NA	NA	NA	1	1	0.0820209788464	0.387129601073	1.798668	0.78191205	1.01675585	NA	NA	NA	NA	NA	NA	NA	NA	NA	NA	2	1	1	1	0	0.368814	1	1	0.631186	2	1	1
19	28600000	59128982	2	1	1	3	a	6	1	1	0.0525252384755	0.35166658287	2	1	1	1	1	1	NA	NA	NA	NA	NA	NA	NA	2	1	1	1	1	1	NA	NA	NA	2	1	1
20	17500	25599999	2	1	1	3	a	6	1	1	0.045385537166	0.158038021943	2	1	1	1	1	1	NA	NA	NA	NA	NA	NA	NA	2	1	1	1	1	1	NA	NA	NA	2	1	1
20	25600000	29399999	2	1	1	3	a	6	1	1	0.0426920595536	0.225541788518	2	1	1	1	1	1	NA	NA	NA	NA	NA	NA	NA	2	1	1	1	1	1	NA	NA	NA	2	1	1
20	29400000	62432500	2	1	1	3	a	6	1	1	0.0494259811895	0.171836103736	2	1	1	1	1	1	NA	NA	NA	NA	NA	NA	NA	2	1	1	1	1	1	NA	NA	NA	2	1	1
21	1	9417499	NA	NA	NA	NA	NA	NA	1	1	0.05	0.1	NA	NA	NA	NA	NA	NA	NA	NA	NA	NA	NA	NA	NA	NA	NA	NA	1	0	0.759732	1	1	0.240268	NA	NA	NA
21	9417500	10691449	NA	NA	NA	NA	NA	NA	1	1	0.05	0.63569792034	NA	NA	NA	NA	NA	NA	NA	NA	NA	NA	NA	NA	NA	NA	NA	NA	1	0	0.759732	1	1	0.240268	NA	NA	NA
21	10691450	10899999	1	1	0	1	g	NA	1	1	0.05	0.243256806859	NA	NA	NA	NA	NA	NA	NA	NA	NA	NA	NA	NA	NA	NA	NA	NA	2	0	0.142842	1	0	0.857158	NA	NA	NA
21	10900000	14299999	NA	NA	NA	NA	NA	NA	1	1	0.05	0.328395897841	NA	NA	NA	NA	NA	NA	NA	NA	NA	NA	NA	NA	NA	NA	NA	NA	2	0	0.142842	1	0	0.857158	NA	NA	NA
21	14300000	46937500	2	1	1	2	d	3	1	1	0.0523156952412	0.160382668689	1.809291	0.904645648	0.90464565	1	0	0.190336789405353	1	1	0.809663210594647	0.00331951595060252	0.00331138140439844	0.184015479540638	0.196942219612688	2	1	1	1	1	1	NA	NA	NA	NA	NA	NA
21	46937501	48129894	2	1	1	2	d	2	NA	NA	NA	NA	1.819753	0.794837862	1.02491533	1	0	0.190336789405353	1	1	0.809663210594647	0.00331951595060252	0.00331138140439844	0.184015479540638	0.196942219612688	2	1	1	1	1	1	NA	NA	NA	NA	NA	NA
22	1	12199999	2	1	1	1	h	1	NA	NA	NA	NA	NA	NA	NA	NA	NA	NA	NA	NA	NA	NA	NA	NA	NA	NA	NA	NA	NA	NA	NA	NA	NA	NA	2	1	1
22	12200000	17899999	2	1	1	3	a	6	1	1	0.0452044433464	0.223257582203	2	1	1	1	1	1	NA	NA	NA	NA	NA	NA	NA	2	1	1	1	1	1	NA	NA	NA	2	1	1
22	17900000	49687500	2	1	1	3	a	6	1	1	0.0514309477651	0.178026030581	2	1	1	1	1	1	NA	NA	NA	NA	NA	NA	NA	2	1	1	1	1	1	NA	NA	NA	2	1	1
22	49687501	51304565	2	1	1	3	b	5	NA	NA	NA	NA	2	1	1	1	1	1	NA	NA	NA	NA	NA	NA	NA	2	1	1	1	1	1	NA	NA	NA	2	1	1
X	1	58099999	1	1	0	3	a	3	1	0	0.0665240364926	0.262030596942	1	0	1	NA	NA	NA	NA	NA	NA	NA	NA	NA	NA	1	0	1	NA	NA	NA	NA	NA	NA	1	0	1
X	58100000	62999999	1	1	0	2	d	2	0.5	0	0.05	0.465711944299	1	0	1	NA	NA	NA	NA	NA	NA	NA	NA	NA	NA	1	0	1	NA	NA	NA	NA	NA	NA	1	0	1
X	63000000	155270559	1	1	0	3	a	3	1	0	0.05	0.197677648777	1	0	1	NA	NA	NA	NA	NA	NA	NA	NA	NA	NA	1	0	1	NA	NA	NA	NA	NA	NA	1	0	1
Y	1	11599999	1	1	0	1	h	1	NA	NA	NA	NA	1	0	1	NA	NA	NA	NA	NA	NA	NA	NA	NA	NA	NA	NA	NA	NA	NA	NA	NA	NA	NA	NA	NA	NA
Y	11600000	13399999	1	1	0	1	h	1	NA	NA	NA	NA	1	0	1	NA	NA	NA	NA	NA	NA	NA	NA	NA	NA	NA	NA	NA	NA	NA	NA	NA	NA	NA	NA	NA	NA
Y	13400000	59373565	1	1	0	1	h	1	NA	NA	NA	NA	1	0	1	NA	NA	NA	NA	NA	NA	NA	NA	NA	NA	NA	NA	NA	NA	NA	NA	NA	NA	NA	NA	NA	NA
