chromosome	start	end	total_cn	major_cn	minor_cn	star	level	methods_agree	absolute_broad_major_cn	absolute_broad_minor_cn	absolute_broad_het_error	absolute_broad_cov_error	aceseq_copy_number	aceseq_minor_cn	aceseq_major_cn	battenberg_nMaj1_A	battenberg_nMin1_A	battenberg_frac1_A	battenberg_nMaj2_A	battenberg_nMin2_A	battenberg_frac2_A	battenberg_SDfrac_A	battenberg_SDfrac_A_BS	battenberg_frac1_A_0.025	battenberg_frac1_A_0.975	clonehd_copy_number	clonehd_minor_cn	clonehd_major_cn	sclust_nMaj1_A	sclust_nMin1_A	sclust_frac1_A	sclust_nMaj2_A	sclust_nMin2_A	sclust_frac2_A	jabba_copy_number	jabba_minor_cn	jabba_major_cn
1	10001	74745352	3	2	1	3	a	6	2	1	0.0642088326394	0.205642921491	3	1	2	2	1	1	NA	NA	NA	NA	NA	NA	NA	3	1	2	2	1	1	NA	NA	NA	3	1	2
1	74745353	74745640	3	2	1	2	d	4	2	1	0.05	0.1	3	1	2	NA	NA	NA	NA	NA	NA	NA	NA	NA	NA	NA	NA	NA	2	1	1	NA	NA	NA	3	1	2
1	74745641	74763210	3	2	1	2	d	3	2	1	0.05	0.1	NA	NA	NA	3	1	0.631412514037926	3	2	0.368587485962074	NA	0	0.631412514037926	0.631412514037926	NA	NA	NA	2	1	1	NA	NA	NA	3	1	2
1	74763211	74763344	3	2	1	2	d	3	2	1	0.05	0.1	NA	NA	NA	NA	NA	NA	NA	NA	NA	NA	NA	NA	NA	NA	NA	NA	2	1	1	NA	NA	NA	3	1	2
1	74763345	74825448	3	2	1	2	d	4	2	1	0.05	0.157863674064	NA	NA	NA	2	1	0.670710927964612	3	1	0.329289072035388	NA	0	0.670710927964612	0.670710927964612	3	1	2	2	1	1	NA	NA	NA	3	1	2
1	74825449	74825613	3	2	1	2	d	3	2	1	0.05	0.1	NA	NA	NA	NA	NA	NA	NA	NA	NA	NA	NA	NA	NA	NA	NA	NA	2	1	1	NA	NA	NA	3	1	2
1	74825614	74832463	3	2	1	2	d	3	2	1	0.05	0.1	NA	NA	NA	2	1	0.90345461356688	2	2	0.0965453864331198	NA	0	0.90345461356688	0.90345461356688	NA	NA	NA	2	1	1	NA	NA	NA	3	1	2
1	74832464	74832565	3	2	1	2	d	3	2	1	0.05	0.1	NA	NA	NA	NA	NA	NA	NA	NA	NA	NA	NA	NA	NA	NA	NA	NA	2	1	1	NA	NA	NA	3	1	2
1	74832566	74865058	3	2	1	2	d	3	2	1	0.05	0.1	NA	NA	NA	2	2	1	NA	NA	NA	NA	NA	NA	NA	NA	NA	NA	2	1	1	NA	NA	NA	3	1	2
1	74865059	74865223	3	2	1	2	d	3	2	1	0.05	0.1	NA	NA	NA	2	2	1	NA	NA	NA	NA	NA	NA	NA	NA	NA	NA	2	1	1	NA	NA	NA	3	1	2
1	74865224	74882005	3	2	1	2	d	4	2	1	0.05	0.1	NA	NA	NA	2	2	1	NA	NA	NA	NA	NA	NA	NA	3	1	2	2	1	1	NA	NA	NA	3	1	2
1	74882006	74882199	3	2	1	2	d	3	2	1	0.05	0.1	NA	NA	NA	NA	NA	NA	NA	NA	NA	NA	NA	NA	NA	NA	NA	NA	2	1	1	NA	NA	NA	3	1	2
1	74882200	74883906	3	2	1	2	d	4	2	1	0.05	0.1	NA	NA	NA	NA	NA	NA	NA	NA	NA	NA	NA	NA	NA	3	1	2	2	1	1	NA	NA	NA	3	1	2
1	74883907	74884073	3	2	1	2	d	3	2	1	0.05	0.1	NA	NA	NA	NA	NA	NA	NA	NA	NA	NA	NA	NA	NA	NA	NA	NA	2	1	1	NA	NA	NA	3	1	2
1	74884074	74886802	3	2	1	2	d	3	2	1	0.05	0.1	NA	NA	NA	NA	NA	NA	NA	NA	NA	NA	NA	NA	NA	1	0	1	2	1	1	NA	NA	NA	3	1	2
1	74886803	74887020	3	2	1	2	d	3	2	1	0.05	0.1	NA	NA	NA	NA	NA	NA	NA	NA	NA	NA	NA	NA	NA	NA	NA	NA	2	1	1	NA	NA	NA	3	1	2
1	74887021	74902716	3	2	1	2	d	4	2	1	0.05	0.1	NA	NA	NA	3	1	0.446945608855865	3	2	0.553054391144135	NA	0	0.446945608855865	0.446945608855865	3	1	2	2	1	1	NA	NA	NA	3	1	2
1	74902717	74902928	3	2	1	2	d	3	2	1	0.05	0.1	NA	NA	NA	NA	NA	NA	NA	NA	NA	NA	NA	NA	NA	NA	NA	NA	2	1	1	NA	NA	NA	3	1	2
1	74902929	74906038	3	2	1	2	d	3	2	1	0.05	0.1	NA	NA	NA	NA	NA	NA	NA	NA	NA	NA	NA	NA	NA	NA	NA	NA	2	1	1	NA	NA	NA	3	1	2
1	74906039	74906108	3	2	1	2	d	3	2	1	0.05	0.1	NA	NA	NA	NA	NA	NA	NA	NA	NA	NA	NA	NA	NA	NA	NA	NA	2	1	1	NA	NA	NA	3	1	2
1	74906109	75069362	3	2	1	3	a	6	2	1	0.0589757098386	0.199899375885	3	1	2	2	1	1	NA	NA	NA	NA	NA	NA	NA	3	1	2	2	1	1	NA	NA	NA	3	1	2
1	75069363	75069481	3	2	1	3	b	5	2	1	0.05	0.1	3	1	2	2	1	1	NA	NA	NA	NA	NA	NA	NA	NA	NA	NA	2	1	1	NA	NA	NA	3	1	2
1	75069482	75177116	3	2	1	3	a	6	2	1	0.0666029642496	0.136700616158	3	1	2	2	1	1	NA	NA	NA	NA	NA	NA	NA	3	1	2	2	1	1	NA	NA	NA	3	1	2
1	75177117	75177216	3	2	1	3	b	5	2	1	0.05	0.1	3	1	2	2	1	1	NA	NA	NA	NA	NA	NA	NA	NA	NA	NA	2	1	1	NA	NA	NA	3	1	2
1	75177217	75182374	3	2	1	3	b	5	2	1	0.05	0.1	NA	NA	NA	2	1	1	NA	NA	NA	NA	NA	NA	NA	3	1	2	2	1	1	NA	NA	NA	3	1	2
1	75182375	75182916	3	2	1	2	d	3	2.07	1	0.05	0.1	NA	NA	NA	2	1	1	NA	NA	NA	NA	NA	NA	NA	NA	NA	NA	2	1	1	NA	NA	NA	3	1	2
1	75182917	75461336	3	2	1	2	d	4	2.07	1	0.0776993502113	0.21995698559	2.953754	1.066079847	1.88767418	2	1	1	NA	NA	NA	NA	NA	NA	NA	3	1	2	2	1	1	NA	NA	NA	3	1	2
1	75461337	75461528	3	2	1	2	d	3	2.07	1	0.05	0.1	2.953754	1.066079847	1.88767418	2	1	1	NA	NA	NA	NA	NA	NA	NA	NA	NA	NA	2	1	1	NA	NA	NA	3	1	2
1	75461529	121371938	3	2	1	2	d	5	2.07	1	0.0614313393077	0.219456785953	3	1	2	2	1	1	NA	NA	NA	NA	NA	NA	NA	3	1	2	2	1	1	NA	NA	NA	3	1	2
1	121371939	128899999	NA	NA	NA	NA	NA	NA	1.63	1.63	0.05	0.1	3	1	2	NA	NA	NA	NA	NA	NA	NA	NA	NA	NA	NA	NA	NA	2	2	1	NA	NA	NA	4	2	2
1	128900000	145100061	4	2	2	2	d	2	1.63	1.63	0.05	0.602290640363	NA	NA	NA	2	1	1	NA	NA	NA	NA	NA	NA	NA	NA	NA	NA	2	2	1	NA	NA	NA	4	2	2
1	145100062	247199600	4	2	2	2	d	5	1.63	1.63	0.0377629934981	0.20118668956	4	2	2	2	2	1	NA	NA	NA	NA	NA	NA	NA	4	2	2	2	2	1	NA	NA	NA	4	2	2
1	247199601	249250620	4	2	2	2	d	5	1.63	1.63	0.0418899223187	0.103725420326	4	2	2	2	2	1	NA	NA	NA	NA	NA	NA	NA	4	2	2	2	2	1	NA	NA	NA	4	2	2
2	12154	89179989	3	2	1	2	d	2	2	1.34	0.056377767592	0.219769470591	3.305104	1.334788357	1.97031525	2	1	0.648274132832163	2	2	0.351725867167837	0.00202679637831676	0.00208035512296977	0.644225450139023	0.652410285576467	3	1	2	2	2	0.353692	2	1	0.646308	3	1	2
2	89179990	90499999	4	2	2	2	f	3	NA	NA	NA	NA	3.202049	1.2427244899	1.95932483	2	1	0.648274132832163	2	2	0.351725867167837	0.00202679637831676	0.00208035512296977	0.644225450139023	0.652410285576467	4	2	2	2	2	0.257083	2	1	0.742917	3	1	2
2	90500000	96799999	NA	NA	NA	NA	NA	NA	3	1	0.0773685853064	0.568398980336	4.440175	1.115245793	3.32492915	NA	NA	NA	NA	NA	NA	NA	NA	NA	NA	5	2	3	3	2	0.208913	3	1	0.791087	3	1	2
2	96800000	99200023	5	3	2	3	a	6	3	2	0.0517334081447	0.627790603417	5	2	3	3	2	1	NA	NA	NA	NA	NA	NA	NA	5	2	3	3	2	1	NA	NA	NA	5	2	3
2	99200024	149151034	4	3	1	2	d	5	3.07	1	0.0520724684987	0.241471843867	4	1	3	3	1	1	NA	NA	NA	NA	NA	NA	NA	4	1	3	3	1	1	NA	NA	NA	4	1	3
2	149151035	149610153	4	3	1	2	d	2	3.37	1	0.0429918922201	0.265187865823	4.403736	0.9893099431	3.41442588	3	1	0.522688547570428	4	1	0.477311452429572	0.0548016199602102	0.0530488747330575	0.470510803184317	0.674726565905646	4	1	3	4	1	0.500005	3	1	0.499995	4	1	3
2	149610154	149681516	6	5	1	2	d	2	4.58	1	0.05	0.284465881996	4.403736	0.9893099431	3.41442588	4	1	1	NA	NA	NA	NA	NA	NA	NA	NA	NA	NA	5	1	1	NA	NA	NA	6	1	5
2	149681517	150910005	5	4	1	2	e	3	4.58	1	0.0409717601886	0.307831311579	5.482205	0.9934305816	4.48877438	5	1	1	NA	NA	NA	NA	NA	NA	NA	5	1	4	5	1	1	NA	NA	NA	5	1	4
2	150910006	154799992	4	3	1	3	a	6	3	1	0.0556993894221	0.198966607025	4	1	3	3	1	1	NA	NA	NA	NA	NA	NA	NA	4	1	3	3	1	1	NA	NA	NA	4	1	3
2	154799993	242985493	5	4	1	2	d	5	3.66	0.93	0.0442871640885	0.304621770462	5	1	4	4	1	1	NA	NA	NA	NA	NA	NA	NA	5	1	4	4	1	1	NA	NA	NA	5	1	4
3	100074	60320009	3	2	1	3	a	6	2	1	0.0636063844165	0.200067936814	3	1	2	2	1	1	NA	NA	NA	NA	NA	NA	NA	3	1	2	2	1	1	NA	NA	NA	3	1	2
3	60320010	60583802	3	2	1	1	g	NA	2	1.93	0.05	0.497745666146	3	1	2	2	2	1	NA	NA	NA	NA	NA	NA	NA	NA	NA	NA	2	1	1	NA	NA	NA	4	2	2
3	60583803	87899999	3	2	1	3	a	6	2	1	0.0630580305845	0.199298765306	3	1	2	2	1	1	NA	NA	NA	NA	NA	NA	NA	3	1	2	2	1	1	NA	NA	NA	3	1	2
3	87900000	93899999	NA	NA	NA	NA	NA	NA	2	1	0.0648876981556	0.40750974965	3.13722	1.0564710496	2.08074914	NA	NA	NA	NA	NA	NA	NA	NA	NA	NA	3	1	2	2	1	1	NA	NA	NA	3	1	2
3	93900000	94988001	6	4	2	2	d	3	3.71	2	0.0403887658974	0.355649325878	6.159244	2.07131679	4.08792709	4	2	1	NA	NA	NA	NA	NA	NA	NA	6	2	4	4	2	1	NA	NA	NA	5	2	3
3	94988002	161933547	6	4	2	2	d	4	4.19	2	0.0461220882217	0.353500674581	6.147491	2.0656768871	4.08181368	4	2	1	NA	NA	NA	NA	NA	NA	NA	6	2	4	4	2	1	NA	NA	NA	6	2	4
3	161933548	161958784	6	4	2	2	d	3	NA	NA	NA	NA	6.147491	2.0656768871	4.08181368	4	2	1	NA	NA	NA	NA	NA	NA	NA	NA	NA	NA	4	2	1	NA	NA	NA	6	2	4
3	161958785	161960148	6	4	2	2	d	2	NA	NA	NA	NA	NA	NA	NA	4	2	1	NA	NA	NA	NA	NA	NA	NA	NA	NA	NA	4	2	1	NA	NA	NA	NA	NA	NA
3	161960149	161961749	6	4	2	2	d	2	NA	NA	NA	NA	NA	NA	NA	4	2	1	NA	NA	NA	NA	NA	NA	NA	NA	NA	NA	4	2	1	NA	NA	NA	NA	NA	NA
3	161961750	162515343	6	4	2	2	d	4	4.19	2	0.064939197881	0.433772674267	6.109312	2.0199762626	4.08933601	4	2	1	NA	NA	NA	NA	NA	NA	NA	6	2	4	4	2	1	NA	NA	NA	6	2	4
3	162515344	197779891	6	4	2	2	d	4	4.19	2	0.0472125504087	0.360750730678	6.153127	2.0626546873	4.09047248	4	2	1	NA	NA	NA	NA	NA	NA	NA	6	2	4	4	2	1	NA	NA	NA	6	2	4
4	41465	38857952	3	2	1	2	d	5	2.12	1	0.063854962151	0.213613798661	3	1	2	2	1	1	NA	NA	NA	NA	NA	NA	NA	3	1	2	2	1	1	NA	NA	NA	3	1	2
4	38857953	48199999	3	2	1	2	d	5	2.12	1	0.0596830414246	0.197882262661	3	1	2	2	1	1	NA	NA	NA	NA	NA	NA	NA	3	1	2	2	1	1	NA	NA	NA	3	1	2
4	48200000	52699999	3	2	1	2	d	5	2.12	1	0.0606287348566	0.367242497354	3	1	2	2	1	1	NA	NA	NA	NA	NA	NA	NA	3	1	2	2	1	1	NA	NA	NA	3	1	2
4	52700000	60373736	3	2	1	2	d	5	2.12	1	0.0595977360535	0.200592112168	3	1	2	2	1	1	NA	NA	NA	NA	NA	NA	NA	3	1	2	2	1	1	NA	NA	NA	3	1	2
4	60373737	65113321	2	1	1	2	d	5	1.15	1.15	0.0489416360561	0.146837051182	2	1	1	1	1	1	NA	NA	NA	NA	NA	NA	NA	2	1	1	1	1	1	NA	NA	NA	2	1	1
4	65113322	65569997	3	2	1	2	d	5	2	1.34	0.0653385430295	0.195636989286	3	1	2	2	1	1	NA	NA	NA	NA	NA	NA	NA	3	1	2	2	1	1	NA	NA	NA	3	1	2
4	65569998	183042745	2	1	1	2	d	5	1.15	1.15	0.0486595248706	0.155456261595	2	1	1	1	1	1	NA	NA	NA	NA	NA	NA	NA	2	1	1	1	1	1	NA	NA	NA	2	1	1
4	183042746	183044541	2	1	1	2	d	3	1.15	1.15	0.05	0.1	2	1	1	1	0	0.916751084162334	1	1	0.0832489158376656	NA	0	0.916751084162334	0.916751084162334	NA	NA	NA	1	1	1	NA	NA	NA	2	1	1
4	183044542	191154275	2	1	1	2	d	5	1.15	1.15	0.0548355736037	0.155073302576	2	1	1	1	1	1	NA	NA	NA	NA	NA	NA	NA	2	1	1	1	1	1	NA	NA	NA	2	1	1
5	22500	10052838	4	2	2	2	d	5	1.93	1.93	0.03942295063	0.315032689687	4	2	2	2	2	1	NA	NA	NA	NA	NA	NA	NA	4	2	2	2	2	1	NA	NA	NA	4	2	2
5	10052839	10179268	4	2	2	2	e	5	1.72	1.63	0.0456731550118	0.12918243944	3.455144	1.466468798	1.98867547	2	1	0.535380511743333	2	2	0.464619488256667	0.0417221126038539	0.0425229693658727	0.391615668318049	0.561886914860028	3	1	2	2	2	0.445785	2	1	0.554215	4	2	2
5	10179269	46099999	4	2	2	3	a	6	2	2	0.0381756273964	0.235192364996	4	2	2	2	2	1	NA	NA	NA	NA	NA	NA	NA	4	2	2	2	2	1	NA	NA	NA	4	2	2
5	46100000	51446068	NA	NA	NA	NA	NA	NA	2	2	0.0337618045254	0.304599118315	4	2	2	2	2	1	NA	NA	NA	NA	NA	NA	NA	4	2	2	2	2	1	NA	NA	NA	3	1	2
5	51446069	86259771	3	2	1	3	a	6	2	1	0.06100092386	0.193722065402	3	1	2	2	1	1	NA	NA	NA	NA	NA	NA	NA	3	1	2	2	1	1	NA	NA	NA	3	1	2
5	86259772	180915259	4	3	1	2	d	5	3.12	1	0.0524293057033	0.257529051425	4	1	3	3	1	1	NA	NA	NA	NA	NA	NA	NA	4	1	3	3	1	1	NA	NA	NA	4	1	3
6	39681	205799	5	4	1	2	d	2	NA	NA	NA	NA	NA	NA	NA	NA	NA	NA	NA	NA	NA	NA	NA	NA	NA	NA	NA	NA	4	1	1	NA	NA	NA	5	1	4
6	205800	501744	5	4	1	2	d	5	4	1	0.0452844749882	0.673483771003	4.852873	0.9598151832	3.89305819	4	1	1	NA	NA	NA	NA	NA	NA	NA	5	1	4	4	1	1	NA	NA	NA	5	1	4
6	501745	1879761	5	4	1	3	a	6	4	1	0.0463797639662	0.274070674663	5	1	4	4	1	1	NA	NA	NA	NA	NA	NA	NA	5	1	4	4	1	1	NA	NA	NA	5	1	4
6	1879762	17281593	3	2	1	3	a	6	2	1	0.0652313751268	0.17711551464	3	1	2	2	1	1	NA	NA	NA	NA	NA	NA	NA	3	1	2	2	1	1	NA	NA	NA	3	1	2
6	17281594	17295796	5	4	1	1	g	NA	2	1	0.05	0.1	3	1	2	1	0	1	NA	NA	NA	NA	NA	NA	NA	1	0	1	4	1	1	NA	NA	NA	1	0	1
6	17295797	17297182	5	4	1	1	g	NA	NA	NA	NA	NA	NA	NA	NA	1	1	0.59718512968625	2	1	0.40281487031375	NA	0	0.59718512968625	0.59718512968625	NA	NA	NA	4	1	1	NA	NA	NA	3	1	2
6	17297183	18257427	5	4	1	3	a	6	4	1	0.046644869988	0.241994800873	5	1	4	4	1	1	NA	NA	NA	NA	NA	NA	NA	5	1	4	4	1	1	NA	NA	NA	5	1	4
6	18257428	29556068	3	2	1	3	a	6	2	1	0.0624992515991	0.181853825814	3	1	2	2	1	1	NA	NA	NA	NA	NA	NA	NA	3	1	2	2	1	1	NA	NA	NA	3	1	2
6	29556069	29852001	5	4	1	2	d	5	3.71	1	0.0514098896666	0.266341776576	5	1	4	4	1	1	NA	NA	NA	NA	NA	NA	NA	5	1	4	4	1	1	NA	NA	NA	5	1	4
6	29852002	29855800	5	4	1	2	d	4	3.58	0.93	0.05	0.1	5	1	4	4	1	1	NA	NA	NA	NA	NA	NA	NA	NA	NA	NA	4	1	1	NA	NA	NA	5	1	4
6	29855801	32520183	5	4	1	2	d	5	3.58	0.93	0.057483643838	0.27558979216	5	1	4	4	1	1	NA	NA	NA	NA	NA	NA	NA	5	1	4	4	1	1	NA	NA	NA	5	1	4
6	32520184	38462647	5	4	1	2	d	5	3.77	0.93	0.0587983863426	0.271325589333	5	1	4	4	1	1	NA	NA	NA	NA	NA	NA	NA	5	1	4	4	1	1	NA	NA	NA	5	1	4
6	38462648	38537693	5	4	1	2	d	5	3.77	0.93	0.041133155164	0.302698618624	5	1	4	4	1	1	NA	NA	NA	NA	NA	NA	NA	5	1	4	4	1	1	NA	NA	NA	5	1	4
6	38537694	41388399	3	2	1	2	d	5	2.19	1.15	0.0588364717058	0.215223181712	3	1	2	2	1	1	NA	NA	NA	NA	NA	NA	NA	3	1	2	2	1	1	NA	NA	NA	3	1	2
6	41388400	45631388	5	4	1	2	d	5	4.37	1	0.0427519436131	0.320676838965	5	1	4	4	1	1	NA	NA	NA	NA	NA	NA	NA	5	1	4	4	1	1	NA	NA	NA	5	1	4
6	45631389	57309958	3	2	1	2	d	5	2.37	1.23	0.0625373530672	0.316266712602	3	1	2	2	1	1	NA	NA	NA	NA	NA	NA	NA	3	1	2	2	1	1	NA	NA	NA	3	1	2
6	57309959	58152499	4	2	2	2	d	5	2	2	0.0371155535863	0.263050694582	3.850818	1.9254088365	1.92540884	2	2	1	NA	NA	NA	NA	NA	NA	NA	4	2	2	2	2	1	NA	NA	NA	4	2	2
6	58152500	58699999	3	2	1	2	d	5	2	1	0.0527580481198	0.292212747089	3.850818	1.9254088365	1.92540884	2	1	1	NA	NA	NA	NA	NA	NA	NA	3	1	2	2	1	1	NA	NA	NA	3	1	2
6	58700000	64058420	NA	NA	NA	NA	NA	NA	2	2	0.0481214702201	0.370141489781	4	2	2	NA	NA	NA	NA	NA	NA	NA	NA	NA	NA	4	2	2	2	2	1	NA	NA	NA	3	1	2
6	64058421	64150275	2	2	0	3	b	6	2	0	0.05	0.0988770584813	4	2	2	2	0	1	NA	NA	NA	NA	NA	NA	NA	2	0	2	2	0	1	NA	NA	NA	2	0	2
6	64150276	75620340	4	2	2	2	d	5	2.12	2.12	0.0395043089605	0.255508507098	4	2	2	2	2	1	NA	NA	NA	NA	NA	NA	NA	4	2	2	2	2	1	NA	NA	NA	4	2	2
6	75620341	81542524	6	4	2	2	d	5	4.19	2	0.0441105947173	0.362255909748	6	2	4	4	2	1	NA	NA	NA	NA	NA	NA	NA	6	2	4	4	2	1	NA	NA	NA	6	2	4
6	81542525	98839539	4	2	2	2	d	5	2.12	2.12	0.0356379341183	0.264394442541	4	2	2	2	2	1	NA	NA	NA	NA	NA	NA	NA	4	2	2	2	2	1	NA	NA	NA	4	2	2
6	98839540	170899800	2	2	0	3	a	6	2	0	0.0424470954234	0.141465927569	2	0	2	2	0	1	NA	NA	NA	NA	NA	NA	NA	2	0	2	2	0	1	NA	NA	NA	2	0	2
7	40386	57999999	3	2	1	3	a	6	2	1	0.0628796290222	0.194062997119	3	1	2	2	1	1	NA	NA	NA	NA	NA	NA	NA	3	1	2	2	1	1	NA	NA	NA	3	1	2
7	58000000	61699999	3	2	1	3	b	5	2	1	0.05	0.159898442593	3	1	2	2	1	1	NA	NA	NA	NA	NA	NA	NA	NA	NA	NA	2	1	1	NA	NA	NA	3	1	2
7	61700000	158821400	3	2	1	3	a	6	2	1	0.063559918989	0.205784463118	3	1	2	2	1	1	NA	NA	NA	NA	NA	NA	NA	3	1	2	2	1	1	NA	NA	NA	3	1	2
8	156504	7975602	2	2	0	2	d	5	2.28	0	0.0447780548454	1.01359714934	2	0	2	2	0	1	NA	NA	NA	NA	NA	NA	NA	2	0	2	2	0	1	NA	NA	NA	2	0	2
8	7975603	39230024	2	2	0	2	d	5	2.28	0	0.0431808304269	0.162222943053	2	0	2	2	0	1	NA	NA	NA	NA	NA	NA	NA	2	0	2	2	0	1	NA	NA	NA	2	0	2
8	39230025	41916814	2	2	0	2	d	4	2.07	0	0.042484094919	0.13784167683	1.890101	0.0099108705	1.88019011	2	0	1	NA	NA	NA	NA	NA	NA	NA	2	0	2	2	0	1	NA	NA	NA	2	0	2
8	41916815	43099999	2	2	0	2	d	5	2.07	0	0.0332210814949	0.123420906566	2	0	2	2	0	1	NA	NA	NA	NA	NA	NA	NA	2	0	2	2	0	1	NA	NA	NA	2	0	2
8	43100000	48099999	2	2	0	2	d	4	2.07	0	0.0404577072264	0.257988766833	2	0	2	NA	NA	NA	NA	NA	NA	NA	NA	NA	NA	2	0	2	2	0	1	NA	NA	NA	2	0	2
8	48100000	83229615	2	2	0	2	d	5	2.07	0	0.0422872333393	0.148342694755	2	0	2	2	0	1	NA	NA	NA	NA	NA	NA	NA	2	0	2	2	0	1	NA	NA	NA	2	0	2
8	83229616	83437210	4	2	2	2	d	3	2.28	2.28	0.0296080373948	0.260466846362	4.126282	2.0631409718	2.06314097	2	2	0.859035450365453	3	2	0.140964549634547	0.0492688928370968	0.0519372653511724	0.766845844903853	0.973998960954165	4	2	2	2	2	1	NA	NA	NA	4	2	2
8	83437211	84191814	2	2	0	2	d	5	2.12	0	0.0394592365797	0.152261922872	2	0	2	2	0	1	NA	NA	NA	NA	NA	NA	NA	2	0	2	2	0	1	NA	NA	NA	2	0	2
8	84191815	146364021	4	2	2	2	d	3	2.07	2.07	0.0378373055567	0.256736376103	4.143972	2.071986109	2.07198611	2	2	0.843638112266184	3	2	0.156361887733816	0.00330980495635641	0.00337344735073825	0.840865605897209	0.854297881165424	4	2	2	2	2	1	NA	NA	NA	4	2	2
9	47500	8694177	2	2	0	2	d	5	2.58	0	0.0424586446692	0.172996224143	2	0	2	2	0	1	NA	NA	NA	NA	NA	NA	NA	2	0	2	2	0	1	NA	NA	NA	2	0	2
9	8694178	8695909	2	2	0	2	d	4	2.58	0	0.05	0.1	2	0	2	6	0	1	NA	NA	NA	NA	NA	NA	NA	2	0	2	2	0	1	NA	NA	NA	2	0	2
9	8695910	8696246	2	2	0	2	e	3	2.58	0	0.05	0.1	NA	NA	NA	3	0	1	NA	NA	NA	NA	NA	NA	NA	2	0	2	2	0	1	NA	NA	NA	3	0	3
9	8696247	20994381	2	2	0	2	d	5	2.58	0	0.0414256360044	0.175918611228	2	0	2	2	0	1	NA	NA	NA	NA	NA	NA	NA	2	0	2	2	0	1	NA	NA	NA	2	0	2
9	20994382	30204957	0	0	0	2	d	5	0	0	0.116922520046	0.041043919842	0	0	0	0	0	0.965259231509791	1	0	0.0347407684902091	0.0043442490010992	0.00428938001166132	0.956497662551834	0.973308537767712	0	0	0	0	0	1	NA	NA	NA	0	0	0
9	30204958	30206095	0	0	0	1	g	NA	NA	NA	NA	NA	0	0	0	1	0	1	NA	NA	NA	NA	NA	NA	NA	NA	NA	NA	0	0	1	NA	NA	NA	1	0	1
9	30206096	31333492	2	2	0	2	d	5	2.66	0	0.0384809701669	0.170938333488	2	0	2	2	0	1	NA	NA	NA	NA	NA	NA	NA	2	0	2	2	0	1	NA	NA	NA	2	0	2
9	31333493	31872913	1	1	0	2	d	5	1.53	0	0.0540399601766	0.20970443967	1	0	1	1	0	1	NA	NA	NA	NA	NA	NA	NA	1	0	1	1	0	1	NA	NA	NA	1	0	1
9	31872914	31877252	1	1	0	2	d	4	NA	NA	NA	NA	1	0	1	1	0	1	NA	NA	NA	NA	NA	NA	NA	1	0	1	4	0	1	NA	NA	NA	1	0	1
9	31877253	31879878	4	4	0	2	d	2	NA	NA	NA	NA	NA	NA	NA	4	0	1	NA	NA	NA	NA	NA	NA	NA	NA	NA	NA	4	0	1	NA	NA	NA	3	0	3
9	31879879	31881048	4	4	0	1	g	NA	NA	NA	NA	NA	NA	NA	NA	1	0	1	NA	NA	NA	NA	NA	NA	NA	NA	NA	NA	4	0	1	NA	NA	NA	2	0	2
9	31881049	31900263	4	4	0	2	d	3	6	0	0.05	0.1	NA	NA	NA	4	0	1	NA	NA	NA	NA	NA	NA	NA	4	0	4	4	0	1	NA	NA	NA	3	0	3
9	31900264	31911860	1	1	0	2	d	4	6	0	0.05	0.1	NA	NA	NA	1	0	1	NA	NA	NA	NA	NA	NA	NA	1	0	1	1	0	1	NA	NA	NA	1	0	1
9	31911861	31913063	1	1	0	1	g	NA	NA	NA	NA	NA	NA	NA	NA	18	0	1	NA	NA	NA	NA	NA	NA	NA	1	0	1	1	0	1	NA	NA	NA	4	0	4
9	31913064	31921048	1	1	0	1	g	NA	NA	NA	NA	NA	NA	NA	NA	2	0	1	NA	NA	NA	NA	NA	NA	NA	1	0	1	1	0	1	NA	NA	NA	2	0	2
9	31921049	31922637	3	3	0	2	e	0	1.42	0	0.05	0.1	NA	NA	NA	4	0	1	NA	NA	NA	NA	NA	NA	NA	1	0	1	1	0	1	NA	NA	NA	5	0	5
9	31922638	32559902	1	1	0	2	d	5	1.42	0	0.0704055872556	0.191631576633	1	0	1	1	0	1	NA	NA	NA	NA	NA	NA	NA	1	0	1	1	0	1	NA	NA	NA	1	0	1
9	32559903	33001375	4	4	0	2	d	3	5.66	0	0.0285909833487	0.735507631699	4.144543	0.0007419397	4.14380143	5	0	1	NA	NA	NA	NA	NA	NA	NA	4	0	4	4	0	1	NA	NA	NA	4	0	4
9	33001376	34177997	1	1	0	2	d	5	1.23	0	0.0899232939317	0.105503322011	1	0	1	1	0	1	NA	NA	NA	NA	NA	NA	NA	1	0	1	1	0	1	NA	NA	NA	1	0	1
9	34177998	35494984	5	5	0	2	e	3	5.19	0	0.0200670151369	0.271008473527	4.431079	0.0257948911	4.40528429	4	0	1	NA	NA	NA	NA	NA	NA	NA	5	0	5	4	0	1	NA	NA	NA	5	0	5
9	35494985	35790013	4	4	0	2	d	4	5.19	0	0.0394863046774	0.269833684236	4.390418	0.0169746997	4.37344339	4	0	1	NA	NA	NA	NA	NA	NA	NA	4	0	4	4	0	1	NA	NA	NA	4	0	4
9	35790014	36132417	1	1	0	2	d	5	1.15	0	0.071404306025	0.0806286195079	1	0	1	1	0	1	NA	NA	NA	NA	NA	NA	NA	1	0	1	1	0	1	NA	NA	NA	1	0	1
9	36132418	37410858	0	0	0	2	d	5	0	0	0.126882593363	0.056853173462	0	0	0	0	0	0.895777694529371	1	0	0.104222305470629	0.0213198636393394	0.0213244069740389	0.844940180040601	0.926608627550689	0	0	0	0	0	1	NA	NA	NA	0	0	0
9	37410859	38756509	1	1	0	2	d	5	1.23	0	0.0651142307604	0.0989220146247	1	0	1	1	0	1	NA	NA	NA	NA	NA	NA	NA	1	0	1	1	0	1	NA	NA	NA	1	0	1
9	38756510	39145243	2	2	0	1	g	NA	2	0	0.05	0.291001680571	1	0	1	NA	NA	NA	NA	NA	NA	NA	NA	NA	NA	NA	NA	NA	2	0	1	NA	NA	NA	1	0	1
9	39145244	43883200	1	1	0	2	f	2	3	1	0.05	0.946388768323	NA	NA	NA	NA	NA	NA	NA	NA	NA	NA	NA	NA	NA	1	0	1	1	0	0.654082	1	1	0.345918	NA	NA	NA
9	43883201	44747104	1	1	0	1	h	1	3	1	0.05	0.268155559122	NA	NA	NA	NA	NA	NA	NA	NA	NA	NA	NA	NA	NA	1	0	1	1	0	0.654082	1	1	0.345918	NA	NA	NA
9	44747105	44810601	1	1	0	1	h	1	3	1	0.05	0.1	NA	NA	NA	NA	NA	NA	NA	NA	NA	NA	NA	NA	NA	1	0	1	NA	NA	NA	NA	NA	NA	6	2	4
9	44810602	44907716	7	5	2	1	g	NA	4	2	0.05	0.1	NA	NA	NA	5	2	1	NA	NA	NA	NA	NA	NA	NA	1	0	1	5	2	1	NA	NA	NA	6	2	4
9	44907717	47299999	0	0	0	1	g	NA	NA	NA	NA	NA	NA	NA	NA	NA	NA	NA	NA	NA	NA	NA	NA	NA	NA	1	0	1	0	0	1	NA	NA	NA	6	2	4
9	47300000	50699999	0	0	0	1	g	NA	NA	NA	NA	NA	NA	NA	NA	NA	NA	NA	NA	NA	NA	NA	NA	NA	NA	1	0	1	0	0	1	NA	NA	NA	6	2	4
9	50700000	65930839	0	0	0	1	g	NA	NA	NA	NA	NA	NA	NA	NA	NA	NA	NA	NA	NA	NA	NA	NA	NA	NA	NA	NA	NA	0	0	1	NA	NA	NA	6	2	4
9	65930840	68138001	3	2	1	2	f	2	NA	NA	NA	NA	NA	NA	NA	NA	NA	NA	NA	NA	NA	NA	NA	NA	NA	3	1	2	2	0	0.413211	2	1	0.586789	6	2	4
9	68138002	68463801	6	4	2	2	d	3	2.07	1	0.05	0.546486609634	NA	NA	NA	NA	NA	NA	NA	NA	NA	NA	NA	NA	NA	6	2	4	4	2	1	NA	NA	NA	6	2	4
9	68463802	69847401	3	2	1	2	f	2	2.07	1	0.05	0.801640630745	NA	NA	NA	NA	NA	NA	NA	NA	NA	NA	NA	NA	NA	2	1	1	2	0	1	NA	NA	NA	3	1	2
9	69847402	103690004	3	2	1	2	d	5	2.07	1	0.0621716601028	0.194471328064	3	1	2	2	1	1	NA	NA	NA	NA	NA	NA	NA	3	1	2	2	1	1	NA	NA	NA	3	1	2
9	103690005	104659877	6	4	2	2	d	2	5	2.19	0.0415402879811	0.324744158758	6.367266	1.99973517	4.36753124	4	2	0.637477858062847	5	2	0.362522141937153	0.0385495139255682	0.0370573657320951	0.5999963433724	0.746608374594665	6	2	4	5	2	0.386741	4	2	0.613259	6	2	4
9	104659878	114432582	3	2	1	3	a	6	2	1	0.0623368001976	0.188059570024	3	1	2	2	1	1	NA	NA	NA	NA	NA	NA	NA	3	1	2	2	1	1	NA	NA	NA	3	1	2
9	114432583	119750222	3	2	1	3	a	6	2	1	0.062229241687	0.169573725995	3	1	2	2	1	1	NA	NA	NA	NA	NA	NA	NA	3	1	2	2	1	1	NA	NA	NA	3	1	2
9	119750223	140273200	3	2	1	3	a	6	2	1	0.0653460532938	0.190548433112	3	1	2	2	1	1	NA	NA	NA	NA	NA	NA	NA	3	1	2	2	1	1	NA	NA	NA	3	1	2
10	102500	37999999	3	2	1	3	a	6	2	1	0.0645294332622	0.218913837997	3	1	2	2	1	1	NA	NA	NA	NA	NA	NA	NA	3	1	2	2	1	1	NA	NA	NA	3	1	2
10	38000000	42299999	3	2	1	3	b	5	2	1	0.05	0.272502466032	3	1	2	2	1	1	NA	NA	NA	NA	NA	NA	NA	3	1	2	NA	NA	NA	NA	NA	NA	3	1	2
10	42300000	135389924	3	2	1	3	a	6	2	1	0.0633902374817	0.192178071049	3	1	2	2	1	1	NA	NA	NA	NA	NA	NA	NA	3	1	2	2	1	1	NA	NA	NA	3	1	2
11	199673	51599999	4	2	2	3	a	6	2	2	0.0402431241488	0.26436397035	4	2	2	2	2	1	NA	NA	NA	NA	NA	NA	NA	4	2	2	2	2	1	NA	NA	NA	4	2	2
11	51600000	55699999	4	2	2	3	a	6	2	2	0.0256752295095	1.04303591261	4	2	2	2	2	1	NA	NA	NA	NA	NA	NA	NA	4	2	2	2	2	1	NA	NA	NA	4	2	2
11	55700000	134452200	4	2	2	3	a	6	2	2	0.0381725229676	0.235488538916	4	2	2	2	2	1	NA	NA	NA	NA	NA	NA	NA	4	2	2	2	2	1	NA	NA	NA	4	2	2
12	110107	193310	4	2	2	2	d	2	1.93	1.93	0.05	0.1	NA	NA	NA	NA	NA	NA	NA	NA	NA	NA	NA	NA	NA	NA	NA	NA	2	2	1	NA	NA	NA	4	2	2
12	193311	33299999	4	2	2	2	d	5	1.93	1.93	0.0397421940288	0.239516964194	4	2	2	2	2	1	NA	NA	NA	NA	NA	NA	NA	4	2	2	2	2	1	NA	NA	NA	4	2	2
12	33300000	38199999	4	2	2	2	d	4	1.93	1.93	0.0320138942587	0.422209524035	4	2	2	NA	NA	NA	NA	NA	NA	NA	NA	NA	NA	4	2	2	2	2	1	NA	NA	NA	4	2	2
12	38200000	69747849	4	2	2	2	d	5	1.93	1.93	0.0356359754367	0.228271323284	4	2	2	2	2	1	NA	NA	NA	NA	NA	NA	NA	4	2	2	2	2	1	NA	NA	NA	4	2	2
12	69747850	132349400	4	2	2	2	d	5	1.93	1.93	0.0383084543536	0.236190992117	4	2	2	2	2	1	NA	NA	NA	NA	NA	NA	NA	4	2	2	2	2	1	NA	NA	NA	4	2	2
12	132349401	133851894	4	2	2	3	b	5	NA	NA	NA	NA	4	2	2	2	2	1	NA	NA	NA	NA	NA	NA	NA	4	2	2	2	2	1	NA	NA	NA	4	2	2
13	1	16299999	2	2	0	1	h	1	NA	NA	NA	NA	NA	NA	NA	NA	NA	NA	NA	NA	NA	NA	NA	NA	NA	NA	NA	NA	NA	NA	NA	NA	NA	NA	2	0	2
13	16300000	19499999	2	2	0	2	d	4	2.28	0	0.05	0.158751384517	NA	NA	NA	2	0	1	NA	NA	NA	NA	NA	NA	NA	2	0	2	2	0	1	NA	NA	NA	2	0	2
13	19500000	45988413	2	2	0	2	d	5	2.28	0	0.0408698330732	0.148367705269	2	0	2	2	0	1	NA	NA	NA	NA	NA	NA	NA	2	0	2	2	0	1	NA	NA	NA	2	0	2
13	45988414	114142800	2	2	0	2	d	5	2.28	0	0.0409957898792	0.171402970301	2	0	2	2	0	1	NA	NA	NA	NA	NA	NA	NA	2	0	2	2	0	1	NA	NA	NA	2	0	2
13	114142801	115169877	2	2	0	3	b	5	NA	NA	NA	NA	2	0	2	2	0	1	NA	NA	NA	NA	NA	NA	NA	2	0	2	2	0	1	NA	NA	NA	2	0	2
14	1	16099999	4	2	2	1	h	1	NA	NA	NA	NA	NA	NA	NA	NA	NA	NA	NA	NA	NA	NA	NA	NA	NA	NA	NA	NA	NA	NA	NA	NA	NA	NA	4	2	2
14	16100000	19099999	4	2	2	2	d	2	2	2	0.05	0.208430271726	NA	NA	NA	NA	NA	NA	NA	NA	NA	NA	NA	NA	NA	NA	NA	NA	3	1	1	NA	NA	NA	4	2	2
14	19100000	20425050	4	2	2	2	d	2	2	2	0.0285157319964	0.68970850295	NA	NA	NA	NA	NA	NA	NA	NA	NA	NA	NA	NA	NA	NA	NA	NA	3	1	1	NA	NA	NA	4	2	2
14	20425051	50283159	4	2	2	2	d	5	2	2	0.0393125820748	0.255580451038	3.843617	1.9218087118	1.92180871	2	2	1	NA	NA	NA	NA	NA	NA	NA	4	2	2	2	2	1	NA	NA	NA	4	2	2
14	50283160	50286917	4	2	2	2	d	2	2	2	0.05	0.1	3.843617	1.9218087118	1.92180871	2	0	0.753764838100411	2	1	0.246235161899589	NA	0	0.753764838100411	0.753764838100411	NA	NA	NA	2	2	1	NA	NA	NA	2	0	2
14	50286918	60031739	4	2	2	2	d	5	2	2	0.0346399634959	0.226162117689	3.860982	1.9304911847	1.93049118	2	2	1	NA	NA	NA	NA	NA	NA	NA	4	2	2	2	2	1	NA	NA	NA	4	2	2
14	60031740	103398903	4	2	2	2	d	5	2	2	0.0382611186629	0.228669705768	3.837415	1.9187073348	1.91870733	2	2	1	NA	NA	NA	NA	NA	NA	NA	4	2	2	2	2	1	NA	NA	NA	4	2	2
14	103398904	106399989	4	2	2	2	d	5	2	2	0.0406176742485	1.38333526521	3.882755	1.941377596	1.9413776	2	2	1	NA	NA	NA	NA	NA	NA	NA	4	2	2	2	2	1	NA	NA	NA	4	2	2
15	1	15799999	3	2	1	1	h	1	NA	NA	NA	NA	NA	NA	NA	NA	NA	NA	NA	NA	NA	NA	NA	NA	NA	NA	NA	NA	NA	NA	NA	NA	NA	NA	3	1	2
15	15800000	20699999	3	2	1	2	d	3	2	1	0.05	0.287118245907	NA	NA	NA	2	1	1	NA	NA	NA	NA	NA	NA	NA	NA	NA	NA	3	1	0.61057	2	1	0.38943	3	1	2
15	20700000	100338800	3	2	1	3	a	6	2	1	0.0633968375079	0.197644522403	3	1	2	2	1	1	NA	NA	NA	NA	NA	NA	NA	3	1	2	2	1	1	NA	NA	NA	3	1	2
15	100338801	102531391	3	2	1	3	b	5	NA	NA	NA	NA	3	1	2	2	1	1	NA	NA	NA	NA	NA	NA	NA	3	1	2	2	1	1	NA	NA	NA	3	1	2
16	84870	4395551	3	2	1	2	d	3	2	1	0.0652574486883	0.215016284231	3.212554	1.19649131	2.01606301	2	1	0.820279426921037	2	2	0.179720573078963	0.0095745621466875	0.00990863751339939	0.789554336936317	0.828528422934059	3	1	2	2	2	0.162053	2	1	0.837947	3	1	2
16	4395552	4398329	3	2	1	2	f	3	NA	NA	NA	NA	3.212554	1.19649131	2.01606301	NA	NA	NA	NA	NA	NA	NA	NA	NA	NA	NA	NA	NA	2	2	0.162053	2	1	0.837947	3	1	2
16	4398330	4549617	5	3	2	2	d	2	3	2	0.0527843754095	0.1	5.427198	2.0323961467	3.39480177	3	2	0.609497837555503	4	2	0.390502162444497	0.0799799707184042	0.0783496798826187	0.549384976030886	0.856673338819444	6	2	4	4	2	0.399036	3	2	0.600964	5	2	3
16	4549618	7620001	4	2	2	2	d	3	2.07	2.07	0.0423539535372	0.244056653487	4.297939	2.1489693573	2.14896936	2	2	0.747606330178142	3	2	0.252393669821858	0.010421698254925	0.0100110059479719	0.727987649160027	0.766821795444949	4	2	2	2	2	1	NA	NA	NA	4	2	2
16	7620002	32529013	3	2	1	2	d	2	1.88	1.15	0.0595832066736	0.217461489992	3.172488	1.185049195	1.987439	2	1	0.82816672910297	2	2	0.17183327089703	0.00383410072998658	0.0039589357459778	0.815779261247373	0.831141226560922	3	1	2	2	2	0.174189	2	1	0.825811	3	1	2
16	32529014	33437499	4	2	2	2	f	2	2	2	0.05	0.479835231644	3.172488	1.185049195	1.987439	NA	NA	NA	NA	NA	NA	NA	NA	NA	NA	NA	NA	NA	3	2	0.379332	3	1	0.620668	3	1	2
16	33437500	34599999	4	2	2	2	d	4	2	2	0.05	0.392778304981	NA	NA	NA	2	2	1	NA	NA	NA	NA	NA	NA	NA	4	2	2	3	2	0.379332	3	1	0.620668	4	2	2
16	34600000	38599999	4	2	2	2	d	5	2	2	0.05	0.313500955037	4.169104	2.0845519767	2.08455198	2	2	1	NA	NA	NA	NA	NA	NA	NA	4	2	2	2	2	1	NA	NA	NA	4	2	2
16	38600000	88827200	4	2	2	2	d	5	2	2	0.0395188818225	0.259334284974	3.898598	1.9492989841	1.94929898	2	2	1	NA	NA	NA	NA	NA	NA	NA	4	2	2	2	2	1	NA	NA	NA	4	2	2
16	88827201	90354752	4	2	2	3	b	5	NA	NA	NA	NA	4	2	2	2	2	1	NA	NA	NA	NA	NA	NA	NA	4	2	2	2	2	1	NA	NA	NA	4	2	2
17	20080	22199999	2	2	0	3	a	6	2	0	0.0437793937362	0.226126621697	2	0	2	2	0	1	NA	NA	NA	NA	NA	NA	NA	2	0	2	2	0	1	NA	NA	NA	2	0	2
17	22200000	25982419	NA	NA	NA	NA	NA	NA	2	2	0.038217527763	0.379065555494	3.885334	1.9426668117	1.94266681	NA	NA	NA	NA	NA	NA	NA	NA	NA	NA	4	2	2	2	2	1	NA	NA	NA	3	1	2
17	25982420	26087769	4	2	2	2	d	5	2	2	0.05	0.214729390454	3.885334	1.9426668117	1.94266681	2	2	1	NA	NA	NA	NA	NA	NA	NA	4	2	2	2	2	1	NA	NA	NA	4	2	2
17	26087770	78774600	4	2	2	3	a	6	2	2	0.0366740446713	0.240657591398	4	2	2	2	2	1	NA	NA	NA	NA	NA	NA	NA	4	2	2	2	2	1	NA	NA	NA	4	2	2
17	78774601	81195209	4	2	2	3	b	5	NA	NA	NA	NA	4	2	2	2	2	1	NA	NA	NA	NA	NA	NA	NA	4	2	2	2	2	1	NA	NA	NA	4	2	2
18	27500	1142045	11	10	1	1	g	NA	21	1	0.0231824734795	0.79898297653	10.415671	1.021121028	9.39455029	10	1	1	NA	NA	NA	NA	NA	NA	NA	8	1	7	10	1	1	NA	NA	NA	10	1	9
18	1142046	1147499	11	10	1	1	g	NA	21	1	0.05	0.1	10.415671	1.021121028	9.39455029	10	1	1	NA	NA	NA	NA	NA	NA	NA	NA	NA	NA	10	1	1	NA	NA	NA	10	1	9
18	1147500	15397499	11	10	1	2	d	3	21	1	0.0242929679914	0.715447616098	10.505832	1.0128000103	9.49303228	10	1	1	NA	NA	NA	NA	NA	NA	NA	8	1	7	10	1	1	NA	NA	NA	11	1	10
18	15397500	18999999	NA	NA	NA	NA	NA	NA	17	1	0.05	0.496984082091	10.505832	1.0128000103	9.49303228	8	1	1	NA	NA	NA	NA	NA	NA	NA	8	1	7	8	1	1	NA	NA	NA	9	1	8
18	19000000	22754890	9	8	1	2	d	3	17	1	0.0264800756797	0.46645166227	8.551921	0.9972685801	7.55465242	8	1	1	NA	NA	NA	NA	NA	NA	NA	8	1	7	8	1	1	NA	NA	NA	9	1	8
18	22754891	22775882	3	2	1	2	d	3	3	0	0.05	0.1	8.551921	0.9972685801	7.55465242	2	1	1	NA	NA	NA	NA	NA	NA	NA	3	1	2	6	2	1	NA	NA	NA	3	1	2
18	22775883	22778006	8	6	2	1	g	NA	3	0	0.05	0.1	NA	NA	NA	4	1	1	NA	NA	NA	NA	NA	NA	NA	7	1	6	6	2	1	NA	NA	NA	6	1	5
18	22778007	22788844	8	6	2	1	g	NA	3	0	0.05	0.1	NA	NA	NA	8	1	1	NA	NA	NA	NA	NA	NA	NA	8	1	7	6	2	1	NA	NA	NA	9	1	8
18	22788845	22993169	3	2	1	2	d	5	2	1	0.05	0.229994025639	3	1	2	1	1	0.128380109969551	2	1	0.871619890030449	0.18096884282594	0.149249613182054	0.140799664250889	0.696363976088045	3	1	2	2	1	1	NA	NA	NA	3	1	2
18	22993170	23485213	1	1	0	2	d	5	1.15	0	0.0666960761676	0.0897747601737	1	0	1	1	0	1	NA	NA	NA	NA	NA	NA	NA	1	0	1	1	0	1	NA	NA	NA	1	0	1
18	23485214	23487709	1	1	0	2	d	5	1.15	0	0.05	0.1	1	0	1	1	0	1	NA	NA	NA	NA	NA	NA	NA	1	0	1	1	0	1	NA	NA	NA	1	0	1
18	23487710	32151187	1	1	0	2	d	5	1.15	0	0.0658148262482	0.0893772127658	1	0	1	1	0	1	NA	NA	NA	NA	NA	NA	NA	1	0	1	1	0	1	NA	NA	NA	1	0	1
18	32151188	76117000	1	1	0	2	d	5	1.15	0	0.0713701374169	0.103150023205	1	0	1	1	0	1	NA	NA	NA	NA	NA	NA	NA	1	0	1	1	0	1	NA	NA	NA	1	0	1
18	76117001	78077247	1	1	0	3	b	5	NA	NA	NA	NA	1	0	1	1	0	1	NA	NA	NA	NA	NA	NA	NA	1	0	1	1	0	1	NA	NA	NA	1	0	1
19	102500	226775	3	2	1	2	d	2	1.81	0.88	0.05	0.1	NA	NA	NA	NA	NA	NA	NA	NA	NA	NA	NA	NA	NA	NA	NA	NA	2	1	1	NA	NA	NA	3	1	2
19	226776	19492274	3	2	1	2	d	4	1.81	0.88	0.0661714197226	0.172083925172	2.891891	0.973201413	1.91868947	2	1	1	NA	NA	NA	NA	NA	NA	NA	3	1	2	2	1	1	NA	NA	NA	3	1	2
19	19492275	19555191	7	5	2	1	g	NA	NA	NA	NA	NA	2.891891	0.973201413	1.91868947	3	2	0.70091493474043	4	2	0.29908506525957	NA	0	0.70091493474043	0.70091493474043	NA	NA	NA	5	2	1	NA	NA	NA	5	2	3
19	19555192	19614284	7	5	2	1	g	NA	4.37	1.63	0.05	0.1	NA	NA	NA	NA	NA	NA	NA	NA	NA	NA	NA	NA	NA	NA	NA	NA	5	2	1	NA	NA	NA	5	2	3
19	19614285	19618373	6	4	2	2	f	1	4.37	1.63	0.05	0.1	NA	NA	NA	NA	NA	NA	NA	NA	NA	NA	NA	NA	NA	NA	NA	NA	5	2	1	NA	NA	NA	NA	NA	NA
19	19618374	20249690	7	5	2	2	d	4	4.37	1.63	0.0483150023638	0.328038157347	6.685065	1.8502538838	4.83481139	5	2	1	NA	NA	NA	NA	NA	NA	NA	7	2	5	5	2	1	NA	NA	NA	7	2	5
19	20249691	20404769	7	5	2	1	g	NA	4.66	1.63	0.05	0.486762636244	6.685065	1.8502538838	4.83481139	7	2	1	NA	NA	NA	NA	NA	NA	NA	8	2	6	5	2	1	NA	NA	NA	9	2	7
19	20404770	20404821	7	5	2	1	g	NA	4.66	1.63	0.05	0.1	NA	NA	NA	NA	NA	NA	NA	NA	NA	NA	NA	NA	NA	NA	NA	NA	5	2	1	NA	NA	NA	9	2	7
19	20404822	20618652	7	5	2	2	f	2	4.66	1.63	0.05	0.571492455085	NA	NA	NA	5	2	1	NA	NA	NA	NA	NA	NA	NA	7	3	4	5	2	1	NA	NA	NA	3	1	2
19	20618653	20620477	7	5	2	1	g	NA	4.66	1.63	0.05	0.1	NA	NA	NA	7	1	0.311485502798827	7	2	0.688514497201173	NA	0	0.311485502798827	0.311485502798827	8	2	6	5	2	1	NA	NA	NA	8	1	7
19	20620478	20620641	7	5	2	1	g	NA	4.66	1.63	0.05	0.1	NA	NA	NA	NA	NA	NA	NA	NA	NA	NA	NA	NA	NA	NA	NA	NA	5	2	1	NA	NA	NA	8	1	7
19	20620642	21121998	7	5	2	2	d	4	4.66	1.63	0.0341562339604	0.705177506586	6.595498	1.9055457635	4.68995195	5	2	1	NA	NA	NA	NA	NA	NA	NA	7	2	5	5	2	1	NA	NA	NA	7	2	5
19	21121999	24034554	9	7	2	2	d	3	6.71	1.81	0.0370232343926	0.465324594062	8.671477	1.9120234867	6.7594533	7	2	1	NA	NA	NA	NA	NA	NA	NA	8	2	6	7	2	1	NA	NA	NA	9	2	7
19	24034555	24399999	16	14	2	2	f	3	28	2	0.0160087667807	1.04131868455	16.318118	2.1247341244	14.19338364	14	2	1	NA	NA	NA	NA	NA	NA	NA	8	1	7	15	2	1	NA	NA	NA	16	2	14
19	24400000	28599999	NA	NA	NA	NA	NA	NA	3.71	1.63	0.0659870144519	1.40531568617	8.525399	2.704087955	5.82131088	NA	NA	NA	NA	NA	NA	NA	NA	NA	NA	8	3	5	6	3	1	NA	NA	NA	10	3	7
19	28600000	28791060	12	6	6	1	g	NA	5.37	4	0.0354383277836	0.518876131417	11.227391	4.905869817	6.32152149	6	5	0.504506002799037	7	5	0.495493997200963	0.119249694873184	0.12213848572985	0.252908763247423	0.720915946942508	8	4	4	6	6	1	NA	NA	NA	10	3	7
19	28791061	30787854	8	4	4	2	d	2	4	3.77	0.0316910360566	0.398974537941	9.180156	4.5900780009	4.590078	4	4	0.473944423632348	5	4	0.526055576367652	0.0235785235991618	0.0238374037489027	0.428819203096552	0.521504716100131	8	4	4	6	6	1	NA	NA	NA	8	4	4
19	30787855	30791384	6	4	2	2	f	2	NA	NA	NA	NA	9.180156	4.5900780009	4.590078	4	2	1	NA	NA	NA	NA	NA	NA	NA	7	1	6	4	3	1	NA	NA	NA	6	2	4
19	30791385	33784932	7	4	3	2	d	3	4	2.58	0.0438061585762	0.39646879994	7.186172	2.8763955741	4.30977686	4	3	0.541812766166965	5	3	0.458187233833035	0.0302837254423505	0.0283251861361316	0.500961352913842	0.607572004508643	7	3	4	4	3	1	NA	NA	NA	7	3	4
19	33784933	33786390	7	4	3	2	d	2	4	2.58	0.05	0.1	7.186172	2.8763955741	4.30977686	NA	NA	NA	NA	NA	NA	NA	NA	NA	NA	7	3	4	4	3	1	NA	NA	NA	8	4	4
19	33786391	33802178	6	4	2	2	f	1	4	2.58	0.05	0.1	NA	NA	NA	4	3	0.356647848384857	4	4	0.643352151615143	NA	0	0.356647848384857	0.356647848384857	7	3	4	7	3	1	NA	NA	NA	8	4	4
19	33802179	33805326	6	4	2	2	f	1	4	2.58	0.05	0.1	NA	NA	NA	NA	NA	NA	NA	NA	NA	NA	NA	NA	NA	NA	NA	NA	7	3	1	NA	NA	NA	8	4	4
19	33805327	33805450	10	7	3	1	g	NA	NA	NA	NA	NA	NA	NA	NA	NA	NA	NA	NA	NA	NA	NA	NA	NA	NA	NA	NA	NA	7	3	1	NA	NA	NA	NA	NA	NA
19	33805451	36477819	10	7	3	2	d	2	6	2.71	0.0349369954673	0.46275499939	9.37671	2.9183141944	6.45839563	6	3	0.333206158924271	7	3	0.666793841075729	0.0422375788127544	0.0431127810907607	0.320991260683941	0.495622634542642	8	3	5	7	3	1	NA	NA	NA	10	3	7
19	36477820	36480761	10	7	3	2	f	2	NA	NA	NA	NA	9.37671	2.9183141944	6.45839563	NA	NA	NA	NA	NA	NA	NA	NA	NA	NA	7	3	4	25	3	1	NA	NA	NA	10	3	7
19	36480762	36488766	28	25	3	1	g	NA	NA	NA	NA	NA	NA	NA	NA	21	3	1	NA	NA	NA	NA	NA	NA	NA	7	3	4	25	3	1	NA	NA	NA	26	3	23
19	36488767	36519062	28	25	3	1	g	NA	NA	NA	NA	NA	NA	NA	NA	25	2	0.398834685263606	25	3	0.601165314736394	NA	0	0.398834685263606	0.398834685263606	NA	NA	NA	25	3	1	NA	NA	NA	28	2	26
19	36519063	37507463	28	25	3	1	g	NA	44	2.71	0.0150212240765	1.2143408285	26.736874	2.9424544574	23.7944191	23	3	1	NA	NA	NA	NA	NA	NA	NA	8	1	7	25	3	1	NA	NA	NA	27	2	25
19	37507464	37508382	58	56	2	2	f	1	56	2.47	0.05	0.1	26.736874	2.9424544574	23.7944191	NA	NA	NA	NA	NA	NA	NA	NA	NA	NA	NA	NA	NA	25	3	1	NA	NA	NA	27	2	25
19	37508383	37658742	58	56	2	2	f	1	56	2.47	0.05	1.94937718828	NA	NA	NA	28	3	1	NA	NA	NA	NA	NA	NA	NA	NA	NA	NA	33	3	1	NA	NA	NA	31	2	29
19	37658743	38124254	58	56	2	2	f	1	56	2.47	0.0332114087688	2.21688701068	33.330527	2.9522980847	30.37822857	30	3	1	NA	NA	NA	NA	NA	NA	NA	8	1	7	33	3	1	NA	NA	NA	35	2	33
19	38124255	38226252	31	28	3	2	f	2	51	3	0.05	1.37034880763	31.1065	3.0180898079	28.08841057	28	3	1	NA	NA	NA	NA	NA	NA	NA	8	1	7	30	3	1	NA	NA	NA	31	2	29
19	38226253	38228489	31	28	3	2	f	2	28	2.66	0.05	0.1	31.1065	3.0180898079	28.08841057	23	3	1	NA	NA	NA	NA	NA	NA	NA	NA	NA	NA	30	3	1	NA	NA	NA	25	2	23
19	38228490	39814380	19	16	3	1	g	NA	28	2.66	0.0246839644244	0.744680928405	18.206428	3.0018721708	15.20455611	15	3	1	NA	NA	NA	NA	NA	NA	NA	8	1	7	16	3	1	NA	NA	NA	19	3	16
19	39814381	40952491	17	14	3	1	g	NA	25	3	0.0192174346236	0.885849565924	16	3	13	13	3	1	NA	NA	NA	NA	NA	NA	NA	8	1	7	14	3	1	NA	NA	NA	17	3	14
19	40952492	40958992	17	14	3	1	g	NA	NA	NA	NA	NA	16	3	13	13	12	1	NA	NA	NA	NA	NA	NA	NA	NA	NA	NA	14	3	1	NA	NA	NA	30	3	27
19	40958993	41284381	41	38	3	2	f	2	74	3	0.0124664486348	0.1	41.938218	3.0778485597	38.86036953	38	3	1	NA	NA	NA	NA	NA	NA	NA	8	1	7	40	3	1	NA	NA	NA	39	2	37
19	41284382	41287154	43	40	3	1	g	NA	NA	NA	NA	NA	41.938218	3.0778485597	38.86036953	NA	NA	NA	NA	NA	NA	NA	NA	NA	NA	NA	NA	NA	40	3	1	NA	NA	NA	39	2	37
19	41287155	43231880	3	3	0	2	d	5	2.66	0	0.0317821513386	0.162117079517	3	0	3	3	0	1	NA	NA	NA	NA	NA	NA	NA	3	0	3	3	0	1	NA	NA	NA	3	0	3
19	43231881	43590377	3	3	0	2	e	2	3	0	0.05	0.338863563426	3	0	3	2	0	1	NA	NA	NA	NA	NA	NA	NA	NA	NA	NA	2	0	0.314279	1	0	0.685721	2	0	2
19	43590378	51290145	3	3	0	3	a	6	3	0	0.0322518750832	0.283604087074	3	0	3	3	0	1	NA	NA	NA	NA	NA	NA	NA	3	0	3	3	0	1	NA	NA	NA	3	0	3
19	51290146	55322800	5	5	0	3	a	6	5	0	0.020758317145	0.669366355964	5	0	5	5	0	1	NA	NA	NA	NA	NA	NA	NA	5	0	5	5	0	1	NA	NA	NA	5	0	5
19	55322801	59128982	5	5	0	3	a	6	5	0	0.0203144516158	0.269810785495	5	0	5	5	0	1	NA	NA	NA	NA	NA	NA	NA	5	0	5	5	0	1	NA	NA	NA	5	0	5
20	20980	3813950	4	2	2	2	d	3	1.93	1.93	0.0386582709869	0.211403619494	4	2	2	NA	NA	NA	NA	NA	NA	NA	NA	NA	NA	4	2	2	2	2	1	NA	NA	NA	NA	NA	NA
20	3813951	3820563	6	4	2	1	g	NA	NA	NA	NA	NA	4	2	2	NA	NA	NA	NA	NA	NA	NA	NA	NA	NA	NA	NA	NA	4	2	1	NA	NA	NA	NA	NA	NA
20	3820564	3821793	6	4	2	1	g	NA	NA	NA	NA	NA	NA	NA	NA	NA	NA	NA	NA	NA	NA	NA	NA	NA	NA	NA	NA	NA	4	2	1	NA	NA	NA	NA	NA	NA
20	3821794	10604350	6	4	2	2	d	4	4	2	0.0481120487177	0.334486712106	6	2	4	NA	NA	NA	NA	NA	NA	NA	NA	NA	NA	6	2	4	4	2	1	NA	NA	NA	NA	NA	NA
20	10604351	25599999	4	2	2	2	d	5	1.88	1.88	0.0402204861877	0.217726761548	4	2	2	2	2	1	NA	NA	NA	NA	NA	NA	NA	4	2	2	2	2	1	NA	NA	NA	4	2	2
20	25600000	29399999	4	2	2	2	d	3	1.88	1.88	0.0431069191508	0.248470905187	3.974917	1.8199250272	2.1549919	2	1	0.13397199535568	2	2	0.86602800464432	0.0356582146177814	0.0358227048146693	0.0441344542083917	0.183007466070271	4	2	2	2	2	1	NA	NA	NA	4	2	2
20	29400000	62432500	4	2	2	2	d	5	1.88	1.88	0.0371665250017	0.224586019687	4	2	2	2	2	1	NA	NA	NA	NA	NA	NA	NA	4	2	2	2	2	1	NA	NA	NA	4	2	2
21	1	10899999	NA	NA	NA	NA	NA	NA	NA	NA	NA	NA	NA	NA	NA	NA	NA	NA	NA	NA	NA	NA	NA	NA	NA	NA	NA	NA	2	0	0.493505	2	1	0.506495	NA	NA	NA
21	10900000	14299999	2	1	1	2	d	2	1	1	0.05	0.490456078086	NA	NA	NA	NA	NA	NA	NA	NA	NA	NA	NA	NA	NA	NA	NA	NA	1	1	1	NA	NA	NA	NA	NA	NA
21	14300000	46937500	2	1	1	3	b	5	1	1	0.0515261160844	0.154104501746	2	1	1	1	1	1	NA	NA	NA	NA	NA	NA	NA	2	1	1	1	1	1	NA	NA	NA	NA	NA	NA
21	46937501	48129894	2	1	1	2	d	3	NA	NA	NA	NA	2	1	1	1	0	0.0755277881838305	1	1	0.924472211816169	0.0135306132122089	0.0137616758506415	0.037643795863451	0.0903233654056941	2	1	1	1	1	1	NA	NA	NA	NA	NA	NA
22	1	12199999	3	2	1	1	h	1	NA	NA	NA	NA	NA	NA	NA	NA	NA	NA	NA	NA	NA	NA	NA	NA	NA	NA	NA	NA	NA	NA	NA	NA	NA	NA	3	1	2
22	12200000	17899999	3	2	1	3	a	6	2	1	0.0617175409998	0.244576078674	3	1	2	2	1	1	NA	NA	NA	NA	NA	NA	NA	3	1	2	2	1	1	NA	NA	NA	3	1	2
22	17900000	24669989	3	2	1	3	a	6	2	1	0.0660062219497	0.209010821969	3	1	2	2	1	1	NA	NA	NA	NA	NA	NA	NA	3	1	2	2	1	1	NA	NA	NA	3	1	2
22	24669990	29065093	2	2	0	3	a	6	2	0	0.0431585606401	0.146158269025	2	0	2	2	0	1	NA	NA	NA	NA	NA	NA	NA	2	0	2	2	0	1	NA	NA	NA	2	0	2
22	29065094	49687500	2	2	0	3	a	6	2	0	0.0435884609409	0.143117431282	2	0	2	2	0	1	NA	NA	NA	NA	NA	NA	NA	2	0	2	2	0	1	NA	NA	NA	2	0	2
22	49687501	51304565	2	2	0	3	b	5	NA	NA	NA	NA	2	0	2	2	0	1	NA	NA	NA	NA	NA	NA	NA	2	0	2	2	0	1	NA	NA	NA	2	0	2
X	1	58099999	4	2	2	2	d	4	1.14	1.14	0.0369222256337	0.276283584698	4	2	2	2	2	1	NA	NA	NA	NA	NA	NA	NA	4	2	2	NA	NA	NA	NA	NA	NA	4	2	2
X	58100000	62999999	4	2	2	2	d	3	1	1	0.0425363944163	0.630914830353	4	2	2	NA	NA	NA	NA	NA	NA	NA	NA	NA	NA	4	2	2	NA	NA	NA	NA	NA	NA	4	2	2
X	63000000	70891394	4	2	2	2	d	4	1.11	1.11	0.0287157643381	0.359951543882	4	2	2	2	2	1	NA	NA	NA	NA	NA	NA	NA	4	2	2	NA	NA	NA	NA	NA	NA	4	2	2
X	70891395	71236169	4	2	2	2	e	2	1.66	1.22	0.05	0.1	5.82052	0	5.82052	3	2	1	NA	NA	NA	NA	NA	NA	NA	NA	NA	NA	NA	NA	NA	NA	NA	NA	4	2	2
X	71236170	71263852	2	1	1	2	e	1	1.66	1.22	0.05	0.1	6.726218	0	6.726218	NA	NA	NA	NA	NA	NA	NA	NA	NA	NA	NA	NA	NA	NA	NA	NA	NA	NA	NA	5	2	3
X	71263853	71265949	2	1	1	2	e	1	1.66	1.22	0.05	0.1	6.100894	0	6.100894	NA	NA	NA	NA	NA	NA	NA	NA	NA	NA	NA	NA	NA	NA	NA	NA	NA	NA	NA	5	2	3
X	71265950	77320632	5	3	2	2	d	3	1.66	1.22	0.0450634123995	0.258050349522	5	2	3	3	2	0.87503034843853	3	3	0.12496965156147	0.0198758666179945	0.0206813582369176	0.756121338516563	0.836292124851615	5	2	3	NA	NA	NA	NA	NA	NA	5	2	3
X	77320633	77323075	5	3	2	2	d	2	NA	NA	NA	NA	5	2	3	NA	NA	NA	NA	NA	NA	NA	NA	NA	NA	NA	NA	NA	NA	NA	NA	NA	NA	NA	5	2	3
X	77323076	154913600	3	2	1	2	d	4	1.36	0.64	0.0623069435729	0.208311602195	3	1	2	2	1	1	NA	NA	NA	NA	NA	NA	NA	3	1	2	NA	NA	NA	NA	NA	NA	3	1	2
