chromosome	start	end	total_cn	major_cn	minor_cn	star	level	methods_agree	absolute_broad_major_cn	absolute_broad_minor_cn	absolute_broad_het_error	absolute_broad_cov_error	aceseq_copy_number	aceseq_minor_cn	aceseq_major_cn	battenberg_nMaj1_A	battenberg_nMin1_A	battenberg_frac1_A	battenberg_nMaj2_A	battenberg_nMin2_A	battenberg_frac2_A	battenberg_SDfrac_A	battenberg_SDfrac_A_BS	battenberg_frac1_A_0.025	battenberg_frac1_A_0.975	clonehd_copy_number	clonehd_minor_cn	clonehd_major_cn	sclust_nMaj1_A	sclust_nMin1_A	sclust_frac1_A	sclust_nMaj2_A	sclust_nMin2_A	sclust_frac2_A	jabba_copy_number	jabba_minor_cn	jabba_major_cn
1	10001	57045237	2	1	1	2	d	5	1	1	0.0339818437555	0.102575403652	2.191646	1.095822867	1.09582287	1	1	1	NA	NA	NA	NA	NA	NA	NA	2	1	1	1	1	1	NA	NA	NA	2	1	1
1	57045238	121499999	2	1	1	2	d	5	1	1	0.0322453751861	0.0923071457539	2.120101	1.060050352	1.06005035	1	1	1	NA	NA	NA	NA	NA	NA	NA	2	1	1	1	1	1	NA	NA	NA	2	1	1
1	121500000	128899999	NA	NA	NA	NA	NA	NA	NA	NA	NA	NA	2.120101	1.060050352	1.06005035	NA	NA	NA	NA	NA	NA	NA	NA	NA	NA	1	0	1	NA	NA	NA	NA	NA	NA	2	1	1
1	128900000	143663280	2	2	0	1	h	1	3	0	0.05	0.289114972272	NA	NA	NA	NA	NA	NA	NA	NA	NA	NA	NA	NA	NA	NA	NA	NA	2	0	1	NA	NA	NA	2	1	1
1	143663281	239822534	3	3	0	2	d	4	3	0	0.045806495935	0.0945912131767	3.57473	0.043847502	3.53088227	3	0	1	NA	NA	NA	NA	NA	NA	NA	3	0	3	4	0	1	NA	NA	NA	3	0	3
1	239822535	240902959	2	2	0	2	d	5	2	0	0.0488707336366	0.0722183691423	2.351209	0.060848482	2.29036009	2	0	1	NA	NA	NA	NA	NA	NA	NA	2	0	2	2	0	1	NA	NA	NA	2	0	2
1	240902960	247247500	3	3	0	2	d	5	3	0	0.045202257563	0.0904883954203	3.542141	0.052815424	3.48932542	3	0	1	NA	NA	NA	NA	NA	NA	NA	3	0	3	3	0	1	NA	NA	NA	3	0	3
1	247247501	249250620	3	3	0	2	d	3	NA	NA	NA	NA	3.589876	0.07485406	3.51502148	3	0	1	NA	NA	NA	NA	NA	NA	NA	3	0	3	4	0	0.235204	3	0	0.764796	3	0	3
2	20016	43419894	2	1	1	3	a	6	1	1	0.0329310411451	0.0833869564883	2	1	1	1	1	1	NA	NA	NA	NA	NA	NA	NA	2	1	1	1	1	1	NA	NA	NA	2	1	1
2	43419895	43766696	1	1	0	2	d	4	1	0	0.0512231462531	0.0782034195478	1.342357	0.265852574	1.07650433	1	0	0.777479225755087	1	1	0.222520774244913	0.0349122483648734	0.0340716306533913	0.685782350282224	0.817559987386173	1	0	1	1	0	1	NA	NA	NA	1	0	1
2	43766697	90499999	2	1	1	3	a	6	1	1	0.0327281726472	0.0851985419013	2	1	1	1	1	1	NA	NA	NA	NA	NA	NA	NA	2	1	1	1	1	1	NA	NA	NA	2	1	1
2	90500000	96799999	NA	NA	NA	NA	NA	NA	2	1	0.05	0.122703260284	2	1	1	NA	NA	NA	NA	NA	NA	NA	NA	NA	NA	3	1	2	2	1	1	NA	NA	NA	2	1	1
2	96800000	141905360	3	2	1	2	d	5	2	1	0.0440548530688	0.100590810804	3.125334	1.050175858	2.07515824	2	1	1	NA	NA	NA	NA	NA	NA	NA	3	1	2	2	1	1	NA	NA	NA	3	1	2
2	141905361	141907776	4	3	1	2	e	0	2	1	0.05	0.1	3.125334	1.050175858	2.07515824	1	1	1	NA	NA	NA	NA	NA	NA	NA	1	0	1	2	1	1	NA	NA	NA	2	1	1
2	141907777	142458324	3	2	1	3	a	6	2	1	0.0382730867177	0.104074382955	3	1	2	2	1	1	NA	NA	NA	NA	NA	NA	NA	3	1	2	2	1	1	NA	NA	NA	3	1	2
2	142458325	142459373	3	2	1	2	d	4	2	1	0.05	0.1	3	1	2	1	1	1	NA	NA	NA	NA	NA	NA	NA	3	1	2	2	1	1	NA	NA	NA	2	1	1
2	142459374	142514699	3	2	1	2	d	5	2	1	0.0335063784549	0.1	3.14266	0.909184962	2.23347521	2	1	1	NA	NA	NA	NA	NA	NA	NA	3	1	2	2	1	1	NA	NA	NA	3	1	2
2	142514700	233697920	2	1	1	3	a	6	1	1	0.0327208868178	0.0900158119574	2	1	1	1	1	1	NA	NA	NA	NA	NA	NA	NA	2	1	1	1	1	1	NA	NA	NA	2	1	1
2	233697921	241557457	1	1	0	2	d	5	1	0	0.0529658802106	0.0799399028137	1.106943	0.026802854	1.08013992	1	0	1	NA	NA	NA	NA	NA	NA	NA	1	0	1	1	0	1	NA	NA	NA	1	0	1
2	241557458	242287363	2	1	1	2	d	5	1	1	0.0379424096101	0.097614857416	2.102159	1.051079673	1.05107967	1	1	1	NA	NA	NA	NA	NA	NA	NA	2	1	1	1	1	1	NA	NA	NA	2	1	1
2	242287364	242991124	1	1	0	2	d	5	1	0	0.0446996066106	0.240371631246	1.133865	0.035825142	1.09803962	1	0	1	NA	NA	NA	NA	NA	NA	NA	1	0	1	1	0	1	NA	NA	NA	1	0	1
3	100074	60412199	1	1	0	3	a	6	1	0	0.051967701617	0.0763364213617	1	0	1	1	0	1	NA	NA	NA	NA	NA	NA	NA	1	0	1	1	0	1	NA	NA	NA	1	0	1
3	60412200	60585927	0	0	0	3	b	6	0	0	0.0281426313694	0.0885427575946	0	0	0	0	0	1	NA	NA	NA	NA	NA	NA	NA	1	0	1	0	0	1	NA	NA	NA	0	0	0
3	60585928	61161880	1	1	0	2	d	5	1	0	0.0448495381077	0.0698688080228	1.139654	0.028283875	1.11137027	1	0	1	NA	NA	NA	NA	NA	NA	NA	1	0	1	1	0	1	NA	NA	NA	1	0	1
3	61161881	61289287	0	0	0	2	d	3	0	0	0.05	0.0581446063412	1.139654	0.028283875	1.11137027	0	0	1	NA	NA	NA	NA	NA	NA	NA	1	0	1	1	0	1	NA	NA	NA	0	0	0
3	61289288	79582358	1	1	0	3	a	6	1	0	0.0493756878369	0.0806750499724	1	0	1	1	0	1	NA	NA	NA	NA	NA	NA	NA	1	0	1	1	0	1	NA	NA	NA	1	0	1
3	79582359	82539033	1	1	0	3	a	6	1	0	0.0468074698035	0.0731872526554	1	0	1	1	0	1	NA	NA	NA	NA	NA	NA	NA	1	0	1	1	0	1	NA	NA	NA	1	0	1
3	82539034	82539193	1	1	0	1	h	1	1	1	0.05	0.1	1	0	1	NA	NA	NA	NA	NA	NA	NA	NA	NA	NA	NA	NA	NA	1	0	1	NA	NA	NA	2	1	1
3	82539194	83954440	2	1	1	3	a	6	1	1	0.032865351144	0.0828997978216	2	1	1	1	1	1	NA	NA	NA	NA	NA	NA	NA	2	1	1	1	1	1	NA	NA	NA	2	1	1
3	83954441	83960016	1	1	0	2	d	4	1	1	0.05	0.1	2	1	1	1	0	1	NA	NA	NA	NA	NA	NA	NA	1	0	1	1	0	1	NA	NA	NA	1	0	1
3	83960017	83965724	1	1	0	1	g	NA	NA	NA	NA	NA	NA	NA	NA	2	1	1	NA	NA	NA	NA	NA	NA	NA	1	0	1	1	0	1	NA	NA	NA	2	1	1
3	83965725	84475134	1	1	0	2	d	5	1	0	0.0593374678578	0.0741814906535	1.171149	0.062298231	1.10885048	1	0	1	NA	NA	NA	NA	NA	NA	NA	1	0	1	1	0	1	NA	NA	NA	1	0	1
3	84475135	87899999	2	1	1	3	a	6	1	1	0.030492108793	0.0805888102911	2	1	1	1	1	1	NA	NA	NA	NA	NA	NA	NA	2	1	1	1	1	1	NA	NA	NA	2	1	1
3	87900000	93899999	2	1	1	3	b	5	1	1	0.0307862106027	0.104309162167	2	1	1	NA	NA	NA	NA	NA	NA	NA	NA	NA	NA	2	1	1	1	1	1	NA	NA	NA	2	1	1
3	93900000	149039579	2	1	1	3	a	6	1	1	0.0336948178237	0.0854960873933	2	1	1	1	1	1	NA	NA	NA	NA	NA	NA	NA	2	1	1	1	1	1	NA	NA	NA	2	1	1
3	149039580	149059530	3	2	1	2	d	4	1	1	0.05	0.1	2	1	1	2	1	1	NA	NA	NA	NA	NA	NA	NA	3	1	2	2	1	1	NA	NA	NA	3	1	2
3	149059531	149103911	4	3	1	3	a	6	3	1	0.05	0.1	4	1	3	3	1	1	NA	NA	NA	NA	NA	NA	NA	4	1	3	3	1	1	NA	NA	NA	4	1	3
3	149103912	197847500	3	2	1	3	a	6	2	1	0.0423074586838	0.100706147165	3	1	2	2	1	1	NA	NA	NA	NA	NA	NA	NA	3	1	2	2	1	1	NA	NA	NA	3	1	2
4	27500	31236352	1	1	0	3	a	6	1	0	0.0533726644525	0.0795947238232	1	0	1	1	0	1	NA	NA	NA	NA	NA	NA	NA	1	0	1	1	0	1	NA	NA	NA	1	0	1
4	31236353	31238863	1	1	0	2	d	3	3	1	0.05	0.1	1	0	1	NA	NA	NA	NA	NA	NA	NA	NA	NA	NA	NA	NA	NA	1	0	1	NA	NA	NA	1	0	1
4	31238864	31256196	3	2	1	2	d	3	3	1	0.05	0.1	NA	NA	NA	2	1	1	NA	NA	NA	NA	NA	NA	NA	3	1	2	1	1	1	NA	NA	NA	3	1	2
4	31256197	48199999	2	1	1	3	a	6	1	1	0.0332031186111	0.0954786902648	2	1	1	1	1	1	NA	NA	NA	NA	NA	NA	NA	2	1	1	1	1	1	NA	NA	NA	2	1	1
4	48200000	52699999	2	1	1	3	a	6	1	1	0.0295234771711	0.191392032061	2	1	1	1	1	1	NA	NA	NA	NA	NA	NA	NA	2	1	1	1	1	1	NA	NA	NA	2	1	1
4	52700000	191154275	2	1	1	3	a	6	1	1	0.0330415940367	0.0880845291299	2	1	1	1	1	1	NA	NA	NA	NA	NA	NA	NA	2	1	1	1	1	1	NA	NA	NA	2	1	1
5	14676	46099999	2	1	1	3	b	6	1	1	0.0332471623758	0.0896200751739	2	1	1	1	1	1	NA	NA	NA	NA	NA	NA	NA	2	1	1	1	1	1	NA	NA	NA	2	0	2
5	46100000	50699999	NA	NA	NA	NA	NA	NA	2.16	0	0.0506527384683	0.102953605441	2.266067	0.086120476	2.179947	NA	NA	NA	NA	NA	NA	NA	NA	NA	NA	2	0	2	2	0	1	NA	NA	NA	2	0	2
5	50700000	180470022	2	2	0	2	d	4	2.16	0	0.051211945264	0.0997675747642	2.102457	0.022572803	2.07988424	2	0	1	NA	NA	NA	NA	NA	NA	NA	2	0	2	2	0	1	NA	NA	NA	2	0	2
5	180470023	180626133	3	3	0	2	d	4	3	0	0.05	0.178560240883	2.754691	0	2.75469092	2	0	0.519068879570429	3	0	0.480931120429571	0.221532956301807	0.212843560799631	0.151041139654732	0.971155376931995	3	0	3	3	0	1	NA	NA	NA	3	0	3
5	180626134	180689978	2	2	0	2	d	3	2	0	0.05	0.139567700307	2.754691	0	2.75469092	3	0	1	NA	NA	NA	NA	NA	NA	NA	2	0	2	2	0	1	NA	NA	NA	3	0	3
6	39681	204071	2	2	0	2	d	2	NA	NA	NA	NA	NA	NA	NA	2	0	1	NA	NA	NA	NA	NA	NA	NA	NA	NA	NA	NA	NA	NA	NA	NA	NA	2	0	2
6	204072	57179965	2	2	0	3	a	6	2	0	0.0524720589509	0.102778373741	2	0	2	2	0	1	NA	NA	NA	NA	NA	NA	NA	2	0	2	2	0	1	NA	NA	NA	2	0	2
6	57179966	58699999	3	2	1	2	d	5	2	1	0.0448353719888	0.131434361164	3.125783	1.087261562	2.038521	2	1	1	NA	NA	NA	NA	NA	NA	NA	3	1	2	2	1	1	NA	NA	NA	3	1	2
6	58700000	63746966	NA	NA	NA	NA	NA	NA	2	1	0.0428423892081	0.115595329519	3.159744	1.102288929	2.05745548	NA	NA	NA	NA	NA	NA	NA	NA	NA	NA	3	1	2	2	1	1	NA	NA	NA	3	1	2
6	63746967	162933659	2	2	0	3	a	6	2	0	0.0503971858299	0.112564768796	2	0	2	2	0	1	NA	NA	NA	NA	NA	NA	NA	2	0	2	2	0	1	NA	NA	NA	2	0	2
6	162933660	162943441	2	2	0	3	b	5	2	0	0.05	0.1	2	0	2	2	0	1	NA	NA	NA	NA	NA	NA	NA	NA	NA	NA	2	0	1	NA	NA	NA	2	0	2
6	162943442	170907623	2	2	0	3	a	6	2	0	0.0501329561793	0.088250729049	2	0	2	2	0	1	NA	NA	NA	NA	NA	NA	NA	2	0	2	2	0	1	NA	NA	NA	2	0	2
7	40386	17124521	5	3	2	2	d	4	2.58	2	0.0381732722439	0.119264140114	5.161275	2.0917553	3.06951966	3	2	1	NA	NA	NA	NA	NA	NA	NA	5	2	3	3	2	1	NA	NA	NA	5	2	3
7	17124522	17125382	4	2	2	2	f	2	2.58	2	0.05	0.1	5.161275	2.0917553	3.06951966	2	1	0.399722767850303	2	2	0.600277232149697	0.00963160913577712	0.00686550645457807	0.390080169999032	0.409343388270588	NA	NA	NA	3	2	1	NA	NA	NA	3	1	2
7	17125383	23052601	5	3	2	2	d	4	2.58	2	0.0347346808983	0.104819721101	5.150934	2.100369138	3.05056528	3	2	1	NA	NA	NA	NA	NA	NA	NA	5	2	3	3	2	1	NA	NA	NA	5	2	3
7	23052602	23052613	5	3	2	2	f	2	2.58	2	0.05	0.1	5.150934	2.100369138	3.05056528	3	1	0.605363984674319	4	1	0.394636015325681	NA	0	0.605363984674319	0.605363984674319	NA	NA	NA	3	2	1	NA	NA	NA	3	0	3
7	23052614	24296558	5	3	2	2	d	4	2.58	2	0.0357008742946	0.107672568526	5.171858	2.09307002	3.07878808	3	2	1	NA	NA	NA	NA	NA	NA	NA	5	2	3	3	2	1	NA	NA	NA	5	2	3
7	24296559	24298040	3	2	1	2	d	2	2.74	1.74	0.05	0.1	5.171858	2.09307002	3.07878808	2	1	1	NA	NA	NA	NA	NA	NA	NA	NA	NA	NA	3	2	1	NA	NA	NA	3	1	2
7	24298041	25711420	5	3	2	2	d	5	2.74	1.74	0.0349715617094	0.106632863692	5	2	3	3	2	1	NA	NA	NA	NA	NA	NA	NA	5	2	3	3	2	1	NA	NA	NA	5	2	3
7	25711421	25718634	3	2	1	2	d	3	2.74	1.74	0.05	0.1	5	2	3	2	1	1	NA	NA	NA	NA	NA	NA	NA	3	1	2	2	2	1	NA	NA	NA	3	1	2
7	25718635	27226335	5	3	2	2	d	4	2.74	1.74	0.0331581741134	0.114062440729	5.130122	2.051411912	3.0787098	3	2	1	NA	NA	NA	NA	NA	NA	NA	5	2	3	3	2	1	NA	NA	NA	5	2	3
7	27226336	27226675	5	3	2	2	d	3	2.74	1.74	0.05	0.1	5.130122	2.051411912	3.0787098	3	2	1	NA	NA	NA	NA	NA	NA	NA	NA	NA	NA	3	2	1	NA	NA	NA	5	2	3
7	27226676	27231791	5	3	2	2	d	2	2.74	1.74	0.05	0.1	NA	NA	NA	3	2	1	NA	NA	NA	NA	NA	NA	NA	NA	NA	NA	5	2	1	NA	NA	NA	5	2	3
7	27231792	28673843	7	5	2	2	d	4	4.74	2	0.0404491471963	0.126596118157	7.20864	2.104495349	5.10414466	5	2	1	NA	NA	NA	NA	NA	NA	NA	7	2	5	5	2	1	NA	NA	NA	7	2	5
7	28673844	28951574	9	7	2	2	f	3	7	2	0.0349117001556	0.14578229074	9.218863	2.056236949	7.16262649	7	2	1	NA	NA	NA	NA	NA	NA	NA	8	2	6	8	2	1	NA	NA	NA	9	1	8
7	28951575	33572749	7	5	2	2	d	4	4.74	1.74	0.0413502502839	0.133604160606	7.176443	2.096937763	5.07950514	5	2	1	NA	NA	NA	NA	NA	NA	NA	7	2	5	5	2	1	NA	NA	NA	7	2	5
7	33572750	33573025	7	5	2	2	d	2	2.58	2	0.05	0.1	7.176443	2.096937763	5.07950514	NA	NA	NA	NA	NA	NA	NA	NA	NA	NA	NA	NA	NA	5	2	1	NA	NA	NA	7	2	5
7	33573026	37569106	5	3	2	2	d	4	2.58	2	0.0373046430483	0.106192809154	5.12386	2.107075508	3.01678463	3	2	1	NA	NA	NA	NA	NA	NA	NA	5	2	3	3	2	1	NA	NA	NA	5	2	3
7	37569107	37569220	5	3	2	2	d	2	4.74	1.74	0.05	0.1	5.12386	2.107075508	3.01678463	NA	NA	NA	NA	NA	NA	NA	NA	NA	NA	NA	NA	NA	3	2	1	NA	NA	NA	5	2	3
7	37569221	48978240	7	5	2	2	d	4	4.74	1.74	0.0398545883254	0.130674633281	7.114004	2.074317188	5.03968682	5	2	1	NA	NA	NA	NA	NA	NA	NA	7	2	5	5	2	1	NA	NA	NA	7	2	5
7	48978241	48979075	7	5	2	2	d	2	2	2	0.05	0.1	7.114004	2.074317188	5.03968682	NA	NA	NA	NA	NA	NA	NA	NA	NA	NA	NA	NA	NA	5	2	1	NA	NA	NA	7	2	5
7	48979076	49169170	5	3	2	1	h	1	2	2	0.05	0.114907922242	NA	NA	NA	NA	NA	NA	NA	NA	NA	NA	NA	NA	NA	NA	NA	NA	3	2	1	NA	NA	NA	NA	NA	NA
7	49169171	49169676	5	3	2	1	h	1	2	2	0.05	0.1	NA	NA	NA	NA	NA	NA	NA	NA	NA	NA	NA	NA	NA	NA	NA	NA	3	2	1	NA	NA	NA	NA	NA	NA
7	49169677	50085204	5	3	2	2	d	5	2	2	0.0397687903096	0.107776179384	5	2	3	3	2	1	NA	NA	NA	NA	NA	NA	NA	5	2	3	3	2	1	NA	NA	NA	5	2	3
7	50085205	51274113	3	2	1	2	d	5	1.74	0.84	0.0419132729906	0.0848554515435	3	1	2	2	1	1	NA	NA	NA	NA	NA	NA	NA	3	1	2	2	1	1	NA	NA	NA	3	1	2
7	51274114	51274417	3	2	1	2	d	4	1.74	0.84	0.05	0.1	3	1	2	2	1	1	NA	NA	NA	NA	NA	NA	NA	NA	NA	NA	2	1	1	NA	NA	NA	3	1	2
7	51274418	57802220	3	2	1	2	d	5	1.74	0.84	0.0421884927572	0.096831259543	3	1	2	2	1	1	NA	NA	NA	NA	NA	NA	NA	3	1	2	2	1	1	NA	NA	NA	3	1	2
7	57802221	57999999	6	4	2	1	g	NA	4	2	0.05	0.315879412717	3	1	2	5	2	1	NA	NA	NA	NA	NA	NA	NA	6	2	4	5	2	1	NA	NA	NA	6	2	4
7	58000000	62387135	NA	NA	NA	NA	NA	NA	2	2	0.05	0.20095560852	5.446823	2.178354415	3.26846854	NA	NA	NA	NA	NA	NA	NA	NA	NA	NA	5	2	3	3	3	1	NA	NA	NA	5	2	3
7	62387136	158817500	3	2	1	2	d	5	2	1	0.0437010989774	0.127454041779	3.108936	1.044525869	2.06441045	2	1	1	NA	NA	NA	NA	NA	NA	NA	3	1	2	2	1	1	NA	NA	NA	3	1	2
8	10001	203428	2	2	0	2	d	2	2.16	0	0.05	0.1	NA	NA	NA	1	0	1	NA	NA	NA	NA	NA	NA	NA	NA	NA	NA	2	0	1	NA	NA	NA	2	0	2
8	203429	31654505	2	2	0	2	d	5	2.16	0	0.0526357990879	0.117410787706	2	0	2	2	0	1	NA	NA	NA	NA	NA	NA	NA	2	0	2	2	0	1	NA	NA	NA	2	0	2
8	31654506	41503504	1	1	0	3	a	6	1	0	0.0483981201677	0.0854698375286	1	0	1	1	0	1	NA	NA	NA	NA	NA	NA	NA	1	0	1	1	0	1	NA	NA	NA	1	0	1
8	41503505	43099999	2	2	0	2	d	5	2	0	0.0535992951976	0.0793518461969	2.132341	0.044372894	2.08796779	2	0	1	NA	NA	NA	NA	NA	NA	NA	2	0	2	2	0	1	NA	NA	NA	2	0	2
8	43100000	48099999	NA	NA	NA	NA	NA	NA	2	0.84	0.0477333596083	0.232496376482	2.877567	0.742517582	2.13504915	NA	NA	NA	NA	NA	NA	NA	NA	NA	NA	3	1	2	2	1	1	NA	NA	NA	2	0	2
8	48100000	49595788	3	2	1	2	d	4	2	0.84	0.044875811585	0.0909148928608	3.139811	1.059330071	2.08048094	2	1	1	NA	NA	NA	NA	NA	NA	NA	3	1	2	2	1	1	NA	NA	NA	3	1	2
8	49595789	49745416	2	2	0	2	d	4	2	0	0.0457616326198	0.0732148691371	2.242791	0.198189598	2.04460171	2	0	0.703333774777776	2	1	0.296666225222224	0.0968558684969811	0.0944066606289942	0.471081679816782	0.836669505538244	2	0	2	2	0	1	NA	NA	NA	2	0	2
8	49745417	120510194	3	2	1	2	d	4	1.58	0.69	0.0425867397257	0.0917519917411	3.107951	1.058926851	2.04902378	2	1	1	NA	NA	NA	NA	NA	NA	NA	3	1	2	2	1	1	NA	NA	NA	3	1	2
8	120510195	120512658	3	2	1	2	d	3	1.58	0.69	0.05	0.1	3.107951	1.058926851	2.04902378	3	1	1	NA	NA	NA	NA	NA	NA	NA	3	1	2	2	1	1	NA	NA	NA	3	1	2
8	120512659	141194770	3	2	1	2	d	4	1.58	0.69	0.0430207951896	0.0840274993091	3.100683	1.049565909	2.05111757	2	1	1	NA	NA	NA	NA	NA	NA	NA	3	1	2	2	1	1	NA	NA	NA	3	1	2
8	141194771	141397950	2	2	0	3	a	6	2	0	0.0448631318102	0.0670622866184	2	0	2	2	0	1	NA	NA	NA	NA	NA	NA	NA	2	0	2	2	0	1	NA	NA	NA	2	0	2
8	141397951	146364021	3	2	1	2	d	4	1.58	0.84	0.0418673374182	0.0977421611938	3.199823	1.105006828	2.09481636	2	1	1	NA	NA	NA	NA	NA	NA	NA	3	1	2	2	1	1	NA	NA	NA	3	1	2
9	47500	215510	1	1	0	2	d	3	1.16	0	0.05	0.1	NA	NA	NA	NA	NA	NA	NA	NA	NA	NA	NA	NA	NA	1	0	1	1	0	1	NA	NA	NA	1	0	1
9	215511	10153363	1	1	0	2	d	5	1.16	0	0.0501316734416	0.0770254148933	1	0	1	1	0	1	NA	NA	NA	NA	NA	NA	NA	1	0	1	1	0	1	NA	NA	NA	1	0	1
9	10153364	10336264	2	2	0	2	d	5	2.31	0	0.0458691790943	0.0809803363017	2	0	2	2	0	1	NA	NA	NA	NA	NA	NA	NA	2	0	2	2	0	1	NA	NA	NA	2	0	2
9	10336265	21875092	1	1	0	2	d	5	1.16	0	0.0496903509684	0.0775507072628	1	0	1	1	0	1	NA	NA	NA	NA	NA	NA	NA	1	0	1	1	0	1	NA	NA	NA	1	0	1
9	21875093	21979944	1	1	0	2	d	4	1.16	0	0.05	0.0706364128634	1	0	1	0	0	0.394772851669398	1	0	0.605227148330602	0.173369731843186	0.158866027107013	0.188700137144097	0.80578432577365	1	0	1	1	0	1	NA	NA	NA	1	0	1
9	21979945	25801238	1	1	0	2	d	4	1.16	0	0.0507627969863	0.0842716446765	1.118451	0.045237576	1.07321356	1	0	1	NA	NA	NA	NA	NA	NA	NA	1	0	1	1	0	1	NA	NA	NA	1	0	1
9	25801239	25802345	1	1	0	2	d	2	NA	NA	NA	NA	1.118451	0.045237576	1.07321356	NA	NA	NA	NA	NA	NA	NA	NA	NA	NA	NA	NA	NA	1	0	1	NA	NA	NA	1	0	1
9	25802346	26323827	5	3	2	2	e	0	2	2	0.0383159701893	0.0928317737183	2.832803	1.028205594	1.80459728	1	1	0.348398363176694	2	1	0.651601636823306	0.0750937871846621	0.0752127581405781	0.179522191572159	0.483109975460811	2	1	1	2	1	1	NA	NA	NA	3	1	2
9	26323828	26330720	4	2	2	2	f	2	2	2	0.05	0.1	2.832803	1.028205594	1.80459728	NA	NA	NA	NA	NA	NA	NA	NA	NA	NA	NA	NA	NA	3	1	1	NA	NA	NA	3	1	2
9	26330721	26332791	4	3	1	1	h	1	NA	NA	NA	NA	NA	NA	NA	NA	NA	NA	NA	NA	NA	NA	NA	NA	NA	NA	NA	NA	3	1	1	NA	NA	NA	3	1	2
9	26332792	26604383	3	2	1	2	e	4	3	1	0.0327734839943	0.10260728577	3.641258	1.018600927	2.62265666	2	1	0.546113847837995	3	1	0.453886152162005	0.0876928947431119	0.0862160394028982	0.401875667938804	0.747170121452744	3	1	2	3	1	1	NA	NA	NA	3	1	2
9	26604384	26620785	3	2	1	2	d	3	2	1.58	0.05	0.1	3.641258	1.018600927	2.62265666	1	1	0.232040928029675	2	1	0.767959071970325	0.137660974496006	0.131184291933004	0.0466605009531385	0.559067006950402	3	1	2	2	1	1	NA	NA	NA	3	1	2
9	26620786	26624829	3	2	1	2	d	2	2	1.58	0.05	0.1	NA	NA	NA	3	1	1	NA	NA	NA	NA	NA	NA	NA	NA	NA	NA	2	1	1	NA	NA	NA	3	1	2
9	26624830	26625973	3	2	1	2	d	2	2	1.58	0.05	0.1	NA	NA	NA	0	0	0.354424375114026	1	0	0.645575624885974	NA	0	0.354424375114026	0.354424375114026	NA	NA	NA	2	1	1	NA	NA	NA	3	1	2
9	26625974	26628502	3	2	1	2	d	4	2	1.58	0.05	0.1	NA	NA	NA	2	1	1	NA	NA	NA	NA	NA	NA	NA	3	1	2	2	1	1	NA	NA	NA	3	1	2
9	26628503	27067774	3	2	1	2	d	3	2	1.58	0.0240909562116	0.110348958661	2.880841	1.119472752	1.76136863	1	1	0.342132962822618	2	1	0.657867037177382	0.06215552340693	0.0592790850894301	0.244706593856215	0.478662459784944	3	1	2	2	1	1	NA	NA	NA	3	1	2
9	27067775	27893641	4	2	2	2	d	2	2.58	2.58	0.0325855975583	0.112414099198	4.593275	2.00538583	2.58788948	2	2	0.426919256421165	3	2	0.573080743578835	0.0385509943485508	0.0376075587162043	0.386274242248755	0.535471638677252	4	2	2	3	2	1	NA	NA	NA	4	2	2
9	27893642	27894660	3	2	1	2	f	2	2.16	1	0.05	0.1	4.593275	2.00538583	2.58788948	1	0	1	NA	NA	NA	NA	NA	NA	NA	1	0	1	3	2	1	NA	NA	NA	3	1	2
9	27894661	30066330	3	2	1	2	d	3	2.16	1	0.0427075359111	0.0879878091485	2.861611	0.892043345	1.96956794	2	1	1	NA	NA	NA	NA	NA	NA	NA	2	1	1	2	1	1	NA	NA	NA	3	1	2
9	30066331	30070772	3	2	1	2	d	3	2.16	1	0.05	0.1	2.861611	0.892043345	1.96956794	2	1	1	NA	NA	NA	NA	NA	NA	NA	NA	NA	NA	2	1	1	NA	NA	NA	3	1	2
9	30070773	34223823	3	2	1	2	d	5	2.16	1	0.046441033863	0.146023319598	3	1	2	2	1	1	NA	NA	NA	NA	NA	NA	NA	3	1	2	2	1	1	NA	NA	NA	3	1	2
9	34223824	44237392	4	2	2	2	d	4	2	2	0.029816372218	0.149880226999	3.843277	1.921638472	1.92163847	2	2	1	NA	NA	NA	NA	NA	NA	NA	4	2	2	2	2	1	NA	NA	NA	3	1	2
9	44237393	47299999	4	2	2	2	d	3	2	2	0.05	0.220052962098	3.843277	1.921638472	1.92163847	2	2	1	NA	NA	NA	NA	NA	NA	NA	1	0	1	2	2	1	NA	NA	NA	3	1	2
9	47300000	50699999	NA	NA	NA	NA	NA	NA	NA	NA	NA	NA	NA	NA	NA	NA	NA	NA	NA	NA	NA	NA	NA	NA	NA	1	0	1	NA	NA	NA	NA	NA	NA	3	1	2
9	50700000	66605388	3	2	1	2	d	2	1.58	0.84	0.05	0.218901603869	NA	NA	NA	NA	NA	NA	NA	NA	NA	NA	NA	NA	NA	NA	NA	NA	2	1	1	NA	NA	NA	3	1	2
9	66605389	136541781	3	2	1	2	d	4	1.58	0.84	0.0431612850687	0.0931952406216	2.701719	0.915049882	1.7866695	2	1	1	NA	NA	NA	NA	NA	NA	NA	3	1	2	2	1	1	NA	NA	NA	3	1	2
9	136541782	138730004	4	3	1	2	d	5	3	1	0.0499936434199	0.108369458741	3.749441	0.940655439	2.80878523	3	1	1	NA	NA	NA	NA	NA	NA	NA	4	1	3	3	1	1	NA	NA	NA	4	1	3
9	138730005	138761609	1	1	0	1	g	NA	1	1	0.05	0.1	3.749441	0.940655439	2.80878523	1	1	1	NA	NA	NA	NA	NA	NA	NA	1	0	1	3	1	1	NA	NA	NA	3	1	2
9	138761610	140267500	4	3	1	2	d	3	3	1	0.0392013050713	0.125881103222	3.694912	0.904912469	2.7899993	2	1	0.267398049032167	3	1	0.732601950967833	0.0474784484984624	0.0483623012008608	0.166741314146496	0.358287632211658	NA	NA	NA	3	1	1	NA	NA	NA	4	1	3
10	95074	14520543	2	1	1	2	d	5	1	1	0.0347230580878	0.0945451001503	2.15568	1.077840184	1.07784018	1	1	1	NA	NA	NA	NA	NA	NA	NA	2	1	1	1	1	1	NA	NA	NA	2	1	1
10	14520544	14806572	3	2	1	3	a	6	2	1	0.0322027409782	0.0916663503536	3	1	2	2	1	1	NA	NA	NA	NA	NA	NA	NA	3	1	2	2	1	1	NA	NA	NA	3	1	2
10	14806573	33259874	2	1	1	2	d	5	1	1	0.0327983687405	0.0868601355464	2.150333	1.075166275	1.07516628	1	1	1	NA	NA	NA	NA	NA	NA	NA	2	1	1	1	1	1	NA	NA	NA	2	1	1
10	33259875	37999999	3	2	1	2	d	5	2	1	0.0427012415441	0.0939254442296	3.185241	1.064783482	2.12045795	2	1	1	NA	NA	NA	NA	NA	NA	NA	3	1	2	2	1	1	NA	NA	NA	3	1	2
10	38000000	42397372	3	2	1	2	d	4	2	1	0.0364978383077	0.421288275003	3.615485	1.262952792	2.35253227	2	1	1	NA	NA	NA	NA	NA	NA	NA	3	1	2	2	1	1	NA	NA	NA	2	1	1
10	42397373	42655064	3	2	1	2	d	3	2	1	0.05	0.411181648981	3.471835	1.293106136	2.17872867	2	1	0.762225619538347	2	2	0.237774380461653	0.0494197836611713	0.0498565006939211	0.648349850204535	0.840971140787278	3	1	2	2	1	1	NA	NA	NA	2	1	1
10	42655065	60725576	2	1	1	3	a	6	1	1	0.0337364210757	0.085836930099	2	1	1	1	1	1	NA	NA	NA	NA	NA	NA	NA	2	1	1	1	1	1	NA	NA	NA	2	1	1
10	60725577	61061184	3	2	1	2	d	4	1	1	0.0380056233336	0.0914340153318	3	1	2	1	1	0.183727706749445	2	1	0.816272293250555	0.174792686663957	0.161854281381113	0.116185785086865	0.746598736686401	3	1	2	2	1	1	NA	NA	NA	3	1	2
10	61061185	61528120	2	1	1	2	d	5	1	1	0.024574084	0.0923004067784	2	1	1	1	0	0.142537858055095	1	1	0.857462141944905	0.0556064861707017	0.058133954475074	-0.00420919907536636	0.227571676227965	2	1	1	1	1	1	NA	NA	NA	2	1	1
10	61528121	65253393	3	2	1	3	a	6	2	1	0.0408793618474	0.0905080502444	3	1	2	2	1	1	NA	NA	NA	NA	NA	NA	NA	3	1	2	2	1	1	NA	NA	NA	3	1	2
10	65253394	68734075	2	1	1	2	d	5	1	1	0.0379148380745	0.0814351739431	2	1	1	1	0	0.136836343732894	1	1	0.863163656267106	0.0137717797946855	0.0134837745216109	0.100723073759627	0.153470514523802	2	1	1	1	1	1	NA	NA	NA	2	1	1
10	68734076	82575476	3	2	1	3	a	6	2	1	0.041140341698	0.102237156174	3	1	2	2	1	1	NA	NA	NA	NA	NA	NA	NA	3	1	2	2	1	1	NA	NA	NA	3	1	2
10	82575477	83052642	2	1	1	3	a	6	1	1	0.0302615967477	0.0954481621459	2	1	1	1	1	1	NA	NA	NA	NA	NA	NA	NA	2	1	1	1	1	1	NA	NA	NA	2	1	1
10	83052643	83259833	3	2	1	3	a	6	2	1	0.0360451299454	0.0783074884644	3	1	2	2	1	1	NA	NA	NA	NA	NA	NA	NA	3	1	2	2	1	1	NA	NA	NA	3	1	2
10	83259834	83260117	3	2	1	3	b	5	2	1	0.05	0.1	3	1	2	2	1	1	NA	NA	NA	NA	NA	NA	NA	NA	NA	NA	2	1	1	NA	NA	NA	3	1	2
10	83260118	83550390	3	2	1	3	a	6	2	1	0.0395311430264	0.0980800985703	3	1	2	2	1	1	NA	NA	NA	NA	NA	NA	NA	3	1	2	2	1	1	NA	NA	NA	3	1	2
10	83550391	83655738	4	3	1	3	a	6	3	1	0.0435646821817	0.0848653697215	4	1	3	3	1	1	NA	NA	NA	NA	NA	NA	NA	4	1	3	3	1	1	NA	NA	NA	4	1	3
10	83655739	83941550	3	2	1	2	d	5	2	1	0.0408027476428	0.0973666780856	3	1	2	1	1	0.192433485411614	2	1	0.807566514588386	0.0746850108262171	0.0749937472111493	0.0737649087443424	0.366843038671586	3	1	2	2	1	1	NA	NA	NA	3	1	2
10	83941551	83945417	3	2	1	2	d	4	2	1	0.05	0.1	3	1	2	1	1	1	NA	NA	NA	NA	NA	NA	NA	3	1	2	2	1	1	NA	NA	NA	2	1	1
10	83945418	84042719	3	2	1	2	d	5	2	1	0.05	0.120248029939	3.17914	1.08372016	2.09541965	2	1	1	NA	NA	NA	NA	NA	NA	NA	3	1	2	2	1	1	NA	NA	NA	3	1	2
10	84042720	84090608	3	2	1	2	f	3	NA	NA	NA	NA	3.17914	1.08372016	2.09541965	2	1	1	NA	NA	NA	NA	NA	NA	NA	4	1	3	2	1	1	NA	NA	NA	4	1	3
10	84090609	84225686	3	2	1	3	b	5	2	1	0.05	0.104105791152	NA	NA	NA	2	1	1	NA	NA	NA	NA	NA	NA	NA	3	1	2	2	1	1	NA	NA	NA	3	1	2
10	84225687	84226695	3	2	1	2	d	2	NA	NA	NA	NA	NA	NA	NA	2	1	1	NA	NA	NA	NA	NA	NA	NA	NA	NA	NA	2	1	1	NA	NA	NA	2	1	1
10	84226696	84322224	2	1	1	2	d	5	1	1	0.05	0.105665050392	2.126634	1.063316974	1.06331697	1	1	1	NA	NA	NA	NA	NA	NA	NA	2	1	1	1	1	1	NA	NA	NA	2	1	1
10	84322225	84783792	3	2	1	2	d	4	1.58	1.58	0.0367219119322	0.0965230732892	3	1	2	1	1	0.258334686101847	2	1	0.741665313898153	0.0698519513084946	0.0696711397219639	0.117251249676637	0.382907732595741	3	1	2	2	1	1	NA	NA	NA	3	1	2
10	84783793	84787430	3	2	1	2	d	3	NA	NA	NA	NA	3	1	2	1	1	1	NA	NA	NA	NA	NA	NA	NA	NA	NA	NA	2	1	1	NA	NA	NA	3	1	2
10	84787431	84999812	4	3	1	3	a	6	3	1	0.0570558283241	0.105778271621	4	1	3	3	1	1	NA	NA	NA	NA	NA	NA	NA	4	1	3	3	1	1	NA	NA	NA	4	1	3
10	84999813	85194194	3	2	1	2	d	5	2	1	0.0233915935145	0.100859722772	3	1	2	1	1	0.256324218842965	2	1	0.743675781157035	0.058252286719249	0.058991598818378	0.106637066011802	0.33437216641338	3	1	2	2	1	1	NA	NA	NA	3	1	2
10	85194195	86499063	4	3	1	3	a	6	3	1	0.0545658663546	0.0984566846094	4	1	3	3	1	1	NA	NA	NA	NA	NA	NA	NA	4	1	3	3	1	1	NA	NA	NA	4	1	3
10	86499064	90475330	3	2	1	3	a	6	2	1	0.0376842166335	0.0923847060345	3	1	2	2	1	1	NA	NA	NA	NA	NA	NA	NA	3	1	2	2	1	1	NA	NA	NA	3	1	2
10	90475331	95168460	4	3	1	2	d	5	3	1	0.0447796216226	0.105625862565	4.107007	1.086297286	3.02071013	3	1	1	NA	NA	NA	NA	NA	NA	NA	4	1	3	3	1	1	NA	NA	NA	4	1	3
10	95168461	95170326	4	3	1	2	d	2	NA	NA	NA	NA	4.107007	1.086297286	3.02071013	NA	NA	NA	NA	NA	NA	NA	NA	NA	NA	NA	NA	NA	3	1	1	NA	NA	NA	4	1	3
10	95170327	135389924	2	1	1	3	a	6	1	1	0.0355591042216	0.0869989012735	2	1	1	1	1	1	NA	NA	NA	NA	NA	NA	NA	2	1	1	1	1	1	NA	NA	NA	2	1	1
11	20721	199672	3	2	1	2	d	3	2	1	0.05	0.1	NA	NA	NA	NA	NA	NA	NA	NA	NA	NA	NA	NA	NA	NA	NA	NA	2	1	1	NA	NA	NA	3	1	2
11	199673	23915993	3	2	1	2	d	5	2	1	0.0451738884157	0.101126291983	3.124364	1.028812771	2.09555095	2	1	1	NA	NA	NA	NA	NA	NA	NA	3	1	2	2	1	1	NA	NA	NA	3	1	2
11	23915994	31924562	3	2	1	3	a	6	2	1	0.0441833856485	0.0908074408655	3	1	2	2	1	1	NA	NA	NA	NA	NA	NA	NA	3	1	2	2	1	1	NA	NA	NA	3	1	2
11	31924563	31929608	3	2	1	2	d	4	2	1	0.05	0.1	3	1	2	1	1	1	NA	NA	NA	NA	NA	NA	NA	3	1	2	2	1	1	NA	NA	NA	2	1	1
11	31929609	31941511	3	2	1	3	b	5	2	1	0.05	0.1	NA	NA	NA	2	1	1	NA	NA	NA	NA	NA	NA	NA	3	1	2	2	1	1	NA	NA	NA	3	1	2
11	31941512	32007198	4	3	1	2	d	4	3	1	0.05	0.0832805513095	NA	NA	NA	3	1	0.764832446342083	3	2	0.235167553657917	0.123301700550116	0.120898088900651	0.483001867263598	0.971917660707053	4	1	3	3	1	1	NA	NA	NA	4	1	3
11	32007199	51599999	3	2	1	2	d	5	2	1	0.0445999224184	0.114349574281	3.117993	1.036758723	2.08123399	2	1	1	NA	NA	NA	NA	NA	NA	NA	3	1	2	2	1	1	NA	NA	NA	3	1	2
11	51600000	55699999	3	2	1	2	d	5	2	1	0.0473839294725	0.138781753805	3.286697	1.152441277	2.13425561	2	1	1	NA	NA	NA	NA	NA	NA	NA	3	1	2	2	1	1	NA	NA	NA	3	1	2
11	55700000	134442500	3	2	1	2	d	4	1.74	1	0.0427207835925	0.0999401576167	3.164822	1.104535686	2.06028639	2	1	1	NA	NA	NA	NA	NA	NA	NA	3	1	2	2	1	1	NA	NA	NA	3	1	2
12	110107	33299999	2	2	0	2	d	5	2	0	0.0517367564547	0.0990740432244	2.114544	0.025957088	2.08858688	2	0	1	NA	NA	NA	NA	NA	NA	NA	2	0	2	2	0	1	NA	NA	NA	2	0	2
12	33300000	38199999	NA	NA	NA	NA	NA	NA	2	0	0.0497007386471	0.166882731406	2.496438	0.219852482	2.27658589	NA	NA	NA	NA	NA	NA	NA	NA	NA	NA	2	0	2	2	0	1	NA	NA	NA	2	0	2
12	38200000	132342500	3	2	1	2	d	5	2	1	0.0441273770845	0.091236453226	3.145923	1.064001133	2.08192145	2	1	1	NA	NA	NA	NA	NA	NA	NA	3	1	2	2	1	1	NA	NA	NA	3	1	2
12	132342501	133851894	3	2	1	2	d	4	NA	NA	NA	NA	3.227925	1.068042031	2.15988321	2	1	1	NA	NA	NA	NA	NA	NA	NA	3	1	2	2	1	1	NA	NA	NA	3	1	2
13	1	16299999	2	2	0	1	h	1	NA	NA	NA	NA	NA	NA	NA	NA	NA	NA	NA	NA	NA	NA	NA	NA	NA	NA	NA	NA	NA	NA	NA	NA	NA	NA	2	0	2
13	16300000	19499999	2	2	0	2	d	4	2	0	0.080756811419	0.202009094028	NA	NA	NA	2	0	0.768363437328954	2	1	0.231636562671046	0.0755275643457398	0.0749439500099683	0.529701840429992	0.823360734958051	2	0	2	2	0	1	NA	NA	NA	2	0	2
13	19500000	33763571	2	2	0	3	a	6	2	0	0.0523756578869	0.0938320259712	2	0	2	2	0	1	NA	NA	NA	NA	NA	NA	NA	2	0	2	2	0	1	NA	NA	NA	2	0	2
13	33763572	114137500	3	2	1	2	d	5	1.74	1	0.0434730152774	0.101394874621	3	1	2	2	1	1	NA	NA	NA	NA	NA	NA	NA	3	1	2	2	1	1	NA	NA	NA	3	1	2
13	114137501	115169877	3	2	1	2	d	4	NA	NA	NA	NA	3.26591	1.119178996	2.1467312	2	1	1	NA	NA	NA	NA	NA	NA	NA	3	1	2	2	1	1	NA	NA	NA	3	1	2
14	1	16099999	2	2	0	1	h	1	NA	NA	NA	NA	NA	NA	NA	NA	NA	NA	NA	NA	NA	NA	NA	NA	NA	NA	NA	NA	NA	NA	NA	NA	NA	NA	2	0	2
14	16100000	19099999	2	2	0	2	d	2	NA	NA	NA	NA	NA	NA	NA	NA	NA	NA	NA	NA	NA	NA	NA	NA	NA	NA	NA	NA	2	0	1	NA	NA	NA	2	0	2
14	19100000	106362500	2	2	0	3	a	6	2	0	0.0526515876749	0.0881041123277	2	0	2	2	0	1	NA	NA	NA	NA	NA	NA	NA	2	0	2	2	0	1	NA	NA	NA	2	0	2
15	1	15799999	3	2	1	1	h	1	NA	NA	NA	NA	NA	NA	NA	NA	NA	NA	NA	NA	NA	NA	NA	NA	NA	NA	NA	NA	NA	NA	NA	NA	NA	NA	3	1	2
15	15800000	20699999	3	2	1	2	d	2	1	1	0.05	0.442610282482	NA	NA	NA	2	1	1	NA	NA	NA	NA	NA	NA	NA	NA	NA	NA	2	0	0.422486	2	1	0.577514	3	1	2
15	20700000	100332500	3	2	1	2	d	5	2	1	0.0428624571788	0.104127863436	3.126141	1.070416878	2.0557246	2	1	1	NA	NA	NA	NA	NA	NA	NA	3	1	2	2	1	1	NA	NA	NA	3	1	2
15	100332501	102417635	3	2	1	2	d	4	NA	NA	NA	NA	3.126768	1.046532536	2.08023571	2	1	1	NA	NA	NA	NA	NA	NA	NA	3	1	2	2	1	1	NA	NA	NA	3	1	2
16	83807	34599999	4	2	2	2	d	4	1.58	1.58	0.0311192403345	0.167152727528	3.607294	1.803647104	1.8036471	2	2	1	NA	NA	NA	NA	NA	NA	NA	4	2	2	2	2	1	NA	NA	NA	4	2	2
16	34600000	38599999	NA	NA	NA	NA	NA	NA	1.58	1.58	0.05	0.113713204316	3.607294	1.803647104	1.8036471	2	2	1	NA	NA	NA	NA	NA	NA	NA	3	1	2	2	2	0.659261	2	1	0.340739	2	1	1
16	38600000	46427499	2	1	1	2	d	2	1	1	0.05	0.1	NA	NA	NA	2	2	1	NA	NA	NA	NA	NA	NA	NA	NA	NA	NA	2	2	0.659261	2	1	0.340739	2	1	1
16	46427500	52802056	2	1	1	2	d	4	1	1	0.0349609520103	0.0792306734734	2.143121	1.071560249	1.07156025	2	2	1	NA	NA	NA	NA	NA	NA	NA	2	1	1	1	1	1	NA	NA	NA	2	1	1
16	52802057	52880099	3	2	1	2	d	3	1	1	0.026465361102	0.0866587540791	2.857866	1.02073283	1.83713315	1	1	0.384933950783565	2	1	0.615066049216435	0.0852113665557492	0.0848637747227829	0.154035535073193	0.486289651043708	3	1	2	2	1	1	NA	NA	NA	3	1	2
16	52880100	66714612	2	1	1	2	d	5	1	1	0.0369776850491	0.0897247605805	2.148732	1.074365786	1.07436579	1	1	1	NA	NA	NA	NA	NA	NA	NA	2	1	1	1	1	1	NA	NA	NA	2	1	1
16	66714613	66891506	1	1	0	2	d	3	0	0	0.05	0.058677512607	2.148732	1.074365786	1.07436579	1	0	1	NA	NA	NA	NA	NA	NA	NA	1	0	1	1	1	1	NA	NA	NA	1	0	1
16	66891507	88822500	2	1	1	2	d	5	1	1	0.0366271485395	0.0924175990045	2.152246	1.076122882	1.07612288	1	1	1	NA	NA	NA	NA	NA	NA	NA	2	1	1	1	1	1	NA	NA	NA	2	1	1
16	88822501	90354752	2	1	1	2	d	3	NA	NA	NA	NA	2.244101	1.122050357	1.12205036	1	1	1	NA	NA	NA	NA	NA	NA	NA	3	1	2	1	1	1	NA	NA	NA	2	1	1
17	12500	22199999	2	2	0	2	d	5	2	0	0.0513570546749	0.110371838854	2.15396	0.034577553	2.11938245	2	0	1	NA	NA	NA	NA	NA	NA	NA	2	0	2	2	0	1	NA	NA	NA	2	0	2
17	22200000	25799999	2	2	0	2	d	4	2	0	0.0512581176593	0.0963312678182	2.171794	0	2.17179422	NA	NA	NA	NA	NA	NA	NA	NA	NA	NA	2	0	2	2	0	1	NA	NA	NA	2	0	2
17	25800000	57912675	2	2	0	2	d	5	2	0	0.0520959823652	0.102757670422	2.150541	0.028198385	2.12234232	2	0	1	NA	NA	NA	NA	NA	NA	NA	2	0	2	2	0	1	NA	NA	NA	2	0	2
17	57912676	57951548	3	3	0	2	d	3	3	0	0.05	0.1	2.150541	0.028198385	2.12234232	3	0	1	NA	NA	NA	NA	NA	NA	NA	3	0	3	4	0	1	NA	NA	NA	4	0	4
17	57951549	57951568	4	4	0	2	d	2	3	0	0.05	0.1	NA	NA	NA	NA	NA	NA	NA	NA	NA	NA	NA	NA	NA	NA	NA	NA	4	0	1	NA	NA	NA	4	0	4
17	57951569	57956819	4	4	0	1	h	1	3	0	0.05	0.1	NA	NA	NA	4	0	1	NA	NA	NA	NA	NA	NA	NA	NA	NA	NA	2	0	1	NA	NA	NA	4	0	4
17	57956820	78772500	2	2	0	2	d	5	2	0	0.0527722880966	0.104456567498	2.174855	0.030424765	2.1444306	2	0	1	NA	NA	NA	NA	NA	NA	NA	2	0	2	2	0	1	NA	NA	NA	2	0	2
17	78772501	81195209	2	2	0	2	d	3	NA	NA	NA	NA	2.14348	0.011909207	2.13157097	2	0	1	NA	NA	NA	NA	NA	NA	NA	3	0	3	2	0	1	NA	NA	NA	2	0	2
18	27500	155279	1	1	0	3	b	5	1	0	0.05	0.134365798384	NA	NA	NA	1	0	1	NA	NA	NA	NA	NA	NA	NA	1	0	1	1	0	1	NA	NA	NA	1	0	1
18	155280	1932500	1	1	0	3	a	6	1	0	0.0464712047157	0.146826419011	1	0	1	1	0	1	NA	NA	NA	NA	NA	NA	NA	1	0	1	1	0	1	NA	NA	NA	1	0	1
18	1932501	15232228	1	1	0	3	a	6	1	0	0.0515083366925	0.103304276342	1	0	1	1	0	1	NA	NA	NA	NA	NA	NA	NA	1	0	1	1	0	1	NA	NA	NA	1	0	1
18	15232229	18999999	NA	NA	NA	NA	NA	NA	6	1	0.05	0.767817997914	1	0	1	5	1	1	NA	NA	NA	NA	NA	NA	NA	5	1	4	4	1	1	NA	NA	NA	2	0	2
18	19000000	19068061	5	4	1	2	d	3	4	1	0.05	0.1	NA	NA	NA	4	1	1	NA	NA	NA	NA	NA	NA	NA	6	2	4	3	1	1	NA	NA	NA	5	1	4
18	19068062	19545711	5	4	1	2	e	4	4	1	0.0421422771257	0.119195249489	4.489056	0.943868345	3.54518806	3	1	0.541221948549533	4	1	0.458778051450467	0.104004569812676	0.101540593125454	0.509082240381996	0.895531716540304	5	1	4	3	1	1	NA	NA	NA	4	1	3
18	19545712	19546356	4	3	1	1	g	1	4	1	0.05	0.1	4.489056	0.943868345	3.54518806	3	1	1	NA	NA	NA	NA	NA	NA	NA	NA	NA	NA	3	1	1	NA	NA	NA	3	1	2
18	19546357	20187745	5	4	1	2	d	3	4	1	0.0431884223151	0.122078098464	4.654415	1.102548389	3.55186636	3	1	0.684836543451122	4	1	0.315163456548878	0.122177219135685	0.122873497722634	0.437190494688403	0.920388934671811	4	1	3	4	1	1	NA	NA	NA	5	1	4
18	20187746	20187794	5	4	1	2	d	3	4	1	0.05	0.1	4.654415	1.102548389	3.55186636	3	1	0.684836543451122	4	1	0.315163456548878	0.122177219135685	0.122873497722634	0.437190494688403	0.920388934671811	NA	NA	NA	4	1	1	NA	NA	NA	5	1	4
18	20187795	20194245	4	3	1	1	g	1	4	1	0.05	0.1	NA	NA	NA	3	1	0.684836543451122	4	1	0.315163456548878	0.122177219135685	0.122873497722634	0.437190494688403	0.920388934671811	NA	NA	NA	3	1	1	NA	NA	NA	NA	NA	NA
18	20194246	20299755	4	3	1	2	d	3	4	1	0.05	0.108693503523	NA	NA	NA	3	1	0.684836543451122	4	1	0.315163456548878	0.122177219135685	0.122873497722634	0.437190494688403	0.920388934671811	4	1	3	3	1	1	NA	NA	NA	4	1	3
18	20299756	21155675	4	3	1	2	d	2	2.58	1	0.036204077319	0.0985370468999	3.533361	1.029463542	2.50389718	2	1	0.652369342024519	3	1	0.347630657975481	0.04774105653409	0.0472066767519318	0.558745063990171	0.746538143561327	4	1	3	3	1	0.399488	2	1	0.600512	4	1	3
18	21155676	21280927	5	4	1	2	d	4	4	1	0.05	0.0651626844214	4.863405	1.082921007	3.78048409	3	1	0.454207558457758	4	1	0.545792441542242	0.161092176075621	0.158415548909175	0.161019061117157	0.782486969438222	5	1	4	4	1	1	NA	NA	NA	5	1	4
18	21280928	21579808	6	5	1	2	d	4	5	1	0.0438762283078	0.117149983857	5.811065	1.079878905	4.73118638	4	1	0.47847644805049	5	1	0.52152355194951	0.18611563174406	0.178517463289391	0.415480983884761	1.11105369583149	6	1	5	5	1	1	NA	NA	NA	6	1	5
18	21579809	21581786	6	5	1	1	h	1	NA	NA	NA	NA	5.811065	1.079878905	4.73118638	NA	NA	NA	NA	NA	NA	NA	NA	NA	NA	NA	NA	NA	5	1	1	NA	NA	NA	4	1	3
18	21581787	22023344	4	3	1	2	d	2	3.58	1	0.0459799624632	0.113256897834	4.568631	1.006488045	3.56214277	3	1	0.483143062716682	4	1	0.516856937283318	0.0662223370977124	0.067471511906008	0.351422575979126	0.609095049854561	4	1	3	4	1	1	NA	NA	NA	4	1	3
18	22023345	22026227	4	3	1	2	e	4	3.58	1	0.05	0.1	4.568631	1.006488045	3.56214277	3	1	0.483143062716682	4	1	0.516856937283318	0.0662223370977124	0.067471511906008	0.351422575979126	0.609095049854561	6	2	4	4	1	1	NA	NA	NA	4	1	3
18	22026228	22422847	5	4	1	2	d	2	3.58	1	0.0341426441139	0.106641290861	4.67858	1.000003182	3.678577	3	1	0.483143062716682	4	1	0.516856937283318	0.0662223370977124	0.067471511906008	0.351422575979126	0.609095049854561	5	1	4	4	1	1	NA	NA	NA	4	1	3
18	22422848	22425663	4	3	1	2	f	2	NA	NA	NA	NA	4.67858	1.000003182	3.678577	NA	NA	NA	NA	NA	NA	NA	NA	NA	NA	NA	NA	NA	2	1	1	NA	NA	NA	4	1	3
18	22425664	22425814	3	2	1	1	h	1	NA	NA	NA	NA	NA	NA	NA	NA	NA	NA	NA	NA	NA	NA	NA	NA	NA	NA	NA	NA	2	1	1	NA	NA	NA	NA	NA	NA
18	22425815	22434920	3	2	1	2	d	3	2	1	0.05	0.1	NA	NA	NA	NA	NA	NA	NA	NA	NA	NA	NA	NA	NA	3	1	2	2	1	1	NA	NA	NA	NA	NA	NA
18	22434921	22549976	3	2	1	2	d	5	2	1	0.0599260363822	0.0994445561906	3.364373	0.984872717	2.37950067	2	1	1	NA	NA	NA	NA	NA	NA	NA	3	1	2	2	1	1	NA	NA	NA	3	1	2
18	22549977	22861940	4	3	1	2	d	3	4	1	0.0578295351327	0.10791711393	4.532284	1.067086173	3.46519816	3	1	1	NA	NA	NA	NA	NA	NA	NA	4	1	3	4	1	0.231346	3	1	0.768654	4	1	3
18	22861941	32411974	1	1	0	3	a	6	1	0	0.0494642769702	0.0717438846731	1	0	1	1	0	1	NA	NA	NA	NA	NA	NA	NA	1	0	1	1	0	1	NA	NA	NA	1	0	1
18	32411975	67023469	2	2	0	2	d	5	2.16	0	0.0515653533016	0.0891947136257	2	0	2	2	0	1	NA	NA	NA	NA	NA	NA	NA	2	0	2	2	0	1	NA	NA	NA	2	0	2
18	67023470	67169998	5	3	2	2	d	3	3	2	0.0443958734751	0.151604289233	5.539597	2.011887091	3.52770992	3	2	0.573900453766982	4	2	0.426099546233018	0.0909962877190804	0.0897972948944334	0.428399374904796	0.785574829646916	5	2	3	4	2	1	NA	NA	NA	5	2	3
18	67169999	76112500	2	2	0	2	d	5	2.16	0	0.0527244469234	0.0848422388856	2	0	2	2	0	1	NA	NA	NA	NA	NA	NA	NA	2	0	2	2	0	1	NA	NA	NA	2	0	2
18	76112501	78077247	2	2	0	2	d	4	NA	NA	NA	NA	2.125811	0.04791112	2.07789938	2	0	1	NA	NA	NA	NA	NA	NA	NA	2	0	2	2	0	1	NA	NA	NA	2	0	2
19	102500	287945	2	1	1	2	d	4	1	1	0.05	0.1	NA	NA	NA	1	1	1	NA	NA	NA	NA	NA	NA	NA	NA	NA	NA	1	1	1	NA	NA	NA	2	1	1
19	287946	14607205	2	1	1	2	d	4	1	1	0.0334335579268	0.0893619181867	2.229815	1.114907562	1.11490756	1	1	1	NA	NA	NA	NA	NA	NA	NA	3	1	2	1	1	1	NA	NA	NA	2	1	1
19	14607206	14614927	2	1	1	2	d	2	1	1	0.05	0.1	2.229815	1.114907562	1.11490756	1	0	0.438578024784925	1	1	0.561421975215076	NA	0	0.438578024784925	0.438578024784925	NA	NA	NA	1	1	1	NA	NA	NA	3	1	2
19	14614928	24399999	2	1	1	2	d	5	1	1	0.0325255444407	0.1004934021	2.210965	1.105482686	1.10548269	1	1	1	NA	NA	NA	NA	NA	NA	NA	2	1	1	1	1	1	NA	NA	NA	2	1	1
19	24400000	28599999	2	1	1	2	d	5	1	1	0.0302104477943	0.114593922954	2.330913	1.165456597	1.1654566	1	1	1	NA	NA	NA	NA	NA	NA	NA	2	1	1	1	1	1	NA	NA	NA	2	1	1
19	28600000	53627776	2	1	1	2	d	5	1	1	0.0352218559786	0.104376469129	2.206632	1.103316162	1.10331616	1	1	1	NA	NA	NA	NA	NA	NA	NA	2	1	1	1	1	1	NA	NA	NA	2	1	1
19	53627777	58779999	3	2	1	2	d	5	2	1	0.05076261092	0.278790345482	3.268174	1.114304139	2.15386978	2	1	1	NA	NA	NA	NA	NA	NA	NA	3	1	2	2	1	1	NA	NA	NA	3	1	2
20	17500	25599999	3	2	1	2	d	4	1.58	0.84	0.0429486100675	0.0870241344233	3.168207	1.075262811	2.09294413	2	1	1	NA	NA	NA	NA	NA	NA	NA	3	1	2	2	1	1	NA	NA	NA	3	1	2
20	25600000	29451918	3	2	1	2	d	3	1.58	0.84	0.05	0.0963427435329	3.168207	1.075262811	2.09294413	NA	NA	NA	NA	NA	NA	NA	NA	NA	NA	3	1	2	2	1	1	NA	NA	NA	3	1	2
20	29451919	62432500	3	2	1	2	d	4	1.58	0.69	0.0446399727898	0.087776682314	3.246728	1.099014731	2.14771282	2	1	1	NA	NA	NA	NA	NA	NA	NA	3	1	2	2	1	1	NA	NA	NA	3	1	2
21	1	9417499	NA	NA	NA	NA	NA	NA	1.74	1	0.05	0.1	NA	NA	NA	NA	NA	NA	NA	NA	NA	NA	NA	NA	NA	NA	NA	NA	2	0	1	NA	NA	NA	NA	NA	NA
21	9417500	9858053	NA	NA	NA	NA	NA	NA	1.74	1	0.05	0.382847789546	NA	NA	NA	NA	NA	NA	NA	NA	NA	NA	NA	NA	NA	NA	NA	NA	2	0	1	NA	NA	NA	NA	NA	NA
21	9858054	10899999	NA	NA	NA	NA	NA	NA	1.74	1	0.05	0.222608827199	NA	NA	NA	NA	NA	NA	NA	NA	NA	NA	NA	NA	NA	NA	NA	NA	3	0	1	NA	NA	NA	NA	NA	NA
21	10900000	14299999	2	1	1	2	f	1	1.74	1	0.05	0.144545221234	NA	NA	NA	NA	NA	NA	NA	NA	NA	NA	NA	NA	NA	NA	NA	NA	3	0	1	NA	NA	NA	NA	NA	NA
21	14300000	46937500	3	2	1	2	d	2	1.74	1	0.042432003336	0.0927259049122	2.904996	1.059919843	1.84507626	1	1	0.254258562210942	2	1	0.745741437789058	0.00629532968443373	0.00609221691041878	0.242352251840233	0.265706867192009	3	1	2	2	1	1	NA	NA	NA	NA	NA	NA
21	46937501	48129894	3	2	1	2	d	2	NA	NA	NA	NA	2.902849	1.044619346	1.85823013	1	1	0.254258562210942	2	1	0.745741437789058	0.00629532968443373	0.00609221691041878	0.242352251840233	0.265706867192009	3	1	2	2	1	1	NA	NA	NA	NA	NA	NA
22	1	12199999	1	1	0	2	d	2	NA	NA	NA	NA	NA	NA	NA	NA	NA	NA	NA	NA	NA	NA	NA	NA	NA	1	0	1	NA	NA	NA	NA	NA	NA	1	0	1
22	12200000	17899999	1	1	0	2	d	5	1	0	0.0434420424756	0.137986624626	1.131132	0.072240252	1.05889167	1	0	1	NA	NA	NA	NA	NA	NA	NA	1	0	1	1	0	1	NA	NA	NA	1	0	1
22	17900000	49687500	1	1	0	2	d	5	1	0	0.0530613134697	0.0901078302598	1.134214	0.038140536	1.09607396	1	0	1	NA	NA	NA	NA	NA	NA	NA	1	0	1	1	0	1	NA	NA	NA	1	0	1
22	49687501	51304565	1	1	0	2	d	3	NA	NA	NA	NA	1.126448	0.052931558	1.07351605	1	0	1	NA	NA	NA	NA	NA	NA	NA	2	1	1	1	0	1	NA	NA	NA	1	0	1
X	1	2700026	2	2	0	1	h	1	1	0	0.0603163750859	0.150689205794	2.103496	0	2.103496	NA	NA	NA	NA	NA	NA	NA	NA	NA	NA	NA	NA	NA	NA	NA	NA	NA	NA	NA	3	1	2
X	2700027	58099999	2	2	0	2	e	3	1.52	0	0.05	0.146803802232	2.103908	0	2.103908	NA	NA	NA	NA	NA	NA	NA	NA	NA	NA	2	0	2	NA	NA	NA	NA	NA	NA	NA	NA	NA
X	58100000	62999999	NA	NA	NA	NA	NA	NA	0.54	0	0.05	0.270593704124	1.457068	0	1.457068	NA	NA	NA	NA	NA	NA	NA	NA	NA	NA	1	0	1	NA	NA	NA	NA	NA	NA	NA	NA	NA
X	63000000	143530050	1	1	0	2	d	2	0.54	0	0.05	0.106120298497	1	0	1	NA	NA	NA	NA	NA	NA	NA	NA	NA	NA	1	0	1	NA	NA	NA	NA	NA	NA	NA	NA	NA
X	143530051	150749781	3	3	0	2	d	2	2.3	0	0.05	0.124609444009	3	0	3	NA	NA	NA	NA	NA	NA	NA	NA	NA	NA	3	0	3	NA	NA	NA	NA	NA	NA	NA	NA	NA
X	150749782	150750150	1	1	0	2	e	2	2.3	0	0.05	0.1	3	0	3	NA	NA	NA	NA	NA	NA	NA	NA	NA	NA	NA	NA	NA	NA	NA	NA	NA	NA	NA	NA	NA	NA
X	150750151	155270559	1	1	0	2	e	2	2.3	0	0.05	0.14090441141	3.111548	0	3.111548	NA	NA	NA	NA	NA	NA	NA	NA	NA	NA	3	0	3	NA	NA	NA	NA	NA	NA	5	1	4
Y	1	11599999	1	1	0	1	h	1	NA	NA	NA	NA	0.830876	0	0.830876	NA	NA	NA	NA	NA	NA	NA	NA	NA	NA	NA	NA	NA	NA	NA	NA	NA	NA	NA	5	0	5
Y	11600000	13399999	1	1	0	1	h	1	NA	NA	NA	NA	1	0	1	NA	NA	NA	NA	NA	NA	NA	NA	NA	NA	NA	NA	NA	NA	NA	NA	NA	NA	NA	5	0	5
Y	13400000	59373565	1	1	0	1	h	1	NA	NA	NA	NA	1	0	1	NA	NA	NA	NA	NA	NA	NA	NA	NA	NA	NA	NA	NA	NA	NA	NA	NA	NA	NA	5	0	5
