chromosome	start	end	total_cn	major_cn	minor_cn	star	level	methods_agree	absolute_broad_major_cn	absolute_broad_minor_cn	absolute_broad_het_error	absolute_broad_cov_error	aceseq_copy_number	aceseq_minor_cn	aceseq_major_cn	battenberg_nMaj1_A	battenberg_nMin1_A	battenberg_frac1_A	battenberg_nMaj2_A	battenberg_nMin2_A	battenberg_frac2_A	battenberg_SDfrac_A	battenberg_SDfrac_A_BS	battenberg_frac1_A_0.025	battenberg_frac1_A_0.975	clonehd_copy_number	clonehd_minor_cn	clonehd_major_cn	sclust_nMaj1_A	sclust_nMin1_A	sclust_frac1_A	sclust_nMaj2_A	sclust_nMin2_A	sclust_frac2_A	jabba_copy_number	jabba_minor_cn	jabba_major_cn
1	10001	16448918	1	1	0	2	d	5	1.1	0	0.07235732573	0.128404863212	1	0	1	1	0	1	NA	NA	NA	NA	NA	NA	NA	1	0	1	1	0	1	NA	NA	NA	1	0	1
1	16448919	16825688	0	0	0	2	d	5	0	0	0.0394878635987	0.0480584728365	0.155081	0.07754071	0.07754071	0	0	1	NA	NA	NA	NA	NA	NA	NA	0	0	0	0	0	1	NA	NA	NA	0	0	0
1	16825689	31670933	1	1	0	2	d	5	1.1	0	0.0715424807189	0.107425761984	1	0	1	1	0	1	NA	NA	NA	NA	NA	NA	NA	1	0	1	1	0	1	NA	NA	NA	1	0	1
1	31670934	41444006	2	1	1	3	a	6	1	1	0.0382937882002	0.0972476866357	2	1	1	1	1	1	NA	NA	NA	NA	NA	NA	NA	2	1	1	1	1	1	NA	NA	NA	2	1	1
1	41444007	43752762	4	3	1	2	d	4	3.23	1	0.0478065388736	0.129923938858	3.854807	0.99404052	2.86076598	3	1	1	NA	NA	NA	NA	NA	NA	NA	4	1	3	3	1	1	NA	NA	NA	4	1	3
1	43752763	44196703	2	1	1	3	a	6	1	1	0.0276148447261	0.0850898186484	2	1	1	1	1	1	NA	NA	NA	NA	NA	NA	NA	2	1	1	1	1	1	NA	NA	NA	2	1	1
1	44196704	44629960	4	3	1	2	d	4	3.1	1	0.045140766638	0.163526720108	3.863388	1.02896572	2.83442212	3	1	1	NA	NA	NA	NA	NA	NA	NA	4	1	3	3	1	1	NA	NA	NA	4	1	3
1	44629961	46416665	3	2	1	3	a	6	2	1	0.0505952707247	0.120604449552	3	1	2	2	1	1	NA	NA	NA	NA	NA	NA	NA	3	1	2	2	1	1	NA	NA	NA	3	1	2
1	46416666	66351705	2	1	1	3	a	6	1	1	0.0395703244741	0.0917601625614	2	1	1	1	1	1	NA	NA	NA	NA	NA	NA	NA	2	1	1	1	1	1	NA	NA	NA	2	1	1
1	66351706	118306678	1	1	0	2	d	5	1	0	0.0678788671315	0.0760202753158	1.124818	0.12274303	1.00207453	1	0	1	NA	NA	NA	NA	NA	NA	NA	1	0	1	1	0	1	NA	NA	NA	1	0	1
1	118306679	120577500	18	17	1	1	g	NA	34	1	0.0164124898272	1.03602236663	16.137949	1.00211908	15.13583014	17	1	1	NA	NA	NA	NA	NA	NA	NA	7	0	7	14	1	1	NA	NA	NA	17	0	17
1	120577501	121485202	17	16	1	1	g	NA	34	1	0.05	2.6718808513	16.137949	1.00211908	15.13583014	16	1	1	NA	NA	NA	NA	NA	NA	NA	7	0	7	14	1	1	NA	NA	NA	8	0	8
1	121485203	128899999	NA	NA	NA	NA	NA	NA	NA	NA	NA	NA	NA	NA	NA	NA	NA	NA	NA	NA	NA	NA	NA	NA	NA	1	0	1	14	1	1	NA	NA	NA	8	0	8
1	128900000	144004801	15	14	1	1	h	1	NA	NA	NA	NA	NA	NA	NA	NA	NA	NA	NA	NA	NA	NA	NA	NA	NA	1	0	1	14	1	1	NA	NA	NA	8	0	8
1	144004802	144573889	10	8	2	1	h	1	NA	NA	NA	NA	NA	NA	NA	NA	NA	NA	NA	NA	NA	NA	NA	NA	NA	1	0	1	8	2	1	NA	NA	NA	8	0	8
1	144573890	144842499	10	8	2	1	h	1	NA	NA	NA	NA	NA	NA	NA	NA	NA	NA	NA	NA	NA	NA	NA	NA	NA	1	0	1	8	2	1	NA	NA	NA	8	0	8
1	144842500	144972600	5	4	1	1	g	NA	15	3	0.05	1.39086131719	NA	NA	NA	4	1	1	NA	NA	NA	NA	NA	NA	NA	1	0	1	8	2	1	NA	NA	NA	8	0	8
1	144972601	145145865	18	17	1	1	g	NA	4	1	0.05	1.12899435483	NA	NA	NA	17	1	1	NA	NA	NA	NA	NA	NA	NA	NA	NA	NA	4	1	1	NA	NA	NA	7	0	7
1	145145866	145689955	5	4	1	2	d	4	4	1	0.05	0.480202722314	4.727317	0.98390056	3.74341675	4	1	1	NA	NA	NA	NA	NA	NA	NA	NA	NA	NA	4	1	1	NA	NA	NA	5	1	4
1	145689956	146953204	4	3	1	2	d	4	2.65	0.77	0.0456706526296	0.168199762485	3.850164	0.96620953	2.88395433	3	1	1	NA	NA	NA	NA	NA	NA	NA	4	1	3	3	1	1	NA	NA	NA	4	1	3
1	146953205	147013986	3	2	1	3	a	6	2	1	0.05	0.120209957757	3	1	2	2	1	1	NA	NA	NA	NA	NA	NA	NA	3	1	2	2	1	1	NA	NA	NA	3	1	2
1	147013987	148001385	4	3	1	2	d	4	2.65	0.9	0.0513003909995	0.102694790512	3.900255	1.0468233	2.8534314	3	1	1	NA	NA	NA	NA	NA	NA	NA	4	1	3	3	1	1	NA	NA	NA	4	1	3
1	148001386	149283245	4	3	1	2	d	4	2	0	0.05	0.463662054225	3.900255	1.0468233	2.8534314	3	1	1	NA	NA	NA	NA	NA	NA	NA	4	1	3	3	1	1	NA	NA	NA	4	1	3
1	149283246	149702600	4	3	1	1	g	NA	2.79	1	0.05	2.03674491882	NA	NA	NA	3	1	1	NA	NA	NA	NA	NA	NA	NA	7	1	6	8	0	1	NA	NA	NA	4	1	3
1	149702601	151236487	4	3	1	2	d	4	2.79	1	0.0475164038705	0.61473551293	3.857184	1.03767517	2.81950832	3	1	1	NA	NA	NA	NA	NA	NA	NA	4	1	3	3	1	1	NA	NA	NA	4	1	3
1	151236488	151295287	3	2	1	2	d	4	2	0	0.05	0.1	3.857184	1.03767517	2.81950832	2	1	1	NA	NA	NA	NA	NA	NA	NA	3	1	2	2	1	1	NA	NA	NA	3	1	2
1	151295288	153158651	4	3	1	2	d	5	3	0.9	0.0486615140308	0.218866094622	4	1	3	3	1	1	NA	NA	NA	NA	NA	NA	NA	4	1	3	3	1	1	NA	NA	NA	4	1	3
1	153158652	161043359	5	4	1	2	d	4	3.79	0.9	0.0393419853294	0.165235748274	4.797529	1.00123433	3.79629416	4	1	1	NA	NA	NA	NA	NA	NA	NA	5	1	4	4	1	1	NA	NA	NA	5	1	4
1	161043360	162812006	4	3	1	2	d	4	2.79	0.9	0.0445927532328	0.218357249252	3.877836	1.00727708	2.87055913	3	1	1	NA	NA	NA	NA	NA	NA	NA	4	1	3	3	1	1	NA	NA	NA	4	1	3
1	162812007	164707070	5	4	1	2	d	4	3.79	1	0.0404932177852	0.148271664364	4.795248	1.02695701	3.76829137	4	1	1	NA	NA	NA	NA	NA	NA	NA	5	1	4	4	1	1	NA	NA	NA	5	1	4
1	164707071	165970031	2	1	1	2	d	5	0.9	0.9	0.0374514220308	0.0949442125886	2	1	1	1	1	1	NA	NA	NA	NA	NA	NA	NA	2	1	1	1	1	1	NA	NA	NA	2	1	1
1	165970032	170186685	3	2	1	2	d	5	1.79	0.9	0.0525685585019	0.105618129872	3	1	2	2	1	1	NA	NA	NA	NA	NA	NA	NA	3	1	2	2	1	1	NA	NA	NA	3	1	2
1	170186686	170932601	2	1	1	2	d	5	0.9	0.9	0.0407869843815	0.0852530902007	2	1	1	1	1	1	NA	NA	NA	NA	NA	NA	NA	2	1	1	1	1	1	NA	NA	NA	2	1	1
1	170932602	171270743	3	2	1	3	a	6	2	1	0.0599133955198	0.104724630373	3	1	2	2	1	1	NA	NA	NA	NA	NA	NA	NA	3	1	2	2	1	1	NA	NA	NA	3	1	2
1	171270744	171273270	3	2	1	3	b	5	2	1	0.05	0.1	3	1	2	NA	NA	NA	NA	NA	NA	NA	NA	NA	NA	3	1	2	2	1	1	NA	NA	NA	3	1	2
1	171273271	171343520	3	2	1	2	d	2	2	1	0.05	0.0736790504181	NA	NA	NA	2	1	0.899472547733478	2	2	0.100527452266522	NA	0	0.899472547733478	0.899472547733478	NA	NA	NA	4	1	1	NA	NA	NA	3	1	2
1	171343521	171432521	5	4	1	2	d	5	4	1	0.05	0.263900409611	4.658965	0.98001586	3.67894939	4	1	1	NA	NA	NA	NA	NA	NA	NA	5	1	4	4	1	1	NA	NA	NA	5	1	4
1	171432522	172344236	2	1	1	2	d	5	0.9	0.9	0.0410708439514	0.0786552078198	2	1	1	1	1	1	NA	NA	NA	NA	NA	NA	NA	2	1	1	1	1	1	NA	NA	NA	2	1	1
1	172344237	172994698	4	3	1	2	d	4	3	0.9	0.0481695014557	0.105991226205	3.896133	1.0025974	2.89353576	3	1	1	NA	NA	NA	NA	NA	NA	NA	4	1	3	3	1	1	NA	NA	NA	4	1	3
1	172994699	174989327	6	5	1	2	d	4	4.65	0.9	0.0340426646327	0.164169406659	5.728498	1.00148745	4.72701033	5	1	1	NA	NA	NA	NA	NA	NA	NA	6	1	5	5	1	1	NA	NA	NA	6	1	5
1	174989328	175270795	4	3	1	3	a	6	3	1	0.0409444999441	0.120737709674	4	1	3	3	1	1	NA	NA	NA	NA	NA	NA	NA	4	1	3	3	1	1	NA	NA	NA	4	1	3
1	175270796	175298955	4	3	1	3	b	6	3	1	0.05	0.1	4	1	3	2	1	1	NA	NA	NA	NA	NA	NA	NA	4	1	3	3	1	1	NA	NA	NA	4	1	3
1	175298956	176846370	6	5	1	2	d	4	4.79	0.9	0.0349733095295	0.158881443489	5.701985	1.02868837	4.67329708	5	1	1	NA	NA	NA	NA	NA	NA	NA	6	1	5	5	1	1	NA	NA	NA	6	1	5
1	176846371	176849245	6	5	1	2	f	2	NA	NA	NA	NA	5.701985	1.02868837	4.67329708	7	1	1	NA	NA	NA	NA	NA	NA	NA	6	1	5	3	1	1	NA	NA	NA	6	1	5
1	176849246	176850450	4	3	1	1	h	1	NA	NA	NA	NA	NA	NA	NA	5	0	0.164799133907966	5	1	0.835200866092034	NA	0	0.164799133907966	0.164799133907966	NA	NA	NA	3	1	1	NA	NA	NA	5	0	5
1	176850451	179035251	4	3	1	2	d	4	2.79	0.9	0.0441192577252	0.123019911556	3.799649	1.00765061	2.79199818	3	1	1	NA	NA	NA	NA	NA	NA	NA	4	1	3	3	1	1	NA	NA	NA	4	1	3
1	179035252	180354597	6	5	1	2	d	4	4.79	0.9	0.0385980169034	0.157841023746	5.731134	1.0129711	4.71816311	5	1	1	NA	NA	NA	NA	NA	NA	NA	6	1	5	5	1	1	NA	NA	NA	6	1	5
1	180354598	180634173	4	3	1	2	d	5	3	1	0.0533954986597	0.123962202973	3.882875	0.99294518	2.88993021	3	1	1	NA	NA	NA	NA	NA	NA	NA	4	1	3	3	1	1	NA	NA	NA	4	1	3
1	180634174	180634570	4	3	1	2	f	2	NA	NA	NA	NA	3.882875	0.99294518	2.88993021	2	1	0.359789019093395	2	2	0.640210980906605	NA	0	0.359789019093395	0.359789019093395	1	0	1	3	1	1	NA	NA	NA	2	1	1
1	180634571	180634658	2	1	1	2	d	2	NA	NA	NA	NA	NA	NA	NA	NA	NA	NA	NA	NA	NA	NA	NA	NA	NA	1	0	1	1	1	1	NA	NA	NA	2	1	1
1	180634659	180636676	2	1	1	2	d	2	NA	NA	NA	NA	NA	NA	NA	NA	NA	NA	NA	NA	NA	NA	NA	NA	NA	NA	NA	NA	1	1	1	NA	NA	NA	2	1	1
1	180636677	180638956	2	1	1	2	d	2	0.9	0.9	0.05	0.1	NA	NA	NA	2	2	1	NA	NA	NA	NA	NA	NA	NA	NA	NA	NA	1	1	1	NA	NA	NA	2	1	1
1	180638957	180639615	3	2	1	2	d	2	0.9	0.9	0.05	0.1	NA	NA	NA	2	1	1	NA	NA	NA	NA	NA	NA	NA	NA	NA	NA	1	1	1	NA	NA	NA	3	1	2
1	180639616	186942625	2	1	1	2	d	5	0.9	0.9	0.0378587265523	0.0836228481717	2	1	1	1	1	1	NA	NA	NA	NA	NA	NA	NA	2	1	1	1	1	1	NA	NA	NA	2	1	1
1	186942626	186942937	2	1	1	2	d	4	0.9	0.9	0.05	0.1	2	1	1	1	1	1	NA	NA	NA	NA	NA	NA	NA	NA	NA	NA	1	1	1	NA	NA	NA	2	1	1
1	186942938	189302028	2	1	1	2	d	5	0.9	0.9	0.0375842770014	0.0877155886876	2	1	1	1	1	1	NA	NA	NA	NA	NA	NA	NA	2	1	1	1	1	1	NA	NA	NA	2	1	1
1	189302029	190789757	3	2	1	2	d	5	2	0.9	0.0591581044294	0.101938447612	3	1	2	2	1	1	NA	NA	NA	NA	NA	NA	NA	3	1	2	2	1	1	NA	NA	NA	3	1	2
1	190789758	190789811	3	2	1	2	d	2	NA	NA	NA	NA	3	1	2	NA	NA	NA	NA	NA	NA	NA	NA	NA	NA	NA	NA	NA	2	1	1	NA	NA	NA	4	1	3
1	190789812	191110757	4	3	1	2	d	2	NA	NA	NA	NA	NA	NA	NA	4	1	0.832553883308434	4	2	0.167446116691566	NA	0	0.832553883308434	0.832553883308434	4	1	3	1	1	1	NA	NA	NA	4	1	3
1	191110758	200506332	2	1	1	2	d	5	0.9	0.9	0.0372725925126	0.0898555308963	2	1	1	1	1	1	NA	NA	NA	NA	NA	NA	NA	2	1	1	1	1	1	NA	NA	NA	2	1	1
1	200506333	201274598	1	1	0	3	a	6	1	0	0.0709572824372	0.0616049996915	1	0	1	1	0	1	NA	NA	NA	NA	NA	NA	NA	1	0	1	1	0	1	NA	NA	NA	1	0	1
1	201274599	206872733	2	1	1	2	d	5	0.9	0.9	0.0394398433085	0.156044982619	2	1	1	1	1	1	NA	NA	NA	NA	NA	NA	NA	2	1	1	1	1	1	NA	NA	NA	2	1	1
1	206872734	207695079	1	1	0	3	a	6	1	0	0.0627074927695	0.0677010796261	1	0	1	1	0	1	NA	NA	NA	NA	NA	NA	NA	1	0	1	1	0	1	NA	NA	NA	1	0	1
1	207695080	208027294	2	1	1	2	d	5	0.9	0.9	0.0430895986703	0.0796017529783	2	1	1	1	1	1	NA	NA	NA	NA	NA	NA	NA	2	1	1	1	1	1	NA	NA	NA	2	1	1
1	208027295	218857561	1	1	0	3	a	6	1	0	0.0665924358973	0.0717574549834	1	0	1	1	0	1	NA	NA	NA	NA	NA	NA	NA	1	0	1	1	0	1	NA	NA	NA	1	0	1
1	218857562	223131651	2	1	1	2	d	5	0.9	0.9	0.0364301586735	0.0833802071903	2	1	1	1	1	1	NA	NA	NA	NA	NA	NA	NA	2	1	1	1	1	1	NA	NA	NA	2	1	1
1	223131652	223309226	1	1	0	3	a	6	1	0	0.0459329936442	0.0955242060898	1	0	1	1	0	1	NA	NA	NA	NA	NA	NA	NA	1	0	1	1	0	1	NA	NA	NA	1	0	1
1	223309227	225952132	4	3	1	2	d	4	3	0.9	0.049537640545	0.117049522423	3.877786	0.99439024	2.88339576	3	1	1	NA	NA	NA	NA	NA	NA	NA	4	1	3	3	1	1	NA	NA	NA	4	1	3
1	225952133	227249613	1	1	0	3	a	6	1	0	0.076603546198	0.0799831706672	1	0	1	1	0	1	NA	NA	NA	NA	NA	NA	NA	1	0	1	1	0	1	NA	NA	NA	1	0	1
1	227249614	229650157	4	3	1	2	d	5	3	1	0.0461676313778	0.132128374652	3.866456	1.00177949	2.86467672	3	1	1	NA	NA	NA	NA	NA	NA	NA	4	1	3	3	1	1	NA	NA	NA	4	1	3
1	229650158	229653505	2	1	1	2	d	3	1	1	0.05	0.1	3.866456	1.00177949	2.86467672	1	1	1	NA	NA	NA	NA	NA	NA	NA	NA	NA	NA	3	1	1	NA	NA	NA	2	1	1
1	229653506	229653929	2	1	1	2	d	4	1	1	0.05	0.1	NA	NA	NA	1	1	1	NA	NA	NA	NA	NA	NA	NA	NA	NA	NA	1	1	1	NA	NA	NA	2	1	1
1	229653930	231951035	2	1	1	3	a	6	1	1	0.0395528221035	0.0896691396359	2	1	1	1	1	1	NA	NA	NA	NA	NA	NA	NA	2	1	1	1	1	1	NA	NA	NA	2	1	1
1	231951036	234537352	1	1	0	3	a	6	1	0	0.0738088957232	0.0621185799822	1	0	1	1	0	1	NA	NA	NA	NA	NA	NA	NA	1	0	1	1	0	1	NA	NA	NA	1	0	1
1	234537353	234668838	2	1	1	2	d	4	0.9	0.9	0.0241815425022	0.0958594419344	2	1	1	1	0	0.191869108487067	1	1	0.808130891512933	0.0521686957764341	0.0543810443391927	0.0332263752998704	0.251664301942917	2	1	1	1	1	1	NA	NA	NA	2	1	1
1	234668839	234701939	2	1	1	2	d	2	0.9	0.9	0.05	0.1	2	1	1	1	1	0.28465404081049	2	1	0.71534595918951	NA	0	0.28465404081049	0.28465404081049	NA	NA	NA	3	1	1	NA	NA	NA	2	1	1
1	234701940	234818395	4	3	1	2	d	5	3	1	0.05	0.163219101673	3.87249	1.02721349	2.84527648	3	1	1	NA	NA	NA	NA	NA	NA	NA	4	1	3	3	1	1	NA	NA	NA	4	1	3
1	234818396	234997228	2	1	1	2	d	5	0.9	0.9	0.0401668274485	0.107668864785	2	1	1	1	1	1	NA	NA	NA	NA	NA	NA	NA	2	1	1	1	1	1	NA	NA	NA	2	1	1
1	234997229	236773500	3	2	1	2	d	5	1.79	0.9	0.0559989536014	0.101619379123	3	1	2	2	1	1	NA	NA	NA	NA	NA	NA	NA	3	1	2	2	1	1	NA	NA	NA	3	1	2
1	236773501	238186130	2	1	1	3	a	6	1	1	0.0423922558352	0.0787247294002	2	1	1	1	1	1	NA	NA	NA	NA	NA	NA	NA	2	1	1	1	1	1	NA	NA	NA	2	1	1
1	238186131	238187995	2	1	1	3	b	5	1	1	0.05	0.1	2	1	1	1	1	1	NA	NA	NA	NA	NA	NA	NA	NA	NA	NA	1	1	1	NA	NA	NA	2	1	1
1	238187996	239139250	2	1	1	3	a	6	1	1	0.0355114364004	0.0889542788359	2	1	1	1	1	1	NA	NA	NA	NA	NA	NA	NA	2	1	1	1	1	1	NA	NA	NA	2	1	1
1	239139251	240774470	1	1	0	3	a	6	1	0	0.0663863789805	0.0592406973615	1	0	1	1	0	1	NA	NA	NA	NA	NA	NA	NA	1	0	1	1	0	1	NA	NA	NA	1	0	1
1	240774471	242100909	2	1	1	3	a	6	1	1	0.0360244235729	0.0929859438714	2	1	1	1	1	1	NA	NA	NA	NA	NA	NA	NA	2	1	1	1	1	1	NA	NA	NA	2	1	1
1	242100910	247249600	1	1	0	3	a	6	1	0	0.0686084159041	0.0652896741854	1	0	1	1	0	1	NA	NA	NA	NA	NA	NA	NA	1	0	1	1	0	1	NA	NA	NA	1	0	1
1	247249601	249250620	1	1	0	3	b	5	NA	NA	NA	NA	1	0	1	1	0	1	NA	NA	NA	NA	NA	NA	NA	1	0	1	1	0	1	NA	NA	NA	1	0	1
2	47281	82557918	2	1	1	3	a	6	1	1	0.0387535595638	0.0962623900354	2	1	1	1	1	1	NA	NA	NA	NA	NA	NA	NA	2	1	1	1	1	1	NA	NA	NA	2	1	1
2	82557919	82561209	2	1	1	2	d	3	1	1	0.05	0.1	2	1	1	1	0	1	NA	NA	NA	NA	NA	NA	NA	NA	NA	NA	1	1	1	NA	NA	NA	1	0	1
2	82561210	90499999	2	1	1	3	a	6	1	1	0.0377946970642	0.105274683612	2	1	1	1	1	1	NA	NA	NA	NA	NA	NA	NA	2	1	1	1	1	1	NA	NA	NA	2	1	1
2	90500000	96799999	2	1	1	3	a	6	1	1	0.0456903557485	0.176364428255	2	1	1	1	1	1	NA	NA	NA	NA	NA	NA	NA	2	1	1	1	1	1	NA	NA	NA	2	1	1
2	96800000	185744145	2	1	1	3	a	6	1	1	0.0377133929624	0.0974220643766	2	1	1	1	1	1	NA	NA	NA	NA	NA	NA	NA	2	1	1	1	1	1	NA	NA	NA	2	1	1
2	185744146	242985695	2	1	1	3	a	6	1	1	0.0396656145998	0.0976469859209	2	1	1	1	1	1	NA	NA	NA	NA	NA	NA	NA	2	1	1	1	1	1	NA	NA	NA	2	1	1
3	62309	1062569	2	1	1	3	a	6	1	1	0.0333240737644	0.118579620321	2	1	1	1	1	1	NA	NA	NA	NA	NA	NA	NA	2	1	1	1	1	1	NA	NA	NA	2	1	1
3	1062570	87899999	2	1	1	3	a	6	1	1	0.0398090262387	0.0937695826897	2	1	1	1	1	1	NA	NA	NA	NA	NA	NA	NA	2	1	1	1	1	1	NA	NA	NA	2	1	1
3	87900000	93899999	2	1	1	3	a	6	1	1	0.0356915922858	0.125973151779	2	1	1	1	1	1	NA	NA	NA	NA	NA	NA	NA	2	1	1	1	1	1	NA	NA	NA	2	1	1
3	93900000	100577202	2	1	1	3	a	6	1	1	0.0393569311235	0.0942037134071	2	1	1	1	1	1	NA	NA	NA	NA	NA	NA	NA	2	1	1	1	1	1	NA	NA	NA	2	1	1
3	100577203	101386192	1	1	0	3	a	6	1	0	0.0720638765291	0.071227837619	1	0	1	1	0	1	NA	NA	NA	NA	NA	NA	NA	1	0	1	1	0	1	NA	NA	NA	1	0	1
3	101386193	113784729	2	1	1	3	a	6	1	1	0.0368698538044	0.0906175348999	2	1	1	1	1	1	NA	NA	NA	NA	NA	NA	NA	2	1	1	1	1	1	NA	NA	NA	2	1	1
3	113784730	114341391	1	1	0	3	a	6	1	0	0.078798756707	0.0731304801953	1	0	1	1	0	1	NA	NA	NA	NA	NA	NA	NA	1	0	1	1	0	1	NA	NA	NA	1	0	1
3	114341392	197847500	2	1	1	3	a	6	1	1	0.0387617308363	0.098149403618	2	1	1	1	1	1	NA	NA	NA	NA	NA	NA	NA	2	1	1	1	1	1	NA	NA	NA	2	1	1
4	27500	48199999	2	1	1	3	a	6	1	1	0.0380560312291	0.100062143396	2	1	1	1	1	1	NA	NA	NA	NA	NA	NA	NA	2	1	1	1	1	1	NA	NA	NA	2	1	1
4	48200000	52699999	2	1	1	3	b	5	1	1	0.05	0.366101008635	2	1	1	NA	NA	NA	NA	NA	NA	NA	NA	NA	NA	2	1	1	1	1	1	NA	NA	NA	2	1	1
4	52700000	66252214	2	1	1	3	a	6	1	1	0.0403616123841	0.0919948434923	2	1	1	1	1	1	NA	NA	NA	NA	NA	NA	NA	2	1	1	1	1	1	NA	NA	NA	2	1	1
4	66252215	66691403	1	1	0	3	a	6	1	0	0.0642713570818	0.058996303808	1	0	1	1	0	1	NA	NA	NA	NA	NA	NA	NA	1	0	1	1	0	1	NA	NA	NA	1	0	1
4	66691404	191154275	2	1	1	3	a	6	1	1	0.038086527702	0.0932689577419	2	1	1	1	1	1	NA	NA	NA	NA	NA	NA	NA	2	1	1	1	1	1	NA	NA	NA	2	1	1
5	22500	46099999	2	1	1	3	a	6	1	1	0.0380610965593	0.0999512800833	2	1	1	1	1	1	NA	NA	NA	NA	NA	NA	NA	2	1	1	1	1	1	NA	NA	NA	2	1	1
5	46100000	50699999	2	1	1	3	a	6	1	1	0.0420705744557	0.129352938941	2	1	1	1	1	1	NA	NA	NA	NA	NA	NA	NA	2	1	1	1	1	1	NA	NA	NA	2	1	1
5	50700000	180689978	2	1	1	3	a	6	1	1	0.0396704970698	0.0997134099908	2	1	1	1	1	1	NA	NA	NA	NA	NA	NA	NA	2	1	1	1	1	1	NA	NA	NA	2	1	1
6	39681	203396	2	1	1	1	h	1	NA	NA	NA	NA	NA	NA	NA	NA	NA	NA	NA	NA	NA	NA	NA	NA	NA	NA	NA	NA	NA	NA	NA	NA	NA	NA	2	1	1
6	203397	58699999	2	1	1	3	a	6	1	1	0.0429885429941	0.122351092097	2	1	1	1	1	1	NA	NA	NA	NA	NA	NA	NA	2	1	1	1	1	1	NA	NA	NA	2	1	1
6	58700000	63299999	2	1	1	3	a	6	1	1	0.0495313285579	0.110216364621	2	1	1	1	1	1	NA	NA	NA	NA	NA	NA	NA	2	1	1	1	1	1	NA	NA	NA	2	1	1
6	63300000	170915126	2	1	1	3	a	6	1	1	0.0389835110972	0.0997952188138	2	1	1	1	1	1	NA	NA	NA	NA	NA	NA	NA	2	1	1	1	1	1	NA	NA	NA	2	1	1
7	40386	57999999	2	1	1	3	a	6	1	1	0.0389084807664	0.101349997022	2	1	1	1	1	1	NA	NA	NA	NA	NA	NA	NA	2	1	1	1	1	1	NA	NA	NA	2	1	1
7	58000000	61699999	2	1	1	2	d	4	1	1	0.05	0.260454932496	2	1	1	NA	NA	NA	NA	NA	NA	NA	NA	NA	NA	NA	NA	NA	1	1	1	NA	NA	NA	2	1	1
7	61700000	158821400	2	1	1	3	a	6	1	1	0.0392622500945	0.101262212949	2	1	1	1	1	1	NA	NA	NA	NA	NA	NA	NA	2	1	1	1	1	1	NA	NA	NA	2	1	1
8	195980	8039173	1	1	0	2	d	5	1.1	0	0.0696753067525	0.137472946242	1	0	1	1	0	1	NA	NA	NA	NA	NA	NA	NA	1	0	1	1	0	1	NA	NA	NA	1	0	1
8	8039174	15952499	1	1	0	2	d	5	1.1	0	0.0690874295409	0.131517117439	1	0	1	1	0	1	NA	NA	NA	NA	NA	NA	NA	1	0	1	1	0	1	NA	NA	NA	1	0	1
8	15952500	15980041	1	1	0	3	b	5	NA	NA	NA	NA	1	0	1	1	0	1	NA	NA	NA	NA	NA	NA	NA	1	0	1	1	0	1	NA	NA	NA	1	0	1
8	15980042	33978042	1	1	0	2	d	5	1.1	0	0.0685102141272	0.09472779684	1	0	1	1	0	1	NA	NA	NA	NA	NA	NA	NA	1	0	1	1	0	1	NA	NA	NA	1	0	1
8	33978043	43099999	2	1	1	3	a	6	1	1	0.0371246001936	0.0945282298866	2	1	1	1	1	1	NA	NA	NA	NA	NA	NA	NA	2	1	1	1	1	1	NA	NA	NA	2	1	1
8	43100000	48099999	2	1	1	3	a	6	1	1	0.0434762424698	0.16024857269	2	1	1	1	1	1	NA	NA	NA	NA	NA	NA	NA	2	1	1	1	1	1	NA	NA	NA	2	1	1
8	48100000	146364021	2	1	1	3	a	6	1	1	0.038470188597	0.0986586355378	2	1	1	1	1	1	NA	NA	NA	NA	NA	NA	NA	2	1	1	1	1	1	NA	NA	NA	2	1	1
9	47500	20973199	2	2	0	2	d	5	2.23	0	0.0513741967155	0.10432125572	2	0	2	2	0	1	NA	NA	NA	NA	NA	NA	NA	2	0	2	2	0	1	NA	NA	NA	2	0	2
9	20973200	25396543	0	0	0	2	d	4	0	0	0.0573858550172	0.0587615665193	0.14859	0.07429515	0.07429515	0	0	0.960581755101309	1	0	0.0394182448986909	0.00663047763997321	0.00644244450894169	0.95828016014106	0.983673178456647	0	0	0	0	0	1	NA	NA	NA	0	0	0
9	25396544	25396682	0	0	0	2	d	2	NA	NA	NA	NA	0.14859	0.07429515	0.07429515	NA	NA	NA	NA	NA	NA	NA	NA	NA	NA	NA	NA	NA	0	0	1	NA	NA	NA	0	0	0
9	25396683	25398697	2	2	0	2	f	2	2.37	0	0.05	0.1	NA	NA	NA	NA	NA	NA	NA	NA	NA	NA	NA	NA	NA	NA	NA	NA	2	0	1	NA	NA	NA	NA	NA	NA
9	25398698	25399080	2	2	0	2	f	2	2.37	0	0.05	0.1	NA	NA	NA	NA	NA	NA	NA	NA	NA	NA	NA	NA	NA	NA	NA	NA	2	0	1	NA	NA	NA	NA	NA	NA
9	25399081	26383647	2	2	0	2	d	5	2.37	0	0.0521006253715	0.0915790774243	2	0	2	2	0	1	NA	NA	NA	NA	NA	NA	NA	2	0	2	2	0	1	NA	NA	NA	2	0	2
9	26383648	26663708	1	1	0	2	d	5	1.1	0	0.0667087963339	0.0693169676005	1	0	1	1	0	1	NA	NA	NA	NA	NA	NA	NA	1	0	1	1	0	1	NA	NA	NA	1	0	1
9	26663709	27384134	3	3	0	2	d	4	3.37	0	0.0460921498798	0.131000728762	2.878807	0.06224538	2.81656206	3	0	1	NA	NA	NA	NA	NA	NA	NA	3	0	3	3	0	1	NA	NA	NA	3	0	3
9	27384135	28104308	1	1	0	2	d	5	1.1	0	0.0822626916129	0.0796517592804	1	0	1	1	0	1	NA	NA	NA	NA	NA	NA	NA	1	0	1	1	0	1	NA	NA	NA	1	0	1
9	28104309	28386152	3	3	0	2	d	3	3.37	0	0.0342472011526	0.128862418418	2.860976	0.05838733	2.80258825	3	0	0.688867428510108	4	0	0.311132571489892	0.0952982418919504	0.0963096596701067	0.562333546512584	0.944177259584159	3	0	3	3	0	1	NA	NA	NA	3	0	3
9	28386153	32231382	1	1	0	2	d	5	1.1	0	0.0675130772394	0.0757875176757	1	0	1	1	0	1	NA	NA	NA	NA	NA	NA	NA	1	0	1	1	0	1	NA	NA	NA	1	0	1
9	32231383	32637209	3	2	1	2	d	4	2.23	1	0.0469322682002	0.12375398049	2.929451	1.05305978	1.87639147	2	1	1	NA	NA	NA	NA	NA	NA	NA	3	1	2	2	1	1	NA	NA	NA	3	1	2
9	32637210	32983993	5	3	2	2	d	4	3.37	2	0.0435444956995	0.163604547527	4.75465	1.92803374	2.82661604	3	2	1	NA	NA	NA	NA	NA	NA	NA	5	2	3	3	2	1	NA	NA	NA	5	2	3
9	32983994	38433298	3	2	1	2	d	4	2.23	1.1	0.0551504300003	0.122708413284	2.909325	1.01226675	1.89705836	2	1	1	NA	NA	NA	NA	NA	NA	NA	3	1	2	2	1	1	NA	NA	NA	3	1	2
9	38433299	43447401	2	2	0	2	d	5	2.23	0	0.0552903849898	0.262188629349	2	0	2	2	0	1	NA	NA	NA	NA	NA	NA	NA	2	0	2	2	0	1	NA	NA	NA	2	0	2
9	43447402	47299999	3	2	1	1	g	NA	2	1	0.0646466375112	0.543093278784	2	0	2	2	1	1	NA	NA	NA	NA	NA	NA	NA	1	0	1	2	0	1	NA	NA	NA	2	0	2
9	47300000	50699999	NA	NA	NA	NA	NA	NA	2	1	0.05	0.1	NA	NA	NA	NA	NA	NA	NA	NA	NA	NA	NA	NA	NA	1	0	1	NA	NA	NA	NA	NA	NA	2	0	2
9	50700000	68223184	3	2	1	1	h	1	2	1	0.05	0.262647500436	NA	NA	NA	NA	NA	NA	NA	NA	NA	NA	NA	NA	NA	NA	NA	NA	NA	NA	NA	NA	NA	NA	2	0	2
9	68223185	71028126	2	1	1	2	d	2	1	1	0.05	0.29434731624	NA	NA	NA	NA	NA	NA	NA	NA	NA	NA	NA	NA	NA	2	1	1	NA	NA	NA	NA	NA	NA	2	0	2
9	71028127	140273200	3	2	1	3	a	6	2	1	0.0526926154112	0.117833352665	3	1	2	2	1	1	NA	NA	NA	NA	NA	NA	NA	3	1	2	2	1	1	NA	NA	NA	3	1	2
9	140273201	141068960	3	2	1	3	b	5	NA	NA	NA	NA	3	1	2	2	1	1	NA	NA	NA	NA	NA	NA	NA	3	1	2	2	1	1	NA	NA	NA	3	1	2
10	95074	24861581	1	1	0	2	d	5	1.1	0	0.0698989959199	0.0796384093009	1	0	1	1	0	1	NA	NA	NA	NA	NA	NA	NA	1	0	1	1	0	1	NA	NA	NA	1	0	1
10	24861582	26670111	0	0	0	2	d	5	0	0	0.0608600266253	0.0504095594462	0.155198	0.07759913	0.07759913	0	0	1	NA	NA	NA	NA	NA	NA	NA	0	0	0	0	0	1	NA	NA	NA	0	0	0
10	26670112	31962103	1	1	0	2	d	5	1.1	0	0.0722532132519	0.0793300806046	1	0	1	1	0	1	NA	NA	NA	NA	NA	NA	NA	1	0	1	1	0	1	NA	NA	NA	1	0	1
10	31962104	32060124	0	0	0	2	d	5	0	0	0.0691266263073	0.0608926932358	0.156723	0.07836148	0.07836148	0	0	1	NA	NA	NA	NA	NA	NA	NA	0	0	0	0	0	1	NA	NA	NA	0	0	0
10	32060125	33020150	1	1	0	3	a	6	1	0	0.0710092884196	0.0770990845306	1	0	1	1	0	1	NA	NA	NA	NA	NA	NA	NA	1	0	1	1	0	1	NA	NA	NA	1	0	1
10	33020151	35315784	2	1	1	2	d	3	1.23	1.23	0.0404948678217	0.113302187488	2.219549	1.10977477	1.10977477	1	1	0.77645438775328	2	1	0.22354561224672	0.0154418324982288	0.0149950379300958	0.725150919440211	0.7844298985813	2	1	1	1	1	1	NA	NA	NA	2	1	1
10	35315785	36599438	3	2	1	2	d	3	2.37	1.1	0.0496382995535	0.131176161329	3.15469	1.02317277	2.13151747	2	1	0.786466676374928	3	1	0.213533323625072	0.030031987178666	0.0298728199593198	0.758877477845606	0.876732447439956	3	1	2	2	1	1	NA	NA	NA	3	1	2
10	36599439	36634119	5	3	2	2	e	1	3	0	0.05	0.1	3.15469	1.02317277	2.13151747	2	0	1	NA	NA	NA	NA	NA	NA	NA	3	1	2	3	1	0.341195	2	1	0.658805	2	0	2
10	36634120	37118802	3	2	1	2	d	2	2.65	1.1	0.0424304417192	0.133397460837	3.161775	0.98882566	2.17294924	2	1	0.761901224479684	3	1	0.238098775520316	0.0459916999635312	0.0445770581730659	0.643229997536137	0.818118449456213	3	1	2	3	1	0.341195	2	1	0.658805	3	1	2
10	37118803	42299999	NA	NA	NA	NA	NA	NA	1	1	0.0470640186028	0.122004499272	2	1	1	1	1	1	NA	NA	NA	NA	NA	NA	NA	2	1	1	NA	NA	NA	NA	NA	NA	2	1	1
10	42300000	135389924	2	1	1	3	a	6	1	1	0.0386783707628	0.100962677178	2	1	1	1	1	1	NA	NA	NA	NA	NA	NA	NA	2	1	1	1	1	1	NA	NA	NA	2	1	1
11	20721	197336	2	1	1	2	d	3	1	1	0.05	0.1	NA	NA	NA	NA	NA	NA	NA	NA	NA	NA	NA	NA	NA	NA	NA	NA	1	1	1	NA	NA	NA	2	1	1
11	197337	31034639	2	1	1	3	a	6	1	1	0.0393444357574	0.106631647423	2	1	1	1	1	1	NA	NA	NA	NA	NA	NA	NA	2	1	1	1	1	1	NA	NA	NA	2	1	1
11	31034640	31034689	2	1	1	3	b	5	1	1	0.05	0.1	2	1	1	1	1	1	NA	NA	NA	NA	NA	NA	NA	NA	NA	NA	NA	NA	NA	NA	NA	NA	2	1	1
11	31034690	51599999	2	1	1	3	a	6	1	1	0.0373340690346	0.107464863059	2	1	1	1	1	1	NA	NA	NA	NA	NA	NA	NA	2	1	1	1	1	1	NA	NA	NA	2	1	1
11	51600000	55699999	2	1	1	3	a	6	1	1	0.040244032172	0.352876684143	2	1	1	1	1	1	NA	NA	NA	NA	NA	NA	NA	2	1	1	1	1	1	NA	NA	NA	2	1	1
11	55700000	134452200	2	1	1	3	a	6	1	1	0.0398047298132	0.0996162438325	2	1	1	1	1	1	NA	NA	NA	NA	NA	NA	NA	2	1	1	1	1	1	NA	NA	NA	2	1	1
12	110107	33299999	2	1	1	3	a	6	1	1	0.0394858565081	0.106271061711	2	1	1	1	1	1	NA	NA	NA	NA	NA	NA	NA	2	1	1	1	1	1	NA	NA	NA	2	1	1
12	33300000	38199999	2	1	1	3	a	6	1	1	0.0373714033245	0.136430851582	2	1	1	1	1	1	NA	NA	NA	NA	NA	NA	NA	2	1	1	1	1	1	NA	NA	NA	2	1	1
12	38200000	75485428	2	1	1	3	a	6	1	1	0.0406961307677	0.0938466282873	2	1	1	1	1	1	NA	NA	NA	NA	NA	NA	NA	2	1	1	1	1	1	NA	NA	NA	2	1	1
12	75485429	75485457	2	1	1	3	b	5	1	1	0.05	0.1	2	1	1	1	1	1	NA	NA	NA	NA	NA	NA	NA	NA	NA	NA	1	1	1	NA	NA	NA	2	1	1
12	75485458	132349400	2	1	1	3	a	6	1	1	0.0389242096792	0.0989665640358	2	1	1	1	1	1	NA	NA	NA	NA	NA	NA	NA	2	1	1	1	1	1	NA	NA	NA	2	1	1
12	132349401	133851894	2	1	1	3	b	5	NA	NA	NA	NA	2	1	1	1	1	1	NA	NA	NA	NA	NA	NA	NA	2	1	1	1	1	1	NA	NA	NA	2	1	1
13	1	16299999	3	2	1	1	h	1	NA	NA	NA	NA	NA	NA	NA	NA	NA	NA	NA	NA	NA	NA	NA	NA	NA	NA	NA	NA	NA	NA	NA	NA	NA	NA	3	1	2
13	16300000	19499999	3	2	1	2	d	2	2	1	0.05	0.178723717016	NA	NA	NA	NA	NA	NA	NA	NA	NA	NA	NA	NA	NA	NA	NA	NA	2	0	0.195663	2	1	0.804337	3	1	2
13	19500000	23519174	3	2	1	3	a	6	2	1	0.052554906077	0.110746035861	3	1	2	2	1	1	NA	NA	NA	NA	NA	NA	NA	3	1	2	2	1	1	NA	NA	NA	3	1	2
13	23519175	27784267	2	2	0	3	a	6	2	0	0.0512003987173	0.0850423681821	2	0	2	2	0	1	NA	NA	NA	NA	NA	NA	NA	2	0	2	2	0	1	NA	NA	NA	2	0	2
13	27784268	27875997	3	2	1	2	d	5	2	1	0.05	0.109462958724	2.938337	1.06226256	1.87607452	2	1	1	NA	NA	NA	NA	NA	NA	NA	3	1	2	2	1	1	NA	NA	NA	3	1	2
13	27875998	33276226	2	2	0	3	a	6	2	0	0.0554757007258	0.0877289079473	2	0	2	2	0	1	NA	NA	NA	NA	NA	NA	NA	2	0	2	2	0	1	NA	NA	NA	2	0	2
13	33276227	33282780	2	2	0	2	d	3	2	0	0.05	0.1	2	0	2	NA	NA	NA	NA	NA	NA	NA	NA	NA	NA	NA	NA	NA	2	2	1	NA	NA	NA	2	0	2
13	33282781	34193536	4	2	2	2	d	5	2	2	0.0277015786296	0.136383098744	3.811266	1.90563284	1.90563284	2	2	1	NA	NA	NA	NA	NA	NA	NA	4	2	2	2	2	1	NA	NA	NA	4	2	2
13	34193537	34266770	4	2	2	2	f	2	NA	NA	NA	NA	3.811266	1.90563284	1.90563284	2	1	0.619636643994174	2	2	0.380363356005826	0.0293602050561852	0.0241475391909707	0.55767297959476	0.659068066793799	NA	NA	NA	2	2	1	NA	NA	NA	5	2	3
13	34266771	34857814	4	2	2	2	d	5	2	2	0.0356253749905	0.12095799003	3.836812	1.91840589	1.91840589	2	2	1	NA	NA	NA	NA	NA	NA	NA	4	2	2	2	2	1	NA	NA	NA	4	2	2
13	34857815	35147499	5	3	2	2	d	5	3	2	0.0358842735377	0.12196812909	4.78761	1.96691723	2.82069255	3	2	1	NA	NA	NA	NA	NA	NA	NA	5	2	3	3	2	1	NA	NA	NA	5	2	3
13	35147500	35148051	5	3	2	2	d	4	3	2	0.05	0.1	4.78761	1.96691723	2.82069255	3	2	1	NA	NA	NA	NA	NA	NA	NA	NA	NA	NA	3	2	1	NA	NA	NA	5	2	3
13	35148052	35200528	5	3	2	2	d	5	3	2	0.05	0.0795915855972	4.759824	1.94074737	2.81907644	3	2	1	NA	NA	NA	NA	NA	NA	NA	5	2	3	3	2	1	NA	NA	NA	5	2	3
13	35200529	35555861	4	2	2	2	d	5	2	2	0.0339704669168	0.123491819106	3.855613	1.92780639	1.92780639	2	2	1	NA	NA	NA	NA	NA	NA	NA	4	2	2	2	2	1	NA	NA	NA	4	2	2
13	35555862	35562786	4	2	2	2	d	2	2	2	0.05	0.1	3.855613	1.92780639	1.92780639	NA	NA	NA	NA	NA	NA	NA	NA	NA	NA	NA	NA	NA	2	0	1	NA	NA	NA	4	2	2
13	35562787	42327477	2	2	0	3	a	6	2	0	0.0514257999264	0.0884945411023	2	0	2	2	0	1	NA	NA	NA	NA	NA	NA	NA	2	0	2	2	0	1	NA	NA	NA	2	0	2
13	42327478	44214500	3	2	1	2	d	4	2	0.9	0.052899845081	0.102647052997	2.895386	0.97810972	1.91727654	2	1	1	NA	NA	NA	NA	NA	NA	NA	3	1	2	2	1	1	NA	NA	NA	3	1	2
13	44214501	46009657	5	3	2	2	d	5	3	2	0.0435260876376	0.146337697137	4.718826	1.90636352	2.8124629	3	2	1	NA	NA	NA	NA	NA	NA	NA	5	2	3	3	2	1	NA	NA	NA	5	2	3
13	46009658	46013184	5	3	2	2	d	5	3	2	0.05	0.1	4.718826	1.90636352	2.8124629	3	2	1	NA	NA	NA	NA	NA	NA	NA	5	2	3	3	2	1	NA	NA	NA	5	2	3
13	46013185	46067207	5	3	2	2	d	5	3	2	0.05	0.1	4.856522	1.91699355	2.93952868	3	2	1	NA	NA	NA	NA	NA	NA	NA	5	2	3	3	2	1	NA	NA	NA	5	2	3
13	46067208	46780269	4	2	2	2	d	5	2	2	0.0308775396466	0.124591762123	3.825103	1.91255174	1.91255174	2	2	1	NA	NA	NA	NA	NA	NA	NA	4	2	2	2	2	1	NA	NA	NA	4	2	2
13	46780270	47059026	3	2	1	2	d	5	2	1	0.0456557969998	0.17069376448	3	1	2	2	1	0.874529384731609	2	2	0.125470615268391	0.0412980563780757	0.0419665711493425	0.765623665498646	0.927864310649033	3	1	2	2	1	1	NA	NA	NA	3	1	2
13	47059027	52612534	4	2	2	2	d	5	2	2	0.0299515889719	0.135185440365	3.830502	1.91525093	1.91525093	2	2	1	NA	NA	NA	NA	NA	NA	NA	4	2	2	2	2	1	NA	NA	NA	4	2	2
13	52612535	52774138	3	2	1	2	d	4	1	1	0.05	0.0924748060413	2.880819	0.86269993	2.01811854	2	1	1	NA	NA	NA	NA	NA	NA	NA	3	1	2	2	1	1	NA	NA	NA	3	1	2
13	52774139	52822182	4	2	2	2	d	4	2	2	0.05	0.1	2.880819	0.86269993	2.01811854	2	2	1	NA	NA	NA	NA	NA	NA	NA	4	2	2	2	0	1	NA	NA	NA	4	2	2
13	52822183	114142800	2	2	0	3	a	6	2	0	0.0519551268399	0.0948375461113	2	0	2	2	0	1	NA	NA	NA	NA	NA	NA	NA	2	0	2	2	0	1	NA	NA	NA	2	0	2
13	114142801	115169877	2	2	0	3	b	5	NA	NA	NA	NA	2	0	2	2	0	1	NA	NA	NA	NA	NA	NA	NA	2	0	2	2	0	1	NA	NA	NA	2	0	2
14	1	16099999	2	1	1	1	h	1	NA	NA	NA	NA	NA	NA	NA	NA	NA	NA	NA	NA	NA	NA	NA	NA	NA	NA	NA	NA	NA	NA	NA	NA	NA	NA	2	1	1
14	16100000	19099999	2	1	1	1	h	1	NA	NA	NA	NA	NA	NA	NA	NA	NA	NA	NA	NA	NA	NA	NA	NA	NA	NA	NA	NA	2	0	0.0136565	1	0	0.986344	2	1	1
14	19100000	106368400	2	1	1	3	a	6	1	1	0.0395122349527	0.100743757671	2	1	1	1	1	1	NA	NA	NA	NA	NA	NA	NA	2	1	1	1	1	1	NA	NA	NA	2	1	1
15	1	15799999	1	1	0	1	h	1	NA	NA	NA	NA	NA	NA	NA	NA	NA	NA	NA	NA	NA	NA	NA	NA	NA	NA	NA	NA	NA	NA	NA	NA	NA	NA	1	0	1
15	15800000	20699999	1	1	0	2	d	3	NA	NA	NA	NA	NA	NA	NA	1	0	1	NA	NA	NA	NA	NA	NA	NA	NA	NA	NA	1	0	1	NA	NA	NA	1	0	1
15	20700000	22677499	1	1	0	2	d	2	0.9	0.9	0.05	0.340640769118	NA	NA	NA	1	0	1	NA	NA	NA	NA	NA	NA	NA	NA	NA	NA	0	0	1	NA	NA	NA	1	0	1
15	22677500	100338800	1	1	0	2	d	4	1.1	0	0.0695166209155	0.0802825403763	1	0	1	1	0	1	NA	NA	NA	NA	NA	NA	NA	NA	NA	NA	1	0	1	NA	NA	NA	1	0	1
15	100338801	102354691	1	1	0	2	d	4	NA	NA	NA	NA	1	0	1	1	0	1	NA	NA	NA	NA	NA	NA	NA	NA	NA	NA	1	0	1	NA	NA	NA	1	0	1
16	86010	32649898	2	1	1	2	d	5	1.1	1.1	0.0411255425597	0.114002301866	2	1	1	1	1	1	NA	NA	NA	NA	NA	NA	NA	2	1	1	1	1	1	NA	NA	NA	2	1	1
16	32649899	34599999	2	1	1	3	a	6	1	1	0.05	0.150146943388	2	1	1	1	1	1	NA	NA	NA	NA	NA	NA	NA	2	1	1	1	1	1	NA	NA	NA	2	1	1
16	34600000	38599999	2	1	1	3	b	5	1	1	0.05	0.148251881241	NA	NA	NA	1	1	1	NA	NA	NA	NA	NA	NA	NA	2	1	1	1	1	1	NA	NA	NA	2	1	1
16	38600000	88827200	2	1	1	2	d	5	1.1	1.1	0.0393266601257	0.104777275448	2	1	1	1	1	1	NA	NA	NA	NA	NA	NA	NA	2	1	1	1	1	1	NA	NA	NA	2	1	1
16	88827201	90354752	2	1	1	3	b	5	NA	NA	NA	NA	2	1	1	1	1	1	NA	NA	NA	NA	NA	NA	NA	2	1	1	1	1	1	NA	NA	NA	2	1	1
17	12500	22199999	2	1	1	3	a	6	1	1	0.041741945072	0.104424432335	2	1	1	1	1	1	NA	NA	NA	NA	NA	NA	NA	2	1	1	1	1	1	NA	NA	NA	2	1	1
17	22200000	25799999	2	1	1	3	a	6	1	1	0.0489507779277	0.138929476825	2	1	1	1	1	1	NA	NA	NA	NA	NA	NA	NA	2	1	1	1	1	1	NA	NA	NA	2	1	1
17	25800000	78774600	2	1	1	3	a	6	1	1	0.0393746343299	0.101987889937	2	1	1	1	1	1	NA	NA	NA	NA	NA	NA	NA	2	1	1	1	1	1	NA	NA	NA	2	1	1
17	78774601	81195209	2	1	1	3	b	5	NA	NA	NA	NA	2	1	1	1	1	1	NA	NA	NA	NA	NA	NA	NA	2	1	1	1	1	1	NA	NA	NA	2	1	1
18	27500	137058	5	4	1	2	d	2	3.65	1	0.05	0.602951116845	NA	NA	NA	4	1	1	NA	NA	NA	NA	NA	NA	NA	NA	NA	NA	NA	NA	NA	NA	NA	NA	5	1	4
18	137059	14277752	5	4	1	2	d	2	3.65	1	0.045610425298	0.148554545458	4.294513	1.00607718	3.28843596	3	1	0.47162204079569	4	1	0.52837795920431	0.0108395693495631	0.010864213922207	0.490951628613233	0.534781765508162	5	1	4	4	1	0.469063	3	1	0.530937	5	1	4
18	14277753	15399999	4	3	1	2	e	4	3.65	1	0.0508855915821	0.280448356384	4.294513	1.00607718	3.28843596	NA	NA	NA	NA	NA	NA	NA	NA	NA	NA	4	1	3	4	1	0.699007	3	1	0.300993	5	1	4
18	15400000	18999999	NA	NA	NA	NA	NA	NA	3.65	1	0.0370039004435	0.184103182282	4.252972	1.01225013	3.24072197	3	1	0.502088696445513	4	1	0.497911303554487	0.0332465329411464	0.0327991510089317	0.440114249257465	0.568160945987563	5	1	4	3	1	1	NA	NA	NA	5	1	4
18	19000000	20361760	5	4	1	2	d	2	3.65	1	0.0420865062374	0.149921964488	4.280462	1.00781153	3.27265075	3	1	0.502088696445513	4	1	0.497911303554487	0.0332465329411464	0.0327991510089317	0.440114249257465	0.568160945987563	5	1	4	4	1	0.467024	3	1	0.532976	5	1	4
18	20361761	20486948	3	2	1	2	d	3	NA	NA	NA	NA	4.280462	1.00781153	3.27265075	2	1	1	NA	NA	NA	NA	NA	NA	NA	3	1	2	1	1	1	NA	NA	NA	3	1	2
18	20486949	22098007	2	1	1	2	d	3	1.1	1.1	0.040562834834	0.107227132681	2.2119	1.10595016	1.10595016	1	1	0.783228497215296	2	1	0.216771502784704	0.0186812856477234	0.0191414110172629	0.737254479731982	0.811279222249967	2	1	1	1	1	1	NA	NA	NA	2	1	1
18	22098008	76117000	1	1	0	3	a	6	1	0	0.0687126234826	0.077305534667	1	0	1	1	0	1	NA	NA	NA	NA	NA	NA	NA	1	0	1	1	0	1	NA	NA	NA	1	0	1
18	76117001	78077247	1	1	0	3	b	5	NA	NA	NA	NA	1	0	1	1	0	1	NA	NA	NA	NA	NA	NA	NA	1	0	1	1	0	1	NA	NA	NA	1	0	1
19	286431	24399999	2	1	1	3	a	6	1	1	0.040525121642	0.108889634635	2	1	1	1	1	1	NA	NA	NA	NA	NA	NA	NA	2	1	1	1	1	1	NA	NA	NA	2	1	1
19	24400000	28599999	2	1	1	3	a	6	1	1	0.0477456571235	0.161863651058	2	1	1	1	1	1	NA	NA	NA	NA	NA	NA	NA	2	1	1	1	1	1	NA	NA	NA	2	1	1
19	28600000	59128982	2	1	1	3	a	6	1	1	0.0399628251021	0.139866533277	2	1	1	1	1	1	NA	NA	NA	NA	NA	NA	NA	2	1	1	1	1	1	NA	NA	NA	2	1	1
20	40402	21232970	1	1	0	3	a	6	1	0	0.0672957336038	0.071338809677	1	0	1	1	0	1	NA	NA	NA	NA	NA	NA	NA	1	0	1	1	0	1	NA	NA	NA	1	0	1
20	21232971	24709997	2	1	1	3	a	6	1	1	0.0382514117921	0.0929052703328	2	1	1	1	1	1	NA	NA	NA	NA	NA	NA	NA	2	1	1	1	1	1	NA	NA	NA	2	1	1
20	24709998	25599999	1	1	0	3	a	6	1	0	0.07381770984	0.0695813647692	1	0	1	1	0	1	NA	NA	NA	NA	NA	NA	NA	1	0	1	1	0	1	NA	NA	NA	1	0	1
20	25600000	29452500	NA	NA	NA	NA	NA	NA	1	0	0.0514051272907	0.264304511269	1	0	1	NA	NA	NA	NA	NA	NA	NA	NA	NA	NA	1	0	1	1	0	1	NA	NA	NA	2	1	1
20	29452501	62432500	2	1	1	3	a	6	1	1	0.0402807972487	0.0998114514648	2	1	1	1	1	1	NA	NA	NA	NA	NA	NA	NA	2	1	1	1	1	1	NA	NA	NA	2	1	1
21	1	10899999	NA	NA	NA	NA	NA	NA	0.9	0.9	0.05	0.292265068534	NA	NA	NA	NA	NA	NA	NA	NA	NA	NA	NA	NA	NA	NA	NA	NA	NA	NA	NA	NA	NA	NA	NA	NA	NA
21	10900000	15273816	2	1	1	1	h	1	0.9	0.9	0.05	0.208026945014	NA	NA	NA	NA	NA	NA	NA	NA	NA	NA	NA	NA	NA	NA	NA	NA	NA	NA	NA	NA	NA	NA	NA	NA	NA
21	15273817	46937500	2	1	1	3	b	5	1	1	0.0383078547525	0.0999121606145	2	1	1	1	1	1	NA	NA	NA	NA	NA	NA	NA	2	1	1	1	1	1	NA	NA	NA	NA	NA	NA
21	46937501	48129894	2	1	1	2	d	4	NA	NA	NA	NA	2	1	1	1	1	1	NA	NA	NA	NA	NA	NA	NA	2	1	1	1	1	1	NA	NA	NA	NA	NA	NA
22	1	12199999	1	1	0	2	d	2	NA	NA	NA	NA	NA	NA	NA	NA	NA	NA	NA	NA	NA	NA	NA	NA	NA	1	0	1	NA	NA	NA	NA	NA	NA	1	0	1
22	12200000	17899999	1	1	0	2	d	5	1.1	0	0.0734476311778	0.20021252366	1	0	1	1	0	1	NA	NA	NA	NA	NA	NA	NA	1	0	1	1	0	1	NA	NA	NA	1	0	1
22	17900000	24294400	1	1	0	2	d	5	1.1	0	0.072265833289	0.0973426478433	1	0	1	1	0	1	NA	NA	NA	NA	NA	NA	NA	1	0	1	1	0	1	NA	NA	NA	1	0	1
22	24294401	24347801	1	1	0	2	d	5	1.1	0	0.05	0.1	1	0	1	1	0	1	NA	NA	NA	NA	NA	NA	NA	1	0	1	1	0	1	NA	NA	NA	1	0	1
22	24347802	29065434	1	1	0	2	d	5	1.1	0	0.0729369086312	0.0759758134989	1	0	1	1	0	1	NA	NA	NA	NA	NA	NA	NA	1	0	1	1	0	1	NA	NA	NA	1	0	1
22	29065435	29065465	1	1	0	2	d	5	1.1	0	0.05	0.1	1	0	1	1	0	1	NA	NA	NA	NA	NA	NA	NA	1	0	1	1	0	1	NA	NA	NA	1	0	1
22	29065466	29065768	1	1	0	2	d	3	1.1	0	0.05	0.1	NA	NA	NA	1	0	1	NA	NA	NA	NA	NA	NA	NA	1	0	1	1	0	1	NA	NA	NA	NA	NA	NA
22	29065769	29065828	1	1	0	2	d	3	1.1	0	0.05	0.1	NA	NA	NA	1	0	1	NA	NA	NA	NA	NA	NA	NA	1	0	1	1	0	1	NA	NA	NA	NA	NA	NA
22	29065829	29065951	1	1	0	2	d	3	1.1	0	0.05	0.1	NA	NA	NA	1	0	1	NA	NA	NA	NA	NA	NA	NA	1	0	1	1	0	1	NA	NA	NA	NA	NA	NA
22	29065952	29066154	1	1	0	2	d	4	1.1	0	0.05	0.1	NA	NA	NA	1	0	1	NA	NA	NA	NA	NA	NA	NA	1	0	1	1	0	1	NA	NA	NA	1	0	1
22	29066155	49687500	1	1	0	2	d	5	1.1	0	0.0716454414933	0.0839286378869	1	0	1	1	0	1	NA	NA	NA	NA	NA	NA	NA	1	0	1	1	0	1	NA	NA	NA	1	0	1
22	49687501	51304565	1	1	0	3	b	5	NA	NA	NA	NA	1	0	1	1	0	1	NA	NA	NA	NA	NA	NA	NA	1	0	1	1	0	1	NA	NA	NA	1	0	1
X	1	12468385	3	2	1	2	d	3	2.62	1.54	0.0509924555593	0.458986456612	2.910635	1.02686413	1.88377131	2	1	1	NA	NA	NA	NA	NA	NA	NA	3	1	2	NA	NA	NA	NA	NA	NA	3	1	2
X	12468386	12553887	2	1	1	2	d	3	1.37	1.37	0.05	0.1	2	0	2	1	1	1	NA	NA	NA	NA	NA	NA	NA	2	1	1	NA	NA	NA	NA	NA	NA	2	1	1
X	12553888	12555124	2	2	0	2	d	3	1.37	1.37	0.05	0.1	2	0	2	2	0	1	NA	NA	NA	NA	NA	NA	NA	2	0	2	NA	NA	NA	NA	NA	NA	1	0	1
X	12555125	31020427	2	1	1	2	d	4	1.37	1.37	0.0403144281683	0.116068644207	2	1	1	1	1	1	NA	NA	NA	NA	NA	NA	NA	2	1	1	NA	NA	NA	NA	NA	NA	2	1	1
X	31020428	31308338	3	2	1	2	d	4	2.72	1.43	0.0565489124191	0.1	3	1	2	2	1	1	NA	NA	NA	NA	NA	NA	NA	3	1	2	NA	NA	NA	NA	NA	NA	3	1	2
X	31308339	58099999	2	1	1	2	d	4	1.37	1.37	0.039524292434	0.118627003177	2	1	1	1	1	1	NA	NA	NA	NA	NA	NA	NA	2	1	1	NA	NA	NA	NA	NA	NA	2	1	1
X	58100000	62999999	2	1	1	2	d	3	1.36	1.36	0.0465769305111	0.399524037607	2	1	1	NA	NA	NA	NA	NA	NA	NA	NA	NA	NA	2	1	1	NA	NA	NA	NA	NA	NA	2	1	1
X	63000000	72594535	2	1	1	2	d	4	1.36	1.36	0.0415559982168	0.13274454368	2	1	1	1	1	1	NA	NA	NA	NA	NA	NA	NA	2	1	1	NA	NA	NA	NA	NA	NA	2	1	1
X	72594536	154913600	1	1	0	2	d	3	1.7	0.3	0.0661267934756	0.0896496251803	1	0	1	1	0	0.79016659249028	2	0	0.20983340750972	0.00624924043681152	0.00613451186913593	0.778904861593954	0.802276004114046	1	0	1	NA	NA	NA	NA	NA	NA	1	0	1
