chromosome	start	end	total_cn	major_cn	minor_cn	star	level	methods_agree	absolute_broad_major_cn	absolute_broad_minor_cn	absolute_broad_het_error	absolute_broad_cov_error	aceseq_copy_number	aceseq_minor_cn	aceseq_major_cn	battenberg_nMaj1_A	battenberg_nMin1_A	battenberg_frac1_A	battenberg_nMaj2_A	battenberg_nMin2_A	battenberg_frac2_A	battenberg_SDfrac_A	battenberg_SDfrac_A_BS	battenberg_frac1_A_0.025	battenberg_frac1_A_0.975	clonehd_copy_number	clonehd_minor_cn	clonehd_major_cn	sclust_nMaj1_A	sclust_nMin1_A	sclust_frac1_A	sclust_nMaj2_A	sclust_nMin2_A	sclust_frac2_A	jabba_copy_number	jabba_minor_cn	jabba_major_cn
1	10001	839962	2	2	0	2	d	4	NA	NA	NA	NA	NA	NA	NA	2	0	1	NA	NA	NA	NA	NA	NA	NA	2	0	2	2	0	1	NA	NA	NA	2	0	2
1	839963	12910714	2	2	0	2	d	4	2.09	0	0.0416709156287	0.304420514978	NA	NA	NA	2	0	1	NA	NA	NA	NA	NA	NA	NA	2	0	2	2	0	1	NA	NA	NA	2	0	2
1	12910715	47996940	2	2	0	2	d	4	2.09	0	0.0426737238837	0.179438210181	NA	NA	NA	2	0	1	NA	NA	NA	NA	NA	NA	NA	2	0	2	2	0	1	NA	NA	NA	2	0	2
1	47996941	48263634	2	2	0	2	d	4	2.47	0	0.0355807335703	0.186883974481	NA	NA	NA	2	0	1	NA	NA	NA	NA	NA	NA	NA	2	0	2	2	0	1	NA	NA	NA	2	0	2
1	48263635	72763209	2	2	0	3	b	5	2	0	0.0377835492124	0.158098214172	NA	NA	NA	2	0	1	NA	NA	NA	NA	NA	NA	NA	2	0	2	2	0	1	NA	NA	NA	2	0	2
1	72763210	118080000	2	2	0	3	b	5	2	0	0.0368034441472	0.15244732455	NA	NA	NA	2	0	1	NA	NA	NA	NA	NA	NA	NA	2	0	2	2	0	1	NA	NA	NA	2	0	2
1	118080001	121499999	4	2	2	2	d	4	1.91	1.91	0.0363072350627	0.581252254998	NA	NA	NA	2	2	1	NA	NA	NA	NA	NA	NA	NA	4	2	2	2	2	1	NA	NA	NA	4	2	2
1	121500000	128899999	4	2	2	2	d	2	1.91	1.91	0.05	0.1	NA	NA	NA	NA	NA	NA	NA	NA	NA	NA	NA	NA	NA	NA	NA	NA	2	2	1	NA	NA	NA	4	2	2
1	128900000	142570938	4	2	2	2	d	2	1.91	1.91	0.05	0.1	NA	NA	NA	NA	NA	NA	NA	NA	NA	NA	NA	NA	NA	NA	NA	NA	2	2	1	NA	NA	NA	4	2	2
1	142570939	143541938	4	2	2	2	f	2	1.91	1.91	0.05	0.956615499598	NA	NA	NA	NA	NA	NA	NA	NA	NA	NA	NA	NA	NA	NA	NA	NA	2	1	1	NA	NA	NA	4	2	2
1	143541939	144812499	5	3	2	2	f	1	3	1.6	0.05	0.492644313996	NA	NA	NA	NA	NA	NA	NA	NA	NA	NA	NA	NA	NA	NA	NA	NA	4	2	1	NA	NA	NA	4	2	2
1	144812500	145050200	5	3	2	2	f	1	3	1.6	0.05	0.287939677148	NA	NA	NA	5	2	1	NA	NA	NA	NA	NA	NA	NA	NA	NA	NA	4	2	1	NA	NA	NA	6	1	5
1	145050201	145474627	5	3	2	2	f	1	3	1.6	0.05	0.431659173554	NA	NA	NA	3	3	1	NA	NA	NA	NA	NA	NA	NA	NA	NA	NA	5	2	1	NA	NA	NA	6	1	5
1	145474628	145474671	5	3	2	2	f	1	3	1.6	0.05	0.1	NA	NA	NA	NA	NA	NA	NA	NA	NA	NA	NA	NA	NA	NA	NA	NA	5	2	1	NA	NA	NA	6	1	5
1	145474672	145491445	6	4	2	2	d	2	3	1.6	0.05	0.1	NA	NA	NA	4	2	1	NA	NA	NA	NA	NA	NA	NA	NA	NA	NA	5	2	0.249906	4	2	0.750094	6	2	4
1	145491446	146546306	6	4	2	2	d	3	3	1.6	0.0532440954162	0.340033029529	NA	NA	NA	4	2	1	NA	NA	NA	NA	NA	NA	NA	6	2	4	5	2	0.249906	4	2	0.750094	6	2	4
1	146546307	149704601	7	5	2	2	d	3	3.74	1.48	0.0382930061686	0.484115407503	NA	NA	NA	5	2	1	NA	NA	NA	NA	NA	NA	NA	7	2	5	5	2	1	NA	NA	NA	6	2	4
1	149704602	160023333	7	5	2	2	d	4	3.74	1.48	0.0446596823827	0.392998752168	NA	NA	NA	5	2	1	NA	NA	NA	NA	NA	NA	NA	7	2	5	5	2	1	NA	NA	NA	7	2	5
1	160023334	163570781	6	4	2	2	d	4	3.21	1.6	0.0448776144284	0.364648147783	NA	NA	NA	4	2	1	NA	NA	NA	NA	NA	NA	NA	6	2	4	4	2	1	NA	NA	NA	6	2	4
1	163570782	164053516	7	5	2	2	d	4	4	1.53	0.042113482935	0.322262773374	NA	NA	NA	5	2	1	NA	NA	NA	NA	NA	NA	NA	7	2	5	5	2	1	NA	NA	NA	7	2	5
1	164053517	164068460	7	5	2	1	g	NA	4	1.53	0.05	0.1	NA	NA	NA	6	2	1	NA	NA	NA	NA	NA	NA	NA	8	2	6	5	2	1	NA	NA	NA	7	2	5
1	164068461	164423142	6	4	2	2	d	4	3.15	1.6	0.0382448423562	0.259654333213	NA	NA	NA	4	2	1	NA	NA	NA	NA	NA	NA	NA	6	2	4	4	2	1	NA	NA	NA	6	2	4
1	164423143	164443022	6	4	2	2	d	3	3.15	1.6	0.05	0.1	NA	NA	NA	4	2	1	NA	NA	NA	NA	NA	NA	NA	NA	NA	NA	4	2	1	NA	NA	NA	6	2	4
1	164443023	165364886	6	4	2	2	d	4	3.15	1.6	0.0507427590916	0.313236505774	NA	NA	NA	4	2	1	NA	NA	NA	NA	NA	NA	NA	6	2	4	4	2	1	NA	NA	NA	6	2	4
1	165364887	175784609	7	5	2	2	d	4	3.82	1.53	0.0417541405092	0.353950095754	NA	NA	NA	5	2	1	NA	NA	NA	NA	NA	NA	NA	7	2	5	5	2	1	NA	NA	NA	7	2	5
1	175784610	175784652	7	5	2	2	d	3	NA	NA	NA	NA	NA	NA	NA	5	2	1	NA	NA	NA	NA	NA	NA	NA	NA	NA	NA	5	2	1	NA	NA	NA	7	2	5
1	175784653	175789327	7	5	2	1	g	NA	3.26	1.53	0.05	0.1	NA	NA	NA	5	2	1	NA	NA	NA	NA	NA	NA	NA	8	2	6	4	2	1	NA	NA	NA	7	2	5
1	175789328	175789347	7	5	2	1	g	NA	3.26	1.53	0.05	0.1	NA	NA	NA	NA	NA	NA	NA	NA	NA	NA	NA	NA	NA	NA	NA	NA	4	2	1	NA	NA	NA	7	2	5
1	175789348	177171273	6	4	2	2	d	4	3.26	1.53	0.047093483847	0.299236318483	NA	NA	NA	4	2	1	NA	NA	NA	NA	NA	NA	NA	6	2	4	4	2	1	NA	NA	NA	6	2	4
1	177171274	177628968	7	5	2	2	d	4	4	1.67	0.0396630083657	0.354514595815	NA	NA	NA	5	2	1	NA	NA	NA	NA	NA	NA	NA	7	2	5	5	2	1	NA	NA	NA	7	2	5
1	177628969	179021762	6	4	2	2	d	4	3.4	1.6	0.0436622926565	0.318245704845	NA	NA	NA	4	2	1	NA	NA	NA	NA	NA	NA	NA	6	2	4	4	2	1	NA	NA	NA	6	2	4
1	179021763	179052273	7	5	2	2	d	4	4	1.67	0.05	0.1	NA	NA	NA	5	2	1	NA	NA	NA	NA	NA	NA	NA	7	2	5	5	2	1	NA	NA	NA	7	2	5
1	179052274	179052430	7	5	2	2	d	3	4	1.67	0.05	0.1	NA	NA	NA	5	2	1	NA	NA	NA	NA	NA	NA	NA	NA	NA	NA	5	2	1	NA	NA	NA	7	2	5
1	179052431	179750311	7	5	2	2	d	4	4	1.67	0.0430423306636	0.383553765011	NA	NA	NA	5	2	1	NA	NA	NA	NA	NA	NA	NA	7	2	5	5	2	1	NA	NA	NA	7	2	5
1	179750312	226828621	6	4	2	2	d	4	3.15	1.53	0.0464825757959	0.308923823058	NA	NA	NA	4	2	1	NA	NA	NA	NA	NA	NA	NA	6	2	4	4	2	1	NA	NA	NA	6	2	4
1	226828622	228666118	7	5	2	2	d	3	4	1.53	0.0433082836448	0.332030420261	NA	NA	NA	5	2	1	NA	NA	NA	NA	NA	NA	NA	7	2	5	5	2	1	NA	NA	NA	6	2	4
1	228666119	243378781	7	5	2	2	d	3	3.82	1.67	0.0438657741605	0.374984514023	NA	NA	NA	4	2	0.381636562671051	5	2	0.618363437328949	0.0133225766502464	0.0135327288232293	0.413279108269401	0.467154869649135	7	2	5	5	2	1	NA	NA	NA	7	2	5
1	243378782	245375308	6	4	2	2	d	4	3.26	1.74	0.0486593223417	0.298056976454	NA	NA	NA	4	2	1	NA	NA	NA	NA	NA	NA	NA	6	2	4	4	2	1	NA	NA	NA	6	2	4
1	245375309	245482080	7	5	2	2	d	4	3.47	1.74	0.05	0.295557132	NA	NA	NA	5	2	1	NA	NA	NA	NA	NA	NA	NA	7	2	5	5	2	1	NA	NA	NA	7	2	5
1	245482081	245483523	7	5	2	2	d	3	3.47	1.74	0.05	0.1	NA	NA	NA	5	2	1	NA	NA	NA	NA	NA	NA	NA	NA	NA	NA	5	2	1	NA	NA	NA	7	2	5
1	245483524	245515408	6	4	2	2	d	2	3.47	1.74	0.05	0.1	NA	NA	NA	5	2	1	NA	NA	NA	NA	NA	NA	NA	NA	NA	NA	4	2	1	NA	NA	NA	6	2	4
1	245515409	245516729	6	4	2	2	d	2	3.47	1.74	0.05	0.1	NA	NA	NA	NA	NA	NA	NA	NA	NA	NA	NA	NA	NA	NA	NA	NA	4	2	1	NA	NA	NA	6	2	4
1	245516730	246191456	6	4	2	2	d	4	3.47	1.74	0.0680445924799	0.348464793838	NA	NA	NA	4	2	1	NA	NA	NA	NA	NA	NA	NA	6	2	4	4	2	1	NA	NA	NA	6	2	4
1	246191457	246221644	7	5	2	2	d	3	3.47	1.74	0.05	0.1	NA	NA	NA	4	2	0.546758581241336	5	2	0.453241418758664	0.129190433597659	0.134998566402378	0.227052379310104	0.755004147633677	7	2	5	5	2	1	NA	NA	NA	7	2	5
1	246221645	247310249	6	4	2	2	d	4	3.15	1.74	0.0494539994126	0.442056758261	NA	NA	NA	4	2	1	NA	NA	NA	NA	NA	NA	NA	6	2	4	4	2	1	NA	NA	NA	6	2	4
1	247310250	247316834	6	4	2	1	g	NA	NA	NA	NA	NA	NA	NA	NA	NA	NA	NA	NA	NA	NA	NA	NA	NA	NA	NA	NA	NA	5	2	1	NA	NA	NA	6	2	4
1	247316835	247316849	7	5	2	1	h	1	NA	NA	NA	NA	NA	NA	NA	NA	NA	NA	NA	NA	NA	NA	NA	NA	NA	NA	NA	NA	5	2	1	NA	NA	NA	NA	NA	NA
1	247316850	248572125	7	5	2	2	d	3	NA	NA	NA	NA	NA	NA	NA	5	2	0.823897160053691	5	3	0.176102839946309	0.0274738799165827	0.027465786670908	0.772951091349898	0.882386460657585	7	2	5	5	2	1	NA	NA	NA	7	2	5
1	248572126	248831188	7	5	2	1	g	NA	NA	NA	NA	NA	NA	NA	NA	4	2	1	NA	NA	NA	NA	NA	NA	NA	5	2	3	5	2	1	NA	NA	NA	7	2	5
1	248831189	249083129	7	5	2	2	d	4	NA	NA	NA	NA	NA	NA	NA	5	2	1	NA	NA	NA	NA	NA	NA	NA	7	2	5	5	2	1	NA	NA	NA	7	2	5
2	49908	51099990	4	2	2	2	d	4	1.91	1.91	0.0385567778347	0.283608570594	NA	NA	NA	2	2	1	NA	NA	NA	NA	NA	NA	NA	4	2	2	2	2	1	NA	NA	NA	4	2	2
2	51099991	51878206	4	2	2	2	e	4	2.26	2	0.038105186678	0.260620590997	NA	NA	NA	2	2	0.635705956545537	3	2	0.364294043454463	0.0254075138719145	0.0246037364565499	0.585075859659134	0.67531316334494	5	2	3	3	2	0.236519	2	2	0.763481	4	2	2
2	51878207	90499999	4	2	2	2	d	4	1.91	1.91	0.0362543477989	0.273824514132	NA	NA	NA	2	2	1	NA	NA	NA	NA	NA	NA	NA	4	2	2	2	2	1	NA	NA	NA	4	2	2
2	90500000	96799999	4	2	2	2	d	4	2	2	0.05	0.353673277726	NA	NA	NA	NA	NA	NA	NA	NA	NA	NA	NA	NA	NA	4	2	2	2	2	1	NA	NA	NA	4	2	2
2	96800000	121971007	4	2	2	2	d	4	1.91	1.91	0.0371191607525	0.268740605992	NA	NA	NA	2	2	1	NA	NA	NA	NA	NA	NA	NA	4	2	2	2	2	1	NA	NA	NA	4	2	2
2	121971008	121974829	4	2	2	2	d	3	1.91	1.91	0.05	0.1	NA	NA	NA	2	2	1	NA	NA	NA	NA	NA	NA	NA	NA	NA	NA	2	2	1	NA	NA	NA	4	2	2
2	121974830	158878800	4	2	2	2	d	4	1.91	1.91	0.0365397265063	0.259212533695	NA	NA	NA	2	2	1	NA	NA	NA	NA	NA	NA	NA	4	2	2	2	2	1	NA	NA	NA	4	2	2
2	158878801	171731647	5	3	2	2	e	4	3	1.67	0.048359931546	0.328533217033	NA	NA	NA	3	2	0.491822660098516	4	2	0.508177339901484	0.0102121709352924	0.0100276682979723	0.493861146139466	0.533391179472053	6	2	4	4	2	0.548857	3	2	0.451143	5	2	3
2	171731648	171746106	5	3	2	2	f	2	3	1.67	0.05	0.1	NA	NA	NA	2	1	0.698230249954388	2	2	0.301769750045612	0	0	0.698230249954388	0.698230249954388	NA	NA	NA	4	2	0.520672	3	2	0.479328	3	1	2
2	171746107	183421741	5	3	2	2	e	4	3	1.67	0.048242028383	0.343337800055	NA	NA	NA	3	2	0.521394764802468	4	2	0.478605235197532	0.011385972452774	0.0114686321870878	0.533968553703417	0.577524396651	6	2	4	4	2	0.520672	3	2	0.479328	5	2	3
2	183421742	183427445	5	3	2	2	e	3	3	1.67	0.05	0.1	NA	NA	NA	NA	NA	NA	NA	NA	NA	NA	NA	NA	NA	NA	NA	NA	4	2	0.520672	3	2	0.479328	5	2	3
2	183427446	242984321	5	3	2	2	e	4	3	1.67	0.0491441300089	0.338320305575	NA	NA	NA	3	2	0.537668721793646	4	2	0.462331278206354	0.00615941921333923	0.00617161152951314	0.607513237102277	0.631740463485127	6	2	4	4	2	0.520672	3	2	0.479328	5	2	3
3	62746	23541315	5	3	2	2	d	4	3.15	2	0.0514174714468	0.360963260784	NA	NA	NA	3	2	1	NA	NA	NA	NA	NA	NA	NA	5	2	3	3	2	1	NA	NA	NA	5	2	3
3	23541316	24692228	4	2	2	2	d	3	2.15	2.09	0.0401207511241	0.283079827463	NA	NA	NA	2	2	0.815830059012494	3	2	0.184169940987506	0.020984527759911	0.0210269954341582	0.761321713302146	0.845796888043463	4	2	2	2	2	1	NA	NA	NA	4	2	2
3	24692229	27427069	5	3	2	2	d	4	3.21	2	0.050704610369	0.312463966947	NA	NA	NA	3	2	1	NA	NA	NA	NA	NA	NA	NA	5	2	3	3	2	1	NA	NA	NA	5	2	3
3	27427070	27716200	4	2	2	2	d	3	2.26	2.33	0.0317678272942	0.251201563569	NA	NA	NA	2	2	0.783307853462434	3	2	0.216692146537566	0.0414472168861852	0.0410078195445477	0.720362403588491	0.877741281474403	4	2	2	2	2	1	NA	NA	NA	4	2	2
3	27716201	30069764	5	3	2	2	d	4	3.09	2	0.0432041255032	0.30862918781	NA	NA	NA	3	2	1	NA	NA	NA	NA	NA	NA	NA	5	2	3	3	2	1	NA	NA	NA	5	2	3
3	30069765	30879078	4	2	2	2	d	4	2	2	0.0400569273857	0.251850461107	NA	NA	NA	2	2	0.707717569786534	3	2	0.292282430213466	0.0216354723350006	0.0220361640442361	0.663556387181129	0.748346587800522	4	2	2	2	2	1	NA	NA	NA	4	2	2
3	30879079	31563470	5	3	2	3	b	5	3	2	0.0472914915258	0.306674193237	NA	NA	NA	3	2	1	NA	NA	NA	NA	NA	NA	NA	5	2	3	3	2	1	NA	NA	NA	5	2	3
3	31563471	33868412	4	2	2	2	d	3	2.15	2.15	0.0371491737095	0.279219922579	NA	NA	NA	2	2	0.720707900018245	3	2	0.279292099981755	0.0167981196360101	0.0161215093642682	0.695348855035809	0.756290759295536	4	2	2	2	2	1	NA	NA	NA	4	2	2
3	33868413	46319997	5	3	2	2	d	4	3.09	2	0.0501975594398	0.349776492981	NA	NA	NA	3	2	1	NA	NA	NA	NA	NA	NA	NA	5	2	3	3	2	1	NA	NA	NA	5	2	3
3	46319998	60486657	3	2	1	2	d	3	2	1.18	0.0639714292908	0.291971716846	NA	NA	NA	2	1	0.846945704114478	2	2	0.153054295885522	0.00265179767895535	0.00281552002935919	0.8412586815764	0.852218946067419	3	1	2	2	1	1	NA	NA	NA	3	1	2
3	60486658	87899999	3	2	1	2	d	3	2	1.18	0.0593231645738	0.213269513517	NA	NA	NA	2	1	0.846945704114478	2	2	0.153054295885522	0.00265179767895535	0.00281552002935919	0.8412586815764	0.852218946067419	3	1	2	2	1	1	NA	NA	NA	3	1	2
3	87900000	93899999	3	2	1	2	d	2	2	1.18	0.0577389963268	0.240156240155	NA	NA	NA	NA	NA	NA	NA	NA	NA	NA	NA	NA	NA	3	1	2	2	2	0.133231	2	1	0.866769	3	1	2
3	93900000	148217458	3	2	1	2	d	3	2	1.18	0.0615312770007	0.21777539109	NA	NA	NA	2	1	0.848282272191035	2	2	0.151717727808965	0.00216125628721681	0.00213895106869156	0.843923284269991	0.852499773508837	3	1	2	2	1	1	NA	NA	NA	3	1	2
3	148217459	148221216	3	2	1	2	d	4	2	1.18	0.05	0.1	NA	NA	NA	2	1	1	NA	NA	NA	NA	NA	NA	NA	3	1	2	2	1	1	NA	NA	NA	3	1	2
3	148221217	167161160	3	2	1	2	d	3	2	1.18	0.0585841135806	0.242459158325	NA	NA	NA	2	1	0.84531870634776	2	2	0.15468129365224	0.00357420582277607	0.00358637834345702	0.838403274207645	0.852387954177813	3	1	2	2	1	1	NA	NA	NA	3	1	2
3	167161161	167166559	3	2	1	2	d	3	2	1.18	0.05	0.1	NA	NA	NA	2	1	0.84531870634776	2	2	0.15468129365224	0.00357420582277607	0.00358637834345702	0.838403274207645	0.852387954177813	3	1	2	2	1	1	NA	NA	NA	3	1	2
3	167166560	197847500	3	2	1	2	d	3	2	1.18	0.0628153291663	0.235123851634	NA	NA	NA	2	1	0.850968117131911	2	2	0.149031882868089	0.00324011622686965	0.00324142910380696	0.821314105569848	0.833631934920546	3	1	2	2	1	1	NA	NA	NA	3	1	2
4	27500	8437090	2	1	1	2	d	3	1.18	1.18	0.0564501636621	0.184490850251	NA	NA	NA	1	1	0.895743738108269	2	1	0.104256261891731	0.00628072436567234	0.0063247734914968	0.883822256841258	0.908257474698065	2	1	1	1	1	1	NA	NA	NA	2	1	1
4	8437091	31645021	3	2	1	2	d	3	2.09	1.26	0.0607918446356	0.273143819769	NA	NA	NA	2	1	0.813810848198357	2	2	0.186189151801643	0.0035617239990311	0.00362069212261953	0.806819499557515	0.820773174545528	3	1	2	2	1	1	NA	NA	NA	3	1	2
4	31645022	31682655	3	2	1	2	d	3	2.09	1.26	0.05	0.1	NA	NA	NA	2	1	0.813810848198357	2	2	0.186189151801643	0.0035617239990311	0.00362069212261953	0.806819499557515	0.820773174545528	3	1	2	2	1	1	NA	NA	NA	3	1	2
4	31682656	33378011	4	3	1	2	d	2	2.67	1.18	0.0545698445752	0.239658728322	NA	NA	NA	2	1	0.866887359342295	3	1	0.133112640657705	0.0214423078066159	0.0202234447379241	0.859203665295807	0.938719409326011	4	1	3	3	1	0.17811	2	1	0.82189	4	1	3
4	33378012	39348006	3	2	1	2	d	3	2.09	1.26	0.0608781222387	0.22486158919	NA	NA	NA	2	1	0.849198952647231	2	2	0.150801047352769	0.00633490496024869	0.00636720132374735	0.801590891162874	0.826067923416449	3	1	2	2	1	1	NA	NA	NA	3	1	2
4	39348007	39500889	4	2	2	2	d	2	2	2	0.0465649958535	0.252566657886	NA	NA	NA	2	1	0.400907900480137	2	2	0.599092099519863	0.0369748289414698	0.0370910503739429	0.362172092436408	0.510731931194958	3	1	2	2	2	0.51011	2	1	0.48989	4	2	2
4	39500890	48199999	3	2	1	2	d	3	2.15	1.26	0.05671968772	0.230356735976	NA	NA	NA	2	1	0.858239689081073	2	2	0.141760310918927	0.00468136792243035	0.00458231402927958	0.849518882339945	0.866844602999117	3	1	2	2	1	1	NA	NA	NA	3	1	2
4	48200000	52699999	3	2	1	2	d	3	2.15	1.26	0.0633288281961	0.71839750169	NA	NA	NA	NA	NA	NA	NA	NA	NA	NA	NA	NA	NA	3	1	2	2	1	1	NA	NA	NA	3	1	2
4	52700000	81332955	3	2	1	2	d	3	2.15	1.26	0.0582714911603	0.256862788918	NA	NA	NA	2	1	0.862519720531893	2	2	0.137480279468107	0.00303655931440966	0.00313906305250574	0.847456992860403	0.86006874474197	3	1	2	2	1	1	NA	NA	NA	3	1	2
4	81332956	120597392	2	2	0	2	d	4	2.09	0	0.034499024937	0.157107844965	NA	NA	NA	2	0	1	NA	NA	NA	NA	NA	NA	NA	2	0	2	2	0	1	NA	NA	NA	2	0	2
4	120597393	120601343	2	2	0	2	d	3	2.09	0	0.05	0.1	NA	NA	NA	2	0	1	NA	NA	NA	NA	NA	NA	NA	NA	NA	NA	2	0	1	NA	NA	NA	2	0	2
4	120601344	185037516	2	2	0	2	d	4	2.09	0	0.035865532868	0.168084618945	NA	NA	NA	2	0	1	NA	NA	NA	NA	NA	NA	NA	2	0	2	2	0	1	NA	NA	NA	2	0	2
4	185037517	185369470	2	2	0	2	d	3	0	0	0.177604081813	0.0256020265431	NA	NA	NA	2	0	1	NA	NA	NA	NA	NA	NA	NA	1	0	1	2	0	1	NA	NA	NA	2	0	2
4	185369471	190607538	2	2	0	2	d	4	2.09	0	0.039554048211	0.157784757061	NA	NA	NA	2	0	1	NA	NA	NA	NA	NA	NA	NA	2	0	2	2	0	1	NA	NA	NA	2	0	2
5	22500	874759	5	3	2	2	f	2	2.74	1.48	0.0457193927396	0.606422589776	NA	NA	NA	NA	NA	NA	NA	NA	NA	NA	NA	NA	NA	NA	NA	NA	4	2	1	NA	NA	NA	5	2	3
5	874760	4504169	6	4	2	2	d	3	3.33	1.67	0.0482493801066	0.331089856055	NA	NA	NA	4	2	1	NA	NA	NA	NA	NA	NA	NA	6	2	4	4	2	1	NA	NA	NA	5	2	3
5	4504170	5237083	6	4	2	2	d	2	3.33	2	0.044198904679	0.332737298533	NA	NA	NA	4	2	0.508570276265381	4	3	0.491429723734619	0.036529923974104	0.0365628403227416	0.337395859688971	0.481772254464934	6	2	4	4	3	0.446755	4	2	0.553245	6	2	4
5	5237084	7339361	6	4	2	2	d	4	3.21	1.67	0.0451664133489	0.32156786152	NA	NA	NA	4	2	1	NA	NA	NA	NA	NA	NA	NA	6	2	4	4	2	1	NA	NA	NA	6	2	4
5	7339362	7446786	6	4	2	2	f	3	3	2	0.05	0.359530894669	NA	NA	NA	4	3	1	NA	NA	NA	NA	NA	NA	NA	6	2	4	4	3	0.569258	4	2	0.430742	6	2	4
5	7446787	10315179	6	4	2	2	d	4	3.21	1.6	0.0480474011214	0.317172967172	NA	NA	NA	4	2	1	NA	NA	NA	NA	NA	NA	NA	6	2	4	4	2	1	NA	NA	NA	6	2	4
5	10315180	10326710	6	4	2	2	d	2	3.21	1.6	0.05	0.1	NA	NA	NA	NA	NA	NA	NA	NA	NA	NA	NA	NA	NA	NA	NA	NA	4	2	1	NA	NA	NA	6	2	4
5	10326711	10327575	5	3	2	2	f	2	3.21	1.6	0.05	0.1	NA	NA	NA	NA	NA	NA	NA	NA	NA	NA	NA	NA	NA	5	2	3	4	2	1	NA	NA	NA	NA	NA	NA
5	10327576	10331285	5	3	2	2	f	1	3.21	1.6	0.05	0.1	NA	NA	NA	NA	NA	NA	NA	NA	NA	NA	NA	NA	NA	NA	NA	NA	4	2	1	NA	NA	NA	NA	NA	NA
5	10331286	10349092	5	3	2	2	f	1	3.21	1.6	0.05	0.1	NA	NA	NA	4	2	0.695840175150515	5	2	0.304159824849485	NA	0	0.695840175150515	0.695840175150515	NA	NA	NA	4	2	1	NA	NA	NA	7	2	5
5	10349093	16317508	6	4	2	2	d	4	3.21	1.6	0.0443082796004	0.313428912938	NA	NA	NA	4	2	1	NA	NA	NA	NA	NA	NA	NA	6	2	4	4	2	1	NA	NA	NA	6	2	4
5	16317509	37650219	4	2	2	2	d	4	1.91	1.91	0.0367062712022	0.241495892934	NA	NA	NA	2	2	1	NA	NA	NA	NA	NA	NA	NA	4	2	2	2	2	1	NA	NA	NA	4	2	2
5	37650220	37654347	4	2	2	2	f	2	1.91	1.91	0.05	0.1	NA	NA	NA	1	1	1	NA	NA	NA	NA	NA	NA	NA	NA	NA	NA	2	2	1	NA	NA	NA	3	1	2
5	37654348	46099999	4	2	2	2	d	4	1.91	1.91	0.0341926589645	0.232201069384	NA	NA	NA	2	2	1	NA	NA	NA	NA	NA	NA	NA	4	2	2	2	2	1	NA	NA	NA	4	2	2
5	46100000	50699999	4	2	2	2	d	4	1.91	1.91	0.0337996855325	0.31531275139	NA	NA	NA	2	2	1	NA	NA	NA	NA	NA	NA	NA	4	2	2	2	2	1	NA	NA	NA	4	2	2
5	50700000	57613352	4	2	2	2	d	4	1.91	1.91	0.0358616105076	0.233452021042	NA	NA	NA	2	2	1	NA	NA	NA	NA	NA	NA	NA	4	2	2	2	2	1	NA	NA	NA	4	2	2
5	57613353	176824154	4	2	2	2	d	4	1.91	1.91	0.0372303042344	0.295542564553	NA	NA	NA	2	2	1	NA	NA	NA	NA	NA	NA	NA	4	2	2	2	2	1	NA	NA	NA	4	2	2
5	176824155	177032549	4	2	2	2	d	2	1.91	1.91	0.05	0.260822289966	NA	NA	NA	2	2	0.597174855795546	3	2	0.402825144204454	0.0828094867246958	0.0829079456756462	0.400092611907453	0.713426335473692	NA	NA	NA	2	2	1	NA	NA	NA	4	2	2
5	177032550	180715810	4	2	2	2	d	4	1.91	1.91	0.0394412317789	0.314649059665	NA	NA	NA	2	2	1	NA	NA	NA	NA	NA	NA	NA	4	2	2	2	2	1	NA	NA	NA	4	2	2
6	39681	246777	5	4	1	1	g	NA	3.33	1.4	0.040124684998	0.1	NA	NA	NA	4	1	0.408641617566565	4	2	0.591358382433435	0.0608518785041994	0.0612603985575071	0.271330056361712	0.512437129510982	1	0	1	4	2	0.538867	4	1	0.461133	5	1	4
6	246778	420823	4	3	1	2	f	2	1.91	0.67	0.0486823394609	1.47017469544	NA	NA	NA	3	1	0.637984852961049	3	2	0.362015147038951	0.263478100806043	0.343706521154358	-0.744493303611584	0.630918767791994	NA	NA	NA	3	1	1	NA	NA	NA	5	1	4
6	420824	26936049	5	4	1	2	d	2	3.52	1.4	0.0465778404984	0.330475941485	NA	NA	NA	4	1	0.434680986405128	4	2	0.565319013594872	0.00370120401804108	0.00379951860747428	0.402889967456847	0.417766428515489	5	1	4	4	2	0.537894	4	1	0.462106	5	1	4
6	26936050	27315292	4	2	2	2	f	3	1.53	1.53	0.05	0.230537085789	NA	NA	NA	2	1	0.467659550621658	2	2	0.532340449378342	0.0445549618886792	0.0450784228451705	0.380265382550987	0.551410186540721	NA	NA	NA	2	2	1	NA	NA	NA	3	1	2
6	27315293	27364995	4	2	2	2	d	2	1.53	1.53	0.05	0.0852189527215	NA	NA	NA	2	1	0.467659550621658	2	2	0.532340449378342	0.0445549618886792	0.0450784228451705	0.380265382550987	0.551410186540721	4	2	2	2	2	1	NA	NA	NA	3	1	2
6	27364996	32534985	5	4	1	2	d	2	3.52	1.33	0.0543240313493	0.631033036795	NA	NA	NA	4	1	0.434439086276486	4	2	0.565560913723514	0.00369636464652814	0.0037900945257251	0.426519053688794	0.441750413790618	5	1	4	4	2	0.518196	4	1	0.481804	5	1	4
6	32534986	49767956	5	4	1	1	g	NA	3.82	1.48	0.0505739682109	0.380423405765	NA	NA	NA	4	1	0.434439086276486	4	2	0.565560913723514	0.00369636464652814	0.0037900945257251	0.426519053688794	0.441750413790618	6	2	4	4	2	0.558886	4	1	0.441114	5	1	4
6	49767957	58699999	4	2	2	2	d	3	2	1.6	0.0478911958232	0.231575325201	NA	NA	NA	2	1	0.465486833302925	2	2	0.534513166697075	0.00612847268530542	0.00590599199969943	0.450992875283304	0.473418636579525	4	2	2	2	2	1	NA	NA	NA	4	2	2
6	58700000	63299999	4	2	2	2	d	3	2	1.6	0.04542308192	0.333243928362	NA	NA	NA	NA	NA	NA	NA	NA	NA	NA	NA	NA	NA	4	2	2	2	2	1	NA	NA	NA	4	2	2
6	63300000	73778304	4	2	2	2	d	3	2	1.6	0.0467575324936	0.246524212202	NA	NA	NA	2	1	0.449269685797284	2	2	0.550730314202716	0.0051456710099676	0.00512115492822681	0.438546662596489	0.459340542412677	4	2	2	2	2	1	NA	NA	NA	4	2	2
6	73778305	170922612	2	2	0	3	b	5	2	0	0.0369863159649	0.153686398166	NA	NA	NA	2	0	1	NA	NA	NA	NA	NA	NA	NA	2	0	2	2	0	1	NA	NA	NA	2	0	2
7	40386	15499992	4	2	2	2	d	3	1.85	1.85	0.0397396426969	0.270748596511	NA	NA	NA	2	2	0.843868174413231	3	2	0.156131825586769	0.00540256398573152	0.00543296684128838	0.828877752813735	0.849735579215885	4	2	2	2	2	1	NA	NA	NA	4	2	2
7	15499993	16727528	2	2	0	2	d	4	1.79	0	0.0363537498131	0.136202040336	NA	NA	NA	2	0	1	NA	NA	NA	NA	NA	NA	NA	2	0	2	2	0	1	NA	NA	NA	2	0	2
7	16727529	57999999	4	2	2	2	d	4	1.85	1.85	0.0373404500401	0.243765395028	NA	NA	NA	2	2	1	NA	NA	NA	NA	NA	NA	NA	4	2	2	2	2	1	NA	NA	NA	4	2	2
7	58000000	61699999	4	2	2	2	d	3	1.85	1.85	0.05	1.37623093566	NA	NA	NA	NA	NA	NA	NA	NA	NA	NA	NA	NA	NA	4	2	2	2	2	1	NA	NA	NA	4	2	2
7	61700000	92637273	4	2	2	2	d	4	1.85	1.85	0.0369791092255	0.27183156064	NA	NA	NA	2	2	1	NA	NA	NA	NA	NA	NA	NA	4	2	2	2	2	1	NA	NA	NA	4	2	2
7	92637274	92647631	4	2	2	2	d	3	1.85	1.85	0.05	0.1	NA	NA	NA	2	1	0.435112488552323	2	2	0.564887511447677	0.0861710665262082	0.0776550552130375	0.261052558801057	0.572781037937504	4	2	2	2	2	1	NA	NA	NA	4	2	2
7	92647632	125156052	4	2	2	2	d	4	1.85	1.85	0.0359855891861	0.257064341603	NA	NA	NA	2	2	1	NA	NA	NA	NA	NA	NA	NA	4	2	2	2	2	1	NA	NA	NA	4	2	2
7	125156053	125797499	5	3	2	2	f	3	3.74	2	0.0443740251502	0.32335207172	NA	NA	NA	3	1	0.510503818385595	3	2	0.489496181614405	0.03648656227872	0.0395134107168708	0.187944364709215	0.344939066168476	NA	NA	NA	3	2	0.409332	3	1	0.590668	4	2	2
7	125797500	134680023	4	2	2	2	d	4	1.85	1.85	0.0367616662854	0.250409156804	NA	NA	NA	2	2	1	NA	NA	NA	NA	NA	NA	NA	4	2	2	2	2	1	NA	NA	NA	4	2	2
7	134680024	158821400	4	2	2	2	d	4	1.85	1.85	0.0403903970569	0.263744879626	NA	NA	NA	2	2	1	NA	NA	NA	NA	NA	NA	NA	4	2	2	2	2	1	NA	NA	NA	4	2	2
8	10001	162395	1	1	0	2	d	3	NA	NA	NA	NA	NA	NA	NA	NA	NA	NA	NA	NA	NA	NA	NA	NA	NA	1	0	1	1	0	1	NA	NA	NA	1	0	1
8	162396	38649833	1	1	0	2	d	4	1.44	0	0.061171835042	0.142055563479	NA	NA	NA	1	0	1	NA	NA	NA	NA	NA	NA	NA	1	0	1	1	0	1	NA	NA	NA	1	0	1
8	38649834	38676200	1	1	0	2	d	2	NA	NA	NA	NA	NA	NA	NA	NA	NA	NA	NA	NA	NA	NA	NA	NA	NA	NA	NA	NA	1	0	1	NA	NA	NA	1	0	1
8	38676201	38677790	1	1	0	1	h	1	NA	NA	NA	NA	NA	NA	NA	NA	NA	NA	NA	NA	NA	NA	NA	NA	NA	NA	NA	NA	1	0	1	NA	NA	NA	NA	NA	NA
8	38677791	38743081	3	3	0	1	g	NA	NA	NA	NA	NA	NA	NA	NA	2	2	1	NA	NA	NA	NA	NA	NA	NA	NA	NA	NA	1	0	1	NA	NA	NA	3	0	3
8	38743082	39471778	1	1	0	2	d	4	1.33	0	0.0494181661175	0.101297009587	NA	NA	NA	1	0	1	NA	NA	NA	NA	NA	NA	NA	1	0	1	1	0	1	NA	NA	NA	1	0	1
8	39471779	43099999	3	2	1	2	d	3	2.4	1.33	0.0610259791126	0.279335454353	NA	NA	NA	2	1	0.921117846517732	2	2	0.0788821534822677	0.00845292332374598	0.00845708396106591	0.904354655193896	0.937080330508327	3	1	2	2	1	1	NA	NA	NA	3	1	2
8	43100000	48099999	3	2	1	2	d	2	1.91	1	0.05	0.333018376463	NA	NA	NA	NA	NA	NA	NA	NA	NA	NA	NA	NA	NA	3	1	2	2	2	0.163792	2	1	0.836208	3	1	2
8	48100000	67452149	3	2	1	2	d	3	1.91	1	0.0599005410554	0.215216759939	NA	NA	NA	2	1	0.841098196844181	2	2	0.158901803155819	0.0037731388734214	0.00374000299491832	0.833672569009827	0.848810422266199	3	1	2	2	1	1	NA	NA	NA	3	1	2
8	67452150	67456658	3	2	1	2	d	3	1.91	1	0.05	0.1	NA	NA	NA	2	1	0.841098196844181	2	2	0.158901803155819	0.0037731388734214	0.00374000299491832	0.833672569009827	0.848810422266199	3	1	2	2	1	1	NA	NA	NA	3	1	2
8	67456659	69055075	3	2	1	2	d	3	1.91	1	0.0698656234224	0.183310687288	NA	NA	NA	2	1	0.841098196844181	2	2	0.158901803155819	0.0037731388734214	0.00374000299491832	0.833672569009827	0.848810422266199	3	1	2	2	1	1	NA	NA	NA	3	1	2
8	69055076	74923423	4	3	1	2	d	3	2.74	1	0.0493401439345	0.233536188104	NA	NA	NA	3	1	0.896122104552113	3	2	0.103877895447887	0.00838767424661591	0.00856461298141335	0.841684380579223	0.87537984156327	4	1	3	3	1	1	NA	NA	NA	4	1	3
8	74923424	77586755	4	3	1	2	d	2	2.26	1	0.0526525650517	0.204551851743	NA	NA	NA	2	1	0.641073551893998	3	1	0.358926448106002	0.0168300066358945	0.0162585484774648	0.62494501675951	0.688043777878915	4	1	3	3	1	0.442225	2	1	0.557775	4	1	3
8	77586756	77614415	5	4	1	2	d	2	2.21	1	0.05	0.1	NA	NA	NA	4	1	1	NA	NA	NA	NA	NA	NA	NA	NA	NA	NA	3	1	0.435324	2	1	0.564676	5	1	4
8	77614416	140772199	4	3	1	2	d	2	2.21	1	0.0547737395649	0.2345050539	NA	NA	NA	2	1	0.621500537209352	3	1	0.378499462790648	0.00413749451246381	0.00411114007947376	0.642277703959375	0.658233580188622	4	1	3	3	1	0.435324	2	1	0.564676	4	1	3
8	140772200	143088012	5	3	2	1	g	NA	2.33	2.33	0.0359121285846	0.3230066974	NA	NA	NA	3	3	1	NA	NA	NA	NA	NA	NA	NA	5	2	3	3	3	1	NA	NA	NA	5	2	3
8	143088013	143532040	6	4	2	2	f	2	4.26	2.33	0.04056149207	0.445619092748	NA	NA	NA	5	2	0.191264838650823	5	3	0.808735161349177	0.0352568051339519	0.0348412260602808	0.124117346791833	0.261942841720082	1	0	1	5	3	1	NA	NA	NA	6	2	4
8	143532041	143699003	4	3	1	2	e	0	5	1	0.05	0.345560479598	NA	NA	NA	5	1	0.556670900847873	5	2	0.443329099152127	0.385977446000648	0.453665820205992	-1.24943376297874	0.550972609585513	1	0	1	5	2	0.374334	5	1	0.625666	5	1	4
8	143699004	143895601	6	4	2	1	g	NA	5	1	0.05	0.394730969885	NA	NA	NA	5	3	1	NA	NA	NA	NA	NA	NA	NA	1	0	1	3	1	0.454473	2	1	0.545527	6	2	4
8	143895602	145075812	3	2	1	2	e	4	2.26	1	0.062545812843	0.252456229528	NA	NA	NA	2	1	0.625697088652597	3	1	0.374302911347403	0.0274645693107085	0.0262194376165825	0.643038688273812	0.745137681315996	NA	NA	NA	3	1	0.454473	2	1	0.545527	3	1	2
8	145075813	146210659	8	5	3	1	g	1	4	2.26	0.0503112927049	0.488044429866	NA	NA	NA	5	3	1	NA	NA	NA	NA	NA	NA	NA	7	3	4	5	3	1	NA	NA	NA	6	2	4
9	55798	47299999	4	2	2	3	b	5	2	2	0.0372063063578	0.332184253099	NA	NA	NA	2	2	1	NA	NA	NA	NA	NA	NA	NA	4	2	2	2	2	1	NA	NA	NA	4	2	2
9	47300000	50699999	4	2	2	2	d	3	2	2	0.05	0.1	NA	NA	NA	NA	NA	NA	NA	NA	NA	NA	NA	NA	NA	NA	NA	NA	2	2	1	NA	NA	NA	4	2	2
9	50700000	136648849	4	2	2	3	b	5	2	2	0.0385007855399	0.265609375757	NA	NA	NA	2	2	1	NA	NA	NA	NA	NA	NA	NA	4	2	2	2	2	1	NA	NA	NA	4	2	2
9	136648850	136650402	3	2	1	1	g	NA	2	2	0.05	0.1	NA	NA	NA	2	1	1	NA	NA	NA	NA	NA	NA	NA	NA	NA	NA	2	2	1	NA	NA	NA	3	1	2
9	136650403	140315015	4	2	2	2	d	4	2	2	0.0433591893292	0.350028094147	NA	NA	NA	2	2	1	NA	NA	NA	NA	NA	NA	NA	3	1	2	2	2	1	NA	NA	NA	4	2	2
9	140315016	141026763	4	2	2	2	d	4	NA	NA	NA	NA	NA	NA	NA	2	2	1	NA	NA	NA	NA	NA	NA	NA	4	2	2	2	2	1	NA	NA	NA	4	2	2
10	95353	13423631	3	2	1	2	d	3	2	1.18	0.0648755126543	0.222560643848	NA	NA	NA	2	1	0.856918943125842	2	2	0.143081056874158	0.00465558121432619	0.00480830144631785	0.836222898534721	0.855196550112016	3	1	2	2	1	1	NA	NA	NA	3	1	2
10	13423632	15430026	3	2	1	2	d	3	2	1.18	0.0659381088982	0.205935082677	NA	NA	NA	2	1	0.819661597772545	2	2	0.180338402227455	0.0111910840343404	0.0108718883153473	0.754698616370479	0.796653767311779	3	1	2	2	1	1	NA	NA	NA	3	1	2
10	15430027	17637237	4	2	2	3	b	5	2	2	0.0384668050421	0.259815806864	NA	NA	NA	2	2	1	NA	NA	NA	NA	NA	NA	NA	4	2	2	2	2	1	NA	NA	NA	4	2	2
10	17637238	17638172	4	2	2	2	d	4	2	2	0.05	0.1	NA	NA	NA	2	2	1	NA	NA	NA	NA	NA	NA	NA	NA	NA	NA	2	2	1	NA	NA	NA	4	2	2
10	17638173	25860989	4	2	2	3	b	5	2	2	0.0357828429516	0.259157303471	NA	NA	NA	2	2	1	NA	NA	NA	NA	NA	NA	NA	4	2	2	2	2	1	NA	NA	NA	4	2	2
10	25860990	30344474	4	2	2	3	b	5	2	2	0.0405770561805	0.296505364967	NA	NA	NA	2	2	1	NA	NA	NA	NA	NA	NA	NA	4	2	2	2	2	1	NA	NA	NA	4	2	2
10	30344475	30346597	4	2	2	2	d	4	2	2	0.05	0.1	NA	NA	NA	2	2	1	NA	NA	NA	NA	NA	NA	NA	NA	NA	NA	2	2	1	NA	NA	NA	4	2	2
10	30346598	30551195	4	2	2	3	b	5	2	2	0.0408231653298	0.355260860218	NA	NA	NA	2	2	1	NA	NA	NA	NA	NA	NA	NA	4	2	2	2	2	1	NA	NA	NA	4	2	2
10	30551196	31591450	5	3	2	2	d	3	2.74	2	0.0487177484138	0.532981551507	NA	NA	NA	2	2	0.187951292078151	3	2	0.812048707921849	0.0186711721924127	0.0189322165543366	0.149755507970858	0.224442158019287	5	2	3	3	2	1	NA	NA	NA	5	2	3
10	31591451	31632655	5	3	2	2	d	2	2.74	2	0.05	0.1	NA	NA	NA	2	2	0.187951292078151	3	2	0.812048707921849	0.0186711721924127	0.0189322165543366	0.149755507970858	0.224442158019287	NA	NA	NA	3	2	1	NA	NA	NA	5	2	3
10	31632656	33012685	5	3	2	2	d	3	2.74	2	0.053422926927	0.307426586331	NA	NA	NA	2	2	0.187951292078151	3	2	0.812048707921849	0.0186711721924127	0.0189322165543366	0.149755507970858	0.224442158019287	5	2	3	3	2	1	NA	NA	NA	5	2	3
10	33012686	37999999	4	2	2	2	d	3	2.33	2	0.0424873332696	0.28999248034	NA	NA	NA	2	2	0.587239081325692	3	2	0.412760918674308	0.0148901979734118	0.0147999726098416	0.558931315657349	0.616951112565278	4	2	2	2	2	1	NA	NA	NA	4	2	2
10	38000000	42299999	4	2	2	2	d	2	2.33	2	0.05	0.429306946768	NA	NA	NA	2	2	0.587239081325692	3	2	0.412760918674308	0.0148901979734118	0.0147999726098416	0.558931315657349	0.616951112565278	4	2	2	NA	NA	NA	NA	NA	NA	4	2	2
10	42300000	57297161	4	2	2	2	d	3	2.33	2	0.0469658429382	0.321493520223	NA	NA	NA	2	2	0.638846422437383	3	2	0.361153577562617	0.00697696955594973	0.00681185024011758	0.625782458716313	0.651801897905633	4	2	2	2	2	1	NA	NA	NA	4	2	2
10	57297162	58835417	4	2	2	3	b	5	2	2	0.0416660807066	0.269721376734	NA	NA	NA	2	2	1	NA	NA	NA	NA	NA	NA	NA	4	2	2	2	2	1	NA	NA	NA	4	2	2
10	58835418	135389924	4	2	2	2	d	3	2.26	2	0.0424908718628	0.299491845388	NA	NA	NA	2	2	0.625948080381578	3	2	0.374051919618422	0.00323639547854121	0.00319886188572352	0.624844250722117	0.637594643863259	4	2	2	2	2	1	NA	NA	NA	4	2	2
11	192997	5388319	2	2	0	2	d	2	2.09	0.33	0.0624417578756	0.235334317016	NA	NA	NA	2	0	0.71872061527234	2	1	0.28127938472766	0.00408185001753902	0.00415220656160995	0.69610516702949	0.712512253869466	2	0	2	2	0	0.747935	2	1	0.252065	2	0	2
11	5388320	18090071	3	2	1	2	d	3	2	1.26	0.0634621062447	0.284264011894	NA	NA	NA	2	1	0.862519720531893	2	2	0.137480279468107	0.00496382448242588	0.00511573314591023	0.839475408753625	0.859592168934411	3	1	2	2	1	1	NA	NA	NA	3	1	2
11	18090072	18165496	3	2	1	2	f	3	2.15	1.26	0.05	0.260856831384	NA	NA	NA	2	1	1	NA	NA	NA	NA	NA	NA	NA	5	2	3	2	1	1	NA	NA	NA	4	1	3
11	18165497	51599999	3	2	1	2	d	3	2.15	1.26	0.0615749357753	0.237873376269	NA	NA	NA	2	1	0.837876299945266	2	2	0.162123700054734	0.00289999720187001	0.00291805525292938	0.79899557698399	0.810484823609235	3	1	2	2	1	1	NA	NA	NA	3	1	2
11	51600000	55699999	3	2	1	2	d	3	2.09	1.26	0.0696291693867	0.380847245235	NA	NA	NA	2	1	0.847851017801756	2	2	0.152148982198244	0.0167593269405613	0.0169256372730168	0.798678366251415	0.864427088089303	3	1	2	2	1	1	NA	NA	NA	3	1	2
11	55700000	66030643	3	2	1	2	d	3	2.09	1.26	0.0639965655851	0.238584919764	NA	NA	NA	2	1	0.822914223160528	2	2	0.177085776839472	0.00723365103725682	0.00771725056317987	0.730320644026136	0.761351483935605	3	1	2	2	1	1	NA	NA	NA	3	1	2
11	66030644	66220579	2	2	0	2	d	2	2	0.33	0.05	0.136023800968	NA	NA	NA	2	0	0.716281660796077	2	1	0.283718339203923	0.0407755672317455	0.0461937199709981	0.505308078043852	0.685898152086896	2	0	2	2	0	0.768026	2	1	0.231974	2	0	2
11	66220580	66832627	3	2	1	2	d	4	2	1	0.0565108859594	0.188009465065	NA	NA	NA	2	1	0.792585689137415	2	2	0.207414310862585	0.0462695406851392	0.0513692752520197	0.552676009286644	0.751250576179675	3	1	2	2	1	1	NA	NA	NA	3	1	2
11	66832628	66840615	1	1	0	1	g	NA	NA	NA	NA	NA	NA	NA	NA	2	0	1	NA	NA	NA	NA	NA	NA	NA	1	0	1	2	1	1	NA	NA	NA	1	0	1
11	66840616	67228453	3	2	1	2	d	4	2	1	0.0713246316045	0.180343289003	NA	NA	NA	2	1	0.607305917650746	2	2	0.392694082349254	0.0635969449436236	0.0682546791601489	0.32919901758668	0.600740078792213	3	1	2	2	1	1	NA	NA	NA	3	1	2
11	67228454	67334460	3	2	1	2	d	3	1.91	1	0.05	0.216771137839	NA	NA	NA	2	2	1	NA	NA	NA	NA	NA	NA	NA	3	1	2	2	1	1	NA	NA	NA	3	1	2
11	67334461	116926377	3	2	1	2	d	3	1.91	1	0.0606508365439	0.20078634259	NA	NA	NA	2	1	0.897724607084211	2	2	0.102275392915789	0.00241680673894762	0.00250126418837723	0.873975829942726	0.883647080149267	3	1	2	2	1	1	NA	NA	NA	3	1	2
11	116926378	116935768	3	2	1	2	e	3	1.91	1	0.05	0.1	NA	NA	NA	1	1	1	NA	NA	NA	NA	NA	NA	NA	3	1	2	2	1	1	NA	NA	NA	2	1	1
11	116935769	134452200	3	2	1	2	d	3	1.91	1	0.0643885611943	0.201056467012	NA	NA	NA	2	1	0.900335350476668	2	2	0.0996646495233318	0.00375410955205696	0.00381041245955189	0.892947156876752	0.907678375361844	3	1	2	2	1	1	NA	NA	NA	3	1	2
12	110107	191449	3	2	1	1	g	NA	NA	NA	NA	NA	NA	NA	NA	1	1	1	NA	NA	NA	NA	NA	NA	NA	3	1	2	3	1	1	NA	NA	NA	3	1	2
12	191450	20617267	3	2	1	2	d	2	1.6	1.18	0.0566595698367	0.259327949074	NA	NA	NA	1	1	0.619238000047596	2	1	0.380761999952404	0.00453548134384174	0.00446118351361463	0.61897611042323	0.636712194345623	3	1	2	2	1	0.39657	1	1	0.60343	3	1	2
12	20617268	20620046	3	2	1	2	d	3	1.6	1.18	0.05	0.1	NA	NA	NA	2	1	1	NA	NA	NA	NA	NA	NA	NA	3	1	2	2	1	0.381018	1	1	0.618982	3	1	2
12	20620047	32143736	3	2	1	2	d	2	1.6	1.18	0.0561823165719	0.189540884287	NA	NA	NA	1	1	0.68723121432481	2	1	0.31276878567519	0.00602222889246357	0.00597648552576471	0.704040064187063	0.727593528407291	3	1	2	2	1	0.381018	1	1	0.618982	3	1	2
12	32143737	33299999	3	2	1	2	d	2	2	1.18	0.0681043652858	0.209474955815	NA	NA	NA	2	1	0.822914223160528	2	2	0.177085776839472	0.0128285188403219	0.012525445388179	0.802887528376815	0.852539227648396	3	1	2	2	2	0.148085	2	1	0.851915	3	1	2
12	33300000	38199999	3	2	1	2	d	3	2	1.18	0.0605510733665	0.279549282476	NA	NA	NA	NA	NA	NA	NA	NA	NA	NA	NA	NA	NA	3	1	2	2	1	1	NA	NA	NA	3	1	2
12	38200000	49921888	3	2	1	2	d	3	2	1.18	0.0583989764821	0.211213888879	NA	NA	NA	2	1	0.824140622896984	2	2	0.175859377103016	0.00540291285150662	0.0055557158093924	0.73277701577761	0.754108187099179	3	1	2	2	1	1	NA	NA	NA	3	1	2
12	49921889	114444801	3	2	1	2	d	3	2	1.18	0.0616689338702	0.217219613756	NA	NA	NA	2	1	0.854949107409148	2	2	0.145050892590852	0.0019351048853477	0.00188725584647057	0.851103070809093	0.858659654910659	3	1	2	2	1	1	NA	NA	NA	3	1	2
12	114444802	132355210	3	2	1	2	d	3	2	1.18	0.065474536413	0.224556982356	NA	NA	NA	2	1	0.854949107409148	2	2	0.145050892590852	0.0019351048853477	0.00188725584647057	0.851103070809093	0.858659654910659	3	1	2	2	1	1	NA	NA	NA	3	1	2
12	132355211	133851894	3	2	1	2	d	3	NA	NA	NA	NA	NA	NA	NA	2	1	0.854949107409148	2	2	0.145050892590852	0.0019351048853477	0.00188725584647057	0.851103070809093	0.858659654910659	3	1	2	2	1	1	NA	NA	NA	3	1	2
13	1	16299999	4	2	2	1	g	NA	NA	NA	NA	NA	NA	NA	NA	NA	NA	NA	NA	NA	NA	NA	NA	NA	NA	NA	NA	NA	NA	NA	NA	NA	NA	NA	4	2	2
13	16300000	19499999	4	2	2	2	d	4	1.6	1.53	0.05	0.306708957581	NA	NA	NA	2	2	1	NA	NA	NA	NA	NA	NA	NA	4	2	2	2	2	1	NA	NA	NA	4	2	2
13	19500000	50303068	4	2	2	2	d	4	1.6	1.6	0.0370534070842	0.219142212309	NA	NA	NA	2	2	1	NA	NA	NA	NA	NA	NA	NA	4	2	2	2	2	1	NA	NA	NA	4	2	2
13	50303069	86737412	4	2	2	2	e	4	2	1.67	0.0408846724254	0.255065380582	NA	NA	NA	2	2	0.519966703156363	3	2	0.480033296843637	0.00399794421857852	0.00394944432258719	0.514902628352751	0.5308145306942	5	2	3	3	2	0.397227	2	2	0.602773	4	2	2
13	86737413	86933186	5	3	2	2	d	3	2	1.67	0.05	0.1	NA	NA	NA	3	2	1	NA	NA	NA	NA	NA	NA	NA	5	2	3	3	2	1	NA	NA	NA	4	2	2
13	86933187	89290954	5	3	2	2	d	2	2	1.91	0.0384708857739	0.247999425525	NA	NA	NA	2	2	0.516609826954659	3	2	0.483390173045341	0.0150897266643052	0.015004994126454	0.488275801784851	0.546968259141112	5	2	3	3	2	0.375849	2	2	0.624151	5	2	3
13	89290955	89599461	5	3	2	2	d	2	2	1.91	0.0451461162912	0.259843795734	NA	NA	NA	2	2	0.410868226600988	3	2	0.589131773399012	0.0886180295402209	0.0910524169307725	0.205071996198943	0.5562981871888	5	2	3	3	2	0.614246	2	2	0.385754	5	2	3
13	89599462	114169993	4	2	2	2	d	3	2	1.67	0.0440642066437	0.243249411683	NA	NA	NA	2	2	0.53798947964337	3	2	0.46201052035663	0.00501897032854015	0.00510969877679062	0.527807026475567	0.548195970578851	4	2	2	2	2	1	NA	NA	NA	4	2	2
14	1	16099999	3	2	1	1	g	NA	NA	NA	NA	NA	NA	NA	NA	NA	NA	NA	NA	NA	NA	NA	NA	NA	NA	NA	NA	NA	NA	NA	NA	NA	NA	NA	3	1	2
14	16100000	19099999	3	2	1	1	g	NA	NA	NA	NA	NA	NA	NA	NA	NA	NA	NA	NA	NA	NA	NA	NA	NA	NA	NA	NA	NA	NA	NA	NA	NA	NA	NA	3	1	2
14	19100000	29177803	3	2	1	2	d	3	2	2	0.0621140223741	0.303795397148	NA	NA	NA	2	1	0.872787812442985	2	2	0.127212187557015	0.00603219584123643	0.00594003809295241	0.854684547444426	0.877997707134695	3	1	2	2	1	1	NA	NA	NA	3	1	2
14	29177804	29200658	4	3	1	2	d	2	NA	NA	NA	NA	NA	NA	NA	3	1	1	NA	NA	NA	NA	NA	NA	NA	NA	NA	NA	2	1	1	NA	NA	NA	4	1	3
14	29200659	35019656	3	2	1	2	d	3	2	1.18	0.0615877958305	0.207861752048	NA	NA	NA	2	1	0.886215317249802	2	2	0.113784682750198	0.00672692033770494	0.00690592065371439	0.8563154208507	0.883555656585972	3	1	2	2	1	1	NA	NA	NA	3	1	2
14	35019657	35019696	3	2	1	2	d	2	NA	NA	NA	NA	NA	NA	NA	NA	NA	NA	NA	NA	NA	NA	NA	NA	NA	NA	NA	NA	2	1	1	NA	NA	NA	3	1	2
14	35019697	35032141	2	1	1	2	d	3	NA	NA	NA	NA	NA	NA	NA	NA	NA	NA	NA	NA	NA	NA	NA	NA	NA	2	1	1	1	1	1	NA	NA	NA	2	1	1
14	35032142	36538466	2	1	1	2	d	4	1.18	1.18	0.0443528813016	0.182045733437	NA	NA	NA	1	1	1	NA	NA	NA	NA	NA	NA	NA	2	1	1	1	1	1	NA	NA	NA	2	1	1
14	36538467	36811377	3	2	1	2	d	4	2	1	0.0567455714325	0.202013531997	NA	NA	NA	2	1	0.876755627568439	2	2	0.123244372431561	0.0260576653934042	0.02569168908678	0.828696595079994	0.928376456738691	3	1	2	2	1	1	NA	NA	NA	3	1	2
14	36811378	36811408	3	2	1	2	d	3	2	1	0.05	0.1	NA	NA	NA	2	1	0.876755627568439	2	2	0.123244372431561	0.0260576653934042	0.02569168908678	0.828696595079994	0.928376456738691	NA	NA	NA	2	1	1	NA	NA	NA	3	1	2
14	36811409	36836676	3	2	1	2	d	4	2	1	0.05	0.1	NA	NA	NA	2	1	0.876755627568439	2	2	0.123244372431561	0.0260576653934042	0.02569168908678	0.828696595079994	0.928376456738691	3	1	2	2	1	1	NA	NA	NA	3	1	2
14	36836677	36937608	2	1	1	2	d	4	1.18	1.18	0.0425500946166	0.0862695839181	NA	NA	NA	1	1	1	NA	NA	NA	NA	NA	NA	NA	2	1	1	1	1	1	NA	NA	NA	2	1	1
14	36937609	37453904	3	2	1	2	d	3	2.09	1	0.0576749089614	0.191338013052	NA	NA	NA	2	1	0.897724607084211	2	2	0.102275392915789	0.0165407557546617	0.0163601069455123	0.854623984605227	0.917746414942239	3	1	2	2	1	1	NA	NA	NA	3	1	2
14	37453905	39907407	2	1	1	2	d	4	1.18	1.18	0.0432908418195	0.205967343437	NA	NA	NA	1	1	1	NA	NA	NA	NA	NA	NA	NA	2	1	1	1	1	1	NA	NA	NA	2	1	1
14	39907408	106368400	3	2	1	2	d	4	2	1	0.0625367249697	0.233895269053	NA	NA	NA	2	1	0.877567764828341	2	2	0.122432235171659	0.00215399676113687	0.00214187285401438	0.873411785011596	0.881765032925139	3	1	2	2	1	1	NA	NA	NA	3	1	2
15	1	15799999	4	2	2	1	g	NA	NA	NA	NA	NA	NA	NA	NA	NA	NA	NA	NA	NA	NA	NA	NA	NA	NA	NA	NA	NA	NA	NA	NA	NA	NA	NA	4	2	2
15	15800000	20699999	4	2	2	2	d	4	1.85	1.85	0.05	1.02056834246	NA	NA	NA	2	2	1	NA	NA	NA	NA	NA	NA	NA	4	2	2	2	2	1	NA	NA	NA	4	2	2
15	20700000	27541598	4	2	2	3	b	5	2	2	0.0356911514973	0.460727891675	NA	NA	NA	2	2	1	NA	NA	NA	NA	NA	NA	NA	4	2	2	2	2	1	NA	NA	NA	4	2	2
15	27541599	28479987	3	2	1	2	d	3	2	2	0.0720322993259	0.194881039019	NA	NA	NA	2	1	0.862519720531893	2	2	0.137480279468107	0.0201445826176326	0.0204094316156466	0.806265185424401	0.884068977806544	3	1	2	2	1	1	NA	NA	NA	3	1	2
15	28479988	36436262	4	2	2	2	d	4	1.91	1.91	0.035559041997	0.37837785817	NA	NA	NA	2	2	1	NA	NA	NA	NA	NA	NA	NA	4	2	2	2	2	1	NA	NA	NA	4	2	2
15	36436263	59265002	4	2	2	2	d	2	1.91	1.53	0.0490903702416	0.2230990428	NA	NA	NA	2	1	0.39687071045234	2	2	0.60312928954766	0.00330739332931393	0.00332574525338162	0.390355549922692	0.403179576939661	4	2	2	2	2	1	NA	NA	NA	3	1	2
15	59265003	59266747	4	2	2	2	e	3	1.91	1.53	0.05	0.1	NA	NA	NA	2	1	0.39687071045234	2	2	0.60312928954766	0.00330739332931393	0.00332574525338162	0.390355549922692	0.403179576939661	NA	NA	NA	2	2	1	NA	NA	NA	3	1	2
15	59266748	69255065	3	2	1	2	d	2	1.91	1.53	0.0491708674338	0.221715697528	NA	NA	NA	2	1	0.39687071045234	2	2	0.60312928954766	0.00330739332931393	0.00332574525338162	0.390355549922692	0.403179576939661	3	1	2	2	2	1	NA	NA	NA	3	1	2
15	69255066	69257053	4	2	2	2	e	3	1.91	1.53	0.05	0.1	NA	NA	NA	2	1	0.39687071045234	2	2	0.60312928954766	0.00330739332931393	0.00332574525338162	0.390355549922692	0.403179576939661	NA	NA	NA	2	2	1	NA	NA	NA	3	1	2
15	69257054	78929988	3	2	1	2	d	2	1.91	1.53	0.0508675038442	0.230257145489	NA	NA	NA	2	1	0.39687071045234	2	2	0.60312928954766	0.00330739332931393	0.00332574525338162	0.390355549922692	0.403179576939661	3	1	2	2	2	1	NA	NA	NA	3	1	2
15	78929989	100377335	4	2	2	2	d	2	2.26	1.53	0.0545473600232	0.247389985174	NA	NA	NA	2	1	0.68546254702804	2	2	0.31453745297196	0.00315531846054984	0.00308305643079852	0.679259182044378	0.69149672343947	4	2	2	2	2	0.298047	2	1	0.701953	4	2	2
15	100377336	102438023	4	2	2	2	d	2	NA	NA	NA	NA	NA	NA	NA	2	1	0.68546254702804	2	2	0.31453745297196	0.00315531846054984	0.00308305643079852	0.679259182044378	0.69149672343947	4	2	2	2	2	0.298047	2	1	0.701953	4	2	2
16	85065	14988453	2	2	0	3	b	5	2	0	0.0402642814163	0.20019427534	NA	NA	NA	2	0	1	NA	NA	NA	NA	NA	NA	NA	2	0	2	2	0	1	NA	NA	NA	2	0	2
16	14988454	15148598	2	2	0	2	d	4	2	0	0.05	0.76398616502	NA	NA	NA	3	0	1	NA	NA	NA	NA	NA	NA	NA	2	0	2	2	0	1	NA	NA	NA	2	0	2
16	15148599	34599999	2	2	0	3	b	5	2	0	0.0407515012866	0.342061516586	NA	NA	NA	2	0	1	NA	NA	NA	NA	NA	NA	NA	2	0	2	2	0	1	NA	NA	NA	2	0	2
16	34600000	38599999	NA	NA	NA	NA	NA	NA	2	0	0.05	0.171860253404	NA	NA	NA	2	0	1	NA	NA	NA	NA	NA	NA	NA	2	0	2	2	0	1	NA	NA	NA	3	0	3
16	38600000	46447499	3	3	0	1	g	NA	NA	NA	NA	NA	NA	NA	NA	NA	NA	NA	NA	NA	NA	NA	NA	NA	NA	NA	NA	NA	2	0	1	NA	NA	NA	3	0	3
16	46447500	47168878	4	2	2	2	d	4	2.33	2.33	0.05	0.36329567023	NA	NA	NA	2	2	1	NA	NA	NA	NA	NA	NA	NA	4	2	2	2	2	1	NA	NA	NA	4	2	2
16	47168879	47171739	2	2	0	1	g	NA	2.33	2.33	0.05	0.1	NA	NA	NA	3	0	1	NA	NA	NA	NA	NA	NA	NA	3	1	2	2	0	1	NA	NA	NA	2	0	2
16	47171740	47183643	2	2	0	2	d	2	2.33	2.33	0.05	0.1	NA	NA	NA	NA	NA	NA	NA	NA	NA	NA	NA	NA	NA	NA	NA	NA	2	0	1	NA	NA	NA	2	0	2
16	47183644	47187993	2	2	0	2	d	3	2.33	2.33	0.05	0.1	NA	NA	NA	2	0	1	NA	NA	NA	NA	NA	NA	NA	NA	NA	NA	2	0	1	NA	NA	NA	2	0	2
16	47187994	47219759	4	2	2	2	d	2	2.33	2.33	0.05	0.1	NA	NA	NA	2	2	1	NA	NA	NA	NA	NA	NA	NA	NA	NA	NA	2	0	1	NA	NA	NA	4	2	2
16	47219760	88827200	2	2	0	2	d	4	2.21	0	0.0387274621067	0.17012409502	NA	NA	NA	2	0	1	NA	NA	NA	NA	NA	NA	NA	2	0	2	2	0	1	NA	NA	NA	2	0	2
16	88827201	90354752	2	2	0	2	d	4	NA	NA	NA	NA	NA	NA	NA	2	0	1	NA	NA	NA	NA	NA	NA	NA	2	0	2	2	0	1	NA	NA	NA	2	0	2
17	12500	22199999	3	2	1	2	d	3	2.09	1.26	0.0634523863582	0.268370343888	NA	NA	NA	2	1	0.841131834375267	2	2	0.158868165624733	0.00400231974787529	0.00395407584314211	0.833460395434155	0.848716736228874	3	1	2	2	1	1	NA	NA	NA	3	1	2
17	22200000	25799999	3	2	1	2	d	2	2.09	1.26	0.0591152906698	0.197060999337	NA	NA	NA	NA	NA	NA	NA	NA	NA	NA	NA	NA	NA	3	1	2	2	2	0.161405	2	1	0.838595	3	1	2
17	25800000	36521453	3	2	1	2	d	3	2	1.18	0.0661351784583	0.306467232678	NA	NA	NA	2	1	0.841120809974323	2	2	0.158879190025677	0.00267312205071535	0.00264491511893387	0.835895152245749	0.84653683629685	3	1	2	2	1	1	NA	NA	NA	3	1	2
17	36521454	78774600	3	2	1	2	d	3	2	1.18	0.0654991293404	0.230300091262	NA	NA	NA	2	1	0.841120809974323	2	2	0.158879190025677	0.00267312205071535	0.00264491511893387	0.835895152245749	0.84653683629685	3	1	2	2	1	1	NA	NA	NA	3	1	2
17	78774601	81195209	3	2	1	2	d	3	NA	NA	NA	NA	NA	NA	NA	2	1	0.841120809974323	2	2	0.158879190025677	0.00267312205071535	0.00264491511893387	0.835895152245749	0.84653683629685	3	1	2	2	1	1	NA	NA	NA	3	1	2
18	27500	80030	2	2	0	2	d	3	2.21	0	0.05	0.1	NA	NA	NA	NA	NA	NA	NA	NA	NA	NA	NA	NA	NA	2	0	2	2	0	1	NA	NA	NA	2	0	2
18	80031	14119956	2	2	0	2	d	4	2.21	0	0.0370693000247	0.180288255965	NA	NA	NA	2	0	1	NA	NA	NA	NA	NA	NA	NA	2	0	2	2	0	1	NA	NA	NA	2	0	2
18	14119957	14931081	3	3	0	1	g	NA	5	0	0.05	0.446229626928	NA	NA	NA	1	1	1	NA	NA	NA	NA	NA	NA	NA	NA	NA	NA	3	0	1	NA	NA	NA	3	0	3
18	14931082	18999999	NA	NA	NA	NA	NA	NA	2.26	0	0.05	0.314572100792	NA	NA	NA	2	0	1	NA	NA	NA	NA	NA	NA	NA	2	0	2	2	0	1	NA	NA	NA	3	0	3
18	19000000	44688487	2	2	0	2	d	4	2.26	0	0.0362688336886	0.156141592996	NA	NA	NA	2	0	1	NA	NA	NA	NA	NA	NA	NA	2	0	2	2	0	1	NA	NA	NA	2	0	2
18	44688488	45038152	2	2	0	2	d	4	2.26	0	0.0411489423455	0.188930517042	NA	NA	NA	2	0	1	NA	NA	NA	NA	NA	NA	NA	2	0	2	2	0	1	NA	NA	NA	2	0	2
18	45038153	56518453	2	2	0	2	d	4	2.26	0	0.0365450708581	0.163704397143	NA	NA	NA	2	0	1	NA	NA	NA	NA	NA	NA	NA	2	0	2	2	0	1	NA	NA	NA	2	0	2
18	56518454	56521592	2	2	0	2	d	2	2.26	0	0.05	0.1	NA	NA	NA	1	0	1	NA	NA	NA	NA	NA	NA	NA	NA	NA	NA	2	0	1	NA	NA	NA	2	0	2
18	56521593	65832099	2	2	0	2	d	4	2.26	0	0.0333718871411	0.172630581604	NA	NA	NA	2	0	1	NA	NA	NA	NA	NA	NA	NA	2	0	2	2	0	1	NA	NA	NA	2	0	2
18	65832100	65849967	2	2	0	2	d	3	2.26	0	0.05	0.1	NA	NA	NA	2	0	1	NA	NA	NA	NA	NA	NA	NA	NA	NA	NA	2	0	1	NA	NA	NA	2	0	2
18	65849968	76117000	2	2	0	2	d	4	2.26	0	0.0347835015659	0.189841358765	NA	NA	NA	2	0	1	NA	NA	NA	NA	NA	NA	NA	2	0	2	2	0	1	NA	NA	NA	2	0	2
18	76117001	78077247	2	2	0	2	d	4	NA	NA	NA	NA	NA	NA	NA	2	0	1	NA	NA	NA	NA	NA	NA	NA	2	0	2	2	0	1	NA	NA	NA	2	0	2
19	108847	24399999	4	2	2	3	b	5	2	2	0.0404045733224	0.329568340608	NA	NA	NA	2	2	1	NA	NA	NA	NA	NA	NA	NA	4	2	2	2	2	1	NA	NA	NA	4	2	2
19	24400000	28599999	4	2	2	2	d	4	2	2	0.0420014964059	0.581079694661	NA	NA	NA	2	2	1	NA	NA	NA	NA	NA	NA	NA	NA	NA	NA	2	2	1	NA	NA	NA	4	2	2
19	28600000	59128982	4	2	2	3	b	5	2	2	0.042234672165	0.430132442624	NA	NA	NA	2	2	1	NA	NA	NA	NA	NA	NA	NA	4	2	2	2	2	1	NA	NA	NA	4	2	2
20	17500	2224826	4	2	2	2	f	1	2.82	1.48	0.0520816963551	0.272899947996	NA	NA	NA	NA	NA	NA	NA	NA	NA	NA	NA	NA	NA	5	2	3	4	2	1	NA	NA	NA	NA	NA	NA
20	2224827	3051648	4	4	0	2	d	2	2.82	0	0.0233054681096	0.206805621494	NA	NA	NA	NA	NA	NA	NA	NA	NA	NA	NA	NA	NA	4	0	4	4	0	1	NA	NA	NA	NA	NA	NA
20	3051649	3053946	4	2	2	2	f	1	2.74	1.48	0.05	0.1	NA	NA	NA	NA	NA	NA	NA	NA	NA	NA	NA	NA	NA	NA	NA	NA	4	2	1	NA	NA	NA	NA	NA	NA
20	3053947	19972726	6	4	2	2	d	2	2.74	1.33	0.048905715827	0.271109353858	NA	NA	NA	NA	NA	NA	NA	NA	NA	NA	NA	NA	NA	6	2	4	4	2	1	NA	NA	NA	5	2	3
20	19972727	20563577	6	4	2	2	d	2	2.74	1.33	0.0469003517093	0.272986976229	NA	NA	NA	3	2	0.386398478288667	4	2	0.613601521711333	0.0978934105566908	0.0949060902271557	0.13993259773962	0.530468250906293	6	2	4	4	2	1	NA	NA	NA	5	2	3
20	20563578	25599999	5	3	2	1	g	NA	2.74	1.33	0.0530972978634	0.282516133422	NA	NA	NA	4	2	1	NA	NA	NA	NA	NA	NA	NA	5	2	3	4	2	1	NA	NA	NA	5	2	3
20	25600000	29399999	NA	NA	NA	NA	NA	NA	2.74	1.33	0.0302221542318	0.337306933464	NA	NA	NA	3	2	0.232345505251917	4	2	0.767654494748083	0.0772156002920109	0.0766922471094692	0.106699614872074	0.408297242179244	6	2	4	4	2	1	NA	NA	NA	4	2	2
20	29400000	33924526	4	2	2	2	d	3	1.4	1.4	0.0471421548066	0.294244493009	NA	NA	NA	2	1	0.216692146537567	2	2	0.783307853462433	0.0113121632977224	0.0112245384371621	0.197668574750471	0.240633117472035	4	2	2	2	2	1	NA	NA	NA	4	2	2
20	33924527	34769421	4	2	2	2	d	4	1.4	1.4	0.0311783715941	0.159819339579	NA	NA	NA	2	2	1	NA	NA	NA	NA	NA	NA	NA	4	2	2	2	2	1	NA	NA	NA	4	2	2
20	34769422	36392294	3	2	1	2	d	2	1.4	1.4	0.0398231958979	0.209217102372	NA	NA	NA	2	1	0.361153577562617	2	2	0.638846422437383	0.0276708150596078	0.0272632305880175	0.259056533817872	0.36500955632383	3	1	2	2	2	1	NA	NA	NA	3	1	2
20	36392295	36510029	4	2	2	2	d	3	1.4	1.4	0.037426006715	0.171400407985	NA	NA	NA	2	2	1	NA	NA	NA	NA	NA	NA	NA	4	2	2	2	2	1	NA	NA	NA	3	1	2
20	36510030	37131526	3	2	1	2	d	2	1.4	1.4	0.0467801977827	0.25499535883	NA	NA	NA	2	1	0.355143800604743	2	2	0.644856199395257	0.0444001591570118	0.0464933406526903	0.203539684588642	0.375672514452357	3	1	2	2	2	1	NA	NA	NA	3	1	2
20	37131527	49902370	2	2	0	2	d	4	1	0	0.0415003515543	0.0948141265972	NA	NA	NA	2	0	1	NA	NA	NA	NA	NA	NA	NA	2	0	2	2	0	1	NA	NA	NA	2	0	2
20	49902371	49912603	2	2	0	2	d	2	1.44	1.33	0.05	0.1	NA	NA	NA	2	0	1	NA	NA	NA	NA	NA	NA	NA	NA	NA	NA	2	2	1	NA	NA	NA	2	0	2
20	49912604	49913550	2	2	0	2	d	3	1.44	1.33	0.05	0.1	NA	NA	NA	2	0	1	NA	NA	NA	NA	NA	NA	NA	2	0	2	2	2	1	NA	NA	NA	2	0	2
20	49913551	50713452	3	2	1	2	d	2	1.44	1.33	0.0458852599499	0.175488850631	NA	NA	NA	2	1	0.299241535694734	2	2	0.700758464305266	0.0269736476979789	0.0276196764218527	0.215094209711989	0.32170103594963	3	1	2	2	2	1	NA	NA	NA	3	1	2
20	50713453	51988478	5	3	2	2	d	3	2.15	1.33	0.0533091337902	0.228571524681	NA	NA	NA	3	2	0.710959538545751	4	2	0.289040461454249	0.0295563406698482	0.0281016588514781	0.709429389612303	0.820258699819331	5	2	3	3	2	1	NA	NA	NA	5	2	3
20	51988479	52221454	8	6	2	2	d	2	4.56	1	0.05	0.34368980107	NA	NA	NA	6	2	0.500293944738407	7	2	0.499706055261593	0.199804940193745	0.186334100188175	0.262841148509902	1.01203904804073	8	2	6	7	2	1	NA	NA	NA	8	2	6
20	52221455	52548094	5	3	2	2	d	2	2.15	1.4	0.0524129745677	0.401023913685	NA	NA	NA	3	2	0.842107833590324	4	2	0.157892166409676	0.0718185935552017	0.0713950713327926	0.698243683007702	0.985734446273705	5	2	3	4	2	0.287891	3	2	0.712109	5	2	3
20	52548095	52921108	11	9	2	1	g	NA	6.6	1.4	0.0259689288179	0.447408954581	NA	NA	NA	10	2	1	NA	NA	NA	NA	NA	NA	NA	8	1	7	10	2	1	NA	NA	NA	11	2	9
20	52921109	53539876	8	6	2	1	g	NA	4.6	1.26	0.0325429035506	0.540815734262	NA	NA	NA	7	2	1	NA	NA	NA	NA	NA	NA	NA	8	2	6	7	2	1	NA	NA	NA	8	2	6
20	53539877	53956958	2	2	0	2	d	4	1	0	0.05	0.130724406251	NA	NA	NA	2	0	1	NA	NA	NA	NA	NA	NA	NA	2	0	2	2	0	1	NA	NA	NA	2	0	2
20	53956959	55017435	8	6	2	1	g	NA	4.6	1.4	0.0378151293107	0.375422266523	NA	NA	NA	7	2	1	NA	NA	NA	NA	NA	NA	NA	8	2	6	7	2	1	NA	NA	NA	8	2	6
20	55017436	55879926	14	13	1	1	g	NA	19	1.4	0.0248043501326	0.708508521489	NA	NA	NA	13	2	1	NA	NA	NA	NA	NA	NA	NA	8	1	7	14	2	1	NA	NA	NA	14	1	13
20	55879927	55964333	27	25	2	2	f	1	25	1.44	0.05	0.683685637927	NA	NA	NA	NA	NA	NA	NA	NA	NA	NA	NA	NA	NA	NA	NA	NA	17	2	1	NA	NA	NA	14	1	13
20	55964334	56459901	17	16	1	1	g	NA	25	1.44	0.0184179178357	0.891332007221	NA	NA	NA	17	2	1	NA	NA	NA	NA	NA	NA	NA	8	1	7	17	2	1	NA	NA	NA	17	1	16
20	56459902	57337616	15	14	1	1	g	NA	21	1.4	0.0210611271249	0.73996491457	NA	NA	NA	15	2	1	NA	NA	NA	NA	NA	NA	NA	8	1	7	15	2	1	NA	NA	NA	15	1	14
20	57337617	57596950	17	16	1	1	g	NA	23	1	0.0223009168651	0.867361047396	NA	NA	NA	17	2	1	NA	NA	NA	NA	NA	NA	NA	8	1	7	17	2	1	NA	NA	NA	17	1	16
20	57596951	57859936	14	13	1	1	g	NA	18	1	0.024606205597	0.578888285444	NA	NA	NA	13	2	1	NA	NA	NA	NA	NA	NA	NA	8	1	7	13	2	1	NA	NA	NA	14	1	13
20	57859937	60334097	2	2	0	2	d	4	1.4	0	0.0415952600982	0.115602830717	NA	NA	NA	2	0	1	NA	NA	NA	NA	NA	NA	NA	2	0	2	2	0	1	NA	NA	NA	2	0	2
20	60334098	60380668	14	13	1	1	g	NA	20	1.44	0.05	0.1	NA	NA	NA	13	2	1	NA	NA	NA	NA	NA	NA	NA	8	1	7	14	2	1	NA	NA	NA	14	1	13
20	60380669	60453501	22	20	2	2	f	1	20	1.44	0.05	0.718694102969	NA	NA	NA	13	2	1	NA	NA	NA	NA	NA	NA	NA	8	1	7	14	2	1	NA	NA	NA	14	1	13
20	60453502	61521966	4	2	2	2	e	0	4.6	1.33	0.0308322691846	0.452413576319	NA	NA	NA	7	2	1	NA	NA	NA	NA	NA	NA	NA	7	2	5	7	2	1	NA	NA	NA	8	2	6
20	61521967	61528818	6	4	2	2	f	1	4.6	1.33	0.05	0.1	NA	NA	NA	7	4	1	NA	NA	NA	NA	NA	NA	NA	8	3	5	7	2	1	NA	NA	NA	9	3	6
20	61528819	62385800	8	6	2	1	g	NA	4.6	1.33	0.0519178566603	0.42161162856	NA	NA	NA	7	2	1	NA	NA	NA	NA	NA	NA	NA	7	2	5	7	2	1	NA	NA	NA	8	2	6
21	1	10899999	NA	NA	NA	NA	NA	NA	2	1	0.05	0.655723994649	NA	NA	NA	NA	NA	NA	NA	NA	NA	NA	NA	NA	NA	NA	NA	NA	3	1	0.950714	2	1	0.0492863	NA	NA	NA
21	10900000	15274696	3	2	1	2	d	3	2	1	0.05	0.463901017354	NA	NA	NA	NA	NA	NA	NA	NA	NA	NA	NA	NA	NA	3	1	2	2	1	1	NA	NA	NA	NA	NA	NA
21	15274697	46937500	3	2	1	2	d	4	2	1	0.0614675787456	0.221717326255	NA	NA	NA	2	1	1	NA	NA	NA	NA	NA	NA	NA	3	1	2	2	1	1	NA	NA	NA	NA	NA	NA
21	46937501	48129894	3	2	1	2	d	3	NA	NA	NA	NA	NA	NA	NA	2	1	1	NA	NA	NA	NA	NA	NA	NA	3	1	2	2	1	1	NA	NA	NA	NA	NA	NA
22	1	12199999	3	2	1	1	g	NA	NA	NA	NA	NA	NA	NA	NA	NA	NA	NA	NA	NA	NA	NA	NA	NA	NA	NA	NA	NA	NA	NA	NA	NA	NA	NA	3	1	2
22	12200000	17899999	3	2	1	2	d	3	2.09	1.33	0.0647663410374	0.308671316502	NA	NA	NA	2	1	0.811178691548376	2	2	0.188821308451624	0.00459389689045325	0.00461023471837802	0.801921190423303	0.820421236109863	3	1	2	2	1	1	NA	NA	NA	3	1	2
22	17900000	38578507	3	2	1	2	d	2	2.09	1.33	0.0648467294968	0.267665804867	NA	NA	NA	2	1	0.811178691548376	2	2	0.188821308451624	0.00459389689045325	0.00461023471837802	0.801921190423303	0.820421236109863	3	1	2	2	2	0.158302	2	1	0.841698	3	1	2
22	38578508	38582142	3	2	1	2	d	2	2.09	1.33	0.05	0.1	NA	NA	NA	NA	NA	NA	NA	NA	NA	NA	NA	NA	NA	3	1	2	2	2	0.158302	2	1	0.841698	3	1	2
22	38582143	49641400	3	2	1	2	d	2	2.09	1.33	0.0650167943723	0.251226576843	NA	NA	NA	2	1	0.771015006916406	2	2	0.228984993083594	0.00594993133880878	0.00606210390674202	0.758893691060432	0.78227597461014	3	1	2	2	2	0.158302	2	1	0.841698	3	1	2
22	49641401	51304565	3	2	1	2	d	2	2.09	1.33	0.0653953432218	0.1	NA	NA	NA	2	1	0.771015006916406	2	2	0.228984993083594	0.00594993133880878	0.00606210390674202	0.758893691060432	0.78227597461014	3	1	2	2	2	0.172539	2	1	0.827461	3	1	2
X	1	27241201	3	2	1	2	d	2	1	1	0.0510481283136	0.394221672459	NA	NA	NA	2	1	0.34911512497719	2	2	0.65088487502281	0.00547408394021923	0.00550691027191438	0.308263291037133	0.330322894395333	3	1	2	NA	NA	NA	NA	NA	NA	3	1	2
X	27241202	27303900	4	2	2	1	g	NA	1	1	0.05	0.1	NA	NA	NA	NA	NA	NA	NA	NA	NA	NA	NA	NA	NA	NA	NA	NA	NA	NA	NA	NA	NA	NA	4	2	2
X	27303901	34664477	4	2	2	2	d	2	1	1	0.0381855303188	0.275042011698	NA	NA	NA	2	1	0.0953983880031829	2	2	0.904601611996817	0.00912820093479737	0.00916439160099219	0.0771529822436237	0.112762473602506	4	2	2	NA	NA	NA	NA	NA	NA	4	2	2
X	34664478	37683774	4	2	2	2	d	2	1	1	0.0409112171646	0.256407284032	NA	NA	NA	2	1	0.0953983880031829	2	2	0.904601611996817	0.00912820093479737	0.00916439160099219	0.0771529822436237	0.112762473602506	4	2	2	NA	NA	NA	NA	NA	NA	4	2	2
X	37683775	41519548	3	2	1	2	d	2	1	1	0.0442299793706	0.229474112521	NA	NA	NA	2	1	0.135707205908163	2	2	0.864292794091837	0.00887877865344622	0.00900502195460888	0.117127332581807	0.152141073384443	3	1	2	NA	NA	NA	NA	NA	NA	3	1	2
X	41519549	42058768	3	2	1	2	d	2	1	1	0.0442146582084	0.1	NA	NA	NA	2	1	0.135707205908163	2	2	0.864292794091837	0.00887877865344622	0.00900502195460888	0.117127332581807	0.152141073384443	3	1	2	NA	NA	NA	NA	NA	NA	3	1	2
X	42058769	48503896	3	2	1	1	g	NA	1	1	0.0415510778996	0.241474111153	NA	NA	NA	2	1	0.135707205908163	2	2	0.864292794091837	0.00887877865344622	0.00900502195460888	0.117127332581807	0.152141073384443	4	2	2	NA	NA	NA	NA	NA	NA	3	1	2
X	48503897	49821379	3	2	1	2	d	2	1	1	0.05	0.237449762964	NA	NA	NA	2	1	0.135707205908163	2	2	0.864292794091837	0.00887877865344622	0.00900502195460888	0.117127332581807	0.152141073384443	3	1	2	NA	NA	NA	NA	NA	NA	3	1	2
X	49821380	50385867	3	2	1	1	g	NA	1	1	0.0442035758444	0.265383973052	NA	NA	NA	2	1	0.135707205908163	2	2	0.864292794091837	0.00887877865344622	0.00900502195460888	0.117127332581807	0.152141073384443	4	2	2	NA	NA	NA	NA	NA	NA	3	1	2
X	50385868	55142982	3	2	1	2	d	2	1	1	0.0428931009844	0.245323477504	NA	NA	NA	2	1	0.135707205908163	2	2	0.864292794091837	0.00887877865344622	0.00900502195460888	0.117127332581807	0.152141073384443	3	1	2	NA	NA	NA	NA	NA	NA	3	1	2
X	55142983	57466830	4	2	2	2	d	2	1	1	0.0373087328477	0.28484038632	NA	NA	NA	2	1	0.135707205908163	2	2	0.864292794091837	0.00887877865344622	0.00900502195460888	0.117127332581807	0.152141073384443	4	2	2	NA	NA	NA	NA	NA	NA	4	2	2
X	57466831	58099999	4	2	2	2	d	2	1	1	0.05	0.324529116788	NA	NA	NA	2	1	0.135707205908163	2	2	0.864292794091837	0.00887877865344622	0.00900502195460888	0.117127332581807	0.152141073384443	4	2	2	NA	NA	NA	NA	NA	NA	4	2	2
X	58100000	62999999	4	2	2	2	d	2	1	1	0.036446312182	0.543857564855	NA	NA	NA	NA	NA	NA	NA	NA	NA	NA	NA	NA	NA	4	2	2	NA	NA	NA	NA	NA	NA	4	2	2
X	63000000	81180708	4	2	2	2	d	2	1	1	0.0394505470719	0.265982895934	NA	NA	NA	2	1	0.0974274767378222	2	2	0.902572523262178	0.00727071896037756	0.00709082862784436	0.0873739253393649	0.115158296706128	4	2	2	NA	NA	NA	NA	NA	NA	4	2	2
X	81180709	84735480	4	2	2	2	d	2	1	1	0.03794290674	0.267817272281	NA	NA	NA	2	1	0.0974274767378222	2	2	0.902572523262178	0.00727071896037756	0.00709082862784436	0.0873739253393649	0.115158296706128	4	2	2	NA	NA	NA	NA	NA	NA	4	2	2
X	84735481	93970880	4	2	2	2	d	2	1	1	0.045652507728	0.262513896693	NA	NA	NA	NA	NA	NA	NA	NA	NA	NA	NA	NA	NA	4	2	2	NA	NA	NA	NA	NA	NA	4	2	2
X	93970881	96159404	4	2	2	2	d	3	1	1	0.0412392182575	0.335952765474	NA	NA	NA	2	2	1	NA	NA	NA	NA	NA	NA	NA	4	2	2	NA	NA	NA	NA	NA	NA	4	2	2
X	96159405	96160047	4	2	2	2	d	2	1	1	0.05	0.1	NA	NA	NA	2	2	1	NA	NA	NA	NA	NA	NA	NA	NA	NA	NA	NA	NA	NA	NA	NA	NA	4	2	2
X	96160048	122387660	4	2	2	2	d	3	1	1	0.037546860683	0.397238897345	NA	NA	NA	2	2	1	NA	NA	NA	NA	NA	NA	NA	4	2	2	NA	NA	NA	NA	NA	NA	4	2	2
X	122387661	124979649	4	2	2	2	d	3	1	1	0.041972919484	0.24232606154	NA	NA	NA	2	2	1	NA	NA	NA	NA	NA	NA	NA	4	2	2	NA	NA	NA	NA	NA	NA	4	2	2
X	124979650	128421999	4	2	2	2	d	3	1	1	0.0376961071108	0.247697160188	NA	NA	NA	2	2	1	NA	NA	NA	NA	NA	NA	NA	4	2	2	NA	NA	NA	NA	NA	NA	4	2	2
X	128422000	128467230	5	3	2	1	g	NA	1	1	0.05	0.1	NA	NA	NA	4	2	1	NA	NA	NA	NA	NA	NA	NA	6	2	4	NA	NA	NA	NA	NA	NA	5	2	3
X	128467231	154913600	4	2	2	2	d	3	1	1	0.0381638674083	0.278347490705	NA	NA	NA	2	2	1	NA	NA	NA	NA	NA	NA	NA	4	2	2	NA	NA	NA	NA	NA	NA	4	2	2
