chromosome	start	end	total_cn	major_cn	minor_cn	star	level	methods_agree	absolute_broad_major_cn	absolute_broad_minor_cn	absolute_broad_het_error	absolute_broad_cov_error	aceseq_copy_number	aceseq_minor_cn	aceseq_major_cn	battenberg_nMaj1_A	battenberg_nMin1_A	battenberg_frac1_A	battenberg_nMaj2_A	battenberg_nMin2_A	battenberg_frac2_A	battenberg_SDfrac_A	battenberg_SDfrac_A_BS	battenberg_frac1_A_0.025	battenberg_frac1_A_0.975	clonehd_copy_number	clonehd_minor_cn	clonehd_major_cn	sclust_nMaj1_A	sclust_nMin1_A	sclust_frac1_A	sclust_nMaj2_A	sclust_nMin2_A	sclust_frac2_A	jabba_copy_number	jabba_minor_cn	jabba_major_cn
1	1	121499999	2	1	1	3	b	5	1	1	0.0588553255521	0.101338322155	2	1	1	1	1	1	NA	NA	NA	NA	NA	NA	NA	2	1	1	1	1	1	NA	NA	NA	NA	NA	NA
1	121500000	128899999	2	1	1	2	d	3	1	1	0.05	0.1	2	1	1	1	1	1	NA	NA	NA	NA	NA	NA	NA	NA	NA	NA	NA	NA	NA	NA	NA	NA	NA	NA	NA
1	128900000	249250620	2	1	1	3	b	5	1	1	0.059067039338	0.0902671778206	2	1	1	1	1	1	NA	NA	NA	NA	NA	NA	NA	2	1	1	1	1	1	NA	NA	NA	NA	NA	NA
2	55259	10842119	2	1	1	2	d	3	1	1	0.0624645369374	0.0940987765093	2.137567	1.068783718	1.0687837	1	1	0.92417497625831	2	1	0.0758250237416898	0.00733015039590079	0.00710568213285997	0.915746436778503	0.94382135795065	2	1	1	1	1	1	NA	NA	NA	NA	NA	NA
2	10842120	10843498	2	1	1	2	d	2	1	1	0.05	0.1	2.137567	1.068783718	1.0687837	NA	NA	NA	NA	NA	NA	NA	NA	NA	NA	NA	NA	NA	1	1	1	NA	NA	NA	NA	NA	NA
2	10843499	90499999	2	1	1	3	b	5	1	1	0.0600530858531	0.0865910463555	2	1	1	1	1	1	NA	NA	NA	NA	NA	NA	NA	2	1	1	1	1	1	NA	NA	NA	NA	NA	NA
2	90500000	96799999	2	1	1	2	d	4	1	1	0.066154334406	0.141707265246	2.136141	1.068070362	1.0680704	1	1	1	NA	NA	NA	NA	NA	NA	NA	2	1	1	1	1	1	NA	NA	NA	NA	NA	NA
2	96800000	242955595	2	1	1	3	b	5	1	1	0.0585576851301	0.0927656682069	2	1	1	1	1	1	NA	NA	NA	NA	NA	NA	NA	2	1	1	1	1	1	NA	NA	NA	NA	NA	NA
3	100074	87899999	2	1	1	3	b	5	1	1	0.0581165929517	0.0871613147032	2	1	1	1	1	1	NA	NA	NA	NA	NA	NA	NA	2	1	1	1	1	1	NA	NA	NA	NA	NA	NA
3	87900000	93899999	2	1	1	3	b	5	1	1	0.0418988793081	0.082492633328	2	1	1	1	1	1	NA	NA	NA	NA	NA	NA	NA	2	1	1	1	1	1	NA	NA	NA	NA	NA	NA
3	93900000	198022429	2	1	1	3	b	5	1	1	0.0575019478515	0.0887274003148	2	1	1	1	1	1	NA	NA	NA	NA	NA	NA	NA	2	1	1	1	1	1	NA	NA	NA	NA	NA	NA
4	50084	48199999	2	1	1	3	b	5	1	1	0.0591821218444	0.0891905128825	2	1	1	1	1	1	NA	NA	NA	NA	NA	NA	NA	2	1	1	1	1	1	NA	NA	NA	NA	NA	NA
4	48200000	52699999	2	1	1	2	d	3	1	1	0.05	0.157711905276	1.811289	0.792887022	1.0184015	NA	NA	NA	NA	NA	NA	NA	NA	NA	NA	2	1	1	1	1	1	NA	NA	NA	NA	NA	NA
4	52700000	191154275	2	1	1	3	b	5	1	1	0.0557840510651	0.0875610891434	2	1	1	1	1	1	NA	NA	NA	NA	NA	NA	NA	2	1	1	1	1	1	NA	NA	NA	NA	NA	NA
5	1	46099999	2	1	1	2	d	4	1	1	0.0577442117278	0.108379600525	2.1286	1.064300209	1.0643002	1	1	1	NA	NA	NA	NA	NA	NA	NA	2	1	1	1	1	1	NA	NA	NA	NA	NA	NA
5	46100000	50699999	2	1	1	2	d	4	1	1	0.0435478277485	0.0998871504646	1.500178	0.750088984	0.750089	1	1	1	NA	NA	NA	NA	NA	NA	NA	2	1	1	1	1	1	NA	NA	NA	NA	NA	NA
5	50700000	180689978	2	1	1	3	b	5	1	1	0.057684684386	0.0869412203052	2	1	1	1	1	1	NA	NA	NA	NA	NA	NA	NA	2	1	1	1	1	1	NA	NA	NA	NA	NA	NA
6	180248	58699999	2	1	1	2	d	4	1	1	0.0626744474232	0.0906537458505	2	1	1	1	1	0.939339981006645	2	1	0.0606600189933547	0.00305090522931722	0.00314131199576323	0.932169515627769	0.944761116468989	2	1	1	1	1	1	NA	NA	NA	NA	NA	NA
6	58700000	63299999	2	1	1	2	d	3	1	1	0.0425973752394	0.106229634605	1.865387	0.741759318	1.1236277	NA	NA	NA	NA	NA	NA	NA	NA	NA	NA	2	1	1	1	1	1	NA	NA	NA	NA	NA	NA
6	63300000	170891224	2	1	1	3	b	5	1	1	0.0574626796028	0.0870416967908	2	1	1	1	1	1	NA	NA	NA	NA	NA	NA	NA	2	1	1	1	1	1	NA	NA	NA	NA	NA	NA
7	40386	57999999	2	1	1	3	b	5	1	1	0.0607147044885	0.090695178218	2	1	1	1	1	1	NA	NA	NA	NA	NA	NA	NA	2	1	1	1	1	1	NA	NA	NA	NA	NA	NA
7	58000000	61699999	2	1	1	2	d	3	1	1	0.05	0.130640889898	2	1	1	NA	NA	NA	NA	NA	NA	NA	NA	NA	NA	NA	NA	NA	1	1	1	NA	NA	NA	NA	NA	NA
7	61700000	159138662	2	1	1	3	b	5	1	1	0.0592528902902	0.0915399899335	2	1	1	1	1	1	NA	NA	NA	NA	NA	NA	NA	2	1	1	1	1	1	NA	NA	NA	NA	NA	NA
8	170012	43099999	2	1	1	3	b	5	1	1	0.0610120124758	0.0970719564503	2	1	1	1	1	1	NA	NA	NA	NA	NA	NA	NA	2	1	1	1	1	1	NA	NA	NA	NA	NA	NA
8	43100000	48099999	2	1	1	2	d	4	1	1	0.051783068428	0.156306075703	1.505409	0.75270444	0.7527044	1	1	1	NA	NA	NA	NA	NA	NA	NA	2	1	1	1	1	1	NA	NA	NA	NA	NA	NA
8	48100000	93078213	2	1	1	3	b	5	1	1	0.054948839608	0.0841046946858	2	1	1	1	1	1	NA	NA	NA	NA	NA	NA	NA	2	1	1	1	1	1	NA	NA	NA	NA	NA	NA
8	93078214	146364021	2	1	1	3	b	5	1	1	0.057964220204	0.0894642119775	2	1	1	1	1	1	NA	NA	NA	NA	NA	NA	NA	2	1	1	1	1	1	NA	NA	NA	NA	NA	NA
9	10001	200594	2	1	1	2	d	2	1	1	0.05	0.1	NA	NA	NA	NA	NA	NA	NA	NA	NA	NA	NA	NA	NA	2	1	1	2	1	1	NA	NA	NA	NA	NA	NA
9	200595	43852499	2	1	1	3	b	5	1	1	0.0578269392276	0.0874458766025	2	1	1	1	1	1	NA	NA	NA	NA	NA	NA	NA	2	1	1	1	1	1	NA	NA	NA	NA	NA	NA
9	43852500	47299999	2	1	1	3	b	5	1	1	0.05	0.242295894472	2	1	1	1	1	1	NA	NA	NA	NA	NA	NA	NA	2	1	1	1	1	1	NA	NA	NA	NA	NA	NA
9	47300000	50699999	2	1	1	1	g	NA	1	1	0.05	0.1	NA	NA	NA	NA	NA	NA	NA	NA	NA	NA	NA	NA	NA	NA	NA	NA	NA	NA	NA	NA	NA	NA	NA	NA	NA
9	50700000	141213430	2	1	1	2	d	4	1	1	0.0623956285047	4.42188356676	2	1	1	1	1	0.919119974675528	2	1	0.0808800253244719	0.00285675272231872	0.00285483969680135	0.919175285237207	0.930511975151568	2	1	1	1	1	1	NA	NA	NA	NA	NA	NA
10	102500	37999999	2	1	1	3	b	5	1	1	0.0589750368853	0.0859286502171	2	1	1	1	1	1	NA	NA	NA	NA	NA	NA	NA	2	1	1	1	1	1	NA	NA	NA	NA	NA	NA
10	38000000	42299999	2	1	1	2	d	3	1	1	0.0619961899984	0.101222902165	1.436376	0.718188249	0.7181882	1	1	1	NA	NA	NA	NA	NA	NA	NA	2	1	1	NA	NA	NA	NA	NA	NA	NA	NA	NA
10	42300000	135389924	2	1	1	3	b	5	1	1	0.0608200650247	0.0944042375975	2	1	1	1	1	1	NA	NA	NA	NA	NA	NA	NA	2	1	1	1	1	1	NA	NA	NA	NA	NA	NA
11	190010	48935465	2	1	1	3	b	5	1	1	0.0581112376576	0.0971407378881	2	1	1	1	1	1	NA	NA	NA	NA	NA	NA	NA	2	1	1	1	1	1	NA	NA	NA	NA	NA	NA
11	48935466	51599999	2	1	1	2	d	4	1	1	0.0472932001966	0.120097405278	1.16939	0.584695117	0.5846951	1	1	1	NA	NA	NA	NA	NA	NA	NA	2	1	1	1	1	1	NA	NA	NA	NA	NA	NA
11	51600000	55699999	2	1	1	2	d	4	1	1	0.0460012301857	0.110129635187	1.857911	0.92895541	0.9289554	1	1	1	NA	NA	NA	NA	NA	NA	NA	2	1	1	1	1	1	NA	NA	NA	NA	NA	NA
11	55700000	135006515	2	1	1	3	b	5	1	1	0.0589666199954	0.0900088287522	2	1	1	1	1	1	NA	NA	NA	NA	NA	NA	NA	2	1	1	1	1	1	NA	NA	NA	NA	NA	NA
12	110107	33299999	2	1	1	2	d	4	1	1	0.0609508595768	0.088773715281	2	1	1	1	1	0.939868460365923	2	1	0.0601315396340774	0.0039586880913729	0.00394470588450222	0.931942569565057	0.947311440945205	2	1	1	1	1	1	NA	NA	NA	NA	NA	NA
12	33300000	38199999	2	1	1	2	d	3	1	1	0.0380627415999	0.126382843181	1.620751	0.810375383	0.8103754	NA	NA	NA	NA	NA	NA	NA	NA	NA	NA	2	1	1	1	1	1	NA	NA	NA	NA	NA	NA
12	38200000	133465071	2	1	1	3	b	5	1	1	0.0590103117442	0.0889983888926	2	1	1	1	1	1	NA	NA	NA	NA	NA	NA	NA	2	1	1	1	1	1	NA	NA	NA	NA	NA	NA
13	1	16299999	NA	NA	NA	NA	NA	NA	NA	NA	NA	NA	NA	NA	NA	NA	NA	NA	NA	NA	NA	NA	NA	NA	NA	NA	NA	NA	NA	NA	NA	NA	NA	NA	NA	NA	NA
13	16300000	19499999	2	1	1	2	d	2	1	1	0.05	0.132300016723	NA	NA	NA	1	1	1	NA	NA	NA	NA	NA	NA	NA	NA	NA	NA	2	1	1	NA	NA	NA	NA	NA	NA
13	19500000	115169877	2	1	1	3	b	5	1	1	0.0578729304528	0.0865253515442	2	1	1	1	1	1	NA	NA	NA	NA	NA	NA	NA	2	1	1	1	1	1	NA	NA	NA	NA	NA	NA
14	1	16099999	NA	NA	NA	NA	NA	NA	NA	NA	NA	NA	NA	NA	NA	NA	NA	NA	NA	NA	NA	NA	NA	NA	NA	NA	NA	NA	NA	NA	NA	NA	NA	NA	NA	NA	NA
14	16100000	19099999	2	1	1	2	d	2	1	1	0.05	0.0555964956168	NA	NA	NA	NA	NA	NA	NA	NA	NA	NA	NA	NA	NA	NA	NA	NA	1	1	1	NA	NA	NA	NA	NA	NA
14	19100000	107349539	2	1	1	3	b	5	1	1	0.0588411854092	0.0983319684084	2	1	1	1	1	1	NA	NA	NA	NA	NA	NA	NA	2	1	1	1	1	1	NA	NA	NA	NA	NA	NA
15	1	15799999	NA	NA	NA	NA	NA	NA	NA	NA	NA	NA	NA	NA	NA	NA	NA	NA	NA	NA	NA	NA	NA	NA	NA	NA	NA	NA	NA	NA	NA	NA	NA	NA	NA	NA	NA
15	15800000	20699999	2	1	1	2	d	3	1	1	0.05	0.11159178852	NA	NA	NA	1	1	1	NA	NA	NA	NA	NA	NA	NA	NA	NA	NA	1	1	1	NA	NA	NA	NA	NA	NA
15	20700000	102531391	2	1	1	3	b	5	1	1	0.0605060441694	0.0984410240344	2	1	1	1	1	1	NA	NA	NA	NA	NA	NA	NA	2	1	1	1	1	1	NA	NA	NA	NA	NA	NA
16	100010	34599999	2	1	1	2	d	4	1	1	0.0654237595499	0.122816875256	2	1	1	1	1	0.915684549547135	2	1	0.0843154504528649	0.00447683670514398	0.00447944014304667	0.906839307311079	0.923570763262988	2	1	1	1	1	1	NA	NA	NA	NA	NA	NA
16	34600000	38599999	2	1	1	2	d	4	1	1	0.05	0.546284647124	2	1	1	1	1	0.915684549547135	2	1	0.0843154504528649	0.00447683670514398	0.00447944014304667	0.906839307311079	0.923570763262988	2	1	1	1	1	1	NA	NA	NA	NA	NA	NA
16	38600000	46415802	2	1	1	2	d	2	1	1	0.05	0.1	NA	NA	NA	NA	NA	NA	NA	NA	NA	NA	NA	NA	NA	NA	NA	NA	1	1	1	NA	NA	NA	NA	NA	NA
16	46415803	90354752	2	1	1	3	b	5	1	1	0.0629618766856	0.0913554727872	2	1	1	1	1	1	NA	NA	NA	NA	NA	NA	NA	2	1	1	1	1	1	NA	NA	NA	NA	NA	NA
17	36053	22199999	2	1	1	2	d	4	1	1	0.0622781010721	0.107220401353	2	1	1	1	1	0.918508175390507	2	1	0.0814918246094934	0.00569023054751017	0.00566340447783507	0.907717769092368	0.929984629931128	2	1	1	1	1	1	NA	NA	NA	NA	NA	NA
17	22200000	25799999	2	1	1	2	d	4	1	1	0.0405930123519	0.0963756449301	2	1	1	NA	NA	NA	NA	NA	NA	NA	NA	NA	NA	2	1	1	1	1	1	NA	NA	NA	NA	NA	NA
17	25800000	81109939	2	1	1	2	d	4	1	1	0.064689097537	0.0973556051343	2	1	1	1	1	0.92417497625831	2	1	0.0758250237416898	0.00381189974694451	0.00398396965860141	0.9135877954031	0.928987807425426	2	1	1	1	1	1	NA	NA	NA	NA	NA	NA
18	130031	15399999	2	1	1	3	b	5	1	1	0.0582852610557	0.090810905227	2	1	1	1	1	1	NA	NA	NA	NA	NA	NA	NA	2	1	1	1	1	1	NA	NA	NA	NA	NA	NA
18	15400000	18999999	2	1	1	3	b	5	1	1	0.05	0.105927120682	2	1	1	1	1	1	NA	NA	NA	NA	NA	NA	NA	2	1	1	1	1	1	NA	NA	NA	NA	NA	NA
18	19000000	78077247	2	1	1	3	b	5	1	1	0.0570390840808	0.0860801073505	2	1	1	1	1	1	NA	NA	NA	NA	NA	NA	NA	2	1	1	1	1	1	NA	NA	NA	NA	NA	NA
19	102500	260136	2	1	1	2	d	3	1	1	0.05	0.1	NA	NA	NA	1	1	1	NA	NA	NA	NA	NA	NA	NA	NA	NA	NA	1	1	1	NA	NA	NA	NA	NA	NA
19	260137	24399999	2	1	1	2	d	4	1	1	0.0722691805388	0.112353061078	2	1	1	1	1	0.848349952516621	2	1	0.151650047483379	0.00608866680568798	0.00615697726451782	0.819977242108831	0.843733814205554	2	1	1	1	1	1	NA	NA	NA	NA	NA	NA
19	24400000	28599999	2	1	1	2	d	2	1	1	0.0566133668166	0.0930503502509	1.406411	0.703205592	0.7032056	NA	NA	NA	NA	NA	NA	NA	NA	NA	NA	2	1	1	1	0	0.479668	1	1	0.520332	NA	NA	NA
19	28600000	59128982	2	1	1	2	d	3	1	1	0.0648457114247	0.121260215387	2.111029	1.055514352	1.0555144	1	1	0.898899968344413	2	1	0.101100031655587	0.00491830280041733	0.00486114452462643	0.88974585205713	0.90938526932373	2	1	1	1	1	1	NA	NA	NA	NA	NA	NA
20	60479	25599999	2	1	1	3	b	5	1	1	0.0614079335978	0.0866323916107	2	1	1	1	1	1	NA	NA	NA	NA	NA	NA	NA	2	1	1	1	1	1	NA	NA	NA	NA	NA	NA
20	25600000	29399999	2	1	1	3	b	5	1	1	0.0806907537362	0.0918460696731	2	1	1	1	1	1	NA	NA	NA	NA	NA	NA	NA	2	1	1	1	1	1	NA	NA	NA	NA	NA	NA
20	29400000	63025519	2	1	1	2	d	4	1	1	0.0633726265157	0.0951389890813	2	1	1	1	1	0.92417497625831	2	1	0.0758250237416898	0.00457839098120905	0.00446650349314053	0.91745705936754	0.935492689406157	2	1	1	1	1	1	NA	NA	NA	NA	NA	NA
21	1	9417499	NA	NA	NA	NA	NA	NA	1	1	0.05	0.1	NA	NA	NA	NA	NA	NA	NA	NA	NA	NA	NA	NA	NA	NA	NA	NA	2	0	1	NA	NA	NA	NA	NA	NA
21	9417500	10899999	NA	NA	NA	NA	NA	NA	1	1	0.05	0.240059216221	NA	NA	NA	NA	NA	NA	NA	NA	NA	NA	NA	NA	NA	NA	NA	NA	2	0	1	NA	NA	NA	NA	NA	NA
21	10900000	14299999	2	1	1	1	g	NA	1	1	0.05	0.0867660986201	NA	NA	NA	NA	NA	NA	NA	NA	NA	NA	NA	NA	NA	NA	NA	NA	3	0	1	NA	NA	NA	NA	NA	NA
21	14300000	36217099	2	1	1	3	b	5	1	1	0.0572636209362	0.0914835502064	2	1	1	1	1	1	NA	NA	NA	NA	NA	NA	NA	2	1	1	1	1	1	NA	NA	NA	NA	NA	NA
21	36217100	48129894	2	1	1	2	d	3	1	1	0.0624608453354	0.0929132784107	2.132651	1.066325571	1.0663256	1	1	0.913342830009496	2	1	0.0866571699905041	0.00683594320935343	0.00675277687804328	0.906891595762906	0.933270638526138	2	1	1	1	1	1	NA	NA	NA	NA	NA	NA
22	1	12199999	NA	NA	NA	NA	NA	NA	NA	NA	NA	NA	NA	NA	NA	NA	NA	NA	NA	NA	NA	NA	NA	NA	NA	NA	NA	NA	NA	NA	NA	NA	NA	NA	NA	NA	NA
22	12200000	17899999	2	1	1	2	d	3	1	1	0.0841533735774	0.119866886776	1.730877	0.865438699	0.8654387	1	1	0.885095043553608	2	1	0.114904956446392	0.00467913535596881	0.00465081739411468	0.875898721376658	0.894370055404267	2	1	1	1	1	1	NA	NA	NA	NA	NA	NA
22	17900000	51304565	2	1	1	2	d	4	1	1	0.0675535940176	0.128906718952	2	1	1	1	1	0.885095043553608	2	1	0.114904956446392	0.00467913535596881	0.00465081739411468	0.875898721376658	0.894370055404267	2	1	1	1	1	1	NA	NA	NA	NA	NA	NA
X	1	58099999	1	1	0	2	d	2	1.54	1	0.0925451615712	0.17365233015	1	0	1	1	0	0.676198438103747	1	1	0.323801561896253	0.00258290320972304	0.00244994197027463	0.671266124544472	0.681130702034191	1	0	1	NA	NA	NA	NA	NA	NA	NA	NA	NA
X	58100000	62999999	NA	NA	NA	NA	NA	NA	1.54	1	0.05	0.163255337033	0.706644	0	0.7066444	NA	NA	NA	NA	NA	NA	NA	NA	NA	NA	1	0	1	NA	NA	NA	NA	NA	NA	NA	NA	NA
X	63000000	155270559	1	1	0	2	d	2	1.54	1	0.0936807808036	0.0986988950477	1	0	1	1	0	0.678922398618721	1	1	0.321077601381279	0.00198335917367881	0.00197542563645446	0.675260773748393	0.682785288731859	1	0	1	NA	NA	NA	NA	NA	NA	NA	NA	NA
