chromosome	start	end	total_cn	major_cn	minor_cn	star	level	methods_agree	absolute_broad_major_cn	absolute_broad_minor_cn	absolute_broad_het_error	absolute_broad_cov_error	aceseq_copy_number	aceseq_minor_cn	aceseq_major_cn	battenberg_nMaj1_A	battenberg_nMin1_A	battenberg_frac1_A	battenberg_nMaj2_A	battenberg_nMin2_A	battenberg_frac2_A	battenberg_SDfrac_A	battenberg_SDfrac_A_BS	battenberg_frac1_A_0.025	battenberg_frac1_A_0.975	clonehd_copy_number	clonehd_minor_cn	clonehd_major_cn	sclust_nMaj1_A	sclust_nMin1_A	sclust_frac1_A	sclust_nMaj2_A	sclust_nMin2_A	sclust_frac2_A	jabba_copy_number	jabba_minor_cn	jabba_major_cn
1	1	60557500	2	1	1	3	b	5	1	1	0.0487094965523	0.14977709716	2	1	1	1	1	1	NA	NA	NA	NA	NA	NA	NA	2	1	1	1	1	1	NA	NA	NA	NA	NA	NA
1	60557501	121499999	2	1	1	2	d	4	1	1	0.0664029796289	0.177605371321	2	1	1	1	1	1	NA	NA	NA	NA	NA	NA	NA	2	1	1	2	1	1	NA	NA	NA	NA	NA	NA
1	121500000	128899999	2	1	1	2	d	2	1	1	0.05	0.1	2	1	1	NA	NA	NA	NA	NA	NA	NA	NA	NA	NA	NA	NA	NA	2	1	1	NA	NA	NA	NA	NA	NA
1	128900000	143507499	2	1	1	2	d	2	1	1	0.05	0.362555642138	NA	NA	NA	NA	NA	NA	NA	NA	NA	NA	NA	NA	NA	2	1	1	2	1	1	NA	NA	NA	NA	NA	NA
1	143507500	247249600	3	2	1	2	d	4	1.66	0.82	0.0686400445223	0.175887976099	3	1	2	2	1	1	NA	NA	NA	NA	NA	NA	NA	3	1	2	2	1	1	NA	NA	NA	NA	NA	NA
1	247249601	249250620	3	2	1	2	d	3	NA	NA	NA	NA	2.735465	0.909459223	1.8260058	2	1	1	NA	NA	NA	NA	NA	NA	NA	3	1	2	2	1	1	NA	NA	NA	NA	NA	NA
2	20016	22803201	2	1	1	3	b	5	1	1	0.0541826866518	0.142162672131	2	1	1	1	1	1	NA	NA	NA	NA	NA	NA	NA	2	1	1	1	1	1	NA	NA	NA	NA	NA	NA
2	22803202	41877602	2	1	1	3	b	5	1	1	0.0580429294587	0.142972811759	2	1	1	1	1	1	NA	NA	NA	NA	NA	NA	NA	2	1	1	1	1	1	NA	NA	NA	NA	NA	NA
2	41877603	90499999	2	1	1	3	b	5	1	1	0.0608987218976	0.154983655658	2	1	1	1	1	1	NA	NA	NA	NA	NA	NA	NA	2	1	1	1	1	1	NA	NA	NA	NA	NA	NA
2	90500000	96799999	2	1	1	3	b	5	1	1	0.0330175699127	0.182686922407	2	1	1	1	1	1	NA	NA	NA	NA	NA	NA	NA	2	1	1	1	1	1	NA	NA	NA	NA	NA	NA
2	96800000	242999968	2	1	1	3	b	5	1	1	0.0613734767761	0.164576569459	2	1	1	1	1	1	NA	NA	NA	NA	NA	NA	NA	2	1	1	1	1	1	NA	NA	NA	NA	NA	NA
3	62437	87899999	2	1	1	3	b	5	1	1	0.0614260421064	0.15440220164	2	1	1	1	1	1	NA	NA	NA	NA	NA	NA	NA	2	1	1	1	1	1	NA	NA	NA	NA	NA	NA
3	87900000	93899999	2	1	1	2	d	3	1	1	0.072448843154	0.179752965326	2	1	1	NA	NA	NA	NA	NA	NA	NA	NA	NA	NA	1	0	1	1	1	1	NA	NA	NA	NA	NA	NA
3	93900000	198022429	2	1	1	3	b	5	1	1	0.0643612103572	0.165487794008	2	1	1	1	1	1	NA	NA	NA	NA	NA	NA	NA	2	1	1	1	1	1	NA	NA	NA	NA	NA	NA
4	44380	48199999	2	1	1	3	b	5	1	1	0.064351876775	0.166744252254	2	1	1	1	1	1	NA	NA	NA	NA	NA	NA	NA	2	1	1	1	1	1	NA	NA	NA	NA	NA	NA
4	48200000	52699999	2	1	1	2	d	3	1	1	0.0557407339674	0.218045819257	2.124588	1.062293731	1.0622937	NA	NA	NA	NA	NA	NA	NA	NA	NA	NA	2	1	1	1	1	1	NA	NA	NA	NA	NA	NA
4	52700000	160600602	2	1	1	3	b	5	1	1	0.0687397787426	0.177672356863	2	1	1	1	1	1	NA	NA	NA	NA	NA	NA	NA	2	1	1	1	1	1	NA	NA	NA	NA	NA	NA
4	160600603	191154275	2	1	1	3	b	5	1	1	0.0681010800786	0.171438178654	2	1	1	1	1	1	NA	NA	NA	NA	NA	NA	NA	2	1	1	1	1	1	NA	NA	NA	NA	NA	NA
5	20399	497859	2	1	1	2	d	2	1	1	0.0416416350474	0.118423489653	2.252459	1.006883833	1.2455755	NA	NA	NA	NA	NA	NA	NA	NA	NA	NA	3	1	2	1	1	1	NA	NA	NA	NA	NA	NA
5	497860	799503	2	1	1	2	f	3	1.38	0.82	0.0441472159059	0.411755632862	2.480756	0.983788686	1.4969671	NA	NA	NA	NA	NA	NA	NA	NA	NA	NA	2	1	1	2	1	0.536512	1	1	0.463488	NA	NA	NA
5	799504	1015932	3	2	1	2	e	4	1.38	0.82	0.05	0.466758361344	2.410366	0.97752145	1.4328447	1	1	0.50633718834068	2	1	0.49366281165932	0.0405689129470355	0.04057096294122	0.40563713706707	0.564173956176644	1	0	1	2	1	0.460062	1	1	0.539938	NA	NA	NA
5	1015933	1043735	3	2	1	2	f	3	1.38	0.82	0.05	0.1	2.410366	0.97752145	1.4328447	NA	NA	NA	NA	NA	NA	NA	NA	NA	NA	1	0	1	2	1	0.482636	1	1	0.517364	NA	NA	NA
5	1043736	1066487	2	1	1	1	g	1	1.38	0.82	0.05	0.1	NA	NA	NA	2	1	0.234200997472163	2	2	0.765799002527837	NA	0	0.234200997472163	0.234200997472163	1	0	1	2	1	0.482636	1	1	0.517364	NA	NA	NA
5	1066488	1172157	2	1	1	2	e	4	1	1	0.05	0.106285850426	2.398905	1.01731705	1.3815879	1	1	0.502744898137664	2	1	0.497255101862336	0.0465005246829521	0.0456554802774572	0.453646942988788	0.628022494493916	1	0	1	2	1	0.482636	1	1	0.517364	NA	NA	NA
5	1172158	1173984	2	1	1	2	f	3	1	1	0.05	0.1	2.398905	1.01731705	1.3815879	2	1	0.53854475290744	2	2	0.46145524709256	0.0406426206865339	0.0347309327882867	0.46554165707734	0.598808187278463	1	0	1	2	1	0.66276	1	1	0.33724	NA	NA	NA
5	1173985	1206377	2	1	1	2	d	2	1	1	0.05	0.1	NA	NA	NA	1	1	1	NA	NA	NA	NA	NA	NA	NA	NA	NA	NA	2	1	0.66276	1	1	0.33724	NA	NA	NA
5	1206378	2174808	3	2	1	2	e	4	1.55	1	0.0677398249721	0.168129388921	2.682331	0.996846639	1.685484	1	1	0.273783587509077	2	1	0.726216412490923	0.0223572498751903	0.0227529453660519	0.199774687469435	0.289293203882393	4	1	3	2	1	0.66276	1	1	0.33724	NA	NA	NA
5	2174809	3641962	3	2	1	2	d	3	2	0.93	0.0639712363269	0.160732160498	3	1	2	2	1	1	NA	NA	NA	NA	NA	NA	NA	4	1	3	2	1	1	NA	NA	NA	NA	NA	NA
5	3641963	5376474	6	4	2	2	e	0	1.55	1	0.0596179436029	0.172776169229	2.740789	1.048489583	1.6922997	1	1	0.262863039952818	2	1	0.737136960047182	0.024123437878039	0.0226987750384769	0.27776582124682	0.36902656169317	3	1	2	2	1	0.621469	1	1	0.378531	NA	NA	NA
5	5376475	5405724	2	1	1	2	d	2	1	1	0.0312045435016	0.1	2.740789	1.048489583	1.6922997	1	1	0.766198614277168	2	1	0.233801385722832	0.0877816444610148	0.0919601990986947	0.473481506175797	0.838782577659663	3	1	2	1	1	1	NA	NA	NA	NA	NA	NA
5	5405725	15279566	2	1	1	2	d	3	1	1	0.0593705207739	0.151207557444	2.100449	1.050224279	1.0502243	1	0	0.107735401853049	1	1	0.892264598146951	0.00697648906134805	0.00721741609752435	0.0896199939819874	0.118161825356943	2	1	1	1	1	1	NA	NA	NA	NA	NA	NA
5	15279567	16353083	2	1	1	2	d	3	1	1	0.0613170522418	0.155930120208	2.341507	0.981257261	1.3602498	1	1	0.543791457951256	2	1	0.456208542048744	0.0358920662031391	0.0349019861470358	0.485933986331368	0.626148879960575	2	1	1	1	1	1	NA	NA	NA	NA	NA	NA
5	16353084	19943011	2	1	1	2	d	3	1	1	0.0682195908066	0.173825608675	2.124329	1.06216464	1.0621646	1	1	0.882251752605012	2	1	0.117748247394988	0.00557698091182079	0.0054515865871372	0.871489628257179	0.89290848022582	2	1	1	1	1	1	NA	NA	NA	NA	NA	NA
5	19943012	19945808	2	1	1	2	d	2	1	1	0.05	0.1	2.124329	1.06216464	1.0621646	1	1	0.882251752605012	2	1	0.117748247394988	0.00557698091182079	0.0054515865871372	0.871489628257179	0.89290848022582	NA	NA	NA	1	1	1	NA	NA	NA	NA	NA	NA
5	19945809	23004869	2	1	1	2	d	3	1	1	0.0765402394505	0.220082916301	2.228039	1.114019421	1.1140194	1	1	0.882251752605012	2	1	0.117748247394988	0.00557698091182079	0.0054515865871372	0.871489628257179	0.89290848022582	2	1	1	1	1	1	NA	NA	NA	NA	NA	NA
5	23004870	46099999	2	1	1	2	d	4	1	1	0.0696123380052	0.176713633609	2	1	1	1	1	0.882251752605012	2	1	0.117748247394988	0.00557698091182079	0.0054515865871372	0.871489628257179	0.89290848022582	2	1	1	1	1	1	NA	NA	NA	NA	NA	NA
5	46100000	50699999	2	1	1	2	d	3	1	1	0.0832827516458	0.216120244586	1.835438	0.917718746	0.9177187	NA	NA	NA	NA	NA	NA	NA	NA	NA	NA	2	1	1	1	1	1	NA	NA	NA	NA	NA	NA
5	50700000	180706525	2	1	1	3	b	5	1	1	0.0628372852231	0.175032126764	2	1	1	1	1	1	NA	NA	NA	NA	NA	NA	NA	2	1	1	1	1	1	NA	NA	NA	NA	NA	NA
6	39681	209461	2	1	1	1	h	1	1	1	0.05	0.1	NA	NA	NA	NA	NA	NA	NA	NA	NA	NA	NA	NA	NA	NA	NA	NA	NA	NA	NA	NA	NA	NA	NA	NA	NA
6	209462	56081201	2	1	1	2	d	4	1	1	0.0583534391215	0.180145432866	2	1	1	1	0	0.0892529189566013	1	1	0.910747081043399	0.00295535414245237	0.00294790738076577	0.0831869025630371	0.0946623405726937	2	1	1	1	1	1	NA	NA	NA	NA	NA	NA
6	56081202	58699999	2	1	1	2	d	3	1	1	0.0832512339247	0.18919793239	2.108043	1.054021467	1.0540215	1	0	0.0892529189566013	1	1	0.910747081043399	0.00295535414245237	0.00294790738076577	0.0831869025630371	0.0946623405726937	2	1	1	1	1	1	NA	NA	NA	NA	NA	NA
6	58700000	63299999	2	1	1	2	d	3	1	1	0.0712373825425	0.219561160949	2	1	1	NA	NA	NA	NA	NA	NA	NA	NA	NA	NA	1	0	1	1	1	1	NA	NA	NA	NA	NA	NA
6	63300000	170899800	2	1	1	2	d	3	1	1	0.0712951171907	0.162283407456	1.865865	0.932932593	0.9329326	1	0	0.175070028011203	1	1	0.824929971988797	0.00224411253405908	0.00216041119530756	0.171447247273501	0.179979855217956	2	1	1	1	1	1	NA	NA	NA	NA	NA	NA
7	40386	57949987	2	1	1	3	b	5	1	1	0.0624108427489	0.153612387127	2	1	1	1	1	1	NA	NA	NA	NA	NA	NA	NA	2	1	1	1	1	1	NA	NA	NA	NA	NA	NA
7	57949988	61699999	2	1	1	2	d	3	1	1	0.05	0.190446508045	2	1	1	NA	NA	NA	NA	NA	NA	NA	NA	NA	NA	1	0	1	1	1	1	NA	NA	NA	NA	NA	NA
7	61700000	158821400	2	1	1	3	b	5	1	1	0.0646841656163	0.163321211099	2	1	1	1	1	1	NA	NA	NA	NA	NA	NA	NA	2	1	1	1	1	1	NA	NA	NA	NA	NA	NA
8	1	166040	2	1	1	2	d	2	NA	NA	NA	NA	NA	NA	NA	1	1	1	NA	NA	NA	NA	NA	NA	NA	NA	NA	NA	1	1	1	NA	NA	NA	NA	NA	NA
8	166041	14790032	2	1	1	2	d	2	0.93	0.93	0.0635839109565	0.163435954264	2.124093	1.062046617	1.0620466	1	0	0.0560224089635847	1	1	0.943977591036415	0.00446367418205878	0.00446431611774803	0.0576844696140757	0.0752701311244596	2	1	1	1	1	1	NA	NA	NA	NA	NA	NA
8	14790033	43099999	2	1	1	2	d	4	0.93	0.93	0.0584910320032	0.145100192579	2	1	1	1	1	1	NA	NA	NA	NA	NA	NA	NA	2	1	1	1	1	1	NA	NA	NA	NA	NA	NA
8	43100000	48099999	2	1	1	2	d	3	0.93	0.93	0.05	0.197130071102	1.828448	0.914223887	0.9142239	1	1	1	NA	NA	NA	NA	NA	NA	NA	2	1	1	1	1	1	NA	NA	NA	NA	NA	NA
8	48100000	60780243	2	1	1	2	d	4	0.93	0.93	0.056502761468	0.136522237953	2	1	1	1	1	1	NA	NA	NA	NA	NA	NA	NA	2	1	1	1	1	1	NA	NA	NA	NA	NA	NA
8	60780244	60780502	2	1	1	2	d	2	0.93	0.93	0.05	0.1	2	1	1	NA	NA	NA	NA	NA	NA	NA	NA	NA	NA	1	0	1	1	1	1	NA	NA	NA	NA	NA	NA
8	60780503	60790590	2	1	1	2	f	2	0.93	0.93	0.05	0.1	NA	NA	NA	NA	NA	NA	NA	NA	NA	NA	NA	NA	NA	1	0	1	1	1	1	NA	NA	NA	NA	NA	NA
8	60790591	60806981	2	1	1	2	f	2	0.93	0.93	0.05	0.1	NA	NA	NA	NA	NA	1	NA	NA	NA	NA	NA	NA	NA	NA	NA	NA	1	1	1	NA	NA	NA	NA	NA	NA
8	60806982	78610916	2	1	1	2	d	3	0.82	0.82	0.0703972435493	0.136989148687	2	1	1	1	0	0.0875350140056047	1	1	0.912464985994395	0.00607369757765251	0.00620948826506741	0.0736989349741059	0.0981187352181602	2	1	1	1	1	1	NA	NA	NA	NA	NA	NA
8	78610917	79886253	5	4	1	2	e	0	0.82	0	0.134616607379	0.115353505448	1.040741	0.119159605	0.9215814	0	0	0.256102440976382	1	0	0.743897559023618	0.0568061014199342	0.0551327219991887	0.162612413479661	0.375316972928105	1	0	1	1	0	0.655497	0	0	0.344503	NA	NA	NA
8	79886254	80015281	4	3	1	2	e	0	1	1	0.05	0.157523145051	1.040741	0.119159605	0.9215814	1	1	1	NA	NA	NA	NA	NA	NA	NA	1	0	1	2	1	1	NA	NA	NA	NA	NA	NA
8	80015282	80019088	2	1	1	2	f	1	1.38	0.82	0.05	0.1	NA	NA	NA	NA	NA	NA	NA	NA	NA	NA	NA	NA	NA	NA	NA	NA	2	1	1	NA	NA	NA	NA	NA	NA
8	80019089	82209022	3	2	1	2	d	2	1.38	0.82	0.0705724121462	0.151475769368	2.807609	1.014760997	1.7928484	2	1	0.92329239388063	2	2	0.0767076061193696	0.0214122045985427	0.0217194026497698	0.885517976817874	0.97125156680654	3	1	2	2	1	1	NA	NA	NA	NA	NA	NA
8	82209023	82284364	1	1	0	2	d	2	0.82	0	0.05	0.0869437321272	1.165962	0.195207997	0.9707543	0	0	0.228011204481787	1	0	0.771988795518213	0.333582508278191	0.146600216106335	0.402119882729202	0.968600836447318	1	0	1	1	0	1	NA	NA	NA	NA	NA	NA
8	82284365	82284997	1	1	0	2	d	2	0.82	0	0.05	0.1	1.165962	0.195207997	0.9707543	0	0	1	NA	NA	NA	NA	NA	NA	NA	1	0	1	1	0	1	NA	NA	NA	NA	NA	NA
8	82284998	86115691	1	1	0	2	e	5	0.82	0	0.10564460806	0.127947050096	1.15043	0.14658197	1.0038485	0	0	0.19887955182072	1	0	0.80112044817928	0.0220796715923175	0.0215498539182851	0.176264510176999	0.259781323328023	1	0	1	1	0	0.900857	1	1	0.0991426	NA	NA	NA
8	86115692	87441567	3	2	1	2	d	3	1.55	0.82	0.0757424567366	0.230535439175	3.021945	1.110489903	1.9114552	2	1	1	NA	NA	NA	NA	NA	NA	NA	3	1	2	2	1	1	NA	NA	NA	NA	NA	NA
8	87441568	91083580	1	1	0	2	e	5	0.82	0	0.102621414537	0.11106471383	1.117046	0.108913412	1.0081322	0	0	0.132119514472447	1	0	0.867880485527553	0.0238620199034761	0.0220284113080683	0.124791702118334	0.211067381337293	1	0	1	1	0	0.929032	1	1	0.0709683	NA	NA	NA
8	91083581	93275492	2	1	1	2	d	3	0.82	0.75	0.0676181125758	0.153574297837	2	1	1	1	0	0.116713352007472	1	1	0.883286647992528	0.0226808538910799	0.0219879987874754	0.0614248094318913	0.150396711622477	2	1	1	1	1	1	NA	NA	NA	NA	NA	NA
8	93275493	93357756	3	2	1	1	g	NA	1.55	0.82	0.05	0.174132557766	2.612218	0.923887568	1.6883302	2	1	1	NA	NA	NA	NA	NA	NA	NA	2	1	1	2	1	0.818472	1	1	0.181528	NA	NA	NA
8	93357757	93416309	3	2	1	2	e	4	1.55	0.82	0.05	0.1	2.612218	0.923887568	1.6883302	1	1	0.476049412570781	2	1	0.523950587429219	0.131702823084648	0.124321325715971	0.298324758141621	0.78702963831154	3	1	2	1	1	1	NA	NA	NA	NA	NA	NA
8	93416310	104076053	3	2	1	2	d	4	1.55	0.82	0.0699491077826	0.164220326389	3	1	2	2	1	1	NA	NA	NA	NA	NA	NA	NA	3	1	2	2	1	1	NA	NA	NA	NA	NA	NA
8	104076054	104560894	6	5	1	2	d	3	4	0.82	0.0554227947401	0.518924682481	5.392624	1.005889554	4.3867342	5	1	1	NA	NA	NA	NA	NA	NA	NA	6	1	5	5	1	1	NA	NA	NA	NA	NA	NA
8	104560895	105123826	3	2	1	2	d	2	1.66	1	0.0843076262135	0.225722570344	3.131941	1.029448095	2.102493	2	1	1	NA	NA	NA	NA	NA	NA	NA	2	1	1	2	1	1	NA	NA	NA	NA	NA	NA
8	105123827	105123990	3	2	1	1	h	1	4	0.82	0.05	0.1	3.131941	1.029448095	2.102493	NA	NA	NA	NA	NA	NA	NA	NA	NA	NA	NA	NA	NA	2	1	1	NA	NA	NA	NA	NA	NA
8	105123991	106618614	5	4	1	2	d	2	4	0.82	0.0575629029948	0.271183293034	5.449629	1.017291429	4.4323372	5	1	1	NA	NA	NA	NA	NA	NA	NA	5	1	4	4	1	1	NA	NA	NA	NA	NA	NA
8	106618615	111038795	3	2	1	2	d	3	1.66	0.82	0.082649903468	0.184683527468	3	1	2	2	1	1	NA	NA	NA	NA	NA	NA	NA	2	1	1	2	1	1	NA	NA	NA	NA	NA	NA
8	111038796	111469450	5	4	1	2	d	2	4	1	0.0968139127828	0.524790530039	4.8913	0.913678283	3.9776215	4	0	0.200407435701558	4	1	0.799592564298442	0.0633712631550662	0.0623059922191432	0.0391642670760013	0.284648599627035	3	1	2	4	1	1	NA	NA	NA	NA	NA	NA
8	111469451	111682704	3	2	1	2	d	3	1	1	0.0552442990016	0.183233441506	3	1	2	2	1	1	NA	NA	NA	NA	NA	NA	NA	2	1	1	2	1	1	NA	NA	NA	NA	NA	NA
8	111682705	115063183	2	1	1	2	e	4	0.82	0.82	0.0874180107791	0.197970628191	2.149534	1.074766803	1.0747668	1	1	0.844382197323375	2	1	0.155617802676625	0.0215655841319208	0.0219282104147218	0.80660210682902	0.893352331759142	1	0	1	1	1	1	NA	NA	NA	NA	NA	NA
8	115063184	115116591	4	3	1	2	e	0	1	1	0.05	0.217388730338	2.602636	0.924325468	1.6783109	2	1	1	NA	NA	NA	NA	NA	NA	NA	1	0	1	2	1	1	NA	NA	NA	NA	NA	NA
8	115116592	115467807	4	3	1	2	d	2	2.55	0.82	0.104268495431	0.334225706545	4.158894	1.204818177	2.9540764	3	1	1	NA	NA	NA	NA	NA	NA	NA	3	1	2	3	1	1	NA	NA	NA	NA	NA	NA
8	115467808	117559703	4	3	1	2	e	0	5	0.75	0.0572278980805	0.358497655297	6.301353	0.954856214	5.3464968	6	1	1	NA	NA	NA	NA	NA	NA	NA	5	1	4	5	1	1	NA	NA	NA	NA	NA	NA
8	117559704	120671562	4	3	1	2	d	3	2.38	0.75	0.0615326933313	0.17974095493	3.673458	0.937852421	2.7356052	3	1	1	NA	NA	NA	NA	NA	NA	NA	4	1	3	3	1	1	NA	NA	NA	NA	NA	NA
8	120671563	121173249	7	6	1	2	d	2	4.66	0.75	0.0363475951687	0.274036562884	7.142624	1.097657903	6.0449662	6	1	1	NA	NA	NA	NA	NA	NA	NA	8	1	7	6	1	1	NA	NA	NA	NA	NA	NA
8	121173250	122872091	6	5	1	2	d	2	4.66	0.75	0.045890376091	0.320831491726	6.402204	1.012403541	5.3898	6	1	1	NA	NA	NA	NA	NA	NA	NA	6	1	5	5	1	1	NA	NA	NA	NA	NA	NA
8	122872092	123625753	4	3	1	2	e	3	2.38	0.75	0.0610075993461	0.204439285811	3.75039	0.921993262	2.8283971	3	0	0.125350140056022	3	1	0.874649859943978	0.0271382441584178	0.0282711952642329	0.0364732043299643	0.148740531254582	3	1	2	3	1	1	NA	NA	NA	NA	NA	NA
8	123625754	123627689	3	2	1	2	f	1	2.38	0.75	0.05	0.1	3.75039	0.921993262	2.8283971	NA	NA	NA	NA	NA	NA	NA	NA	NA	NA	NA	NA	NA	3	1	1	NA	NA	NA	NA	NA	NA
8	123627690	126701815	4	3	1	2	d	3	2.38	0.75	0.0546268547155	0.158014706371	4	1	3	3	1	1	NA	NA	NA	NA	NA	NA	NA	5	1	4	3	1	1	NA	NA	NA	NA	NA	NA
8	126701816	126702020	4	3	1	2	d	3	NA	NA	NA	NA	4	1	3	3	1	1	NA	NA	NA	NA	NA	NA	NA	NA	NA	NA	3	1	1	NA	NA	NA	NA	NA	NA
8	126702021	127380023	4	3	1	2	d	2	2.25	0.75	0.070313137688	0.16451512123	3.67827	0.959618722	2.7186512	3	1	1	NA	NA	NA	NA	NA	NA	NA	3	1	2	3	1	1	NA	NA	NA	NA	NA	NA
8	127380024	127673227	4	3	1	2	d	3	2.25	0.75	0.0546951199785	0.154708837907	4	1	3	3	1	1	NA	NA	NA	NA	NA	NA	NA	5	1	4	3	1	1	NA	NA	NA	NA	NA	NA
8	127673228	135837235	7	6	1	2	d	3	5.55	0.75	0.0413014538531	0.47514933547	6.634521	0.969883242	5.6646377	6	1	1	NA	NA	NA	NA	NA	NA	NA	7	1	6	6	1	1	NA	NA	NA	NA	NA	NA
8	135837236	136641555	6	5	1	2	d	3	4.38	0.75	0.0458110309615	0.257358056674	5.56966	0.990993837	4.5786664	5	1	1	NA	NA	NA	NA	NA	NA	NA	6	1	5	5	1	1	NA	NA	NA	NA	NA	NA
8	136641556	138830010	6	5	1	2	e	4	4.38	0.75	0.0500043043835	0.441742715728	5.760764	0.967304969	4.7934585	5	0	0.0987589748099837	5	1	0.901241025190016	0.0138455052914439	0.0135564702496316	0.0463777604325323	0.0984868762481633	5	1	4	5	1	1	NA	NA	NA	NA	NA	NA
8	138830011	140393163	3	2	1	2	e	4	2	0.82	0.0605907078356	0.187783242345	3.231772	1.01410111	2.2176712	2	1	0.681825671445045	3	1	0.318174328554955	0.0313530761534497	0.0312559858668797	0.609893294989815	0.732240047489367	4	1	3	2	1	1	NA	NA	NA	NA	NA	NA
8	140393164	140398952	3	2	1	2	e	3	2	0.75	0.05	0.1	3.231772	1.01410111	2.2176712	6	1	1	NA	NA	NA	NA	NA	NA	NA	6	1	5	3	1	0.342375	2	1	0.657625	NA	NA	NA
8	140398953	140529371	3	2	1	2	e	4	2	0.75	0.0702833431252	0.157329242414	3.188029	1.019900734	2.1681283	2	0	0.147309461357205	2	1	0.852690538642795	0.0239244080386527	0.024089209277283	0.0977541995946669	0.191286594594859	4	1	3	3	1	0.342375	2	1	0.657625	NA	NA	NA
8	140529372	140702294	3	2	1	2	d	3	2	0.75	0.0504969497284	0.136840826219	3	1	2	2	0	0.147309461357205	2	1	0.852690538642795	0.0239244080386527	0.024089209277283	0.0977541995946669	0.191286594594859	3	1	2	2	1	1	NA	NA	NA	NA	NA	NA
8	140702295	141500246	3	2	1	2	d	2	1.66	0.82	0.0476661613662	0.13115788254	3.193603	1.065898213	2.1277045	2	1	1	NA	NA	NA	NA	NA	NA	NA	4	1	3	2	1	1	NA	NA	NA	NA	NA	NA
8	141500247	142099888	4	3	1	2	d	3	2.55	0.82	0.0514490196974	0.160264110258	4	1	3	3	1	1	NA	NA	NA	NA	NA	NA	NA	5	1	4	3	1	1	NA	NA	NA	NA	NA	NA
8	142099889	143005210	7	6	1	2	d	2	5	0.75	0.0355640565719	0.25806458571	6.491875	1.018771444	5.4731038	6	1	1	NA	NA	NA	NA	NA	NA	NA	8	1	7	6	1	1	NA	NA	NA	NA	NA	NA
8	143005211	143478961	4	3	1	2	d	3	2.66	0.82	0.031261618499	0.199090977639	4	1	3	3	1	1	NA	NA	NA	NA	NA	NA	NA	NA	NA	NA	3	1	1	NA	NA	NA	NA	NA	NA
8	143478962	145266372	4	3	1	2	e	4	2.66	0.82	0.0459408796442	0.232401124049	4.134712	1.016963069	3.1177488	3	1	0.665732959850609	4	1	0.334267040149391	0.0372384871084561	0.0370647853443013	0.643034206132475	0.787134517638626	5	1	4	3	1	1	NA	NA	NA	NA	NA	NA
8	145266373	145283878	4	3	1	2	f	2	3.66	0.75	0.05	0.1	4.134712	1.016963069	3.1177488	6	0	1	NA	NA	NA	NA	NA	NA	NA	1	0	1	5	1	1	NA	NA	NA	NA	NA	NA
8	145283879	145286617	6	5	1	1	g	1	3.66	0.75	0.05	0.1	NA	NA	NA	NA	NA	NA	NA	NA	NA	NA	NA	NA	NA	1	0	1	5	1	1	NA	NA	NA	NA	NA	NA
8	145286618	145581983	6	5	1	2	d	2	3.66	0.75	0.05	0.1	6	1	5	6	1	1	NA	NA	NA	NA	NA	NA	NA	NA	NA	NA	5	1	1	NA	NA	NA	NA	NA	NA
8	145581984	146172490	5	4	1	2	d	2	3.66	0.75	0.0399079783855	0.160505252286	5	1	4	5	1	0.865664160401006	5	2	0.134335839598994	0.0252050249066114	0.0240812262765423	0.789894642255109	0.883951063183741	7	1	6	4	1	1	NA	NA	NA	NA	NA	NA
9	59451	7386425	2	1	1	2	d	4	1.18	1.18	0.058490518558	0.161301515011	2	1	1	1	1	1	NA	NA	NA	NA	NA	NA	NA	2	1	1	1	1	1	NA	NA	NA	NA	NA	NA
9	7386426	27848785	1	1	0	2	d	4	1.18	0	0.100308800877	0.138044950315	1	0	1	1	0	1	NA	NA	NA	NA	NA	NA	NA	1	0	1	1	0	1	NA	NA	NA	NA	NA	NA
9	27848786	35460550	2	1	1	2	d	4	1.18	1.18	0.0659613015475	0.20880448912	2	1	1	1	1	1	NA	NA	NA	NA	NA	NA	NA	2	1	1	1	1	1	NA	NA	NA	NA	NA	NA
9	35460551	44867499	1	1	0	2	d	2	1.07	0	0.0801753411276	0.218780324456	1.126629	0.111142047	1.0154867	NA	NA	NA	NA	NA	NA	NA	NA	NA	NA	1	0	1	1	0	1	NA	NA	NA	NA	NA	NA
9	44867500	47299999	2	1	1	2	d	2	NA	NA	NA	NA	1.126629	0.111142047	1.0154867	1	1	1	NA	NA	NA	NA	NA	NA	NA	2	1	1	1	0	0.634315	1	1	0.365685	NA	NA	NA
9	47300000	50699999	2	1	1	1	g	NA	NA	NA	NA	NA	NA	NA	NA	1	1	1	NA	NA	NA	NA	NA	NA	NA	1	0	1	1	0	0.634315	1	1	0.365685	NA	NA	NA
9	50700000	66462499	2	1	1	2	f	2	NA	NA	NA	NA	NA	NA	NA	1	1	1	NA	NA	NA	NA	NA	NA	NA	NA	NA	NA	1	0	0.634315	1	1	0.365685	NA	NA	NA
9	66462500	132777366	2	1	1	3	b	5	1	1	0.0599578923856	0.146907678411	2	1	1	1	1	1	NA	NA	NA	NA	NA	NA	NA	2	1	1	1	1	1	NA	NA	NA	NA	NA	NA
9	132777367	137472470	2	1	1	2	d	4	1	1	0.0515919721769	0.124841994134	2	1	1	1	1	1	NA	NA	NA	NA	NA	NA	NA	3	1	2	1	1	1	NA	NA	NA	NA	NA	NA
9	137472471	140273200	2	1	1	2	d	4	1	1	0.0479649939494	0.127610087188	2	1	1	1	1	1	NA	NA	NA	NA	NA	NA	NA	3	1	2	1	1	1	NA	NA	NA	NA	NA	NA
10	95096	37999999	2	1	1	2	d	4	1.07	1.07	0.0565976331482	0.169079078167	2	1	1	1	1	1	NA	NA	NA	NA	NA	NA	NA	2	1	1	1	1	1	NA	NA	NA	NA	NA	NA
10	38000000	42299999	2	1	1	2	d	3	2	1	0.05	0.198405993984	2	1	1	1	1	1	NA	NA	NA	NA	NA	NA	NA	2	1	1	NA	NA	NA	NA	NA	NA	NA	NA	NA
10	42300000	110767890	2	1	1	3	b	5	1	1	0.0590396936366	0.156819117101	2	1	1	1	1	1	NA	NA	NA	NA	NA	NA	NA	2	1	1	1	1	1	NA	NA	NA	NA	NA	NA
10	110767891	135389924	2	1	1	3	b	5	1	1	0.0512531864677	0.138317659195	2	1	1	1	1	1	NA	NA	NA	NA	NA	NA	NA	2	1	1	1	1	1	NA	NA	NA	NA	NA	NA
11	20721	200288	2	1	1	2	d	2	1	1	0.05	0.1	NA	NA	NA	1	1	1	NA	NA	NA	NA	NA	NA	NA	NA	NA	NA	NA	NA	NA	NA	NA	NA	NA	NA	NA
11	200289	51599999	2	1	1	3	b	5	1	1	0.0607256287652	0.166076704558	2	1	1	1	1	1	NA	NA	NA	NA	NA	NA	NA	2	1	1	1	1	1	NA	NA	NA	NA	NA	NA
11	51600000	55699999	2	1	1	2	d	3	1	1	0.0768007406387	0.265308515686	1.77825	0.889125229	0.8891252	1	1	1	NA	NA	NA	NA	NA	NA	NA	1	0	1	1	1	1	NA	NA	NA	NA	NA	NA
11	55700000	84990170	2	1	1	3	b	5	1	1	0.0586633008361	0.157130225759	2	1	1	1	1	1	NA	NA	NA	NA	NA	NA	NA	2	1	1	1	1	1	NA	NA	NA	NA	NA	NA
11	84990171	134452200	2	1	1	3	b	5	1	1	0.0621200581452	0.152588904347	2	1	1	1	1	1	NA	NA	NA	NA	NA	NA	NA	2	1	1	1	1	1	NA	NA	NA	NA	NA	NA
12	110107	33299999	2	1	1	3	b	5	1	1	0.0596605201104	0.152408860817	2	1	1	1	1	1	NA	NA	NA	NA	NA	NA	NA	2	1	1	1	1	1	NA	NA	NA	NA	NA	NA
12	33300000	38199999	2	1	1	2	d	4	1	1	0.0655629900622	0.228646080156	1.862855	0.931427644	0.9314276	1	1	1	NA	NA	NA	NA	NA	NA	NA	2	1	1	1	1	1	NA	NA	NA	NA	NA	NA
12	38200000	132349400	2	1	1	2	d	4	1	1	0.0596407067941	0.165529124456	2	1	1	1	0	0.103046734692265	1	1	0.896953265307735	0.00254084433155236	0.00256055786368943	0.0982331770391456	0.108494492385752	2	1	1	1	1	1	NA	NA	NA	NA	NA	NA
12	132349401	133851894	2	1	1	2	d	2	NA	NA	NA	NA	2	1	1	1	0	0.103046734692265	1	1	0.896953265307735	0.00254084433155236	0.00256055786368943	0.0982331770391456	0.108494492385752	3	1	2	1	1	1	NA	NA	NA	NA	NA	NA
13	1	16299999	NA	NA	NA	NA	NA	NA	NA	NA	NA	NA	NA	NA	NA	NA	NA	NA	NA	NA	NA	NA	NA	NA	NA	NA	NA	NA	NA	NA	NA	NA	NA	NA	NA	NA	NA
13	16300000	19499999	2	1	1	2	d	3	1	1	0.05	0.248462975466	NA	NA	NA	1	0	0.0883894439199605	1	1	0.911610556080039	0.0025615176038717	0.0025572048911662	0.0834029730878105	0.0936009888953652	2	1	1	1	1	1	NA	NA	NA	NA	NA	NA
13	19500000	63063189	2	1	1	2	d	4	1	1	0.0630981343914	0.164234169765	2	1	1	1	0	0.0883894439199605	1	1	0.911610556080039	0.0025615176038717	0.0025572048911662	0.0834029730878105	0.0936009888953652	2	1	1	1	1	1	NA	NA	NA	NA	NA	NA
13	63063190	114142800	2	1	1	2	d	4	1	1	0.0686073306689	0.178359904867	2	1	1	1	0	0.0883894439199605	1	1	0.911610556080039	0.0025615176038717	0.0025572048911662	0.0834029730878105	0.0936009888953652	2	1	1	1	1	1	NA	NA	NA	NA	NA	NA
13	114142801	115169877	2	1	1	2	d	2	NA	NA	NA	NA	2	1	1	1	0	0.0549454776025736	1	1	0.945054522397426	0.0164835535341447	0.0171884665068731	0.0147465639969358	0.085056298200366	3	1	2	1	1	1	NA	NA	NA	NA	NA	NA
14	1	16099999	NA	NA	NA	NA	NA	NA	NA	NA	NA	NA	NA	NA	NA	NA	NA	NA	NA	NA	NA	NA	NA	NA	NA	NA	NA	NA	NA	NA	NA	NA	NA	NA	NA	NA	NA
14	16100000	19099999	1	1	0	1	h	1	2	0	0.05	0.102557945495	NA	NA	NA	NA	NA	NA	NA	NA	NA	NA	NA	NA	NA	NA	NA	NA	1	0	1	NA	NA	NA	NA	NA	NA
14	19100000	20136502	1	1	0	1	h	1	2	0	0.05	0.474564406993	NA	NA	NA	NA	NA	NA	NA	NA	NA	NA	NA	NA	NA	NA	NA	NA	1	0	1	NA	NA	NA	NA	NA	NA
14	20136503	20375050	1	1	0	1	h	1	2	0	0.05	0.246395691787	NA	NA	NA	NA	NA	NA	NA	NA	NA	NA	NA	NA	NA	NA	NA	NA	1	0	1	NA	NA	NA	NA	NA	NA
14	20375051	23208144	1	1	0	2	d	3	1	0	0.0924936548065	0.113953802767	1.104197	0.099274448	1.0049231	1	0	1	NA	NA	NA	NA	NA	NA	NA	NA	NA	NA	1	0	1	NA	NA	NA	NA	NA	NA
14	23208145	23571113	2	1	1	2	d	3	1	1	0.0408986828625	0.118742843559	2	1	1	1	1	0.934823215378165	2	1	0.0651767846218354	0.0291878524734319	0.0299472747545256	0.863291105080085	0.983286529976502	3	1	2	1	1	1	NA	NA	NA	NA	NA	NA
14	23571114	26489537	1	1	0	3	b	5	1	0	0.090645659343	0.113967910391	1	0	1	1	0	1	NA	NA	NA	NA	NA	NA	NA	1	0	1	1	0	1	NA	NA	NA	NA	NA	NA
14	26489538	106368400	3	2	1	2	d	4	2	1	0.0696580951276	0.203610859847	2.844827	1.003282922	1.8415444	2	1	1	NA	NA	NA	NA	NA	NA	NA	3	1	2	2	1	1	NA	NA	NA	NA	NA	NA
15	1	15799999	NA	NA	NA	NA	NA	NA	NA	NA	NA	NA	NA	NA	NA	NA	NA	NA	NA	NA	NA	NA	NA	NA	NA	NA	NA	NA	NA	NA	NA	NA	NA	NA	NA	NA	NA
15	15800000	20699999	2	1	1	1	h	1	1	1	0.05	0.408784823087	NA	NA	NA	1	1	0.618029029793734	2	1	0.381970970206266	0.127330227828618	0.11764965201678	0.480703247030671	0.927946306919295	NA	NA	NA	1	0	0.640396	1	1	0.359604	NA	NA	NA
15	20700000	100338800	2	1	1	3	b	5	1	1	0.0554783882818	0.147551587731	2	1	1	1	1	1	NA	NA	NA	NA	NA	NA	NA	2	1	1	1	1	1	NA	NA	NA	NA	NA	NA
15	100338801	102531391	2	1	1	2	d	4	NA	NA	NA	NA	2	1	1	1	1	1	NA	NA	NA	NA	NA	NA	NA	2	1	1	1	1	1	NA	NA	NA	NA	NA	NA
16	85667	16065989	2	1	1	3	b	5	1	1	0.0514357187288	0.138179505994	2	1	1	1	1	1	NA	NA	NA	NA	NA	NA	NA	2	1	1	1	1	1	NA	NA	NA	NA	NA	NA
16	16065990	16066738	2	1	1	2	d	4	1	1	0.05	0.1	2	1	1	1	1	1	NA	NA	NA	NA	NA	NA	NA	NA	NA	NA	1	1	1	NA	NA	NA	NA	NA	NA
16	16066739	34599999	2	1	1	3	b	5	1	1	0.0515992908777	0.171489111277	2	1	1	1	1	1	NA	NA	NA	NA	NA	NA	NA	2	1	1	1	1	1	NA	NA	NA	NA	NA	NA
16	34600000	38599999	2	1	1	3	b	5	1	1	0.05	0.181749937171	2	1	1	1	1	1	NA	NA	NA	NA	NA	NA	NA	2	1	1	1	1	1	NA	NA	NA	NA	NA	NA
16	38600000	46447499	2	1	1	2	d	2	NA	NA	NA	NA	2	1	1	NA	NA	NA	NA	NA	NA	NA	NA	NA	NA	NA	NA	NA	1	1	1	NA	NA	NA	NA	NA	NA
16	46447500	88827200	2	1	1	3	b	5	1	1	0.0545396901313	0.146553790542	2	1	1	1	1	1	NA	NA	NA	NA	NA	NA	NA	2	1	1	1	1	1	NA	NA	NA	NA	NA	NA
16	88827201	90354752	2	1	1	2	d	3	NA	NA	NA	NA	2	1	1	1	1	1	NA	NA	NA	NA	NA	NA	NA	3	1	2	1	1	1	NA	NA	NA	NA	NA	NA
17	1869	22199999	2	1	1	3	b	5	1	1	0.0520677892392	0.172601313103	2	1	1	1	1	1	NA	NA	NA	NA	NA	NA	NA	2	1	1	1	1	1	NA	NA	NA	NA	NA	NA
17	22200000	25799999	2	1	1	3	b	5	1	1	0.0571522995227	0.232075490503	2	1	1	1	1	1	NA	NA	NA	NA	NA	NA	NA	2	1	1	1	1	1	NA	NA	NA	NA	NA	NA
17	25800000	78774600	2	1	1	3	b	5	1	1	0.0516706009357	0.148246195498	2	1	1	1	1	1	NA	NA	NA	NA	NA	NA	NA	2	1	1	1	1	1	NA	NA	NA	NA	NA	NA
17	78774601	81195209	2	1	1	2	d	3	NA	NA	NA	NA	2	1	1	1	1	1	NA	NA	NA	NA	NA	NA	NA	3	1	2	1	1	1	NA	NA	NA	NA	NA	NA
18	27500	80030	2	1	1	2	d	2	1	1	0.05	0.1	NA	NA	NA	NA	NA	NA	NA	NA	NA	NA	NA	NA	NA	2	1	1	2	1	0.99034	1	1	0.0096601	NA	NA	NA
18	80031	15399999	2	1	1	3	b	5	1	1	0.0577391046133	0.157858855931	2	1	1	1	1	1	NA	NA	NA	NA	NA	NA	NA	2	1	1	1	1	1	NA	NA	NA	NA	NA	NA
18	15400000	18999999	2	1	1	2	d	3	1	1	0.0405525920904	0.167780222453	2.325736	1.162868166	1.1628682	1	0	0.0556142274180935	1	1	0.944385772581907	0.00327633834847942	0.00323367680494969	0.0492288619921342	0.0621944336972344	2	1	1	1	1	1	NA	NA	NA	NA	NA	NA
18	19000000	76117000	2	1	1	2	d	4	1	1	0.0642846019096	0.160773550986	2	1	1	1	0	0.0556142274180935	1	1	0.944385772581907	0.00327633834847942	0.00323367680494969	0.0492288619921342	0.0621944336972344	2	1	1	1	1	1	NA	NA	NA	NA	NA	NA
18	76117001	78077247	2	1	1	2	d	2	NA	NA	NA	NA	2	1	1	1	0	0.0556142274180935	1	1	0.944385772581907	0.00327633834847942	0.00323367680494969	0.0492288619921342	0.0621944336972344	3	1	2	1	1	1	NA	NA	NA	NA	NA	NA
19	260783	3005320	1	1	0	2	d	4	1	0	0.0677041053515	0.134645381455	1	0	1	1	0	0.679530556515456	2	0	0.320469443484544	0.024319854475853	0.0246880218330062	0.633139279208629	0.730217013133089	1	0	1	1	0	1	NA	NA	NA	NA	NA	NA
19	3005321	4149535	2	1	1	2	d	4	1	1	0.0351438885425	0.091146802598	2	1	1	1	1	1	NA	NA	NA	NA	NA	NA	NA	3	1	2	1	1	1	NA	NA	NA	NA	NA	NA
19	4149536	4149848	2	1	1	2	d	4	1	1	0.05	0.1	2	1	1	1	1	1	NA	NA	NA	NA	NA	NA	NA	NA	NA	NA	1	1	1	NA	NA	NA	NA	NA	NA
19	4149849	5146401	2	1	1	2	d	4	1	1	0.0467077548506	0.126333550461	2	1	1	1	1	1	NA	NA	NA	NA	NA	NA	NA	3	1	2	1	1	1	NA	NA	NA	NA	NA	NA
19	5146402	11163778	1	1	0	2	d	4	1	0	0.0736085262383	0.0885887703038	1	0	1	1	0	0.531279178337987	2	0	0.468720821662013	0.0196890110222232	0.0184775656874898	0.580242303050967	0.649888109133481	1	0	1	1	0	1	NA	NA	NA	NA	NA	NA
19	11163779	15471797	2	1	1	3	b	5	1	1	0.052559220476	0.124619848704	2	1	1	1	1	1	NA	NA	NA	NA	NA	NA	NA	2	1	1	1	1	1	NA	NA	NA	NA	NA	NA
19	15471798	15474934	2	1	1	1	h	1	NA	NA	NA	NA	2	1	1	NA	NA	NA	NA	NA	NA	NA	NA	NA	NA	NA	NA	NA	1	0	1	NA	NA	NA	NA	NA	NA
19	15474935	15492530	1	1	0	1	h	1	NA	NA	NA	NA	NA	NA	NA	1	0	0.338066260987154	1	1	0.661933739012846	NA	0	0.338066260987154	0.338066260987154	NA	NA	NA	1	0	1	NA	NA	NA	NA	NA	NA
19	15492531	16500327	1	1	0	2	d	4	1	0	0.0695309879747	0.0832038114179	1	0	1	1	0	0.664799253034533	2	0	0.335200746965467	0.0321843205698656	0.0310035323780467	0.624372157869169	0.74888487609688	1	0	1	1	0	1	NA	NA	NA	NA	NA	NA
19	16500328	18895724	2	1	1	2	d	3	1	1	0.0429970221099	0.111116473229	2	1	1	1	0	0.0560224089635847	1	1	0.943977591036415	0.0121598980422234	0.0128065118785456	0.0147515630134444	0.0639533745467236	3	1	2	1	1	1	NA	NA	NA	NA	NA	NA
19	18895725	18895746	2	1	1	2	d	3	1	1	0.05	0.1	2	1	1	NA	NA	NA	NA	NA	NA	NA	NA	NA	NA	NA	NA	NA	1	1	1	NA	NA	NA	NA	NA	NA
19	18895747	24399999	2	1	1	2	d	3	1	1	0.0595409935104	0.171572730964	2.146097	1.073048589	1.0730486	1	0	0.0933706816059765	1	1	0.906629318394023	0.00809968944950672	0.00804881958083269	0.0720760945775333	0.102664125332616	2	1	1	1	1	1	NA	NA	NA	NA	NA	NA
19	24400000	28599999	2	1	1	2	d	3	1	1	0.0622665093969	0.187578830071	1.721998	0.86099904	0.860999	NA	NA	NA	NA	NA	NA	NA	NA	NA	NA	2	1	1	1	1	1	NA	NA	NA	NA	NA	NA
19	28600000	41200340	2	1	1	3	b	5	1	1	0.0508610871336	0.132242685919	2	1	1	1	1	1	NA	NA	NA	NA	NA	NA	NA	2	1	1	1	1	1	NA	NA	NA	NA	NA	NA
19	41200341	41200388	2	1	1	2	d	2	NA	NA	NA	NA	2	1	1	NA	NA	NA	NA	NA	NA	NA	NA	NA	NA	NA	NA	NA	1	1	1	NA	NA	NA	NA	NA	NA
19	41200389	41468121	2	1	1	2	d	3	1	1	0.0512110313886	0.128732192394	2	1	1	1	0	0.200080032012803	1	1	0.799919967987197	0.0335789495243105	0.0347167457473997	0.10640715405822	0.243151946029938	3	1	2	1	1	1	NA	NA	NA	NA	NA	NA
19	41468122	41468906	2	1	1	2	d	3	1	1	0.05	0.1	2	1	1	2	0	1	NA	NA	NA	NA	NA	NA	NA	NA	NA	NA	1	1	1	NA	NA	NA	NA	NA	NA
19	41468907	42776720	2	1	1	3	b	5	1	1	0.0605816495233	0.11553227145	2	1	1	1	1	1	NA	NA	NA	NA	NA	NA	NA	2	1	1	1	1	1	NA	NA	NA	NA	NA	NA
19	42776721	42776773	2	1	1	2	d	4	1	1	0.05	0.1	2	1	1	1	1	1	NA	NA	NA	NA	NA	NA	NA	NA	NA	NA	1	1	1	NA	NA	NA	NA	NA	NA
19	42776774	47104583	2	1	1	3	b	5	1	1	0.0626332211831	0.257152549214	2	1	1	1	1	1	NA	NA	NA	NA	NA	NA	NA	2	1	1	1	1	1	NA	NA	NA	NA	NA	NA
19	47104584	48388771	1	1	0	2	d	4	1	0	0.0802974534258	0.0921647218529	1	0	1	1	0	0.598039215686263	2	0	0.401960784313737	0.0434343317867035	0.0391618754064275	0.614971417390227	0.766850301415412	1	0	1	1	0	1	NA	NA	NA	NA	NA	NA
19	48388772	49436566	2	1	1	2	d	3	1	1	0.0467020620484	0.152295287603	2	1	1	1	0	0.0700280112044826	1	1	0.929971988795517	0.0186141038964631	0.0187386170922031	0.0228536177102355	0.0964297784520168	3	1	2	1	1	1	NA	NA	NA	NA	NA	NA
19	49436567	49481214	1	1	0	2	d	3	1	1	0.05	0.1	2	1	1	1	0	1	NA	NA	NA	NA	NA	NA	NA	1	0	1	1	0	1	NA	NA	NA	NA	NA	NA
19	49481215	54308855	2	1	1	2	d	4	1	1	0.0545785737191	0.248191072839	2	1	1	1	1	1	NA	NA	NA	NA	NA	NA	NA	3	1	2	1	1	1	NA	NA	NA	NA	NA	NA
19	54308856	59128982	1	1	0	2	d	4	1	0	0.0731195374007	0.15812840002	1	0	1	1	0	0.598039215686263	2	0	0.401960784313737	0.0206346687053648	0.0201828789911115	0.602083599897374	0.68097535308385	1	0	1	1	0	1	NA	NA	NA	NA	NA	NA
20	17500	25599999	2	1	1	3	b	5	1	1	0.0571369356696	0.136984130518	2	1	1	1	1	1	NA	NA	NA	NA	NA	NA	NA	2	1	1	1	1	1	NA	NA	NA	NA	NA	NA
20	25600000	29399999	2	1	1	3	b	5	1	1	0.0339868275782	0.187630277327	2	1	1	1	1	1	NA	NA	NA	NA	NA	NA	NA	2	1	1	1	1	1	NA	NA	NA	NA	NA	NA
20	29400000	62432500	2	1	1	2	d	4	0.93	0.93	0.0499961756816	0.126510731411	2	1	1	1	1	1	NA	NA	NA	NA	NA	NA	NA	2	1	1	1	1	1	NA	NA	NA	NA	NA	NA
21	1	9417499	NA	NA	NA	NA	NA	NA	1	1	0.05	0.1	NA	NA	NA	NA	NA	NA	NA	NA	NA	NA	NA	NA	NA	NA	NA	NA	NA	NA	NA	NA	NA	NA	NA	NA	NA
21	9417500	10722870	NA	NA	NA	NA	NA	NA	1	1	0.05	0.279721854832	NA	NA	NA	NA	NA	NA	NA	NA	NA	NA	NA	NA	NA	NA	NA	NA	NA	NA	NA	NA	NA	NA	NA	NA	NA
21	10722871	10858601	2	1	1	1	h	1	1	1	0.05	0.306121869276	NA	NA	NA	NA	NA	NA	NA	NA	NA	NA	NA	NA	NA	NA	NA	NA	NA	NA	NA	NA	NA	NA	NA	NA	NA
21	10858602	15273231	2	1	1	2	d	2	1	1	0.0696486209015	0.233615699362	NA	NA	NA	NA	NA	NA	NA	NA	NA	NA	NA	NA	NA	2	1	1	NA	NA	NA	NA	NA	NA	NA	NA	NA
21	15273232	18643202	2	1	1	3	b	5	1	1	0.0681934652953	0.171986185171	2	1	1	1	1	1	NA	NA	NA	NA	NA	NA	NA	2	1	1	1	1	1	NA	NA	NA	NA	NA	NA
21	18643203	46944200	2	1	1	3	b	5	1	1	0.0601439922126	0.160275154513	2	1	1	1	1	1	NA	NA	NA	NA	NA	NA	NA	2	1	1	1	1	1	NA	NA	NA	NA	NA	NA
21	46944201	48129894	2	1	1	2	d	4	NA	NA	NA	NA	2	1	1	1	1	1	NA	NA	NA	NA	NA	NA	NA	2	1	1	1	1	1	NA	NA	NA	NA	NA	NA
22	1	12199999	NA	NA	NA	NA	NA	NA	NA	NA	NA	NA	NA	NA	NA	NA	NA	NA	NA	NA	NA	NA	NA	NA	NA	NA	NA	NA	NA	NA	NA	NA	NA	NA	NA	NA	NA
22	12200000	17899999	2	1	1	2	d	4	1	1	0.0605855344903	0.181120137664	2	1	1	1	0	0.0875350140056047	1	1	0.912464985994395	0.0249012341538222	0.0247286535247171	0.0516801895701933	0.149263192073849	2	1	1	1	1	1	NA	NA	NA	NA	NA	NA
22	17900000	49691400	2	1	1	3	b	5	1	1	0.0498546264732	0.136860905699	2	1	1	1	1	1	NA	NA	NA	NA	NA	NA	NA	2	1	1	1	1	1	NA	NA	NA	NA	NA	NA
22	49691401	51304565	2	1	1	2	d	3	NA	NA	NA	NA	2	1	1	1	1	1	NA	NA	NA	NA	NA	NA	NA	3	1	2	1	1	1	NA	NA	NA	NA	NA	NA
X	1	58099999	1	1	0	3	a	3	1	0	0.0572579637196	0.190971696173	1	0	1	NA	NA	NA	NA	NA	NA	NA	NA	NA	NA	1	0	1	NA	NA	NA	NA	NA	NA	NA	NA	NA
X	58100000	62999999	1	1	0	3	a	3	1	0	0.05	0.254480994043	1	0	1	NA	NA	NA	NA	NA	NA	NA	NA	NA	NA	1	0	1	NA	NA	NA	NA	NA	NA	NA	NA	NA
X	63000000	155270559	1	1	0	3	a	3	1	0	0.208513091232	0.203703033065	1	0	1	NA	NA	NA	NA	NA	NA	NA	NA	NA	NA	1	0	1	NA	NA	NA	NA	NA	NA	NA	NA	NA
Y	1	11599999	1	1	0	1	h	1	NA	NA	NA	NA	1	0	1	NA	NA	NA	NA	NA	NA	NA	NA	NA	NA	NA	NA	NA	NA	NA	NA	NA	NA	NA	NA	NA	NA
Y	11600000	13399999	1	1	0	1	h	1	NA	NA	NA	NA	0.883516	0	0.883516	NA	NA	NA	NA	NA	NA	NA	NA	NA	NA	NA	NA	NA	NA	NA	NA	NA	NA	NA	NA	NA	NA
Y	13400000	59373565	1	1	0	1	h	1	NA	NA	NA	NA	0.8732	0	0.8732	NA	NA	NA	NA	NA	NA	NA	NA	NA	NA	NA	NA	NA	NA	NA	NA	NA	NA	NA	NA	NA	NA
