chromosome	start	end	total_cn	major_cn	minor_cn	star	level	methods_agree	absolute_broad_major_cn	absolute_broad_minor_cn	absolute_broad_het_error	absolute_broad_cov_error	aceseq_copy_number	aceseq_minor_cn	aceseq_major_cn	battenberg_nMaj1_A	battenberg_nMin1_A	battenberg_frac1_A	battenberg_nMaj2_A	battenberg_nMin2_A	battenberg_frac2_A	battenberg_SDfrac_A	battenberg_SDfrac_A_BS	battenberg_frac1_A_0.025	battenberg_frac1_A_0.975	clonehd_copy_number	clonehd_minor_cn	clonehd_major_cn	sclust_nMaj1_A	sclust_nMin1_A	sclust_frac1_A	sclust_nMaj2_A	sclust_nMin2_A	sclust_frac2_A	jabba_copy_number	jabba_minor_cn	jabba_major_cn
1	1	121499999	2	1	1	2	d	2	1	1	0.066132209893	0.126222394545	1.887727	0.94386338	0.9438634	1	0	0.230769230769232	1	1	0.769230769230768	0.00221512544594529	0.00214728499918806	0.231478173479211	0.239825874480062	NA	NA	NA	1	1	1	NA	NA	NA	NA	NA	NA
1	121500000	128899999	2	1	1	2	d	2	1	1	0.05	0.1	1.887727	0.94386338	0.9438634	NA	NA	NA	NA	NA	NA	NA	NA	NA	NA	NA	NA	NA	1	1	1	NA	NA	NA	NA	NA	NA
1	128900000	143469938	2	1	1	2	d	2	1	1	0.05	0.126191977027	NA	NA	NA	NA	NA	NA	NA	NA	NA	NA	NA	NA	NA	NA	NA	NA	1	1	1	NA	NA	NA	NA	NA	NA
1	143469939	247247500	2	1	1	2	d	3	1	1	0.061470590434	0.102676736303	2	1	1	1	0	0.115384615384615	1	1	0.884615384615385	0.00244294779783891	0.00236047314980919	0.116957690023063	0.126524435966739	NA	NA	NA	1	1	1	NA	NA	NA	NA	NA	NA
1	247247501	249250620	2	1	1	2	d	2	NA	NA	NA	NA	2	1	1	1	0	0.149999999999999	1	1	0.850000000000001	0.0155520914471554	0.0163911524338159	0.127301702867139	0.192463168355003	NA	NA	NA	1	1	1	NA	NA	NA	NA	NA	NA
2	20016	90499999	2	1	1	2	d	3	1	1	0.0619674837927	0.109345133261	2	1	1	1	0	0.136363636363637	1	1	0.863636363636363	0.00250354420678109	0.00245983886349744	0.132278103390985	0.141737566753859	NA	NA	NA	1	1	1	NA	NA	NA	NA	NA	NA
2	90500000	96799999	2	1	1	2	d	3	1	1	0.0774357716561	0.112711606237	2	1	1	NA	NA	NA	NA	NA	NA	NA	NA	NA	NA	NA	NA	NA	1	1	1	NA	NA	NA	NA	NA	NA
2	96800000	242985695	2	1	1	2	d	3	1	1	0.0620017049663	0.103896571604	2	1	1	1	0	0.139382302403265	1	1	0.860617697596735	0.00208513385747811	0.00209027988196478	0.135299802048173	0.143548579605397	NA	NA	NA	1	1	1	NA	NA	NA	NA	NA	NA
3	100074	71052794	1	1	0	2	d	3	1	0	0.0949383478262	0.0801836911485	1.11872	0.07545459	1.0432652	1	0	1	NA	NA	NA	NA	NA	NA	NA	NA	NA	NA	1	0	1	NA	NA	NA	NA	NA	NA
3	71052795	87899999	2	1	1	2	d	4	1	1	0.0615063106387	0.113276316325	2	1	1	1	1	1	NA	NA	NA	NA	NA	NA	NA	NA	NA	NA	1	1	1	NA	NA	NA	NA	NA	NA
3	87900000	93899999	2	1	1	2	d	4	1	1	0.0599121271088	0.105633939095	2	1	1	1	1	1	NA	NA	NA	NA	NA	NA	NA	NA	NA	NA	1	1	1	NA	NA	NA	NA	NA	NA
3	93900000	198022429	2	1	1	2	d	4	1	1	0.0612518807972	0.107175691033	2	1	1	1	1	1	NA	NA	NA	NA	NA	NA	NA	NA	NA	NA	1	1	1	NA	NA	NA	NA	NA	NA
4	27500	48199999	2	1	1	2	d	2	0.93	0.93	0.0642446657424	0.10089176485	1.814721	0.90736069	0.9073607	1	1	1	NA	NA	NA	NA	NA	NA	NA	NA	NA	NA	1	1	1	NA	NA	NA	NA	NA	NA
4	48200000	52699999	2	1	1	2	d	2	0.93	0.93	0.0517129528915	0.232156671559	1.853338	0.9266689	0.9266689	1	1	1	NA	NA	NA	NA	NA	NA	NA	NA	NA	NA	1	1	1	NA	NA	NA	NA	NA	NA
4	52700000	191154275	2	1	1	2	d	2	0.93	0.93	0.0649317406937	0.103930359053	1.845586	0.92279288	0.9227929	1	1	1	NA	NA	NA	NA	NA	NA	NA	NA	NA	NA	1	1	1	NA	NA	NA	NA	NA	NA
5	22500	46099999	2	1	1	2	d	4	1	1	0.0589570180603	0.107917823936	2	1	1	1	1	1	NA	NA	NA	NA	NA	NA	NA	NA	NA	NA	1	1	1	NA	NA	NA	NA	NA	NA
5	46100000	50699999	2	1	1	2	d	3	1	1	0.0625733029671	0.118086240379	2.171655	1.08582758	1.0858276	1	1	1	NA	NA	NA	NA	NA	NA	NA	NA	NA	NA	1	1	1	NA	NA	NA	NA	NA	NA
5	50700000	96668094	2	1	1	2	d	4	1	1	0.0609344249512	0.105937405813	2	1	1	1	1	1	NA	NA	NA	NA	NA	NA	NA	NA	NA	NA	1	1	1	NA	NA	NA	NA	NA	NA
5	96668095	96739038	2	1	1	2	d	2	1	1	0.05	0.337554395581	2.459436	1.22971781	1.2297178	1	1	0.812500000000003	2	1	0.187499999999997	0.095375337331942	0.106309478526343	0.440638989254367	0.845256893009851	NA	NA	NA	1	1	1	NA	NA	NA	NA	NA	NA
5	96739039	96745174	2	1	1	2	d	2	1	1	0.05	0.1	2.459436	1.22971781	1.2297178	2	1	1	NA	NA	NA	NA	NA	NA	NA	NA	NA	NA	1	1	1	NA	NA	NA	NA	NA	NA
5	96745175	96787637	2	1	1	2	d	2	1	1	0.05	0.1	2.009145	0.88682048	1.1223243	1	0	0.236842105263159	1	1	0.763157894736841	0.0955982972235375	0.0933814570937605	0.0238810623725488	0.389824503638255	NA	NA	NA	1	1	1	NA	NA	NA	NA	NA	NA
5	96787638	96793602	3	2	1	2	d	2	2	1	0.05	0.1	2.009145	0.88682048	1.1223243	1	0	0.236842105263159	1	1	0.763157894736841	0.0955982972235375	0.0933814570937605	0.0238810623725488	0.389824503638255	NA	NA	NA	2	1	1	NA	NA	NA	NA	NA	NA
5	96793603	180689978	3	2	1	2	d	4	2	1	0.073184070876	0.133829060941	3	1	2	2	1	1	NA	NA	NA	NA	NA	NA	NA	NA	NA	NA	2	1	1	NA	NA	NA	NA	NA	NA
6	180248	58699999	2	1	1	2	d	3	1	1	0.0615898801247	0.101835712304	2	1	1	1	0	0.12983260523637	1	1	0.87016739476363	0.00295773460974928	0.00300588715934088	0.124075760392093	0.135501250240748	NA	NA	NA	1	1	1	NA	NA	NA	NA	NA	NA
6	58700000	63299999	2	1	1	2	d	3	1	1	0.0647156007671	0.117262406956	2	1	1	NA	NA	NA	NA	NA	NA	NA	NA	NA	NA	NA	NA	NA	1	1	1	NA	NA	NA	NA	NA	NA
6	63300000	170917760	2	1	1	2	d	3	1	1	0.0632949509256	0.104625939287	2	1	1	1	0	0.133448734451738	1	1	0.866551265548262	0.00233918383301161	0.00239078394245278	0.12836926533987	0.137985984231833	NA	NA	NA	1	1	1	NA	NA	NA	NA	NA	NA
7	62397	57999999	2	1	1	2	d	4	1	1	0.059075901136	0.106253118567	2	1	1	1	1	1	NA	NA	NA	NA	NA	NA	NA	NA	NA	NA	1	1	1	NA	NA	NA	NA	NA	NA
7	58000000	61699999	2	1	1	2	d	3	1	1	0.05	0.14567131519	2	1	1	NA	NA	NA	NA	NA	NA	NA	NA	NA	NA	NA	NA	NA	1	1	1	NA	NA	NA	NA	NA	NA
7	61700000	158817500	2	1	1	2	d	4	1	1	0.0583773506458	0.108979635337	2	1	1	1	1	1	NA	NA	NA	NA	NA	NA	NA	NA	NA	NA	1	1	1	NA	NA	NA	NA	NA	NA
8	10001	165404	2	1	1	1	g	NA	NA	NA	NA	NA	NA	NA	NA	2	1	1	NA	NA	NA	NA	NA	NA	NA	NA	NA	NA	1	1	1	NA	NA	NA	NA	NA	NA
8	165405	12525639	2	1	1	2	d	3	1	1	0.0614541646204	0.121020180492	2	1	1	1	0	0.149999999999999	1	1	0.850000000000001	0.00462857620653251	0.00466848242362563	0.144364277587232	0.161730159359916	NA	NA	NA	1	1	1	NA	NA	NA	NA	NA	NA
8	12525640	43099999	2	1	1	2	d	3	1	1	0.0622405805833	0.101712975695	2	1	1	1	0	0.135974396490394	1	1	0.864025603509606	0.00409633975724318	0.00401734383056057	0.127865271089852	0.144052541389621	NA	NA	NA	1	1	1	NA	NA	NA	NA	NA	NA
8	43100000	48099999	2	1	1	2	d	2	1	1	0.05	0.143876492262	1.967923	0.85028134	1.1176416	NA	NA	NA	NA	NA	NA	NA	NA	NA	NA	NA	NA	NA	1	1	1	NA	NA	NA	NA	NA	NA
8	48100000	146364021	2	1	1	2	d	3	1	1	0.0615452088967	0.106796016865	2	1	1	1	0	0.133804269522511	1	1	0.866195730477489	0.00256451497853175	0.00254038922498046	0.129023884515785	0.138716559359326	NA	NA	NA	1	1	1	NA	NA	NA	NA	NA	NA
9	10001	229090	1	1	0	1	g	NA	1	0.84	0.05	0.1	NA	NA	NA	1	1	0.42307692307692	2	1	0.57692307692308	NA	0	0.42307692307692	0.42307692307692	NA	NA	NA	1	0	0.611948	1	1	0.388052	NA	NA	NA
9	229091	47299999	2	1	1	2	e	3	1	0.84	0.0689344819749	0.104423307649	1.810502	0.77388071	1.036621	1	0	0.281249999999998	1	1	0.718750000000002	0.00339758116536398	0.00351003510135503	0.27345618721726	0.286960631716081	NA	NA	NA	1	1	1	NA	NA	NA	NA	NA	NA
9	47300000	50699999	2	1	1	1	g	NA	NA	NA	NA	NA	1.810502	0.77388071	1.036621	NA	NA	NA	NA	NA	NA	NA	NA	NA	NA	NA	NA	NA	1	1	1	NA	NA	NA	NA	NA	NA
9	50700000	66519699	2	1	1	2	d	2	1	1	0.05	0.13509033299	NA	NA	NA	NA	NA	NA	NA	NA	NA	NA	NA	NA	NA	NA	NA	NA	1	1	1	NA	NA	NA	NA	NA	NA
9	66519700	140267500	2	1	1	2	d	2	1	1	0.065073365523	0.0988747548502	1.844612	0.92230587	0.9223059	1	0	0.249999999999997	1	1	0.750000000000003	0.00267755703396431	0.00272924071150919	0.246555713286896	0.257225095447109	NA	NA	NA	1	1	1	NA	NA	NA	NA	NA	NA
10	101652	37999999	2	1	1	2	d	3	1	1	0.0592176932337	0.101575600214	2	1	1	1	0	0.115384615384615	1	1	0.884615384615385	0.00345908050066946	0.00343954997011303	0.116337334162479	0.130178583773465	NA	NA	NA	1	1	1	NA	NA	NA	NA	NA	NA
10	38000000	42382499	2	1	1	2	f	2	1	1	0.0470895639325	0.163848130972	2.559642	1.27982087	1.2798209	1	0	0.149999999999999	1	1	0.850000000000001	0.0204204564763023	0.0195811735472525	0.152371526439855	0.227636336871641	NA	NA	NA	NA	NA	NA	NA	NA	NA	NA	NA	NA
10	42382500	135389924	2	1	1	2	d	3	1	1	0.0608299192106	0.102415577843	2	1	1	1	0	0.125000000000002	1	1	0.874999999999998	0.00255229433999607	0.00258766468533246	0.122100040516173	0.132655804627391	NA	NA	NA	1	1	1	NA	NA	NA	NA	NA	NA
11	20721	200876	2	1	1	2	d	2	1	1	0.05	0.1	NA	NA	NA	NA	NA	NA	NA	NA	NA	NA	NA	NA	NA	NA	NA	NA	1	1	1	NA	NA	NA	NA	NA	NA
11	200877	51599999	2	1	1	2	d	3	1	1	0.0618253277627	0.10426015857	2	1	1	1	0	0.136363636363637	1	1	0.863636363636363	0.00319389367306087	0.00323928536033256	0.135309026372607	0.147986390901474	NA	NA	NA	1	1	1	NA	NA	NA	NA	NA	NA
11	51600000	55699999	2	1	1	2	d	2	1.3	1	0.0689895070654	0.134880465114	2	1	1	1	0	0.136363636363637	1	1	0.863636363636363	0.00319389367306087	0.00323928536033256	0.135309026372607	0.147986390901474	NA	NA	NA	1	1	1	NA	NA	NA	NA	NA	NA
11	55700000	134442500	2	1	1	2	e	3	1.3	1	0.0666952704774	0.121588860451	2.195233	0.90117303	1.2940602	1	1	0.560452579130175	2	1	0.439547420869825	0.00380091708370195	0.00365734048310764	0.553372651224655	0.567558805239627	NA	NA	NA	1	1	1	NA	NA	NA	NA	NA	NA
12	110107	33299999	2	1	1	2	d	3	1	1	0.0599298677287	0.105283101591	2	1	1	1	0	0.115384615384615	1	1	0.884615384615385	0.00392455310074719	0.00406634249746746	0.114160261714163	0.130251994889086	NA	NA	NA	1	1	1	NA	NA	NA	NA	NA	NA
12	33300000	38199999	2	1	1	2	d	3	1	1	0.0666075143498	0.102063976441	2	1	1	NA	NA	NA	NA	NA	NA	NA	NA	NA	NA	NA	NA	NA	1	1	1	NA	NA	NA	NA	NA	NA
12	38200000	132349400	2	1	1	2	d	3	1	1	0.0604708232519	0.104074658121	2	1	1	1	0	0.125000000000002	1	1	0.874999999999998	0.00252741723522557	0.00260846851893764	0.127206346342973	0.137174049909962	NA	NA	NA	1	1	1	NA	NA	NA	NA	NA	NA
12	132349401	133851894	2	1	1	2	d	2	NA	NA	NA	NA	2	1	1	1	0	0.107142857142854	1	1	0.892857142857146	0.0226335776574245	0.0229296685316711	0.0346642893330369	0.127598668205999	NA	NA	NA	1	1	1	NA	NA	NA	NA	NA	NA
13	1	16299999	NA	NA	NA	NA	NA	NA	NA	NA	NA	NA	NA	NA	NA	NA	NA	NA	NA	NA	NA	NA	NA	NA	NA	NA	NA	NA	NA	NA	NA	NA	NA	NA	NA	NA	NA
13	16300000	19499999	2	1	1	2	d	3	1	1	0.0774186233316	0.114289227113	NA	NA	NA	1	1	1	NA	NA	NA	NA	NA	NA	NA	NA	NA	NA	1	1	1	NA	NA	NA	NA	NA	NA
13	19500000	114137500	2	1	1	2	d	3	1	1	0.0614787760267	0.107567641323	2.11016	1.05507998	1.05508	1	1	1	NA	NA	NA	NA	NA	NA	NA	NA	NA	NA	1	1	1	NA	NA	NA	NA	NA	NA
13	114137501	115169877	2	1	1	2	d	3	NA	NA	NA	NA	2	1	1	1	1	1	NA	NA	NA	NA	NA	NA	NA	NA	NA	NA	1	1	1	NA	NA	NA	NA	NA	NA
14	1	16099999	NA	NA	NA	NA	NA	NA	NA	NA	NA	NA	NA	NA	NA	NA	NA	NA	NA	NA	NA	NA	NA	NA	NA	NA	NA	NA	NA	NA	NA	NA	NA	NA	NA	NA	NA
14	16100000	19099999	2	1	1	2	f	2	0.93	0.93	0.05	0.104824532457	NA	NA	NA	NA	NA	NA	NA	NA	NA	NA	NA	NA	NA	NA	NA	NA	1	1	1	NA	NA	NA	NA	NA	NA
14	19100000	106368400	2	1	1	2	d	2	0.93	0.93	0.0624549457513	0.105655398063	1.824551	0.91227567	0.9122757	1	1	1	NA	NA	NA	NA	NA	NA	NA	NA	NA	NA	1	1	1	NA	NA	NA	NA	NA	NA
15	1	15799999	NA	NA	NA	NA	NA	NA	NA	NA	NA	NA	NA	NA	NA	NA	NA	NA	NA	NA	NA	NA	NA	NA	NA	NA	NA	NA	NA	NA	NA	NA	NA	NA	NA	NA	NA
15	15800000	20699999	2	1	1	1	h	1	1	1	0.05	0.263096588383	NA	NA	NA	1	0	0.200012005888158	1	1	0.799987994111842	0.00258693172031835	0.00256090839286041	0.194636541433468	0.20496782890219	NA	NA	NA	1	0	0.780975	1	1	0.219025	NA	NA	NA
15	20700000	100338800	2	1	1	2	d	3	1	1	0.0620288297142	0.10542098852	2	1	1	1	0	0.200012005888158	1	1	0.799987994111842	0.00258693172031835	0.00256090839286041	0.194636541433468	0.20496782890219	NA	NA	NA	1	1	1	NA	NA	NA	NA	NA	NA
15	100338801	102397317	2	1	1	2	d	2	NA	NA	NA	NA	2	1	1	1	0	0.200012005888158	1	1	0.799987994111842	0.00258693172031835	0.00256090839286041	0.194636541433468	0.20496782890219	NA	NA	NA	1	1	1	NA	NA	NA	NA	NA	NA
16	83887	34599999	2	1	1	2	d	3	1	1	0.0576938088329	0.119291533127	2.112491	1.05624546	1.0562455	1	1	1	NA	NA	NA	NA	NA	NA	NA	NA	NA	NA	1	1	1	NA	NA	NA	NA	NA	NA
16	34600000	38599999	2	1	1	2	d	3	1	1	0.05	0.163196700567	2.18077	1.09038487	1.0903849	1	1	1	NA	NA	NA	NA	NA	NA	NA	NA	NA	NA	1	1	1	NA	NA	NA	NA	NA	NA
16	38600000	88827200	2	1	1	2	d	4	1	1	0.0592450448025	0.109603315079	2	1	1	1	1	1	NA	NA	NA	NA	NA	NA	NA	NA	NA	NA	1	1	1	NA	NA	NA	NA	NA	NA
16	88827201	90354752	2	1	1	2	d	2	NA	NA	NA	NA	2	1	1	1	1	0.921052631578946	2	1	0.0789473684210543	0.0229304354173427	0.0232601406163468	0.852418775606531	0.945835173402915	NA	NA	NA	1	1	1	NA	NA	NA	NA	NA	NA
17	22487	5138533	2	1	1	2	d	3	1	1	0.0565735481684	0.102688077988	2	1	1	1	0	0.157894736842106	1	1	0.842105263157894	0.00923170379893921	0.00929635453676984	0.126351287640038	0.163872956413593	NA	NA	NA	1	1	1	NA	NA	NA	NA	NA	NA
17	5138534	5139568	2	1	1	2	d	3	1	1	0.05	0.1	2	1	1	1	0	0.937499999999999	1	1	0.0625000000000013	NA	0	0.937499999999999	0.937499999999999	NA	NA	NA	1	1	1	NA	NA	NA	NA	NA	NA
17	5139569	22199999	2	1	1	2	d	3	1	1	0.0577628287114	0.108509087753	2	1	1	1	0	0.125000000000002	1	1	0.874999999999998	0.00601150255264669	0.00600458398666704	0.126711980763831	0.150367770938381	NA	NA	NA	1	1	1	NA	NA	NA	NA	NA	NA
17	22200000	25799999	2	1	1	2	d	3	1	1	0.0409545913626	0.106017028499	2	1	1	NA	NA	NA	NA	NA	NA	NA	NA	NA	NA	NA	NA	NA	1	1	1	NA	NA	NA	NA	NA	NA
17	25800000	78774600	2	1	1	2	d	3	1	1	0.0587062547591	0.128126856721	2	1	1	1	0	0.134805397230238	1	1	0.865194602769762	0.00340676880678863	0.00343058575667871	0.127835709666698	0.141120057242223	NA	NA	NA	1	1	1	NA	NA	NA	NA	NA	NA
17	78774601	81195209	2	1	1	2	d	2	NA	NA	NA	NA	2	1	1	1	0	0.134805397230238	1	1	0.865194602769762	0.00340676880678863	0.00343058575667871	0.127835709666698	0.141120057242223	NA	NA	NA	1	1	1	NA	NA	NA	NA	NA	NA
18	27500	159381	2	1	1	2	d	3	1	1	0.05	0.233042829749	NA	NA	NA	1	1	1	NA	NA	NA	NA	NA	NA	NA	NA	NA	NA	1	1	1	NA	NA	NA	NA	NA	NA
18	159382	15399999	2	1	1	2	d	4	1	1	0.0580503702665	0.10435897496	2	1	1	1	1	1	NA	NA	NA	NA	NA	NA	NA	NA	NA	NA	1	1	1	NA	NA	NA	NA	NA	NA
18	15400000	18999999	2	1	1	2	d	4	1	1	0.05	0.111194755843	2	1	1	1	1	1	NA	NA	NA	NA	NA	NA	NA	NA	NA	NA	1	1	1	NA	NA	NA	NA	NA	NA
18	19000000	76117000	2	1	1	2	d	4	1	1	0.0594721988242	0.105548774819	2	1	1	1	1	1	NA	NA	NA	NA	NA	NA	NA	NA	NA	NA	1	1	1	NA	NA	NA	NA	NA	NA
18	76117001	78077247	2	1	1	2	d	3	NA	NA	NA	NA	2	1	1	1	1	1	NA	NA	NA	NA	NA	NA	NA	NA	NA	NA	1	1	1	NA	NA	NA	NA	NA	NA
19	102500	249356	2	1	1	2	d	2	1	1	0.05	0.1	NA	NA	NA	2	1	1	NA	NA	NA	NA	NA	NA	NA	NA	NA	NA	1	1	1	NA	NA	NA	NA	NA	NA
19	249357	24399999	2	1	1	2	d	3	1	1	0.0600892929993	0.107967039862	2	1	1	1	0	0.147277422574411	1	1	0.852722577425589	0.0042748646500898	0.00431839256627415	0.139186289994031	0.155599366562098	NA	NA	NA	1	1	1	NA	NA	NA	NA	NA	NA
19	24400000	28599999	2	1	1	2	d	3	1	1	0.0491348540033	0.130411366211	2	1	1	NA	NA	NA	NA	NA	NA	NA	NA	NA	NA	NA	NA	NA	1	1	1	NA	NA	NA	NA	NA	NA
19	28600000	59128982	2	1	1	2	d	3	1	1	0.0584528559123	0.111510087392	2	1	1	1	0	0.137193855833589	1	1	0.862806144166411	0.00391121650897468	0.00386689766986768	0.129760958856841	0.144637516689325	NA	NA	NA	1	1	1	NA	NA	NA	NA	NA	NA
20	32079	25599999	2	1	1	2	d	3	1	1	0.0590436875377	0.100117146429	2	1	1	1	0	0.130252524688239	1	1	0.869747475311761	0.00863715424338204	0.00895834138040297	0.113454961498514	0.148699726197238	NA	NA	NA	1	1	1	NA	NA	NA	NA	NA	NA
20	25600000	29399999	2	1	1	2	d	3	1	1	0.0533055608402	0.109441044277	2	1	1	1	0	0.130252524688239	1	1	0.869747475311761	0.00863715424338204	0.00895834138040297	0.113454961498514	0.148699726197238	NA	NA	NA	1	1	1	NA	NA	NA	NA	NA	NA
20	29400000	62432500	2	1	1	2	d	3	1	1	0.0568130904767	0.0985367842095	2	1	1	1	0	0.115291816305843	1	1	0.884708183694157	0.00402501696950557	0.00415182760709379	0.106942512059283	0.122995250778915	NA	NA	NA	1	1	1	NA	NA	NA	NA	NA	NA
21	1	9417499	NA	NA	NA	NA	NA	NA	1	0.84	0.05	0.1	NA	NA	NA	NA	NA	NA	NA	NA	NA	NA	NA	NA	NA	NA	NA	NA	2	0	0.00895947	1	0	0.991041	NA	NA	NA
21	9417500	10867499	NA	NA	NA	NA	NA	NA	1	0.84	0.05	0.193774534901	NA	NA	NA	NA	NA	NA	NA	NA	NA	NA	NA	NA	NA	NA	NA	NA	2	0	0.00895947	1	0	0.991041	NA	NA	NA
21	10867500	14299999	2	1	1	1	h	1	1	0.84	0.05	0.132521809221	NA	NA	NA	NA	NA	NA	NA	NA	NA	NA	NA	NA	NA	NA	NA	NA	2	0	0.00895947	1	0	0.991041	NA	NA	NA
21	14300000	46937500	2	1	1	2	e	4	1	0.84	0.0659914818483	0.100814467566	1.852555	0.92627734	0.9262773	1	0	0.259980501436759	1	1	0.740019498563241	0.00367569585100361	0.0035530261179858	0.252893885012402	0.266968289741007	NA	NA	NA	1	1	1	NA	NA	NA	NA	NA	NA
21	46937501	48129894	2	1	1	1	g	NA	NA	NA	NA	NA	1.798476	0.76395997	1.0345163	1	0	0.259980501436759	1	1	0.740019498563241	0.00367569585100361	0.0035530261179858	0.252893885012402	0.266968289741007	NA	NA	NA	1	1	1	NA	NA	NA	NA	NA	NA
22	1	12199999	NA	NA	NA	NA	NA	NA	NA	NA	NA	NA	NA	NA	NA	NA	NA	NA	NA	NA	NA	NA	NA	NA	NA	NA	NA	NA	NA	NA	NA	NA	NA	NA	NA	NA	NA
22	12200000	17899999	2	1	1	2	d	2	1	1	0.0635208695195	0.101915312825	2.178983	1.08949152	1.0894915	1	0	0.132689205339663	1	1	0.867310794660337	0.00388184751741444	0.00403906037987763	0.125121456860334	0.140821536654636	NA	NA	NA	1	1	1	NA	NA	NA	NA	NA	NA
22	17900000	49687500	2	1	1	2	d	3	1	1	0.0589312094946	0.102945991181	2	1	1	1	0	0.132689205339663	1	1	0.867310794660337	0.00388184751741444	0.00403906037987763	0.125121456860334	0.140821536654636	NA	NA	NA	1	1	1	NA	NA	NA	NA	NA	NA
22	49687501	51304565	2	1	1	2	d	2	NA	NA	NA	NA	2	1	1	1	0	0.132689205339663	1	1	0.867310794660337	0.00388184751741444	0.00403906037987763	0.125121456860334	0.140821536654636	NA	NA	NA	1	1	1	NA	NA	NA	NA	NA	NA
X	1	58099999	1	1	0	3	b	2	1	0	0.0722744187723	0.138198427114	1	0	1	NA	NA	NA	NA	NA	NA	NA	NA	NA	NA	NA	NA	NA	NA	NA	NA	NA	NA	NA	NA	NA	NA
X	58100000	62999999	1	1	0	3	b	2	1	0	0.05	0.269939834548	1	0	1	NA	NA	NA	NA	NA	NA	NA	NA	NA	NA	NA	NA	NA	NA	NA	NA	NA	NA	NA	NA	NA	NA
X	63000000	155270559	1	1	0	3	b	2	1	0	0.05	0.148263970595	1	0	1	NA	NA	NA	NA	NA	NA	NA	NA	NA	NA	NA	NA	NA	NA	NA	NA	NA	NA	NA	NA	NA	NA
Y	1	11599999	1	1	0	1	h	1	NA	NA	NA	NA	1	0	1	NA	NA	NA	NA	NA	NA	NA	NA	NA	NA	NA	NA	NA	NA	NA	NA	NA	NA	NA	NA	NA	NA
Y	11600000	13399999	1	1	0	1	h	1	NA	NA	NA	NA	1.32496	0	1.32496	NA	NA	NA	NA	NA	NA	NA	NA	NA	NA	NA	NA	NA	NA	NA	NA	NA	NA	NA	NA	NA	NA
Y	13400000	59373565	1	1	0	1	h	1	NA	NA	NA	NA	1.122357	0	1.122357	NA	NA	NA	NA	NA	NA	NA	NA	NA	NA	NA	NA	NA	NA	NA	NA	NA	NA	NA	NA	NA	NA
