chromosome	start	end	total_cn	major_cn	minor_cn	star	level	methods_agree	absolute_broad_major_cn	absolute_broad_minor_cn	absolute_broad_het_error	absolute_broad_cov_error	aceseq_copy_number	aceseq_minor_cn	aceseq_major_cn	battenberg_nMaj1_A	battenberg_nMin1_A	battenberg_frac1_A	battenberg_nMaj2_A	battenberg_nMin2_A	battenberg_frac2_A	battenberg_SDfrac_A	battenberg_SDfrac_A_BS	battenberg_frac1_A_0.025	battenberg_frac1_A_0.975	clonehd_copy_number	clonehd_minor_cn	clonehd_major_cn	sclust_nMaj1_A	sclust_nMin1_A	sclust_frac1_A	sclust_nMaj2_A	sclust_nMin2_A	sclust_frac2_A	jabba_copy_number	jabba_minor_cn	jabba_major_cn
1	10001	121499999	4	2	2	2	d	4	1.84	1.84	0.0427548341067	0.115732172706	NA	NA	NA	2	2	1	NA	NA	NA	NA	NA	NA	NA	4	2	2	2	2	1	NA	NA	NA	4	2	2
1	121500000	128899999	4	2	2	2	d	2	1.84	1.84	0.05	0.1	NA	NA	NA	2	2	1	NA	NA	NA	NA	NA	NA	NA	NA	NA	NA	NA	NA	NA	NA	NA	NA	4	2	2
1	128900000	247247500	4	2	2	2	d	4	1.84	1.84	0.0424389050513	0.110351703335	NA	NA	NA	2	2	1	NA	NA	NA	NA	NA	NA	NA	4	2	2	2	2	1	NA	NA	NA	4	2	2
1	247247501	249250620	4	2	2	2	d	4	NA	NA	NA	NA	NA	NA	NA	2	2	1	NA	NA	NA	NA	NA	NA	NA	4	2	2	2	2	1	NA	NA	NA	4	2	2
2	23257	68504829	3	2	1	3	b	5	2	1	0.0555278139789	0.097222029422	NA	NA	NA	2	1	1	NA	NA	NA	NA	NA	NA	NA	3	1	2	2	1	1	NA	NA	NA	3	1	2
2	68504830	89840101	3	2	1	3	b	5	2	1	0.0546269809512	0.103695773047	NA	NA	NA	2	1	1	NA	NA	NA	NA	NA	NA	NA	3	1	2	2	1	1	NA	NA	NA	3	1	2
2	89840102	90499999	3	2	1	2	d	4	2	1	0.05	0.175453951163	NA	NA	NA	2	1	1	NA	NA	NA	NA	NA	NA	NA	3	1	2	1	1	1	NA	NA	NA	3	1	2
2	90500000	96799999	3	2	1	2	d	2	2	1	0.0641362350755	0.15253631717	NA	NA	NA	NA	NA	NA	NA	NA	NA	NA	NA	NA	NA	2	1	1	2	1	0.907628	1	1	0.0923723	3	1	2
2	96800000	242953866	3	2	1	3	b	5	2	1	0.0558494239213	0.103101756768	NA	NA	NA	2	1	1	NA	NA	NA	NA	NA	NA	NA	3	1	2	2	1	1	NA	NA	NA	3	1	2
3	62309	75568665	2	2	0	3	b	5	2	0	0.0714268264145	0.0873321533224	NA	NA	NA	2	0	1	NA	NA	NA	NA	NA	NA	NA	2	0	2	2	0	1	NA	NA	NA	2	0	2
3	75568666	87899999	2	2	0	2	d	4	2	0	0.069761580028	0.0808945906404	NA	NA	NA	2	0	1	NA	NA	NA	NA	NA	NA	NA	2	0	2	1	0	1	NA	NA	NA	2	0	2
3	87900000	93899999	NA	NA	NA	NA	NA	NA	2	0	0.0703937958683	0.406827269518	NA	NA	NA	NA	NA	NA	NA	NA	NA	NA	NA	NA	NA	2	0	2	2	0	1	NA	NA	NA	3	0	3
3	93900000	197775758	6	4	2	1	g	NA	4.28	2	0.0546363557766	0.134892663108	NA	NA	NA	4	2	0.719307987298068	5	2	0.280692012701932	0.00750634084957008	0.00763751546510404	0.744001640950149	0.772874395128787	7	2	5	5	2	0.0315281	4	2	0.968472	6	2	4
4	24639	48199999	3	2	1	2	d	3	1.84	1	0.053889077807	0.0967768595326	NA	NA	NA	1	1	0.177424277688841	2	1	0.822575722311159	0.00735793933329301	0.00720146349023863	0.162965527028955	0.191382285172847	3	1	2	2	1	1	NA	NA	NA	3	1	2
4	48200000	52699999	3	2	1	2	d	2	1.84	1	0.0675529859785	0.220908552405	NA	NA	NA	1	1	0.177424277688841	2	1	0.822575722311159	0.00735793933329301	0.00720146349023863	0.162965527028955	0.191382285172847	3	1	2	1	1	1	NA	NA	NA	3	1	2
4	52700000	191154275	3	2	1	2	d	4	1.84	1	0.0541948467113	0.0978440317545	NA	NA	NA	2	1	1	NA	NA	NA	NA	NA	NA	NA	3	1	2	2	1	1	NA	NA	NA	3	1	2
5	22500	46099999	4	2	2	3	b	5	2	2	0.0418044286556	0.108239588638	NA	NA	NA	2	2	1	NA	NA	NA	NA	NA	NA	NA	4	2	2	2	2	1	NA	NA	NA	4	2	2
5	46100000	50699999	4	2	2	2	d	3	2	2	0.0382719979472	0.1518617864	NA	NA	NA	NA	NA	NA	NA	NA	NA	NA	NA	NA	NA	4	2	2	2	2	0.915639	2	1	0.084361	4	2	2
5	50700000	157710262	4	2	2	3	b	5	2	2	0.0407004008052	0.118437236874	NA	NA	NA	2	2	1	NA	NA	NA	NA	NA	NA	NA	4	2	2	2	2	1	NA	NA	NA	4	2	2
5	157710263	157710504	4	2	2	2	d	4	2	2	0.05	0.1	NA	NA	NA	2	2	1	NA	NA	NA	NA	NA	NA	NA	NA	NA	NA	2	2	1	NA	NA	NA	4	2	2
5	157710505	180689978	4	2	2	3	b	5	2	2	0.0415573760498	0.120251480561	NA	NA	NA	2	2	1	NA	NA	NA	NA	NA	NA	NA	4	2	2	2	2	1	NA	NA	NA	4	2	2
6	39681	180247	2	1	1	2	d	2	NA	NA	NA	NA	NA	NA	NA	NA	NA	NA	NA	NA	NA	NA	NA	NA	NA	NA	NA	NA	1	1	1	NA	NA	NA	2	1	1
6	180248	58699999	2	1	1	3	b	5	1	1	0.0496990960952	0.0934483360762	NA	NA	NA	1	1	1	NA	NA	NA	NA	NA	NA	NA	2	1	1	1	1	1	NA	NA	NA	2	1	1
6	58700000	63299999	2	1	1	2	d	3	1	1	0.0430951008124	0.109579558336	NA	NA	NA	NA	NA	NA	NA	NA	NA	NA	NA	NA	NA	2	1	1	1	0	0.317507	1	1	0.682493	2	1	1
6	63300000	170861835	2	1	1	3	b	5	1	1	0.0464095267312	0.0861918928529	NA	NA	NA	1	1	1	NA	NA	NA	NA	NA	NA	NA	2	1	1	1	1	1	NA	NA	NA	2	1	1
7	40386	57999999	4	2	2	3	b	5	2	2	0.0424486068988	0.106597102944	NA	NA	NA	2	2	1	NA	NA	NA	NA	NA	NA	NA	4	2	2	2	2	1	NA	NA	NA	4	2	2
7	58000000	61750245	4	2	2	2	d	3	2	2	0.05	0.321544932028	NA	NA	NA	1	0	0.763504485588851	1	1	0.236495514411149	NA	0	0.763504485588851	0.763504485588851	NA	NA	NA	2	2	1	NA	NA	NA	4	2	2
7	61750246	85815480	4	2	2	3	b	5	2	2	0.0429958303507	0.118510486934	NA	NA	NA	2	2	1	NA	NA	NA	NA	NA	NA	NA	4	2	2	2	2	1	NA	NA	NA	4	2	2
7	85815481	85817146	4	2	2	2	d	4	2	2	0.05	0.1	NA	NA	NA	2	2	1	NA	NA	NA	NA	NA	NA	NA	NA	NA	NA	2	2	1	NA	NA	NA	4	2	2
7	85817147	158817500	4	2	2	3	b	5	2	2	0.0408482072083	0.104822997507	NA	NA	NA	2	2	1	NA	NA	NA	NA	NA	NA	NA	4	2	2	2	2	1	NA	NA	NA	4	2	2
8	10001	161470	2	2	0	2	d	2	NA	NA	NA	NA	NA	NA	NA	2	0	1	NA	NA	NA	NA	NA	NA	NA	NA	NA	NA	1	0	1	NA	NA	NA	2	0	2
8	161471	33119921	2	2	0	2	d	4	2	0	0.0730931362915	0.0947598380125	NA	NA	NA	2	0	1	NA	NA	NA	NA	NA	NA	NA	2	0	2	1	0	1	NA	NA	NA	2	0	2
8	33119922	43099999	6	4	2	2	d	3	4	1.72	0.0548394657675	0.136340120169	NA	NA	NA	4	1	0.266896115851888	4	2	0.733103884148112	0.0161866274169503	0.0159429850873332	0.234781233168368	0.297260664138066	6	2	4	4	2	1	NA	NA	NA	6	2	4
8	43100000	48099999	NA	NA	NA	NA	NA	NA	3.48	1	0.05	0.199370507508	NA	NA	NA	NA	NA	NA	NA	NA	NA	NA	NA	NA	NA	5	1	4	4	2	1	NA	NA	NA	6	2	4
8	48100000	88142157	7	5	2	2	d	3	3.48	1	0.055869923697	0.128767783469	NA	NA	NA	5	2	1	NA	NA	NA	NA	NA	NA	NA	7	2	5	5	2	1	NA	NA	NA	6	2	4
8	88142158	88261330	6	4	2	1	g	NA	2	2	0.05	0.0872170641215	NA	NA	NA	4	2	1	NA	NA	NA	NA	NA	NA	NA	7	3	4	3	3	1	NA	NA	NA	6	2	4
8	88261331	146364021	7	5	2	2	d	3	3.28	1	0.0570847823242	0.108717510444	NA	NA	NA	5	2	1	NA	NA	NA	NA	NA	NA	NA	7	2	5	5	2	1	NA	NA	NA	6	2	4
9	62780	191842	4	3	1	1	h	1	2	2	0.05	0.1	NA	NA	NA	NA	NA	NA	NA	NA	NA	NA	NA	NA	NA	NA	NA	NA	3	1	1	NA	NA	NA	NA	NA	NA
9	191843	47299999	3	2	1	2	d	4	2	1	0.0543967768091	0.107291108079	NA	NA	NA	2	1	1	NA	NA	NA	NA	NA	NA	NA	3	1	2	1	1	1	NA	NA	NA	3	1	2
9	47300000	50699999	NA	NA	NA	NA	NA	NA	NA	NA	NA	NA	NA	NA	NA	NA	NA	NA	NA	NA	NA	NA	NA	NA	NA	1	0	1	1	1	1	NA	NA	NA	3	1	2
9	50700000	71076338	2	1	1	1	h	1	3	1	0.05	0.267291106878	NA	NA	NA	NA	NA	NA	NA	NA	NA	NA	NA	NA	NA	NA	NA	NA	1	1	1	NA	NA	NA	3	1	2
9	71076339	140267500	3	2	1	2	d	4	1.72	1	0.0568086816727	0.0926853957772	NA	NA	NA	2	1	1	NA	NA	NA	NA	NA	NA	NA	3	1	2	2	1	1	NA	NA	NA	3	1	2
9	140267501	141048344	3	2	1	2	d	3	NA	NA	NA	NA	NA	NA	NA	2	1	1	NA	NA	NA	NA	NA	NA	NA	2	1	1	2	1	1	NA	NA	NA	3	1	2
10	96595	37899335	3	2	1	3	b	5	2	1	0.0573663898476	0.101939578517	NA	NA	NA	2	1	1	NA	NA	NA	NA	NA	NA	NA	3	1	2	2	1	1	NA	NA	NA	3	1	2
10	37899336	37999999	1	1	0	2	d	4	1	0	0.05	0.0540498710518	NA	NA	NA	1	0	1	NA	NA	NA	NA	NA	NA	NA	1	0	1	0	0	1	NA	NA	NA	1	0	1
10	38000000	42367499	NA	NA	NA	NA	NA	NA	1	0	0.0652988129601	0.157354862909	NA	NA	NA	1	0	0.810217078207156	2	0	0.189782921792844	0.0492798713689027	0.0499922302637238	0.714376353008239	0.906819003334435	1	0	1	NA	NA	NA	NA	NA	NA	3	0	3
10	42367500	42603160	0	0	0	1	h	1	2	1	0.05	0.322949160915	NA	NA	NA	1	0	0.7149935320237	1	1	0.2850064679763	0.107662048592645	0.107136077152984	0.398338266662261	0.805520594458747	1	0	1	0	0	1	NA	NA	NA	3	0	3
10	42603161	135389924	3	3	0	2	d	2	3.28	0	0.0871728711404	0.105743749649	NA	NA	NA	3	0	0.590634344976781	3	1	0.409365655023219	0.00527542371930417	0.00544216275495023	0.4386582153264	0.460192120712725	3	0	3	0	0	1	NA	NA	NA	3	0	3
11	20721	190009	4	2	2	2	d	3	2	2	0.05	0.1	NA	NA	NA	NA	NA	NA	NA	NA	NA	NA	NA	NA	NA	NA	NA	NA	2	2	1	NA	NA	NA	4	2	2
11	190010	51599999	4	2	2	3	b	5	2	2	0.0432732837707	0.120056022426	NA	NA	NA	2	2	1	NA	NA	NA	NA	NA	NA	NA	4	2	2	2	2	1	NA	NA	NA	4	2	2
11	51600000	55699999	4	2	2	2	d	4	2	2	0.0397887639479	0.208171357591	NA	NA	NA	2	2	1	NA	NA	NA	NA	NA	NA	NA	3	1	2	2	2	1	NA	NA	NA	4	2	2
11	55700000	72970071	4	2	2	3	b	5	2	2	0.0439314479488	0.11920645473	NA	NA	NA	2	2	1	NA	NA	NA	NA	NA	NA	NA	4	2	2	2	2	1	NA	NA	NA	4	2	2
11	72970072	72974052	4	2	2	2	d	4	2	2	0.05	0.1	NA	NA	NA	2	2	1	NA	NA	NA	NA	NA	NA	NA	NA	NA	NA	2	2	1	NA	NA	NA	4	2	2
11	72974053	134442500	4	2	2	3	b	5	2	2	0.0406539968646	0.102442298945	NA	NA	NA	2	2	1	NA	NA	NA	NA	NA	NA	NA	4	2	2	2	2	1	NA	NA	NA	4	2	2
12	110107	33299999	3	2	1	3	b	5	2	1	0.0540860901626	0.107809899019	NA	NA	NA	2	1	1	NA	NA	NA	NA	NA	NA	NA	3	1	2	2	1	1	NA	NA	NA	3	1	2
12	33300000	38199999	NA	NA	NA	NA	NA	NA	2	1	0.0488295200679	0.1488253252	NA	NA	NA	NA	NA	NA	NA	NA	NA	NA	NA	NA	NA	2	1	1	1	1	1	NA	NA	NA	3	1	2
12	38200000	132342500	3	2	1	3	b	5	2	1	0.0557014039329	0.0969711214133	NA	NA	NA	2	1	1	NA	NA	NA	NA	NA	NA	NA	3	1	2	2	1	1	NA	NA	NA	3	1	2
12	132342501	133851894	3	2	1	2	d	3	NA	NA	NA	NA	NA	NA	NA	2	1	1	NA	NA	NA	NA	NA	NA	NA	2	1	1	2	1	1	NA	NA	NA	3	1	2
13	1	16299999	4	2	2	1	h	1	NA	NA	NA	NA	NA	NA	NA	NA	NA	NA	NA	NA	NA	NA	NA	NA	NA	NA	NA	NA	NA	NA	NA	NA	NA	NA	4	2	2
13	16300000	19499999	NA	NA	NA	NA	NA	NA	2	1	0.0523405904085	0.16374382745	NA	NA	NA	2	2	1	NA	NA	NA	NA	NA	NA	NA	3	1	2	2	1	1	NA	NA	NA	4	2	2
13	19500000	114137500	4	2	2	2	d	4	1.72	1.72	0.0414481994417	0.101961106169	NA	NA	NA	2	2	1	NA	NA	NA	NA	NA	NA	NA	4	2	2	2	2	1	NA	NA	NA	4	2	2
13	114137501	114998977	4	2	2	2	d	2	NA	NA	NA	NA	NA	NA	NA	2	2	0.69027639333677	3	2	0.30972360666323	0.0891382512841506	0.0902790755431599	0.397460511379723	0.752972262098342	1	0	1	2	2	1	NA	NA	NA	4	2	2
14	1	16099999	2	1	1	1	h	1	NA	NA	NA	NA	NA	NA	NA	NA	NA	NA	NA	NA	NA	NA	NA	NA	NA	NA	NA	NA	NA	NA	NA	NA	NA	NA	2	1	1
14	16100000	19099999	NA	NA	NA	NA	NA	NA	NA	NA	NA	NA	NA	NA	NA	NA	NA	NA	NA	NA	NA	NA	NA	NA	NA	NA	NA	NA	1	0	1	NA	NA	NA	2	1	1
14	19100000	19622916	1	1	0	1	h	1	NA	NA	NA	NA	NA	NA	NA	NA	NA	NA	NA	NA	NA	NA	NA	NA	NA	NA	NA	NA	1	0	1	NA	NA	NA	2	1	1
14	19622917	20432547	1	1	0	1	g	1	1.84	1.72	0.05	0.190241274854	NA	NA	NA	NA	NA	NA	NA	NA	NA	NA	NA	NA	NA	NA	NA	NA	1	0	1	NA	NA	NA	2	1	1
14	20432548	106362500	2	1	1	3	b	5	1	1	0.0477383663122	0.0865988080256	NA	NA	NA	1	1	1	NA	NA	NA	NA	NA	NA	NA	2	1	1	1	1	1	NA	NA	NA	2	1	1
15	1	15799999	4	2	2	1	h	1	NA	NA	NA	NA	NA	NA	NA	NA	NA	NA	NA	NA	NA	NA	NA	NA	NA	NA	NA	NA	NA	NA	NA	NA	NA	NA	4	2	2
15	15800000	20699999	NA	NA	NA	NA	NA	NA	2	2	0.05	0.373729174958	NA	NA	NA	1	1	1	NA	NA	NA	NA	NA	NA	NA	NA	NA	NA	2	1	1	NA	NA	NA	4	2	2
15	20700000	100354233	4	2	2	3	b	5	2	2	0.0432692304416	0.112138659333	NA	NA	NA	2	2	1	NA	NA	NA	NA	NA	NA	NA	4	2	2	2	2	1	NA	NA	NA	4	2	2
15	100354234	102531391	4	2	2	2	d	4	NA	NA	NA	NA	NA	NA	NA	2	2	1	NA	NA	NA	NA	NA	NA	NA	4	2	2	2	2	1	NA	NA	NA	4	2	2
16	100010	5015179	4	2	2	2	f	2	2.16	2.16	0.0449733465279	0.142968726786	NA	NA	NA	2	2	1	NA	NA	NA	NA	NA	NA	NA	3	1	2	3	2	1	NA	NA	NA	4	1	3
16	5015180	5065228	6	4	2	1	g	NA	NA	NA	NA	NA	NA	NA	NA	4	2	1	NA	NA	NA	NA	NA	NA	NA	4	2	2	3	2	1	NA	NA	NA	5	2	3
16	5065229	5118177	6	4	2	1	g	NA	3	3	0.05	0.115945433977	NA	NA	NA	4	2	1	NA	NA	NA	NA	NA	NA	NA	4	2	2	4	2	1	NA	NA	NA	5	2	3
16	5118178	33862391	4	2	2	2	d	3	2	2	0.0434019294426	0.137477675268	NA	NA	NA	2	2	1	NA	NA	NA	NA	NA	NA	NA	3	1	2	2	2	1	NA	NA	NA	4	1	3
16	33862392	38599999	4	2	2	2	d	3	2	2	0.05	0.17727076156	NA	NA	NA	2	2	1	NA	NA	NA	NA	NA	NA	NA	3	1	2	2	2	1	NA	NA	NA	3	1	2
16	38600000	46447499	4	2	2	1	h	1	NA	NA	NA	NA	NA	NA	NA	NA	NA	NA	NA	NA	NA	NA	NA	NA	NA	NA	NA	NA	2	2	1	NA	NA	NA	3	1	2
16	46447500	52715158	4	2	2	2	d	3	2	2	0.0431604823622	0.105604641407	NA	NA	NA	2	2	1	NA	NA	NA	NA	NA	NA	NA	3	1	2	2	2	1	NA	NA	NA	3	1	2
16	52715159	52717780	7	5	2	1	g	NA	2	2	0.05	0.1	NA	NA	NA	5	2	1	NA	NA	NA	NA	NA	NA	NA	5	2	3	2	2	1	NA	NA	NA	5	1	4
16	52717781	88822500	4	2	2	3	b	5	2	2	0.0456462744347	0.11774969708	NA	NA	NA	2	2	1	NA	NA	NA	NA	NA	NA	NA	4	2	2	2	2	1	NA	NA	NA	4	2	2
16	88822501	90354752	4	2	2	2	d	2	NA	NA	NA	NA	NA	NA	NA	2	2	0.825780471251937	3	2	0.174219528748063	0.0463270009474362	0.0451326842170591	0.729098988755302	0.906127863816026	4	2	2	3	2	1	NA	NA	NA	4	2	2
17	12500	22199999	2	2	0	2	d	4	2.16	0	0.0732161361828	0.0937280437136	NA	NA	NA	2	0	1	NA	NA	NA	NA	NA	NA	NA	2	0	2	2	0	1	NA	NA	NA	2	0	2
17	22200000	25799999	NA	NA	NA	NA	NA	NA	2	0.52	0.047903630445	0.130555018887	NA	NA	NA	NA	NA	NA	NA	NA	NA	NA	NA	NA	NA	2	1	1	2	0	1	NA	NA	NA	3	1	2
17	25800000	36357500	3	2	1	2	e	4	2	0.52	0.067268871709	0.129415347981	NA	NA	NA	2	0	0.502202346047283	2	1	0.497797653952717	0.00911866725086144	0.00893547476493618	0.484659382859549	0.519129695987522	2	0	2	2	0	0.372865	2	1	0.627135	3	1	2
17	36357501	52602500	3	2	1	2	e	4	2	0.52	0.067702032961	0.133387812527	NA	NA	NA	2	0	0.502202346047283	2	1	0.497797653952717	0.00911866725086144	0.00893547476493618	0.484659382859549	0.519129695987522	2	1	1	2	0	0.399795	2	1	0.600205	3	1	2
17	52602501	78772500	2	2	0	2	d	2	2.16	0.35	0.0707838073275	0.0921445114402	NA	NA	NA	2	0	0.732722961743917	2	1	0.267277038256083	0.00742733171335191	0.00772426362346054	0.717796855178429	0.748133690649503	2	0	2	2	0	0.583529	2	1	0.416471	2	0	2
17	78772501	81195209	2	2	0	2	d	2	NA	NA	NA	NA	NA	NA	NA	2	0	0.732722961743917	2	1	0.267277038256083	0.00742733171335191	0.00772426362346054	0.717796855178429	0.748133690649503	2	0	2	2	0	0.674593	2	1	0.325407	2	0	2
18	10001	15399999	4	2	2	3	b	5	2	2	0.0414451952033	0.136098076426	NA	NA	NA	2	2	1	NA	NA	NA	NA	NA	NA	NA	4	2	2	2	2	1	NA	NA	NA	4	2	2
18	15400000	18999999	4	2	2	2	d	4	2	2	0.05	0.107551657395	NA	NA	NA	2	2	1	NA	NA	NA	NA	NA	NA	NA	3	1	2	2	2	1	NA	NA	NA	4	2	2
18	19000000	76112500	4	2	2	3	b	5	2	2	0.0419873903145	0.102670537126	NA	NA	NA	2	2	1	NA	NA	NA	NA	NA	NA	NA	4	2	2	2	2	1	NA	NA	NA	4	2	2
18	76112501	78077247	4	2	2	2	d	3	NA	NA	NA	NA	NA	NA	NA	2	2	1	NA	NA	NA	NA	NA	NA	NA	3	1	2	2	2	1	NA	NA	NA	4	2	2
19	260137	5519475	3	2	1	2	d	2	2.28	0.84	0.064653162698	0.112139163145	NA	NA	NA	2	0	0.3204006389327	2	1	0.6795993610673	0.0186989417382895	0.0187328089837722	0.239914333073835	0.313484625355622	2	1	1	2	1	1	NA	NA	NA	3	1	2
19	5519476	11647250	2	2	0	2	d	4	2.28	0	0.0755199414903	0.0988831017712	NA	NA	NA	2	0	1	NA	NA	NA	NA	NA	NA	NA	2	0	2	2	0	1	NA	NA	NA	2	0	2
19	11647251	11648589	2	2	0	2	d	3	2.28	0	0.05	0.1	NA	NA	NA	2	0	1	NA	NA	NA	NA	NA	NA	NA	NA	NA	NA	2	0	1	NA	NA	NA	2	0	2
19	11648590	24399999	2	2	0	2	d	3	2.16	0	0.0774636812902	0.149632736958	NA	NA	NA	2	0	1	NA	NA	NA	NA	NA	NA	NA	2	0	2	2	0	0.551048	1	0	0.448952	2	0	2
19	24400000	28942499	NA	NA	NA	NA	NA	NA	2	1	0.05	0.0993065416735	NA	NA	NA	2	1	1	NA	NA	NA	NA	NA	NA	NA	NA	NA	NA	2	0	1	NA	NA	NA	3	1	2
19	28942500	59128982	3	2	1	3	b	5	2	1	0.0591405953433	0.139506288993	NA	NA	NA	2	1	1	NA	NA	NA	NA	NA	NA	NA	3	1	2	2	1	1	NA	NA	NA	3	1	2
20	28004	25599999	4	2	2	2	d	3	1.72	1.72	0.0422549739966	0.0999430190656	NA	NA	NA	2	2	1	NA	NA	NA	NA	NA	NA	NA	4	2	2	2	2	1	NA	NA	NA	4	1	3
20	25600000	29399999	4	2	2	2	d	2	1.72	1.72	0.0435986595946	0.115353862732	NA	NA	NA	2	2	1	NA	NA	NA	NA	NA	NA	NA	4	2	2	2	2	0.678879	2	1	0.321121	4	1	3
20	29400000	62432500	4	2	2	2	d	3	1.72	1.72	0.0438189075631	0.105907908163	NA	NA	NA	2	2	1	NA	NA	NA	NA	NA	NA	NA	4	2	2	2	2	1	NA	NA	NA	4	1	3
21	1	9417499	NA	NA	NA	NA	NA	NA	2	1	0.05	0.1	NA	NA	NA	NA	NA	NA	NA	NA	NA	NA	NA	NA	NA	NA	NA	NA	2	0	1	NA	NA	NA	NA	NA	NA
21	9417500	10723800	NA	NA	NA	NA	NA	NA	2	1	0.05	0.296142633405	NA	NA	NA	NA	NA	NA	NA	NA	NA	NA	NA	NA	NA	NA	NA	NA	2	0	1	NA	NA	NA	NA	NA	NA
21	10723801	14299999	1	1	0	1	h	1	2	1	0.05	0.170611453702	NA	NA	NA	NA	NA	NA	NA	NA	NA	NA	NA	NA	NA	NA	NA	NA	1	0	1	NA	NA	NA	NA	NA	NA
21	14300000	46937500	3	2	1	2	d	4	2	1	0.0561086194404	0.101589562264	NA	NA	NA	2	1	1	NA	NA	NA	NA	NA	NA	NA	3	1	2	2	1	1	NA	NA	NA	NA	NA	NA
21	46937501	48129894	3	2	1	2	d	3	NA	NA	NA	NA	NA	NA	NA	2	1	1	NA	NA	NA	NA	NA	NA	NA	3	1	2	2	1	1	NA	NA	NA	NA	NA	NA
22	1	12199999	4	3	1	1	h	1	NA	NA	NA	NA	NA	NA	NA	NA	NA	NA	NA	NA	NA	NA	NA	NA	NA	NA	NA	NA	NA	NA	NA	NA	NA	NA	4	1	3
22	12200000	17899999	NA	NA	NA	NA	NA	NA	2	2	0.0676927878373	0.156582806307	NA	NA	NA	2	2	1	NA	NA	NA	NA	NA	NA	NA	3	1	2	2	1	1	NA	NA	NA	4	1	3
22	17900000	49687500	4	2	2	2	d	3	2	2	0.0453817449376	0.123027489669	NA	NA	NA	2	2	1	NA	NA	NA	NA	NA	NA	NA	3	1	2	2	2	1	NA	NA	NA	4	1	3
22	49687501	51304565	4	2	2	1	h	1	NA	NA	NA	NA	NA	NA	NA	2	1	0.348439057496135	2	2	0.651560942503865	0.0915307153424896	0.0923977916479484	0.146936050520511	0.510884879189991	3	1	2	2	2	1	NA	NA	NA	4	1	3
X	1	7163106	4	2	2	1	g	NA	1	1	0.0423555053952	0.136841209388	NA	NA	NA	2	2	1	NA	NA	NA	NA	NA	NA	NA	3	1	2	NA	NA	NA	NA	NA	NA	3	1	2
X	7163107	7177779	4	3	1	1	g	NA	1	1	0.05	0.1	NA	NA	NA	3	1	1	NA	NA	NA	NA	NA	NA	NA	NA	NA	NA	NA	NA	NA	NA	NA	NA	4	2	2
X	7177780	58099999	4	2	2	2	d	3	1	1	0.0426602073065	0.152260429627	NA	NA	NA	2	2	1	NA	NA	NA	NA	NA	NA	NA	4	2	2	NA	NA	NA	NA	NA	NA	4	2	2
X	58100000	62999999	4	2	2	1	g	NA	1	1	0.0449918913659	0.246388902107	NA	NA	NA	2	2	1	NA	NA	NA	NA	NA	NA	NA	3	1	2	NA	NA	NA	NA	NA	NA	3	1	2
X	63000000	154929638	4	2	2	1	g	NA	1	1	0.0424334378112	0.106679583791	NA	NA	NA	2	2	1	NA	NA	NA	NA	NA	NA	NA	4	2	2	NA	NA	NA	NA	NA	NA	3	1	2
