chromosome	start	end	total_cn	major_cn	minor_cn	star	level	methods_agree	absolute_broad_major_cn	absolute_broad_minor_cn	absolute_broad_het_error	absolute_broad_cov_error	aceseq_copy_number	aceseq_minor_cn	aceseq_major_cn	battenberg_nMaj1_A	battenberg_nMin1_A	battenberg_frac1_A	battenberg_nMaj2_A	battenberg_nMin2_A	battenberg_frac2_A	battenberg_SDfrac_A	battenberg_SDfrac_A_BS	battenberg_frac1_A_0.025	battenberg_frac1_A_0.975	clonehd_copy_number	clonehd_minor_cn	clonehd_major_cn	sclust_nMaj1_A	sclust_nMin1_A	sclust_frac1_A	sclust_nMaj2_A	sclust_nMin2_A	sclust_frac2_A	jabba_copy_number	jabba_minor_cn	jabba_major_cn
1	1	121499999	2	1	1	3	a	6	1	1	0.0530731713871	0.124176730149	2	1	1	1	1	1	NA	NA	NA	NA	NA	NA	NA	2	1	1	1	1	1	NA	NA	NA	2	1	1
1	121500000	128899999	2	1	1	3	b	5	1	1	0.05	0.1	2	1	1	1	1	1	NA	NA	NA	NA	NA	NA	NA	NA	NA	NA	1	1	1	NA	NA	NA	2	1	1
1	128900000	247247500	2	1	1	3	a	6	1	1	0.0542713485962	0.131974157159	2	1	1	1	1	1	NA	NA	NA	NA	NA	NA	NA	2	1	1	1	1	1	NA	NA	NA	2	1	1
1	247247501	249250620	2	1	1	2	d	3	NA	NA	NA	NA	2.12178	1.06089024	1.0608902	1	0	0.0529100529100536	1	1	0.947089947089946	0.0103687875739982	0.0104019871139172	0.0329834603432149	0.0745386139609827	2	1	1	1	1	1	NA	NA	NA	2	1	1
2	20016	89158358	2	1	1	2	d	5	1	1	0.0528880660196	0.139637777534	2.145262	1.07263113	1.0726311	1	1	1	NA	NA	NA	NA	NA	NA	NA	2	1	1	1	1	1	NA	NA	NA	2	1	1
2	89158359	89190521	2	1	1	1	g	NA	NA	NA	NA	NA	2.145262	1.07263113	1.0726311	2	0	1	NA	NA	NA	NA	NA	NA	NA	0	0	0	1	1	1	NA	NA	NA	0	0	0
2	89190522	89622802	0	0	0	2	d	2	NA	NA	NA	NA	NA	NA	NA	NA	NA	NA	NA	NA	NA	NA	NA	NA	NA	0	0	0	1	1	1	NA	NA	NA	0	0	0
2	89622803	96799999	NA	NA	NA	NA	NA	NA	1	1	0.0431851525397	0.221646187419	2	1	1	NA	NA	NA	NA	NA	NA	NA	NA	NA	NA	2	1	1	1	1	1	NA	NA	NA	2	1	1
2	96800000	242985493	2	1	1	3	a	6	1	1	0.0537079525104	0.143464061553	2	1	1	1	1	1	NA	NA	NA	NA	NA	NA	NA	2	1	1	1	1	1	NA	NA	NA	2	1	1
3	67500	87899999	2	1	1	3	a	6	1	1	0.0541010257989	0.136543950772	2	1	1	1	1	1	NA	NA	NA	NA	NA	NA	NA	2	1	1	1	1	1	NA	NA	NA	2	1	1
3	87900000	93899999	2	1	1	3	a	6	1	1	0.0544466014156	0.103275767474	2	1	1	1	1	1	NA	NA	NA	NA	NA	NA	NA	2	1	1	1	1	1	NA	NA	NA	2	1	1
3	93900000	198022429	2	1	1	3	a	6	1	1	0.0528294250682	0.134646286049	2	1	1	1	1	1	NA	NA	NA	NA	NA	NA	NA	2	1	1	1	1	1	NA	NA	NA	2	1	1
4	27500	42031	2	1	1	2	d	2	NA	NA	NA	NA	NA	NA	NA	NA	NA	NA	NA	NA	NA	NA	NA	NA	NA	NA	NA	NA	1	1	1	NA	NA	NA	2	1	1
4	42032	48199999	2	1	1	3	a	6	1	1	0.0525157402439	0.132596651303	2	1	1	1	1	1	NA	NA	NA	NA	NA	NA	NA	2	1	1	1	1	1	NA	NA	NA	2	1	1
4	48200000	52699999	2	1	1	2	d	3	1	1	0.0450855166561	0.228355799173	2.501563	1.2507817	1.2507817	NA	NA	NA	NA	NA	NA	NA	NA	NA	NA	3	1	2	1	1	1	NA	NA	NA	2	1	1
4	52700000	144009697	2	1	1	3	a	6	1	1	0.053173397005	0.120312346508	2	1	1	1	1	1	NA	NA	NA	NA	NA	NA	NA	2	1	1	1	1	1	NA	NA	NA	2	1	1
4	144009698	144440676	1	1	0	2	d	4	1	0	0.0413937772536	0.0746773590113	2	1	1	1	0	1	NA	NA	NA	NA	NA	NA	NA	1	0	1	0	0	1	NA	NA	NA	1	0	1
4	144440677	190987500	2	1	1	3	a	6	1	1	0.0553277531226	0.131449045161	2	1	1	1	1	1	NA	NA	NA	NA	NA	NA	NA	2	1	1	1	1	1	NA	NA	NA	2	1	1
5	22500	46099999	2	1	1	2	d	5	1	1	0.0543791100665	0.127192927289	1.872825	0.93641261	0.9364126	1	1	1	NA	NA	NA	NA	NA	NA	NA	2	1	1	1	1	1	NA	NA	NA	2	1	1
5	46100000	50699999	2	1	1	2	d	4	1	1	0.05	0.145007720187	1.872825	0.93641261	0.9364126	1	1	1	NA	NA	NA	NA	NA	NA	NA	3	1	2	1	1	1	NA	NA	NA	2	1	1
5	50700000	180712500	2	1	1	3	a	6	1	1	0.0537191516529	0.126086747272	2	1	1	1	1	1	NA	NA	NA	NA	NA	NA	NA	2	1	1	1	1	1	NA	NA	NA	2	1	1
6	39681	229981	2	1	1	2	d	4	1	1	0.05	0.1	NA	NA	NA	1	1	1	NA	NA	NA	NA	NA	NA	NA	NA	NA	NA	1	1	1	NA	NA	NA	2	1	1
6	229982	58699999	2	1	1	3	a	6	1	1	0.0542586405173	0.137424932873	2	1	1	1	1	1	NA	NA	NA	NA	NA	NA	NA	2	1	1	1	1	1	NA	NA	NA	2	1	1
6	58700000	63299999	2	1	1	3	a	6	1	1	0.0471305511392	0.163168710601	2	1	1	1	1	1	NA	NA	NA	NA	NA	NA	NA	2	1	1	1	1	1	NA	NA	NA	2	1	1
6	63300000	67056609	2	1	1	2	d	4	1	1	0.0566470220469	0.114789475666	1.850555	0.92527737	0.9252774	1	1	1	NA	NA	NA	NA	NA	NA	NA	1	0	1	1	1	1	NA	NA	NA	2	1	1
6	67056610	67058351	2	1	1	2	d	4	1	1	0.05	0.1	1.850555	0.92527737	0.9252774	1	1	1	NA	NA	NA	NA	NA	NA	NA	1	0	1	1	1	1	NA	NA	NA	2	1	1
6	67058352	170897500	2	1	1	3	a	6	1	1	0.0539273933363	0.135762170794	2	1	1	1	1	1	NA	NA	NA	NA	NA	NA	NA	2	1	1	1	1	1	NA	NA	NA	2	1	1
7	62367	57999999	2	1	1	3	a	6	1	1	0.0528745714615	0.140199338165	2	1	1	1	1	1	NA	NA	NA	NA	NA	NA	NA	2	1	1	1	1	1	NA	NA	NA	2	1	1
7	58000000	61699999	2	1	1	2	d	4	1	1	0.05	0.297720673616	2	1	1	NA	NA	NA	NA	NA	NA	NA	NA	NA	NA	NA	NA	NA	1	1	1	NA	NA	NA	2	1	1
7	61700000	84130030	2	1	1	3	a	6	1	1	0.0533940418356	0.146284857958	2	1	1	1	1	1	NA	NA	NA	NA	NA	NA	NA	2	1	1	1	1	1	NA	NA	NA	2	1	1
7	84130031	158817500	5	4	1	1	g	NA	2	1	0.0663626063502	0.179297863393	5	1	4	2	1	1	NA	NA	NA	NA	NA	NA	NA	5	1	4	4	1	1	NA	NA	NA	3	1	2
8	172500	43099999	2	1	1	2	d	5	1	1	0.055971146115	0.128836616728	2	1	1	1	0	0.0481000481000473	1	1	0.951899951899953	0.00204741657241919	0.00203271196336964	0.0366016045234386	0.0444760039323696	2	1	1	1	1	1	NA	NA	NA	2	1	1
8	43100000	48099999	2	1	1	2	d	4	1	1	0.05	0.151208056291	2.204681	0.81707092	1.3876104	NA	NA	NA	NA	NA	NA	NA	NA	NA	NA	2	1	1	1	1	1	NA	NA	NA	2	1	1
8	48100000	128756530	2	1	1	3	a	6	1	1	0.0543810309642	0.13209451515	2	1	1	1	1	1	NA	NA	NA	NA	NA	NA	NA	2	1	1	1	1	1	NA	NA	NA	2	1	1
8	128756531	146364021	2	1	1	2	d	5	1	1	0.0525639046592	0.109146593372	1.76509	0.88254523	0.8825452	1	1	1	NA	NA	NA	NA	NA	NA	NA	2	1	1	1	1	1	NA	NA	NA	2	1	1
9	47500	240669	2	1	1	2	f	2	1.32	0.68	0.05	0.1	2.186292	0.23192443	1.9543672	1	1	0.095615720584065	2	1	0.904384279415935	0.00469691443057903	0.00471550484655822	0.0861444225300144	0.104543734208352	NA	NA	NA	2	0	1	NA	NA	NA	2	1	1
9	240670	47299999	2	2	0	2	d	3	1.32	0.68	0.0787306144174	0.126325367311	2	0	2	1	1	0.095615720584065	2	1	0.904384279415935	0.00469691443057903	0.00471550484655822	0.0861444225300144	0.104543734208352	2	0	2	2	0	1	NA	NA	NA	2	1	1
9	47300000	50699999	NA	NA	NA	NA	NA	NA	NA	NA	NA	NA	2	0	2	NA	NA	NA	NA	NA	NA	NA	NA	NA	NA	1	0	1	NA	NA	NA	NA	NA	NA	2	1	1
9	50700000	71037499	2	1	1	2	d	3	1	1	0.05	0.225996138292	NA	NA	NA	1	1	1	NA	NA	NA	NA	NA	NA	NA	NA	NA	NA	NA	NA	NA	NA	NA	NA	2	1	1
9	71037500	140267500	2	1	1	3	a	6	1	1	0.054024124692	0.135700081653	2	1	1	1	1	1	NA	NA	NA	NA	NA	NA	NA	2	1	1	1	1	1	NA	NA	NA	2	1	1
10	10001	130012	2	1	1	2	d	3	1	1	0.05	0.1	NA	NA	NA	NA	NA	NA	NA	NA	NA	NA	NA	NA	NA	NA	NA	NA	1	1	1	NA	NA	NA	2	1	1
10	130013	37999999	2	1	1	3	a	6	1	1	0.0538261168209	0.141065681986	2	1	1	1	1	1	NA	NA	NA	NA	NA	NA	NA	2	1	1	1	1	1	NA	NA	NA	2	1	1
10	38000000	42299999	2	1	1	2	d	3	1	1	0.0671686342052	0.173939157556	2.188514	1.09425697	1.094257	1	0	0.0556947925368959	1	1	0.944305207463104	0.0143830515912566	0.0147220741401534	0.029658998965269	0.0857951302805727	2	1	1	NA	NA	NA	NA	NA	NA	2	1	1
10	42300000	135389924	2	1	1	3	a	6	1	1	0.0539011872228	0.144067412607	2	1	1	1	1	1	NA	NA	NA	NA	NA	NA	NA	2	1	1	1	1	1	NA	NA	NA	2	1	1
11	20721	187499	2	1	1	2	d	3	1	1	0.05	0.1	NA	NA	NA	NA	NA	NA	NA	NA	NA	NA	NA	NA	NA	NA	NA	NA	1	1	1	NA	NA	NA	2	1	1
11	187500	51599999	2	1	1	2	d	5	1	1	0.0534955592147	0.131633274385	1.895191	0.94759541	0.9475954	1	1	1	NA	NA	NA	NA	NA	NA	NA	2	1	1	1	1	1	NA	NA	NA	2	1	1
11	51600000	55699999	2	1	1	2	d	5	1	1	0.0731861312948	0.204880858359	2.142771	1.07138562	1.0713856	1	1	1	NA	NA	NA	NA	NA	NA	NA	2	1	1	1	1	1	NA	NA	NA	2	1	1
11	55700000	134442500	2	1	1	3	a	6	1	1	0.0542799287399	0.126339388035	2	1	1	1	1	1	NA	NA	NA	NA	NA	NA	NA	2	1	1	1	1	1	NA	NA	NA	2	1	1
12	110107	33299999	2	1	1	2	d	5	1	1	0.0506617039486	0.130994163125	2.245833	1.12291668	1.1229167	1	1	1	NA	NA	NA	NA	NA	NA	NA	2	1	1	1	1	1	NA	NA	NA	2	1	1
12	33300000	38199999	2	1	1	2	d	4	1	1	0.0615432018678	0.128983284922	2.140679	1.07033969	1.0703397	NA	NA	NA	NA	NA	NA	NA	NA	NA	NA	2	1	1	1	1	1	NA	NA	NA	2	1	1
12	38200000	132342500	2	1	1	3	a	6	1	1	0.0535760903322	0.126710136416	2	1	1	1	1	1	NA	NA	NA	NA	NA	NA	NA	2	1	1	1	1	1	NA	NA	NA	2	1	1
12	132342501	133851894	2	1	1	2	d	2	NA	NA	NA	NA	1.769258	0.88462906	0.8846291	1	0	0.0661375661375679	1	1	0.933862433862432	0.0171334960254856	0.0170395901315088	0.0630493604286126	0.131139428311584	NA	NA	NA	1	1	1	NA	NA	NA	2	1	1
13	1	16299999	2	1	1	1	h	1	NA	NA	NA	NA	NA	NA	NA	NA	NA	NA	NA	NA	NA	NA	NA	NA	NA	NA	NA	NA	NA	NA	NA	NA	NA	NA	2	1	1
13	16300000	19499999	2	1	1	2	d	4	1	1	0.05	0.17026895159	NA	NA	NA	1	1	1	NA	NA	NA	NA	NA	NA	NA	NA	NA	NA	1	1	1	NA	NA	NA	2	1	1
13	19500000	114137500	2	1	1	3	a	6	1	1	0.0546614744081	0.124010238568	2	1	1	1	1	1	NA	NA	NA	NA	NA	NA	NA	2	1	1	1	1	1	NA	NA	NA	2	1	1
13	114137501	115169877	2	1	1	2	d	3	NA	NA	NA	NA	2.123445	1.06172261	1.0617226	1	1	1	NA	NA	NA	NA	NA	NA	NA	3	1	2	1	1	1	NA	NA	NA	2	1	1
14	1	16099999	2	1	1	1	h	1	NA	NA	NA	NA	NA	NA	NA	NA	NA	NA	NA	NA	NA	NA	NA	NA	NA	NA	NA	NA	NA	NA	NA	NA	NA	NA	2	1	1
14	16100000	19099999	2	1	1	2	d	3	1	1	0.05	0.0729837807589	NA	NA	NA	NA	NA	NA	NA	NA	NA	NA	NA	NA	NA	NA	NA	NA	1	1	1	NA	NA	NA	2	1	1
14	19100000	106211908	2	1	1	3	a	6	1	1	0.0551634664237	0.118047903405	2	1	1	1	1	1	NA	NA	NA	NA	NA	NA	NA	2	1	1	1	1	1	NA	NA	NA	2	1	1
14	106211909	106324885	2	1	1	2	d	4	1	1	0.05	0.199479403956	2	1	1	1	1	1	NA	NA	NA	NA	NA	NA	NA	2	0	2	0	0	1	NA	NA	NA	2	1	1
14	106324886	106330465	0	0	0	1	g	NA	1	1	0.05	0.1	NA	NA	NA	1	1	1	NA	NA	NA	NA	NA	NA	NA	3	1	2	0	0	1	NA	NA	NA	NA	NA	NA
14	106330466	106993811	0	0	0	1	g	NA	0	0	0.05	0.1	NA	NA	NA	1	1	1	NA	NA	NA	NA	NA	NA	NA	2	0	2	0	0	1	NA	NA	NA	NA	NA	NA
15	1	15799999	2	1	1	1	h	1	NA	NA	NA	NA	NA	NA	NA	NA	NA	NA	NA	NA	NA	NA	NA	NA	NA	NA	NA	NA	NA	NA	NA	NA	NA	NA	2	1	1
15	15800000	20699999	2	1	1	2	d	3	1	1	0.05	0.173671397496	NA	NA	NA	1	1	1	NA	NA	NA	NA	NA	NA	NA	NA	NA	NA	2	0	1	NA	NA	NA	2	1	1
15	20700000	100332500	2	1	1	3	a	6	1	1	0.0535197917293	0.138012857586	2	1	1	1	1	1	NA	NA	NA	NA	NA	NA	NA	2	1	1	1	1	1	NA	NA	NA	2	1	1
15	100332501	102531391	2	1	1	2	d	4	NA	NA	NA	NA	1.875806	0.93790277	0.9379028	1	1	1	NA	NA	NA	NA	NA	NA	NA	2	1	1	1	1	1	NA	NA	NA	2	1	1
16	100010	32357445	2	1	1	3	a	6	1	1	0.0563242007805	0.119198417584	2	1	1	1	1	1	NA	NA	NA	NA	NA	NA	NA	2	1	1	1	1	1	NA	NA	NA	2	1	1
16	32357446	34599999	2	1	1	3	b	6	1	1	0.05	0.156340632039	2	1	1	1	1	1	NA	NA	NA	NA	NA	NA	NA	2	1	1	1	0	1	NA	NA	NA	2	1	1
16	34600000	38599999	2	1	1	3	b	5	1	1	0.05	0.179076135972	NA	NA	NA	1	1	1	NA	NA	NA	NA	NA	NA	NA	2	1	1	1	1	1	NA	NA	NA	2	1	1
16	38600000	77967019	2	1	1	3	a	6	1	1	0.0549985987471	0.124479073772	2	1	1	1	1	1	NA	NA	NA	NA	NA	NA	NA	2	1	1	1	1	1	NA	NA	NA	2	1	1
16	77967020	78220165	3	2	1	2	d	3	2	1	0.076466367255	0.0965568711942	4.49346	0.75588465	3.7375757	2	1	1	NA	NA	NA	NA	NA	NA	NA	5	1	4	1	1	1	NA	NA	NA	3	1	2
16	78220166	88822500	2	1	1	2	d	5	1	1	0.0546984415377	0.127544126947	1.843859	0.92192955	0.9219295	1	1	1	NA	NA	NA	NA	NA	NA	NA	2	1	1	1	1	1	NA	NA	NA	2	1	1
16	88822501	90354752	2	1	1	2	d	4	NA	NA	NA	NA	2	1	1	1	1	1	NA	NA	NA	NA	NA	NA	NA	3	1	2	1	1	1	NA	NA	NA	2	1	1
17	1389	22199999	2	1	1	2	d	5	1	1	0.0578188253257	0.130689501883	1.833289	0.91664451	0.9166445	1	1	1	NA	NA	NA	NA	NA	NA	NA	2	1	1	1	1	1	NA	NA	NA	2	1	1
17	22200000	25799999	2	1	1	2	d	5	1	1	0.0470912295609	0.117037498779	1.626211	0.81310563	0.8131056	1	1	1	NA	NA	NA	NA	NA	NA	NA	2	1	1	1	1	1	NA	NA	NA	2	1	1
17	25800000	78772500	2	1	1	3	a	6	1	1	0.052930377312	0.122697528354	2	1	1	1	1	1	NA	NA	NA	NA	NA	NA	NA	2	1	1	1	1	1	NA	NA	NA	2	1	1
17	78772501	81195209	2	1	1	2	d	3	NA	NA	NA	NA	2	1	1	1	1	0.947089947089945	2	1	0.052910052910055	0.0140758825986757	0.013880325399187	0.912447288860833	0.966016742630811	3	1	2	1	1	1	NA	NA	NA	2	1	1
18	27500	142227	2	1	1	2	d	4	1	1	0.05	0.16680262211	NA	NA	NA	1	1	1	NA	NA	NA	NA	NA	NA	NA	NA	NA	NA	1	1	1	NA	NA	NA	2	1	1
18	142228	15399999	2	1	1	2	d	5	1	1	0.0540392161387	0.136132592206	1.820369	0.91018428	0.9101843	1	1	1	NA	NA	NA	NA	NA	NA	NA	2	1	1	1	1	1	NA	NA	NA	2	1	1
18	15400000	18999999	2	1	1	2	d	4	1	1	0.05	0.123227184985	2.144216	1.07210797	1.072108	1	1	1	NA	NA	NA	NA	NA	NA	NA	3	1	2	1	1	1	NA	NA	NA	2	1	1
18	19000000	76112500	2	1	1	3	a	6	1	1	0.0536142497032	0.126688466124	2	1	1	1	1	1	NA	NA	NA	NA	NA	NA	NA	2	1	1	1	1	1	NA	NA	NA	2	1	1
18	76112501	78077247	2	1	1	3	b	5	NA	NA	NA	NA	2	1	1	1	1	1	NA	NA	NA	NA	NA	NA	NA	2	1	1	1	1	1	NA	NA	NA	2	1	1
19	102500	260136	2	1	1	2	d	4	1	1	0.05	0.1	NA	NA	NA	1	1	1	NA	NA	NA	NA	NA	NA	NA	3	1	2	1	1	1	NA	NA	NA	2	1	1
19	260137	24399999	2	1	1	3	b	6	1	1	0.0536240145474	0.123834151559	2	1	1	1	1	1	NA	NA	NA	NA	NA	NA	NA	3	1	2	1	1	1	NA	NA	NA	2	1	1
19	24400000	28599999	2	1	1	2	d	4	1	1	0.0525025840574	0.137359608905	2.242529	1.12126471	1.1212647	NA	NA	NA	NA	NA	NA	NA	NA	NA	NA	2	1	1	1	1	1	NA	NA	NA	2	1	1
19	28600000	59128982	2	1	1	3	a	6	1	1	0.0537217962748	0.140616931591	2	1	1	1	1	1	NA	NA	NA	NA	NA	NA	NA	2	1	1	1	1	1	NA	NA	NA	2	1	1
20	30020	25599999	2	1	1	2	d	5	1	1	0.05365987867	0.143270086898	1.859652	0.92982626	0.9298263	1	1	1	NA	NA	NA	NA	NA	NA	NA	2	1	1	1	1	1	NA	NA	NA	2	1	1
20	25600000	29399999	2	1	1	2	d	5	1	1	0.05	0.121898569769	1.859652	0.92982626	0.9298263	1	1	1	NA	NA	NA	NA	NA	NA	NA	2	1	1	1	1	1	NA	NA	NA	2	1	1
20	29400000	62432500	2	1	1	3	a	6	1	1	0.0540980854949	0.124057570811	2	1	1	1	1	1	NA	NA	NA	NA	NA	NA	NA	2	1	1	1	1	1	NA	NA	NA	2	1	1
21	1	9417499	NA	NA	NA	NA	NA	NA	1	1	0.05	0.1	NA	NA	NA	NA	NA	NA	NA	NA	NA	NA	NA	NA	NA	NA	NA	NA	2	0	1	NA	NA	NA	NA	NA	NA
21	9417500	10899999	NA	NA	NA	NA	NA	NA	1	1	0.05	0.198454495439	NA	NA	NA	NA	NA	NA	NA	NA	NA	NA	NA	NA	NA	NA	NA	NA	2	0	1	NA	NA	NA	NA	NA	NA
21	10900000	14299999	1	1	0	1	g	NA	1	1	0.05	0.154951437366	NA	NA	NA	NA	NA	NA	NA	NA	NA	NA	NA	NA	NA	NA	NA	NA	1	0	1	NA	NA	NA	NA	NA	NA
21	14300000	46937500	2	1	1	3	b	5	1	1	0.0559995939785	0.124065938751	2	1	1	1	1	1	NA	NA	NA	NA	NA	NA	NA	2	1	1	1	1	1	NA	NA	NA	NA	NA	NA
21	46937501	48129894	2	1	1	2	d	3	NA	NA	NA	NA	1.733956	0.86697817	0.8669782	1	1	1	NA	NA	NA	NA	NA	NA	NA	2	1	1	1	1	1	NA	NA	NA	NA	NA	NA
22	1	12199999	2	1	1	1	h	1	NA	NA	NA	NA	NA	NA	NA	NA	NA	NA	NA	NA	NA	NA	NA	NA	NA	NA	NA	NA	NA	NA	NA	NA	NA	NA	2	1	1
22	12200000	17899999	2	1	1	2	d	5	1	1	0.0516215620425	0.142168693424	2.366343	1.18317144	1.1831714	1	1	1	NA	NA	NA	NA	NA	NA	NA	2	1	1	1	1	1	NA	NA	NA	2	1	1
22	17900000	49687500	2	1	1	3	b	6	1	1	0.0546291002888	0.194018102133	2	1	1	1	1	1	NA	NA	NA	NA	NA	NA	NA	3	1	2	1	1	1	NA	NA	NA	2	1	1
22	49687501	51304565	2	1	1	2	d	4	NA	NA	NA	NA	2	1	1	1	1	1	NA	NA	NA	NA	NA	NA	NA	3	1	2	1	1	1	NA	NA	NA	2	1	1
X	1	58099999	1	1	0	3	a	3	1	0	0.055095270462	0.161500564133	1	0	1	NA	NA	NA	NA	NA	NA	NA	NA	NA	NA	1	0	1	NA	NA	NA	NA	NA	NA	1	0	1
X	58100000	62999999	1	1	0	2	d	2	0.78	0	0.05	0.209295254854	1	0	1	NA	NA	NA	NA	NA	NA	NA	NA	NA	NA	1	0	1	NA	NA	NA	NA	NA	NA	1	0	1
X	63000000	155270559	1	1	0	3	a	3	1	0	0.05	0.160542196421	1	0	1	NA	NA	NA	NA	NA	NA	NA	NA	NA	NA	1	0	1	NA	NA	NA	NA	NA	NA	1	0	1
Y	1	11599999	1	1	0	1	h	1	NA	NA	NA	NA	0.810272	0	0.810272	NA	NA	NA	NA	NA	NA	NA	NA	NA	NA	NA	NA	NA	NA	NA	NA	NA	NA	NA	2	0	2
Y	11600000	13399999	1	1	0	1	h	1	NA	NA	NA	NA	0.843043	0	0.843043	NA	NA	NA	NA	NA	NA	NA	NA	NA	NA	NA	NA	NA	NA	NA	NA	NA	NA	NA	2	0	2
Y	13400000	59373565	1	1	0	1	h	1	NA	NA	NA	NA	0.860177	0	0.860177	NA	NA	NA	NA	NA	NA	NA	NA	NA	NA	NA	NA	NA	NA	NA	NA	NA	NA	NA	2	0	2
