chromosome	start	end	total_cn	major_cn	minor_cn	star	level	methods_agree	absolute_broad_major_cn	absolute_broad_minor_cn	absolute_broad_het_error	absolute_broad_cov_error	aceseq_copy_number	aceseq_minor_cn	aceseq_major_cn	battenberg_nMaj1_A	battenberg_nMin1_A	battenberg_frac1_A	battenberg_nMaj2_A	battenberg_nMin2_A	battenberg_frac2_A	battenberg_SDfrac_A	battenberg_SDfrac_A_BS	battenberg_frac1_A_0.025	battenberg_frac1_A_0.975	clonehd_copy_number	clonehd_minor_cn	clonehd_major_cn	sclust_nMaj1_A	sclust_nMin1_A	sclust_frac1_A	sclust_nMaj2_A	sclust_nMin2_A	sclust_frac2_A	jabba_copy_number	jabba_minor_cn	jabba_major_cn
1	1	834753	4	2	2	2	d	3	2	2	0.05	0.35233874603	NA	NA	NA	2	2	1	NA	NA	NA	NA	NA	NA	NA	3	1	2	2	2	1	NA	NA	NA	3	1	2
1	834754	9343064	4	2	2	2	d	3	2	2	0.0393322999872	0.18306707562	NA	NA	NA	2	2	1	NA	NA	NA	NA	NA	NA	NA	3	1	2	2	2	1	NA	NA	NA	3	1	2
1	9343065	12948252	2	2	0	2	d	4	2	0	0.0600783137799	0.146441584663	NA	NA	NA	2	0	1	NA	NA	NA	NA	NA	NA	NA	1	0	1	2	0	1	NA	NA	NA	2	0	2
1	12948253	17053420	2	2	0	2	d	3	2	0	0.0635799741422	0.093793170199	NA	NA	NA	2	0	1	NA	NA	NA	NA	NA	NA	NA	1	0	1	2	0	0.625922	1	0	0.374078	2	0	2
1	17053421	17289001	2	2	0	2	d	3	NA	NA	NA	NA	NA	NA	NA	2	0	1	NA	NA	NA	NA	NA	NA	NA	1	0	1	2	0	1	NA	NA	NA	2	0	2
1	17289002	31983161	2	2	0	2	d	4	2	0	0.0615897587972	0.0862159360122	NA	NA	NA	2	0	1	NA	NA	NA	NA	NA	NA	NA	1	0	1	2	0	1	NA	NA	NA	2	0	2
1	31983162	53562242	4	2	2	2	d	4	2	2	0.0378600009591	0.125654333072	NA	NA	NA	2	2	1	NA	NA	NA	NA	NA	NA	NA	3	1	2	2	2	1	NA	NA	NA	4	2	2
1	53562243	121445601	4	2	2	3	b	5	2	2	0.0357826682921	0.126279847675	NA	NA	NA	2	2	1	NA	NA	NA	NA	NA	NA	NA	4	2	2	2	2	1	NA	NA	NA	4	2	2
1	121445602	128899999	4	2	2	2	d	3	2	2	0.05	0.1	NA	NA	NA	2	2	1	NA	NA	NA	NA	NA	NA	NA	NA	NA	NA	3	1	0.630306	2	1	0.369694	4	2	2
1	128900000	144540889	4	2	2	2	d	2	2	1	0.05	0.311774999042	NA	NA	NA	2	2	1	NA	NA	NA	NA	NA	NA	NA	NA	NA	NA	3	1	0.630306	2	1	0.369694	4	2	2
1	144540890	247249600	4	2	2	2	d	4	1.67	1.67	0.0367477929991	0.115594501295	NA	NA	NA	2	2	1	NA	NA	NA	NA	NA	NA	NA	4	2	2	2	2	1	NA	NA	NA	4	2	2
1	247249601	249250620	4	2	2	2	d	4	NA	NA	NA	NA	NA	NA	NA	2	2	1	NA	NA	NA	NA	NA	NA	NA	4	2	2	2	2	1	NA	NA	NA	4	2	2
2	35828	971656	3	2	1	2	d	4	2	1	0.0518208699435	0.117222556285	NA	NA	NA	2	1	1	NA	NA	NA	NA	NA	NA	NA	2	1	1	2	1	1	NA	NA	NA	3	1	2
2	971657	1187844	1	1	0	3	b	5	1	0	0.076219117149	0.0971851622145	NA	NA	NA	1	0	1	NA	NA	NA	NA	NA	NA	NA	1	0	1	1	0	1	NA	NA	NA	1	0	1
2	1187845	35940220	3	2	1	3	b	5	2	1	0.0560798099926	0.10499863436	NA	NA	NA	2	1	1	NA	NA	NA	NA	NA	NA	NA	3	1	2	2	1	1	NA	NA	NA	3	1	2
2	35940221	36331710	1	1	0	2	d	4	1	0	0.0728330339524	0.0709979465523	NA	NA	NA	1	0	0.868670729804843	2	0	0.131329270195157	0.0503375051050047	0.0505009193754744	0.76670052355009	0.968983598950386	1	0	1	1	0	1	NA	NA	NA	1	0	1
2	36331711	45844364	3	2	1	3	b	5	2	1	0.054842331794	0.108735229049	NA	NA	NA	2	1	1	NA	NA	NA	NA	NA	NA	NA	3	1	2	2	1	1	NA	NA	NA	3	1	2
2	45844365	46191971	1	1	0	3	b	5	1	0	0.0686272380469	0.0620569593084	NA	NA	NA	1	0	1	NA	NA	NA	NA	NA	NA	NA	1	0	1	1	0	1	NA	NA	NA	1	0	1
2	46191972	90499999	3	2	1	3	b	5	2	1	0.0568781460387	0.107515296759	NA	NA	NA	2	1	1	NA	NA	NA	NA	NA	NA	NA	3	1	2	2	1	1	NA	NA	NA	3	1	2
2	90500000	96799999	3	2	1	2	d	2	1.46	1.46	0.0448684277228	0.181650066557	NA	NA	NA	NA	NA	NA	NA	NA	NA	NA	NA	NA	NA	2	1	1	2	1	1	NA	NA	NA	3	1	2
2	96800000	160265908	3	2	1	3	b	5	2	1	0.0553607565321	0.106288402844	NA	NA	NA	2	1	1	NA	NA	NA	NA	NA	NA	NA	3	1	2	2	1	1	NA	NA	NA	3	1	2
2	160265909	160736905	2	2	0	2	d	3	2	0	0.0690445723242	0.0810780503122	NA	NA	NA	2	0	0.922634688299089	2	1	0.0773653117009107	0.0257649498201938	0.0259834343681238	0.868121451258057	0.968977142186343	2	0	2	2	0	0.441133	1	0	0.558867	2	0	2
2	160736906	160760676	3	2	1	2	d	2	2	1	0.05	0.1	NA	NA	NA	NA	NA	NA	NA	NA	NA	NA	NA	NA	NA	NA	NA	NA	2	1	1	NA	NA	NA	2	0	2
2	160760677	160764767	3	2	1	2	d	2	2	1	0.05	0.1	NA	NA	NA	NA	NA	NA	NA	NA	NA	NA	NA	NA	NA	NA	NA	NA	2	1	1	NA	NA	NA	NA	NA	NA
2	160764768	186312869	3	2	1	3	b	5	2	1	0.0566057583701	0.106435352577	NA	NA	NA	2	1	1	NA	NA	NA	NA	NA	NA	NA	3	1	2	2	1	1	NA	NA	NA	3	1	2
2	186312870	186791258	2	2	0	2	d	4	2	0	0.0753116778964	0.0974990156311	NA	NA	NA	2	0	1	NA	NA	NA	NA	NA	NA	NA	2	0	2	2	0	0.832858	2	1	0.167142	2	0	2
2	186791259	232726602	3	2	1	3	b	5	2	1	0.054377652488	1.71225672086	NA	NA	NA	2	1	1	NA	NA	NA	NA	NA	NA	NA	3	1	2	2	1	1	NA	NA	NA	3	1	2
2	232726603	233590806	3	2	1	2	d	3	1.77	1	0.055491525272	0.099371296917	NA	NA	NA	2	1	1	NA	NA	NA	NA	NA	NA	NA	2	1	1	2	1	1	NA	NA	NA	3	1	2
2	233590807	233608521	3	2	1	2	f	2	1.77	1	0.05	0.1	NA	NA	NA	NA	NA	NA	NA	NA	NA	NA	NA	NA	NA	NA	NA	NA	1	0	1	NA	NA	NA	3	1	2
2	233608522	233649312	3	2	1	2	f	2	1.77	1	0.05	0.1	NA	NA	NA	2	2	1	NA	NA	NA	NA	NA	NA	NA	NA	NA	NA	1	0	1	NA	NA	NA	3	1	2
2	233649313	233991266	1	1	0	3	b	5	1	0	0.0859126397635	0.0703993012704	NA	NA	NA	1	0	1	NA	NA	NA	NA	NA	NA	NA	1	0	1	1	0	1	NA	NA	NA	1	0	1
2	233991267	234178503	3	2	1	2	d	4	2	1	0.0585837472316	0.0947601158412	NA	NA	NA	2	1	1	NA	NA	NA	NA	NA	NA	NA	2	1	1	2	1	1	NA	NA	NA	3	1	2
2	234178504	234188249	3	2	1	2	d	4	2	1	0.05	0.1	NA	NA	NA	2	1	1	NA	NA	NA	NA	NA	NA	NA	NA	NA	NA	2	1	1	NA	NA	NA	3	1	2
2	234188250	242960945	3	2	1	2	d	4	2	1	0.0539281641111	0.115432542778	NA	NA	NA	2	1	1	NA	NA	NA	NA	NA	NA	NA	2	1	1	2	1	1	NA	NA	NA	3	1	2
3	62746	9121388	3	2	1	3	b	5	2	1	0.0556369699919	0.124396258626	NA	NA	NA	2	1	1	NA	NA	NA	NA	NA	NA	NA	3	1	2	2	1	1	NA	NA	NA	3	1	2
3	9121389	9127818	3	2	1	2	d	4	2	1	0.05	0.1	NA	NA	NA	2	1	1	NA	NA	NA	NA	NA	NA	NA	NA	NA	NA	2	1	1	NA	NA	NA	3	1	2
3	9127819	42873470	3	2	1	3	b	5	2	1	0.0556805501155	0.103003256057	NA	NA	NA	2	1	1	NA	NA	NA	NA	NA	NA	NA	3	1	2	2	1	1	NA	NA	NA	3	1	2
3	42873471	55211307	1	1	0	3	b	5	1	0	0.0682996067932	0.0722561088957	NA	NA	NA	1	0	1	NA	NA	NA	NA	NA	NA	NA	1	0	1	1	0	1	NA	NA	NA	1	0	1
3	55211308	73213437	3	2	1	3	b	5	2	1	0.0563504801889	0.116033012162	NA	NA	NA	2	1	1	NA	NA	NA	NA	NA	NA	NA	3	1	2	2	1	1	NA	NA	NA	3	1	2
3	73213438	73216396	3	2	1	2	d	4	2	1	0.05	0.1	NA	NA	NA	2	0	1	NA	NA	NA	NA	NA	NA	NA	3	1	2	2	1	1	NA	NA	NA	3	1	2
3	73216397	82959211	3	2	1	3	b	5	2	1	0.0592072855777	0.10572483339	NA	NA	NA	2	1	1	NA	NA	NA	NA	NA	NA	NA	3	1	2	2	1	1	NA	NA	NA	3	1	2
3	82959212	82961122	3	2	1	2	d	2	NA	NA	NA	NA	NA	NA	NA	NA	NA	NA	NA	NA	NA	NA	NA	NA	NA	NA	NA	NA	2	1	1	NA	NA	NA	3	1	2
3	82961123	83514002	5	3	2	2	d	3	3	2	0.0499885365299	0.146014112594	NA	NA	NA	3	2	0.840878229433037	3	3	0.159121770566963	0.058487874617788	0.059422690836041	0.726140853545005	0.96185599372605	6	3	3	3	2	1	NA	NA	NA	5	2	3
3	83514003	87899999	4	2	2	2	d	4	2	2	0.0370106467216	0.11107238118	NA	NA	NA	2	2	1	NA	NA	NA	NA	NA	NA	NA	5	2	3	2	2	1	NA	NA	NA	4	2	2
3	87900000	94290351	4	2	2	3	b	5	2	2	0.0389515615114	0.124187785598	NA	NA	NA	2	2	1	NA	NA	NA	NA	NA	NA	NA	4	2	2	2	2	1	NA	NA	NA	4	2	2
3	94290352	94309809	4	2	2	2	d	4	2	2	0.05	0.1	NA	NA	NA	2	2	1	NA	NA	NA	NA	NA	NA	NA	NA	NA	NA	2	2	1	NA	NA	NA	4	2	2
3	94309810	125405851	4	2	2	3	b	5	2	2	0.0362305974275	0.117381614247	NA	NA	NA	2	2	1	NA	NA	NA	NA	NA	NA	NA	4	2	2	2	2	1	NA	NA	NA	4	2	2
3	125405852	174415769	4	2	2	3	b	5	2	2	0.0362463324819	0.123129048285	NA	NA	NA	2	2	1	NA	NA	NA	NA	NA	NA	NA	4	2	2	2	2	1	NA	NA	NA	4	2	2
3	174415770	174426382	3	2	1	1	g	NA	2	2	0.05	0.1	NA	NA	NA	2	0	1	NA	NA	NA	NA	NA	NA	NA	3	1	2	2	2	1	NA	NA	NA	3	1	2
3	174426383	175334163	4	2	2	2	d	4	2	2	0.0403513782947	0.142732270089	NA	NA	NA	2	2	1	NA	NA	NA	NA	NA	NA	NA	5	2	3	2	2	1	NA	NA	NA	4	2	2
3	175334164	175511335	2	2	0	2	d	3	2	0	0.0491624040351	0.0755560069305	NA	NA	NA	1	0	0.193413279252276	2	0	0.806586720747724	0.127356220983912	0.119005995633015	0.07562947794672	0.542942839856245	2	0	2	2	0	0.501192	1	0	0.498808	2	0	2
3	175511336	195195218	4	2	2	3	b	5	2	2	0.0370678603578	0.125607327004	NA	NA	NA	2	2	1	NA	NA	NA	NA	NA	NA	NA	4	2	2	2	2	1	NA	NA	NA	4	2	2
3	195195219	198022429	4	2	2	2	d	4	2	2	0.0383142687145	0.179708551971	NA	NA	NA	2	2	1	NA	NA	NA	NA	NA	NA	NA	3	1	2	2	2	1	NA	NA	NA	4	2	2
4	1	44365	3	2	1	2	d	2	2	1	0.05	0.1	NA	NA	NA	NA	NA	NA	NA	NA	NA	NA	NA	NA	NA	NA	NA	NA	2	1	1	NA	NA	NA	NA	NA	NA
4	44366	260230	3	2	1	3	b	5	2	1	0.05	0.229224910106	NA	NA	NA	2	1	1	NA	NA	NA	NA	NA	NA	NA	3	1	2	2	1	1	NA	NA	NA	3	1	2
4	260231	4118723	2	2	0	2	d	3	2	0	0.0708780954012	0.101781066785	NA	NA	NA	2	0	1	NA	NA	NA	NA	NA	NA	NA	1	0	1	2	0	0.441133	1	0	0.558867	2	0	2
4	4118724	4123797	2	2	0	2	d	3	2	0	0.05	0.1	NA	NA	NA	2	0	1	NA	NA	NA	NA	NA	NA	NA	1	0	1	1	0	1	NA	NA	NA	2	0	2
4	4123798	4213152	2	2	0	2	d	3	2	0	0.0540939471325	0.146371876138	NA	NA	NA	2	0	1	NA	NA	NA	NA	NA	NA	NA	1	0	1	1	0	1	NA	NA	NA	2	0	2
4	4213153	4263151	2	2	0	3	b	5	2	0	0.05	0.1	NA	NA	NA	2	0	1	NA	NA	NA	NA	NA	NA	NA	2	0	2	2	0	1	NA	NA	NA	2	0	2
4	4263152	4365685	2	2	0	2	d	3	2	0	0.0704365131643	0.190920540849	NA	NA	NA	2	0	0.922634688299089	2	1	0.0773653117009107	0.0526635444608328	0.0528819825667077	0.749986627570584	0.957076129272213	2	0	2	2	0	0.760438	2	1	0.239562	2	0	2
4	4365686	5558976	3	2	1	2	d	3	2	1	0.0579866478401	0.104610096152	NA	NA	NA	1	1	0.137412159804939	2	1	0.862587840195061	0.032337377313544	0.0324889818035424	0.072483138436793	0.205049337003152	2	1	1	2	1	1	NA	NA	NA	3	1	2
4	5558977	7159326	2	2	0	2	d	2	2	0	0.0607330199296	0.0963984564921	NA	NA	NA	1	0	0.193413279252276	2	0	0.806586720747724	0.0309228878004332	0.0312269887390515	0.170831869589562	0.294089706943821	1	0	1	2	0	0.441133	1	0	0.558867	2	0	2
4	7159327	7196246	3	2	1	2	d	3	1	1	0.05	0.1	NA	NA	NA	2	1	1	NA	NA	NA	NA	NA	NA	NA	1	0	1	2	1	1	NA	NA	NA	3	1	2
4	7196247	8120012	2	2	0	2	d	2	2	0	0.0582423664254	0.0938645015204	NA	NA	NA	1	0	0.193413279252276	2	0	0.806586720747724	0.0329783726799622	0.0311024410149664	0.176694459506835	0.298942905782588	1	0	1	2	0	0.441133	1	0	0.558867	2	0	2
4	8120013	8265372	3	2	1	2	d	3	2	1	0.0601098694301	0.115891838789	NA	NA	NA	2	1	1	NA	NA	NA	NA	NA	NA	NA	1	0	1	2	1	1	NA	NA	NA	2	0	2
4	8265373	8269056	1	1	0	1	g	NA	NA	NA	NA	NA	NA	NA	NA	2	0	1	NA	NA	NA	NA	NA	NA	NA	NA	NA	NA	2	1	1	NA	NA	NA	1	0	1
4	8269057	9953098	3	2	1	2	d	3	2	1	0.0555394376544	0.119656856345	NA	NA	NA	2	1	1	NA	NA	NA	NA	NA	NA	NA	2	1	1	2	1	1	NA	NA	NA	2	1	1
4	9953099	9966595	3	2	1	2	d	4	2	1	0.0447811348809	0.1	NA	NA	NA	2	1	1	NA	NA	NA	NA	NA	NA	NA	2	1	1	2	1	1	NA	NA	NA	3	1	2
4	9966596	19787030	2	2	0	2	d	4	2	0	0.0610587300625	0.0871477017666	NA	NA	NA	2	0	1	NA	NA	NA	NA	NA	NA	NA	2	0	2	2	0	0.484816	1	0	0.515184	2	0	2
4	19787031	19815795	3	3	0	2	d	3	2	0	0.05	0.1	NA	NA	NA	3	0	1	NA	NA	NA	NA	NA	NA	NA	3	0	3	2	0	1	NA	NA	NA	3	0	3
4	19815796	48199999	2	2	0	2	d	4	2	0	0.0631193437431	0.0894937193545	NA	NA	NA	2	0	1	NA	NA	NA	NA	NA	NA	NA	2	0	2	2	0	0.478092	1	0	0.521908	2	0	2
4	48200000	52699999	NA	NA	NA	NA	NA	NA	2	0	0.0720801512727	0.232629930858	NA	NA	NA	NA	NA	NA	NA	NA	NA	NA	NA	NA	NA	2	0	2	2	0	0.798639	2	1	0.201361	3	0	3
4	52700000	91202429	4	2	2	3	b	5	2	2	0.0372087864621	0.123030630862	NA	NA	NA	2	2	1	NA	NA	NA	NA	NA	NA	NA	4	2	2	2	2	1	NA	NA	NA	4	2	2
4	91202430	91250403	3	2	1	2	d	3	2	1	0.05	0.1	NA	NA	NA	2	1	1	NA	NA	NA	NA	NA	NA	NA	4	1	3	2	1	1	NA	NA	NA	4	2	2
4	91250404	120957515	4	2	2	3	b	5	2	2	0.0357166290857	0.121499581041	NA	NA	NA	2	2	1	NA	NA	NA	NA	NA	NA	NA	4	2	2	2	2	1	NA	NA	NA	4	2	2
4	120957516	121033995	2	2	0	3	b	5	2	0	0.05	0.12106716574	NA	NA	NA	2	0	1	NA	NA	NA	NA	NA	NA	NA	2	0	2	2	0	1	NA	NA	NA	2	0	2
4	121033996	121068400	4	2	2	2	d	4	2	2	0.05	0.1	NA	NA	NA	2	2	1	NA	NA	NA	NA	NA	NA	NA	4	2	2	2	0	0.618144	1	0	0.381856	4	2	2
4	121068401	135804075	2	2	0	2	d	4	2	0	0.0651705077323	0.0870670072135	NA	NA	NA	2	0	1	NA	NA	NA	NA	NA	NA	NA	2	0	2	2	0	0.618144	1	0	0.381856	2	0	2
4	135804076	170975171	2	2	0	2	d	4	2	0	0.0634570641038	0.0905318231576	NA	NA	NA	2	0	1	NA	NA	NA	NA	NA	NA	NA	2	0	2	2	0	0.618144	1	0	0.381856	2	0	2
4	170975172	173573537	1	1	0	2	d	4	1	0	0.074686868104	0.0786767711433	NA	NA	NA	0	0	0.0967066396261389	1	0	0.903293360373861	0.0470488573729752	0.0452489790340338	0.0503016783217348	0.230794610903636	1	0	1	1	0	1	NA	NA	NA	1	0	1
4	173573538	184957553	2	2	0	2	d	4	2	0	0.0624765422442	0.0909002590059	NA	NA	NA	2	0	1	NA	NA	NA	NA	NA	NA	NA	2	0	2	2	0	0.601286	1	0	0.398714	2	0	2
4	184957554	186144664	0	0	0	2	d	4	0	0	0.0633685469437	0.0535048208128	NA	NA	NA	0	0	0.943952183526956	1	0	0.0560478164730442	0.0177378639564961	0.0173416651738075	0.907276425932796	0.975386577889261	0	0	0	0	0	1	NA	NA	NA	0	0	0
4	186144665	186487627	2	2	0	2	d	4	2	0	0.0760847281921	0.0801564531417	NA	NA	NA	2	0	1	NA	NA	NA	NA	NA	NA	NA	2	0	2	2	0	0.625922	1	0	0.374078	2	0	2
4	186487628	187183537	1	1	0	3	b	5	1	0	0.0788464675245	0.0744009072527	NA	NA	NA	1	0	1	NA	NA	NA	NA	NA	NA	NA	1	0	1	1	0	1	NA	NA	NA	1	0	1
4	187183538	187344789	2	2	0	2	d	4	2	0	0.0590794292593	0.0790185386969	NA	NA	NA	2	0	1	NA	NA	NA	NA	NA	NA	NA	2	0	2	2	0	0.571834	1	0	0.428166	2	0	2
4	187344790	189474279	1	1	0	3	b	5	1	0	0.0806701064318	0.0746789685603	NA	NA	NA	1	0	1	NA	NA	NA	NA	NA	NA	NA	1	0	1	1	0	1	NA	NA	NA	1	0	1
4	189474280	190904944	2	2	0	2	d	3	2.12	0	0.0583983071547	0.0949105860903	NA	NA	NA	2	0	1	NA	NA	NA	NA	NA	NA	NA	2	0	2	2	0	0.537232	1	0	0.462768	2	0	2
5	22500	46099999	3	2	1	2	d	4	1.88	1	0.0567975517981	0.106744491083	NA	NA	NA	2	1	1	NA	NA	NA	NA	NA	NA	NA	3	1	2	2	1	1	NA	NA	NA	3	1	2
5	46100000	50699999	3	2	1	2	d	4	2	1	0.0582419016106	0.139479726746	NA	NA	NA	NA	NA	NA	NA	NA	NA	NA	NA	NA	NA	3	1	2	2	1	1	NA	NA	NA	3	1	2
5	50700000	98527455	3	2	1	3	b	5	2	1	0.0551387910234	0.10640326913	NA	NA	NA	2	1	1	NA	NA	NA	NA	NA	NA	NA	3	1	2	2	1	1	NA	NA	NA	3	1	2
5	98527456	98570061	2	1	1	2	f	3	2	1	0.05	0.1	NA	NA	NA	1	0	0.653152932493376	1	1	0.346847067506624	0.0481127541405781	0.0490208394377614	0.587120192481789	0.786940531284171	NA	NA	NA	1	0	0.5562	1	1	0.4438	2	1	1
5	98570062	135086203	3	2	1	3	b	5	2	1	0.0581426746052	0.110700904779	NA	NA	NA	2	1	1	NA	NA	NA	NA	NA	NA	NA	3	1	2	2	1	1	NA	NA	NA	3	1	2
5	135086204	135179801	3	2	1	2	d	2	2	1	0.0403800434578	0.168137375626	NA	NA	NA	1	0	0.73479704905505	1	1	0.26520295094495	0.020799959745384	0.0215494736579047	0.662793459004883	0.744786668067212	NA	NA	NA	1	0	0.640779	1	1	0.359221	3	1	2
5	135179802	180735741	3	2	1	3	b	5	2	1	0.055847627563	0.114822225448	NA	NA	NA	2	1	1	NA	NA	NA	NA	NA	NA	NA	3	1	2	2	1	1	NA	NA	NA	3	1	2
6	203397	382211	1	1	0	2	d	3	1	0	0.05	0.140568841119	NA	NA	NA	1	0	1	NA	NA	NA	NA	NA	NA	NA	1	0	1	2	0	0.0168184	1	0	0.983182	2	0	2
6	382212	6437984	1	1	0	3	b	5	1	0	0.0741456809346	0.0750848210715	NA	NA	NA	1	0	1	NA	NA	NA	NA	NA	NA	NA	1	0	1	1	0	1	NA	NA	NA	1	0	1
6	6437985	6484054	0	0	0	2	d	4	0	0	0.05	0.1	NA	NA	NA	0	0	1	NA	NA	NA	NA	NA	NA	NA	0	0	0	4	0	1	NA	NA	NA	0	0	0
6	6484055	6534765	4	4	0	3	b	5	4	0	0.05	0.0996253238105	NA	NA	NA	4	0	1	NA	NA	NA	NA	NA	NA	NA	4	0	4	4	0	1	NA	NA	NA	4	0	4
6	6534766	6557744	5	4	1	2	d	4	4	1	0.05	0.1	NA	NA	NA	4	1	1	NA	NA	NA	NA	NA	NA	NA	4	1	3	4	1	1	NA	NA	NA	5	1	4
6	6557745	6559268	3	2	1	1	g	NA	1	0	0.05	0.1	NA	NA	NA	2	2	1	NA	NA	NA	NA	NA	NA	NA	3	1	2	4	1	1	NA	NA	NA	3	1	2
6	6559269	7389994	1	1	0	3	b	5	1	0	0.0787185547037	0.066251371781	NA	NA	NA	1	0	1	NA	NA	NA	NA	NA	NA	NA	1	0	1	1	0	1	NA	NA	NA	1	0	1
6	7389995	8650149	5	4	1	3	b	5	4	1	0.0460553463234	0.139675468198	NA	NA	NA	4	1	1	NA	NA	NA	NA	NA	NA	NA	5	1	4	4	1	1	NA	NA	NA	5	1	4
6	8650150	40212499	3	2	1	3	b	5	2	1	0.0583179239954	0.129366992185	NA	NA	NA	2	1	1	NA	NA	NA	NA	NA	NA	NA	3	1	2	2	1	1	NA	NA	NA	3	1	2
6	40212500	47714002	3	2	1	2	d	2	2	2	0.0445127360726	0.116016915326	NA	NA	NA	2	1	0.520022977379864	2	2	0.479977022620136	0.00761749060672656	0.00751649528236363	0.504373644502223	0.534565475643262	3	1	2	2	2	0.598263	2	1	0.401737	3	1	2
6	47714003	58657499	4	2	2	2	d	2	2	1.67	0.0447094883499	0.122250383921	NA	NA	NA	2	1	0.520022977379864	2	2	0.479977022620136	0.00761749060672656	0.00751649528236363	0.504373644502223	0.534565475643262	4	2	2	2	2	0.568337	2	1	0.431663	4	2	2
6	58657500	63299999	NA	NA	NA	NA	NA	NA	1.46	1.46	0.0547874578139	0.169912354761	NA	NA	NA	NA	NA	NA	NA	NA	NA	NA	NA	NA	NA	3	1	2	2	2	0.709535	2	1	0.290465	3	1	2
6	63300000	63593201	3	2	1	1	g	NA	1.46	1.46	0.0320465118298	0.104278653397	NA	NA	NA	1	1	1	NA	NA	NA	NA	NA	NA	NA	3	1	2	1	1	1	NA	NA	NA	3	1	2
6	63593202	108196658	3	2	1	2	d	2	1.46	1.46	0.0409169939804	0.110621102419	NA	NA	NA	1	1	1	NA	NA	NA	NA	NA	NA	NA	3	1	2	2	1	0.103173	1	1	0.896827	3	1	2
6	108196659	108199135	4	3	1	2	e	0	1	1	0.05	0.1	NA	NA	NA	1	1	1	NA	NA	NA	NA	NA	NA	NA	3	1	2	2	2	0.829536	2	1	0.170464	3	1	2
6	108199136	108420092	4	3	1	2	e	0	1	1	0.05	0.108798177695	NA	NA	NA	1	1	1	NA	NA	NA	NA	NA	NA	NA	3	1	2	2	2	0.829536	2	1	0.170464	3	1	2
6	108420093	116855505	1	1	0	2	d	2	1.46	0	0.064529025161	0.0846437723289	NA	NA	NA	1	0	0.512222700560693	2	0	0.487777299439307	0.0144018605798346	0.0131545799178493	0.533244662140802	0.585670246460176	1	0	1	1	0	1	NA	NA	NA	2	0	2
6	116855506	116858635	3	2	1	2	d	2	NA	NA	NA	NA	NA	NA	NA	2	2	1	NA	NA	NA	NA	NA	NA	NA	3	1	2	2	1	0.0197257	1	1	0.980274	3	1	2
6	116858636	116862202	2	2	0	2	d	3	NA	NA	NA	NA	NA	NA	NA	2	0	1	NA	NA	NA	NA	NA	NA	NA	2	0	2	2	1	0.0197257	1	1	0.980274	2	0	2
6	116862203	120574872	3	2	1	2	d	2	1.46	1.46	0.0374871079129	0.0973501682886	NA	NA	NA	1	1	1	NA	NA	NA	NA	NA	NA	NA	3	1	2	2	1	0.0197257	1	1	0.980274	3	1	2
6	120574873	120670653	4	3	1	2	d	2	2	2	0.05	0.140974958677	NA	NA	NA	2	1	0.897418850077572	2	2	0.102581149922428	0.13229644706209	0.144406748730607	0.37086540078206	0.952839351279946	4	1	3	2	2	0.149488	2	1	0.850512	4	1	3
6	120670654	146326149	3	2	1	2	d	2	1.46	1.46	0.039780579882	0.0993164140845	NA	NA	NA	1	1	1	NA	NA	NA	NA	NA	NA	NA	3	1	2	2	1	0.0863523	1	1	0.913648	3	1	2
6	146326150	146328098	3	2	1	2	d	2	1.46	1.46	0.05	0.1	NA	NA	NA	1	1	1	NA	NA	NA	NA	NA	NA	NA	3	1	2	2	1	0.0863523	1	1	0.913648	3	1	2
6	146328099	170201865	3	2	1	2	d	2	1.46	1.46	0.039603407892	0.103351274983	NA	NA	NA	1	1	1	NA	NA	NA	NA	NA	NA	NA	3	1	2	2	1	0.0560814	1	1	0.943919	3	1	2
6	170201866	170915316	2	1	1	2	d	2	1.46	1.46	0.0342945483396	0.113375378134	NA	NA	NA	1	1	1	NA	NA	NA	NA	NA	NA	NA	2	1	1	2	1	0.253047	1	1	0.746953	3	1	2
7	40386	7118394	4	2	2	2	e	3	1.88	1.88	0.0397493421471	0.138213256767	NA	NA	NA	2	2	1	NA	NA	NA	NA	NA	NA	NA	3	1	2	2	2	1	NA	NA	NA	3	1	2
7	7118395	51711998	4	2	2	2	d	3	1.88	1.88	0.0403904107552	0.142761305629	NA	NA	NA	2	1	0.200274446697827	2	2	0.799725553302173	0.0048379812541267	0.00490207025157495	0.19718852565638	0.21566770146888	4	2	2	2	2	1	NA	NA	NA	4	2	2
7	51711999	57876800	3	2	1	2	d	2	1.88	1.46	0.0467570303087	0.140006555588	NA	NA	NA	2	1	0.557285416898291	2	2	0.442714583101709	0.0112437216984811	0.0110800592844151	0.553576979793091	0.597209915934557	3	1	2	2	2	0.479251	2	1	0.520749	3	1	2
7	57876801	61699999	NA	NA	NA	NA	NA	NA	1.88	1.46	0.05	0.46691493968	NA	NA	NA	NA	NA	NA	NA	NA	NA	NA	NA	NA	NA	4	2	2	2	2	1	NA	NA	NA	3	1	2
7	61700000	76280401	3	2	1	2	d	2	1.77	1.77	0.0437136420677	0.135248866101	NA	NA	NA	2	1	0.27443070964162	2	2	0.725569290358379	0.00666978866923565	0.00689551307625359	0.260577638778129	0.288132864382769	3	1	2	2	2	1	NA	NA	NA	3	1	2
7	76280402	89704995	4	2	2	2	d	3	1.77	1.77	0.0417823195971	0.175745877223	NA	NA	NA	2	1	0.27443070964162	2	2	0.725569290358379	0.00666978866923565	0.00689551307625359	0.260577638778129	0.288132864382769	4	2	2	2	2	1	NA	NA	NA	4	2	2
7	89704996	158821400	3	2	1	2	d	2	1.88	1.46	0.046129842635	0.111352757879	NA	NA	NA	2	1	0.524431722132162	2	2	0.475568277867838	0.00403236148451253	0.00407861668343582	0.516406429036257	0.532652625626351	3	1	2	2	2	0.539098	2	1	0.460902	3	1	2
8	155318	2304033	1	1	0	2	d	4	1.26	0	0.0731986620163	0.160806585486	NA	NA	NA	1	0	1	NA	NA	NA	NA	NA	NA	NA	1	0	1	1	0	1	NA	NA	NA	1	0	1
8	2304034	12521875	1	1	0	2	d	4	1.26	0	0.0738958787951	0.199287923157	NA	NA	NA	1	0	1	NA	NA	NA	NA	NA	NA	NA	1	0	1	1	0	1	NA	NA	NA	1	0	1
8	12521876	32232500	1	1	0	2	d	4	1.26	0	0.0727184872698	0.0811546081871	NA	NA	NA	1	0	1	NA	NA	NA	NA	NA	NA	NA	1	0	1	1	0	1	NA	NA	NA	1	0	1
8	32232501	43099999	1	1	0	2	d	2	1	0.26	0.0718467779247	0.0883837314118	NA	NA	NA	1	0	0.895533903535844	1	1	0.104466096464156	0.00754528179977654	0.00777851952460747	0.865887914339834	0.896544745423959	1	0	1	1	0	0.671424	0	0	0.328576	1	0	1
8	43100000	48099999	NA	NA	NA	NA	NA	NA	2	1	0.0563779537635	0.393871797911	NA	NA	NA	NA	NA	NA	NA	NA	NA	NA	NA	NA	NA	2	1	1	2	1	1	NA	NA	NA	3	1	2
8	48100000	138729196	3	2	1	3	b	5	2	1	0.0566228269198	0.111865990893	NA	NA	NA	2	1	1	NA	NA	NA	NA	NA	NA	NA	3	1	2	2	1	1	NA	NA	NA	3	1	2
8	138729197	138978015	3	2	1	2	d	3	2.33	1	0.049533338636	0.0851812311987	NA	NA	NA	2	1	0.66400536535445	3	1	0.33599463464555	0.0796100861537121	0.0758838351270535	0.585464058824757	0.88861523769782	3	1	2	2	1	1	NA	NA	NA	3	1	2
8	138978016	145826275	3	2	1	2	d	3	2.12	1	0.0558772269782	0.119116903627	NA	NA	NA	2	1	1	NA	NA	NA	NA	NA	NA	NA	2	1	1	2	1	1	NA	NA	NA	3	1	2
9	47500	21297353	2	2	0	2	d	4	2.23	0	0.0638087607625	0.104342242915	NA	NA	NA	2	0	1	NA	NA	NA	NA	NA	NA	NA	2	0	2	2	0	1	NA	NA	NA	2	0	2
9	21297354	22132067	0	0	0	3	b	5	0	0	0.0556155445815	0.0892451544748	NA	NA	NA	0	0	1	NA	NA	NA	NA	NA	NA	NA	0	0	0	0	0	1	NA	NA	NA	0	0	0
9	22132068	44426201	2	2	0	2	d	3	2.23	0	0.0635567073687	0.111898495725	NA	NA	NA	2	0	1	NA	NA	NA	NA	NA	NA	NA	2	0	2	2	0	0.638973	1	0	0.361027	2	0	2
9	44426202	45509128	1	1	0	2	d	3	1	0	0.05	0.257251279353	NA	NA	NA	2	0	1	NA	NA	NA	NA	NA	NA	NA	1	0	1	1	0	1	NA	NA	NA	2	0	2
9	45509129	47299999	2	2	0	2	d	2	NA	NA	NA	NA	NA	NA	NA	NA	NA	NA	NA	NA	NA	NA	NA	NA	NA	1	0	1	2	0	1	NA	NA	NA	2	0	2
9	47300000	50699999	2	2	0	2	d	2	NA	NA	NA	NA	NA	NA	NA	NA	NA	NA	NA	NA	NA	NA	NA	NA	NA	NA	NA	NA	2	0	1	NA	NA	NA	2	0	2
9	50700000	140313045	2	2	0	3	b	5	2	0	0.0602210358499	0.0941385100421	NA	NA	NA	2	0	1	NA	NA	NA	NA	NA	NA	NA	2	0	2	2	0	1	NA	NA	NA	2	0	2
9	140313046	141068960	2	2	0	2	d	2	NA	NA	NA	NA	NA	NA	NA	3	0	1	NA	NA	NA	NA	NA	NA	NA	2	0	2	3	0	0.333337	2	0	0.666663	2	0	2
10	10001	143252	3	2	1	2	d	3	2	1	0.05	0.1	NA	NA	NA	NA	NA	NA	NA	NA	NA	NA	NA	NA	NA	NA	NA	NA	2	1	1	NA	NA	NA	3	1	2
10	143253	22955751	3	2	1	3	b	5	2	1	0.0559688763711	0.112416086721	NA	NA	NA	2	1	1	NA	NA	NA	NA	NA	NA	NA	3	1	2	2	1	1	NA	NA	NA	3	1	2
10	22955752	24938388	1	1	0	3	b	5	1	0	0.075139880151	0.0760587268058	NA	NA	NA	1	0	1	NA	NA	NA	NA	NA	NA	NA	1	0	1	1	0	1	NA	NA	NA	1	0	1
10	24938389	37999999	3	2	1	3	b	5	2	1	0.0555719698203	0.108097512233	NA	NA	NA	2	1	1	NA	NA	NA	NA	NA	NA	NA	3	1	2	2	1	1	NA	NA	NA	3	1	2
10	38000000	42477286	3	2	1	2	d	4	2	1	0.0534429412265	0.170240427485	NA	NA	NA	NA	NA	NA	NA	NA	NA	NA	NA	NA	NA	3	1	2	2	1	1	NA	NA	NA	3	1	2
10	42477287	49412660	3	2	1	3	b	5	2	1	0.0572941667657	0.115779553185	NA	NA	NA	2	1	1	NA	NA	NA	NA	NA	NA	NA	3	1	2	2	1	1	NA	NA	NA	3	1	2
10	49412661	74356116	3	2	1	3	b	5	2	1	0.0541279897717	0.105618348442	NA	NA	NA	2	1	1	NA	NA	NA	NA	NA	NA	NA	3	1	2	2	1	1	NA	NA	NA	3	1	2
10	74356117	74476430	4	3	1	1	g	NA	2	2	0.05	0.1	NA	NA	NA	3	2	1	NA	NA	NA	NA	NA	NA	NA	4	2	2	2	1	1	NA	NA	NA	4	1	3
10	74476431	83944401	3	2	1	3	b	5	2	1	0.0540197220092	0.11515347439	NA	NA	NA	2	1	1	NA	NA	NA	NA	NA	NA	NA	3	1	2	2	1	1	NA	NA	NA	3	1	2
10	83944402	83976443	4	2	2	3	b	5	2	2	0.0360997231806	0.1	NA	NA	NA	2	2	1	NA	NA	NA	NA	NA	NA	NA	4	2	2	2	2	1	NA	NA	NA	4	2	2
10	83976444	131925911	3	2	1	3	b	5	2	1	0.0549296107951	0.105175302557	NA	NA	NA	2	1	1	NA	NA	NA	NA	NA	NA	NA	3	1	2	2	1	1	NA	NA	NA	3	1	2
10	131925912	132664978	1	1	0	3	b	5	1	0	0.0658958233348	0.0790416635186	NA	NA	NA	1	0	1	NA	NA	NA	NA	NA	NA	NA	1	0	1	1	0	1	NA	NA	NA	1	0	1
10	132664979	135389924	3	2	1	2	d	3	2	1	0.0574689014863	0.118604728207	NA	NA	NA	2	1	1	NA	NA	NA	NA	NA	NA	NA	2	1	1	2	1	1	NA	NA	NA	2	1	1
11	20721	234257	4	2	2	1	g	NA	3	2	0.05	0.1	NA	NA	NA	3	2	1	NA	NA	NA	NA	NA	NA	NA	4	2	2	NA	NA	NA	NA	NA	NA	4	2	2
11	234258	4949487	5	3	2	2	d	3	3	2	0.0462851921371	0.212575790219	NA	NA	NA	3	2	1	NA	NA	NA	NA	NA	NA	NA	4	2	2	3	2	1	NA	NA	NA	4	2	2
11	4949488	10001728	4	2	2	3	b	5	2	2	0.0353934876767	0.151777317682	NA	NA	NA	2	2	1	NA	NA	NA	NA	NA	NA	NA	4	2	2	2	2	1	NA	NA	NA	4	2	2
11	10001729	18054377	3	2	1	3	b	5	2	1	0.0540681170695	0.101645668959	NA	NA	NA	2	1	1	NA	NA	NA	NA	NA	NA	NA	3	1	2	2	1	1	NA	NA	NA	3	1	2
11	18054378	18068968	3	2	1	2	d	3	2	1	0.05	0.1	NA	NA	NA	3	3	0.225506893943265	4	3	0.774493106056735	NA	0	0.225506893943265	0.225506893943265	3	1	2	2	1	1	NA	NA	NA	4	2	2
11	18068969	19272415	3	2	1	3	b	5	2	1	0.0594172379901	0.114458411398	NA	NA	NA	2	1	1	NA	NA	NA	NA	NA	NA	NA	3	1	2	2	1	1	NA	NA	NA	3	1	2
11	19272416	19280693	4	2	2	2	d	4	2	2	0.05	0.1	NA	NA	NA	2	2	1	NA	NA	NA	NA	NA	NA	NA	NA	NA	NA	2	2	1	NA	NA	NA	4	2	2
11	19280694	19282182	3	2	1	1	g	NA	2	2	0.05	0.1	NA	NA	NA	1	1	1	NA	NA	NA	NA	NA	NA	NA	NA	NA	NA	2	2	1	NA	NA	NA	3	1	2
11	19282183	26584633	4	2	2	3	b	5	2	2	0.0356827601458	0.125479472902	NA	NA	NA	2	2	1	NA	NA	NA	NA	NA	NA	NA	4	2	2	2	2	1	NA	NA	NA	4	2	2
11	26584634	27846988	5	3	2	3	b	5	3	2	0.0468195752658	0.130020137009	NA	NA	NA	3	2	1	NA	NA	NA	NA	NA	NA	NA	5	2	3	3	2	1	NA	NA	NA	5	2	3
11	27846989	32483994	4	2	2	3	b	5	2	2	0.0355572688415	0.11576658842	NA	NA	NA	2	2	1	NA	NA	NA	NA	NA	NA	NA	4	2	2	2	2	1	NA	NA	NA	4	2	2
11	32483995	34450089	5	3	2	3	b	5	3	2	0.0446900792918	0.134352628728	NA	NA	NA	3	2	1	NA	NA	NA	NA	NA	NA	NA	5	2	3	3	2	1	NA	NA	NA	5	2	3
11	34450090	47407439	4	2	2	3	b	5	2	2	0.0363877981581	0.117845696278	NA	NA	NA	2	2	1	NA	NA	NA	NA	NA	NA	NA	4	2	2	2	2	1	NA	NA	NA	4	2	2
11	47407440	51599999	3	2	1	3	b	5	2	1	0.0546516882129	0.131235522701	NA	NA	NA	2	1	1	NA	NA	NA	NA	NA	NA	NA	3	1	2	2	1	1	NA	NA	NA	3	1	2
11	51600000	55699999	3	2	1	2	d	3	1.88	1	0.0583910096315	0.266751722113	NA	NA	NA	2	1	0.89722952120624	2	2	0.10277047879376	0.0297952616766815	0.0283458274918952	0.835853801963969	0.94906898174721	3	1	2	2	1	1	NA	NA	NA	3	1	2
11	55700000	134452200	3	2	1	2	d	4	1.88	1	0.0550299265647	0.105295189668	NA	NA	NA	2	1	1	NA	NA	NA	NA	NA	NA	NA	3	1	2	2	1	1	NA	NA	NA	3	1	2
12	22500	189092	2	2	0	2	f	2	2.54	0	0.05	0.307039455892	NA	NA	NA	NA	NA	NA	NA	NA	NA	NA	NA	NA	NA	NA	NA	NA	NA	NA	NA	NA	NA	NA	2	0	2
12	189093	7367602	2	2	0	2	d	2	2.54	0	0.0564612827651	0.0942408075884	NA	NA	NA	2	0	0.591217705669694	3	0	0.408782294330306	0.0187863383182718	0.0181523214173908	0.608988061289901	0.680219464886099	2	0	2	NA	NA	NA	NA	NA	NA	2	0	2
12	7367603	12976201	3	3	0	2	d	2	2.54	0	0.054300691961	0.12834724257	NA	NA	NA	2	0	0.51594325897187	3	0	0.48405674102813	0.0117119741842905	0.0109383845556797	0.561989520506812	0.604692184895021	3	0	3	NA	NA	NA	NA	NA	NA	3	0	3
12	12976202	31003459	3	3	0	2	d	2	2.54	0	0.0558265820499	0.0974258462497	NA	NA	NA	2	0	0.51594325897187	3	0	0.48405674102813	0.0117119741842905	0.0109383845556797	0.561989520506812	0.604692184895021	3	0	3	NA	NA	NA	NA	NA	NA	3	0	3
12	31003460	33299999	2	2	0	2	e	3	2.54	0	0.0591173001487	0.104079445268	NA	NA	NA	2	0	0.659180052689402	3	0	0.340819947310598	0.0249414116952401	0.0253071994702083	0.611582261793445	0.710356955024566	2	0	2	NA	NA	NA	NA	NA	NA	3	0	3
12	33300000	38199999	NA	NA	NA	NA	NA	NA	2.54	0	0.0493242902177	0.17712516389	NA	NA	NA	NA	NA	NA	NA	NA	NA	NA	NA	NA	NA	3	0	3	3	0	0.0911107	2	0	0.908889	3	0	3
12	38200000	59920949	3	3	0	2	d	3	3.33	0	0.0487524120364	0.105781808619	NA	NA	NA	3	0	1	NA	NA	NA	NA	NA	NA	NA	3	0	3	3	0	0.0911107	2	0	0.908889	3	0	3
12	59920950	72737049	4	4	0	2	d	2	3.33	0	0.0494836049866	0.108084811947	NA	NA	NA	3	0	1	NA	NA	NA	NA	NA	NA	NA	4	0	4	NA	NA	NA	NA	NA	NA	4	0	4
12	72737050	132349400	3	3	0	2	d	4	3.33	0	0.0503755399932	0.110419390998	NA	NA	NA	3	0	1	NA	NA	NA	NA	NA	NA	NA	3	0	3	3	0	1	NA	NA	NA	3	0	3
12	132349401	133851894	3	3	0	2	d	3	NA	NA	NA	NA	NA	NA	NA	3	0	1	NA	NA	NA	NA	NA	NA	NA	2	0	2	3	0	1	NA	NA	NA	3	0	3
13	1	16299999	4	3	1	1	g	NA	NA	NA	NA	NA	NA	NA	NA	NA	NA	NA	NA	NA	NA	NA	NA	NA	NA	NA	NA	NA	NA	NA	NA	NA	NA	NA	4	1	3
13	16300000	19499999	4	3	1	2	d	2	2.54	1	0.05	0.123513103148	NA	NA	NA	NA	NA	NA	NA	NA	NA	NA	NA	NA	NA	4	1	3	3	2	0.423034	3	1	0.576966	4	1	3
13	19500000	98916704	4	3	1	2	d	2	2.54	1	0.0559865703165	0.114523211115	NA	NA	NA	2	1	0.365196600047116	3	1	0.634803399952884	0.00491042044484194	0.00482653786559324	0.355379107614553	0.373844592022416	4	1	3	3	1	0.497783	2	1	0.502217	4	1	3
13	98916705	114142800	4	3	1	2	d	2	2.54	1	0.0549907928776	0.114837120904	NA	NA	NA	2	1	0.365196600047116	3	1	0.634803399952884	0.00491042044484194	0.00482653786559324	0.355379107614553	0.373844592022416	4	1	3	3	1	0.499326	2	1	0.500674	4	1	3
13	114142801	115169877	4	3	1	1	g	NA	NA	NA	NA	NA	NA	NA	NA	2	1	0.365196600047116	3	1	0.634803399952884	0.00491042044484194	0.00482653786559324	0.355379107614553	0.373844592022416	3	1	2	3	1	0.528192	2	1	0.471808	4	1	3
14	1	16099999	3	2	1	1	g	NA	NA	NA	NA	NA	NA	NA	NA	NA	NA	NA	NA	NA	NA	NA	NA	NA	NA	NA	NA	NA	NA	NA	NA	NA	NA	NA	3	1	2
14	16100000	19099999	3	2	1	1	g	NA	NA	NA	NA	NA	NA	NA	NA	NA	NA	NA	NA	NA	NA	NA	NA	NA	NA	NA	NA	NA	3	1	1	NA	NA	NA	3	1	2
14	19100000	20467500	3	2	1	2	d	3	2	1	0.0665292792614	0.309426903444	NA	NA	NA	2	1	1	NA	NA	NA	NA	NA	NA	NA	NA	NA	NA	3	1	0.855699	2	1	0.144301	3	1	2
14	20467501	106368999	3	2	1	3	b	5	2	1	0.0554350925409	0.113217619141	NA	NA	NA	2	1	1	NA	NA	NA	NA	NA	NA	NA	3	1	2	2	1	1	NA	NA	NA	3	1	2
15	1	15799999	2	2	0	1	g	NA	NA	NA	NA	NA	NA	NA	NA	NA	NA	NA	NA	NA	NA	NA	NA	NA	NA	NA	NA	NA	NA	NA	NA	NA	NA	NA	2	0	2
15	15800000	20699999	2	2	0	2	d	2	2	0	0.05	0.244559235849	NA	NA	NA	1	0	0.34396217264791	2	0	0.65603782735209	0.115299858455525	0.119772659794889	0.00348695099923771	0.473575677306027	NA	NA	NA	2	0	0.64225	2	1	0.35775	2	0	2
15	20700000	26991364	2	2	0	2	d	4	2	0	0.0591581237988	0.241374386402	NA	NA	NA	2	0	1	NA	NA	NA	NA	NA	NA	NA	2	0	2	2	0	0.850481	2	1	0.149519	2	0	2
15	26991365	27036843	1	1	0	3	b	5	1	0	0.05	0.1	NA	NA	NA	1	0	1	NA	NA	NA	NA	NA	NA	NA	1	0	1	1	0	1	NA	NA	NA	1	0	1
15	27036844	100338800	2	2	0	3	b	5	2	0	0.0614904639693	0.0967039768195	NA	NA	NA	2	0	1	NA	NA	NA	NA	NA	NA	NA	2	0	2	2	0	1	NA	NA	NA	2	0	2
15	100338801	102431166	2	2	0	2	d	4	NA	NA	NA	NA	NA	NA	NA	2	0	1	NA	NA	NA	NA	NA	NA	NA	2	0	2	2	0	1	NA	NA	NA	2	0	2
16	9999	139085	4	2	2	2	d	2	2	2	0.05	0.1	NA	NA	NA	NA	NA	NA	NA	NA	NA	NA	NA	NA	NA	NA	NA	NA	2	2	1	NA	NA	NA	3	1	2
16	139086	8603779	4	2	2	2	d	3	2	2	0.0362398805023	0.133793691218	NA	NA	NA	2	2	1	NA	NA	NA	NA	NA	NA	NA	3	1	2	2	2	1	NA	NA	NA	3	1	2
16	8603780	18576982	4	2	2	2	d	4	2	2	0.0371046753546	0.138667360581	NA	NA	NA	2	2	1	NA	NA	NA	NA	NA	NA	NA	3	1	2	2	2	1	NA	NA	NA	4	2	2
16	18576983	32861802	4	2	2	2	d	4	2	2	0.0361562358977	0.126141849151	NA	NA	NA	2	2	1	NA	NA	NA	NA	NA	NA	NA	3	1	2	2	2	1	NA	NA	NA	4	2	2
16	32861803	33474392	4	2	2	2	d	3	2	2	0.05	0.231523650192	NA	NA	NA	2	2	1	NA	NA	NA	NA	NA	NA	NA	NA	NA	NA	3	1	1	NA	NA	NA	4	2	2
16	33474393	34599999	4	2	2	2	d	4	2	2	0.05	0.217879145466	NA	NA	NA	2	2	1	NA	NA	NA	NA	NA	NA	NA	4	2	2	3	1	1	NA	NA	NA	4	2	2
16	34600000	38599999	4	2	2	3	b	5	2	2	0.05	0.153608018916	NA	NA	NA	2	2	1	NA	NA	NA	NA	NA	NA	NA	4	2	2	2	2	1	NA	NA	NA	4	2	2
16	38600000	78112526	4	2	2	3	b	5	2	2	0.0383831542329	0.132090641167	NA	NA	NA	2	2	1	NA	NA	NA	NA	NA	NA	NA	4	2	2	2	2	1	NA	NA	NA	4	2	2
16	78112527	78485527	3	2	1	1	g	NA	2	2	0.043432983359	0.107514074441	NA	NA	NA	2	1	0.442047714312316	2	2	0.557952285687684	0.0402291099449692	0.0397418848991019	0.354085389332394	0.515196760418596	3	1	2	2	2	1	NA	NA	NA	3	1	2
16	78485528	78539205	2	2	0	2	f	3	2	0.67	0.0744199115806	0.0837508643474	NA	NA	NA	2	0	0.397571117182366	2	1	0.602428882817634	0.0443563407355218	0.0452993305226986	0.245395626527409	0.428769622456037	2	1	1	2	2	1	NA	NA	NA	2	0	2
16	78539206	78601383	3	2	1	3	b	5	2	1	0.0477422064885	0.1	NA	NA	NA	2	1	1	NA	NA	NA	NA	NA	NA	NA	3	1	2	2	1	1	NA	NA	NA	3	1	2
16	78601384	78701774	4	2	2	3	b	5	2	2	0.0365514932336	0.101423134738	NA	NA	NA	2	2	1	NA	NA	NA	NA	NA	NA	NA	4	2	2	2	2	1	NA	NA	NA	4	2	2
16	78701775	78727314	5	3	2	2	d	4	3	2	0.042894631606	0.1	NA	NA	NA	3	2	1	NA	NA	NA	NA	NA	NA	NA	4	2	2	3	2	1	NA	NA	NA	5	2	3
16	78727315	79060931	4	2	2	3	b	5	2	2	0.0389338071208	0.11507710093	NA	NA	NA	2	2	1	NA	NA	NA	NA	NA	NA	NA	4	2	2	2	2	1	NA	NA	NA	4	2	2
16	79060932	79197808	3	2	1	3	b	5	2	1	0.046976095935	0.0973924383551	NA	NA	NA	2	1	1	NA	NA	NA	NA	NA	NA	NA	3	1	2	2	1	1	NA	NA	NA	3	1	2
16	79197809	80509544	4	2	2	3	b	5	2	2	0.034061237206	0.130505695902	NA	NA	NA	2	2	1	NA	NA	NA	NA	NA	NA	NA	4	2	2	2	2	1	NA	NA	NA	4	2	2
16	80509545	82540374	2	2	0	3	b	5	2	0	0.0630150167389	0.114683698155	NA	NA	NA	2	0	1	NA	NA	NA	NA	NA	NA	NA	2	0	2	2	0	1	NA	NA	NA	2	0	2
16	82540375	83942437	4	2	2	3	b	5	2	2	0.0385486504395	0.140383698167	NA	NA	NA	2	2	1	NA	NA	NA	NA	NA	NA	NA	4	2	2	2	2	1	NA	NA	NA	4	2	2
16	83942438	88827200	4	2	2	2	d	3	2	2	0.0377020742647	0.135008749322	NA	NA	NA	2	2	1	NA	NA	NA	NA	NA	NA	NA	3	1	2	2	2	1	NA	NA	NA	3	1	2
16	88827201	90354752	3	2	1	1	g	NA	NA	NA	NA	NA	NA	NA	NA	2	2	1	NA	NA	NA	NA	NA	NA	NA	2	1	1	2	2	1	NA	NA	NA	3	1	2
17	1869	22199999	2	2	0	3	b	5	2	0	0.0632781417701	0.125510962538	NA	NA	NA	2	0	1	NA	NA	NA	NA	NA	NA	NA	2	0	2	2	0	1	NA	NA	NA	2	0	2
17	22200000	25799999	NA	NA	NA	NA	NA	NA	1.88	1.88	0.0369271534556	0.287827888626	NA	NA	NA	NA	NA	NA	NA	NA	NA	NA	NA	NA	NA	4	2	2	2	2	1	NA	NA	NA	3	1	2
17	25800000	44207499	4	2	2	2	d	3	1.88	1.88	0.0363224551579	0.122903684571	NA	NA	NA	2	2	1	NA	NA	NA	NA	NA	NA	NA	3	1	2	2	2	1	NA	NA	NA	4	2	2
17	44207500	54378241	4	2	2	3	b	5	2	2	0.0379421545156	0.120652502045	NA	NA	NA	2	2	1	NA	NA	NA	NA	NA	NA	NA	4	2	2	2	2	1	NA	NA	NA	4	2	2
17	54378242	54534525	2	2	0	3	b	5	2	0	0.05	0.0807924271814	NA	NA	NA	2	0	1	NA	NA	NA	NA	NA	NA	NA	2	0	2	2	0	1	NA	NA	NA	2	0	2
17	54534526	54538758	3	2	1	1	g	NA	2	2	0.05	0.1	NA	NA	NA	2	0	0.385682658233582	2	1	0.614317341766418	NA	0	0.385682658233582	0.385682658233582	3	1	2	2	2	1	NA	NA	NA	3	1	2
17	54538759	78774600	4	2	2	2	d	4	2	2	0.0367691188761	0.123699625353	NA	NA	NA	2	2	1	NA	NA	NA	NA	NA	NA	NA	3	1	2	2	2	1	NA	NA	NA	4	2	2
17	78774601	81088744	4	2	2	2	d	3	NA	NA	NA	NA	NA	NA	NA	2	2	1	NA	NA	NA	NA	NA	NA	NA	2	1	1	2	2	1	NA	NA	NA	4	2	2
18	27500	125440	4	3	1	2	d	2	3	1	0.05	0.154053750836	NA	NA	NA	NA	NA	NA	NA	NA	NA	NA	NA	NA	NA	3	1	2	3	1	0.959393	2	1	0.0406066	4	1	3
18	125441	1120906	4	3	1	3	b	5	3	1	0.0568081991829	0.134026222559	NA	NA	NA	3	1	1	NA	NA	NA	NA	NA	NA	NA	4	1	3	3	1	1	NA	NA	NA	4	1	3
18	1120907	3860803	6	5	1	3	b	5	5	1	0.0476284816795	0.146968523609	NA	NA	NA	5	1	1	NA	NA	NA	NA	NA	NA	NA	6	1	5	5	1	1	NA	NA	NA	6	1	5
18	3860804	3883506	6	5	1	2	d	3	5	1	0.05	0.1	NA	NA	NA	5	1	1	NA	NA	NA	NA	NA	NA	NA	6	1	5	6	1	0.0195972	5	1	0.980403	7	1	6
18	3883507	3889461	7	6	1	2	d	3	6	1	0.05	0.1	NA	NA	NA	10	1	0.210114202664111	10	2	0.789885797335889	NA	0	0.210114202664111	0.210114202664111	7	1	6	6	1	0.0195972	5	1	0.980403	7	1	6
18	3889462	3891003	6	5	1	1	g	NA	6	1	0.05	0.1	NA	NA	NA	4	1	0.333002928039545	4	2	0.666997071960455	NA	0	0.333002928039545	0.333002928039545	NA	NA	NA	6	1	0.0195972	5	1	0.980403	6	1	5
18	3891004	3894478	6	5	1	1	g	NA	6	1	0.05	0.1	NA	NA	NA	NA	NA	NA	NA	NA	NA	NA	NA	NA	NA	5	2	3	6	1	0.0195972	5	1	0.980403	6	1	5
18	3894479	3898766	6	5	1	1	g	NA	6	1	0.05	0.1	NA	NA	NA	7	2	1	NA	NA	NA	NA	NA	NA	NA	NA	NA	NA	6	1	0.0195972	5	1	0.980403	6	1	5
18	3898767	3918818	7	6	1	2	d	4	6	1	0.05	0.1	NA	NA	NA	6	1	1	NA	NA	NA	NA	NA	NA	NA	7	1	6	6	1	0.0195972	5	1	0.980403	7	1	6
18	3918819	4817327	6	5	1	3	b	5	5	1	0.0464497391063	0.150617599401	NA	NA	NA	5	1	1	NA	NA	NA	NA	NA	NA	NA	6	1	5	5	1	1	NA	NA	NA	6	1	5
18	4817328	5339851	6	5	1	3	b	5	5	1	0.0327670665602	0.146709107057	NA	NA	NA	5	1	1	NA	NA	NA	NA	NA	NA	NA	6	1	5	5	1	1	NA	NA	NA	6	1	5
18	5339852	5655467	7	6	1	2	d	4	6	1	0.0389851765236	0.16671075472	NA	NA	NA	6	1	1	NA	NA	NA	NA	NA	NA	NA	7	1	6	6	1	1	NA	NA	NA	6	1	5
18	5655468	5669559	7	6	1	2	d	2	6	1	0.05	0.1	NA	NA	NA	3	0	0.716683510475948	3	1	0.283316489524052	NA	0	0.716683510475948	0.716683510475948	NA	NA	NA	6	1	1	NA	NA	NA	5	1	4
18	5669560	5683745	6	6	0	1	g	NA	6	1	0.05	0.1	NA	NA	NA	5	1	1	NA	NA	NA	NA	NA	NA	NA	7	3	4	NA	NA	NA	NA	NA	NA	6	0	6
18	5683746	5695576	6	6	0	1	g	NA	6	1	0.05	0.1	NA	NA	NA	5	1	1	NA	NA	NA	NA	NA	NA	NA	NA	NA	NA	NA	NA	NA	NA	NA	NA	6	0	6
18	5695577	5695876	6	6	0	1	g	NA	6	1	0.05	0.1	NA	NA	NA	5	1	1	NA	NA	NA	NA	NA	NA	NA	NA	NA	NA	NA	NA	NA	NA	NA	NA	6	0	6
18	5695877	5701107	6	5	1	1	g	NA	6	1	0.05	0.1	NA	NA	NA	5	1	1	NA	NA	NA	NA	NA	NA	NA	4	0	4	NA	NA	NA	NA	NA	NA	6	1	5
18	5701108	5703965	5	4	1	2	d	3	6	1	0.05	0.1	NA	NA	NA	4	1	1	NA	NA	NA	NA	NA	NA	NA	5	1	4	NA	NA	NA	NA	NA	NA	5	1	4
18	5703966	5742512	6	5	1	1	g	NA	6	1	0.05	0.1	NA	NA	NA	5	1	1	NA	NA	NA	NA	NA	NA	NA	7	1	6	NA	NA	NA	NA	NA	NA	6	1	5
18	5742513	8319005	6	5	1	3	b	5	5	1	0.0419345852302	0.16853359981	NA	NA	NA	5	1	1	NA	NA	NA	NA	NA	NA	NA	6	1	5	5	1	1	NA	NA	NA	6	1	5
18	8319006	9672333	7	6	1	1	g	NA	14	1	0.0358596943602	0.181247667984	NA	NA	NA	7	1	1	NA	NA	NA	NA	NA	NA	NA	7	1	6	7	1	1	NA	NA	NA	7	1	6
18	9672334	9952974	9	9	0	1	g	NA	18	1	0.0319859245554	0.209182546726	NA	NA	NA	9	1	1	NA	NA	NA	NA	NA	NA	NA	8	1	7	9	1	1	NA	NA	NA	9	0	9
18	9952975	9963652	9	9	0	1	g	NA	18	1	0.05	0.1	NA	NA	NA	NA	NA	NA	NA	NA	NA	NA	NA	NA	NA	NA	NA	NA	9	1	1	NA	NA	NA	9	0	9
18	9963653	10118910	9	9	0	1	g	NA	18	1	0.05	0.238957751587	NA	NA	NA	8	1	0.673764830083198	8	2	0.326235169916802	0.874826812840346	1.29016357539392	-4.60796720373906	0.208464386510407	8	0	8	9	1	1	NA	NA	NA	9	0	9
18	10118911	10162524	10	9	1	2	d	3	18	1	0.0307677093932	0.1	NA	NA	NA	9	1	1	NA	NA	NA	NA	NA	NA	NA	8	1	7	9	1	1	NA	NA	NA	10	1	9
18	10162525	10304059	9	9	0	1	g	NA	18	1	0.05	0.294549724622	NA	NA	NA	9	1	1	NA	NA	NA	NA	NA	NA	NA	8	1	7	NA	NA	NA	NA	NA	NA	9	0	9
18	10304060	11392499	9	9	0	1	g	NA	18	1	0.0349802785393	0.230219131988	NA	NA	NA	9	1	1	NA	NA	NA	NA	NA	NA	NA	8	1	7	9	1	1	NA	NA	NA	9	0	9
18	11392500	11886713	9	9	0	1	g	NA	16	1	0.0338678178288	0.185641571909	NA	NA	NA	8	1	1	NA	NA	NA	NA	NA	NA	NA	8	1	7	8	1	1	NA	NA	NA	9	0	9
18	11886714	11887316	10	10	0	1	g	NA	NA	NA	NA	NA	NA	NA	NA	NA	NA	NA	NA	NA	NA	NA	NA	NA	NA	NA	NA	NA	8	1	1	NA	NA	NA	10	0	10
18	11887317	11888324	10	10	0	1	g	NA	22	1	0.05	0.1	NA	NA	NA	NA	NA	NA	NA	NA	NA	NA	NA	NA	NA	NA	NA	NA	8	1	1	NA	NA	NA	10	0	10
18	11888325	12006633	10	10	0	1	g	NA	22	1	0.0300659213713	0.1	NA	NA	NA	10	1	1	NA	NA	NA	NA	NA	NA	NA	8	1	7	11	1	1	NA	NA	NA	10	0	10
18	12006634	12006682	10	10	0	1	g	NA	NA	NA	NA	NA	NA	NA	NA	NA	NA	NA	NA	NA	NA	NA	NA	NA	NA	NA	NA	NA	11	1	1	NA	NA	NA	10	0	10
18	12006683	12007605	10	10	0	1	g	NA	16	1	0.05	0.1	NA	NA	NA	NA	NA	NA	NA	NA	NA	NA	NA	NA	NA	NA	NA	NA	11	1	1	NA	NA	NA	10	0	10
18	12007606	12079946	7	6	1	1	g	NA	16	1	0.0339515559982	0.1	NA	NA	NA	7	1	1	NA	NA	NA	NA	NA	NA	NA	7	1	6	7	1	1	NA	NA	NA	7	1	6
18	12079947	12080257	7	6	1	1	g	NA	16	1	0.05	0.1	NA	NA	NA	9	1	1	NA	NA	NA	NA	NA	NA	NA	NA	NA	NA	7	1	1	NA	NA	NA	7	1	6
18	12080258	12095321	7	6	1	1	g	NA	16	1	0.05	0.1	NA	NA	NA	6	1	1	NA	NA	NA	NA	NA	NA	NA	6	1	5	7	1	1	NA	NA	NA	7	1	6
18	12095322	12095438	7	6	1	1	g	NA	16	1	0.05	0.1	NA	NA	NA	NA	NA	NA	NA	NA	NA	NA	NA	NA	NA	1	0	1	7	1	1	NA	NA	NA	7	1	6
18	12095439	12095554	7	6	1	1	g	NA	16	1	0.05	0.1	NA	NA	NA	NA	NA	NA	NA	NA	NA	NA	NA	NA	NA	NA	NA	NA	7	1	1	NA	NA	NA	7	1	6
18	12095555	12100080	7	6	1	1	g	NA	16	1	0.05	0.1	NA	NA	NA	7	1	1	NA	NA	NA	NA	NA	NA	NA	8	1	7	8	1	1	NA	NA	NA	7	1	6
18	12100081	12313413	8	7	1	1	g	NA	16	1	0.0329761457853	0.259970568814	NA	NA	NA	8	1	1	NA	NA	NA	NA	NA	NA	NA	8	1	7	8	1	1	NA	NA	NA	8	1	7
18	12313414	12374375	7	7	0	1	g	NA	16	1	0.05	0.1	NA	NA	NA	7	1	1	NA	NA	NA	NA	NA	NA	NA	7	1	6	7	1	1	NA	NA	NA	7	0	7
18	12374376	12600303	5	4	1	2	d	2	5	1	0.0332218674198	0.123370132525	NA	NA	NA	4	1	0.762368418090821	4	2	0.237631581909179	0.121774597016078	0.118539216637094	0.506596081396859	0.974722933021082	5	1	4	5	1	0.0111332	4	1	0.988867	5	1	4
18	12600304	12614884	6	5	1	2	d	3	5	1	0.05	0.1	NA	NA	NA	4	1	0.762368418090821	4	2	0.237631581909179	0.121774597016078	0.118539216637094	0.506596081396859	0.974722933021082	7	1	6	5	1	1	NA	NA	NA	6	1	5
18	12614885	14133823	5	4	1	1	g	NA	5	1	0.0458493598093	0.161343742504	NA	NA	NA	4	1	0.34073948230165	5	1	0.65926051769835	0.0545209540758444	0.0560284133347489	0.234545020220391	0.455157170787496	5	1	4	5	1	1	NA	NA	NA	5	1	4
18	14133824	15017124	6	5	1	2	d	2	5	1	0.0442999252882	0.221979211126	NA	NA	NA	4	1	0.34073948230165	5	1	0.65926051769835	0.0545209540758444	0.0560284133347489	0.234545020220391	0.455157170787496	5	1	4	5	1	0.26793	4	1	0.73207	6	1	5
18	15017125	18999999	6	5	1	3	b	5	5	1	0.0489862381171	0.211658248627	NA	NA	NA	5	1	1	NA	NA	NA	NA	NA	NA	NA	6	1	5	5	1	1	NA	NA	NA	6	1	5
18	19000000	21737141	6	5	1	2	d	4	5	1	0.0441652902033	0.144274001485	NA	NA	NA	5	1	1	NA	NA	NA	NA	NA	NA	NA	5	1	4	5	1	1	NA	NA	NA	6	1	5
18	21737142	21739406	6	5	1	2	d	2	3	1	0.05	0.1	NA	NA	NA	NA	NA	NA	NA	NA	NA	NA	NA	NA	NA	NA	NA	NA	5	1	1	NA	NA	NA	6	1	5
18	21739407	22490399	4	3	1	3	b	5	3	1	0.0590575420118	0.112861620016	NA	NA	NA	3	1	1	NA	NA	NA	NA	NA	NA	NA	4	1	3	3	1	1	NA	NA	NA	4	1	3
18	22490400	22519008	3	2	1	2	d	4	2	1	0.05	0.1	NA	NA	NA	2	1	1	NA	NA	NA	NA	NA	NA	NA	3	1	2	2	1	1	NA	NA	NA	4	1	3
18	22519009	22519030	3	2	1	2	d	2	2	1	0.05	0.1	NA	NA	NA	NA	NA	NA	NA	NA	NA	NA	NA	NA	NA	NA	NA	NA	2	1	1	NA	NA	NA	4	1	3
18	22519031	22524812	3	2	1	2	d	3	2	1	0.05	0.1	NA	NA	NA	4	1	0.81904520471446	4	2	0.18095479528554	NA	0	0.81904520471446	0.81904520471446	3	1	2	2	1	1	NA	NA	NA	4	1	3
18	22524813	24042939	3	2	1	3	b	5	2	1	0.0498570102712	0.0990457039385	NA	NA	NA	2	1	1	NA	NA	NA	NA	NA	NA	NA	3	1	2	2	1	1	NA	NA	NA	3	1	2
18	24042940	24089305	4	3	1	2	d	3	3	1	0.05	0.1	NA	NA	NA	2	1	1	NA	NA	NA	NA	NA	NA	NA	3	1	2	3	1	1	NA	NA	NA	4	1	3
18	24089306	24976413	3	2	1	2	d	4	2	1	0.0579333068318	0.0925778597066	NA	NA	NA	1	1	0.217796689715587	2	1	0.782203310284413	0.0580550378884359	0.0572856611655281	0.0499900039789626	0.270545083670307	3	1	2	2	1	1	NA	NA	NA	3	1	2
18	24976414	24985391	3	2	1	2	d	3	2	1	0.05	0.1	NA	NA	NA	3	1	1	NA	NA	NA	NA	NA	NA	NA	4	1	3	2	1	1	NA	NA	NA	3	1	2
18	24985392	29453216	3	2	1	3	b	5	2	1	0.0582172780405	0.104085557116	NA	NA	NA	2	1	1	NA	NA	NA	NA	NA	NA	NA	3	1	2	2	1	1	NA	NA	NA	3	1	2
18	29453217	30415710	3	2	1	3	b	5	2	1	0.0518058223176	0.129335964107	NA	NA	NA	2	1	1	NA	NA	NA	NA	NA	NA	NA	3	1	2	2	1	1	NA	NA	NA	3	1	2
18	30415711	37432123	4	3	1	3	b	5	3	1	0.0571665335496	0.115524546788	NA	NA	NA	3	1	1	NA	NA	NA	NA	NA	NA	NA	4	1	3	3	1	1	NA	NA	NA	4	1	3
18	37432124	37436167	4	3	1	2	d	4	3	1	0.05	0.1	NA	NA	NA	3	1	1	NA	NA	NA	NA	NA	NA	NA	NA	NA	NA	3	1	1	NA	NA	NA	4	1	3
18	37436168	38424240	4	3	1	3	b	5	3	1	0.0614835996467	0.191086301905	NA	NA	NA	3	1	1	NA	NA	NA	NA	NA	NA	NA	4	1	3	3	1	1	NA	NA	NA	4	1	3
18	38424241	38947903	4	3	1	3	b	5	3	1	0.0557331945506	0.133963142584	NA	NA	NA	3	1	1	NA	NA	NA	NA	NA	NA	NA	4	1	3	3	1	1	NA	NA	NA	4	1	3
18	38947904	63505423	1	1	0	2	d	4	1	0	0.0756690271541	0.0708020748433	NA	NA	NA	1	0	0.728698233547892	2	0	0.271301766452108	0.00888799556322617	0.00859668178827811	0.767259601082384	0.799362323320404	1	0	1	1	0	1	NA	NA	NA	1	0	1
18	63505424	64440602	4	3	1	3	b	5	3	1	0.06621515674	0.195630669843	NA	NA	NA	3	1	1	NA	NA	NA	NA	NA	NA	NA	4	1	3	3	1	1	NA	NA	NA	4	1	3
18	64440603	64443551	4	3	1	2	d	2	1	0	0.05	0.1	NA	NA	NA	NA	NA	NA	NA	NA	NA	NA	NA	NA	NA	NA	NA	NA	3	1	1	NA	NA	NA	4	1	3
18	64443552	76117000	1	1	0	2	d	4	1	0	0.0777971026561	0.0695236745109	NA	NA	NA	1	0	0.741302528859525	2	0	0.258697471140475	0.0105812066009619	0.0105113679589249	0.720656768382497	0.761256145802793	1	0	1	1	0	1	NA	NA	NA	1	0	1
18	76117001	78077247	1	1	0	2	d	3	NA	NA	NA	NA	NA	NA	NA	1	0	0.741302528859525	2	0	0.258697471140475	0.0105812066009619	0.0105113679589249	0.720656768382497	0.761256145802793	1	0	1	1	0	1	NA	NA	NA	1	0	1
19	102500	286505	3	2	1	2	d	3	2	1	0.05	0.1	NA	NA	NA	1	1	0.256866517649349	2	1	0.743133482350651	0.201561904753189	0.178963594151974	0.110206360091521	0.785029918750184	2	1	1	2	1	1	NA	NA	NA	3	1	2
19	286506	24399999	3	2	1	2	d	4	2	1	0.0565511301565	0.116420776641	NA	NA	NA	2	1	1	NA	NA	NA	NA	NA	NA	NA	2	1	1	2	1	1	NA	NA	NA	3	1	2
19	24400000	28599999	NA	NA	NA	NA	NA	NA	2	2	0.0328298071964	0.188794570648	NA	NA	NA	NA	NA	NA	NA	NA	NA	NA	NA	NA	NA	4	2	2	2	2	1	NA	NA	NA	3	1	2
19	28600000	43209995	4	2	2	2	d	4	2	2	0.0360220543524	0.173779092722	NA	NA	NA	2	2	1	NA	NA	NA	NA	NA	NA	NA	3	1	2	2	2	1	NA	NA	NA	4	2	2
19	43209996	59128982	4	2	2	2	d	4	2	2	0.0400182527015	0.196698529633	NA	NA	NA	2	2	1	NA	NA	NA	NA	NA	NA	NA	3	1	2	2	2	1	NA	NA	NA	4	2	2
20	17500	18981875	3	2	1	2	d	2	1.67	0.77	0.0547459507703	0.0942877961191	NA	NA	NA	NA	NA	NA	NA	NA	NA	NA	NA	NA	NA	3	1	2	2	1	1	NA	NA	NA	NA	NA	NA
20	18981876	20000785	5	3	2	2	d	2	2.54	1.77	0.0454584838063	0.108214144071	NA	NA	NA	NA	NA	NA	NA	NA	NA	NA	NA	NA	NA	4	2	2	3	2	1	NA	NA	NA	5	2	3
20	20000786	25599999	5	3	2	2	d	3	2.54	1.77	0.0455246727809	0.124664798357	NA	NA	NA	3	2	1	NA	NA	NA	NA	NA	NA	NA	4	2	2	3	2	1	NA	NA	NA	5	2	3
20	25600000	29532800	NA	NA	NA	NA	NA	NA	1.67	0.77	0.0506797933828	0.264641845872	NA	NA	NA	NA	NA	NA	NA	NA	NA	NA	NA	NA	NA	3	1	2	2	2	0.299637	2	1	0.700363	5	2	3
20	29532801	62432500	5	3	2	2	d	2	2.33	1.67	0.0440851536578	0.177518736175	NA	NA	NA	2	2	0.210406149230621	3	2	0.789593850769379	0.0080389685511992	0.00797584861409384	0.194492032171592	0.225397759521738	4	2	2	3	2	1	NA	NA	NA	5	2	3
21	1	10899999	NA	NA	NA	NA	NA	NA	NA	NA	NA	NA	NA	NA	NA	NA	NA	NA	NA	NA	NA	NA	NA	NA	NA	NA	NA	NA	2	0	0.776449	2	1	0.223551	NA	NA	NA
21	10900000	14450336	2	2	0	1	h	1	NA	NA	NA	NA	NA	NA	NA	NA	NA	NA	NA	NA	NA	NA	NA	NA	NA	NA	NA	NA	2	0	1	NA	NA	NA	NA	NA	NA
21	14450337	15650375	2	2	0	2	d	3	2	0	0.0691738672851	0.136189914328	NA	NA	NA	2	0	1	NA	NA	NA	NA	NA	NA	NA	2	0	2	2	0	0.441133	1	0	0.558867	NA	NA	NA
21	15650376	33629198	3	2	1	2	d	3	1.88	1	0.0556818600482	0.101755562063	NA	NA	NA	1	1	0.183558834383277	2	1	0.816441165616723	0.00877557651430913	0.00868812484165713	0.175595482884101	0.210409864999387	3	1	2	2	1	1	NA	NA	NA	3	1	2
21	33629199	33659555	3	2	1	2	d	3	1.88	1	0.05	0.1	NA	NA	NA	3	1	1	NA	NA	NA	NA	NA	NA	NA	3	1	2	2	1	1	NA	NA	NA	3	1	2
21	33659556	46937500	3	2	1	2	d	2	1.88	1	0.0561990759527	0.113247071957	NA	NA	NA	1	1	0.17707124128871	2	1	0.82292875871129	0.00922181675468796	0.00909338147645325	0.159781740582484	0.194971728986864	2	1	1	2	1	1	NA	NA	NA	3	1	2
21	46937501	48129894	3	2	1	2	d	2	NA	NA	NA	NA	NA	NA	NA	1	1	0.17707124128871	2	1	0.82292875871129	0.00922181675468796	0.00909338147645325	0.159781740582484	0.194971728986864	2	1	1	2	1	1	NA	NA	NA	3	1	2
22	1	12199999	3	2	1	1	g	NA	NA	NA	NA	NA	NA	NA	NA	NA	NA	NA	NA	NA	NA	NA	NA	NA	NA	NA	NA	NA	NA	NA	NA	NA	NA	NA	3	1	2
22	12200000	17899999	NA	NA	NA	NA	NA	NA	2	2	0.0366200490309	0.220855778213	NA	NA	NA	2	2	1	NA	NA	NA	NA	NA	NA	NA	3	1	2	2	2	1	NA	NA	NA	3	1	2
22	17900000	49691400	4	2	2	2	d	3	2	2	0.0396817815183	0.148987986119	NA	NA	NA	2	2	1	NA	NA	NA	NA	NA	NA	NA	3	1	2	2	2	1	NA	NA	NA	3	1	2
22	49691401	51304565	3	2	1	1	g	NA	NA	NA	NA	NA	NA	NA	NA	2	2	1	NA	NA	NA	NA	NA	NA	NA	2	1	1	2	2	1	NA	NA	NA	3	1	2
X	1	2700026	2	2	0	1	h	1	1	0	0.070830569027	0.13365521116	NA	NA	NA	NA	NA	NA	NA	NA	NA	NA	NA	NA	NA	2	0	2	NA	NA	NA	NA	NA	NA	1	0	1
X	2700027	44882469	2	2	0	1	h	1	1	0	0.05	0.139801558294	NA	NA	NA	NA	NA	NA	NA	NA	NA	NA	NA	NA	NA	2	0	2	NA	NA	NA	NA	NA	NA	NA	NA	NA
X	44882470	44970013	2	2	0	1	h	1	1	0	0.05	0.1	NA	NA	NA	NA	NA	NA	NA	NA	NA	NA	NA	NA	NA	2	0	2	NA	NA	NA	NA	NA	NA	NA	NA	NA
X	44970014	58099999	2	2	0	1	h	1	1	0	0.05	0.125639673541	NA	NA	NA	NA	NA	NA	NA	NA	NA	NA	NA	NA	NA	2	0	2	NA	NA	NA	NA	NA	NA	3	0	3
X	58100000	62999999	2	2	0	1	h	1	0.56	0	0.05	0.21740769555	NA	NA	NA	NA	NA	NA	NA	NA	NA	NA	NA	NA	NA	2	0	2	NA	NA	NA	NA	NA	NA	3	0	3
X	63000000	155270559	2	2	0	1	h	1	1	0	0.05	0.133513251429	NA	NA	NA	NA	NA	NA	NA	NA	NA	NA	NA	NA	NA	2	0	2	NA	NA	NA	NA	NA	NA	3	0	3
Y	1	2913602	NA	NA	NA	NA	NA	NA	NA	NA	NA	NA	NA	NA	NA	NA	NA	NA	NA	NA	NA	NA	NA	NA	NA	NA	NA	NA	NA	NA	NA	NA	NA	NA	0	0	0
Y	2913603	10038202	NA	NA	NA	NA	NA	NA	NA	NA	NA	NA	NA	NA	NA	NA	NA	NA	NA	NA	NA	NA	NA	NA	NA	NA	NA	NA	NA	NA	NA	NA	NA	NA	0	0	0
Y	10038203	11599999	NA	NA	NA	NA	NA	NA	NA	NA	NA	NA	NA	NA	NA	NA	NA	NA	NA	NA	NA	NA	NA	NA	NA	NA	NA	NA	NA	NA	NA	NA	NA	NA	0	0	0
Y	11600000	13399999	NA	NA	NA	NA	NA	NA	NA	NA	NA	NA	NA	NA	NA	NA	NA	NA	NA	NA	NA	NA	NA	NA	NA	NA	NA	NA	NA	NA	NA	NA	NA	NA	0	0	0
Y	13400000	59373565	NA	NA	NA	NA	NA	NA	NA	NA	NA	NA	NA	NA	NA	NA	NA	NA	NA	NA	NA	NA	NA	NA	NA	NA	NA	NA	NA	NA	NA	NA	NA	NA	0	0	0
