chromosome	start	end	total_cn	major_cn	minor_cn	star	level	methods_agree	absolute_broad_major_cn	absolute_broad_minor_cn	absolute_broad_het_error	absolute_broad_cov_error	aceseq_copy_number	aceseq_minor_cn	aceseq_major_cn	battenberg_nMaj1_A	battenberg_nMin1_A	battenberg_frac1_A	battenberg_nMaj2_A	battenberg_nMin2_A	battenberg_frac2_A	battenberg_SDfrac_A	battenberg_SDfrac_A_BS	battenberg_frac1_A_0.025	battenberg_frac1_A_0.975	clonehd_copy_number	clonehd_minor_cn	clonehd_major_cn	sclust_nMaj1_A	sclust_nMin1_A	sclust_frac1_A	sclust_nMaj2_A	sclust_nMin2_A	sclust_frac2_A	jabba_copy_number	jabba_minor_cn	jabba_major_cn
1	10001	56989665	2	1	1	3	b	5	1	1	0.0407757214548	0.0892750289629	NA	NA	NA	1	1	1	NA	NA	NA	NA	NA	NA	NA	2	1	1	1	1	1	NA	NA	NA	2	1	1
1	56989666	56991461	2	1	1	2	d	4	1	1	0.05	0.1	NA	NA	NA	1	1	1	NA	NA	NA	NA	NA	NA	NA	1	0	1	1	1	1	NA	NA	NA	2	1	1
1	56991462	119401072	2	1	1	3	b	5	1	1	0.0370819890067	0.0660999957027	NA	NA	NA	1	1	1	NA	NA	NA	NA	NA	NA	NA	2	1	1	1	1	1	NA	NA	NA	2	1	1
1	119401073	119401200	2	1	1	2	d	4	1	1	0.05	0.1	NA	NA	NA	1	1	1	NA	NA	NA	NA	NA	NA	NA	NA	NA	NA	1	1	1	NA	NA	NA	2	1	1
1	119401201	121499999	2	1	1	3	b	5	1	1	0.0434245056101	0.0910836837496	NA	NA	NA	1	1	1	NA	NA	NA	NA	NA	NA	NA	2	1	1	1	1	1	NA	NA	NA	2	1	1
1	121500000	128899999	2	1	1	2	d	2	NA	NA	NA	NA	NA	NA	NA	1	1	1	NA	NA	NA	NA	NA	NA	NA	1	0	1	NA	NA	NA	NA	NA	NA	2	1	1
1	128900000	142917500	2	1	1	2	d	3	1	1	0.05	0.227154812362	NA	NA	NA	1	1	1	NA	NA	NA	NA	NA	NA	NA	NA	NA	NA	2	0	1	NA	NA	NA	2	1	1
1	142917501	188801921	2	1	1	3	b	5	1	1	0.0386082612703	0.084893732915	NA	NA	NA	1	1	1	NA	NA	NA	NA	NA	NA	NA	2	1	1	1	1	1	NA	NA	NA	2	1	1
1	188801922	188880670	2	2	0	1	h	1	NA	NA	NA	NA	NA	NA	NA	2	0	1	NA	NA	NA	NA	NA	NA	NA	1	0	1	1	1	1	NA	NA	NA	2	1	1
1	188880671	225221776	2	1	1	3	b	5	1	1	0.0372376989505	0.0657550103003	NA	NA	NA	1	1	1	NA	NA	NA	NA	NA	NA	NA	2	1	1	1	1	1	NA	NA	NA	2	1	1
1	225221777	234608776	2	1	1	2	d	2	1	0.61	0.047054841516	0.0576868393781	NA	NA	NA	1	0	0.450710861939703	1	1	0.549289138060297	0.00932288672666506	0.00943309941011911	0.428141873215613	0.464405890675393	1	0	1	1	1	1	NA	NA	NA	2	1	1
1	234608777	234680626	2	1	1	2	d	4	1	0.61	0.0505771970069	0.1	NA	NA	NA	1	1	1	NA	NA	NA	NA	NA	NA	NA	2	1	1	1	1	1	NA	NA	NA	2	1	1
1	234680627	234712803	2	1	1	2	d	3	1	0.61	0.05	0.1	NA	NA	NA	1	1	1	NA	NA	NA	NA	NA	NA	NA	1	0	1	1	1	1	NA	NA	NA	2	1	1
1	234712804	247247500	2	1	1	3	b	5	1	1	0.0409288664401	0.0639850711309	NA	NA	NA	1	1	1	NA	NA	NA	NA	NA	NA	NA	2	1	1	1	1	1	NA	NA	NA	2	1	1
1	247247501	249250620	2	1	1	2	d	4	NA	NA	NA	NA	NA	NA	NA	1	1	1	NA	NA	NA	NA	NA	NA	NA	2	1	1	1	1	1	NA	NA	NA	2	1	1
2	20016	87452733	2	1	1	3	b	5	1	1	0.0383959475998	0.0667595692814	NA	NA	NA	1	1	1	NA	NA	NA	NA	NA	NA	NA	2	1	1	1	1	1	NA	NA	NA	2	1	1
2	87452734	90499999	2	1	1	2	d	4	1	1	0.0360608642966	0.174999966555	NA	NA	NA	1	1	1	NA	NA	NA	NA	NA	NA	NA	2	1	1	2	1	0.747595	1	1	0.252405	2	1	1
2	90500000	96799999	2	1	1	2	d	2	1	1	0.0518085071716	0.1657509733	NA	NA	NA	NA	NA	NA	NA	NA	NA	NA	NA	NA	NA	1	0	1	1	0	0.606349	1	1	0.393651	2	1	1
2	96800000	97028757	2	1	1	2	d	4	1	1	0.05	0.0538915274477	NA	NA	NA	1	1	1	NA	NA	NA	NA	NA	NA	NA	1	0	1	1	1	1	NA	NA	NA	2	1	1
2	97028758	97028781	2	1	1	2	d	3	1	1	0.05	0.1	NA	NA	NA	NA	NA	NA	NA	NA	NA	NA	NA	NA	NA	1	0	1	1	1	1	NA	NA	NA	2	1	1
2	97028782	97038048	2	1	1	2	d	3	1	1	0.05	0.1	NA	NA	NA	0	0	1	NA	NA	NA	NA	NA	NA	NA	1	0	1	1	1	1	NA	NA	NA	2	1	1
2	97038049	97038174	2	1	1	2	d	3	1	1	0.05	0.1	NA	NA	NA	NA	NA	NA	NA	NA	NA	NA	NA	NA	NA	NA	NA	NA	1	1	1	NA	NA	NA	2	1	1
2	97038175	113978802	2	1	1	3	b	5	1	1	0.0381825395644	0.0661380220244	NA	NA	NA	1	1	1	NA	NA	NA	NA	NA	NA	NA	2	1	1	1	1	1	NA	NA	NA	2	1	1
2	113978803	116316683	1	1	0	2	d	3	1	0	0.064889863436	0.0540335448137	NA	NA	NA	1	0	0.753706360593019	2	0	0.246293639406981	0.0297061221838799	0.0297853787179938	0.716748464957185	0.833876479788445	1	0	1	1	0	1	NA	NA	NA	2	1	1
2	116316684	116363006	2	1	1	2	d	3	1	1	0.05	0.1	NA	NA	NA	NA	NA	NA	NA	NA	NA	NA	NA	NA	NA	NA	NA	NA	1	1	1	NA	NA	NA	2	1	1
2	116363007	116373567	2	1	1	2	d	3	1	1	0.05	0.1	NA	NA	NA	0	0	0.465874154539865	1	0	0.534125845460135	NA	0	0.465874154539865	0.465874154539865	1	0	1	1	1	1	NA	NA	NA	2	1	1
2	116373568	116377175	2	1	1	2	d	3	1	1	0.05	0.1	NA	NA	NA	NA	NA	NA	NA	NA	NA	NA	NA	NA	NA	1	0	1	1	1	1	NA	NA	NA	2	1	1
2	116377176	116383692	2	1	1	2	d	3	1	1	0.05	0.1	NA	NA	NA	NA	NA	NA	NA	NA	NA	NA	NA	NA	NA	1	0	1	1	1	1	NA	NA	NA	2	1	1
2	116383693	174904971	2	1	1	3	b	5	1	1	0.0365148486701	0.0644254644828	NA	NA	NA	1	1	1	NA	NA	NA	NA	NA	NA	NA	2	1	1	1	1	1	NA	NA	NA	2	1	1
2	174904972	223752414	2	1	1	3	b	5	1	1	0.0369687293281	0.0680583026557	NA	NA	NA	1	1	1	NA	NA	NA	NA	NA	NA	NA	2	1	1	1	1	1	NA	NA	NA	2	1	1
2	223752415	223757404	2	1	1	2	d	3	1	1	0.05	0.1	NA	NA	NA	1	0	0.232657334522468	1	1	0.767342665477532	NA	0	0.232657334522468	0.232657334522468	1	0	1	1	1	1	NA	NA	NA	2	1	1
2	223757405	242985493	2	1	1	3	b	5	1	1	0.0391152218351	0.0708880576332	NA	NA	NA	1	1	1	NA	NA	NA	NA	NA	NA	NA	2	1	1	1	1	1	NA	NA	NA	2	1	1
3	62226	87899999	2	1	1	3	b	5	1	1	0.0368000359052	0.0669731914151	NA	NA	NA	1	1	1	NA	NA	NA	NA	NA	NA	NA	2	1	1	1	1	1	NA	NA	NA	2	1	1
3	87900000	93899999	2	1	1	3	b	5	1	1	0.037583728085	0.0667875656326	NA	NA	NA	1	1	1	NA	NA	NA	NA	NA	NA	NA	2	1	1	1	1	1	NA	NA	NA	2	1	1
3	93900000	139794208	2	1	1	3	b	5	1	1	0.0369768563636	0.0661850743168	NA	NA	NA	1	1	1	NA	NA	NA	NA	NA	NA	NA	2	1	1	1	1	1	NA	NA	NA	2	1	1
3	139794209	139795226	2	1	1	2	d	4	1	1	0.05	0.1	NA	NA	NA	1	1	1	NA	NA	NA	NA	NA	NA	NA	NA	NA	NA	1	1	1	NA	NA	NA	2	1	1
3	139795227	139922344	2	1	1	3	b	5	1	1	0.0450688621899	0.0512997858313	NA	NA	NA	1	1	1	NA	NA	NA	NA	NA	NA	NA	2	1	1	1	1	1	NA	NA	NA	2	1	1
3	139922345	140292593	1	1	0	2	d	4	1	0	0.0612901280593	0.0676172815489	NA	NA	NA	1	0	1	NA	NA	NA	NA	NA	NA	NA	1	0	1	1	0	1	NA	NA	NA	2	1	1
3	140292594	152875054	2	1	1	3	b	5	1	1	0.0369235156286	0.0629681871643	NA	NA	NA	1	1	1	NA	NA	NA	NA	NA	NA	NA	2	1	1	1	1	1	NA	NA	NA	2	1	1
3	152875055	154928507	1	1	0	2	d	4	1	0	0.0600554502687	0.0559774671246	NA	NA	NA	2	0	0.611270524469954	3	0	0.388729475530046	0.0410237673220836	0.0400943794059523	0.539548934917724	0.6943453949371	1	0	1	1	0	1	NA	NA	NA	1	0	1
3	154928508	198022429	2	1	1	3	b	5	1	1	0.0375417271241	0.0754730439185	NA	NA	NA	1	1	1	NA	NA	NA	NA	NA	NA	NA	2	1	1	1	1	1	NA	NA	NA	2	1	1
4	27945	48199999	2	1	1	3	b	5	1	1	0.0384014539785	0.0681708798851	NA	NA	NA	1	1	1	NA	NA	NA	NA	NA	NA	NA	2	1	1	1	1	1	NA	NA	NA	2	1	1
4	48200000	52699999	2	1	1	3	b	5	1	1	0.0340240101917	0.203964287384	NA	NA	NA	1	1	1	NA	NA	NA	NA	NA	NA	NA	2	1	1	1	1	1	NA	NA	NA	2	1	1
4	52700000	53986160	2	1	1	3	b	5	1	1	0.0397962011021	0.0666095869108	NA	NA	NA	1	1	1	NA	NA	NA	NA	NA	NA	NA	2	1	1	1	1	1	NA	NA	NA	2	1	1
4	53986161	53986272	2	1	1	2	d	3	NA	NA	NA	NA	NA	NA	NA	1	1	1	NA	NA	NA	NA	NA	NA	NA	NA	NA	NA	1	1	1	NA	NA	NA	2	1	1
4	53986273	54067991	2	1	1	3	b	5	1	1	0.05	0.0525800391354	NA	NA	NA	1	1	1	NA	NA	NA	NA	NA	NA	NA	2	1	1	1	1	1	NA	NA	NA	2	1	1
4	54067992	63520731	1	1	0	2	d	2	1	0	0.0547948976275	0.0564779170885	NA	NA	NA	1	0	0.793675020605025	1	1	0.206324979394975	0.00741005815746998	0.00763216823680037	0.768508492026725	0.798298016820771	1	0	1	1	0	0.724109	1	1	0.275891	2	1	1
4	63520732	64995846	2	1	1	3	b	5	1	1	0.0383944845436	0.0748315739814	NA	NA	NA	1	1	1	NA	NA	NA	NA	NA	NA	NA	2	1	1	1	1	1	NA	NA	NA	2	1	1
4	64995847	64995909	2	1	1	2	d	4	1	1	0.05	0.1	NA	NA	NA	1	1	1	NA	NA	NA	NA	NA	NA	NA	NA	NA	NA	1	1	1	NA	NA	NA	2	1	1
4	64995910	106702290	2	1	1	3	b	5	1	1	0.0358778685039	0.0665856889258	NA	NA	NA	1	1	1	NA	NA	NA	NA	NA	NA	NA	2	1	1	1	1	1	NA	NA	NA	2	1	1
4	106702291	107064045	2	1	1	2	d	3	0.8	0.8	0.0312282930338	0.0562559916543	NA	NA	NA	1	0	0.467118214273794	1	1	0.532881785726206	0.0496362974946199	0.049470219160439	0.318479908766136	0.511628734425503	2	1	1	1	1	1	NA	NA	NA	2	1	1
4	107064046	122299717	2	1	1	3	b	5	1	1	0.0374543693715	0.0659838079757	NA	NA	NA	1	1	1	NA	NA	NA	NA	NA	NA	NA	2	1	1	1	1	1	NA	NA	NA	2	1	1
4	122299718	122726967	1	1	0	2	d	4	1	0	0.0613772657624	0.0517194008699	NA	NA	NA	2	0	0.386268332801606	3	0	0.613731667198394	0.107401581887437	0.100173237771298	0.315658982886818	0.71585640026512	1	0	1	1	0	1	NA	NA	NA	1	0	1
4	122726968	136080645	2	1	1	3	b	5	1	1	0.034892619776	0.0624339929474	NA	NA	NA	1	1	1	NA	NA	NA	NA	NA	NA	NA	2	1	1	1	1	1	NA	NA	NA	2	1	1
4	136080646	141641764	2	1	1	3	b	5	1	1	0.037728313953	0.0612750795849	NA	NA	NA	1	1	1	NA	NA	NA	NA	NA	NA	NA	2	1	1	1	1	1	NA	NA	NA	2	1	1
4	141641765	142004857	1	1	0	2	d	4	1	0	0.0725861498001	0.0571180395649	NA	NA	NA	2	0	0.382783357245348	3	0	0.617216642754652	0.130946496175208	0.124183152148048	0.326286029285294	0.810406962660205	1	0	1	1	0	1	NA	NA	NA	1	0	1
4	142004858	170515520	2	1	1	3	b	5	1	1	0.0365473500696	0.0665656043828	NA	NA	NA	1	1	1	NA	NA	NA	NA	NA	NA	NA	2	1	1	1	1	1	NA	NA	NA	2	1	1
4	170515521	170778360	1	1	0	2	d	4	1	0	0.0414086160524	0.0594443964243	NA	NA	NA	1	0	1	NA	NA	NA	NA	NA	NA	NA	1	0	1	1	0	1	NA	NA	NA	2	1	1
4	170778361	173935947	2	1	1	3	b	5	1	1	0.0334295530206	0.0602867031411	NA	NA	NA	1	1	1	NA	NA	NA	NA	NA	NA	NA	2	1	1	1	1	1	NA	NA	NA	2	1	1
4	173935948	174037164	0	0	0	1	g	NA	0	0	0.05	0.0477308898751	NA	NA	NA	1	0	0.688665710186512	1	1	0.311334289813488	0.112653882500696	0.110117886540106	0.466819014655798	0.889799215897366	1	0	1	1	0	0.588805	1	1	0.411195	2	1	1
4	174037165	174037378	0	0	0	1	g	NA	0	0	0.05	0.1	NA	NA	NA	NA	NA	NA	NA	NA	NA	NA	NA	NA	NA	1	0	1	1	0	0.588805	1	1	0.411195	2	1	1
4	174037379	174042216	0	0	0	1	g	NA	0	0	0.05	0.1	NA	NA	NA	NA	NA	NA	NA	NA	NA	NA	NA	NA	NA	1	0	1	1	1	1	NA	NA	NA	2	1	1
4	174042217	174043755	2	1	1	2	d	2	NA	NA	NA	NA	NA	NA	NA	NA	NA	NA	NA	NA	NA	NA	NA	NA	NA	1	0	1	1	1	1	NA	NA	NA	2	1	1
4	174043756	174044212	2	1	1	2	d	2	NA	NA	NA	NA	NA	NA	NA	NA	NA	NA	NA	NA	NA	NA	NA	NA	NA	1	0	1	1	1	1	NA	NA	NA	2	1	1
4	174044213	174044824	2	1	1	2	d	2	NA	NA	NA	NA	NA	NA	NA	NA	NA	NA	NA	NA	NA	NA	NA	NA	NA	1	0	1	1	1	1	NA	NA	NA	2	1	1
4	174044825	174045663	2	1	1	2	d	2	NA	NA	NA	NA	NA	NA	NA	NA	NA	NA	NA	NA	NA	NA	NA	NA	NA	NA	NA	NA	1	1	1	NA	NA	NA	2	1	1
4	174045664	174098839	2	1	1	3	b	5	1	1	0.0326605639399	0.1	NA	NA	NA	1	1	1	NA	NA	NA	NA	NA	NA	NA	2	1	1	1	1	1	NA	NA	NA	2	1	1
4	174098840	174256927	1	1	0	2	d	4	1	0	0.05	0.0586223534133	NA	NA	NA	1	0	1	NA	NA	NA	NA	NA	NA	NA	1	0	1	1	0	1	NA	NA	NA	2	1	1
4	174256928	187093531	2	1	1	3	b	5	1	1	0.0388603632424	0.0644896112041	NA	NA	NA	1	1	1	NA	NA	NA	NA	NA	NA	NA	2	1	1	1	1	1	NA	NA	NA	2	1	1
4	187093532	187098240	2	1	1	2	d	4	1	1	0.05	0.1	NA	NA	NA	1	1	1	NA	NA	NA	NA	NA	NA	NA	NA	NA	NA	1	1	1	NA	NA	NA	2	1	1
4	187098241	191154275	2	1	1	3	b	5	1	1	0.0402794394817	0.0815597050589	NA	NA	NA	1	1	1	NA	NA	NA	NA	NA	NA	NA	2	1	1	1	1	1	NA	NA	NA	2	1	1
5	22663	857921	2	1	1	2	d	3	1	1	0.0434781093181	0.156273207706	NA	NA	NA	NA	NA	NA	NA	NA	NA	NA	NA	NA	NA	NA	NA	NA	1	1	1	NA	NA	NA	2	1	1
5	857922	10273405	2	1	1	3	b	5	1	1	0.039878416428	0.0660870755295	NA	NA	NA	1	1	1	NA	NA	NA	NA	NA	NA	NA	2	1	1	1	1	1	NA	NA	NA	2	1	1
5	10273406	10275390	2	1	1	2	d	4	1	1	0.05	0.1	NA	NA	NA	1	1	1	NA	NA	NA	NA	NA	NA	NA	NA	NA	NA	1	1	1	NA	NA	NA	2	1	1
5	10275391	45406196	2	1	1	3	b	5	1	1	0.0376690408632	0.0661144582187	NA	NA	NA	1	1	1	NA	NA	NA	NA	NA	NA	NA	2	1	1	1	1	1	NA	NA	NA	2	1	1
5	45406197	50699999	NA	NA	NA	NA	NA	NA	1	0	0.0544820324128	0.167951934502	NA	NA	NA	NA	NA	NA	NA	NA	NA	NA	NA	NA	NA	2	1	1	1	0	0.606349	1	1	0.393651	2	1	1
5	50700000	59852136	1	1	0	2	d	4	1	0	0.0588061925471	0.0611064086437	NA	NA	NA	1	0	1	NA	NA	NA	NA	NA	NA	NA	1	0	1	1	0	1	NA	NA	NA	2	1	1
5	59852137	59853305	1	1	0	2	d	4	1	0	0.05	0.1	NA	NA	NA	1	0	1	NA	NA	NA	NA	NA	NA	NA	1	0	1	1	0	1	NA	NA	NA	2	1	1
5	59853306	68041525	1	1	0	2	d	4	1	0	0.0574594164072	0.0566960590924	NA	NA	NA	1	0	1	NA	NA	NA	NA	NA	NA	NA	1	0	1	1	0	1	NA	NA	NA	2	1	1
5	68041526	68041577	1	1	0	2	d	3	NA	NA	NA	NA	NA	NA	NA	1	0	1	NA	NA	NA	NA	NA	NA	NA	1	0	1	1	0	1	NA	NA	NA	2	1	1
5	68041578	72345757	1	1	0	2	d	4	1	0	0.0572862180204	0.0588288845895	NA	NA	NA	1	0	1	NA	NA	NA	NA	NA	NA	NA	1	0	1	1	0	1	NA	NA	NA	2	1	1
5	72345758	72346872	1	1	0	2	d	2	NA	NA	NA	NA	NA	NA	NA	NA	NA	NA	NA	NA	NA	NA	NA	NA	NA	1	0	1	1	0	1	NA	NA	NA	2	1	1
5	72346873	72346897	1	1	0	1	h	1	NA	NA	NA	NA	NA	NA	NA	NA	NA	NA	NA	NA	NA	NA	NA	NA	NA	NA	NA	NA	1	0	1	NA	NA	NA	2	1	1
5	72346898	76062445	2	1	1	3	b	5	1	1	0.0351949593783	0.0657445092056	NA	NA	NA	1	1	1	NA	NA	NA	NA	NA	NA	NA	2	1	1	1	1	1	NA	NA	NA	2	1	1
5	76062446	76063865	2	1	1	2	d	4	1	1	0.05	0.1	NA	NA	NA	1	1	1	NA	NA	NA	NA	NA	NA	NA	NA	NA	NA	1	1	1	NA	NA	NA	2	1	1
5	76063866	92635045	2	1	1	3	b	5	1	1	0.0357992977551	0.062306430768	NA	NA	NA	1	1	1	NA	NA	NA	NA	NA	NA	NA	2	1	1	1	1	1	NA	NA	NA	2	1	1
5	92635046	92637070	2	1	1	2	d	2	NA	NA	NA	NA	NA	NA	NA	1	0	0.486643437862958	2	0	0.513356562137042	NA	0	0.486643437862958	0.486643437862958	1	0	1	1	1	1	NA	NA	NA	2	1	1
5	92637071	92637334	1	1	0	2	d	2	NA	NA	NA	NA	NA	NA	NA	NA	NA	NA	NA	NA	NA	NA	NA	NA	NA	1	0	1	1	0	1	NA	NA	NA	2	1	1
5	92637335	92719120	0	0	0	1	h	1	NA	NA	NA	NA	NA	NA	NA	0	0	1	NA	NA	NA	NA	NA	NA	NA	1	0	1	1	0	1	NA	NA	NA	2	1	1
5	92719121	92719519	1	1	0	2	d	2	NA	NA	NA	NA	NA	NA	NA	NA	NA	NA	NA	NA	NA	NA	NA	NA	NA	1	0	1	1	0	1	NA	NA	NA	2	1	1
5	92719520	92721859	1	1	0	1	h	1	NA	NA	NA	NA	NA	NA	NA	NA	NA	NA	NA	NA	NA	NA	NA	NA	NA	NA	NA	NA	1	0	1	NA	NA	NA	2	1	1
5	92721860	92788207	1	1	0	1	g	NA	1	0	0.05	0.0778725670369	NA	NA	NA	1	1	1	NA	NA	NA	NA	NA	NA	NA	NA	NA	NA	1	0	1	NA	NA	NA	2	1	1
5	92788208	93260736	1	1	0	2	d	4	1	0	0.05	0.0503475616675	NA	NA	NA	1	0	1	NA	NA	NA	NA	NA	NA	NA	1	0	1	1	0	1	NA	NA	NA	2	1	1
5	93260737	93264682	2	1	1	2	f	2	NA	NA	NA	NA	NA	NA	NA	NA	NA	NA	NA	NA	NA	NA	NA	NA	NA	NA	NA	NA	1	0	0.780976	1	1	0.219024	2	1	1
5	93264683	93264783	2	1	1	2	f	2	NA	NA	NA	NA	NA	NA	NA	NA	NA	NA	NA	NA	NA	NA	NA	NA	NA	NA	NA	NA	1	0	0.780976	1	1	0.219024	2	1	1
5	93264784	93318385	2	1	1	2	d	3	0.61	0	0.05	0.0656720024968	NA	NA	NA	1	1	1	NA	NA	NA	NA	NA	NA	NA	2	1	1	1	0	0.780976	1	1	0.219024	2	1	1
5	93318386	94017470	1	1	0	2	e	4	0.61	0	0.0619225099424	0.0596584821106	NA	NA	NA	1	0	0.867078038860531	1	1	0.132921961139469	0.0574485150038783	0.0555858780700769	0.766479666474713	0.97283225787633	1	0	1	1	0	0.780976	1	1	0.219024	2	1	1
5	94017471	94018599	1	1	0	2	e	3	0.61	0	0.05	0.1	NA	NA	NA	1	1	0.574897709761408	2	1	0.425102290238592	NA	0	0.574897709761408	0.574897709761408	1	0	1	1	0	0.780976	1	1	0.219024	2	1	1
5	94018600	94023028	2	1	1	2	d	3	1	1	0.05	0.1	NA	NA	NA	1	0	1	NA	NA	NA	NA	NA	NA	NA	NA	NA	NA	1	1	1	NA	NA	NA	2	1	1
5	94023029	95619606	2	1	1	3	b	5	1	1	0.0374183486109	0.060984200741	NA	NA	NA	1	1	1	NA	NA	NA	NA	NA	NA	NA	2	1	1	1	1	1	NA	NA	NA	2	1	1
5	95619607	95623432	2	1	1	2	d	3	1	1	0.05	0.1	NA	NA	NA	1	0	0.530550702777231	2	0	0.469449297222769	0.205008609716022	0.177427305399459	0.318808780556086	1.0050408275621	NA	NA	NA	1	1	1	NA	NA	NA	2	1	1
5	95623433	100718093	2	1	1	3	b	5	1	1	0.0368509762054	0.0635710123128	NA	NA	NA	1	1	1	NA	NA	NA	NA	NA	NA	NA	2	1	1	1	1	1	NA	NA	NA	2	1	1
5	100718094	106334407	1	1	0	2	d	3	1	0	0.0642062706177	0.0548642070494	NA	NA	NA	1	0	0.803558106169301	2	0	0.196441893830699	0.019327879087233	0.0185512779936536	0.807555598989244	0.879081599865187	1	0	1	1	0	1	NA	NA	NA	2	1	1
5	106334408	120193332	2	1	1	3	b	5	1	1	0.0344853176296	0.064803642638	NA	NA	NA	1	1	1	NA	NA	NA	NA	NA	NA	NA	2	1	1	1	1	1	NA	NA	NA	2	1	1
5	120193333	120254874	1	1	0	2	d	3	1	0	0.05	0.0489843199371	NA	NA	NA	1	0	0.575664412106301	2	0	0.424335587893699	0.0936873738213092	0.091773988463102	0.369474262829129	0.725974606049103	1	0	1	1	0	1	NA	NA	NA	2	1	1
5	120254875	120265552	2	1	1	2	d	4	1	1	0.05	0.1	NA	NA	NA	1	1	1	NA	NA	NA	NA	NA	NA	NA	2	1	1	1	0	1	NA	NA	NA	2	1	1
5	120265553	120315456	1	1	0	2	f	3	0	0	0.05	0.0947905163766	NA	NA	NA	1	0	0.685899307306453	2	0	0.314100692693547	0.136364239780238	0.141020788605145	0.304478358641958	0.862458904454993	1	0	1	1	0	1	NA	NA	NA	2	1	1
5	120315457	127618174	2	1	1	3	b	5	1	1	0.0370072280156	0.060907961498	NA	NA	NA	1	1	1	NA	NA	NA	NA	NA	NA	NA	2	1	1	1	1	1	NA	NA	NA	2	1	1
5	127618175	127618211	2	1	1	2	d	4	1	1	0.05	0.1	NA	NA	NA	1	1	1	NA	NA	NA	NA	NA	NA	NA	NA	NA	NA	1	1	1	NA	NA	NA	2	1	1
5	127618212	127741415	2	1	1	3	b	5	1	1	0.05	0.0451295082168	NA	NA	NA	1	1	1	NA	NA	NA	NA	NA	NA	NA	2	1	1	1	1	1	NA	NA	NA	2	1	1
5	127741416	127741613	2	1	1	2	d	4	1	1	0.05	0.1	NA	NA	NA	1	1	1	NA	NA	NA	NA	NA	NA	NA	NA	NA	NA	1	1	1	NA	NA	NA	2	1	1
5	127741614	142780612	2	1	1	3	b	5	1	1	0.0390572535025	0.0690931647113	NA	NA	NA	1	1	1	NA	NA	NA	NA	NA	NA	NA	2	1	1	1	1	1	NA	NA	NA	2	1	1
5	142780613	145810798	1	1	0	2	d	3	1	0	0.0623812849988	0.0520495329294	NA	NA	NA	1	0	0.790362055869697	2	0	0.209637944130303	0.0260790582668194	0.0256021695129028	0.760692083901719	0.858114574627206	1	0	1	1	0	1	NA	NA	NA	2	1	1
5	145810799	159960000	2	1	1	3	b	5	1	1	0.0381933013562	0.0679326301139	NA	NA	NA	1	1	1	NA	NA	NA	NA	NA	NA	NA	2	1	1	1	1	1	NA	NA	NA	2	1	1
5	159960001	159961530	2	1	1	2	d	4	1	1	0.05	0.1	NA	NA	NA	1	1	1	NA	NA	NA	NA	NA	NA	NA	NA	NA	NA	1	1	1	NA	NA	NA	2	1	1
5	159961531	167025085	2	1	1	3	b	5	1	1	0.0365906496689	0.0643623160833	NA	NA	NA	1	1	1	NA	NA	NA	NA	NA	NA	NA	2	1	1	1	1	1	NA	NA	NA	2	1	1
5	167025086	168640713	1	1	0	2	d	3	1	0	0.0609753675389	0.0573310139085	NA	NA	NA	1	0	0.767289942493919	2	0	0.232710057506081	0.0424218673871843	0.040728581319881	0.715971317768844	0.877583312729273	1	0	1	1	0	1	NA	NA	NA	2	1	1
5	168640714	168710303	2	1	1	3	b	5	1	1	0.05	0.0539702983481	NA	NA	NA	1	1	1	NA	NA	NA	NA	NA	NA	NA	2	1	1	1	1	1	NA	NA	NA	2	1	1
5	168710304	168716423	2	1	1	2	d	4	1	1	0.05	0.1	NA	NA	NA	1	1	1	NA	NA	NA	NA	NA	NA	NA	NA	NA	NA	1	1	1	NA	NA	NA	2	1	1
5	168716424	180689978	2	1	1	3	b	5	1	1	0.0410424895507	0.132490455816	NA	NA	NA	1	1	1	NA	NA	NA	NA	NA	NA	NA	2	1	1	1	1	1	NA	NA	NA	2	1	1
6	39681	242500	2	1	1	2	d	4	1	1	0.05	0.1	NA	NA	NA	1	1	1	NA	NA	NA	NA	NA	NA	NA	NA	NA	NA	1	1	1	NA	NA	NA	2	1	1
6	242501	22134538	2	1	1	3	b	5	1	1	0.0389852982142	0.0712911308778	NA	NA	NA	1	1	1	NA	NA	NA	NA	NA	NA	NA	2	1	1	1	1	1	NA	NA	NA	2	1	1
6	22134539	22141556	2	1	1	2	d	3	1	1	0.05	0.1	NA	NA	NA	1	0	1	NA	NA	NA	NA	NA	NA	NA	NA	NA	NA	1	1	1	NA	NA	NA	2	1	1
6	22141557	58699999	2	1	1	3	b	5	1	1	0.0453023911285	0.0739258886542	NA	NA	NA	1	1	1	NA	NA	NA	NA	NA	NA	NA	2	1	1	1	1	1	NA	NA	NA	2	1	1
6	58700000	63299999	2	1	1	3	b	5	1	1	0.0330599590433	0.0782985130173	NA	NA	NA	1	1	1	NA	NA	NA	NA	NA	NA	NA	2	1	1	1	1	1	NA	NA	NA	2	1	1
6	63300000	126378143	2	1	1	3	b	5	1	1	0.0361188693686	0.0774114382436	NA	NA	NA	1	1	1	NA	NA	NA	NA	NA	NA	NA	2	1	1	1	1	1	NA	NA	NA	2	1	1
6	126378144	126390636	2	1	1	2	d	4	1	1	0.05	0.1	NA	NA	NA	1	1	1	NA	NA	NA	NA	NA	NA	NA	1	0	1	1	1	1	NA	NA	NA	2	1	1
6	126390637	168717271	2	1	1	3	b	5	1	1	0.0381844257984	0.0643660413084	NA	NA	NA	1	1	1	NA	NA	NA	NA	NA	NA	NA	2	1	1	1	1	1	NA	NA	NA	2	1	1
6	168717272	168718641	2	1	1	2	d	4	1	1	0.05	0.1	NA	NA	NA	1	1	1	NA	NA	NA	NA	NA	NA	NA	NA	NA	NA	1	1	1	NA	NA	NA	2	1	1
6	168718642	170912653	2	1	1	3	b	5	1	1	0.0358809647187	0.0740674798897	NA	NA	NA	1	1	1	NA	NA	NA	NA	NA	NA	NA	2	1	1	1	1	1	NA	NA	NA	2	1	1
7	40386	23428289	2	1	1	2	d	3	1	0.61	0.0463788657167	0.0626529336405	NA	NA	NA	1	0	0.459110473457673	1	1	0.540889526542327	0.00504248484483796	0.0049989969852834	0.45128843279448	0.470403246488993	2	1	1	1	1	1	NA	NA	NA	2	1	1
7	23428290	57999999	2	1	1	2	d	3	1.2	1.2	0.0408713685939	0.0708103907199	NA	NA	NA	1	1	0.662418769516412	2	1	0.337581230483588	0.00572451730063289	0.00592795869135348	0.653205403292579	0.676355381099471	2	1	1	1	1	1	NA	NA	NA	2	1	1
7	58000000	61699999	2	1	1	2	d	2	1.2	1.2	0.05	0.0745238821286	NA	NA	NA	NA	NA	NA	NA	NA	NA	NA	NA	NA	NA	NA	NA	NA	1	1	1	NA	NA	NA	2	1	1
7	61700000	129198129	2	1	1	2	d	2	1.2	1.2	0.0387349390553	0.0683219821729	NA	NA	NA	1	1	0.66634413266158	2	1	0.33365586733842	0.00453794279235886	0.00469896985844016	0.65931797837061	0.678287497801407	3	1	2	1	1	1	NA	NA	NA	2	1	1
7	129198130	132311997	2	1	1	2	d	4	1	1	0.0448837293136	0.102172502365	NA	NA	NA	1	0	0.229555236728835	1	1	0.770444763271165	0.019369266253642	0.0195411972008182	0.177556992293723	0.253335646359475	2	1	1	1	1	1	NA	NA	NA	2	1	1
7	132311998	134373687	2	1	1	2	d	4	1	1	0.0429313629682	0.0584277311494	NA	NA	NA	1	0	0.45306954617534	1	1	0.54693045382466	0.0173972187729463	0.0170553558898628	0.40842326902222	0.47717293753308	2	1	1	1	1	1	NA	NA	NA	2	1	1
7	134373688	150753844	2	1	1	3	b	5	1	1	0.0380919127778	0.0725690398103	NA	NA	NA	1	1	1	NA	NA	NA	NA	NA	NA	NA	2	1	1	1	1	1	NA	NA	NA	2	1	1
7	150753845	152029606	1	1	0	2	d	4	1	0	0.06041783194	0.0588501220094	NA	NA	NA	1	0	1	NA	NA	NA	NA	NA	NA	NA	1	0	1	1	0	1	NA	NA	NA	2	1	1
7	152029607	152764742	2	1	1	2	d	4	1	1	0.0479371388475	0.07315310223	NA	NA	NA	1	1	1	NA	NA	NA	NA	NA	NA	NA	1	0	1	1	1	1	NA	NA	NA	2	1	1
7	152764743	154780948	1	1	0	2	d	4	1	0	0.060270549485	0.0583132694849	NA	NA	NA	1	0	1	NA	NA	NA	NA	NA	NA	NA	1	0	1	1	0	1	NA	NA	NA	2	1	1
7	154780949	156567677	2	1	1	3	b	5	1	1	0.0423327703471	0.0843520254704	NA	NA	NA	1	1	1	NA	NA	NA	NA	NA	NA	NA	2	1	1	1	1	1	NA	NA	NA	2	1	1
7	156567678	156567736	2	1	1	2	d	4	1	1	0.05	0.1	NA	NA	NA	1	1	1	NA	NA	NA	NA	NA	NA	NA	1	0	1	1	1	1	NA	NA	NA	2	1	1
7	156567737	156569027	2	1	1	2	d	4	1	1	0.05	0.1	NA	NA	NA	1	1	1	NA	NA	NA	NA	NA	NA	NA	1	0	1	1	1	1	NA	NA	NA	2	1	1
7	156569028	156569288	2	1	1	2	d	4	1	1	0.05	0.1	NA	NA	NA	1	1	1	NA	NA	NA	NA	NA	NA	NA	1	0	1	1	1	1	NA	NA	NA	2	1	1
7	156569289	158817500	2	1	1	2	d	4	1	1	0.0414303580416	0.0784660191828	NA	NA	NA	1	1	1	NA	NA	NA	NA	NA	NA	NA	1	0	1	1	1	1	NA	NA	NA	2	1	1
8	10001	170011	1	1	0	2	d	3	1	0	0.05	0.1	NA	NA	NA	2	0	1	NA	NA	NA	NA	NA	NA	NA	1	0	1	1	0	1	NA	NA	NA	2	1	1
8	170012	37454999	1	1	0	2	d	4	1	0	0.0631178635002	0.0787641157243	NA	NA	NA	1	0	1	NA	NA	NA	NA	NA	NA	NA	1	0	1	1	0	1	NA	NA	NA	2	1	1
8	37455000	38316306	2	1	1	2	d	4	1	1	0.0425635515333	0.0647044443961	NA	NA	NA	1	0	0.232657334522468	1	1	0.767342665477532	0.0436274717916112	0.0460745234831385	0.116594406460174	0.302277173045028	2	1	1	1	1	1	NA	NA	NA	2	1	1
8	38316307	38330789	1	1	0	2	d	3	1	1	0.05	0.1	NA	NA	NA	1	0	1	NA	NA	NA	NA	NA	NA	NA	1	0	1	1	0	1	NA	NA	NA	2	1	1
8	38330790	38339639	1	1	0	2	d	3	NA	NA	NA	NA	NA	NA	NA	1	0	1	NA	NA	NA	NA	NA	NA	NA	1	0	1	1	0	1	NA	NA	NA	2	1	1
8	38339640	38340649	1	1	0	2	d	2	NA	NA	NA	NA	NA	NA	NA	1	0	0.347810964740663	1	1	0.652189035259337	NA	0	0.347810964740663	0.347810964740663	1	0	1	1	0	1	NA	NA	NA	2	1	1
8	38340650	43099999	1	1	0	2	d	4	1	0	0.0619276363859	0.0576680666789	NA	NA	NA	1	0	1	NA	NA	NA	NA	NA	NA	NA	1	0	1	1	0	1	NA	NA	NA	2	1	1
8	43100000	48099999	NA	NA	NA	NA	NA	NA	1	1	0.05	0.222593236068	NA	NA	NA	NA	NA	NA	NA	NA	NA	NA	NA	NA	NA	2	1	1	1	0	0.588188	1	1	0.411812	2	1	1
8	48100000	134254754	2	1	1	3	b	5	1	1	0.0364391409174	0.0654914354854	NA	NA	NA	1	1	1	NA	NA	NA	NA	NA	NA	NA	2	1	1	1	1	1	NA	NA	NA	2	1	1
8	134254755	134263363	2	1	1	2	d	3	1	1	0.05	0.1	NA	NA	NA	1	0	1	NA	NA	NA	NA	NA	NA	NA	1	0	1	1	1	1	NA	NA	NA	2	1	1
8	134263364	146364021	2	1	1	3	b	5	1	1	0.0378032058568	0.0682577343796	NA	NA	NA	1	1	1	NA	NA	NA	NA	NA	NA	NA	2	1	1	1	1	1	NA	NA	NA	2	1	1
9	10001	222980	2	1	1	2	f	2	1	0.23	0.05	0.1	NA	NA	NA	NA	NA	NA	NA	NA	NA	NA	NA	NA	NA	1	0	1	2	0	1	NA	NA	NA	2	1	1
9	222981	33672557	2	1	1	2	e	4	1	0.23	0.0540653759178	0.0615811082009	NA	NA	NA	1	0	0.789096126255378	1	1	0.210903873744622	0.00367689592152232	0.00361175755061247	0.772367515667998	0.786704206774957	1	0	1	1	0	0.724109	1	1	0.275891	2	1	1
9	33672558	35602147	2	1	1	3	b	5	1	1	0.0371228412812	0.0660017204715	NA	NA	NA	1	1	1	NA	NA	NA	NA	NA	NA	NA	2	1	1	1	1	1	NA	NA	NA	2	1	1
9	35602148	35602213	2	1	1	2	d	4	1	1	0.05	0.1	NA	NA	NA	1	1	1	NA	NA	NA	NA	NA	NA	NA	NA	NA	NA	1	1	1	NA	NA	NA	2	1	1
9	35602214	47299999	2	1	1	2	d	4	1	1	0.0420842058504	0.134453824194	NA	NA	NA	NA	NA	NA	NA	NA	NA	NA	NA	NA	NA	2	1	1	1	1	1	NA	NA	NA	2	1	1
9	47300000	50699999	2	1	1	2	d	3	1	1	0.05	0.1	NA	NA	NA	NA	NA	NA	NA	NA	NA	NA	NA	NA	NA	NA	NA	NA	1	1	1	NA	NA	NA	2	1	1
9	50700000	140267500	2	1	1	3	b	5	1	1	0.0380105533238	0.0705204162149	NA	NA	NA	1	1	1	NA	NA	NA	NA	NA	NA	NA	2	1	1	1	1	1	NA	NA	NA	2	1	1
10	94541	14249521	2	1	1	3	b	5	1	1	0.0394066918316	0.0652837172764	NA	NA	NA	1	1	1	NA	NA	NA	NA	NA	NA	NA	2	1	1	1	1	1	NA	NA	NA	2	1	1
10	14249522	14260459	2	1	1	2	d	3	1	1	0.05	0.1	NA	NA	NA	1	0	1	NA	NA	NA	NA	NA	NA	NA	1	0	1	1	1	1	NA	NA	NA	2	1	1
10	14260460	37999999	2	1	1	3	b	5	1	1	0.037910717515	0.0661700625786	NA	NA	NA	1	1	1	NA	NA	NA	NA	NA	NA	NA	2	1	1	1	1	1	NA	NA	NA	2	1	1
10	38000000	42299999	2	1	1	2	d	4	1	1	0.0289553861288	0.165440386597	NA	NA	NA	1	1	1	NA	NA	NA	NA	NA	NA	NA	2	1	1	NA	NA	NA	NA	NA	NA	2	1	1
10	42300000	52183673	2	1	1	3	b	5	1	1	0.0368890421121	0.119684612407	NA	NA	NA	1	1	1	NA	NA	NA	NA	NA	NA	NA	2	1	1	1	1	1	NA	NA	NA	2	1	1
10	52183674	52183850	2	1	1	2	d	4	1	1	0.05	0.1	NA	NA	NA	1	1	1	NA	NA	NA	NA	NA	NA	NA	NA	NA	NA	1	1	1	NA	NA	NA	2	1	1
10	52183851	52428541	2	1	1	3	b	5	1	1	0.0449904410847	0.0690213426511	NA	NA	NA	1	1	1	NA	NA	NA	NA	NA	NA	NA	2	1	1	1	1	1	NA	NA	NA	2	1	1
10	52428542	52428613	2	1	1	2	d	4	1	1	0.05	0.1	NA	NA	NA	1	1	1	NA	NA	NA	NA	NA	NA	NA	NA	NA	NA	1	1	1	NA	NA	NA	2	1	1
10	52428614	81399808	2	1	1	3	b	5	1	1	0.0385677423927	0.0666372892334	NA	NA	NA	1	1	1	NA	NA	NA	NA	NA	NA	NA	2	1	1	1	1	1	NA	NA	NA	2	1	1
10	81399809	81788950	2	1	1	2	d	3	1	0.61	0.05	0.0773310787624	NA	NA	NA	1	1	1	NA	NA	NA	NA	NA	NA	NA	1	0	1	1	1	1	NA	NA	NA	2	1	1
10	81788951	81804826	2	1	1	2	d	2	1	0.61	0.05	0.1	NA	NA	NA	1	0	0.454784948906648	1	1	0.545215051093352	0.00676215754156603	0.00689471813083331	0.440715965274741	0.468010242801576	1	0	1	1	1	1	NA	NA	NA	2	1	1
10	81804827	100013243	2	1	1	2	d	3	1	0.61	0.0464351790994	0.0628841589944	NA	NA	NA	1	0	0.454784948906648	1	1	0.545215051093352	0.00676215754156603	0.00689471813083331	0.440715965274741	0.468010242801576	2	1	1	1	1	1	NA	NA	NA	2	1	1
10	100013244	101422926	2	1	1	2	d	3	0.8	0.8	0.0454432546946	0.0670460728359	NA	NA	NA	1	0	0.454784948906648	1	1	0.545215051093352	0.00676215754156603	0.00689471813083331	0.440715965274741	0.468010242801576	2	1	1	1	1	1	NA	NA	NA	2	1	1
10	101422927	101429411	2	1	1	2	d	2	0.8	0.8	0.05	0.1	NA	NA	NA	0	0	0.209082882684034	1	0	0.790917117315966	NA	0	0.209082882684034	0.209082882684034	1	0	1	1	1	1	NA	NA	NA	2	1	1
10	101429412	101984482	2	1	1	2	d	2	0.8	0.8	0.0385436185707	0.0546197361243	NA	NA	NA	1	0	0.542293595394744	1	1	0.457706404605256	0.0467945417858743	0.049891533837127	0.353443135288414	0.544846879675385	1	0	1	1	1	1	NA	NA	NA	2	1	1
10	101984483	102043365	1	1	0	2	d	4	1	0	0.05	0.1	NA	NA	NA	2	0	1	NA	NA	NA	NA	NA	NA	NA	1	0	1	1	0	1	NA	NA	NA	1	0	1
10	102043366	103358184	1	1	0	2	d	4	1	0	0.0711575427948	0.0536599132892	NA	NA	NA	2	0	0.663199426111915	3	0	0.336800573888085	0.0776302588273663	0.0763956005205552	0.576007698488913	0.879357646865423	1	0	1	1	0	1	NA	NA	NA	1	0	1
10	103358185	103802039	2	1	1	2	d	3	1	1	0.05	0.0609714816413	NA	NA	NA	1	0	0.260858223555499	1	1	0.739141776444501	0.0908768678174444	0.0912031139852657	0.142265537809934	0.496035052458584	1	0	1	1	1	1	NA	NA	NA	2	1	1
10	103802040	103804585	2	1	1	1	g	NA	1	1	0.05	0.1	NA	NA	NA	NA	NA	NA	NA	NA	NA	NA	NA	NA	NA	1	0	1	1	0	1	NA	NA	NA	2	1	1
10	103804586	103805116	2	1	1	1	g	NA	1	1	0.05	0.1	NA	NA	NA	NA	NA	NA	NA	NA	NA	NA	NA	NA	NA	1	0	1	1	0	1	NA	NA	NA	2	1	1
10	103805117	103816864	1	1	0	2	d	2	1	1	0.05	0.1	NA	NA	NA	NA	NA	NA	NA	NA	NA	NA	NA	NA	NA	1	0	1	1	0	1	NA	NA	NA	NA	NA	NA
10	103816865	106116038	1	1	0	2	d	4	1	0	0.069725353964	0.0530750620253	NA	NA	NA	2	0	1	NA	NA	NA	NA	NA	NA	NA	1	0	1	1	0	1	NA	NA	NA	1	0	1
10	106116039	135389924	1	1	0	2	d	4	1	0	0.0601037432218	0.0613970910685	NA	NA	NA	1	0	1	NA	NA	NA	NA	NA	NA	NA	1	0	1	1	0	1	NA	NA	NA	2	1	1
11	20721	197556	2	1	1	2	d	3	1	1	0.05	0.1	NA	NA	NA	1	0	1	NA	NA	NA	NA	NA	NA	NA	NA	NA	NA	1	1	1	NA	NA	NA	2	1	1
11	197557	38906877	2	1	1	3	b	5	1	1	0.0384061712902	0.0811120378649	NA	NA	NA	1	1	1	NA	NA	NA	NA	NA	NA	NA	2	1	1	1	1	1	NA	NA	NA	2	1	1
11	38906878	40362516	1	1	0	2	d	4	1	0	0.0632751250746	0.0550147048633	NA	NA	NA	1	0	1	NA	NA	NA	NA	NA	NA	NA	1	0	1	1	0	1	NA	NA	NA	2	1	1
11	40362517	51599999	2	1	1	3	b	5	1	1	0.0366517810207	0.0986516969467	NA	NA	NA	1	1	1	NA	NA	NA	NA	NA	NA	NA	2	1	1	1	1	1	NA	NA	NA	2	1	1
11	51600000	55699999	2	1	1	3	b	5	1	1	0.0320779100467	0.142428152854	NA	NA	NA	1	1	1	NA	NA	NA	NA	NA	NA	NA	2	1	1	1	1	1	NA	NA	NA	2	1	1
11	55700000	102807566	2	1	1	3	b	5	1	1	0.037493875765	0.0710911312215	NA	NA	NA	1	1	1	NA	NA	NA	NA	NA	NA	NA	2	1	1	1	1	1	NA	NA	NA	2	1	1
11	102807567	102813023	2	1	1	3	b	5	1	1	0.05	0.1	NA	NA	NA	1	1	1	NA	NA	NA	NA	NA	NA	NA	2	1	1	1	1	1	NA	NA	NA	2	1	1
11	102813024	102916836	2	1	1	3	b	5	1	1	0.0249232244407	0.0743684196245	NA	NA	NA	1	1	1	NA	NA	NA	NA	NA	NA	NA	2	1	1	1	1	1	NA	NA	NA	2	1	1
11	102916837	102954742	2	1	1	3	b	5	1	1	0.05	0.1	NA	NA	NA	1	1	1	NA	NA	NA	NA	NA	NA	NA	2	1	1	1	1	1	NA	NA	NA	2	1	1
11	102954743	102966962	2	1	1	3	b	5	1	1	0.05	0.1	NA	NA	NA	1	1	1	NA	NA	NA	NA	NA	NA	NA	2	1	1	1	1	1	NA	NA	NA	2	1	1
11	102966963	102971588	2	1	1	2	d	4	1	1	0.05	0.1	NA	NA	NA	1	1	1	NA	NA	NA	NA	NA	NA	NA	NA	NA	NA	1	1	1	NA	NA	NA	2	1	1
11	102971589	102989684	2	1	1	3	b	5	1	1	0.05	0.1	NA	NA	NA	1	1	1	NA	NA	NA	NA	NA	NA	NA	2	1	1	1	1	1	NA	NA	NA	2	1	1
11	102989685	103716564	2	1	1	3	b	5	1	1	0.0375777874988	0.0585563643966	NA	NA	NA	1	1	1	NA	NA	NA	NA	NA	NA	NA	2	1	1	1	1	1	NA	NA	NA	2	1	1
11	103716565	103717385	2	1	1	2	d	4	1	1	0.05	0.1	NA	NA	NA	1	1	1	NA	NA	NA	NA	NA	NA	NA	NA	NA	NA	1	1	1	NA	NA	NA	2	1	1
11	103717386	103754828	2	1	1	3	b	5	1	1	0.05	0.1	NA	NA	NA	1	1	1	NA	NA	NA	NA	NA	NA	NA	2	1	1	1	1	1	NA	NA	NA	2	1	1
11	103754829	134420629	2	1	1	3	b	5	1	1	0.0386899153489	0.0643799491737	NA	NA	NA	1	1	1	NA	NA	NA	NA	NA	NA	NA	2	1	1	1	1	1	NA	NA	NA	2	1	1
12	110107	12324338	1	1	0	2	d	4	1	0	0.0607534221548	0.0855518991835	NA	NA	NA	1	0	1	NA	NA	NA	NA	NA	NA	NA	1	0	1	1	0	1	NA	NA	NA	2	1	1
12	12324339	12349556	2	1	1	2	d	4	1	1	0.05	0.1	NA	NA	NA	1	1	1	NA	NA	NA	NA	NA	NA	NA	3	1	2	1	1	1	NA	NA	NA	2	1	1
12	12349557	12349578	2	1	1	2	d	4	1	1	0.05	0.1	NA	NA	NA	1	1	1	NA	NA	NA	NA	NA	NA	NA	NA	NA	NA	1	1	1	NA	NA	NA	2	1	1
12	12349579	12441794	2	1	1	3	b	5	1	1	0.05	0.049199009482	NA	NA	NA	1	1	1	NA	NA	NA	NA	NA	NA	NA	2	1	1	1	1	1	NA	NA	NA	2	1	1
12	12441795	12442090	2	1	1	2	d	4	1	1	0.05	0.1	NA	NA	NA	1	1	1	NA	NA	NA	NA	NA	NA	NA	1	0	1	1	1	1	NA	NA	NA	2	1	1
12	12442091	12508608	2	1	1	2	d	4	1	1	0.05	0.1	NA	NA	NA	1	1	1	NA	NA	NA	NA	NA	NA	NA	1	0	1	1	1	1	NA	NA	NA	2	1	1
12	12508609	13137435	1	1	0	2	d	4	1	0	0.0616886545133	0.064685323494	NA	NA	NA	1	0	1	NA	NA	NA	NA	NA	NA	NA	1	0	1	1	0	1	NA	NA	NA	2	1	1
12	13137436	33299999	2	1	1	3	b	5	1	1	0.0367843656217	0.0644002720508	NA	NA	NA	1	1	1	NA	NA	NA	NA	NA	NA	NA	2	1	1	1	1	1	NA	NA	NA	2	1	1
12	33300000	38199999	2	1	1	3	b	5	1	1	0.0390391081863	0.106507784297	NA	NA	NA	1	1	1	NA	NA	NA	NA	NA	NA	NA	2	1	1	1	1	1	NA	NA	NA	2	1	1
12	38200000	45954381	2	1	1	3	b	5	1	1	0.0405412279269	0.0628280056806	NA	NA	NA	1	1	1	NA	NA	NA	NA	NA	NA	NA	2	1	1	1	1	1	NA	NA	NA	2	1	1
12	45954382	47326431	1	1	0	2	d	4	1	0	0.0667286317041	0.0514471016455	NA	NA	NA	2	0	0.663199426111915	3	0	0.336800573888085	0.0544397152081073	0.0516743608416346	0.598549874977022	0.799470051823636	1	0	1	1	0	1	NA	NA	NA	1	0	1
12	47326432	50195703	2	1	1	3	b	5	1	1	0.0374197279172	0.0647445746	NA	NA	NA	1	1	1	NA	NA	NA	NA	NA	NA	NA	2	1	1	1	1	1	NA	NA	NA	2	1	1
12	50195704	50284702	2	1	1	2	d	3	1	1	0.0282511015717	0.1	NA	NA	NA	1	0	0.433289930651502	1	1	0.566710069348499	0.0670897965908904	0.0684380593496861	0.270882419118656	0.53952890494642	1	0	1	1	1	1	NA	NA	NA	2	1	1
12	50284703	121977654	2	1	1	3	b	5	1	1	0.0383050992508	0.0660055206612	NA	NA	NA	1	1	1	NA	NA	NA	NA	NA	NA	NA	2	1	1	1	1	1	NA	NA	NA	2	1	1
12	121977655	121978050	2	1	1	2	d	4	1	1	0.05	0.1	NA	NA	NA	1	1	1	NA	NA	NA	NA	NA	NA	NA	1	0	1	1	1	1	NA	NA	NA	2	1	1
12	121978051	121983940	2	1	1	2	d	3	1	1	0.05	0.1	NA	NA	NA	1	1	1	NA	NA	NA	NA	NA	NA	NA	1	0	1	1	1	1	NA	NA	NA	NA	NA	NA
12	121983941	121986109	2	1	1	2	d	3	1	1	0.05	0.1	NA	NA	NA	1	1	1	NA	NA	NA	NA	NA	NA	NA	1	0	1	1	1	1	NA	NA	NA	NA	NA	NA
12	121986110	121988194	2	1	1	2	d	3	1	1	0.05	0.1	NA	NA	NA	1	1	1	NA	NA	NA	NA	NA	NA	NA	1	0	1	1	1	1	NA	NA	NA	NA	NA	NA
12	121988195	121989260	2	1	1	2	d	3	1	1	0.05	0.1	NA	NA	NA	1	1	1	NA	NA	NA	NA	NA	NA	NA	1	0	1	1	1	1	NA	NA	NA	NA	NA	NA
12	121989261	122476017	2	1	1	2	d	4	1	1	0.0403852045858	0.0611072610131	NA	NA	NA	1	1	1	NA	NA	NA	NA	NA	NA	NA	1	0	1	1	1	1	NA	NA	NA	2	1	1
12	122476018	122476375	2	1	1	2	d	4	1	1	0.05	0.1	NA	NA	NA	1	1	1	NA	NA	NA	NA	NA	NA	NA	1	0	1	1	1	1	NA	NA	NA	2	1	1
12	122476376	122493148	2	1	1	2	d	4	1	1	0.05	0.1	NA	NA	NA	1	1	1	NA	NA	NA	NA	NA	NA	NA	1	0	1	1	1	1	NA	NA	NA	2	1	1
12	122493149	122493186	2	1	1	2	d	3	1	1	0.05	0.1	NA	NA	NA	NA	NA	NA	NA	NA	NA	NA	NA	NA	NA	1	0	1	1	1	1	NA	NA	NA	2	1	1
12	122493187	122919331	2	1	1	2	d	3	1	1	0.0413644792676	0.048837712377	NA	NA	NA	1	0	0.136049010478887	1	1	0.863950989521113	0.0399950230403623	0.0394838166940664	0.0558648429492945	0.211908910333303	1	0	1	1	1	1	NA	NA	NA	2	1	1
12	122919332	122920041	2	1	1	2	d	3	1	1	0.05	0.1	NA	NA	NA	1	0	0.136049010478887	1	1	0.863950989521113	0.0399950230403623	0.0394838166940664	0.0558648429492945	0.211908910333303	NA	NA	NA	1	1	1	NA	NA	NA	2	1	1
12	122920042	123003528	2	1	1	2	d	4	1	1	0.05	0.1	NA	NA	NA	1	0	0.136049010478887	1	1	0.863950989521113	0.0399950230403623	0.0394838166940664	0.0558648429492945	0.211908910333303	2	1	1	1	1	1	NA	NA	NA	2	1	1
12	123003529	132388992	1	1	0	2	d	4	1	0	0.0627305178959	0.0767209778519	NA	NA	NA	1	0	1	NA	NA	NA	NA	NA	NA	NA	1	0	1	1	0	1	NA	NA	NA	2	1	1
12	132388993	133851894	1	1	0	2	d	3	NA	NA	NA	NA	NA	NA	NA	1	0	1	NA	NA	NA	NA	NA	NA	NA	1	0	1	1	0	1	NA	NA	NA	2	1	1
13	1	16299999	2	1	1	1	h	1	NA	NA	NA	NA	NA	NA	NA	NA	NA	NA	NA	NA	NA	NA	NA	NA	NA	NA	NA	NA	NA	NA	NA	NA	NA	NA	2	1	1
13	16300000	19499999	2	1	1	2	d	4	1	1	0.05	0.0839764535093	NA	NA	NA	1	1	1	NA	NA	NA	NA	NA	NA	NA	NA	NA	NA	1	1	1	NA	NA	NA	2	1	1
13	19500000	52948710	2	1	1	3	b	5	1	1	0.0367776867282	0.0638776005446	NA	NA	NA	1	1	1	NA	NA	NA	NA	NA	NA	NA	2	1	1	1	1	1	NA	NA	NA	2	1	1
13	52948711	53242983	2	1	1	1	g	NA	1	1	0.05	0.0666927129649	NA	NA	NA	2	1	1	NA	NA	NA	NA	NA	NA	NA	NA	NA	NA	2	1	1	NA	NA	NA	2	1	1
13	53242984	114142800	2	1	1	3	b	5	1	1	0.0372261740922	0.0644574570617	NA	NA	NA	1	1	1	NA	NA	NA	NA	NA	NA	NA	2	1	1	1	1	1	NA	NA	NA	2	1	1
13	114142801	115169877	2	1	1	2	d	3	NA	NA	NA	NA	NA	NA	NA	1	1	1	NA	NA	NA	NA	NA	NA	NA	1	0	1	1	1	1	NA	NA	NA	2	1	1
14	1	16099999	2	1	1	1	h	1	NA	NA	NA	NA	NA	NA	NA	NA	NA	NA	NA	NA	NA	NA	NA	NA	NA	NA	NA	NA	NA	NA	NA	NA	NA	NA	2	1	1
14	16100000	19099999	2	1	1	2	d	2	1	1	0.05	0.0584577031284	NA	NA	NA	NA	NA	NA	NA	NA	NA	NA	NA	NA	NA	NA	NA	NA	2	0	1	NA	NA	NA	2	1	1
14	19100000	20425050	2	1	1	2	d	4	1	1	0.0235629271575	0.317036715963	NA	NA	NA	NA	NA	NA	NA	NA	NA	NA	NA	NA	NA	2	1	1	1	1	1	NA	NA	NA	2	1	1
14	20425051	106368400	2	1	1	3	b	5	1	1	0.0381198458711	0.0703723770415	NA	NA	NA	1	1	1	NA	NA	NA	NA	NA	NA	NA	2	1	1	1	1	1	NA	NA	NA	2	1	1
15	1	15799999	2	1	1	1	h	1	NA	NA	NA	NA	NA	NA	NA	NA	NA	NA	NA	NA	NA	NA	NA	NA	NA	NA	NA	NA	NA	NA	NA	NA	NA	NA	2	1	1
15	15800000	20699999	2	1	1	2	d	3	1	1	0.05	0.145396808911	NA	NA	NA	1	1	1	NA	NA	NA	NA	NA	NA	NA	NA	NA	NA	2	0	1	NA	NA	NA	2	1	1
15	20700000	100356158	2	1	1	3	b	5	1	1	0.0382843463495	0.0690393890033	NA	NA	NA	1	1	1	NA	NA	NA	NA	NA	NA	NA	2	1	1	1	1	1	NA	NA	NA	2	1	1
15	100356159	102531391	2	1	1	2	d	4	NA	NA	NA	NA	NA	NA	NA	1	1	1	NA	NA	NA	NA	NA	NA	NA	2	1	1	1	1	1	NA	NA	NA	2	1	1
16	90538	1653980	2	1	1	2	d	4	1	1	0.0413160717531	0.0717857677495	NA	NA	NA	1	1	1	NA	NA	NA	NA	NA	NA	NA	1	0	1	1	1	1	NA	NA	NA	2	1	1
16	1653981	1654053	2	1	1	2	d	3	1	1	0.05	0.1	NA	NA	NA	NA	NA	NA	NA	NA	NA	NA	NA	NA	NA	1	0	1	1	1	1	NA	NA	NA	2	1	1
16	1654054	1658142	2	1	1	2	d	3	1	1	0.05	0.1	NA	NA	NA	1	0	0.409920065587206	1	1	0.590079934412794	0.190862673258682	0.171552443169524	0.175394417947702	0.851092301166024	1	0	1	1	1	1	NA	NA	NA	2	1	1
16	1658143	1658471	2	1	1	1	g	NA	1	1	0.05	0.1	NA	NA	NA	2	0	0.612266857962697	2	1	0.387733142037303	NA	0	0.612266857962697	0.612266857962697	1	0	1	1	1	1	NA	NA	NA	1	0	1
16	1658472	2204128	2	1	1	2	d	4	1	1	0.0519172640388	0.0840174012238	NA	NA	NA	1	1	1	NA	NA	NA	NA	NA	NA	NA	1	0	1	1	1	1	NA	NA	NA	2	1	1
16	2204129	2204231	2	1	1	2	d	4	1	1	0.05	0.1	NA	NA	NA	1	1	1	NA	NA	NA	NA	NA	NA	NA	1	0	1	1	1	1	NA	NA	NA	2	1	1
16	2204232	2995507	2	1	1	2	d	4	1	1	0.0438507178921	0.0750023906548	NA	NA	NA	1	1	1	NA	NA	NA	NA	NA	NA	NA	1	0	1	1	1	1	NA	NA	NA	2	1	1
16	2995508	2996369	2	2	0	1	h	1	NA	NA	NA	NA	NA	NA	NA	2	0	1	NA	NA	NA	NA	NA	NA	NA	1	0	1	1	1	1	NA	NA	NA	1	0	1
16	2996370	3008264	2	1	1	2	d	2	NA	NA	NA	NA	NA	NA	NA	1	0	0.714592327593278	1	1	0.285407672406722	0.151356975550451	0.154451378221013	0.251898303652478	0.865184206139514	1	0	1	1	1	1	NA	NA	NA	2	1	1
16	3008265	3008389	2	1	1	2	d	2	NA	NA	NA	NA	NA	NA	NA	NA	NA	NA	NA	NA	NA	NA	NA	NA	NA	NA	NA	NA	1	1	1	NA	NA	NA	2	1	1
16	3008390	34599999	2	1	1	3	b	5	1	1	0.03908006598	0.0978054694257	NA	NA	NA	1	1	1	NA	NA	NA	NA	NA	NA	NA	2	1	1	1	1	1	NA	NA	NA	2	1	1
16	34600000	38599999	2	1	1	3	b	5	1	1	0.05	0.190723074168	NA	NA	NA	1	1	1	NA	NA	NA	NA	NA	NA	NA	2	1	1	1	1	1	NA	NA	NA	2	1	1
16	38600000	67503785	2	1	1	3	b	5	1	1	0.0381339738353	0.0672289585561	NA	NA	NA	1	1	1	NA	NA	NA	NA	NA	NA	NA	2	1	1	1	1	1	NA	NA	NA	2	1	1
16	67503786	73187103	2	1	1	2	d	3	1	1	0.0471672717953	0.107244664207	NA	NA	NA	1	0	0.152436203983626	1	1	0.847563796016374	0.0187721352478555	0.0190242982495172	0.113816060181604	0.188332836062151	1	0	1	1	1	1	NA	NA	NA	2	1	1
16	73187104	73868476	2	1	1	2	d	3	1.2	1.2	0.0379972000569	0.0717837628027	NA	NA	NA	1	0	0.152436203983626	1	1	0.847563796016374	0.0187721352478555	0.0190242982495172	0.113816060181604	0.188332836062151	2	1	1	1	1	1	NA	NA	NA	2	1	1
16	73868477	88777200	2	1	1	2	d	2	1	0.61	0.0483895994296	0.0731294264898	NA	NA	NA	1	0	0.452429776735979	1	1	0.54757022326402	0.00607535137972748	0.00618458386788759	0.439684667845863	0.464662143440134	1	0	1	1	1	1	NA	NA	NA	2	1	1
16	88777201	90354752	2	1	1	2	d	2	1	0.61	0.052470348209	0.0848346563387	NA	NA	NA	1	0	0.452429776735979	1	1	0.54757022326402	0.00607535137972748	0.00618458386788759	0.439684667845863	0.464662143440134	1	0	1	1	1	1	NA	NA	NA	2	1	1
17	3587	16842047	1	1	0	2	d	3	1	0	0.0635838541324	0.0657643592756	NA	NA	NA	1	0	0.780799700580129	2	0	0.219200299419871	0.0100629125127365	0.00993320822030321	0.794886846031747	0.833263488501913	1	0	1	1	0	1	NA	NA	NA	2	1	1
17	16842048	22199999	2	1	1	3	b	5	1	1	0.0435419860514	0.0715677678811	NA	NA	NA	1	1	1	NA	NA	NA	NA	NA	NA	NA	2	1	1	1	1	1	NA	NA	NA	2	1	1
17	22200000	25799999	2	1	1	3	b	5	1	1	0.05	0.0694721990563	NA	NA	NA	1	1	1	NA	NA	NA	NA	NA	NA	NA	2	1	1	1	1	1	NA	NA	NA	2	1	1
17	25800000	78791681	2	1	1	3	b	5	1	1	0.0407444129355	0.0702038894585	NA	NA	NA	1	1	1	NA	NA	NA	NA	NA	NA	NA	2	1	1	1	1	1	NA	NA	NA	2	1	1
17	78791682	81195209	2	1	1	2	d	3	NA	NA	NA	NA	NA	NA	NA	1	1	1	NA	NA	NA	NA	NA	NA	NA	1	0	1	1	1	1	NA	NA	NA	2	1	1
18	27500	130030	2	1	1	2	d	3	1	1	0.05	0.273399841244	NA	NA	NA	3	0	1	NA	NA	NA	NA	NA	NA	NA	1	0	1	1	1	1	NA	NA	NA	2	1	1
18	130031	15399999	2	1	1	3	b	5	1	1	0.0379624565225	0.0660696230883	NA	NA	NA	1	1	1	NA	NA	NA	NA	NA	NA	NA	2	1	1	1	1	1	NA	NA	NA	2	1	1
18	15400000	18999999	2	1	1	3	b	5	1	1	0.05	0.0665578059498	NA	NA	NA	1	1	1	NA	NA	NA	NA	NA	NA	NA	2	1	1	1	1	1	NA	NA	NA	2	1	1
18	19000000	72012723	2	1	1	3	b	5	1	1	0.0379149781561	0.0690839933684	NA	NA	NA	1	1	1	NA	NA	NA	NA	NA	NA	NA	2	1	1	1	1	1	NA	NA	NA	2	1	1
18	72012724	75328194	2	1	1	2	d	2	1	0.61	0.0473552358643	0.0621484810322	NA	NA	NA	1	0	0.49473111363974	1	1	0.50526888636026	0.0146988909149955	0.0142597400621712	0.471573572698166	0.526245385005088	1	0	1	1	1	1	NA	NA	NA	2	1	1
18	75328195	76117000	2	1	1	3	b	5	1	1	0.0374744625679	0.0635951673365	NA	NA	NA	1	1	1	NA	NA	NA	NA	NA	NA	NA	2	1	1	1	1	1	NA	NA	NA	2	1	1
18	76117001	78077247	2	1	1	2	d	4	NA	NA	NA	NA	NA	NA	NA	1	1	1	NA	NA	NA	NA	NA	NA	NA	2	1	1	1	1	1	NA	NA	NA	2	1	1
19	102500	260136	2	1	1	2	d	3	NA	NA	NA	NA	NA	NA	NA	1	1	1	NA	NA	NA	NA	NA	NA	NA	1	0	1	1	1	1	NA	NA	NA	2	1	1
19	260137	14066095	2	1	1	2	d	4	1	1	0.0407085851467	0.0783830564335	NA	NA	NA	1	1	1	NA	NA	NA	NA	NA	NA	NA	1	0	1	1	1	1	NA	NA	NA	2	1	1
19	14066096	14113806	2	1	1	1	g	NA	1	1	0.05	0.1	NA	NA	NA	3	0	1	NA	NA	NA	NA	NA	NA	NA	0	0	0	1	1	1	NA	NA	NA	1	0	1
19	14113807	14120863	2	1	1	2	d	4	1	1	0.05	0.1	NA	NA	NA	1	1	1	NA	NA	NA	NA	NA	NA	NA	1	0	1	1	1	1	NA	NA	NA	2	1	1
19	14120864	14121012	2	1	1	2	d	4	1	1	0.05	0.1	NA	NA	NA	1	1	1	NA	NA	NA	NA	NA	NA	NA	1	0	1	1	1	1	NA	NA	NA	2	1	1
19	14121013	14124806	2	1	1	2	d	4	1	1	0.05	0.1	NA	NA	NA	1	1	1	NA	NA	NA	NA	NA	NA	NA	1	0	1	1	1	1	NA	NA	NA	2	1	1
19	14124807	14124817	2	1	1	2	d	4	1	1	0.05	0.1	NA	NA	NA	1	1	1	NA	NA	NA	NA	NA	NA	NA	NA	NA	NA	1	1	1	NA	NA	NA	2	1	1
19	14124818	24399999	2	1	1	3	b	5	1	1	0.0403154172313	0.0739494612078	NA	NA	NA	1	1	1	NA	NA	NA	NA	NA	NA	NA	2	1	1	1	1	1	NA	NA	NA	2	1	1
19	24400000	28599999	2	1	1	3	b	5	1	1	0.035587816728	0.0989053405495	NA	NA	NA	1	1	1	NA	NA	NA	NA	NA	NA	NA	2	1	1	1	1	1	NA	NA	NA	2	1	1
19	28600000	59128982	2	1	1	3	b	5	1	1	0.0413950057408	0.0870481446835	NA	NA	NA	1	1	1	NA	NA	NA	NA	NA	NA	NA	2	1	1	1	1	1	NA	NA	NA	2	1	1
20	32074	25599999	2	1	1	3	b	5	1	1	0.0380405469537	0.063169067449	NA	NA	NA	1	1	1	NA	NA	NA	NA	NA	NA	NA	2	1	1	1	1	1	NA	NA	NA	2	1	1
20	25600000	29399999	2	1	1	3	b	5	1	1	0.0329723858532	0.0716571256037	NA	NA	NA	1	1	1	NA	NA	NA	NA	NA	NA	NA	2	1	1	1	1	1	NA	NA	NA	2	1	1
20	29400000	62432500	2	1	1	3	b	5	1	1	0.0409223648768	0.0690908066617	NA	NA	NA	1	1	1	NA	NA	NA	NA	NA	NA	NA	2	1	1	1	1	1	NA	NA	NA	2	1	1
21	1	9417499	NA	NA	NA	NA	NA	NA	1	1	0.05	0.1	NA	NA	NA	NA	NA	NA	NA	NA	NA	NA	NA	NA	NA	NA	NA	NA	2	0	1	NA	NA	NA	NA	NA	NA
21	9417500	10899999	NA	NA	NA	NA	NA	NA	1	1	0.05	0.202758911632	NA	NA	NA	NA	NA	NA	NA	NA	NA	NA	NA	NA	NA	NA	NA	NA	2	0	1	NA	NA	NA	NA	NA	NA
21	10900000	14299999	2	1	1	1	g	NA	1	1	0.05	0.125409959721	NA	NA	NA	NA	NA	NA	NA	NA	NA	NA	NA	NA	NA	NA	NA	NA	2	0	1	NA	NA	NA	NA	NA	NA
21	14300000	33686321	2	1	1	2	d	4	1	1	0.0380708484558	0.0728085021487	NA	NA	NA	1	1	1	NA	NA	NA	NA	NA	NA	NA	2	1	1	1	1	1	NA	NA	NA	NA	NA	NA
21	33686322	33696641	2	1	1	2	d	3	1	1	0.05	0.1	NA	NA	NA	1	1	1	NA	NA	NA	NA	NA	NA	NA	NA	NA	NA	1	1	1	NA	NA	NA	NA	NA	NA
21	33696642	34860460	2	1	1	3	b	5	1	1	0.0376151566203	0.068897501723	NA	NA	NA	1	1	1	NA	NA	NA	NA	NA	NA	NA	2	1	1	1	1	1	NA	NA	NA	2	1	1
21	34860461	34860766	2	1	1	2	d	4	1	1	0.05	0.1	NA	NA	NA	1	1	1	NA	NA	NA	NA	NA	NA	NA	NA	NA	NA	1	1	1	NA	NA	NA	2	1	1
21	34860767	39873716	2	1	1	3	b	5	1	1	0.0393789570473	0.0644748077954	NA	NA	NA	1	1	1	NA	NA	NA	NA	NA	NA	NA	2	1	1	1	1	1	NA	NA	NA	2	1	1
21	39873717	40853937	2	1	1	3	b	5	1	1	0.0333801524323	0.0663824133109	NA	NA	NA	1	1	1	NA	NA	NA	NA	NA	NA	NA	2	1	1	1	1	1	NA	NA	NA	2	1	1
21	40853938	40853955	2	1	1	2	d	4	1	1	0.05	0.1	NA	NA	NA	1	1	1	NA	NA	NA	NA	NA	NA	NA	NA	NA	NA	1	1	1	NA	NA	NA	2	1	1
21	40853956	42635738	2	1	1	3	b	5	1	1	0.0456961948041	0.0647873125321	NA	NA	NA	1	1	1	NA	NA	NA	NA	NA	NA	NA	2	1	1	1	1	1	NA	NA	NA	2	1	1
21	42635739	42651290	1	1	0	2	d	4	1	0	0.05	0.1	NA	NA	NA	NA	NA	NA	NA	NA	NA	NA	NA	NA	NA	1	0	1	1	0	1	NA	NA	NA	1	0	1
21	42651291	42658446	1	1	0	2	d	4	1	0	0.05	0.1	NA	NA	NA	2	2	1	NA	NA	NA	NA	NA	NA	NA	1	0	1	1	0	1	NA	NA	NA	1	0	1
21	42658447	42840126	1	1	0	2	d	4	1	0	0.0640577630813	0.0636059221124	NA	NA	NA	2	0	0.507412721186036	3	0	0.492587278813964	0.118434112901968	0.11951609637357	0.354800574925285	0.821579478991435	1	0	1	1	0	1	NA	NA	NA	1	0	1
21	42840127	42864145	2	1	1	2	d	3	1	1	0.05	0.1	NA	NA	NA	1	1	1	NA	NA	NA	NA	NA	NA	NA	1	0	1	1	1	1	NA	NA	NA	1	0	1
21	42864146	42867634	2	1	1	1	g	NA	1	1	0.05	0.1	NA	NA	NA	3	0	1	NA	NA	NA	NA	NA	NA	NA	1	0	1	1	1	1	NA	NA	NA	1	0	1
21	42867635	46937500	2	1	1	2	d	4	1	1	0.0435186668756	0.0980167944791	NA	NA	NA	1	1	1	NA	NA	NA	NA	NA	NA	NA	1	0	1	1	1	1	NA	NA	NA	2	1	1
21	46937501	48129894	2	1	1	2	d	3	NA	NA	NA	NA	NA	NA	NA	1	1	1	NA	NA	NA	NA	NA	NA	NA	1	0	1	1	1	1	NA	NA	NA	2	1	1
22	1	12199999	2	1	1	1	h	1	NA	NA	NA	NA	NA	NA	NA	NA	NA	NA	NA	NA	NA	NA	NA	NA	NA	NA	NA	NA	NA	NA	NA	NA	NA	NA	2	1	1
22	12200000	17899999	2	1	1	3	b	5	1	1	0.0365808023031	0.0945437923093	NA	NA	NA	1	1	1	NA	NA	NA	NA	NA	NA	NA	2	1	1	1	1	1	NA	NA	NA	2	1	1
22	17900000	29065722	2	1	1	3	b	5	1	1	0.0384817441822	0.0773267203017	NA	NA	NA	1	1	1	NA	NA	NA	NA	NA	NA	NA	2	1	1	1	1	1	NA	NA	NA	2	1	1
22	29065723	49641400	2	1	1	2	d	4	1	1	0.0430331189879	0.070912576538	NA	NA	NA	1	1	1	NA	NA	NA	NA	NA	NA	NA	1	0	1	1	1	1	NA	NA	NA	2	1	1
22	49641401	51304565	2	1	1	2	d	4	1	1	0.0449663410134	0.1	NA	NA	NA	1	1	1	NA	NA	NA	NA	NA	NA	NA	1	0	1	1	1	1	NA	NA	NA	2	1	1
X	1	30432699	1	1	0	3	b	2	1	0	0.0458768484665	0.101102908618	NA	NA	NA	NA	NA	NA	NA	NA	NA	NA	NA	NA	NA	1	0	1	NA	NA	NA	NA	NA	NA	1	0	1
X	30432700	30798664	1	1	0	1	g	NA	1	0	0.05	0.065250625361	NA	NA	NA	NA	NA	NA	NA	NA	NA	NA	NA	NA	NA	0	0	0	NA	NA	NA	NA	NA	NA	1	0	1
X	30798665	30852798	1	1	0	3	b	2	1	0	0.05	0.1	NA	NA	NA	NA	NA	NA	NA	NA	NA	NA	NA	NA	NA	1	0	1	NA	NA	NA	NA	NA	NA	1	0	1
X	30852799	34280453	1	1	0	1	g	NA	1	0	0.05	0.0613298302675	NA	NA	NA	NA	NA	NA	NA	NA	NA	NA	NA	NA	NA	0	0	0	NA	NA	NA	NA	NA	NA	1	0	1
X	34280454	34285003	1	1	0	1	h	1	NA	NA	NA	NA	NA	NA	NA	NA	NA	NA	NA	NA	NA	NA	NA	NA	NA	1	0	1	NA	NA	NA	NA	NA	NA	1	0	1
X	34285004	34289250	1	1	0	1	h	1	NA	NA	NA	NA	NA	NA	NA	NA	NA	NA	NA	NA	NA	NA	NA	NA	NA	1	0	1	NA	NA	NA	NA	NA	NA	1	0	1
X	34289251	58099999	1	1	0	3	b	2	1	0	0.05	0.0895985507548	NA	NA	NA	NA	NA	NA	NA	NA	NA	NA	NA	NA	NA	1	0	1	NA	NA	NA	NA	NA	NA	1	0	1
X	58100000	62999999	1	1	0	3	b	2	1	0	0.05	0.154685363609	NA	NA	NA	NA	NA	NA	NA	NA	NA	NA	NA	NA	NA	1	0	1	NA	NA	NA	NA	NA	NA	1	0	1
X	63000000	79448410	1	1	0	3	b	2	1	0	0.05	0.0773772260354	NA	NA	NA	NA	NA	NA	NA	NA	NA	NA	NA	NA	NA	1	0	1	NA	NA	NA	NA	NA	NA	1	0	1
X	79448411	80812253	0	0	0	3	b	2	0	0	0.05	0.044623445467	NA	NA	NA	NA	NA	NA	NA	NA	NA	NA	NA	NA	NA	0	0	0	NA	NA	NA	NA	NA	NA	1	0	1
X	80812254	90794916	1	1	0	3	b	2	1	0	0.05	0.0937971003235	NA	NA	NA	NA	NA	NA	NA	NA	NA	NA	NA	NA	NA	1	0	1	NA	NA	NA	NA	NA	NA	1	0	1
X	90794917	93783589	1	1	0	1	g	NA	1	0	0.05	0.0622204479299	NA	NA	NA	NA	NA	NA	NA	NA	NA	NA	NA	NA	NA	0	0	0	NA	NA	NA	NA	NA	NA	1	0	1
X	93783590	113327925	1	1	0	3	b	2	1	0	0.05	0.0827730444894	NA	NA	NA	NA	NA	NA	NA	NA	NA	NA	NA	NA	NA	1	0	1	NA	NA	NA	NA	NA	NA	1	0	1
X	113327926	113328577	1	1	0	3	b	2	1	0	0.05	0.1	NA	NA	NA	NA	NA	NA	NA	NA	NA	NA	NA	NA	NA	1	0	1	NA	NA	NA	NA	NA	NA	1	0	1
X	113328578	155270559	1	1	0	3	b	2	1	0	0.05	0.148309991256	NA	NA	NA	NA	NA	NA	NA	NA	NA	NA	NA	NA	NA	1	0	1	NA	NA	NA	NA	NA	NA	1	0	1
Y	1	11599999	NA	NA	NA	NA	NA	NA	NA	NA	NA	NA	NA	NA	NA	NA	NA	NA	NA	NA	NA	NA	NA	NA	NA	NA	NA	NA	NA	NA	NA	NA	NA	NA	2	0	2
Y	11600000	13399999	NA	NA	NA	NA	NA	NA	NA	NA	NA	NA	NA	NA	NA	NA	NA	NA	NA	NA	NA	NA	NA	NA	NA	NA	NA	NA	NA	NA	NA	NA	NA	NA	2	0	2
Y	13400000	59373565	NA	NA	NA	NA	NA	NA	NA	NA	NA	NA	NA	NA	NA	NA	NA	NA	NA	NA	NA	NA	NA	NA	NA	NA	NA	NA	NA	NA	NA	NA	NA	NA	2	0	2
