chromosome	start	end	total_cn	major_cn	minor_cn	star	level	methods_agree	absolute_broad_major_cn	absolute_broad_minor_cn	absolute_broad_het_error	absolute_broad_cov_error	aceseq_copy_number	aceseq_minor_cn	aceseq_major_cn	battenberg_nMaj1_A	battenberg_nMin1_A	battenberg_frac1_A	battenberg_nMaj2_A	battenberg_nMin2_A	battenberg_frac2_A	battenberg_SDfrac_A	battenberg_SDfrac_A_BS	battenberg_frac1_A_0.025	battenberg_frac1_A_0.975	clonehd_copy_number	clonehd_minor_cn	clonehd_major_cn	sclust_nMaj1_A	sclust_nMin1_A	sclust_frac1_A	sclust_nMaj2_A	sclust_nMin2_A	sclust_frac2_A	jabba_copy_number	jabba_minor_cn	jabba_major_cn
1	10001	121499999	2	1	1	3	b	5	1	1	0.0595016540256	0.169301067623	2	1	1	1	1	1	NA	NA	NA	NA	NA	NA	NA	2	1	1	1	1	1	NA	NA	NA	NA	NA	NA
1	121500000	128899999	2	1	1	2	d	4	1	1	0.05	0.1	2	1	1	1	1	1	NA	NA	NA	NA	NA	NA	NA	NA	NA	NA	1	1	1	NA	NA	NA	NA	NA	NA
1	128900000	247247500	2	1	1	3	b	5	1	1	0.0571041631446	0.131537015494	2	1	1	1	1	1	NA	NA	NA	NA	NA	NA	NA	2	1	1	1	1	1	NA	NA	NA	NA	NA	NA
1	247247501	249250620	2	1	1	2	d	3	NA	NA	NA	NA	2	1	1	1	0	0.110864745011087	1	1	0.889135254988913	0.0162954883143683	0.0161189902165843	0.0859430756832904	0.147440743635831	2	1	1	1	1	1	NA	NA	NA	NA	NA	NA
2	20016	90499999	2	1	1	3	b	5	1	1	0.0576080712466	0.126532441099	2	1	1	1	1	1	NA	NA	NA	NA	NA	NA	NA	2	1	1	1	1	1	NA	NA	NA	NA	NA	NA
2	90500000	96799999	NA	NA	NA	NA	NA	NA	1	1	0.0385228091476	0.358254918279	2	1	1	NA	NA	NA	NA	NA	NA	NA	NA	NA	NA	2	1	1	1	1	1	NA	NA	NA	NA	NA	NA
2	96800000	242985493	2	2	0	3	b	5	2	0	0.0743425166497	0.137556008365	2	0	2	2	0	1	NA	NA	NA	NA	NA	NA	NA	2	0	2	2	0	1	NA	NA	NA	NA	NA	NA
3	100074	5567527	2	1	1	3	b	5	1	1	0.0556334233924	0.12331380502	2	1	1	1	1	1	NA	NA	NA	NA	NA	NA	NA	2	1	1	1	1	1	NA	NA	NA	NA	NA	NA
3	5567528	5600871	2	1	1	2	d	2	NA	NA	NA	NA	2	1	1	3	0	0.759581881533101	3	1	0.240418118466899	NA	0	0.759581881533101	0.759581881533101	NA	NA	NA	1	1	1	NA	NA	NA	NA	NA	NA
3	5600872	59795429	2	1	1	2	d	4	1	1	0.0568287750406	0.138652292111	2	1	1	1	0	0.0554323725055423	1	1	0.944567627494458	0.00292405569554985	0.00289405390251954	0.0484496912867753	0.0600317766236372	2	1	1	1	1	1	NA	NA	NA	NA	NA	NA
3	59795430	60232260	1	1	0	3	b	5	1	0	0.0768481710939	0.0760714411847	1	0	1	1	0	1	NA	NA	NA	NA	NA	NA	NA	1	0	1	1	0	1	NA	NA	NA	NA	NA	NA
3	60232261	87899999	2	1	1	3	b	5	1	1	0.0558825343289	0.113316399973	2	1	1	1	1	1	NA	NA	NA	NA	NA	NA	NA	2	1	1	1	1	1	NA	NA	NA	NA	NA	NA
3	87900000	93899999	2	1	1	3	b	5	1	1	0.0517111719017	0.100581926179	2	1	1	1	1	1	NA	NA	NA	NA	NA	NA	NA	2	1	1	1	1	1	NA	NA	NA	NA	NA	NA
3	93900000	106974103	2	1	1	3	b	5	1	1	0.0560438143921	0.112503984534	2	1	1	1	1	1	NA	NA	NA	NA	NA	NA	NA	2	1	1	1	1	1	NA	NA	NA	NA	NA	NA
3	106974104	106974130	2	1	1	2	d	4	1	1	0.05	0.1	2	1	1	1	1	1	NA	NA	NA	NA	NA	NA	NA	NA	NA	NA	1	1	1	NA	NA	NA	NA	NA	NA
3	106974131	197769971	2	1	1	3	b	5	1	1	0.056706326512	0.132844709787	2	1	1	1	1	1	NA	NA	NA	NA	NA	NA	NA	2	1	1	1	1	1	NA	NA	NA	NA	NA	NA
4	31303	48199999	2	1	1	3	b	5	1	1	0.0603078375925	0.179950082506	2	1	1	1	1	1	NA	NA	NA	NA	NA	NA	NA	2	1	1	1	1	1	NA	NA	NA	NA	NA	NA
4	48200000	52699999	2	1	1	2	d	4	1	1	0.062417224288	0.284607212514	2	1	1	NA	NA	NA	NA	NA	NA	NA	NA	NA	NA	2	1	1	1	1	1	NA	NA	NA	NA	NA	NA
4	52700000	191154275	2	1	1	3	b	5	1	1	0.0551231178099	0.118520677395	2	1	1	1	1	1	NA	NA	NA	NA	NA	NA	NA	2	1	1	1	1	1	NA	NA	NA	NA	NA	NA
5	22500	46099999	2	1	1	2	d	4	1	1	0.058977445284	0.14809007911	2	1	1	1	0	0.0489070531240917	1	1	0.951092946875908	0.00299388664719455	0.00302336114007321	0.0429284250036558	0.0547036965094677	2	1	1	1	1	1	NA	NA	NA	NA	NA	NA
5	46100000	50699999	2	1	1	2	d	4	1	1	0.0527247416205	0.143616303132	2	1	1	1	0	0.0489070531240917	1	1	0.951092946875908	0.00299388664719455	0.00302336114007321	0.0429284250036558	0.0547036965094677	2	1	1	1	1	1	NA	NA	NA	NA	NA	NA
5	50700000	180689978	2	1	1	3	b	5	1	1	0.0573753148997	0.12819806494	2	1	1	1	1	1	NA	NA	NA	NA	NA	NA	NA	2	1	1	1	1	1	NA	NA	NA	NA	NA	NA
6	39681	244017	2	1	1	2	d	3	1	1	0.05	0.1	NA	NA	NA	1	1	1	NA	NA	NA	NA	NA	NA	NA	NA	NA	NA	1	1	1	NA	NA	NA	NA	NA	NA
6	244018	58699999	2	1	1	3	b	5	1	1	0.0609856852752	0.132676202739	2	1	1	1	1	1	NA	NA	NA	NA	NA	NA	NA	2	1	1	1	1	1	NA	NA	NA	NA	NA	NA
6	58700000	63299999	2	1	1	3	b	5	1	1	0.0648283166009	0.134463120382	2	1	1	1	1	1	NA	NA	NA	NA	NA	NA	NA	2	1	1	1	1	1	NA	NA	NA	NA	NA	NA
6	63300000	148032579	2	1	1	3	b	5	1	1	0.0546811317093	0.12700536655	2	1	1	1	1	1	NA	NA	NA	NA	NA	NA	NA	2	1	1	1	1	1	NA	NA	NA	NA	NA	NA
6	148032580	148045931	2	1	1	2	d	3	1	1	0.05	0.1	2	1	1	1	0	0.463414634146339	2	0	0.536585365853661	NA	0	0.463414634146339	0.463414634146339	NA	NA	NA	1	1	1	NA	NA	NA	NA	NA	NA
6	148045932	170899934	2	1	1	2	d	4	1	1	0.0581708037318	0.14705063913	2	1	1	1	0	0.0541240599277423	1	1	0.945875940072258	0.00406454494447109	0.00399908768792861	0.0457511489802518	0.0616664875414198	2	1	1	1	1	1	NA	NA	NA	NA	NA	NA
7	33177	57999999	2	1	1	3	b	5	1	1	0.057848589119	0.170589825417	2	1	1	1	1	1	NA	NA	NA	NA	NA	NA	NA	2	1	1	1	1	1	NA	NA	NA	NA	NA	NA
7	58000000	61699999	2	1	1	2	d	3	1	1	0.05	0.254156160197	2	1	1	NA	NA	NA	NA	NA	NA	NA	NA	NA	NA	NA	NA	NA	1	1	1	NA	NA	NA	NA	NA	NA
7	61700000	137519324	2	1	1	3	b	5	1	1	0.0563926353182	0.130233567237	2	1	1	1	1	1	NA	NA	NA	NA	NA	NA	NA	2	1	1	1	1	1	NA	NA	NA	NA	NA	NA
7	137519325	137593599	1	1	0	2	d	4	1	0	0.05	0.123411045563	2	1	1	1	0	1	NA	NA	NA	NA	NA	NA	NA	1	0	1	1	0	1	NA	NA	NA	NA	NA	NA
7	137593600	158817500	2	1	1	3	b	5	1	1	0.0585518041455	0.178081920466	2	1	1	1	1	1	NA	NA	NA	NA	NA	NA	NA	2	1	1	1	1	1	NA	NA	NA	NA	NA	NA
8	185155	43099999	2	1	1	2	d	4	1	1	0.0592701637163	0.138874826643	2	1	1	1	0	0.0554323725055423	1	1	0.944567627494458	0.00273807778181876	0.00286876543069875	0.0497858654548113	0.0609918395341624	2	1	1	1	1	1	NA	NA	NA	NA	NA	NA
8	43100000	48099999	2	1	1	2	d	4	1	1	0.0622866170407	0.222176531374	2	1	1	NA	NA	NA	NA	NA	NA	NA	NA	NA	NA	2	1	1	1	1	1	NA	NA	NA	NA	NA	NA
8	48100000	146364021	2	1	1	3	b	5	1	1	0.0551130760298	0.149451529866	2	1	1	1	1	1	NA	NA	NA	NA	NA	NA	NA	2	1	1	1	1	1	NA	NA	NA	NA	NA	NA
9	47500	47299999	2	1	1	3	b	5	1	1	0.0555451624717	0.14664002276	2	1	1	1	1	1	NA	NA	NA	NA	NA	NA	NA	2	1	1	1	1	1	NA	NA	NA	NA	NA	NA
9	47300000	50699999	2	1	1	2	d	2	NA	NA	NA	NA	2	1	1	NA	NA	NA	NA	NA	NA	NA	NA	NA	NA	1	0	1	1	1	1	NA	NA	NA	NA	NA	NA
9	50700000	69838490	2	1	1	2	d	2	1	1	0.05	0.359663019712	NA	NA	NA	NA	NA	NA	NA	NA	NA	NA	NA	NA	NA	NA	NA	NA	1	1	1	NA	NA	NA	NA	NA	NA
9	69838491	140267500	2	1	1	3	b	5	1	1	0.0572084069919	0.172743867798	2	1	1	1	1	1	NA	NA	NA	NA	NA	NA	NA	2	1	1	1	1	1	NA	NA	NA	NA	NA	NA
9	140267501	141009956	2	1	1	2	d	2	NA	NA	NA	NA	2	1	1	1	0	0.174216027874563	1	1	0.825783972125438	0.0738559003179194	0.069719245475681	0.0763797385325729	0.350053817414097	3	1	2	1	1	1	NA	NA	NA	NA	NA	NA
10	10001	130352	2	1	1	2	d	2	1	1	0.05	0.1	NA	NA	NA	1	0	0.0569379751861633	1	1	0.943062024813837	0.00317723548999589	0.0031161216256584	0.0506843417006981	0.0626356967329632	NA	NA	NA	1	1	1	NA	NA	NA	NA	NA	NA
10	130353	37999999	2	1	1	2	d	4	1	1	0.0566168247182	0.127492825699	2	1	1	1	0	0.0569379751861633	1	1	0.943062024813837	0.00317723548999589	0.0031161216256584	0.0506843417006981	0.0626356967329632	2	1	1	1	1	1	NA	NA	NA	NA	NA	NA
10	38000000	42299999	2	1	1	2	d	2	1	1	0.0479234276504	0.201897882905	1.82565	0.912825104	0.9128251	1	0	0.0569379751861633	1	1	0.943062024813837	0.00317723548999589	0.0031161216256584	0.0506843417006981	0.0626356967329632	2	1	1	NA	NA	NA	NA	NA	NA	NA	NA	NA
10	42300000	65293495	2	1	1	3	b	5	1	1	0.0562142982479	0.182058095431	2	1	1	1	1	1	NA	NA	NA	NA	NA	NA	NA	2	1	1	1	1	1	NA	NA	NA	NA	NA	NA
10	65293496	65349827	1	1	0	3	b	5	1	0	0.05	0.0412979853742	1	0	1	1	0	1	NA	NA	NA	NA	NA	NA	NA	1	0	1	1	0	1	NA	NA	NA	NA	NA	NA
10	65349828	135389924	2	1	1	3	b	5	1	1	0.0586474950701	0.152958530064	2	1	1	1	1	1	NA	NA	NA	NA	NA	NA	NA	2	1	1	1	1	1	NA	NA	NA	NA	NA	NA
11	230712	48817637	2	1	1	2	d	4	1	1	0.0558690093346	0.179906346401	2	1	1	1	0	0.0514540977242564	1	1	0.948545902275744	0.00302170569470064	0.00308379609444616	0.0455355749532829	0.0575237341140356	2	1	1	1	1	1	NA	NA	NA	NA	NA	NA
11	48817638	48820768	2	1	1	2	d	3	1	1	0.05	0.1	2	1	1	3	1	1	NA	NA	NA	NA	NA	NA	NA	NA	NA	NA	1	1	1	NA	NA	NA	NA	NA	NA
11	48820769	51599999	2	1	1	2	d	3	1	1	0.0548265366613	0.130666592863	1.965534	0.882577189	1.0829571	1	0	0.0995952618083957	1	1	0.900404738191604	0.0196084482012476	0.0191448013971107	0.0576618781152916	0.129102630954207	2	1	1	1	1	1	NA	NA	NA	NA	NA	NA
11	51600000	55699999	2	1	1	3	b	5	1	1	0.0417493492483	0.17308864146	2	1	1	1	1	1	NA	NA	NA	NA	NA	NA	NA	2	1	1	1	1	1	NA	NA	NA	NA	NA	NA
11	55700000	134442500	2	1	1	3	b	5	1	1	0.0579920406729	0.140163236917	2	1	1	1	1	1	NA	NA	NA	NA	NA	NA	NA	2	1	1	1	1	1	NA	NA	NA	NA	NA	NA
12	110107	33299999	2	1	1	3	b	5	1	1	0.0563975278267	0.126812507949	2	1	1	1	1	1	NA	NA	NA	NA	NA	NA	NA	2	1	1	1	1	1	NA	NA	NA	NA	NA	NA
12	33300000	38199999	2	1	1	3	b	5	1	1	0.0555864058221	0.388534511603	2	1	1	1	1	1	NA	NA	NA	NA	NA	NA	NA	2	1	1	1	1	1	NA	NA	NA	NA	NA	NA
12	38200000	132342500	2	1	1	3	b	5	1	1	0.0570975412936	0.130599927075	2	1	1	1	1	1	NA	NA	NA	NA	NA	NA	NA	2	1	1	1	1	1	NA	NA	NA	NA	NA	NA
12	132342501	133851894	2	1	1	1	g	NA	NA	NA	NA	NA	2.136498	0.97402253	1.1624754	1	0	0.110864745011087	1	1	0.889135254988913	0.0282371504668663	0.0282004591766164	0.100285223565816	0.209078116387564	3	1	2	1	1	1	NA	NA	NA	NA	NA	NA
13	1	16299999	NA	NA	NA	NA	NA	NA	NA	NA	NA	NA	NA	NA	NA	NA	NA	NA	NA	NA	NA	NA	NA	NA	NA	NA	NA	NA	NA	NA	NA	NA	NA	NA	NA	NA	NA
13	16300000	19499999	2	1	1	2	d	3	1	1	0.05	0.531350059408	NA	NA	NA	NA	NA	NA	NA	NA	NA	NA	NA	NA	NA	2	1	1	1	1	1	NA	NA	NA	NA	NA	NA
13	19500000	114137500	2	1	1	3	b	5	1	1	0.0562332077675	0.124893913821	2	1	1	1	1	1	NA	NA	NA	NA	NA	NA	NA	2	1	1	1	1	1	NA	NA	NA	NA	NA	NA
13	114137501	115169877	2	1	1	2	d	3	NA	NA	NA	NA	2	1	1	1	0	0.152439024390242	1	1	0.847560975609758	0.0518147203588676	0.0495395548682086	0.112360885928092	0.308006670280737	2	1	1	1	1	1	NA	NA	NA	NA	NA	NA
14	1	16099999	NA	NA	NA	NA	NA	NA	NA	NA	NA	NA	NA	NA	NA	NA	NA	NA	NA	NA	NA	NA	NA	NA	NA	NA	NA	NA	NA	NA	NA	NA	NA	NA	NA	NA	NA
14	16100000	19099999	2	1	1	2	d	2	1	1	0.05	0.114451216604	NA	NA	NA	NA	NA	NA	NA	NA	NA	NA	NA	NA	NA	NA	NA	NA	1	1	1	NA	NA	NA	NA	NA	NA
14	19100000	59220879	2	1	1	3	b	5	1	1	0.058038885232	0.129463413404	2	1	1	1	1	1	NA	NA	NA	NA	NA	NA	NA	2	1	1	1	1	1	NA	NA	NA	NA	NA	NA
14	59220880	59220925	2	1	1	2	d	3	1	1	0.05	0.1	2	1	1	NA	NA	NA	NA	NA	NA	NA	NA	NA	NA	1	0	1	1	1	1	NA	NA	NA	NA	NA	NA
14	59220926	59221073	2	1	1	2	d	2	1	1	0.05	0.1	NA	NA	NA	1	0	0.135501355013549	1	1	0.864498644986451	NA	0	0.135501355013549	0.135501355013549	1	0	1	1	1	1	NA	NA	NA	NA	NA	NA
14	59221074	59221086	2	1	1	2	d	2	1	1	0.05	0.1	NA	NA	NA	NA	NA	NA	NA	NA	NA	NA	NA	NA	NA	NA	NA	NA	1	1	1	NA	NA	NA	NA	NA	NA
14	59221087	106367600	2	1	1	3	b	5	1	1	0.0578236102283	0.182922313385	2	1	1	1	1	1	NA	NA	NA	NA	NA	NA	NA	2	1	1	1	1	1	NA	NA	NA	NA	NA	NA
15	1	15799999	NA	NA	NA	NA	NA	NA	NA	NA	NA	NA	NA	NA	NA	NA	NA	NA	NA	NA	NA	NA	NA	NA	NA	NA	NA	NA	NA	NA	NA	NA	NA	NA	NA	NA	NA
15	15800000	20699999	2	1	1	2	d	2	1	1	0.05	0.249500363757	NA	NA	NA	1	1	1	NA	NA	NA	NA	NA	NA	NA	NA	NA	NA	1	0	0.411693	1	1	0.588307	NA	NA	NA
15	20700000	25367500	2	1	1	2	d	3	1	1	0.0528088372077	0.223331105386	2.04711	0.938756776	1.1083536	1	1	1	NA	NA	NA	NA	NA	NA	NA	2	1	1	1	0	0.313271	1	1	0.686729	NA	NA	NA
15	25367501	61340048	2	1	1	3	b	5	1	1	0.0565189880458	0.138715205479	2	1	1	1	1	1	NA	NA	NA	NA	NA	NA	NA	2	1	1	1	1	1	NA	NA	NA	NA	NA	NA
15	61340049	61340110	2	1	1	2	d	4	1	1	0.05	0.1	2	1	1	1	1	1	NA	NA	NA	NA	NA	NA	NA	NA	NA	NA	1	1	1	NA	NA	NA	NA	NA	NA
15	61340111	100332500	2	1	1	3	b	5	1	1	0.0575872491885	0.139376762236	2	1	1	1	1	1	NA	NA	NA	NA	NA	NA	NA	2	1	1	1	1	1	NA	NA	NA	NA	NA	NA
15	100332501	102531391	2	1	1	2	d	4	NA	NA	NA	NA	2	1	1	1	1	1	NA	NA	NA	NA	NA	NA	NA	2	1	1	1	1	1	NA	NA	NA	NA	NA	NA
16	9999	117499	2	1	1	2	d	2	1	1	0.05	0.1	NA	NA	NA	1	0	0.465881063305017	1	1	0.534118936694983	0.0825732316969944	0.0852117557156588	0.183448218197179	0.506196804027102	NA	NA	NA	1	1	1	NA	NA	NA	NA	NA	NA
16	117500	6506215	2	1	1	2	d	4	1	1	0.0664875312218	0.539399694333	2	1	1	1	0	0.0813008130081308	1	1	0.918699186991869	0.0095970213891651	0.00967396017085034	0.0812648691653086	0.120068772745676	2	1	1	1	1	1	NA	NA	NA	NA	NA	NA
16	6506216	6873953	1	1	0	3	b	5	1	0	0.0954057163713	0.0733379479096	1	0	1	1	0	1	NA	NA	NA	NA	NA	NA	NA	1	0	1	1	0	1	NA	NA	NA	NA	NA	NA
16	6873954	34599999	2	1	1	2	d	4	1	1	0.0578358835557	0.163703790922	2	1	1	1	0	0.0647972317671755	1	1	0.935202768232825	0.00426839044902193	0.00427807236375276	0.0562325085320794	0.0728553427787372	2	1	1	1	1	1	NA	NA	NA	NA	NA	NA
16	34600000	38599999	2	1	1	2	d	4	1	1	0.05	0.275687224385	2	1	1	1	0	0.0647972317671755	1	1	0.935202768232825	0.00426839044902193	0.00427807236375276	0.0562325085320794	0.0728553427787372	2	1	1	1	1	1	NA	NA	NA	NA	NA	NA
16	38600000	88826600	2	1	1	3	b	5	1	1	0.0585184040092	0.171069419064	2	1	1	1	1	1	NA	NA	NA	NA	NA	NA	NA	2	1	1	1	1	1	NA	NA	NA	NA	NA	NA
16	88826601	90354752	2	1	1	2	d	2	NA	NA	NA	NA	2.19127	1.095635003	1.095635	1	0	0.174216027874563	1	1	0.825783972125438	0.023626722227896	0.0242955869409558	0.14989270979923	0.242237639999796	2	1	1	1	1	1	NA	NA	NA	NA	NA	NA
17	7	22199999	2	1	1	2	d	4	1	1	0.0629792526924	0.19176333372	2	1	1	1	1	0.91105832691764	2	1	0.08894167308236	0.00604412883022715	0.00595643089045856	0.899365943811318	0.922638740421155	2	1	1	1	1	1	NA	NA	NA	NA	NA	NA
17	22200000	25799999	2	1	1	2	d	4	1	1	0.058469006331	0.175274369857	2	1	1	NA	NA	NA	NA	NA	NA	NA	NA	NA	NA	2	1	1	1	1	1	NA	NA	NA	NA	NA	NA
17	25800000	78774600	2	1	1	2	d	4	1	1	0.0618587821318	0.175015323361	2	1	1	1	1	0.921492621634323	2	1	0.0785073783656768	0.00371619451023947	0.0037550496880119	0.913762099795596	0.928256491953231	2	1	1	1	1	1	NA	NA	NA	NA	NA	NA
17	78774601	81195209	2	1	1	2	d	2	NA	NA	NA	NA	2.160984	0.962309785	1.1986742	1	1	0.921492621634323	2	1	0.0785073783656768	0.00371619451023947	0.0037550496880119	0.913762099795596	0.928256491953231	2	1	1	1	1	1	NA	NA	NA	NA	NA	NA
18	49032	15399999	2	1	1	3	b	5	1	1	0.058729150434	0.148950225663	2	1	1	1	1	1	NA	NA	NA	NA	NA	NA	NA	2	1	1	1	1	1	NA	NA	NA	NA	NA	NA
18	15400000	18999999	2	1	1	2	d	4	1	1	0.05	0.176496635786	2.037241	0.920805287	1.1164354	1	1	1	NA	NA	NA	NA	NA	NA	NA	2	1	1	1	1	1	NA	NA	NA	NA	NA	NA
18	19000000	76117000	2	1	1	3	b	5	1	1	0.0565980249186	0.1266440283	2	1	1	1	1	1	NA	NA	NA	NA	NA	NA	NA	2	1	1	1	1	1	NA	NA	NA	NA	NA	NA
18	76117001	78077247	2	1	1	2	d	3	NA	NA	NA	NA	2	1	1	1	0	0.0813008130081308	1	1	0.918699186991869	0.0167598493457182	0.0164668516931993	0.063073466433782	0.129476071758267	2	1	1	1	1	1	NA	NA	NA	NA	NA	NA
19	299985	3139665	2	1	1	2	d	2	1	1	0.0853422564896	0.721185202604	2.198911	0.967558684	1.2313522	1	0	0.174216027874563	1	1	0.825783972125438	0.0205287103277518	0.0201900704031552	0.187355106514753	0.267003710560821	3	1	2	1	1	1	NA	NA	NA	NA	NA	NA
19	3139666	24399999	2	1	1	2	d	4	1	1	0.071147302855	0.244109664271	2	1	1	1	1	0.912891986062716	2	1	0.0871080139372835	0.00594701741083392	0.00626792760844788	0.882941263383929	0.907902387531959	2	1	1	1	1	1	NA	NA	NA	NA	NA	NA
19	24400000	28599999	2	1	1	2	d	4	1	1	0.0631551164186	0.196195582996	2	1	1	NA	NA	NA	NA	NA	NA	NA	NA	NA	NA	2	1	1	1	1	1	NA	NA	NA	NA	NA	NA
19	28600000	59128982	2	1	1	2	d	4	1	1	0.0619464822216	0.198517087241	2	1	1	1	0	0.0859215602809832	1	1	0.914078439719017	0.00454057684787187	0.00452909916413104	0.0770637579177345	0.094882202950125	2	1	1	1	1	1	NA	NA	NA	NA	NA	NA
20	25254	25599999	2	1	1	3	b	5	1	1	0.057969746818	0.129492564189	2	1	1	1	1	1	NA	NA	NA	NA	NA	NA	NA	2	1	1	1	1	1	NA	NA	NA	NA	NA	NA
20	25600000	29399999	2	1	1	3	b	5	1	1	0.05	0.161489810198	2	1	1	1	1	1	NA	NA	NA	NA	NA	NA	NA	2	1	1	1	1	1	NA	NA	NA	NA	NA	NA
20	29400000	62432500	2	1	1	2	d	4	1	1	0.0597340475185	0.190460370079	2	1	1	1	0	0.0641848523748374	1	1	0.935815147625163	0.00437429293474134	0.0044022768899751	0.0689840281138475	0.0859938398475034	2	1	1	1	1	1	NA	NA	NA	NA	NA	NA
21	1	9417499	NA	NA	NA	NA	NA	NA	1	1	0.05	0.1	NA	NA	NA	NA	NA	NA	NA	NA	NA	NA	NA	NA	NA	NA	NA	NA	1	0	0.744987	1	1	0.255013	NA	NA	NA
21	9417500	10899999	NA	NA	NA	NA	NA	NA	1	1	0.05	0.288226964459	NA	NA	NA	NA	NA	NA	NA	NA	NA	NA	NA	NA	NA	NA	NA	NA	1	0	0.744987	1	1	0.255013	NA	NA	NA
21	10900000	14299999	2	1	1	1	h	1	1	1	0.05	0.152601812266	NA	NA	NA	NA	NA	NA	NA	NA	NA	NA	NA	NA	NA	NA	NA	NA	1	0	0.744987	1	1	0.255013	NA	NA	NA
21	14300000	46937500	2	1	1	2	d	4	1	1	0.0563134114111	0.172444818365	2	1	1	1	0	0.0554323725055423	1	1	0.944567627494458	0.00369953220763429	0.00356780983916751	0.0440091966035421	0.0580151208342795	2	1	1	1	1	1	NA	NA	NA	NA	NA	NA
21	46937501	48129894	2	1	1	2	d	2	NA	NA	NA	NA	2.027658	0.906581999	1.1210761	1	0	0.192554557124519	1	1	0.807445442875481	0.0322090751324408	0.0302369320261364	0.176950636350658	0.298188405404667	2	1	1	1	1	1	NA	NA	NA	NA	NA	NA
22	1	12199999	NA	NA	NA	NA	NA	NA	NA	NA	NA	NA	NA	NA	NA	NA	NA	NA	NA	NA	NA	NA	NA	NA	NA	NA	NA	NA	NA	NA	NA	NA	NA	NA	NA	NA	NA
22	12200000	17899999	2	1	1	2	d	4	1	1	0.0650461857555	0.233239651383	2	1	1	1	0	0.0871853470700773	1	1	0.912814652929923	0.00444284018584663	0.00449465832819644	0.07799642763298	0.0954992993611421	2	1	1	1	1	1	NA	NA	NA	NA	NA	NA
22	17900000	49687500	2	1	1	2	d	4	1	1	0.0684631858819	0.256339785477	2	1	1	1	0	0.0871853470700773	1	1	0.912814652929923	0.00444284018584663	0.00449465832819644	0.07799642763298	0.0954992993611421	2	1	1	1	1	1	NA	NA	NA	NA	NA	NA
22	49687501	51304565	2	1	1	2	d	3	NA	NA	NA	NA	2	1	1	1	0	0.0871853470700773	1	1	0.912814652929923	0.00444284018584663	0.00449465832819644	0.07799642763298	0.0954992993611421	2	1	1	1	1	1	NA	NA	NA	NA	NA	NA
X	1	58099999	1	1	0	3	a	3	1	0	0.079955770193	0.180590548928	1	0	1	NA	NA	NA	NA	NA	NA	NA	NA	NA	NA	1	0	1	NA	NA	NA	NA	NA	NA	NA	NA	NA
X	58100000	62999999	1	1	0	3	a	3	1	0	0.05	0.224895408781	1	0	1	NA	NA	NA	NA	NA	NA	NA	NA	NA	NA	1	0	1	NA	NA	NA	NA	NA	NA	NA	NA	NA
X	63000000	155270559	1	1	0	3	a	3	1	0	0.05	0.14955914187	1	0	1	NA	NA	NA	NA	NA	NA	NA	NA	NA	NA	1	0	1	NA	NA	NA	NA	NA	NA	NA	NA	NA
Y	1	11599999	1	1	0	1	h	1	NA	NA	NA	NA	1	0	1	NA	NA	NA	NA	NA	NA	NA	NA	NA	NA	NA	NA	NA	NA	NA	NA	NA	NA	NA	NA	NA	NA
Y	11600000	13399999	1	1	0	1	h	1	NA	NA	NA	NA	1	0	1	NA	NA	NA	NA	NA	NA	NA	NA	NA	NA	NA	NA	NA	NA	NA	NA	NA	NA	NA	NA	NA	NA
Y	13400000	59373565	1	1	0	1	h	1	NA	NA	NA	NA	1	0	1	NA	NA	NA	NA	NA	NA	NA	NA	NA	NA	NA	NA	NA	NA	NA	NA	NA	NA	NA	NA	NA	NA
