chromosome	start	end	total_cn	major_cn	minor_cn	star	level	methods_agree	absolute_broad_major_cn	absolute_broad_minor_cn	absolute_broad_het_error	absolute_broad_cov_error	aceseq_copy_number	aceseq_minor_cn	aceseq_major_cn	battenberg_nMaj1_A	battenberg_nMin1_A	battenberg_frac1_A	battenberg_nMaj2_A	battenberg_nMin2_A	battenberg_frac2_A	battenberg_SDfrac_A	battenberg_SDfrac_A_BS	battenberg_frac1_A_0.025	battenberg_frac1_A_0.975	clonehd_copy_number	clonehd_minor_cn	clonehd_major_cn	sclust_nMaj1_A	sclust_nMin1_A	sclust_frac1_A	sclust_nMaj2_A	sclust_nMin2_A	sclust_frac2_A	jabba_copy_number	jabba_minor_cn	jabba_major_cn
1	10001	25611600	3	3	0	2	d	5	3	0	0.0330305231783	0.287386841754	3.170261	0.0354952	3.1347659	3	0	1	NA	NA	NA	NA	NA	NA	NA	3	0	3	3	0	1	NA	NA	NA	3	0	3
1	25611601	111666566	3	3	0	2	d	5	3	0	0.031696473766	0.248651977148	3.259828	0.039238311	3.2205897	3	0	1	NA	NA	NA	NA	NA	NA	NA	3	0	3	3	0	1	NA	NA	NA	3	0	3
1	111666567	121481802	2	2	0	2	d	4	2.08	0	0.0439204047183	0.192394491756	2.19793	0.037463371	2.1604665	2	0	1	NA	NA	NA	NA	NA	NA	NA	2	0	2	2	0	1	NA	NA	NA	2	0	2
1	121481803	128899999	2	2	0	2	d	2	2.08	0	0.05	0.1	2.19793	0.037463371	2.1604665	NA	NA	NA	NA	NA	NA	NA	NA	NA	NA	NA	NA	NA	2	0	1	NA	NA	NA	2	0	2
1	128900000	152550724	2	2	0	2	d	4	2.08	0	0.0438670548816	0.405163447464	2.174719	0.040558076	2.1341606	2	0	1	NA	NA	NA	NA	NA	NA	NA	2	0	2	2	0	1	NA	NA	NA	2	0	2
1	152550725	196787664	2	2	0	2	d	4	2.08	0	0.0430718450569	0.220433030984	2.184633	0.035985939	2.148647	2	0	1	NA	NA	NA	NA	NA	NA	NA	2	0	2	2	0	1	NA	NA	NA	2	0	2
1	196787665	247247500	2	2	0	2	d	4	2.15	0	0.0455498478673	0.198563692365	2.128391	0.039427307	2.0889636	2	0	1	NA	NA	NA	NA	NA	NA	NA	2	0	2	2	0	1	NA	NA	NA	2	0	2
1	247247501	249250620	2	2	0	3	b	5	NA	NA	NA	NA	2	0	2	2	0	1	NA	NA	NA	NA	NA	NA	NA	2	0	2	2	0	1	NA	NA	NA	2	0	2
2	20016	13540052	1	1	0	2	d	4	1	0	0.0787875207242	0.150588155092	1	0	1	0	0	0.156408548147388	1	0	0.843591451852612	0.00678663857137141	0.00652794966129178	0.173933992456853	0.19914616324828	1	0	1	1	0	0.750001	0	0	0.249999	1	0	1
2	13540053	85901188	2	2	0	3	a	6	2	0	0.0467041881125	0.183955875979	2	0	2	2	0	1	NA	NA	NA	NA	NA	NA	NA	2	0	2	2	0	1	NA	NA	NA	2	0	2
2	85901189	85922626	1	1	0	2	d	3	2	0	0.05	0.1	1.296261	0.068749382	1.2275115	1	0	1	NA	NA	NA	NA	NA	NA	NA	NA	NA	NA	1	0	1	NA	NA	NA	1	0	1
2	85922627	90499999	2	2	0	3	a	6	2	0	0.0431493422908	0.301353990407	2	0	2	2	0	1	NA	NA	NA	NA	NA	NA	NA	2	0	2	2	0	1	NA	NA	NA	2	0	2
2	90500000	96799999	2	2	0	2	d	4	2.15	0	0.0477645731447	0.241445233597	2	0	2	NA	NA	NA	NA	NA	NA	NA	NA	NA	NA	2	0	2	2	0	1	NA	NA	NA	2	0	2
2	96800000	120113357	2	2	0	2	d	4	2.15	0	0.0465947397953	0.196168304351	2.10902	0.038869352	2.0701503	2	0	1	NA	NA	NA	NA	NA	NA	NA	2	0	2	2	0	1	NA	NA	NA	2	0	2
2	120113358	134187652	1	1	0	2	d	4	1.35	0	0.0650363901913	0.12479773437	1.174193	0.038114309	1.1360786	1	0	1	NA	NA	NA	NA	NA	NA	NA	1	0	1	1	0	1	NA	NA	NA	1	0	1
2	134187653	134190429	1	1	0	2	d	3	1.35	0	0.05	0.1	1.174193	0.038114309	1.1360786	1	0	1	NA	NA	NA	NA	NA	NA	NA	NA	NA	NA	1	0	1	NA	NA	NA	1	0	1
2	134190430	242976888	1	1	0	2	d	4	1.35	0	0.065507823608	0.160634072109	1.176846	0.035675753	1.1411704	1	0	1	NA	NA	NA	NA	NA	NA	NA	1	0	1	1	0	1	NA	NA	NA	1	0	1
3	100074	244571	4	2	2	2	d	3	2.65	2.54	0.0307529518553	2.03113238826	4.152021	2.076010396	2.0760104	2	1	0.279277071949421	2	2	0.720722928050579	0.0432055896479082	0.0446630573676363	0.194157570961843	0.369430138949625	4	2	2	2	2	1	NA	NA	NA	4	2	2
3	244572	253996	4	2	2	2	d	4	2	2	0.05	0.1	4.152021	2.076010396	2.0760104	2	1	0.360377824931235	2	2	0.639622175068765	0.123540216888671	0.114098780156158	0.140441818758538	0.579802885258232	4	2	2	2	2	1	NA	NA	NA	4	2	2
3	253997	6124936	4	2	2	3	a	6	2	2	0.0353177068374	0.351188884417	4	2	2	2	2	1	NA	NA	NA	NA	NA	NA	NA	4	2	2	2	2	1	NA	NA	NA	4	2	2
3	6124937	6126674	4	2	2	3	b	5	2	2	0.05	0.1	4	2	2	2	2	1	NA	NA	NA	NA	NA	NA	NA	NA	NA	NA	2	2	1	NA	NA	NA	4	2	2
3	6126675	24509348	4	2	2	2	d	5	2	2	0.0354964477883	0.319998504645	4.120438	2.060218912	2.0602189	2	2	1	NA	NA	NA	NA	NA	NA	NA	4	2	2	2	2	1	NA	NA	NA	4	2	2
3	24509349	24608346	3	2	1	2	d	4	2	1	0.05	0.255472861326	3.127025	1.091425965	2.035599	1	1	0.100791033425387	2	1	0.899208966574613	0.0563604798870223	0.0550568625981867	0.00889801940648505	0.228048180492265	3	1	2	2	1	1	NA	NA	NA	3	1	2
3	24608347	25373335	4	2	2	2	d	4	2	2	0.0297387082736	0.274034374686	4.153491	2.076745435	2.0767454	2	2	0.873266824965697	3	2	0.126733175034303	0.0255228227856956	0.0250560425275132	0.851655881991632	0.950091801171169	4	2	2	2	2	1	NA	NA	NA	4	2	2
3	25373336	25609383	3	2	1	2	d	5	2	1	0.0559114583082	0.216857311177	3.108827	1.013802753	2.0950242	2	1	1	NA	NA	NA	NA	NA	NA	NA	3	1	2	2	1	1	NA	NA	NA	3	1	2
3	25609384	87899999	4	2	2	2	d	5	2	2	0.0336393485055	0.314825937608	4.158921	2.079460423	2.0794604	2	2	1	NA	NA	NA	NA	NA	NA	NA	4	2	2	2	2	1	NA	NA	NA	4	2	2
3	87900000	93899999	4	2	2	2	d	4	2	2	0.0313578620516	0.360491603767	4.243484	2.12174214	2.1217421	NA	NA	NA	NA	NA	NA	NA	NA	NA	NA	4	2	2	2	2	1	NA	NA	NA	4	2	2
3	93900000	173830691	4	2	2	2	d	5	2	2	0.0372861463056	0.298770149168	4	2	2	2	1	0.186220175560616	2	2	0.813779824439384	0.00257309164370054	0.00254807483121647	0.18074714647257	0.190929333280139	4	2	2	2	2	1	NA	NA	NA	4	2	2
3	173830692	174757541	2	2	0	2	d	5	2	0	0.0477785403433	0.182021661673	2.156003	0.047736186	2.1082666	2	0	1	NA	NA	NA	NA	NA	NA	NA	2	0	2	2	0	1	NA	NA	NA	2	0	2
3	174757542	174778375	4	2	2	2	d	4	2	2	0.05	0.1	2.156003	0.047736186	2.1082666	2	1	0.342179572592634	2	2	0.657820427407366	0.0856783996535002	0.0863161572724753	0.162718738947887	0.497935115862967	4	2	2	2	2	1	NA	NA	NA	4	2	2
3	174778376	174786835	5	3	2	1	h	1	2	2	0.05	0.1	NA	NA	NA	3	2	1	NA	NA	NA	NA	NA	NA	NA	NA	NA	NA	2	2	1	NA	NA	NA	6	2	4
3	174786836	174967948	4	2	2	2	d	5	2	2	0.05	0.281307307013	4	2	2	2	1	0.231046301548023	2	2	0.768953698451977	0.0628537140985241	0.0640355718717618	0.036474434833775	0.282974776376338	4	2	2	2	2	1	NA	NA	NA	4	2	2
3	174967949	174980513	4	2	2	2	d	4	2	2	0.05	0.1	4	2	2	2	1	0.656708270632321	2	2	0.343291729367679	0.121006618742401	0.121694663946498	0.368607530762451	0.845751988308147	4	2	2	2	2	1	NA	NA	NA	3	1	2
3	174980514	175214995	2	2	0	2	d	5	2	0	0.045566697469	0.58946018576	2.151696	0.036525587	2.1151706	2	0	1	NA	NA	NA	NA	NA	NA	NA	2	0	2	2	0	1	NA	NA	NA	2	0	2
3	175214996	175218517	2	2	0	2	d	4	2	0	0.05	0.1	2.151696	0.036525587	2.1151706	2	0	1	NA	NA	NA	NA	NA	NA	NA	NA	NA	NA	2	0	1	NA	NA	NA	2	0	2
3	175218518	198022429	2	2	0	2	d	5	2	0	0.0474917503928	0.19540944891	2.109542	0.03892966	2.0706126	2	0	1	NA	NA	NA	NA	NA	NA	NA	2	0	2	2	0	1	NA	NA	NA	2	0	2
4	27500	215482	1	1	0	2	d	3	1.63	0	0.05	0.268708692515	NA	NA	NA	1	0	0.650253677035826	2	0	0.349746322964174	0.14555860049762	0.133844979074817	0.440167743145423	0.962102746702089	1	0	1	1	0	1	NA	NA	NA	1	0	1
4	215483	350013	2	2	0	2	d	3	2	0	0.05	0.270200766464	1.87023	0.169092094	1.7011379	1	0	1	NA	NA	NA	NA	NA	NA	NA	2	0	2	1	0	1	NA	NA	NA	2	0	2
4	350014	8313812	3	2	1	2	d	2	1.85	1	0.0635471840085	0.237524160904	2.732176	1.014107292	1.7180688	1	1	0.267887342504265	2	1	0.732112657495735	0.00899594270490212	0.0084987921781602	0.27213792337108	0.305332019866618	3	1	2	2	1	0.720086	1	1	0.279914	3	1	2
4	8313813	14159429	3	2	1	2	d	2	1.73	1.14	0.0568128137941	0.241876898129	2.961637	1.179673279	1.7819633	1	1	0.4509155068782	2	1	0.5490844931218	0.0078700491188041	0.0076331052401343	0.453090757946532	0.483007469108364	3	1	2	2	1	0.542759	1	1	0.457241	3	1	2
4	14159430	34043186	3	2	1	2	d	2	1.73	1	0.0566031798744	0.211324583882	2.870993	1.095232745	1.7757605	1	1	0.359401424691232	2	1	0.640598575308768	0.00507574020051516	0.00498361427781318	0.341354551201398	0.360852420814436	3	1	2	2	1	0.634262	1	1	0.365738	3	1	2
4	34043187	34044387	3	2	1	2	e	3	1.73	1	0.05	0.1	2.870993	1.095232745	1.7757605	1	1	0.359401424691232	2	1	0.640598575308768	0.00507574020051516	0.00498361427781318	0.341354551201398	0.360852420814436	NA	NA	NA	2	1	0.676209	1	1	0.323791	3	1	2
4	34044388	48199999	3	2	1	2	d	2	1.73	1	0.0572301091569	0.234802361982	2.896986	1.091343704	1.8056419	1	1	0.314326191938624	2	1	0.685673808061376	0.00599623192862911	0.00578284034311016	0.302858617984538	0.325845619199769	3	1	2	2	1	0.676209	1	1	0.323791	3	1	2
4	48200000	52703202	3	2	1	2	d	3	1.73	1	0.0692064600224	0.493811162483	2.906921	1.076711916	1.8302087	1	1	0.314326191938624	2	1	0.685673808061376	0.00599623192862911	0.00578284034311016	0.302858617984538	0.325845619199769	3	1	2	2	1	1	NA	NA	NA	3	1	2
4	52703203	65594409	3	2	1	2	d	2	1.77	1	0.0556087468892	0.211549812529	2.936101	1.082745364	1.8533557	1	1	0.258254281221423	2	1	0.741745718778577	0.00666996168719886	0.00645172115104143	0.260031971286166	0.285951637517165	3	1	2	2	1	0.732196	1	1	0.267804	3	1	2
4	65594410	75653738	3	2	1	2	d	2	1.8	1.24	0.0557615322065	0.237452214604	3.073728	1.227831799	1.8458958	1	1	0.4509155068782	2	1	0.5490844931218	0.0062815862284844	0.00622708655750453	0.44211788889121	0.466466696405656	3	1	2	2	2	0.339825	2	1	0.660175	3	1	2
4	75653739	90920338	3	2	1	2	d	2	1.8	1.24	0.0522791042405	0.229481730371	3.042053	1.219872053	1.8221808	1	1	0.472448232098659	2	1	0.527551767901341	0.00634330894807059	0.00632305643422077	0.476421530662131	0.501836424617941	3	1	2	2	2	0.347803	2	1	0.652197	3	1	2
4	90920339	99934717	3	2	1	2	d	2	1.73	1	0.0611537379067	0.234776559362	2.83113	1.027552521	1.8035777	1	1	0.240772058893315	2	1	0.759227941106685	0.00806038102343258	0.00805236527762692	0.228703436598651	0.259617855764448	3	1	2	2	1	0.751148	1	1	0.248852	3	1	2
4	99934718	99942622	3	2	1	2	d	4	1.73	1	0.05	0.1	2.83113	1.027552521	1.8035777	2	1	1	NA	NA	NA	NA	NA	NA	NA	3	1	2	2	1	1	NA	NA	NA	3	1	2
4	99942623	137387025	3	2	1	2	d	4	1.77	0.92	0.0584430640014	0.22638867105	2.719221	0.933901814	1.7853193	2	1	1	NA	NA	NA	NA	NA	NA	NA	3	1	2	2	1	1	NA	NA	NA	3	1	2
4	137387026	139279501	3	2	1	2	d	2	1.85	1	0.05557711423	0.224856651245	2.867313	1.074611491	1.7927013	1	1	0.295341567160355	2	1	0.704658432839645	0.0130738902860204	0.0129082029636513	0.287232503199605	0.337371188907515	3	1	2	2	1	0.689426	1	1	0.310574	3	1	2
4	139279502	155288740	3	2	1	2	d	2	1.63	1	0.053996583839	0.210822139496	2.637473	1.071148942	1.5663237	1	1	0.519551068518421	2	1	0.480448931481579	0.00617699860576271	0.00628326536186129	0.515175508536352	0.539216054680171	3	1	2	2	1	0.468882	1	1	0.531118	3	1	2
4	155288741	158464909	3	2	1	2	d	2	1.63	1	0.0541454450542	0.209027615817	2.694439	1.116784988	1.5776542	1	1	0.572934283127491	2	1	0.427065716872509	0.0114735393282026	0.011060627011272	0.570165743104577	0.613827534318662	3	1	2	2	1	0.400413	1	1	0.599587	3	1	2
4	158464910	158743150	3	2	1	2	d	2	1.46	1.46	0.0510229099361	0.235904020304	2.862176	1.24763797	1.6145375	1	1	0.707154937001708	2	1	0.292845062998292	0.0285950819770406	0.0286063708794427	0.651419288768946	0.764748848056823	3	1	2	2	1	0.282502	1	1	0.717498	3	1	2
4	158743151	163522555	3	2	1	2	d	2	1.63	1	0.0524770778938	0.220953706298	2.653183	1.086638759	1.5665445	1	1	0.534110127048168	2	1	0.465889872951832	0.00916648941456977	0.00895856102366664	0.526639114082818	0.561402392601808	3	1	2	2	1	0.431538	1	1	0.568462	3	1	2
4	163522556	163823127	3	2	1	2	d	2	1.46	1.46	0.0432774528748	0.218236457898	2.784073	1.19321262	1.5908604	1	1	0.653730499833095	2	1	0.346269500166905	0.028283570700773	0.0293966683077426	0.571899543589293	0.68733133006161	3	1	2	2	1	0.25717	1	1	0.74283	3	1	2
4	163823128	175160064	3	2	1	2	d	2	1.55	1	0.0556986248934	0.220423261797	2.616891	1.04938862	1.5675022	1	1	0.496672547971682	2	1	0.503327452028318	0.00701707355156989	0.0074053774279166	0.492595910476516	0.520845916790233	3	1	2	2	1	0.482176	1	1	0.517824	3	1	2
4	175160065	175579751	2	1	1	2	d	2	1	0.77	0.0507591090597	0.191282505362	1.798461	0.753598959	1.0448623	1	0	0.303194491865678	1	1	0.696805508134322	0.00308211584640269	0.00298270810801665	0.297170865696909	0.308766609796128	2	1	1	1	0	0.297868	1	1	0.702132	2	1	1
4	175579752	191154275	2	1	1	2	d	2	1	0.77	0.0599704772791	0.171329757408	1.726758	0.716091678	1.010666	1	0	0.303194491865678	1	1	0.696805508134322	0.00308211584640269	0.00298270810801665	0.297170865696909	0.308766609796128	2	1	1	1	0	0.315208	1	1	0.684792	2	1	1
5	22500	171361	4	2	2	2	f	1	1.35	1.35	0.05	0.311549899871	NA	NA	NA	NA	NA	NA	NA	NA	NA	NA	NA	NA	NA	1	0	1	1	1	1	NA	NA	NA	NA	NA	NA
5	171362	821546	3	2	1	2	d	3	2.15	1	0.0660157825846	0.356204213671	3	1	2	NA	NA	NA	NA	NA	NA	NA	NA	NA	NA	NA	NA	NA	2	1	1	NA	NA	NA	3	1	2
5	821547	2795812	3	2	1	2	d	4	2.15	1	0.0567016405015	0.27608530196	3.11834	1.054384866	2.0639554	2	1	1	NA	NA	NA	NA	NA	NA	NA	3	1	2	2	1	1	NA	NA	NA	3	1	2
5	2795813	2796758	3	2	1	2	d	2	NA	NA	NA	NA	3.11834	1.054384866	2.0639554	NA	NA	NA	NA	NA	NA	NA	NA	NA	NA	1	0	1	2	1	1	NA	NA	NA	3	1	2
5	2796759	2798049	4	2	2	2	d	2	2	2	0.05	0.1	NA	NA	NA	1	1	0.284511641055662	2	1	0.715488358944338	0.0135708545678977	0.0115130678171674	0.255623867516385	0.299588130353518	NA	NA	NA	2	2	1	NA	NA	NA	3	1	2
5	2798050	46099999	4	2	2	2	d	5	2	2	0.0338898270421	0.311782752811	4.290628	2.145313882	2.1453139	2	2	1	NA	NA	NA	NA	NA	NA	NA	4	2	2	2	2	1	NA	NA	NA	4	2	2
5	46100000	50699999	4	2	2	2	d	4	2	2	0.0311253575311	0.432185280972	4.40157	2.200785192	2.2007852	NA	NA	NA	NA	NA	NA	NA	NA	NA	NA	4	2	2	2	2	1	NA	NA	NA	4	2	2
5	50700000	58763993	4	2	2	2	d	5	2	2	0.0326866115972	0.303230899924	4.311672	2.155835738	2.1558357	2	2	1	NA	NA	NA	NA	NA	NA	NA	4	2	2	2	2	1	NA	NA	NA	4	2	2
5	58763994	58958588	4	2	2	2	d	5	2	2	0.05	0.256538224392	4.103582	1.877346751	2.2262348	2	2	1	NA	NA	NA	NA	NA	NA	NA	4	2	2	2	2	1	NA	NA	NA	4	2	2
5	58958589	179623601	3	2	1	2	d	4	2	0.92	0.0584415994324	0.233242082343	3	1	2	2	0	0.0862843574369223	2	1	0.913715642563078	0.00138865098265212	0.0013822278644437	0.0729149013898984	0.078308972835406	3	1	2	2	1	1	NA	NA	NA	3	1	2
5	179623602	179689950	4	3	1	2	e	0	2	0.92	0.05	0.600641583691	3	1	2	2	0	0.0983541836306676	2	1	0.901645816369332	NA	0	0.0983541836306676	0.0983541836306676	1	0	1	1	0	1	NA	NA	NA	2	1	1
5	179689951	180739794	1	1	0	3	a	6	1	0	0.0731805558375	0.1687580673	1	0	1	1	0	1	NA	NA	NA	NA	NA	NA	NA	1	0	1	1	0	1	NA	NA	NA	1	0	1
6	242501	384470	2	2	0	2	d	3	4	1	0.05	1.13622780088	NA	NA	NA	2	0	1	NA	NA	NA	NA	NA	NA	NA	NA	NA	NA	2	0	1	NA	NA	NA	2	0	2
6	384471	58699999	2	2	0	2	d	5	2	0	0.0495973028123	0.194139021982	1.929973	0.041879542	1.8880935	2	0	1	NA	NA	NA	NA	NA	NA	NA	2	0	2	2	0	1	NA	NA	NA	2	0	2
6	58700000	63299999	2	2	0	3	b	5	2	0	0.0402089474072	0.623837792327	2	0	2	NA	NA	NA	NA	NA	NA	NA	NA	NA	NA	2	0	2	2	0	1	NA	NA	NA	2	0	2
6	63300000	78916801	2	2	0	3	a	6	2	0	0.0454545020302	0.205412081594	2	0	2	2	0	1	NA	NA	NA	NA	NA	NA	NA	2	0	2	2	0	1	NA	NA	NA	2	0	2
6	78916802	108547029	2	2	0	3	a	6	2	0	0.0449778059425	0.176327129583	2	0	2	2	0	1	NA	NA	NA	NA	NA	NA	NA	2	0	2	2	0	1	NA	NA	NA	2	0	2
6	108547030	108557994	2	2	0	2	d	3	2	0	0.05	0.1	2	0	2	2	0	0.897415664982015	2	1	0.102584335017985	0.00358678797266959	0.00252746717260589	0.893824049569275	0.900997625514614	NA	NA	NA	2	0	1	NA	NA	NA	3	0	3
6	108557995	129577923	2	2	0	3	a	6	2	0	0.0448426357357	0.168410712556	2	0	2	2	0	1	NA	NA	NA	NA	NA	NA	NA	2	0	2	2	0	1	NA	NA	NA	2	0	2
6	129577924	129585123	1	1	0	2	d	3	1.24	0	0.05	0.1	2	0	2	NA	NA	NA	NA	NA	NA	NA	NA	NA	NA	1	0	1	1	0	1	NA	NA	NA	1	0	1
6	129585124	129598028	1	1	0	2	d	3	1.24	0	0.05	0.1	NA	NA	NA	NA	NA	NA	NA	NA	NA	NA	NA	NA	NA	1	0	1	1	0	1	NA	NA	NA	1	0	1
6	129598029	129606759	1	1	0	2	d	3	1.24	0	0.05	0.1	NA	NA	NA	NA	NA	NA	NA	NA	NA	NA	NA	NA	NA	1	0	1	1	0	1	NA	NA	NA	1	0	1
6	129606760	170907734	1	1	0	2	d	4	1.24	0	0.0664315728112	0.139789432437	1.180296	0.038522444	1.1417739	1	0	1	NA	NA	NA	NA	NA	NA	NA	1	0	1	1	0	1	NA	NA	NA	1	0	1
7	113633	117266	4	2	2	2	f	2	1.8	1.8	0.05	0.1	NA	NA	NA	NA	NA	NA	NA	NA	NA	NA	NA	NA	NA	NA	NA	NA	NA	NA	NA	NA	NA	NA	4	2	2
7	117267	57999999	4	2	2	2	d	3	1.8	1.8	0.0379256764304	0.316076831369	3.750529	1.875264736	1.8752647	2	1	0.202773080054889	2	2	0.797226919945111	0.00261884734148711	0.00252445315848341	0.193665876944756	0.203636339350841	4	2	2	2	2	1	NA	NA	NA	4	2	2
7	58000000	61699999	4	2	2	2	d	3	NA	NA	NA	NA	3.750529	1.875264736	1.8752647	NA	NA	NA	NA	NA	NA	NA	NA	NA	NA	4	2	2	2	2	1	NA	NA	NA	4	2	2
7	61700000	107556406	4	2	2	2	d	3	1.85	1.85	0.039134561203	0.306928254806	3.789829	1.89491462	1.8949146	2	1	0.240824185207061	2	2	0.759175814792939	0.00343879560457691	0.00344227261366394	0.234257566912147	0.247521728060846	4	2	2	2	2	1	NA	NA	NA	4	2	2
7	107556407	158810008	4	2	2	2	d	3	1.85	1.85	0.0375906159254	0.311033216467	3.665201	1.832600573	1.8326006	2	1	0.161513796308741	2	2	0.838486203691259	0.00330021036316078	0.00326027311267596	0.15405102538129	0.166965747277297	4	2	2	2	2	1	NA	NA	NA	4	2	2
8	10001	196446	4	2	2	2	d	2	1.63	1.63	0.05	0.1	NA	NA	NA	2	1	0.180775179650064	2	2	0.819224820349936	0.00324210672314205	0.0032017916912925	0.174687780755169	0.1868621931135	NA	NA	NA	2	2	1	NA	NA	NA	4	2	2
8	196447	43099999	4	2	2	2	d	3	1.63	1.63	0.0387757623923	0.296233823733	3.724311	1.862155658	1.8621557	2	1	0.180775179650064	2	2	0.819224820349936	0.00324210672314205	0.0032017916912925	0.174687780755169	0.1868621931135	4	2	2	2	2	1	NA	NA	NA	4	2	2
8	43100000	48099999	4	2	2	2	d	4	1.55	1.55	0.0438318174466	0.409202672133	4	2	2	NA	NA	NA	NA	NA	NA	NA	NA	NA	NA	4	2	2	2	2	1	NA	NA	NA	4	2	2
8	48100000	145194964	4	2	2	2	d	4	1.55	1.55	0.0380576582765	0.252437977675	4	2	2	2	1	0.241116879827259	2	2	0.758883120172741	0.00223692307424951	0.00220567306282101	0.236814008426685	0.24540258130126	4	2	2	2	2	1	NA	NA	NA	4	2	2
8	145194965	146364021	3	2	1	2	d	3	1.73	0.85	0.059858536272	0.246770463386	2.84129	0.916183939	1.9251058	2	0	0.0805670713451463	2	1	0.919432928654854	0.0271182770120519	0.0272005201793841	0.00116455850570445	0.109427825784996	3	1	2	2	1	1	NA	NA	NA	3	1	2
9	58706	203936	3	2	1	2	f	2	4	4	0.05	0.1	NA	NA	NA	NA	NA	NA	NA	NA	NA	NA	NA	NA	NA	3	1	2	3	1	0.11568	2	1	0.88432	4	2	2
9	203937	41247288	4	2	2	2	d	4	1.8	1.8	0.0353362627225	0.283792447995	4	2	2	2	1	0.108628435743696	2	2	0.891371564256304	0.0032221254258589	0.00325419682855149	0.0994925946367119	0.112172821645801	4	2	2	2	2	1	NA	NA	NA	4	2	2
9	41247289	47299999	4	2	2	2	e	3	1.8	1.8	0.05	0.462989401184	4	2	2	2	2	1	NA	NA	NA	NA	NA	NA	NA	4	1	3	3	1	1	NA	NA	NA	3	1	2
9	47300000	50699999	4	2	2	2	f	1	1.8	1.8	0.05	0.1	NA	NA	NA	NA	NA	NA	NA	NA	NA	NA	NA	NA	NA	NA	NA	NA	3	1	1	NA	NA	NA	3	1	2
9	50700000	66606741	4	2	2	2	f	1	1.8	1.8	0.05	0.500129880245	NA	NA	NA	NA	NA	NA	NA	NA	NA	NA	NA	NA	NA	NA	NA	NA	3	1	1	NA	NA	NA	3	1	2
9	66606742	69002499	4	2	2	2	e	3	1.8	1.8	0.05	0.469971232807	NA	NA	NA	NA	NA	NA	NA	NA	NA	NA	NA	NA	NA	4	2	2	2	2	0.132961	2	1	0.867039	3	1	2
9	69002500	140826055	3	2	1	2	d	3	1.73	0.92	0.0613933354065	0.24057223243	2.799303	0.999937665	1.7993653	1	1	0.170990079012185	2	1	0.829009920987815	0.00341297215830812	0.0032970785363353	0.176366538952207	0.189020605619545	3	1	2	2	1	1	NA	NA	NA	3	1	2
9	140826056	141068960	2	1	1	2	d	4	NA	NA	NA	NA	2	1	1	1	1	1	NA	NA	NA	NA	NA	NA	NA	2	1	1	1	1	1	NA	NA	NA	3	1	2
10	1	3611414	1	1	0	2	d	5	1.14	0	0.0723656534597	0.237896275431	1	0	1	1	0	1	NA	NA	NA	NA	NA	NA	NA	1	0	1	1	0	1	NA	NA	NA	1	0	1
10	3611415	31324504	2	2	0	2	d	5	1.92	0	0.0454214256255	0.162691723837	2	0	2	2	0	1	NA	NA	NA	NA	NA	NA	NA	2	0	2	2	0	1	NA	NA	NA	2	0	2
10	31324505	37999999	2	2	0	2	d	5	2	0	0.043095485767	0.173603038101	2.122275	0.03462104	2.0876538	2	0	1	NA	NA	NA	NA	NA	NA	NA	2	0	2	2	0	1	NA	NA	NA	2	0	2
10	38000000	42418610	NA	NA	NA	NA	NA	NA	2	0	0.05	0.252189557621	2.254673	0.058167786	2.1965056	NA	NA	NA	NA	NA	NA	NA	NA	NA	NA	2	0	2	2	0	1	NA	NA	NA	2	0	2
10	42418611	135389924	1	1	0	2	d	4	1.18	0	0.0689884417972	0.136256838081	1.139681	0.032628335	1.1070524	1	0	1	NA	NA	NA	NA	NA	NA	NA	1	0	1	1	0	1	NA	NA	NA	1	0	1
11	20721	205197	3	2	1	2	d	2	2	0.92	0.05	0.1	NA	NA	NA	2	1	1	NA	NA	NA	NA	NA	NA	NA	NA	NA	NA	2	0	0.169834	2	1	0.830166	3	1	2
11	205198	1386641	3	2	1	2	e	5	2	0.92	0.0578606349126	0.270663404618	2.815247	0.82835351	1.9868931	2	0	0.179929560664244	2	1	0.820070439335756	0.0130199842120501	0.0128024738332792	0.144398680597887	0.193568520949066	NA	NA	NA	2	0	0.169834	2	1	0.830166	3	1	2
11	1386642	1903191	2	1	1	2	d	2	1	1	0.0656864289209	0.154275059835	1.887707	0.826787986	1.0609189	1	0	0.170826286749007	1	1	0.829173713250993	0.0213905845769196	0.0215010908582479	0.139743656043131	0.225666323208509	NA	NA	NA	1	0	0.283059	1	1	0.716941	2	1	1
11	1903192	30002705	3	2	1	2	d	2	2	0.85	0.061351043186	0.253429025676	2.962686	0.878872042	2.083814	2	0	0.175923497559984	2	1	0.824076502440016	0.00220259595553743	0.00225664862655132	0.171355290611459	0.180220512756025	3	1	2	2	0	0.171713	2	1	0.828287	3	1	2
11	30002706	40603920	3	2	1	2	d	2	2	0.85	0.0608806654575	0.230672804919	2.989995	0.874990424	2.1150048	2	0	0.175923497559984	2	1	0.824076502440016	0.00220259595553743	0.00225664862655132	0.171355290611459	0.180220512756025	3	1	2	2	0	0.181105	2	1	0.818895	3	1	2
11	40603921	40765846	2	1	1	2	d	4	1	1	0.0486547239906	0.127048968985	2.006654	0.868311162	1.1383431	1	0	0.237258731595839	1	1	0.762741268404161	0.0259349713896253	0.0257037178820905	0.185011345364192	0.28825790086006	2	1	1	1	1	1	NA	NA	NA	2	1	1
11	40765847	51237500	3	2	1	2	d	2	2	0.85	0.0587273057847	0.2870233842	3.004997	0.882437755	2.1225591	2	0	0.20063007927239	2	1	0.79936992072761	0.00486613313598597	0.00499510965381614	0.171619026244728	0.191419115945413	3	1	2	3	1	0.388546	2	1	0.611454	3	1	2
11	51237501	55699999	NA	NA	NA	NA	NA	NA	1.92	1.92	0.05	0.596792484647	4	2	2	NA	NA	NA	NA	NA	NA	NA	NA	NA	NA	4	2	2	2	2	1	NA	NA	NA	3	1	2
11	55700000	62845010	4	2	2	2	d	3	1.92	1.92	0.0404086247426	0.29370451649	3.848711	1.924355415	1.9243554	2	1	0.285149643827189	2	2	0.714850356172811	0.00947156681282041	0.0095264249190185	0.255368575956272	0.293544339468882	4	2	2	2	2	1	NA	NA	NA	4	2	2
11	62845011	79007834	3	2	1	2	d	2	1.73	1	0.0632217554307	0.221225193037	2.754198	1.019942074	1.7342559	1	1	0.267887342504265	2	1	0.732112657495735	0.00847803169837028	0.0083424249213751	0.283942630176006	0.31561741621123	3	1	2	2	1	0.720086	1	1	0.279914	3	1	2
11	79007835	79341190	2	1	1	2	d	2	1.73	1	0.0533660269223	0.213306675143	2.431139	0.883463149	1.5476755	1	1	0.313887654478381	2	1	0.686112345521619	0.0387614725752345	0.0402172669600239	0.161909327676189	0.32324531604246	2	1	1	2	1	0.741853	1	1	0.258147	2	1	1
11	79341191	80081776	2	1	1	2	d	2	1.24	0.85	0.0501986603315	0.158384324865	2.167908	0.883987082	1.2839209	1	1	0.575719521396929	2	1	0.424280478603071	0.0311838889458109	0.0319047512184713	0.514399054014116	0.637728044858216	2	1	1	2	1	0.482176	1	1	0.517824	2	1	1
11	80081777	80136354	2	1	1	2	d	2	1.24	0.85	0.05	0.1	2.167908	0.883987082	1.2839209	1	1	0.575719521396929	2	1	0.424280478603071	0.0311838889458109	0.0319047512184713	0.514399054014116	0.637728044858216	2	1	1	2	1	0.478131	1	1	0.521869	2	1	1
11	80136355	81532814	3	2	1	2	d	3	1.63	0.77	0.0603697897296	0.197946506943	2.554613	0.864356262	1.6902563	2	1	1	NA	NA	NA	NA	NA	NA	NA	3	1	2	2	1	1	NA	NA	NA	2	1	1
11	81532815	127662499	3	2	1	2	d	4	1.73	0.85	0.0636768017239	0.212908836076	2.583467	0.840861798	1.7426048	2	1	1	NA	NA	NA	NA	NA	NA	NA	3	1	2	2	1	1	NA	NA	NA	3	1	2
11	127662500	127744905	3	2	1	2	d	2	1.63	1.63	0.0388426007165	0.120115340784	3.287648	1.643824159	1.6438242	2	1	0.240126015854479	2	2	0.759873984145521	0.0753726518017011	0.0732164342823221	0.0859120901550697	0.371239968952415	3	1	2	2	2	0.678674	2	1	0.321326	3	1	2
11	127744906	127901315	3	2	1	2	d	2	1.85	0.77	0.0566375233869	0.183898737057	2.578909	0.79905663	1.7798523	2	0	0.119077847472754	2	1	0.880922152527246	0.0291603436131762	0.0294439282239119	0.0567495603812358	0.173481333619313	3	1	2	2	1	1	NA	NA	NA	2	1	1
11	127901316	130766662	2	1	1	2	d	2	1.73	0.85	0.0635304540819	0.220100418474	2.394517	0.805729843	1.5887875	2	1	1	NA	NA	NA	NA	NA	NA	NA	2	1	1	2	1	0.949481	1	1	0.050519	2	1	1
11	130766663	134532617	2	1	1	2	d	2	1.63	0.85	0.0658098611737	0.214950260949	2.383937	0.808339156	1.5755977	2	1	1	NA	NA	NA	NA	NA	NA	NA	2	1	1	2	1	0.934378	1	1	0.0656222	2	1	1
11	134532618	134571256	2	1	1	1	g	NA	NA	NA	NA	NA	2.140665	0.794129486	1.3465355	1	0	0.463164300895621	1	1	0.536835699104379	0.0165822283306316	0.0164740278508572	0.430692107403791	0.494414103897029	2	1	1	2	1	0.726499	1	1	0.273501	1	0	1
12	110107	1455127	3	2	1	2	d	5	2.08	1	0.0699519193212	0.437612185813	3	1	2	2	1	1	NA	NA	NA	NA	NA	NA	NA	3	1	2	2	1	1	NA	NA	NA	3	1	2
12	1455128	33299999	4	2	2	2	d	4	1.92	1.92	0.0369003444494	0.331802164207	4	2	2	2	1	0.186747501524273	2	2	0.813252498475727	0.00370152511937574	0.00368338749245633	0.179428588346399	0.19362159369532	4	2	2	2	2	1	NA	NA	NA	4	2	2
12	33300000	38199999	NA	NA	NA	NA	NA	NA	1.92	1.92	0.0397412262388	0.586669150876	4	2	2	NA	NA	NA	NA	NA	NA	NA	NA	NA	NA	4	2	2	2	2	1	NA	NA	NA	3	1	2
12	38200000	53159940	3	2	1	2	d	4	2	1	0.0574263131826	0.244664093483	3.11543	0.991789416	2.1236404	2	1	0.863835736064774	3	1	0.136164263935226	0.00821395911803913	0.00856016684748014	0.847436052094467	0.880316363183463	3	1	2	2	1	1	NA	NA	NA	3	1	2
12	53159941	54920002	4	2	2	2	d	5	2	2	0.0442164188107	0.288662192752	4	2	2	2	1	0.116984469262437	2	2	0.883015530737563	0.0198683316924401	0.0196594927487973	0.0810788817359222	0.16076922655212	4	2	2	2	2	1	NA	NA	NA	4	2	2
12	54920003	89770499	3	2	1	2	d	3	2	0.92	0.0562255685656	0.228371737176	3.082527	0.973322055	2.1092048	2	0	0.101267589953293	2	1	0.898732410046707	0.00249118180413339	0.00250818422947002	0.086395558322192	0.0962574506769742	3	1	2	2	1	1	NA	NA	NA	3	1	2
12	89770500	132349400	2	1	1	2	d	5	1	1	0.0507416073129	0.170069235079	2	1	1	1	0	0.115051660242498	1	1	0.884948339757502	0.00247037849187652	0.00249199187097694	0.110239082144159	0.11986782179634	2	1	1	1	1	1	NA	NA	NA	2	1	1
12	132349401	133428130	2	1	1	2	d	2	NA	NA	NA	NA	1.897448	0.948723891	0.9487239	1	0	0.115051660242498	1	1	0.884948339757502	0.00247037849187652	0.00249199187097694	0.110239082144159	0.11986782179634	1	0	1	1	1	1	NA	NA	NA	2	1	1
13	1	16299999	2	2	0	1	h	1	NA	NA	NA	NA	NA	NA	NA	NA	NA	NA	NA	NA	NA	NA	NA	NA	NA	NA	NA	NA	NA	NA	NA	NA	NA	NA	2	0	2
13	16300000	19499999	2	2	0	2	d	4	2	0	0.05	0.541330592303	NA	NA	NA	2	0	1	NA	NA	NA	NA	NA	NA	NA	NA	NA	NA	2	0	1	NA	NA	NA	2	0	2
13	19500000	65461698	2	2	0	2	d	4	2.08	0	0.0421426401096	0.197575652573	2.209722	0.038773594	2.1709482	2	0	1	NA	NA	NA	NA	NA	NA	NA	2	0	2	2	0	1	NA	NA	NA	2	0	2
13	65461699	65466728	2	2	0	2	d	3	2.08	0	0.05	0.1	2.209722	0.038773594	2.1709482	2	0	1	NA	NA	NA	NA	NA	NA	NA	NA	NA	NA	2	0	1	NA	NA	NA	2	0	2
13	65466729	114142800	2	2	0	3	a	6	2	0	0.0452824109307	0.177567534939	2	0	2	2	0	1	NA	NA	NA	NA	NA	NA	NA	2	0	2	2	0	1	NA	NA	NA	2	0	2
13	114142801	115169877	2	2	0	3	b	5	NA	NA	NA	NA	2	0	2	2	0	1	NA	NA	NA	NA	NA	NA	NA	2	0	2	2	0	1	NA	NA	NA	2	0	2
14	1	16099999	4	2	2	1	h	1	NA	NA	NA	NA	NA	NA	NA	NA	NA	NA	NA	NA	NA	NA	NA	NA	NA	NA	NA	NA	NA	NA	NA	NA	NA	NA	4	2	2
14	16100000	19099999	NA	NA	NA	NA	NA	NA	NA	NA	NA	NA	NA	NA	NA	NA	NA	NA	NA	NA	NA	NA	NA	NA	NA	NA	NA	NA	3	1	1	NA	NA	NA	4	2	2
14	19100000	67740521	4	2	2	2	d	5	1.85	1.85	0.0346255374002	0.288235800724	4	2	2	2	2	1	NA	NA	NA	NA	NA	NA	NA	4	2	2	2	2	1	NA	NA	NA	4	2	2
14	67740522	67780688	4	2	2	2	d	3	1.85	1.85	0.05	0.1	4	2	2	2	1	0.11127790978622	2	2	0.88872209021378	0.00710051858007755	0.00728246795578321	0.102608933971982	0.131584907502611	NA	NA	NA	2	2	1	NA	NA	NA	4	2	2
14	67780689	79687507	4	2	2	2	d	3	1.85	1.85	0.035847721871	0.284235639663	3.833706	1.916852866	1.9168529	2	1	0.11127790978622	2	2	0.88872209021378	0.00710051858007755	0.00728246795578321	0.102608933971982	0.131584907502611	4	2	2	2	2	1	NA	NA	NA	4	2	2
14	79687508	79892029	2	2	0	2	d	5	2	0	0.05	0.187519023679	2.122062	0.044562984	2.077499	2	0	1	NA	NA	NA	NA	NA	NA	NA	2	0	2	2	0	1	NA	NA	NA	2	0	2
14	79892030	106368400	4	2	2	2	d	3	1.85	1.85	0.0377626467015	0.301905219161	3.836272	1.918136156	1.9181362	2	1	0.101386540027443	2	2	0.898613459972557	0.00451422058935045	0.00449140900606543	0.0930748166256922	0.110640996204496	4	2	2	2	2	1	NA	NA	NA	4	2	2
15	1	15799999	4	2	2	1	h	1	NA	NA	NA	NA	NA	NA	NA	NA	NA	NA	NA	NA	NA	NA	NA	NA	NA	NA	NA	NA	NA	NA	NA	NA	NA	NA	4	2	2
15	15800000	20699999	4	2	2	2	f	2	1.85	1.85	0.05	0.533504874173	NA	NA	NA	2	1	0.127973474054971	2	2	0.872026525945028	0.00343454948839158	0.00348995013164958	0.120864189339582	0.13477122733199	NA	NA	NA	3	1	1	NA	NA	NA	4	2	2
15	20700000	76495710	4	2	2	2	d	4	1.85	1.85	0.0363721837806	0.327397980673	4	2	2	2	1	0.127973474054971	2	2	0.872026525945028	0.00343454948839158	0.00348995013164958	0.120864189339582	0.13477122733199	4	2	2	2	2	1	NA	NA	NA	4	2	2
15	76495711	100338800	4	2	2	2	d	4	1.85	1.85	0.0372360665155	0.284877692616	4	2	2	2	1	0.142574821913599	2	2	0.857425178086401	0.00440079560264985	0.00437168506948556	0.132232681215856	0.149423778883753	4	2	2	2	2	1	NA	NA	NA	4	2	2
15	100338801	102397824	4	2	2	2	d	4	NA	NA	NA	NA	4	2	2	2	1	0.0912478860247003	2	2	0.9087521139753	0.0175784541803415	0.0177775859785948	0.051303853107602	0.121213831568877	4	2	2	2	2	1	NA	NA	NA	4	2	2
16	94080	33437499	3	2	1	2	d	2	2	0.63	0.0618708416657	0.274756159556	2.841814	0.746215024	2.0955988	2	0	0.316075279202426	2	1	0.683924720797574	0.00234462457709264	0.00226650680388084	0.304071953601711	0.312868473263684	3	1	2	2	0	0.299974	2	1	0.700026	3	1	2
16	33437500	34599999	2	2	0	1	g	NA	2	0.63	0.05	0.307279179794	2.841814	0.746215024	2.0955988	2	0	1	NA	NA	NA	NA	NA	NA	NA	2	0	2	3	0	1	NA	NA	NA	3	1	2
16	34600000	38599999	2	2	0	2	d	3	NA	NA	NA	NA	NA	NA	NA	2	0	1	NA	NA	NA	NA	NA	NA	NA	2	0	2	2	0	1	NA	NA	NA	3	1	2
16	38600000	46447499	2	2	0	1	h	1	NA	NA	NA	NA	NA	NA	NA	NA	NA	NA	NA	NA	NA	NA	NA	NA	NA	NA	NA	NA	2	0	1	NA	NA	NA	3	1	2
16	46447500	55795236	2	2	0	2	d	5	2	0	0.0458161107592	0.177285376537	2.166972	0.039681116	2.1272911	2	0	1	NA	NA	NA	NA	NA	NA	NA	2	0	2	2	0	1	NA	NA	NA	2	0	2
16	55795237	55865187	2	2	0	2	d	3	NA	NA	NA	NA	2.166972	0.039681116	2.1272911	2	0	1	NA	NA	NA	NA	NA	NA	NA	3	0	3	2	0	1	NA	NA	NA	2	0	2
16	55865188	58924675	2	2	0	2	d	4	2.08	0	0.0456996707608	0.175922438881	2.124344	0.034855246	2.0894885	2	0	1	NA	NA	NA	NA	NA	NA	NA	2	0	2	2	0	1	NA	NA	NA	2	0	2
16	58924676	73599562	1	1	0	2	d	5	1	0	0.0667367620995	0.111392151299	1.176557	0.039213359	1.1373435	1	0	1	NA	NA	NA	NA	NA	NA	NA	1	0	1	1	0	1	NA	NA	NA	1	0	1
16	73599563	73621198	2	2	0	2	d	4	2	0	0.05	0.1	1.176557	0.039213359	1.1373435	4	0	1	NA	NA	NA	NA	NA	NA	NA	2	0	2	2	0	1	NA	NA	NA	2	0	2
16	73621199	88827200	1	1	0	2	d	5	1	0	0.0715365876091	0.125457669982	1.155529	0.031913932	1.1236152	1	0	1	NA	NA	NA	NA	NA	NA	NA	1	0	1	1	0	1	NA	NA	NA	1	0	1
16	88827201	90144305	1	1	0	2	d	4	NA	NA	NA	NA	1.102676	0.031326644	1.0713496	1	0	1	NA	NA	NA	NA	NA	NA	NA	1	0	1	1	0	1	NA	NA	NA	1	0	1
17	12500	199960	1	1	0	2	d	3	1.46	0	0.0795999211058	0.1999107562	1.155475	0.040926394	1.1145485	1	0	0.799905038105208	2	0	0.200094961894792	0.0654941445829715	0.0628915755454453	0.701314649045362	0.951195814954015	1	0	1	1	0	1	NA	NA	NA	1	0	1
17	199961	22199999	2	2	0	2	d	4	2.08	0	0.0441584393368	0.199228224167	2.225954	0.033916274	2.1920375	2	0	1	NA	NA	NA	NA	NA	NA	NA	2	0	2	2	0	1	NA	NA	NA	2	0	2
17	22200000	25799999	2	2	0	2	d	3	2.08	0	0.0354333539641	0.511433796144	2.256142	0.024571795	2.2315706	NA	NA	NA	NA	NA	NA	NA	NA	NA	NA	2	0	2	2	0	1	NA	NA	NA	2	0	2
17	25800000	43650002	2	2	0	2	d	4	2.08	0	0.0458901936535	0.324105790053	2.220155	0.039932871	2.1802225	2	0	1	NA	NA	NA	NA	NA	NA	NA	2	0	2	2	0	1	NA	NA	NA	2	0	2
17	43650003	44212499	2	2	0	2	d	4	2.08	0	0.0520077973081	0.2227542553	2.227991	0.040803523	2.1871877	2	0	1	NA	NA	NA	NA	NA	NA	NA	2	0	2	2	0	1	NA	NA	NA	2	0	2
17	44212500	44250319	2	2	0	2	f	3	1	1	0.05	0.1	2.835145	0.088576228	2.7465688	2	0	1	NA	NA	NA	NA	NA	NA	NA	1	0	1	3	0	1	NA	NA	NA	2	0	2
17	44250320	44352499	2	2	0	2	f	3	3	0	0.05	0.255408726677	2.84701	0.020503935	2.8265058	2	0	1	NA	NA	NA	NA	NA	NA	NA	NA	NA	NA	3	0	1	NA	NA	NA	2	0	2
17	44352500	78774600	2	2	0	2	d	4	2.08	0	0.0430672954843	0.189505821096	2.238146	0.036336255	2.2018094	2	0	1	NA	NA	NA	NA	NA	NA	NA	2	0	2	2	0	1	NA	NA	NA	2	0	2
17	78774601	81012639	2	2	0	2	d	4	NA	NA	NA	NA	2.135994	0.030581589	2.1054122	2	0	1	NA	NA	NA	NA	NA	NA	NA	2	0	2	2	0	1	NA	NA	NA	2	0	2
18	27500	80030	4	2	2	2	d	3	1.73	1.73	0.05	0.1	NA	NA	NA	NA	NA	NA	NA	NA	NA	NA	NA	NA	NA	4	2	2	2	2	1	NA	NA	NA	4	2	2
18	80031	15399999	4	2	2	2	d	3	1.73	1.73	0.0376202518452	0.284283618737	3.659975	1.829987252	1.8299873	2	1	0.15207981004117	2	2	0.84792018995883	0.00595133623671905	0.00622296152296313	0.134262417791885	0.15921213502235	4	2	2	2	2	1	NA	NA	NA	4	2	2
18	15400000	18999999	4	2	2	2	d	3	1.63	1.63	0.05	0.264636428958	3.710195	1.855097305	1.8550973	2	1	0.146961858590257	2	2	0.853038141409743	0.00311753144236042	0.00315059995404414	0.141041987199174	0.15313115854568	4	2	2	2	2	1	NA	NA	NA	4	2	2
18	19000000	76117000	4	2	2	2	d	3	1.73	1.73	0.0363694815419	0.269754512355	3.724656	1.862327776	1.8623278	2	1	0.146961858590257	2	2	0.853038141409743	0.00311753144236042	0.00315059995404414	0.141041987199174	0.15313115854568	4	2	2	2	2	1	NA	NA	NA	4	2	2
18	76117001	77693599	4	2	2	2	d	3	NA	NA	NA	NA	3.572147	1.786073403	1.7860734	2	1	0.228119715061751	2	2	0.771880284938249	0.0161810896127983	0.0163374256840815	0.187472927135053	0.25227281303647	4	2	2	2	2	1	NA	NA	NA	4	2	2
19	102500	256858	3	2	1	2	d	2	NA	NA	NA	NA	NA	NA	NA	2	1	0.799460334067879	3	1	0.200539665932121	0.00682723244895606	0.00683572041959249	0.786012391654863	0.813036730778965	NA	NA	NA	2	1	1	NA	NA	NA	3	1	2
19	256859	20559957	3	2	1	2	d	3	2.08	1	0.0626724631501	0.268145427883	3.182374	1.004762674	2.1776108	2	1	0.799460334067879	3	1	0.200539665932121	0.00682723244895606	0.00683572041959249	0.786012391654863	0.813036730778965	3	1	2	2	1	1	NA	NA	NA	3	1	2
19	20559958	24399999	3	2	1	2	d	3	2.08	1	0.0585899956938	0.277145503994	3.277575	1.037331652	2.2402434	2	1	0.799460334067879	3	1	0.200539665932121	0.00682723244895606	0.00683572041959249	0.786012391654863	0.813036730778965	3	1	2	2	1	1	NA	NA	NA	3	1	2
19	24400000	28599999	3	2	1	2	d	2	1	1	0.0411557431637	0.319274760681	3.480296	1.553786422	1.9265093	NA	NA	NA	NA	NA	NA	NA	NA	NA	NA	3	1	2	2	2	0.61608	2	1	0.38392	3	1	2
19	28600000	58922436	3	2	1	2	d	2	1.63	1	0.0532772518081	0.347981907483	3.096674	1.360665429	1.7360089	2	1	0.456239430123511	2	2	0.543760569876489	0.00461691327929539	0.00466953169169865	0.446258093361279	0.464171196330507	3	1	2	2	2	0.518176	2	1	0.481824	3	1	2
20	32079	14767961	4	2	2	2	d	4	2	2	0.0365440003121	0.292456807224	4	2	2	NA	NA	NA	NA	NA	NA	NA	NA	NA	NA	4	2	2	2	2	1	NA	NA	NA	NA	NA	NA
20	14767962	14768004	4	2	2	2	d	2	NA	NA	NA	NA	4	2	2	NA	NA	NA	NA	NA	NA	NA	NA	NA	NA	NA	NA	NA	2	2	1	NA	NA	NA	NA	NA	NA
20	14768005	16342341	3	2	1	2	e	4	2	1.35	0.0525551125646	0.254472165633	3.347902	1.314733523	2.0331682	NA	NA	NA	NA	NA	NA	NA	NA	NA	NA	3	1	2	2	2	0.286172	2	1	0.713828	NA	NA	NA
20	16342342	16342408	4	2	2	2	f	2	2	1.35	0.05	0.1	3.347902	1.314733523	2.0331682	NA	NA	NA	NA	NA	NA	NA	NA	NA	NA	NA	NA	NA	2	2	0.286172	2	1	0.713828	NA	NA	NA
20	16342409	16345994	4	2	2	2	f	2	2	1.35	0.05	0.1	NA	NA	NA	NA	NA	NA	NA	NA	NA	NA	NA	NA	NA	NA	NA	NA	2	2	0.286172	2	1	0.713828	NA	NA	NA
20	16345995	16346416	4	2	2	2	f	2	2	1.35	0.05	0.1	NA	NA	NA	NA	NA	NA	NA	NA	NA	NA	NA	NA	NA	1	0	1	2	2	1	NA	NA	NA	NA	NA	NA
20	16346417	16346459	4	2	2	2	f	2	2	1.35	0.05	0.1	NA	NA	NA	NA	NA	NA	NA	NA	NA	NA	NA	NA	NA	NA	NA	NA	2	2	1	NA	NA	NA	NA	NA	NA
20	16346460	16376102	4	2	2	2	f	2	2	1.35	0.05	0.1	NA	NA	NA	NA	NA	NA	NA	NA	NA	NA	NA	NA	NA	3	1	2	2	2	1	NA	NA	NA	NA	NA	NA
20	16376103	16380285	4	2	2	2	d	2	NA	NA	NA	NA	NA	NA	NA	NA	NA	NA	NA	NA	NA	NA	NA	NA	NA	NA	NA	NA	2	2	1	NA	NA	NA	4	2	2
20	16380286	25599999	4	2	2	3	a	6	2	2	0.036564503842	0.298955110359	4	2	2	2	2	1	NA	NA	NA	NA	NA	NA	NA	4	2	2	2	2	1	NA	NA	NA	4	2	2
20	25600000	29399999	4	2	2	3	a	6	2	2	0.0269079982993	0.682728801471	4	2	2	2	2	1	NA	NA	NA	NA	NA	NA	NA	4	2	2	2	2	1	NA	NA	NA	4	2	2
20	29400000	33545002	4	2	2	3	a	6	2	2	0.0355079102441	0.316703120944	4	2	2	2	2	1	NA	NA	NA	NA	NA	NA	NA	4	2	2	2	2	1	NA	NA	NA	4	2	2
20	33545003	62432500	3	2	1	3	a	6	2	1	0.0611956732656	0.234857767086	3	1	2	2	1	1	NA	NA	NA	NA	NA	NA	NA	3	1	2	2	1	1	NA	NA	NA	3	1	2
21	1	10899999	NA	NA	NA	NA	NA	NA	NA	NA	NA	NA	NA	NA	NA	NA	NA	NA	NA	NA	NA	NA	NA	NA	NA	NA	NA	NA	2	0	0.270547	2	1	0.729453	NA	NA	NA
21	10900000	14338201	NA	NA	NA	NA	NA	NA	NA	NA	NA	NA	NA	NA	NA	NA	NA	NA	NA	NA	NA	NA	NA	NA	NA	NA	NA	NA	2	0	0.270547	2	1	0.729453	NA	NA	NA
21	14338202	15280651	2	2	0	2	d	2	2	0	0.05	0.766924713312	NA	NA	NA	NA	NA	NA	NA	NA	NA	NA	NA	NA	NA	2	0	2	NA	NA	NA	NA	NA	NA	NA	NA	NA
21	15280652	42561844	2	2	0	3	b	5	2	0	0.0456670176511	0.175284020235	2	0	2	2	0	1	NA	NA	NA	NA	NA	NA	NA	2	0	2	2	0	1	NA	NA	NA	NA	NA	NA
21	42561845	42664019	3	3	0	2	d	4	2	0	0.05	0.216180300917	2	0	2	3	0	1	NA	NA	NA	NA	NA	NA	NA	3	0	3	3	0	1	NA	NA	NA	3	0	3
21	42664020	47561652	2	2	0	2	d	5	2	0	0.0507009755703	0.186526935028	1.928692	0.034218337	1.8944733	2	0	1	NA	NA	NA	NA	NA	NA	NA	2	0	2	2	0	1	NA	NA	NA	2	0	2
21	47561653	47598041	0	0	0	2	d	2	NA	NA	NA	NA	1.928692	0.034218337	1.8944733	0	0	1	NA	NA	NA	NA	NA	NA	NA	1	0	1	2	0	0.5	1	0	0.5	0	0	0
22	1	12199999	4	2	2	1	h	1	NA	NA	NA	NA	NA	NA	NA	NA	NA	NA	NA	NA	NA	NA	NA	NA	NA	NA	NA	NA	NA	NA	NA	NA	NA	NA	4	2	2
22	12200000	17899999	4	2	2	2	d	5	1.85	1.85	0.0343756123682	0.424282516857	4	2	2	2	2	1	NA	NA	NA	NA	NA	NA	NA	4	2	2	2	2	1	NA	NA	NA	4	2	2
22	17900000	49687500	4	2	2	2	d	4	1.85	1.85	0.0402887549648	0.307681269815	3.860734	1.930367247	1.9303672	2	2	1	NA	NA	NA	NA	NA	NA	NA	4	2	2	2	2	1	NA	NA	NA	4	2	2
22	49687501	51304565	4	2	2	2	d	4	NA	NA	NA	NA	3.655419	1.827709467	1.8277095	2	2	1	NA	NA	NA	NA	NA	NA	NA	4	2	2	2	2	1	NA	NA	NA	4	2	2
X	1	58099999	2	2	0	1	g	NA	1	0	0.0555869270434	0.319076284251	2.143457	0	2.143457	NA	NA	NA	NA	NA	NA	NA	NA	NA	NA	2	0	2	NA	NA	NA	NA	NA	NA	3	0	3
X	58100000	62999999	2	2	0	1	g	NA	1	0	0.05	0.550071964703	2.213016	0	2.213016	NA	NA	NA	NA	NA	NA	NA	NA	NA	NA	2	0	2	NA	NA	NA	NA	NA	NA	3	0	3
X	63000000	155270559	2	2	0	1	g	NA	1	0	0.05	0.242910824398	2.15721	0	2.15721	NA	NA	NA	NA	NA	NA	NA	NA	NA	NA	2	0	2	NA	NA	NA	NA	NA	NA	3	0	3
Y	1	11599999	0	0	0	1	h	1	NA	NA	NA	NA	0.10184	0	0.10184	NA	NA	NA	NA	NA	NA	NA	NA	NA	NA	NA	NA	NA	NA	NA	NA	NA	NA	NA	3	0	3
Y	11600000	13399999	0	0	0	1	h	1	NA	NA	NA	NA	0.349865	0	0.349865	NA	NA	NA	NA	NA	NA	NA	NA	NA	NA	NA	NA	NA	NA	NA	NA	NA	NA	NA	3	0	3
Y	13400000	59373565	0	0	0	1	h	1	NA	NA	NA	NA	0.159084	0	0.159084	NA	NA	NA	NA	NA	NA	NA	NA	NA	NA	NA	NA	NA	NA	NA	NA	NA	NA	NA	3	0	3
