chromosome	start	end	total_cn	major_cn	minor_cn	star	level	methods_agree	absolute_broad_major_cn	absolute_broad_minor_cn	absolute_broad_het_error	absolute_broad_cov_error	aceseq_copy_number	aceseq_minor_cn	aceseq_major_cn	battenberg_nMaj1_A	battenberg_nMin1_A	battenberg_frac1_A	battenberg_nMaj2_A	battenberg_nMin2_A	battenberg_frac2_A	battenberg_SDfrac_A	battenberg_SDfrac_A_BS	battenberg_frac1_A_0.025	battenberg_frac1_A_0.975	clonehd_copy_number	clonehd_minor_cn	clonehd_major_cn	sclust_nMaj1_A	sclust_nMin1_A	sclust_frac1_A	sclust_nMaj2_A	sclust_nMin2_A	sclust_frac2_A	jabba_copy_number	jabba_minor_cn	jabba_major_cn
1	1	796726	2	1	1	2	d	3	1	1	0.05	0.407668454893	NA	NA	NA	1	1	0.671709213152637	2	1	0.328290786847363	NA	0	0.671709213152637	0.671709213152637	NA	NA	NA	1	1	1	NA	NA	NA	2	1	1
1	796727	17027420	2	1	1	3	a	6	1	1	0.0350479570551	0.1535430023	2	1	1	1	1	1	NA	NA	NA	NA	NA	NA	NA	2	1	1	1	1	1	NA	NA	NA	2	1	1
1	17027421	17216367	2	1	1	2	d	3	NA	NA	NA	NA	2	1	1	1	1	1	NA	NA	NA	NA	NA	NA	NA	NA	NA	NA	2	0	1	NA	NA	NA	2	1	1
1	17216368	42031403	2	1	1	3	a	6	1	1	0.0375853764999	0.132359664605	2	1	1	1	1	1	NA	NA	NA	NA	NA	NA	NA	2	1	1	1	1	1	NA	NA	NA	2	1	1
1	42031404	42032338	2	1	1	3	b	5	1	1	0.05	0.1	2	1	1	1	1	1	NA	NA	NA	NA	NA	NA	NA	NA	NA	NA	1	1	1	NA	NA	NA	2	1	1
1	42032339	97999810	2	1	1	3	a	6	1	1	0.0401176433249	0.147494730038	2	1	1	1	1	1	NA	NA	NA	NA	NA	NA	NA	2	1	1	1	1	1	NA	NA	NA	2	1	1
1	97999811	98337897	1	1	0	2	d	4	1	0	0.0670474345388	0.135101806678	1.19735	0.094072517	1.10327753	1	0	1	NA	NA	NA	NA	NA	NA	NA	NA	NA	NA	1	0	1	NA	NA	NA	1	0	1
1	98337898	121499999	2	1	1	3	a	6	1	1	0.0420221176662	0.153517031366	2	1	1	1	1	1	NA	NA	NA	NA	NA	NA	NA	2	1	1	1	1	1	NA	NA	NA	2	1	1
1	121500000	128899999	2	1	1	2	d	4	1	1	0.05	0.1	2	1	1	NA	NA	NA	NA	NA	NA	NA	NA	NA	NA	1	0	1	1	1	1	NA	NA	NA	2	1	1
1	128900000	143543402	2	1	1	2	d	3	1	1	0.05	0.384172660183	NA	NA	NA	NA	NA	NA	NA	NA	NA	NA	NA	NA	NA	1	0	1	1	1	1	NA	NA	NA	2	1	1
1	143543403	143752499	2	1	1	2	d	3	1	1	0.05	0.1	NA	NA	NA	NA	NA	NA	NA	NA	NA	NA	NA	NA	NA	NA	NA	NA	1	1	1	NA	NA	NA	2	1	1
1	143752500	146956506	2	1	1	2	d	5	1	1	0.0398619191444	0.215332860195	2	1	1	1	0	0.138313240616396	1	1	0.861686759383604	0.0208533421532917	0.0209845920816518	0.0955189988984402	0.178673365548154	2	1	1	1	1	1	NA	NA	NA	2	1	1
1	146956507	146956645	2	1	1	2	d	4	1	1	0.05	0.1	2	1	1	1	0	0.138313240616396	1	1	0.861686759383604	0.0208533421532917	0.0209845920816518	0.0955189988984402	0.178673365548154	NA	NA	NA	1	1	1	NA	NA	NA	2	1	1
1	146956646	146977886	2	1	1	2	d	4	1	1	0.05	0.1	NA	NA	NA	1	0	0.138313240616396	1	1	0.861686759383604	0.0208533421532917	0.0209845920816518	0.0955189988984402	0.178673365548154	2	1	1	1	1	1	NA	NA	NA	2	1	1
1	146977887	146977928	2	1	1	1	g	NA	1	0	0.05	0.1	NA	NA	NA	NA	NA	NA	NA	NA	NA	NA	NA	NA	NA	1	0	1	1	1	1	NA	NA	NA	2	1	1
1	146977929	147065309	1	1	0	2	d	5	1	0	0.05	0.0856842897074	1	0	1	0	0	0.190618762475049	1	0	0.809381237524951	0.0976250400921624	0.0953462714618672	0.0287313529658049	0.408641931585997	1	0	1	1	0	1	NA	NA	NA	1	0	1
1	147065310	148955800	2	1	1	2	d	4	1	1	0.0429704982797	0.232274083648	1.895456	0.947728091	0.94772809	1	0	0.168581755408101	1	1	0.831418244591899	0.0427303937727329	0.0436360940392805	0.0983171243411902	0.273277821354147	2	1	1	1	1	1	NA	NA	NA	2	1	1
1	148955801	149605742	2	1	1	2	d	3	1	1	0.05	0.145366977533	1.895456	0.947728091	0.94772809	1	0	1	NA	NA	NA	NA	NA	NA	NA	1	0	1	1	1	1	NA	NA	NA	2	1	1
1	149605743	154050763	2	1	1	2	d	4	0.84	0.84	0.0437720770217	0.11838013121	2	1	1	1	0	0.101104603509984	1	1	0.898895396490016	0.00426676622222008	0.004294856584306	0.0923221881110383	0.10916355161821	2	1	1	1	1	1	NA	NA	NA	2	1	1
1	154050764	154053716	2	1	1	2	d	3	0.84	0.84	0.05	0.1	2	1	1	1	0	0.101104603509984	1	1	0.898895396490016	0.00426676622222008	0.004294856584306	0.0923221881110383	0.10916355161821	NA	NA	NA	1	1	1	NA	NA	NA	2	1	1
1	154053717	174230129	2	1	1	2	d	4	0.84	0.84	0.0411202673701	0.134875108177	2	1	1	1	0	0.101104603509984	1	1	0.898895396490016	0.00426676622222008	0.004294856584306	0.0923221881110383	0.10916355161821	2	1	1	1	1	1	NA	NA	NA	2	1	1
1	174230130	174367646	2	1	1	2	d	3	0.84	0.84	0.05	0.120837266585	2.317517	1.158758331	1.15875833	1	0	0.101104603509984	1	1	0.898895396490016	0.00426676622222008	0.004294856584306	0.0923221881110383	0.10916355161821	2	1	1	1	1	1	NA	NA	NA	2	1	1
1	174367647	189428401	2	1	1	2	d	4	0.84	0.84	0.042660294462	0.127761179286	2	1	1	1	0	0.101104603509984	1	1	0.898895396490016	0.00426676622222008	0.004294856584306	0.0923221881110383	0.10916355161821	2	1	1	1	1	1	NA	NA	NA	2	1	1
1	189428402	189724694	1	1	0	2	d	3	0.68	0	0.0859926854917	0.145484295635	1.142587	0.043221204	1.09936608	1	0	1	NA	NA	NA	NA	NA	NA	NA	NA	NA	NA	1	0	1	NA	NA	NA	1	0	1
1	189724695	198728921	2	1	1	2	d	4	0.84	0.84	0.0531531168223	0.152246643317	2	1	1	1	0	0.147432148510393	1	1	0.852567851489607	0.00952127650859561	0.0100662398414112	0.12712172442801	0.166983823783779	2	1	1	1	1	1	NA	NA	NA	2	1	1
1	198728922	200408433	2	1	1	2	d	4	0.84	0.84	0.0600606564478	0.137328400057	2	1	1	1	0	0.147432148510393	1	1	0.852567851489607	0.00952127650859561	0.0100662398414112	0.12712172442801	0.166983823783779	2	1	1	1	1	1	NA	NA	NA	2	1	1
1	200408434	209501634	2	1	1	2	d	3	0.84	0.84	0.0368646346292	0.118041861397	1.870405	0.935202357	0.93520236	1	0	0.109430262282449	1	1	0.890569737717551	0.0081722655443672	0.00855809369702444	0.0934543018747482	0.126800121644812	2	1	1	1	1	1	NA	NA	NA	2	1	1
1	209501635	209614357	3	2	1	2	d	3	2	0.78	0.0487621528189	0.123206681823	3	1	2	2	1	0.592482493445399	3	1	0.407517506554601	0.122990705943591	0.116247239553356	0.43744651978516	0.881469413860133	3	1	2	3	1	0.402429	2	1	0.597571	3	1	2
1	209614358	216238778	2	1	1	2	d	4	0.84	0.84	0.040917064256	0.118682168042	2	1	1	1	0	0.129948436460416	1	1	0.870051563539584	0.00931355394842821	0.00919055077020727	0.107445543107297	0.143329066326505	2	1	1	1	1	1	NA	NA	NA	2	1	1
1	216238779	216750192	1	1	0	2	d	3	1	0	0.0667732110588	0.091568185493	1.520809	0.51991712	1.00089226	1	0	0.583468952075255	1	1	0.416531047924745	0.0419317075174721	0.0427259731533223	0.514275495735326	0.680387210137577	1	0	1	1	0	0.554733	1	1	0.445267	1	0	1
1	216750193	216874652	1	1	0	2	d	5	1	0	0.0644439099668	0.0715156590272	1	0	1	1	0	0.914836992681306	1	1	0.0851630073186944	0.0339790351316084	0.0334836621945895	0.852016508451139	0.983617745938044	1	0	1	1	0	1	NA	NA	NA	1	0	1
1	216874653	219895016	2	1	1	2	d	2	1	0.43	0.056107523497	0.114608529466	1.553861	0.5024654	1.05139573	1	0	0.539785912384309	1	1	0.460214087615691	0.0109555721764704	0.01073884252738	0.519367968669475	0.560290231504816	2	1	1	1	0	0.518439	1	1	0.481561	2	1	1
1	219895017	221052170	2	1	1	2	d	2	1	0.43	0.0420509344723	0.120695944748	1.522907	0.490378446	1.03252898	1	0	0.539785912384309	1	1	0.460214087615691	0.0109555721764704	0.01073884252738	0.519367968669475	0.560290231504816	2	1	1	1	0	0.532779	1	1	0.467221	2	1	1
1	221052171	245666175	2	1	1	2	d	3	0.89	0.89	0.0387089035733	0.126557006098	1.89604	0.948019947	0.94801995	1	0	0.109430262282449	1	1	0.890569737717551	0.00485494354434923	0.00478825713657487	0.101128944926034	0.119765966584737	2	1	1	1	1	1	NA	NA	NA	2	1	1
1	245666176	245681704	2	1	1	2	d	2	0.89	0.89	0.05	0.1	1.89604	0.948019947	0.94801995	1	0	0.371281247029749	1	1	0.628718752970251	0.0833273118248758	0.0767447294520601	0.302147599227861	0.596538525161665	1	0	1	1	1	1	NA	NA	NA	2	1	1
1	245681705	247249600	2	1	1	2	d	3	0.89	0.89	0.0410267133384	0.134720010765	1.875527	0.937763744	0.93776374	1	0	0.113513709011274	1	1	0.886486290988726	0.0138916440625432	0.0137231412939806	0.0858601060710759	0.140811191644362	2	1	1	1	1	1	NA	NA	NA	2	1	1
1	247249601	249250620	2	1	1	2	d	4	NA	NA	NA	NA	2	1	1	1	0	0.113513709011274	1	1	0.886486290988726	0.0138916440625432	0.0137231412939806	0.0858601060710759	0.140811191644362	2	1	1	1	1	1	NA	NA	NA	2	1	1
2	20016	3458982	2	2	0	3	a	6	2	0	0.050982033306	0.132614288501	2	0	2	2	0	1	NA	NA	NA	NA	NA	NA	NA	2	0	2	2	0	1	NA	NA	NA	2	0	2
2	3458983	23188548	2	2	0	2	d	5	2.16	0	0.0534989983778	0.142557137237	2	0	2	2	0	1	NA	NA	NA	NA	NA	NA	NA	2	0	2	2	0	1	NA	NA	NA	2	0	2
2	23188549	34692484	2	2	0	2	d	5	2.16	0	0.0502345678021	0.136719632667	2	0	2	2	0	1	NA	NA	NA	NA	NA	NA	NA	2	0	2	2	0	1	NA	NA	NA	2	0	2
2	34692485	60029202	2	2	0	2	d	5	2.16	0	0.0563722805335	0.146774609057	2	0	2	2	0	1	NA	NA	NA	NA	NA	NA	NA	2	0	2	2	0	1	NA	NA	NA	2	0	2
2	60029203	60065741	2	2	0	2	d	4	2.16	0	0.05	0.1	2	0	2	3	0	1	NA	NA	NA	NA	NA	NA	NA	2	0	2	2	0	1	NA	NA	NA	2	0	2
2	60065742	82475641	2	2	0	2	d	5	2.16	0	0.0564128525287	0.142724396247	2	0	2	2	0	1	NA	NA	NA	NA	NA	NA	NA	2	0	2	2	0	1	NA	NA	NA	2	0	2
2	82475642	82476332	2	2	0	2	d	3	NA	NA	NA	NA	2	0	2	NA	NA	NA	NA	NA	NA	NA	NA	NA	NA	NA	NA	NA	2	0	1	NA	NA	NA	2	0	2
2	82476333	84404959	4	4	0	2	d	5	4.16	0	0.0466513361893	0.21323724354	4	0	4	4	0	1	NA	NA	NA	NA	NA	NA	NA	4	0	4	4	0	1	NA	NA	NA	4	0	4
2	84404960	87352402	3	3	0	2	d	5	3.32	0	0.0444552589222	0.174826324809	3	0	3	3	0	1	NA	NA	NA	NA	NA	NA	NA	3	0	3	3	0	1	NA	NA	NA	3	0	3
2	87352403	88585026	3	3	0	2	d	4	3.32	0	0.0645397079596	0.228048559272	3	0	3	3	0	1	NA	NA	NA	NA	NA	NA	NA	4	0	4	3	0	1	NA	NA	NA	3	0	3
2	88585027	89567602	4	3	1	2	e	5	3.22	0.63	0.0396794563571	0.235019907722	3.412527	0.450944877	2.96158195	3	0	0.531901713813755	3	1	0.468098286186245	0.0248662120621422	0.0243006470697012	0.470854261284794	0.568079806971642	4	1	3	3	0	0.472186	3	1	0.527814	3	0	3
2	89567603	90499999	4	3	1	1	g	NA	2	0	0.05	0.318348390857	3.412527	0.450944877	2.96158195	NA	NA	NA	NA	NA	NA	NA	NA	NA	NA	3	0	3	3	0	0.449925	3	1	0.550075	2	1	1
2	90500000	96799999	NA	NA	NA	NA	NA	NA	1.11	0.68	0.0428476602906	0.386871952539	1.492059	0.470372294	1.02168719	NA	NA	NA	NA	NA	NA	NA	NA	NA	NA	2	1	1	2	1	0.772119	1	1	0.227881	2	1	1
2	96800000	141789986	2	1	1	2	d	3	1.11	0.68	0.0517439992552	0.138425356208	1.549762	0.542604262	1.00715786	1	0	0.466156623447123	1	1	0.533843376552877	0.0033497505056197	0.00334800188961754	0.459907898236918	0.472546924314765	2	1	1	1	1	1	NA	NA	NA	2	1	1
2	141789987	142050016	1	1	0	2	d	5	1	0	0.0576533566182	0.131581280405	1.127324	0.014663406	1.11266015	1	0	1	NA	NA	NA	NA	NA	NA	NA	1	0	1	1	0	1	NA	NA	NA	1	0	1
2	142050017	145723453	2	1	1	2	d	2	1	0.63	0.0619373330283	0.142830693508	1.595056	0.552198279	1.04285776	1	0	0.489217643145085	1	1	0.510782356854915	0.0139059466921587	0.0136994214567026	0.470721581813978	0.524130407400164	2	1	1	1	0	0.532779	1	1	0.467221	2	1	1
2	145723454	145814405	1	1	0	2	d	2	1	0.63	0.05	0.122445930669	1.595056	0.552198279	1.04285776	0	0	0.950946591665155	1	0	0.0490534083348453	NA	0	0.950946591665155	0.950946591665155	1	0	1	1	0	0.490338	1	1	0.509662	1	0	1
2	145814406	145891042	2	2	0	2	d	2	1	0.63	0.05	0.0832943009854	NA	NA	NA	1	0	0.853376580172983	2	0	0.146623419827017	NA	0	0.853376580172983	0.853376580172983	2	0	2	1	0	0.490338	1	1	0.509662	2	0	2
2	145891043	145893857	2	1	1	2	f	2	1	0.63	0.05	0.1	NA	NA	NA	NA	NA	NA	NA	NA	NA	NA	NA	NA	NA	NA	NA	NA	1	0	0.490338	1	1	0.509662	2	0	2
2	145893858	156527919	2	1	1	2	d	2	1	0.63	0.0605123474199	0.142800500458	1.61877	0.559403498	1.05936688	1	0	0.481684327649494	1	1	0.518315672350506	0.00397437134857692	0.00396294385992869	0.474250446992239	0.489357411013132	2	1	1	1	0	0.490338	1	1	0.509662	2	1	1
2	156527920	187508373	2	1	1	2	d	2	1	0.63	0.0555077266987	0.149043414223	1.582874	0.549531092	1.03334277	1	0	0.481684327649494	1	1	0.518315672350506	0.00397437134857692	0.00396294385992869	0.474250446992239	0.489357411013132	2	1	1	1	0	0.490338	1	1	0.509662	2	1	1
2	187508374	187687586	3	2	1	2	d	2	2	1	0.05	0.130960226794	2.528258	0.585973076	1.94228453	2	0	0.539587491683304	2	1	0.460412508316696	0.0596154837979824	0.0574058448493599	0.416390238361822	0.634309000026885	3	1	2	2	0	0.526135	2	1	0.473865	2	1	1
2	187687587	224466415	2	1	1	2	d	3	1	0.63	0.0548048051997	0.134311195972	1.572461	0.552535013	1.01992597	1	0	0.469179973461321	1	1	0.530820026538679	0.00377478509712853	0.00379352988016926	0.461912824630402	0.476723686702477	2	1	1	1	1	1	NA	NA	NA	2	1	1
2	224466416	224469060	2	1	1	2	d	2	1	0.63	0.05	0.1	1.572461	0.552535013	1.01992597	1	0	0.469179973461321	1	1	0.530820026538679	0.00377478509712853	0.00379352988016926	0.461912824630402	0.476723686702477	NA	NA	NA	1	1	1	NA	NA	NA	2	1	1
2	224469061	229417886	2	1	1	2	d	3	1	0.63	0.0524235108462	0.14352262926	1.563646	0.548678503	1.0149676	1	0	0.469179973461321	1	1	0.530820026538679	0.00377478509712853	0.00379352988016926	0.461912824630402	0.476723686702477	2	1	1	1	1	1	NA	NA	NA	2	1	1
2	229417887	229506101	2	1	1	2	d	5	1	1	0.05	0.124201154756	2.115042	1.0575212	1.0575212	1	1	1	NA	NA	NA	NA	NA	NA	NA	2	1	1	1	1	1	NA	NA	NA	2	1	1
2	229506102	229598919	2	1	1	2	d	5	1	1	0.05	0.101043046564	2.115042	1.0575212	1.0575212	1	1	1	NA	NA	NA	NA	NA	NA	NA	2	1	1	1	1	1	NA	NA	NA	2	1	1
2	229598920	237280587	2	1	1	2	d	3	1	0.43	0.0515482021852	0.131900664631	1.556615	0.542927502	1.01368722	1	0	0.472539768946955	1	1	0.527460231053045	0.00677668496377337	0.00662531409924148	0.452260198681458	0.479235233813856	2	1	1	1	1	1	NA	NA	NA	2	1	1
2	237280588	237280959	2	1	1	2	d	2	1	0.43	0.05	0.1	1.556615	0.542927502	1.01368722	NA	NA	NA	NA	NA	NA	NA	NA	NA	NA	NA	NA	NA	1	1	1	NA	NA	NA	2	1	1
2	237280960	237363795	2	1	1	2	d	5	1	0.43	0.05	0.1	2	1	1	1	1	1	NA	NA	NA	NA	NA	NA	NA	2	1	1	1	1	1	NA	NA	NA	2	1	1
2	237363796	242951000	2	1	1	2	d	3	1	0.43	0.0520999215456	0.136584608476	1.506227	0.516739256	0.98948798	1	0	0.476477600354846	1	1	0.523522399645154	0.00741263947412607	0.00741085845547937	0.46622177434163	0.495076726860177	2	1	1	1	1	1	NA	NA	NA	2	1	1
3	100074	65192553	1	1	0	2	d	5	1.11	0	0.0660689734884	0.119683920272	1	0	1	1	0	1	NA	NA	NA	NA	NA	NA	NA	1	0	1	1	0	1	NA	NA	NA	1	0	1
3	65192554	84477908	1	1	0	2	d	5	1.11	0	0.0708742060893	0.118684672587	1	0	1	1	0	1	NA	NA	NA	NA	NA	NA	NA	1	0	1	1	0	1	NA	NA	NA	1	0	1
3	84477909	84480677	1	1	0	2	d	3	NA	NA	NA	NA	1	0	1	NA	NA	NA	NA	NA	NA	NA	NA	NA	NA	NA	NA	NA	1	0	1	NA	NA	NA	1	0	1
3	84480678	87899999	3	2	1	2	d	5	2.11	1	0.062660309951	0.182135126902	3	1	2	2	1	1	NA	NA	NA	NA	NA	NA	NA	3	1	2	2	1	1	NA	NA	NA	3	1	2
3	87900000	93899999	NA	NA	NA	NA	NA	NA	1.57	1	0.0490606144363	0.30267382725	2.482057	1.00859238	1.47346476	NA	NA	NA	NA	NA	NA	NA	NA	NA	NA	2	1	1	1	1	1	NA	NA	NA	2	1	1
3	93900000	123592068	2	1	1	2	d	5	1.11	1.11	0.0423522557746	0.151326799631	2	1	1	1	1	1	NA	NA	NA	NA	NA	NA	NA	2	1	1	1	1	1	NA	NA	NA	2	1	1
3	123592069	164480449	2	1	1	2	d	5	1.11	1.11	0.0406314588467	0.147129300222	2	1	1	1	1	1	NA	NA	NA	NA	NA	NA	NA	2	1	1	1	1	1	NA	NA	NA	2	1	1
3	164480450	174257811	3	2	1	2	d	4	2.16	1.11	0.0531375709731	0.182349982334	3.107826	1.068659838	2.03916656	2	1	1	NA	NA	NA	NA	NA	NA	NA	3	1	2	2	1	1	NA	NA	NA	3	1	2
3	174257812	174261096	3	2	1	2	f	2	NA	NA	NA	NA	3.107826	1.068659838	2.03916656	4	0	1	NA	NA	NA	NA	NA	NA	NA	4	1	3	2	1	1	NA	NA	NA	2	0	2
3	174261097	175585924	3	2	1	2	d	4	2.22	1	0.0719100271867	0.230358146595	3.129217	1.046532899	2.08268404	2	1	1	NA	NA	NA	NA	NA	NA	NA	3	1	2	2	1	1	NA	NA	NA	3	1	2
3	175585925	175589028	3	2	1	2	d	4	2.16	1.11	0.05	0.1	3.129217	1.046532899	2.08268404	2	1	1	NA	NA	NA	NA	NA	NA	NA	3	1	2	2	1	1	NA	NA	NA	3	1	2
3	175589029	197850754	3	2	1	2	d	4	2.16	1.11	0.0528628323269	0.197048664915	3.108013	1.056395242	2.05161784	2	1	1	NA	NA	NA	NA	NA	NA	NA	3	1	2	2	1	1	NA	NA	NA	3	1	2
4	31352	1171155	2	1	1	2	d	2	1.11	0.68	0.0524676549349	0.131922522282	1.507566	0.512545648	0.99502069	1	0	0.486386915093349	1	1	0.51361308490665	0.00397914315848646	0.00389027315250957	0.479071694152442	0.494122006582746	2	1	1	1	0	0.527379	1	1	0.472621	2	1	1
4	1171156	1176840	2	1	1	2	d	2	1.11	0.68	0.05	0.1	1.507566	0.512545648	0.99502069	1	0	0.486386915093349	1	1	0.51361308490665	0.00397914315848646	0.00389027315250957	0.479071694152442	0.494122006582746	NA	NA	NA	1	1	1	NA	NA	NA	2	1	1
4	1176841	21190847	2	1	1	2	d	3	1.11	0.68	0.0532375195752	0.132795545835	1.52579	0.519970249	1.00581982	1	0	0.486386915093349	1	1	0.51361308490665	0.00397914315848646	0.00389027315250957	0.479071694152442	0.494122006582746	2	1	1	1	1	1	NA	NA	NA	2	1	1
4	21190848	21210175	1	1	0	2	d	3	1	1	0.05	0.1	1.52579	0.519970249	1.00581982	1	0	1	NA	NA	NA	NA	NA	NA	NA	1	0	1	1	0	0.490338	1	1	0.509662	1	0	1
4	21210176	48199999	2	1	1	2	d	2	1.11	0.68	0.0560984452592	0.144340708722	1.586864	0.548636327	1.03822723	1	0	0.490372625785726	1	1	0.509627374214274	0.00419686871142708	0.00436427580511577	0.481657805354897	0.498784138609915	2	1	1	1	0	0.490338	1	1	0.509662	2	1	1
4	48200000	52699999	2	1	1	2	d	2	1.11	0.68	0.0548791978062	0.353971446272	1.54136	0.52885203	1.01250764	1	0	0.490372625785726	1	1	0.509627374214274	0.00419686871142708	0.00436427580511577	0.481657805354897	0.498784138609915	2	1	1	1	0	0.554733	1	1	0.445267	2	1	1
4	52700000	56270777	2	1	1	2	d	2	1.11	0.68	0.0553787006031	0.127089832534	1.511041	0.510340152	1.00070122	1	0	0.504042420210084	1	1	0.495957579789916	0.0109902544656708	0.0109684579501545	0.477350927151961	0.518674769248333	2	1	1	1	0	0.490338	1	1	0.509662	2	1	1
4	56270778	67304519	1	1	0	2	d	5	1.16	0	0.0790308728412	0.137907252833	1	0	1	1	0	1	NA	NA	NA	NA	NA	NA	NA	1	0	1	1	0	1	NA	NA	NA	1	0	1
4	67304520	67320317	1	1	0	2	d	4	NA	NA	NA	NA	1	0	1	1	0	1	NA	NA	NA	NA	NA	NA	NA	NA	NA	NA	1	0	1	NA	NA	NA	1	0	1
4	67320318	91763453	1	1	0	2	d	5	1.22	0	0.0701862526025	0.120122428605	1	0	1	1	0	1	NA	NA	NA	NA	NA	NA	NA	1	0	1	1	0	1	NA	NA	NA	1	0	1
4	91763454	92187917	0	0	0	3	a	6	0	0	0.05	0.128014504974	0	0	0	0	0	1	NA	NA	NA	NA	NA	NA	NA	0	0	0	0	0	1	NA	NA	NA	0	0	0
4	92187918	93552320	1	1	0	2	d	4	1.16	0	0.080826972248	0.149756622091	1.123093	0.078938188	1.04415454	1	0	1	NA	NA	NA	NA	NA	NA	NA	1	0	1	1	0	1	NA	NA	NA	1	0	1
4	93552321	93692834	0	0	0	2	d	3	0	0	0.0758272457021	0.136434029082	0.288332	0.144166235	0.14416623	0	0	0.691664290466684	1	0	0.308335709533316	0.0571313330332738	0.0570965926448001	0.53538819709464	0.7635225199575	1	0	1	0	0	1	NA	NA	NA	0	0	0
4	93692835	137267504	1	1	0	2	d	5	1.22	0	0.0754395047873	0.13336176306	1	0	1	1	0	1	NA	NA	NA	NA	NA	NA	NA	1	0	1	1	0	1	NA	NA	NA	1	0	1
4	137267505	160946305	1	1	0	2	d	5	1.22	0	0.0711949994193	0.118671164185	1	0	1	1	0	1	NA	NA	NA	NA	NA	NA	NA	1	0	1	1	0	1	NA	NA	NA	1	0	1
4	160946306	161052195	1	1	0	2	d	2	0.51	0.51	0.05	0.085376874355	0.745994	0.047716813	0.69827704	0	0	0.321970160638257	1	0	0.678029839361743	0.0618658640201765	0.0639467456791912	0.178965411990055	0.418650599766298	1	0	1	1	0	0.679467	0	0	0.320533	1	0	1
4	161052196	172017402	1	1	0	2	d	5	1.22	0	0.0758739860406	0.139472034167	1	0	1	1	0	1	NA	NA	NA	NA	NA	NA	NA	1	0	1	1	0	1	NA	NA	NA	1	0	1
4	172017403	190987500	1	1	0	2	d	5	1.22	0	0.0682323239239	0.121165979141	1	0	1	1	0	1	NA	NA	NA	NA	NA	NA	NA	1	0	1	1	0	1	NA	NA	NA	1	0	1
5	22500	16426848	5	4	1	2	d	2	4	0.84	0.0409305145381	0.230201779305	5.401435	0.996450409	4.40498488	4	1	0.534708361055665	5	1	0.465291638944335	0.0147096531908296	0.0148943807196875	0.570132405521079	0.627861838341896	6	1	5	4	1	1	NA	NA	NA	5	1	4
5	16426849	16428349	5	4	1	2	d	2	NA	NA	NA	NA	5.401435	0.996450409	4.40498488	NA	NA	NA	NA	NA	NA	NA	NA	NA	NA	NA	NA	NA	4	1	1	NA	NA	NA	5	1	4
5	16428350	21525201	5	4	1	2	d	3	4	0.89	0.0482525323863	0.275883986024	5.421084	1.02437523	4.39670893	4	1	0.553728463175044	5	1	0.446271536824956	0.0412083715699475	0.0381361817528458	0.72164969081799	0.87115540396087	5	1	4	4	1	1	NA	NA	NA	5	1	4
5	21525202	34309601	5	4	1	2	d	3	4.11	0.89	0.045752425863	0.240734652606	5.474858	1.018086028	4.45677225	4	1	0.572742428946935	5	1	0.427257571053065	0.01997537194146	0.0195388919606193	0.533577427770507	0.612159545083746	5	1	4	4	1	1	NA	NA	NA	5	1	4
5	34309602	34994039	5	4	1	2	d	2	4.11	0.89	0.0376628726349	0.208613946284	5.448446	1.020842537	4.42760347	4	1	0.572742428946935	5	1	0.427257571053065	0.01997537194146	0.0195388919606193	0.533577427770507	0.612159545083746	6	1	5	4	1	1	NA	NA	NA	5	1	4
5	34994040	40025135	6	5	1	2	d	3	4.57	0.89	0.0448480791716	0.23427656307	5.816557	1.023350724	4.79320641	5	1	1	NA	NA	NA	NA	NA	NA	NA	6	1	5	5	1	1	NA	NA	NA	5	1	4
5	40025136	40027045	5	4	1	2	f	3	4.57	0.89	0.05	0.1	5.816557	1.023350724	4.79320641	5	0	0.271852691014367	5	1	0.728147308985633	NA	0	0.271852691014367	0.271852691014367	NA	NA	NA	5	1	1	NA	NA	NA	5	1	4
5	40027046	40778304	6	5	1	2	d	3	4.57	0.89	0.0459211409387	0.258112482676	5.717029	1.02047861	4.6965503	5	1	1	NA	NA	NA	NA	NA	NA	NA	6	1	5	5	1	1	NA	NA	NA	5	1	4
5	40778305	42130714	2	1	1	2	d	3	0.89	0.89	0.0454127443638	0.109518358528	1.848711	0.924355733	0.92435573	1	0	0.194093375067395	1	1	0.805906624932605	0.0157476812241227	0.0153108489020207	0.163934313755228	0.22260099444048	2	1	1	1	1	1	NA	NA	NA	2	1	1
5	42130715	43631949	2	1	1	2	d	3	0.89	0.89	0.0393276958858	0.117900815326	1.813792	0.906896075	0.90689607	1	0	0.194093375067395	1	1	0.805906624932605	0.0157476812241227	0.0153108489020207	0.163934313755228	0.22260099444048	2	1	1	1	1	1	NA	NA	NA	2	1	1
5	43631950	44214860	2	1	1	2	d	2	0.89	0.89	0.0644896653049	0.120254708227	1.665882	0.58299206	1.08288968	1	0	0.467814371257487	1	1	0.532185628742513	0.0392108005437083	0.038967893983015	0.388777328325695	0.537132178522497	2	1	1	1	0	0.509834	1	1	0.490166	2	1	1
5	44214861	44364864	2	1	1	2	d	4	0.89	0.89	0.0724646346434	0.126528268444	2.182305	1.091152523	1.09115252	1	1	1	NA	NA	NA	NA	NA	NA	NA	2	1	1	1	1	1	NA	NA	NA	2	1	1
5	44364865	44365847	2	1	1	2	d	2	0.89	0.89	0.05	0.1	2.182305	1.091152523	1.09115252	3	2	0.652860944777106	4	2	0.347139055222894	NA	0	0.652860944777106	0.652860944777106	NA	NA	NA	1	1	1	NA	NA	NA	2	1	1
5	44365848	46099999	2	1	1	2	d	4	0.89	0.89	0.0381488436608	0.162601963825	2.200178	1.100088763	1.10008876	1	1	1	NA	NA	NA	NA	NA	NA	NA	2	1	1	1	1	1	NA	NA	NA	2	1	1
5	46100000	50699999	NA	NA	NA	NA	NA	NA	0.89	0.89	0.0701831023043	0.244709259601	1.497396	0.403532585	1.09386319	NA	NA	NA	NA	NA	NA	NA	NA	NA	NA	1	0	1	1	0	0.77203	1	1	0.22797	2	1	1
5	50700000	52311244	1	1	0	2	d	4	1.11	0	0.0812268061133	0.129443468047	1.129924	0.067975987	1.06194802	1	0	1	NA	NA	NA	NA	NA	NA	NA	1	0	1	1	0	1	NA	NA	NA	1	0	1
5	52311245	52326776	1	1	0	2	d	5	1	0	0.05	0.1	1.129924	0.067975987	1.06194802	1	0	1	NA	NA	NA	NA	NA	NA	NA	1	0	1	1	0	1	NA	NA	NA	1	0	1
5	52326777	180707982	1	1	0	2	d	5	1.16	0	0.0678191906038	0.139305981155	1	0	1	1	0	1	NA	NA	NA	NA	NA	NA	NA	1	0	1	1	0	1	NA	NA	NA	1	0	1
6	39681	204071	2	1	1	2	d	2	NA	NA	NA	NA	NA	NA	NA	1	1	1	NA	NA	NA	NA	NA	NA	NA	NA	NA	NA	NA	NA	NA	NA	NA	NA	2	1	1
6	204072	21190604	2	1	1	2	d	3	0.89	0.89	0.0424971338849	0.121333979612	1.811446	0.905722928	0.90572293	1	0	0.213539533866677	1	1	0.786460466133323	0.00299671359472851	0.00298730277959626	0.207917088875895	0.219461176876045	2	1	1	1	1	1	NA	NA	NA	2	1	1
6	21190605	21208452	2	1	1	2	d	3	0.89	0.89	0.05	0.1	1.811446	0.905722928	0.90572293	1	0	0.213539533866677	1	1	0.786460466133323	0.00299671359472851	0.00298730277959626	0.207917088875895	0.219461176876045	2	1	1	1	1	1	NA	NA	NA	2	1	1
6	21208453	58699999	2	1	1	2	d	3	0.89	0.89	0.0466941400941	0.132289299682	1.826009	0.913004528	0.91300453	1	0	0.213539533866677	1	1	0.786460466133323	0.00299671359472851	0.00298730277959626	0.207917088875895	0.219461176876045	2	1	1	1	1	1	NA	NA	NA	2	1	1
6	58700000	63378605	2	1	1	2	d	3	0.89	0.89	0.0507481739432	0.179202731292	1.896834	0.948417179	0.94841718	NA	NA	NA	NA	NA	NA	NA	NA	NA	NA	2	1	1	1	1	1	NA	NA	NA	2	1	1
6	63378606	70199280	2	1	1	2	d	3	0.89	0.89	0.0536446169238	0.163990269254	1.794435	0.897217467	0.89721747	1	0	0.261568060636377	1	1	0.738431939363623	0.00887513908439719	0.00865601453799425	0.244055334134061	0.277127264868846	2	1	1	1	1	1	NA	NA	NA	2	1	1
6	70199281	74720602	2	1	1	2	d	4	1	1	0.0536564531037	0.158411885873	1.759754	0.724066472	1.03568713	1	0	0.319873074364095	1	1	0.680126925635905	0.0116761467659446	0.0119749544199896	0.288077966670432	0.334961421395688	2	1	1	1	1	1	NA	NA	NA	2	1	1
6	74720603	77131640	2	1	1	2	d	3	1.22	1.22	0.0483876488695	0.158184621581	2.440237	1.220118539	1.22011854	1	1	0.702975002376204	2	1	0.297024997623796	0.0220806189728167	0.0228850984049314	0.655845745187115	0.744799879081791	2	1	1	1	1	1	NA	NA	NA	2	1	1
6	77131641	125303080	2	1	1	2	d	3	1	0.78	0.0537313448346	0.147226297937	1.718644	0.678609668	1.04003387	1	0	0.346529163894431	1	1	0.653470836105569	0.00397384003877194	0.00392336614493143	0.341274434240734	0.357357561736613	2	1	1	1	1	1	NA	NA	NA	2	1	1
6	125303081	125879757	2	1	1	2	d	3	1.57	0.78	0.0452213646645	0.12477281863	2.178079	0.626074935	1.55200441	2	1	1	NA	NA	NA	NA	NA	NA	NA	2	1	1	1	1	1	NA	NA	NA	2	1	1
6	125879758	159064809	2	1	1	2	d	3	1	0.78	0.0498881246276	0.130894771979	1.685306	0.667563355	1.01774269	1	0	0.361595649281152	1	1	0.638404350718848	0.00406737446021638	0.00427026831480629	0.350045273250778	0.366454531910913	2	1	1	1	1	1	NA	NA	NA	2	1	1
6	159064810	159065666	2	1	1	2	d	2	1	0.78	0.05	0.1	1.685306	0.667563355	1.01774269	3	3	1	NA	NA	NA	NA	NA	NA	NA	NA	NA	NA	1	1	1	NA	NA	NA	2	1	1
6	159065667	162385255	2	1	1	2	d	3	1	0.78	0.0492818299516	0.118298679914	1.622122	0.638843282	0.98327861	1	0	0.356429997148561	1	1	0.643570002851439	0.0109860518358411	0.0109242444896105	0.327699456484079	0.369996574471238	2	1	1	1	1	1	NA	NA	NA	2	1	1
6	162385256	162399358	1	1	0	2	d	4	1	0.78	0.05	0.1	1.622122	0.638843282	0.98327861	1	0	1	NA	NA	NA	NA	NA	NA	NA	1	0	1	1	0	1	NA	NA	NA	1	0	1
6	162399359	170899800	2	1	1	2	d	3	1	0.78	0.048019852082	0.126546881799	1.619808	0.642853628	0.97695433	1	0	0.34853673012447	1	1	0.65146326987553	0.00643959903318433	0.00619374125135263	0.335792066626324	0.360696291365569	2	1	1	1	1	1	NA	NA	NA	2	1	1
7	40386	17586251	2	1	1	2	e	5	1.37	1	0.0475903896142	0.158097599146	2.540774	1.035015175	1.50575929	1	1	0.537961114807421	2	1	0.462038885192579	0.00654439214646413	0.00665778971135942	0.525319270076784	0.551018536775959	3	1	2	2	1	0.41872	1	1	0.58128	2	1	1
7	17586252	17675465	4	3	1	2	d	5	3	1	0.0381220845128	0.206857890364	4.119773	1.091570574	3.02820247	3	1	1	NA	NA	NA	NA	NA	NA	NA	4	1	3	3	1	1	NA	NA	NA	4	1	3
7	17675466	39970201	2	1	1	2	e	5	1.37	1	0.0463760872055	0.141688461543	2.531475	1.028675098	1.50279944	1	1	0.510782356854921	2	1	0.489217643145079	0.0066457626135526	0.0065050155555984	0.501669374950915	0.527853382877848	3	1	2	2	1	0.405381	1	1	0.594619	2	1	1
7	39970202	57999999	2	1	1	3	a	6	1	1	0.0396162861734	0.136000593054	2	1	1	1	1	1	NA	NA	NA	NA	NA	NA	NA	2	1	1	1	1	1	NA	NA	NA	2	1	1
7	58000000	61699999	2	1	1	2	d	4	1	0.63	0.05	0.20500417853	2	1	1	NA	NA	NA	NA	NA	NA	NA	NA	NA	NA	2	1	1	1	1	1	NA	NA	NA	2	1	1
7	61700000	158821400	2	1	1	2	d	3	1	0.63	0.0532916309831	0.138771967316	1.592412	0.561263658	1.03114851	1	0	0.469188167432627	1	1	0.530811832567373	0.00247640771511534	0.00249955067867643	0.46393887747647	0.473908262752714	2	1	1	1	1	1	NA	NA	NA	2	1	1
8	10001	172499	1	1	0	2	d	3	1.22	0	0.05	0.1	NA	NA	NA	1	0	0.774977055387516	2	0	0.225022944612484	0.00600802048109245	0.006117576351139	0.762979652917557	0.786776940569949	1	0	1	1	0	1	NA	NA	NA	1	0	1
8	172500	21364456	1	1	0	2	d	3	1.22	0	0.0629781357179	0.121149976819	1.309091	0.028909194	1.28018204	1	0	0.774977055387516	2	0	0.225022944612484	0.00600802048109245	0.006117576351139	0.762979652917557	0.786776940569949	1	0	1	1	0	1	NA	NA	NA	1	0	1
8	21364457	21806739	2	2	0	2	d	4	2	0	0.0417471852722	0.126300470994	1.908045	0.03521493	1.87282993	1	0	0.33429211728316	2	0	0.66570788271684	0.0352095376753495	0.0346520799915028	0.268874795443038	0.405769163914593	2	0	2	2	0	1	NA	NA	NA	2	0	2
8	21806740	22768606	2	2	0	2	d	3	1.57	0	0.0463204260353	0.110270905875	1.596231	0	1.59623097	1	0	0.33429211728316	2	0	0.66570788271684	0.0352095376753495	0.0346520799915028	0.268874795443038	0.405769163914593	2	0	2	2	0	1	NA	NA	NA	2	0	2
8	22768607	25011996	1	1	0	2	d	3	1.22	0	0.064070646541	0.138955899131	1.311253	0.006760958	1.30449226	1	0	0.704990019960075	2	0	0.295009980039925	0.0239813921718209	0.0242127663774265	0.699041285006027	0.791163297465804	1	0	1	1	0	1	NA	NA	NA	1	0	1
8	25011997	25012331	1	1	0	2	d	2	1.22	0	0.05	0.1	1.311253	0.006760958	1.30449226	NA	NA	NA	NA	NA	NA	NA	NA	NA	NA	NA	NA	NA	1	0	1	NA	NA	NA	1	0	1
8	25012332	25088059	1	1	0	2	e	3	1.22	0	0.05	0.1	NA	NA	NA	1	0	0.539939728386362	2	0	0.460060271613638	NA	0	0.539939728386362	0.539939728386362	2	1	1	2	0	0.624875	1	0	0.375125	1	0	1
8	25088060	25806081	2	2	0	2	d	2	1.57	0	0.0585964807316	0.10940023575	1.773791	0.026115942	1.74767516	1	0	0.395490779447393	2	0	0.604509220552607	0.0696373588977283	0.0743128220456849	0.150774712656348	0.438502064860327	2	0	2	2	0	0.624875	1	0	0.375125	2	0	2
8	25806082	26469730	1	1	0	2	d	3	1.22	0	0.0624256910038	0.09976228092	1.306501	0.017208909	1.28929173	1	0	0.718479707252152	2	0	0.281520292747848	0.0489969230945778	0.0462292284783386	0.682216887112964	0.8674820172652	1	0	1	1	0	1	NA	NA	NA	1	0	1
8	26469731	26470596	1	1	0	2	d	2	1.22	0	0.05	0.1	1.306501	0.017208909	1.28929173	NA	NA	NA	NA	NA	NA	NA	NA	NA	NA	NA	NA	NA	1	0	1	NA	NA	NA	1	0	1
8	26470597	26589903	1	1	0	2	d	3	1.22	0	0.05	0.0844158945646	NA	NA	NA	1	0	1	NA	NA	NA	NA	NA	NA	NA	1	0	1	2	0	1	NA	NA	NA	1	0	1
8	26589904	32508384	2	2	0	2	d	3	1.77	0	0.0588793995719	0.117831715829	1.816819	0.025471913	1.79134693	1	0	0.219361277445104	2	0	0.780638722554896	0.0182372435826263	0.017642784508932	0.24487088694267	0.313171468038506	2	0	2	2	0	1	NA	NA	NA	2	0	2
8	32508385	32613089	1	1	0	2	d	4	0.51	0.51	0.05	0.101987684155	1.816819	0.025471913	1.79134693	1	0	1	NA	NA	NA	NA	NA	NA	NA	1	0	1	1	0	1	NA	NA	NA	1	0	1
8	32613090	36617105	2	2	0	2	d	2	1.45	0	0.0584051591958	0.14874867845	1.711227	0.042506753	1.66872021	1	0	0.458321452333426	2	0	0.541678547666574	0.0303653630203017	0.0303093049448664	0.456948245947805	0.576442649168625	2	0	2	2	0	0.593001	1	0	0.406999	2	0	2
8	36617106	36821693	7	5	2	2	d	2	4	1.49	0.0306837738416	0.847183852267	6.897651	1.823624685	5.07402666	5	1	0.266617814945563	5	2	0.733382185054437	0.0988764684118753	0.0976526421875482	0.164826499582655	0.553055874377405	7	2	5	5	2	1	NA	NA	NA	7	1	6
8	36821694	36848409	20	19	1	1	g	NA	36	1	0.05	0.1	6.897651	1.823624685	5.07402666	20	1	0.472255473357778	20	2	0.527744526642222	0.086905872986328	0.0870866623999014	0.194990335437606	0.538207525537569	8	0	8	19	1	1	NA	NA	NA	17	0	17
8	36848410	36967516	24	22	2	1	g	NA	45	1.37	0.0164382437904	0.713262806465	24.953888	1.65190211	23.30198604	24	1	0.348331485177797	24	2	0.651668514822203	0.0425808777377604	0.0418352291076029	0.273982745836791	0.431308854764908	8	0	8	22	2	1	NA	NA	NA	22	0	22
8	36967517	37715720	23	21	2	1	g	NA	42	1.45	0.0109413765965	0.661328117005	23.386521	1.691673492	21.69484769	22	2	1	NA	NA	NA	NA	NA	NA	NA	8	0	8	21	2	1	NA	NA	NA	21	0	21
8	37715721	37880669	19	18	1	1	g	NA	42	1.45	0.05	0.401343050362	23.386521	1.691673492	21.69484769	21	1	0.4200421305041	21	2	0.5799578694959	0.0815362419859819	0.0781898776702882	0.275821840852986	0.586838101446617	8	0	8	18	1	1	NA	NA	NA	20	0	20
8	37880670	37898620	43	42	1	2	f	1	42	1.45	0.05	0.1	NA	NA	NA	17	1	0.70708464866957	17	2	0.29291535133043	NA	0	0.70708464866957	0.70708464866957	8	0	8	18	1	1	NA	NA	NA	17	3	14
8	37898621	38013380	7	4	3	1	g	NA	NA	NA	NA	NA	NA	NA	NA	3	2	1	NA	NA	NA	NA	NA	NA	NA	8	4	4	4	3	1	NA	NA	NA	17	3	14
8	38013381	38250098	7	4	3	1	g	NA	NA	NA	NA	NA	NA	NA	NA	3	3	1	NA	NA	NA	NA	NA	NA	NA	7	3	4	4	3	1	NA	NA	NA	15	4	11
8	38250099	38450013	7	5	2	2	e	4	4.45	1	0.0342281040248	0.569765126039	6.480559	1.615091677	4.86546726	5	1	0.369379986260154	5	2	0.630620013739846	0.0856012100332531	0.0860681985228858	0.119599276170974	0.459889416356283	7	2	5	5	2	0.608829	5	1	0.391171	5	1	4
8	38450014	43099999	2	2	0	2	d	3	1	0	0.0526257273865	0.125060160963	1.671141	0.027611011	1.64353006	1	0	0.42785246097069	2	0	0.57214753902931	0.0210733935450457	0.0204824751374963	0.38728465267915	0.465550677080755	2	0	2	2	0	1	NA	NA	NA	2	0	2
8	43100000	48099999	NA	NA	NA	NA	NA	NA	2	0	0.05	0.43206222105	2.749183	0.681330484	2.06785205	NA	NA	NA	NA	NA	NA	NA	NA	NA	NA	3	1	2	2	0	0.415434	2	1	0.584566	2	0	2
8	48100000	48753878	4	2	2	2	d	2	1.32	1	0.05	0.136950992096	3.502328	1.440979082	2.06134862	2	1	0.515078288368591	2	2	0.484921711631409	0.0050122085199098	0.00490063893944853	0.505142056908632	0.524724366980389	4	2	2	2	2	1	NA	NA	NA	3	1	2
8	48753879	48946283	4	2	2	2	d	2	1.32	1	0.05	0.180246516077	3.502328	1.440979082	2.06134862	2	1	0.515078288368591	2	2	0.484921711631409	0.0050122085199098	0.00490063893944853	0.505142056908632	0.524724366980389	4	2	2	2	2	0.645602	2	1	0.354398	4	2	2
8	48946284	84574947	3	2	1	2	d	2	1.32	1	0.0444496729017	0.172120809639	3.480327	1.483482153	1.99684525	2	1	0.515078288368591	2	2	0.484921711631409	0.0050122085199098	0.00490063893944853	0.505142056908632	0.524724366980389	3	1	2	2	2	0.645602	2	1	0.354398	3	1	2
8	84574948	88951737	3	2	1	2	d	2	1.32	1	0.0441094625429	0.201759858553	3.468335	1.468365562	1.9999695	2	1	0.515078288368591	2	2	0.484921711631409	0.0050122085199098	0.00490063893944853	0.505142056908632	0.524724366980389	3	1	2	2	2	0.588347	2	1	0.411653	3	1	2
8	88951738	88953490	3	2	1	2	d	2	1.32	1	0.05	0.1	3.468335	1.468365562	1.9999695	2	1	0.458600529437576	2	2	0.541399470562424	NA	0	0.458600529437576	0.458600529437576	3	1	2	2	2	0.464613	2	1	0.535387	3	1	2
8	88953491	90094796	3	2	1	2	d	2	1.32	1	0.0447370828741	0.153551180083	3.47947	1.515143649	1.96432614	2	1	0.598728468987952	2	2	0.401271531012048	0.0516407793908809	0.0509655987478482	0.438403061291953	0.64003404499661	3	1	2	2	2	0.464613	2	1	0.535387	3	1	2
8	90094797	90246346	3	2	1	2	d	2	1.32	1	0.05	0.10734708446	3.47947	1.515143649	1.96432614	2	2	1	NA	NA	NA	NA	NA	NA	NA	3	1	2	2	2	0.645602	2	1	0.354398	3	1	2
8	90246347	146364021	4	2	2	2	e	4	1.32	1	0.0427172729363	0.152893064858	3.467315	1.482638446	1.9846764	2	1	0.513195830561095	2	2	0.486804169438905	0.00398821045952752	0.00408957978314374	0.500466821980351	0.516822893801488	4	2	2	2	2	0.645602	2	1	0.354398	3	1	2
9	47500	229484	1	1	0	2	d	4	1.11	0	0.05	0.1	NA	NA	NA	1	0	1	NA	NA	NA	NA	NA	NA	NA	1	0	1	1	0	1	NA	NA	NA	1	0	1
9	229485	44805601	1	1	0	2	d	5	1.11	0	0.0693279465959	0.131570688884	1	0	1	1	0	1	NA	NA	NA	NA	NA	NA	NA	1	0	1	1	0	1	NA	NA	NA	1	0	1
9	44805602	47299999	1	1	0	2	d	5	1.11	0	0.05	0.320860960248	1	0	1	1	0	1	NA	NA	NA	NA	NA	NA	NA	1	0	1	1	0	1	NA	NA	NA	1	0	1
9	47300000	50699999	1	1	0	2	d	3	1.11	0	0.05	0.1	NA	NA	NA	NA	NA	NA	NA	NA	NA	NA	NA	NA	NA	1	0	1	1	0	1	NA	NA	NA	1	0	1
9	50700000	65549210	1	1	0	2	d	3	1.11	0	0.05	0.1	NA	NA	NA	NA	NA	NA	NA	NA	NA	NA	NA	NA	NA	1	0	1	1	0	1	NA	NA	NA	1	0	1
9	65549211	140273200	1	1	0	2	d	5	1.11	0	0.0659003467824	0.127015052903	1	0	1	1	0	1	NA	NA	NA	NA	NA	NA	NA	1	0	1	1	0	1	NA	NA	NA	1	0	1
10	102500	3179904	2	1	1	3	a	6	1	1	0.0362866550003	0.134984096588	2	1	1	1	1	1	NA	NA	NA	NA	NA	NA	NA	2	1	1	1	1	1	NA	NA	NA	2	1	1
10	3179905	3183976	2	1	1	2	d	4	1	1	0.05	0.1	2	1	1	1	0	1	NA	NA	NA	NA	NA	NA	NA	2	1	1	1	1	1	NA	NA	NA	1	0	1
10	3183977	37999999	2	1	1	3	a	6	1	1	0.0383848647804	0.128191296365	2	1	1	1	1	1	NA	NA	NA	NA	NA	NA	NA	2	1	1	1	1	1	NA	NA	NA	2	1	1
10	38000000	42299999	2	1	1	2	d	4	1	1	0.0443846423101	0.177196194095	2.175246	1.087623019	1.08762302	1	1	1	NA	NA	NA	NA	NA	NA	NA	2	1	1	NA	NA	NA	NA	NA	NA	2	1	1
10	42300000	75500199	2	1	1	3	a	6	1	1	0.0435573259696	0.15574231041	2	1	1	1	1	1	NA	NA	NA	NA	NA	NA	NA	2	1	1	1	1	1	NA	NA	NA	2	1	1
10	75500200	75780070	3	2	1	2	d	3	2	1	0.0445547834679	0.155967357318	2.571789	0.984963519	1.58682543	1	1	0.498479154904543	2	1	0.501520845095457	0.0608263535743439	0.0618205608888222	0.374540918092121	0.620469540518134	3	1	2	2	1	0.389627	1	1	0.610373	3	1	2
10	75780071	77028897	2	1	1	2	d	5	1.11	1.11	0.0285664976173	0.122873332766	2	1	1	1	1	1	NA	NA	NA	NA	NA	NA	NA	2	1	1	1	1	1	NA	NA	NA	2	1	1
10	77028898	77095465	1	1	0	3	b	6	1	0	0.05	0.0797492839941	2	1	1	1	0	1	NA	NA	NA	NA	NA	NA	NA	1	0	1	1	0	1	NA	NA	NA	1	0	1
10	77095466	113366988	2	1	1	2	d	5	1.11	1.11	0.0392622533964	0.154449220866	2	1	1	1	1	1	NA	NA	NA	NA	NA	NA	NA	2	1	1	1	1	1	NA	NA	NA	2	1	1
10	113366989	113393637	1	1	0	2	d	5	1	0	0.05	0.1	1.197125	0.037930716	1.15919477	1	0	1	NA	NA	NA	NA	NA	NA	NA	1	0	1	1	0	1	NA	NA	NA	1	0	1
10	113393638	113443637	1	1	0	3	b	6	1	0	0.05	0.111994649673	1	0	1	0	0	1	NA	NA	NA	NA	NA	NA	NA	1	0	1	1	0	1	NA	NA	NA	1	0	1
10	113443638	113489181	2	1	1	3	a	6	1	1	0.05	0.1	2	1	1	1	1	1	NA	NA	NA	NA	NA	NA	NA	2	1	1	1	1	1	NA	NA	NA	2	1	1
10	113489182	113494955	2	1	1	1	g	NA	1	1	0.05	0.1	2	1	1	1	0	1	NA	NA	NA	NA	NA	NA	NA	1	0	1	1	1	1	NA	NA	NA	1	0	1
10	113494956	135389924	2	1	1	3	a	6	1	1	0.0363952939183	0.141917817921	2	1	1	1	1	1	NA	NA	NA	NA	NA	NA	NA	2	1	1	1	1	1	NA	NA	NA	2	1	1
11	232426	5832500	1	1	0	2	d	5	1.11	0	0.0655933933611	0.152243435292	1	0	1	1	0	1	NA	NA	NA	NA	NA	NA	NA	1	0	1	1	0	1	NA	NA	NA	1	0	1
11	5832501	49997872	1	1	0	2	d	5	1.11	0	0.066846935202	0.119672909791	1	0	1	1	0	1	NA	NA	NA	NA	NA	NA	NA	1	0	1	1	0	1	NA	NA	NA	1	0	1
11	49997873	50201401	2	1	1	2	d	4	1	1	0.05	0.115242748087	1.566415	0.524036263	1.04237843	1	0	0.15000619014103	1	1	0.84999380985897	0.0253881210610566	0.024872864450475	0.102008386779508	0.196033511186624	2	1	1	1	1	1	NA	NA	NA	2	1	1
11	50201402	50412680	2	1	1	2	d	4	1	1	0.05	0.38329003961	2.240391	1.120195648	1.12019565	1	0	0.15000619014103	1	1	0.84999380985897	0.0253881210610566	0.024872864450475	0.102008386779508	0.196033511186624	2	1	1	1	1	1	NA	NA	NA	2	1	1
11	50412681	51092010	2	1	1	2	d	3	1	0	0.05	0.223602075567	1.819143	0.688137823	1.13100561	1	0	0.15000619014103	1	1	0.84999380985897	0.0253881210610566	0.024872864450475	0.102008386779508	0.196033511186624	2	1	1	1	1	1	NA	NA	NA	2	1	1
11	51092011	51293796	3	2	1	2	d	2	2	1	0.05	0.196166375805	2.762418	1.11579696	1.64662151	1	1	0.638404350718852	2	1	0.361595649281148	0.050201244959833	0.0479333191300227	0.607786216040772	0.796949129476981	3	1	2	2	1	0.382113	1	1	0.617887	2	1	1
11	51293797	51296006	2	1	1	2	d	2	NA	NA	NA	NA	2.762418	1.11579696	1.64662151	1	1	0.514859170547796	2	1	0.485140829452204	0.273401274418372	0.219251861210872	0.38018037065843	1.1979732746309	2	1	1	2	1	0.382113	1	1	0.617887	2	1	1
11	51296007	51561641	2	1	1	2	d	4	1	1	0.05	0.144069146476	1.898999	0.679942088	1.21905702	1	0	0.40913388585436	1	1	0.59086611414564	0.0304315825278573	0.0307537715924891	0.348066890178432	0.467464818495663	2	1	1	1	1	1	NA	NA	NA	2	1	1
11	51561642	51561679	2	1	1	2	d	2	NA	NA	NA	NA	1.898999	0.679942088	1.21905702	1	0	0.40913388585436	1	1	0.59086611414564	0.0304315825278573	0.0307537715924891	0.348066890178432	0.467464818495663	1	0	1	1	1	1	NA	NA	NA	2	1	1
11	51561680	51561836	2	1	1	2	d	2	NA	NA	NA	NA	NA	NA	NA	1	0	0.40913388585436	1	1	0.59086611414564	0.0304315825278573	0.0307537715924891	0.348066890178432	0.467464818495663	1	0	1	1	1	1	NA	NA	NA	2	1	1
11	51561837	51562693	2	1	1	2	d	2	1.32	1.32	0.05	0.1	NA	NA	NA	1	0	0.40913388585436	1	1	0.59086611414564	0.0304315825278573	0.0307537715924891	0.348066890178432	0.467464818495663	1	0	1	1	1	1	NA	NA	NA	2	1	1
11	51562694	51563419	2	1	1	2	d	2	1.32	1.32	0.05	0.1	NA	NA	NA	1	0	0.40913388585436	1	1	0.59086611414564	0.0304315825278573	0.0307537715924891	0.348066890178432	0.467464818495663	1	0	1	1	1	1	NA	NA	NA	2	1	1
11	51563420	51563455	2	1	1	2	d	2	1.32	1.32	0.05	0.1	NA	NA	NA	1	0	0.40913388585436	1	1	0.59086611414564	0.0304315825278573	0.0307537715924891	0.348066890178432	0.467464818495663	NA	NA	NA	1	1	1	NA	NA	NA	2	1	1
11	51563456	55699999	2	1	1	2	d	3	1.32	1.32	0.0380299384104	0.231586760309	2.589009	1.030300492	1.55870895	NA	NA	NA	NA	NA	NA	NA	NA	NA	NA	2	1	1	1	1	1	NA	NA	NA	2	1	1
11	55700000	57867783	2	1	1	2	e	5	1.57	1	0.0478884227534	0.159001471678	2.522488	1.024635446	1.49785293	1	1	0.730261790106536	2	1	0.269738209893464	0.0246303181705909	0.0253835488217063	0.662628674943304	0.760070570463119	3	1	2	2	1	0.389418	1	1	0.610582	2	1	1
11	57867784	57867797	2	1	1	2	e	4	1	0.55	0.05	0.1	2.522488	1.024635446	1.49785293	NA	NA	NA	NA	NA	NA	NA	NA	NA	NA	1	0	1	2	1	0.389418	1	1	0.610582	2	1	1
11	57867798	57868460	2	1	1	2	e	3	1	0.55	0.05	0.1	NA	NA	NA	NA	NA	NA	NA	NA	NA	NA	NA	NA	NA	1	0	1	2	1	0.389418	1	1	0.610582	2	1	1
11	57868461	57868504	2	1	1	2	e	3	1	0.55	0.05	0.1	NA	NA	NA	NA	NA	NA	NA	NA	NA	NA	NA	NA	NA	1	0	1	2	1	0.389418	1	1	0.610582	2	1	1
11	57868505	57869224	2	1	1	2	e	3	1	0.55	0.05	0.1	NA	NA	NA	NA	NA	NA	NA	NA	NA	NA	NA	NA	NA	NA	NA	NA	2	1	0.389418	1	1	0.610582	2	1	1
11	57869225	134452200	2	1	1	2	d	3	1	0.55	0.0510065603991	0.126589023101	1.630348	0.604228532	1.026119	1	0	0.415834996673324	1	1	0.584165003326676	0.0025711430202677	0.00252504905380152	0.409169811608322	0.419063764382568	2	1	1	1	1	1	NA	NA	NA	2	1	1
12	110107	1157042	2	1	1	3	a	6	1	1	0.033865207284	0.144347504469	2	1	1	1	1	1	NA	NA	NA	NA	NA	NA	NA	2	1	1	1	1	1	NA	NA	NA	2	1	1
12	1157043	1338591	1	1	0	2	d	5	1	1	0.05	0.144500159588	1	0	1	1	0	1	NA	NA	NA	NA	NA	NA	NA	1	0	1	1	0	1	NA	NA	NA	1	0	1
12	1338592	3602657	2	1	1	3	a	6	1	1	0.0398322887971	0.132795987137	2	1	1	1	1	1	NA	NA	NA	NA	NA	NA	NA	2	1	1	1	1	1	NA	NA	NA	2	1	1
12	3602658	21738885	2	1	1	3	a	6	1	1	0.0404731972125	0.139721077261	2	1	1	1	1	1	NA	NA	NA	NA	NA	NA	NA	2	1	1	1	1	1	NA	NA	NA	2	1	1
12	21738886	21743616	2	1	1	1	g	NA	1	1	0.05	0.1	2	1	1	2	0	1	NA	NA	NA	NA	NA	NA	NA	1	0	1	1	1	1	NA	NA	NA	1	0	1
12	21743617	33299999	2	1	1	3	a	6	1	1	0.0406502382501	0.145963397423	2	1	1	1	1	1	NA	NA	NA	NA	NA	NA	NA	2	1	1	1	1	1	NA	NA	NA	2	1	1
12	33300000	38199999	2	1	1	2	d	5	1	1	0.0553603088048	0.198821583499	2.137495	1.068747296	1.0687473	1	1	1	NA	NA	NA	NA	NA	NA	NA	2	1	1	1	1	1	NA	NA	NA	2	1	1
12	38200000	62062383	2	1	1	3	a	6	1	1	0.0419157770423	0.148142141446	2	1	1	1	1	1	NA	NA	NA	NA	NA	NA	NA	2	1	1	1	1	1	NA	NA	NA	2	1	1
12	62062384	62064508	2	1	1	2	d	3	1	1	0.05	0.1	2	1	1	0	0	0.492152949003952	1	0	0.507847050996048	NA	0	0.492152949003952	0.492152949003952	NA	NA	NA	1	1	1	NA	NA	NA	1	0	1
12	62064509	67146837	2	1	1	3	a	6	1	1	0.0428508867737	0.138814666615	2	1	1	1	1	1	NA	NA	NA	NA	NA	NA	NA	2	1	1	1	1	1	NA	NA	NA	2	1	1
12	67146838	67149199	2	1	1	1	g	NA	19	1	0.05	0.1	2	1	1	6	1	1	NA	NA	NA	NA	NA	NA	NA	8	2	6	1	1	1	NA	NA	NA	5	0	5
12	67149200	67291898	10	9	1	2	f	2	19	1	0.0299291547331	0.290749453739	10.029024	1.125334966	8.90368854	9	1	1	NA	NA	NA	NA	NA	NA	NA	8	1	7	9	1	1	NA	NA	NA	9	0	9
12	67291899	67312867	8	7	1	1	g	NA	19	1	0.05	0.1	10.029024	1.125334966	8.90368854	9	1	1	NA	NA	NA	NA	NA	NA	NA	NA	NA	NA	7	1	1	NA	NA	NA	8	0	8
12	67312868	67958190	8	7	1	2	d	3	14	1	0.0386119342475	0.343410900459	8.135339	1.020896492	7.11444255	7	1	1	NA	NA	NA	NA	NA	NA	NA	8	1	7	7	1	1	NA	NA	NA	7	0	7
12	67958191	67963025	7	6	1	1	g	NA	14	1	0.05	0.1	8.135339	1.020896492	7.11444255	NA	NA	NA	NA	NA	NA	NA	NA	NA	NA	1	0	1	6	1	1	NA	NA	NA	7	0	7
12	67963026	67964273	7	6	1	1	g	NA	14	1	0.05	0.1	NA	NA	NA	NA	NA	NA	NA	NA	NA	NA	NA	NA	NA	NA	NA	NA	6	1	1	NA	NA	NA	NA	NA	NA
12	67964274	68301154	7	6	1	2	d	4	14	1	0.0347091712241	0.247945855671	7	1	6	6	1	1	NA	NA	NA	NA	NA	NA	NA	7	1	6	6	1	1	NA	NA	NA	6	0	6
12	68301155	68305142	5	4	1	2	f	2	4.22	1	0.05	0.1	7	1	6	NA	NA	NA	NA	NA	NA	NA	NA	NA	NA	NA	NA	NA	4	1	1	NA	NA	NA	4	0	0
12	68305143	69578161	5	4	1	2	d	5	4.22	1	0.0388053925736	0.207178949725	5	1	4	4	1	1	NA	NA	NA	NA	NA	NA	NA	5	1	4	4	1	1	NA	NA	NA	5	1	4
12	69578162	69590305	3	2	1	2	d	3	4.22	1	0.05	0.1	5	1	4	2	1	1	NA	NA	NA	NA	NA	NA	NA	3	1	2	4	1	1	NA	NA	NA	3	1	2
12	69590306	70356574	5	4	1	2	d	5	4.22	1	0.0425431335393	0.245860182677	5	1	4	4	1	1	NA	NA	NA	NA	NA	NA	NA	5	1	4	4	1	1	NA	NA	NA	5	1	4
12	70356575	70359969	5	4	1	2	d	4	NA	NA	NA	NA	5	1	4	4	1	1	NA	NA	NA	NA	NA	NA	NA	NA	NA	NA	4	1	1	NA	NA	NA	5	1	4
12	70359970	70548261	5	4	1	3	a	6	4	1	0.0426097249816	0.182295051289	5	1	4	4	1	1	NA	NA	NA	NA	NA	NA	NA	5	1	4	4	1	1	NA	NA	NA	5	1	4
12	70548262	70549543	5	4	1	1	g	NA	2.11	1	0.05	0.1	5	1	4	3	2	1	NA	NA	NA	NA	NA	NA	NA	NA	NA	NA	4	1	1	NA	NA	NA	4	1	3
12	70549544	72801102	3	2	1	2	d	4	2.11	1	0.0551695490376	0.18496568184	3.141794	1.092265373	2.0495288	2	1	1	NA	NA	NA	NA	NA	NA	NA	3	1	2	2	1	1	NA	NA	NA	3	1	2
12	72801103	72802266	3	2	1	2	d	2	NA	NA	NA	NA	3.141794	1.092265373	2.0495288	NA	NA	NA	NA	NA	NA	NA	NA	NA	NA	1	0	1	2	1	1	NA	NA	NA	3	1	2
12	72802267	108776849	1	1	0	3	a	6	1	0	0.0711142375015	0.118052057601	1	0	1	1	0	1	NA	NA	NA	NA	NA	NA	NA	1	0	1	1	0	1	NA	NA	NA	1	0	1
12	108776850	118070005	2	1	1	3	a	6	1	1	0.0355291352792	0.125635082645	2	1	1	1	1	1	NA	NA	NA	NA	NA	NA	NA	2	1	1	1	1	1	NA	NA	NA	2	1	1
12	118070006	118528816	2	1	1	2	e	4	1.22	1	0.047902484491	0.146311914381	2.469053	0.971630425	1.49742284	1	1	0.510614009420933	2	1	0.489385990579067	0.0413627510688451	0.0409337103309202	0.431988775054813	0.588408401815482	3	1	2	2	1	0.468259	1	1	0.531741	2	1	1
12	118528817	118760133	1	1	0	3	a	6	1	0	0.0775270068391	0.103349760619	1	0	1	1	0	1	NA	NA	NA	NA	NA	NA	NA	1	0	1	1	0	1	NA	NA	NA	1	0	1
12	118760134	132349400	2	1	1	3	a	6	1	1	0.0365711551919	0.128297173666	2	1	1	1	1	1	NA	NA	NA	NA	NA	NA	NA	2	1	1	1	1	1	NA	NA	NA	2	1	1
12	132349401	133851894	2	1	1	3	b	5	NA	NA	NA	NA	2	1	1	1	1	1	NA	NA	NA	NA	NA	NA	NA	2	1	1	1	1	1	NA	NA	NA	2	1	1
13	1	16299999	1	1	0	1	h	1	NA	NA	NA	NA	NA	NA	NA	NA	NA	NA	NA	NA	NA	NA	NA	NA	NA	NA	NA	NA	NA	NA	NA	NA	NA	NA	1	0	1
13	16300000	19499999	1	1	0	2	d	4	1	0	0.0646599823997	0.278034775039	NA	NA	NA	1	0	1	NA	NA	NA	NA	NA	NA	NA	NA	NA	NA	1	0	1	NA	NA	NA	1	0	1
13	19500000	57702201	1	1	0	3	b	5	1	0	0.0661040833911	0.114548941573	1	0	1	1	0	1	NA	NA	NA	NA	NA	NA	NA	NA	NA	NA	1	0	1	NA	NA	NA	1	0	1
13	57702202	73113567	1	1	0	2	d	4	1	0	0.0779770116101	0.141768046665	1.116949	0.053302841	1.06364611	1	0	1	NA	NA	NA	NA	NA	NA	NA	NA	NA	NA	1	0	1	NA	NA	NA	1	0	1
13	73113568	74192118	2	2	0	2	d	4	2.32	0	0.0581724567078	0.138641044373	2.193213	0.006636544	2.1865763	2	0	1	NA	NA	NA	NA	NA	NA	NA	2	0	2	2	0	1	NA	NA	NA	2	0	2
13	74192119	82044527	1	1	0	2	d	4	1.11	0	0.071420635473	0.114802826271	1.105179	0.031251388	1.07392742	1	0	1	NA	NA	NA	NA	NA	NA	NA	1	0	1	1	0	1	NA	NA	NA	1	0	1
13	82044528	114142800	1	1	0	2	d	5	1.11	0	0.0689832274313	0.115728404017	1	0	1	1	0	1	NA	NA	NA	NA	NA	NA	NA	1	0	1	1	0	1	NA	NA	NA	1	0	1
13	114142801	115169877	1	1	0	3	b	5	NA	NA	NA	NA	1	0	1	1	0	1	NA	NA	NA	NA	NA	NA	NA	1	0	1	1	0	1	NA	NA	NA	1	0	1
14	1	16099999	2	2	0	1	h	1	NA	NA	NA	NA	NA	NA	NA	NA	NA	NA	NA	NA	NA	NA	NA	NA	NA	NA	NA	NA	NA	NA	NA	NA	NA	NA	2	0	2
14	16100000	19099999	NA	NA	NA	NA	NA	NA	2	0	0.05	0.100526894116	NA	NA	NA	NA	NA	NA	NA	NA	NA	NA	NA	NA	NA	2	1	1	1	1	1	NA	NA	NA	2	0	2
14	19100000	19432148	2	2	0	2	d	3	2	0	0.05	0.1	NA	NA	NA	NA	NA	NA	NA	NA	NA	NA	NA	NA	NA	NA	NA	NA	2	0	1	NA	NA	NA	2	0	2
14	19432149	19728801	2	2	0	2	d	4	2	0	0.05	0.475659007085	NA	NA	NA	NA	NA	NA	NA	NA	NA	NA	NA	NA	NA	2	0	2	2	0	1	NA	NA	NA	2	0	2
14	19728802	20437980	1	1	0	1	g	NA	2	0	0.05	0.21883861064	1.528012	0	1.52801244	NA	NA	NA	NA	NA	NA	NA	NA	NA	NA	1	0	1	1	0	1	NA	NA	NA	2	0	2
14	20437981	67019015	2	2	0	2	d	5	2.11	0	0.0589417538782	0.149150201297	2	0	2	2	0	1	NA	NA	NA	NA	NA	NA	NA	2	0	2	2	0	1	NA	NA	NA	2	0	2
14	67019016	67106826	2	2	0	2	d	4	2.11	0	0.05	0.0891494657016	2	0	2	2	0	1	NA	NA	NA	NA	NA	NA	NA	NA	NA	NA	2	0	1	NA	NA	NA	2	0	2
14	67106827	73991595	2	2	0	2	d	5	2.11	0	0.0492408225542	0.134375894276	2	0	2	2	0	1	NA	NA	NA	NA	NA	NA	NA	2	0	2	2	0	1	NA	NA	NA	2	0	2
14	73991596	106368400	2	2	0	2	d	5	2.11	0	0.0550788976646	0.14343925182	2	0	2	2	0	1	NA	NA	NA	NA	NA	NA	NA	2	0	2	2	0	1	NA	NA	NA	2	0	2
15	1	15799999	2	1	1	1	h	1	NA	NA	NA	NA	NA	NA	NA	NA	NA	NA	NA	NA	NA	NA	NA	NA	NA	NA	NA	NA	NA	NA	NA	NA	NA	NA	2	1	1
15	15800000	20699999	2	1	1	2	d	3	1	1	0.05	0.544512410343	NA	NA	NA	1	1	1	NA	NA	NA	NA	NA	NA	NA	NA	NA	NA	1	0	0.525699	1	1	0.474301	2	1	1
15	20700000	48025043	2	1	1	3	a	6	1	1	0.0391616694914	0.174980330612	2	1	1	1	1	1	NA	NA	NA	NA	NA	NA	NA	2	1	1	1	1	1	NA	NA	NA	2	1	1
15	48025044	96564830	2	1	1	3	a	6	1	1	0.0378220398217	0.128513803361	2	1	1	1	1	1	NA	NA	NA	NA	NA	NA	NA	2	1	1	1	1	1	NA	NA	NA	2	1	1
15	96564831	100338800	3	2	1	3	a	6	2	1	0.0505693147539	0.161643265932	3	1	2	2	1	1	NA	NA	NA	NA	NA	NA	NA	3	1	2	2	1	1	NA	NA	NA	3	1	2
15	100338801	102421931	3	2	1	3	b	5	NA	NA	NA	NA	3	1	2	2	1	1	NA	NA	NA	NA	NA	NA	NA	3	1	2	2	1	1	NA	NA	NA	3	1	2
16	44298	146496	1	1	0	2	d	4	1	0	0.05	0.1	NA	NA	NA	2	0	1	NA	NA	NA	NA	NA	NA	NA	1	0	1	1	0	1	NA	NA	NA	1	0	1
16	146497	27650455	1	1	0	3	a	6	1	0	0.062744878448	0.130480155952	1	0	1	1	0	1	NA	NA	NA	NA	NA	NA	NA	1	0	1	1	0	1	NA	NA	NA	1	0	1
16	27650456	31380195	3	2	1	2	d	2	1.45	1	0.0456720956921	0.177614467327	2.43724	0.948411902	1.48882808	1	1	0.524141284351667	2	1	0.475858715648333	0.0275966913096474	0.0266846644389215	0.489223343537741	0.596488482967487	3	1	2	2	1	0.41872	1	1	0.58128	3	1	2
16	31380196	33582499	1	1	0	2	d	4	1.22	0	0.0499978061338	0.280815121718	1.133375	0.081387107	1.05198747	1	0	1	NA	NA	NA	NA	NA	NA	NA	1	0	1	1	0	1	NA	NA	NA	1	0	1
16	33582500	34412500	2	1	1	2	d	5	1	1	0.05	0.328172729514	1.133375	0.081387107	1.05198747	1	1	1	NA	NA	NA	NA	NA	NA	NA	2	1	1	1	1	1	NA	NA	NA	2	1	1
16	34412501	38599999	2	1	1	3	a	6	1	1	0.05	0.205271266789	2	1	1	1	1	1	NA	NA	NA	NA	NA	NA	NA	2	1	1	1	1	1	NA	NA	NA	2	1	1
16	38600000	46457499	2	1	1	2	d	3	NA	NA	NA	NA	2	1	1	NA	NA	NA	NA	NA	NA	NA	NA	NA	NA	NA	NA	NA	1	1	1	NA	NA	NA	2	1	1
16	46457500	73424412	2	1	1	3	a	6	1	1	0.039785488292	0.139353168065	2	1	1	1	1	1	NA	NA	NA	NA	NA	NA	NA	2	1	1	1	1	1	NA	NA	NA	2	1	1
16	73424413	74874850	3	2	1	2	d	4	2	1	0.052288999628	0.203390336913	2.875339	0.91350072	1.9618386	2	0	0.108502994011981	2	1	0.891497005988019	0.0229019178770817	0.0235691669927743	0.0546870915257285	0.145084915058041	3	1	2	2	1	1	NA	NA	NA	3	1	2
16	74874851	74878424	3	2	1	1	g	NA	NA	NA	NA	NA	2.875339	0.91350072	1.9618386	4	1	1	NA	NA	NA	NA	NA	NA	NA	4	1	3	2	1	1	NA	NA	NA	4	1	3
16	74878425	76768177	5	4	1	2	d	5	4.16	1	0.0477480512689	0.217183314597	5	1	4	4	1	1	NA	NA	NA	NA	NA	NA	NA	5	1	4	4	1	1	NA	NA	NA	5	1	4
16	76768178	76936805	1	1	0	2	d	2	1	0	0.0693419730352	0.254757568262	1.109101	0.076834523	1.03226687	1	0	0.91845294917412	1	1	0.08154705082588	0.0311416687821248	0.0309301710294808	0.860879713974655	0.984537084487237	NA	NA	NA	1	0	1	NA	NA	NA	2	1	1
16	76936806	78668988	2	1	1	2	d	4	1	1	0.0416271595271	0.133150340094	1.868569	0.93428456	0.93428456	1	0	0.138611665557775	1	1	0.861388334442225	0.012668030578349	0.0126782047110196	0.0980159954300829	0.14731206157023	2	1	1	1	1	1	NA	NA	NA	2	1	1
16	78668989	78676164	2	1	1	2	d	3	1	1	0.05	0.1	1.868569	0.93428456	0.93428456	1	0	0.692848754662834	1	1	0.307151245337166	0.105279936195732	0.104621794222136	0.362252682291449	0.780941948366632	1	0	1	1	1	1	NA	NA	NA	2	1	1
16	78676165	81356373	2	1	1	2	d	5	1	1	0.0386196215547	0.144199768439	1.895592	0.947796171	0.94779617	1	1	1	NA	NA	NA	NA	NA	NA	NA	2	1	1	1	1	1	NA	NA	NA	2	1	1
16	81356374	82779078	3	2	1	2	d	3	2.11	1	0.0491432883112	0.156613647632	2.875238	0.889585995	1.98565229	2	0	0.131125504093855	2	1	0.868874495906145	0.0137461608952754	0.014215886971945	0.0939227645019793	0.149401414599314	3	1	2	2	1	1	NA	NA	NA	3	1	2
16	82779079	83405018	2	1	1	2	d	5	1	1	0.0362608285226	0.223124831879	1.88232	0.941160048	0.94116005	1	1	1	NA	NA	NA	NA	NA	NA	NA	2	1	1	1	1	1	NA	NA	NA	2	1	1
16	83405019	83658987	3	2	1	2	d	4	2	1	0.0464915391813	0.135637079196	2.861503	0.872066171	1.98943732	2	0	0.101781118381486	2	1	0.898218881618514	0.0317571403780466	0.0308238134977572	0.0227382018905926	0.142903229342181	3	1	2	2	1	1	NA	NA	NA	3	1	2
16	83658988	83974443	2	1	1	2	d	5	1	1	0.0342317955599	0.133049921377	1.870905	0.935452576	0.93545258	1	1	1	NA	NA	NA	NA	NA	NA	NA	2	1	1	1	1	1	NA	NA	NA	2	1	1
16	83974444	83985496	3	2	1	2	d	4	1	1	0.05	0.1	2.186931	0.527300087	1.65963124	2	1	1	NA	NA	NA	NA	NA	NA	NA	3	1	2	2	1	1	NA	NA	NA	3	1	2
16	83985497	84166405	2	1	1	2	d	5	1	1	0.0312315737465	0.151974558415	1.862301	0.931150512	0.93115051	1	1	1	NA	NA	NA	NA	NA	NA	NA	2	1	1	1	1	1	NA	NA	NA	2	1	1
16	84166406	85964170	1	1	0	2	d	4	1	0	0.061308516356	0.0995703540058	0.847137	0.003612129	0.84352453	0	0	0.136660013306714	1	0	0.863339986693285	0.0152566418813241	0.0146088838735873	0.12065201350109	0.178123420957476	1	0	1	1	0	1	NA	NA	NA	1	0	1
16	85964171	87216001	2	1	1	2	d	4	1	1	0.036389824772	0.118610802254	1.823245	0.911622405	0.91162241	1	0	0.138611665557775	1	1	0.861388334442225	0.0143868926928556	0.0145067609089838	0.0958561697774709	0.153961057359144	2	1	1	1	1	1	NA	NA	NA	2	1	1
16	87216002	87216841	4	3	1	2	e	0	1	1	0.05	0.1	1.823245	0.911622405	0.91162241	1	0	1	NA	NA	NA	NA	NA	NA	NA	NA	NA	NA	1	1	1	NA	NA	NA	1	0	1
16	87216842	87478271	2	1	1	2	d	4	1	1	0.029601106636	0.112579943921	1.85941	0.929705045	0.92970505	1	0	0.101982831802157	1	1	0.898017168197843	0.0408311252511653	0.0400336680898617	0.0252942724125017	0.180059857767988	2	1	1	1	1	1	NA	NA	NA	2	1	1
16	87478272	87638064	1	1	0	2	d	5	1	0	0.0704283524266	0.054821802428	0.874807	0.034855565	0.83995157	1	0	1	NA	NA	NA	NA	NA	NA	NA	1	0	1	1	0	1	NA	NA	NA	1	0	1
16	87638065	88827200	2	1	1	2	d	4	1	1	0.0339429178296	0.153558652674	1.833672	0.916835755	0.91683575	1	0	0.0866322909736058	1	1	0.913367709026394	0.0146997015276047	0.014736847183632	0.0418503316359149	0.0990915460375048	2	1	1	1	1	1	NA	NA	NA	2	1	1
16	88827201	90354752	2	1	1	2	d	3	NA	NA	NA	NA	1.867199	0.933599616	0.93359962	1	0	0.143391378163215	1	1	0.856608621836785	0.017274211440441	0.0172600880404484	0.105640767635172	0.173377180064596	2	1	1	1	1	1	NA	NA	NA	2	1	1
17	7	258357	3	2	1	2	d	4	2	1	0.0447432124086	0.187869950791	2.778635	0.966071097	1.81256423	1	1	0.216799757509378	2	1	0.783200242490622	0.0468781423013858	0.0459718034375478	0.0910244556742216	0.269850358679237	3	1	2	2	1	1	NA	NA	NA	3	1	2
17	258358	641833	2	1	1	2	d	5	1	1	0.05	0.114587410277	2.778635	0.966071097	1.81256423	1	1	1	NA	NA	NA	NA	NA	NA	NA	2	1	1	1	1	1	NA	NA	NA	2	1	1
17	641834	1960048	3	2	1	2	d	3	1.77	1	0.0507259975761	0.146184412195	2.817325	1.004555189	1.8127701	1	1	0.168330006653363	2	1	0.831669993346637	0.0235548616630077	0.0235476737423611	0.159723886742607	0.253193086618857	3	1	2	2	1	1	NA	NA	NA	3	1	2
17	1960049	2087209	2	1	1	2	d	2	1.77	1	0.05	0.151785174798	2.228844	0.859609849	1.36923429	1	1	0.592175835136501	2	1	0.407824164863499	0.100275574571416	0.0936570185786718	0.446323430600624	0.794842570068581	3	1	2	1	1	1	NA	NA	NA	2	1	1
17	2087210	2841172	3	2	1	2	d	3	1.77	1	0.0464267551701	0.122555539665	2.855668	1.069095787	1.78657216	1	1	0.168330006653363	2	1	0.831669993346637	0.0374571139360048	0.0361646096346373	0.118942928733666	0.260354301166677	3	1	2	2	1	1	NA	NA	NA	3	1	2
17	2841173	3389915	2	1	1	3	a	6	1	1	0.0345368866973	0.145846479876	2	1	1	1	1	1	NA	NA	NA	NA	NA	NA	NA	2	1	1	1	1	1	NA	NA	NA	2	1	1
17	3389916	5262217	3	2	1	2	d	3	1.77	1	0.0499354684509	0.167659420746	2.843172	1.039479498	1.80369212	1	1	0.149428415895486	2	1	0.850571584104514	0.0187240572125145	0.0185007317998821	0.120214252829386	0.192439146364838	3	1	2	2	1	1	NA	NA	NA	3	1	2
17	5262218	5602171	2	1	1	2	d	5	1	1	0.0356638507793	0.135073281422	2	1	1	1	0	0.127980482610742	1	1	0.872019517389258	0.0376786560768854	0.0366376536583558	0.0389809622734669	0.18783947814594	2	1	1	1	1	1	NA	NA	NA	2	1	1
17	5602172	5702379	3	2	1	2	d	3	1.16	1	0.0432469285457	0.151342025314	2.786344	1.016743004	1.76960056	1	1	0.164395312959742	2	1	0.835604687040258	0.0640491108722433	0.0611314191182763	0.0836396052802774	0.318215698914916	3	1	2	2	1	1	NA	NA	NA	3	1	2
17	5702380	12204691	2	1	1	3	a	6	1	1	0.0383926649031	0.118330013132	2	1	1	1	1	1	NA	NA	NA	NA	NA	NA	NA	2	1	1	1	1	1	NA	NA	NA	2	1	1
17	12204692	13016335	1	1	0	3	a	6	1	0	0.0600402813558	0.111653950285	1	0	1	1	0	1	NA	NA	NA	NA	NA	NA	NA	1	0	1	1	0	1	NA	NA	NA	1	0	1
17	13016336	14768033	2	1	1	3	a	6	1	1	0.0368958186548	0.141086204857	2	1	1	1	1	1	NA	NA	NA	NA	NA	NA	NA	2	1	1	1	1	1	NA	NA	NA	2	1	1
17	14768034	15379314	2	1	1	2	d	5	1	1	0.035722286415	0.196744380467	2	1	1	1	0	0.110909589905561	1	1	0.889090410094439	0.0288223503981358	0.0284525169249767	0.0660992075281547	0.178683980357907	2	1	1	1	1	1	NA	NA	NA	2	1	1
17	15379315	15687251	3	2	1	2	d	3	NA	NA	NA	NA	2	1	1	2	2	0.763140385894883	3	2	0.236859614105117	NA	0	0.763140385894883	0.763140385894883	3	1	2	2	1	1	NA	NA	NA	3	1	2
17	15687252	16162480	2	1	1	2	d	4	NA	NA	NA	NA	NA	NA	NA	1	1	1	NA	NA	NA	NA	NA	NA	NA	2	1	1	1	1	1	NA	NA	NA	2	1	1
17	16162481	19841863	3	2	1	2	d	4	2	1	0.0525787935219	0.210453258455	2.811835	1.010429085	1.801406	1	1	0.182056416220238	2	1	0.817943583779762	0.0185066423187221	0.0187451961605513	0.15174122165751	0.223128745609831	3	1	2	2	1	1	NA	NA	NA	3	1	2
17	19841864	20445001	2	1	1	2	d	5	1	1	0.0332463605455	0.161008301694	2	1	1	1	0	0.129948436460416	1	1	0.870051563539584	0.029496569089698	0.0285515135947079	0.0832264698190194	0.19726073299049	2	1	1	1	1	1	NA	NA	NA	2	1	1
17	20445002	21180725	3	2	1	2	d	4	2	1	0.057418378495	0.16663209443	2.709607	0.950047165	1.75955978	1	1	0.207933339669866	2	1	0.792066660330134	0.0441036506829732	0.0439852541270681	0.162417252940558	0.333947596109562	3	1	2	2	1	1	NA	NA	NA	3	1	2
17	21180726	21970422	2	1	1	2	d	4	1.11	1.11	0.0304971909436	0.258179316749	1.851612	0.925806133	0.92580613	1	1	1	NA	NA	NA	NA	NA	NA	NA	2	1	1	1	1	1	NA	NA	NA	2	1	1
17	21970423	25799999	NA	NA	NA	NA	NA	NA	2	2	0.0771853861353	0.677739586349	1.54709	0.292904771	1.25418506	NA	NA	NA	NA	NA	NA	NA	NA	NA	NA	2	1	1	1	0	0.791713	1	1	0.208287	2	1	1
17	25800000	29749994	1	1	0	3	a	6	1	0	0.0582923780179	0.104925870337	1	0	1	1	0	1	NA	NA	NA	NA	NA	NA	NA	1	0	1	1	0	1	NA	NA	NA	1	0	1
17	29749995	30190733	2	1	1	3	a	6	1	1	0.0357868838777	0.126998097121	2	1	1	1	1	1	NA	NA	NA	NA	NA	NA	NA	2	1	1	1	1	1	NA	NA	NA	2	1	1
17	30190734	30216079	3	2	1	2	d	4	NA	NA	NA	NA	2	1	1	2	1	1	NA	NA	NA	NA	NA	NA	NA	3	1	2	2	1	1	NA	NA	NA	3	1	2
17	30216080	30216475	3	2	1	2	d	3	NA	NA	NA	NA	NA	NA	NA	2	1	1	NA	NA	NA	NA	NA	NA	NA	NA	NA	NA	2	1	1	NA	NA	NA	3	1	2
17	30216476	30286746	3	2	1	3	b	5	2	1	0.05	0.1	NA	NA	NA	2	1	1	NA	NA	NA	NA	NA	NA	NA	3	1	2	2	1	1	NA	NA	NA	3	1	2
17	30286747	30583005	2	1	1	3	a	6	1	1	0.0528942519313	0.125846122323	2	1	1	1	1	1	NA	NA	NA	NA	NA	NA	NA	2	1	1	1	1	1	NA	NA	NA	2	1	1
17	30583006	30612423	2	1	1	1	g	NA	NA	NA	NA	NA	2	1	1	2	0	1	NA	NA	NA	NA	NA	NA	NA	1	0	1	1	1	1	NA	NA	NA	1	0	1
17	30612424	30736729	2	1	1	3	a	6	1	1	0.05	0.108955863906	2	1	1	1	1	1	NA	NA	NA	NA	NA	NA	NA	2	1	1	1	1	1	NA	NA	NA	2	1	1
17	30736730	30747079	2	1	1	2	d	3	NA	NA	NA	NA	2	1	1	1	1	1	NA	NA	NA	NA	NA	NA	NA	NA	NA	NA	2	1	1	NA	NA	NA	2	1	1
17	30747080	30954227	3	2	1	2	d	3	1.49	1	0.0324781330478	0.174065761004	2.818771	1.063174701	1.75559665	1	1	0.195563392306636	2	1	0.804436607693364	0.0713779989762616	0.0719678974370132	0.0477153154354561	0.32873419760774	3	1	2	2	1	1	NA	NA	NA	3	1	2
17	30954228	31001799	3	2	1	2	d	3	1.49	1	0.05	0.1	2.818771	1.063174701	1.75559665	1	1	0.195563392306636	2	1	0.804436607693364	0.0713779989762616	0.0719678974370132	0.0477153154354561	0.32873419760774	3	1	2	2	1	1	NA	NA	NA	3	1	2
17	31001800	31036212	4	3	1	2	e	0	1.49	1	0.05	0.1	NA	NA	NA	1	1	1	NA	NA	NA	NA	NA	NA	NA	3	1	2	1	0	1	NA	NA	NA	3	1	2
17	31036213	31037600	1	1	0	2	d	3	1	0	0.05	0.1	NA	NA	NA	NA	NA	NA	NA	NA	NA	NA	NA	NA	NA	1	0	1	1	0	1	NA	NA	NA	3	1	2
17	31037601	32304852	1	1	0	3	a	6	1	0	0.0643350858677	0.0891928791029	1	0	1	1	0	1	NA	NA	NA	NA	NA	NA	NA	1	0	1	1	0	1	NA	NA	NA	1	0	1
17	32304853	44229981	2	1	1	3	a	6	1	1	0.0398800687227	0.16970684162	2	1	1	1	1	1	NA	NA	NA	NA	NA	NA	NA	2	1	1	1	1	1	NA	NA	NA	2	1	1
17	44229982	57728496	2	1	1	3	a	6	1	1	0.0391466709025	0.136002872125	2	1	1	1	1	1	NA	NA	NA	NA	NA	NA	NA	2	1	1	1	1	1	NA	NA	NA	2	1	1
17	57728497	57755006	2	1	1	2	d	4	1	1	0.05	0.1	2	1	1	2	1	1	NA	NA	NA	NA	NA	NA	NA	NA	NA	NA	1	1	1	NA	NA	NA	2	1	1
17	57755007	70511187	2	1	1	3	a	6	1	1	0.0389637640853	0.134265472279	2	1	1	1	1	1	NA	NA	NA	NA	NA	NA	NA	2	1	1	1	1	1	NA	NA	NA	2	1	1
17	70511188	70545185	1	1	0	2	d	3	NA	NA	NA	NA	2	1	1	1	0	1	NA	NA	NA	NA	NA	NA	NA	1	0	1	1	1	1	NA	NA	NA	1	0	1
17	70545186	78774600	2	1	1	3	a	6	1	1	0.032280919281	0.136664863943	2	1	1	1	1	1	NA	NA	NA	NA	NA	NA	NA	2	1	1	1	1	1	NA	NA	NA	2	1	1
17	78774601	81195209	2	1	1	3	b	5	NA	NA	NA	NA	2	1	1	1	1	1	NA	NA	NA	NA	NA	NA	NA	2	1	1	1	1	1	NA	NA	NA	2	1	1
18	27500	138600	2	1	1	2	d	3	0.89	0.89	0.05	0.841676243729	NA	NA	NA	1	1	1	NA	NA	NA	NA	NA	NA	NA	NA	NA	NA	1	1	1	NA	NA	NA	2	1	1
18	138601	15399999	2	1	1	2	d	4	0.89	0.89	0.0399163870614	0.130244574191	1.673377	0.836688624	0.83668862	1	1	1	NA	NA	NA	NA	NA	NA	NA	2	1	1	1	1	1	NA	NA	NA	2	1	1
18	15400000	18999999	2	1	1	2	d	5	1	1	0.05	0.111971509913	1.660533	0.830266411	0.83026641	1	1	1	NA	NA	NA	NA	NA	NA	NA	2	1	1	1	1	1	NA	NA	NA	2	1	1
18	19000000	36071710	2	1	1	2	d	5	1	1	0.0425202391715	0.131124095423	1.704578	0.852289205	0.85228921	1	1	1	NA	NA	NA	NA	NA	NA	NA	2	1	1	1	1	1	NA	NA	NA	2	1	1
18	36071711	36320721	2	1	1	2	d	4	1	1	0.0345235906231	0.113158834737	2.065784	0.831346754	1.2344373	1	0	0.346529163894431	1	1	0.653470836105569	0.0483888176440873	0.0475933414203569	0.209910933759894	0.402548042163462	2	1	1	1	1	1	NA	NA	NA	2	1	1
18	36320722	37135659	2	1	1	2	d	5	1	1	0.0419137477885	0.133055339641	1.760465	0.880232395	0.88023239	1	1	1	NA	NA	NA	NA	NA	NA	NA	2	1	1	1	1	1	NA	NA	NA	2	1	1
18	37135660	37138991	2	1	1	2	d	4	1	1	0.05	0.1	1.760465	0.880232395	0.88023239	1	1	1	NA	NA	NA	NA	NA	NA	NA	1	0	1	1	1	1	NA	NA	NA	2	1	1
18	37138992	37140222	2	1	1	2	d	4	1	1	0.05	0.1	NA	NA	NA	1	1	1	NA	NA	NA	NA	NA	NA	NA	NA	NA	NA	1	1	1	NA	NA	NA	2	1	1
18	37140223	65172288	2	1	1	2	d	5	1	1	0.043538612172	0.138798635927	1.71583	0.857915179	0.85791518	1	1	1	NA	NA	NA	NA	NA	NA	NA	2	1	1	1	1	1	NA	NA	NA	2	1	1
18	65172289	76117000	2	1	1	2	d	5	1	1	0.0435055862987	0.134080347208	1.668327	0.834163349	0.83416335	1	1	1	NA	NA	NA	NA	NA	NA	NA	2	1	1	1	1	1	NA	NA	NA	2	1	1
18	76117001	78077247	2	1	1	2	d	4	NA	NA	NA	NA	1.61667	0.808334981	0.80833498	1	1	1	NA	NA	NA	NA	NA	NA	NA	2	1	1	1	1	1	NA	NA	NA	2	1	1
19	102500	255095	2	1	1	2	d	3	NA	NA	NA	NA	NA	NA	NA	1	1	1	NA	NA	NA	NA	NA	NA	NA	NA	NA	NA	1	1	1	NA	NA	NA	2	1	1
19	255096	24399999	2	1	1	2	d	5	1	1	0.0366026159125	0.144534790889	1.874375	0.937187728	0.93718773	1	1	1	NA	NA	NA	NA	NA	NA	NA	2	1	1	1	1	1	NA	NA	NA	2	1	1
19	24400000	28599999	2	1	1	2	d	4	0.78	0.78	0.0374487700128	0.203299435402	2	1	1	NA	NA	NA	NA	NA	NA	NA	NA	NA	NA	2	1	1	1	1	1	NA	NA	NA	2	1	1
19	28600000	59128982	2	1	1	2	d	3	0.78	0.78	0.0420595403332	0.14626741465	1.697532	0.848765819	0.84876582	1	0	0.229318500230608	1	1	0.770681499769392	0.00398412714425543	0.00403032118617468	0.221350079261815	0.237002562182657	2	1	1	1	1	1	NA	NA	NA	2	1	1
20	24347	22707272	2	1	1	2	d	5	0.89	0.89	0.0385898951419	0.127366294126	2	1	1	1	1	1	NA	NA	NA	NA	NA	NA	NA	2	1	1	1	1	1	NA	NA	NA	2	1	1
20	22707273	25599999	2	1	1	2	d	5	0.89	0.89	0.0366405578735	0.129221368094	2	1	1	1	1	1	NA	NA	NA	NA	NA	NA	NA	2	1	1	1	1	1	NA	NA	NA	2	1	1
20	25600000	29399999	2	1	1	2	d	5	0.89	0.89	0.0330026413719	0.157584355376	2	1	1	1	1	1	NA	NA	NA	NA	NA	NA	NA	2	1	1	1	1	1	NA	NA	NA	2	1	1
20	29400000	40959027	2	1	1	2	d	5	0.89	0.89	0.0373516053643	0.13994908199	2	1	1	1	1	1	NA	NA	NA	NA	NA	NA	NA	2	1	1	1	1	1	NA	NA	NA	2	1	1
20	40959028	40966479	2	1	1	2	e	3	0.89	0.89	0.05	0.1	2	1	1	2	0	1	NA	NA	NA	NA	NA	NA	NA	NA	NA	NA	1	1	1	NA	NA	NA	1	0	1
20	40966480	62432500	2	1	1	2	d	5	0.89	0.89	0.0380207176823	0.123913616528	2	1	1	1	1	1	NA	NA	NA	NA	NA	NA	NA	2	1	1	1	1	1	NA	NA	NA	2	1	1
21	1	9417499	NA	NA	NA	NA	NA	NA	1	1	0.05	0.1	NA	NA	NA	NA	NA	NA	NA	NA	NA	NA	NA	NA	NA	NA	NA	NA	2	0	0.611182	2	1	0.388818	NA	NA	NA
21	9417500	10899999	NA	NA	NA	NA	NA	NA	1	1	0.05	0.309016770595	NA	NA	NA	NA	NA	NA	NA	NA	NA	NA	NA	NA	NA	NA	NA	NA	2	0	0.611182	2	1	0.388818	NA	NA	NA
21	10900000	14299999	2	2	0	1	g	NA	1	1	0.05	0.2267592936	NA	NA	NA	NA	NA	NA	NA	NA	NA	NA	NA	NA	NA	NA	NA	NA	2	0	1	NA	NA	NA	NA	NA	NA
21	14300000	46937500	2	1	1	3	b	5	1	1	0.0415070636383	0.152756102475	2	1	1	1	1	1	NA	NA	NA	NA	NA	NA	NA	2	1	1	1	1	1	NA	NA	NA	NA	NA	NA
21	46937501	48129894	2	1	1	2	d	4	NA	NA	NA	NA	2	1	1	1	1	1	NA	NA	NA	NA	NA	NA	NA	2	1	1	1	1	1	NA	NA	NA	NA	NA	NA
22	1	12199999	2	1	1	1	h	1	NA	NA	NA	NA	NA	NA	NA	NA	NA	NA	NA	NA	NA	NA	NA	NA	NA	NA	NA	NA	NA	NA	NA	NA	NA	NA	2	1	1
22	12200000	17899999	2	1	1	3	b	5	1	1	0.0567703370536	0.187519812576	2	1	1	1	0	0.0945079537893895	1	1	0.905492046210611	0.0326444963859728	0.0328920387163016	0.0347272836808912	0.168418872832172	2	1	1	1	1	1	NA	NA	NA	2	1	1
22	17900000	29065427	2	1	1	3	a	6	1	1	0.0365564431886	0.134266210882	2	1	1	1	1	1	NA	NA	NA	NA	NA	NA	NA	2	1	1	1	1	1	NA	NA	NA	2	1	1
22	29065428	29065806	2	1	1	3	b	5	1	1	0.05	0.1	2	1	1	1	1	1	NA	NA	NA	NA	NA	NA	NA	NA	NA	NA	1	1	1	NA	NA	NA	2	1	1
22	29065807	49687500	2	1	1	3	a	6	1	1	0.0371228621359	0.134355454763	2	1	1	1	1	1	NA	NA	NA	NA	NA	NA	NA	2	1	1	1	1	1	NA	NA	NA	2	1	1
22	49687501	51304565	2	1	1	3	b	5	NA	NA	NA	NA	2	1	1	1	1	1	NA	NA	NA	NA	NA	NA	NA	2	1	1	1	1	1	NA	NA	NA	2	1	1
X	1	10672375	1	1	0	3	a	3	1	0	0.0636613502477	0.179163055215	1	0	1	NA	NA	NA	NA	NA	NA	NA	NA	NA	NA	1	0	1	NA	NA	NA	NA	NA	NA	2	1	1
X	10672376	10674481	1	1	0	3	a	3	1	0	0.05	0.1	1	0	1	NA	NA	NA	NA	NA	NA	NA	NA	NA	NA	1	0	1	NA	NA	NA	NA	NA	NA	2	1	1
X	10674482	11731791	1	1	0	3	a	3	1	0	0.05	0.155290702746	1	0	1	NA	NA	NA	NA	NA	NA	NA	NA	NA	NA	1	0	1	NA	NA	NA	NA	NA	NA	NA	NA	NA
X	11731792	58099999	1	1	0	3	a	3	1	0	0.05	0.226988090248	1	0	1	NA	NA	NA	NA	NA	NA	NA	NA	NA	NA	1	0	1	NA	NA	NA	NA	NA	NA	NA	NA	NA
X	58100000	62999999	1	1	0	3	a	3	1	0	0.05	0.294740628953	1	0	1	NA	NA	NA	NA	NA	NA	NA	NA	NA	NA	1	0	1	NA	NA	NA	NA	NA	NA	NA	NA	NA
X	63000000	96283981	1	1	0	3	a	3	1	0	0.05	0.197140951287	1	0	1	NA	NA	NA	NA	NA	NA	NA	NA	NA	NA	1	0	1	NA	NA	NA	NA	NA	NA	NA	NA	NA
X	96283982	96289574	0	0	0	1	h	1	1	0	0.05	0.1	0.466529	0	0.466529	NA	NA	NA	NA	NA	NA	NA	NA	NA	NA	0	0	0	NA	NA	NA	NA	NA	NA	NA	NA	NA
X	96289575	107656668	1	1	0	3	a	3	1	0	0.05	0.187929094388	1	0	1	NA	NA	NA	NA	NA	NA	NA	NA	NA	NA	1	0	1	NA	NA	NA	NA	NA	NA	NA	NA	NA
X	107656669	107890547	0	0	0	2	d	2	1	0	0.05	0.1	0	0	0	NA	NA	NA	NA	NA	NA	NA	NA	NA	NA	0	0	0	NA	NA	NA	NA	NA	NA	NA	NA	NA
X	107890548	137412482	1	1	0	3	a	3	1	0	0.05	0.175348077387	1	0	1	NA	NA	NA	NA	NA	NA	NA	NA	NA	NA	1	0	1	NA	NA	NA	NA	NA	NA	NA	NA	NA
X	137412483	146617355	0	0	0	2	d	2	0.05	0	0.05	0.121327399012	0	0	0	NA	NA	NA	NA	NA	NA	NA	NA	NA	NA	0	0	0	NA	NA	NA	NA	NA	NA	NA	NA	NA
X	146617356	155270559	1	1	0	3	a	3	1	0	0.05	0.180450481039	1	0	1	NA	NA	NA	NA	NA	NA	NA	NA	NA	NA	1	0	1	NA	NA	NA	NA	NA	NA	2	0	2
Y	1	11599999	1	1	0	1	h	1	NA	NA	NA	NA	1	0	1	NA	NA	NA	NA	NA	NA	NA	NA	NA	NA	NA	NA	NA	NA	NA	NA	NA	NA	NA	3	0	3
Y	11600000	13748600	NA	NA	NA	NA	NA	NA	NA	NA	NA	NA	1	0	1	NA	NA	NA	NA	NA	NA	NA	NA	NA	NA	NA	NA	NA	NA	NA	NA	NA	NA	NA	3	0	3
Y	13748601	59373565	0	0	0	1	h	1	NA	NA	NA	NA	0.112069	0	0.112069	NA	NA	NA	NA	NA	NA	NA	NA	NA	NA	NA	NA	NA	NA	NA	NA	NA	NA	NA	3	0	3
