chromosome	start	end	total_cn	major_cn	minor_cn	star	level	methods_agree	absolute_broad_major_cn	absolute_broad_minor_cn	absolute_broad_het_error	absolute_broad_cov_error	aceseq_copy_number	aceseq_minor_cn	aceseq_major_cn	battenberg_nMaj1_A	battenberg_nMin1_A	battenberg_frac1_A	battenberg_nMaj2_A	battenberg_nMin2_A	battenberg_frac2_A	battenberg_SDfrac_A	battenberg_SDfrac_A_BS	battenberg_frac1_A_0.025	battenberg_frac1_A_0.975	clonehd_copy_number	clonehd_minor_cn	clonehd_major_cn	sclust_nMaj1_A	sclust_nMin1_A	sclust_frac1_A	sclust_nMaj2_A	sclust_nMin2_A	sclust_frac2_A	jabba_copy_number	jabba_minor_cn	jabba_major_cn
1	1	121499999	2	1	1	2	d	4	1	1	0.054203979296	0.107381652733	2.126281	1.0631406	1.0631406	1	1	1	NA	NA	NA	NA	NA	NA	NA	2	1	1	NA	NA	NA	NA	NA	NA	2	1	1
1	121500000	128899999	2	1	1	2	d	3	1	1	0.05	0.1	2.126281	1.0631406	1.0631406	1	1	1	NA	NA	NA	NA	NA	NA	NA	NA	NA	NA	NA	NA	NA	NA	NA	NA	2	1	1
1	128900000	247247500	2	1	1	2	d	4	1	1	0.0537981234039	0.211788361881	2.128943	1.0644714	1.0644714	1	1	1	NA	NA	NA	NA	NA	NA	NA	2	1	1	NA	NA	NA	NA	NA	NA	2	1	1
1	247247501	249250620	2	1	1	2	d	3	NA	NA	NA	NA	2.152509	1.0762543	1.0762543	1	1	1	NA	NA	NA	NA	NA	NA	NA	2	1	1	NA	NA	NA	NA	NA	NA	2	1	1
2	54762	89179989	2	1	1	2	d	4	1	1	0.0528522420169	0.102904457339	2.115682	1.0578412	1.0578412	1	1	1	NA	NA	NA	NA	NA	NA	NA	2	1	1	NA	NA	NA	NA	NA	NA	2	1	1
2	89179990	89986802	1	1	0	1	h	1	NA	NA	NA	NA	0.623319	0	0.6233192	NA	NA	1	NA	NA	NA	NA	NA	NA	NA	NA	NA	NA	NA	NA	NA	NA	NA	NA	2	1	1
2	89986803	96799999	NA	NA	NA	NA	NA	NA	1	1	0.060427197382	0.263338894725	2	1	1	NA	NA	NA	NA	NA	NA	NA	NA	NA	NA	2	1	1	NA	NA	NA	NA	NA	NA	2	1	1
2	96800000	242985695	2	1	1	2	d	4	1	1	0.0532270676985	0.102549388946	2.113945	1.0569725	1.0569725	1	1	1	NA	NA	NA	NA	NA	NA	NA	2	1	1	NA	NA	NA	NA	NA	NA	2	1	1
3	100074	87899999	2	1	1	2	d	4	1	1	0.0533935320806	0.0999860162622	2.117669	1.0588343	1.0588343	1	1	1	NA	NA	NA	NA	NA	NA	NA	2	1	1	NA	NA	NA	NA	NA	NA	2	1	1
3	87900000	93899999	2	1	1	2	d	3	1	1	0.0623865224245	0.111566391883	2.142285	1.0711427	1.0711427	NA	NA	NA	NA	NA	NA	NA	NA	NA	NA	2	1	1	NA	NA	NA	NA	NA	NA	2	1	1
3	93900000	197847500	2	1	1	2	d	4	1	1	0.0524470643404	0.0974416355585	2.12361	1.0618049	1.0618049	1	1	1	NA	NA	NA	NA	NA	NA	NA	2	1	1	NA	NA	NA	NA	NA	NA	2	1	1
4	31303	48199999	2	1	1	2	d	4	1	1	0.0531335136795	0.0999572540096	2.119794	1.0598972	1.0598972	1	1	1	NA	NA	NA	NA	NA	NA	NA	2	1	1	NA	NA	NA	NA	NA	NA	2	1	1
4	48200000	52699999	2	1	1	2	d	3	1	1	0.0421722537073	0.221361458289	2.111359	1.0556793	1.0556793	NA	NA	NA	NA	NA	NA	NA	NA	NA	NA	2	1	1	NA	NA	NA	NA	NA	NA	2	1	1
4	52700000	191154275	2	1	1	2	d	4	1	1	0.0518445592299	0.0953481960348	2.122263	1.0611317	1.0611317	1	1	1	NA	NA	NA	NA	NA	NA	NA	2	1	1	NA	NA	NA	NA	NA	NA	2	1	1
5	22500	46099999	2	1	1	2	d	4	1	1	0.0533756699835	0.102498713087	2.106027	1.0530137	1.0530137	1	1	1	NA	NA	NA	NA	NA	NA	NA	2	1	1	NA	NA	NA	NA	NA	NA	2	1	1
5	46100000	50699999	2	1	1	2	d	4	1	1	0.0605136324698	0.0969465604476	2.137185	1.0685926	1.0685926	1	1	1	NA	NA	NA	NA	NA	NA	NA	2	1	1	NA	NA	NA	NA	NA	NA	2	1	1
5	50700000	180689978	2	1	1	2	d	4	1	1	0.0529179661815	0.0947904303287	2.123584	1.061792	1.061792	1	1	1	NA	NA	NA	NA	NA	NA	NA	2	1	1	NA	NA	NA	NA	NA	NA	2	1	1
6	39681	202330	2	1	1	1	h	1	NA	NA	NA	NA	NA	NA	NA	NA	NA	NA	NA	NA	NA	NA	NA	NA	NA	NA	NA	NA	NA	NA	NA	NA	NA	NA	2	1	1
6	202331	58699999	2	1	1	2	d	4	1	1	0.0547854512381	0.104241157429	2.122719	1.0613594	1.0613594	1	1	1	NA	NA	NA	NA	NA	NA	NA	2	1	1	NA	NA	NA	NA	NA	NA	2	1	1
6	58700000	63299999	2	1	1	2	d	4	1	1	0.0519617243186	0.12243617887	2.126197	1.0630986	1.0630986	1	1	1	NA	NA	NA	NA	NA	NA	NA	2	1	1	NA	NA	NA	NA	NA	NA	2	1	1
6	63300000	170899934	2	1	1	2	d	4	1	1	0.0530678378183	0.102411912191	2.113896	1.056948	1.056948	1	1	1	NA	NA	NA	NA	NA	NA	NA	2	1	1	NA	NA	NA	NA	NA	NA	2	1	1
7	40386	57999999	2	1	1	2	d	4	1	1	0.0517609644199	0.099001950717	2.126319	1.0631596	1.0631596	1	1	1	NA	NA	NA	NA	NA	NA	NA	2	1	1	NA	NA	NA	NA	NA	NA	2	1	1
7	58000000	61699999	2	1	1	2	d	4	1	1	0.05	0.152488780711	2.126319	1.0631596	1.0631596	1	1	1	NA	NA	NA	NA	NA	NA	NA	2	1	1	NA	NA	NA	NA	NA	NA	2	1	1
7	61700000	158817500	2	1	1	2	d	4	1	1	0.0535613433543	0.101750470952	2.13575	1.0678749	1.0678749	1	1	1	NA	NA	NA	NA	NA	NA	NA	2	1	1	NA	NA	NA	NA	NA	NA	2	1	1
8	10001	199994	2	1	1	2	d	2	1	1	0.05	0.1	NA	NA	NA	1	1	0.871219758064518	2	1	0.128780241935482	0.0568876724302063	0.06283443003839	0.677816537306106	0.927798362749726	NA	NA	NA	NA	NA	NA	NA	NA	NA	2	1	1
8	199995	43099999	2	1	1	2	d	4	1	1	0.0533856429194	0.102282352885	2.119261	1.0596306	1.0596306	1	1	1	NA	NA	NA	NA	NA	NA	NA	2	1	1	NA	NA	NA	NA	NA	NA	2	1	1
8	43100000	48099999	2	1	1	2	d	4	1	1	0.05	0.178286094619	2.12995	0.8586233	1.271327	1	1	1	NA	NA	NA	NA	NA	NA	NA	2	1	1	NA	NA	NA	NA	NA	NA	2	1	1
8	48100000	146364021	2	1	1	2	d	4	1	1	0.0509855667452	0.094090854525	2.119748	1.0598741	1.0598741	1	1	1	NA	NA	NA	NA	NA	NA	NA	2	1	1	NA	NA	NA	NA	NA	NA	2	1	1
9	55708	47299999	2	1	1	2	d	4	1	1	0.0531580189801	0.100714020716	2.118571	1.0592857	1.0592857	1	1	1	NA	NA	NA	NA	NA	NA	NA	2	1	1	NA	NA	NA	NA	NA	NA	2	1	1
9	47300000	50699999	2	1	1	2	d	3	1	1	0.05	0.1	2.118571	1.0592857	1.0592857	1	1	1	NA	NA	NA	NA	NA	NA	NA	NA	NA	NA	NA	NA	NA	NA	NA	NA	2	1	1
9	50700000	140267500	2	1	1	2	d	4	1	1	0.0537193056643	0.0980359385064	2.126165	1.0630826	1.0630826	1	1	1	NA	NA	NA	NA	NA	NA	NA	2	1	1	NA	NA	NA	NA	NA	NA	2	1	1
10	102500	37999999	2	1	1	2	d	4	1	1	0.0532636034367	0.0927674445658	2.133132	1.0665658	1.0665658	1	1	1	NA	NA	NA	NA	NA	NA	NA	2	1	1	NA	NA	NA	NA	NA	NA	2	1	1
10	38000000	42299999	2	1	1	2	d	3	1	1	0.0634236152821	0.142495326492	2.505429	1.2527144	1.2527144	1	1	0.908379619739372	2	1	0.0916203802606281	0.019305250175596	0.0193511207878789	0.887972297468304	0.964134573119533	2	1	1	NA	NA	NA	NA	NA	NA	2	1	1
10	42300000	135389924	2	1	1	2	d	4	1	1	0.0546346748768	0.100104707173	2.115489	1.0577443	1.0577443	1	1	1	NA	NA	NA	NA	NA	NA	NA	2	1	1	NA	NA	NA	NA	NA	NA	2	1	1
11	20721	190009	2	1	1	2	d	2	1	1	0.05	0.1	NA	NA	NA	NA	NA	NA	NA	NA	NA	NA	NA	NA	NA	NA	NA	NA	NA	NA	NA	NA	NA	NA	2	1	1
11	190010	51599999	2	1	1	2	d	4	1	1	0.0534164993978	0.0986842773031	2.115336	1.057668	1.057668	1	1	1	NA	NA	NA	NA	NA	NA	NA	2	1	1	NA	NA	NA	NA	NA	NA	2	1	1
11	51600000	55699999	2	1	1	2	d	4	1	1	0.0389606953583	0.13230841166	2.114815	1.0574073	1.0574073	1	1	1	NA	NA	NA	NA	NA	NA	NA	2	1	1	NA	NA	NA	NA	NA	NA	2	1	1
11	55700000	134442500	2	1	1	2	d	4	1	1	0.0529748298146	0.0945198654115	2.124214	1.062107	1.062107	1	1	1	NA	NA	NA	NA	NA	NA	NA	2	1	1	NA	NA	NA	NA	NA	NA	2	1	1
12	110107	33299999	2	1	1	2	d	4	1	1	0.052938884482	0.0981790365852	2.124787	1.0623933	1.0623933	1	1	1	NA	NA	NA	NA	NA	NA	NA	2	1	1	NA	NA	NA	NA	NA	NA	2	1	1
12	33300000	38199999	2	1	1	2	d	4	1	1	0.0554454608932	0.193342515104	2.115194	1.0575968	1.0575968	1	1	1	NA	NA	NA	NA	NA	NA	NA	2	1	1	NA	NA	NA	NA	NA	NA	2	1	1
12	38200000	132342500	2	1	1	2	d	4	1	1	0.0529798174412	0.104400816824	2.125369	1.0626846	1.0626846	1	1	1	NA	NA	NA	NA	NA	NA	NA	2	1	1	NA	NA	NA	NA	NA	NA	2	1	1
12	132342501	133851894	2	1	1	2	d	3	NA	NA	NA	NA	2	1	1	1	1	0.945776740237691	2	1	0.0542232597623092	0.0141477475759873	0.0139487665251524	0.921615323162436	0.975105985059694	2	1	1	NA	NA	NA	NA	NA	NA	2	1	1
13	1	16299999	2	1	1	1	h	1	NA	NA	NA	NA	NA	NA	NA	NA	NA	NA	NA	NA	NA	NA	NA	NA	NA	NA	NA	NA	NA	NA	NA	NA	NA	NA	2	1	1
13	16300000	19499999	2	1	1	2	d	3	1	1	0.0517197988929	0.192201991341	NA	NA	NA	1	1	1	NA	NA	NA	NA	NA	NA	NA	NA	NA	NA	NA	NA	NA	NA	NA	NA	2	1	1
13	19500000	114137500	2	1	1	2	d	4	1	1	0.053380494004	0.100400214925	2.111768	1.0558841	1.0558841	1	1	1	NA	NA	NA	NA	NA	NA	NA	2	1	1	NA	NA	NA	NA	NA	NA	2	1	1
13	114137501	115169877	2	1	1	2	d	3	NA	NA	NA	NA	2	1	1	1	1	1	NA	NA	NA	NA	NA	NA	NA	NA	NA	NA	NA	NA	NA	NA	NA	NA	2	1	1
14	1	16099999	2	1	1	1	h	1	NA	NA	NA	NA	NA	NA	NA	NA	NA	NA	NA	NA	NA	NA	NA	NA	NA	NA	NA	NA	NA	NA	NA	NA	NA	NA	2	1	1
14	16100000	19099999	2	1	1	2	d	2	1	1	0.05	0.0449002270703	NA	NA	NA	NA	NA	NA	NA	NA	NA	NA	NA	NA	NA	NA	NA	NA	NA	NA	NA	NA	NA	NA	2	1	1
14	19100000	22969952	2	1	1	2	d	4	1	1	0.0548233551048	0.158446382175	4	2	2	1	1	1	NA	NA	NA	NA	NA	NA	NA	2	1	1	NA	NA	NA	NA	NA	NA	2	1	1
14	22969953	106329313	2	1	1	2	d	4	1	1	0.052276778029	0.099403652543	2.122904	1.061452	1.061452	1	1	1	NA	NA	NA	NA	NA	NA	NA	2	1	1	NA	NA	NA	NA	NA	NA	2	1	1
14	106329314	106330538	2	1	1	2	f	2	NA	NA	NA	NA	2.122904	1.061452	1.061452	NA	NA	NA	NA	NA	NA	NA	NA	NA	NA	1	0	1	NA	NA	NA	NA	NA	NA	2	1	1
14	106330539	106361380	1	1	0	1	h	1	NA	NA	NA	NA	NA	NA	NA	NA	NA	NA	NA	NA	NA	NA	NA	NA	NA	1	0	1	NA	NA	NA	NA	NA	NA	NA	NA	NA
14	106361381	106829603	1	1	0	1	h	1	NA	NA	NA	NA	NA	NA	NA	NA	NA	NA	NA	NA	NA	NA	NA	NA	NA	1	0	1	NA	NA	NA	NA	NA	NA	NA	NA	NA
15	1	15799999	2	1	1	1	h	1	NA	NA	NA	NA	NA	NA	NA	NA	NA	NA	NA	NA	NA	NA	NA	NA	NA	NA	NA	NA	NA	NA	NA	NA	NA	NA	2	1	1
15	15800000	20699999	2	1	1	2	d	3	1	1	0.05	0.188383697704	NA	NA	NA	1	1	1	NA	NA	NA	NA	NA	NA	NA	NA	NA	NA	NA	NA	NA	NA	NA	NA	2	1	1
15	20700000	100332500	2	1	1	2	d	4	1	1	0.0540707755045	0.103967382256	2.121712	1.0608561	1.0608561	1	1	1	NA	NA	NA	NA	NA	NA	NA	2	1	1	NA	NA	NA	NA	NA	NA	2	1	1
15	100332501	102531391	2	1	1	2	d	3	NA	NA	NA	NA	2	1	1	1	1	0.935609879032259	2	1	0.0643901209677413	0.0115910083389527	0.0116016190088205	0.926165268264212	0.972282300648397	2	1	1	NA	NA	NA	NA	NA	NA	2	1	1
16	100010	34599999	2	1	1	2	d	4	1	1	0.0557731652609	0.11746213004	2.140547	1.0702735	1.0702735	1	1	1	NA	NA	NA	NA	NA	NA	NA	2	1	1	NA	NA	NA	NA	NA	NA	2	1	1
16	34600000	38599999	2	1	1	2	d	4	1	1	0.05	0.156264632914	2.11024	1.05512	1.05512	1	1	1	NA	NA	NA	NA	NA	NA	NA	2	1	1	NA	NA	NA	NA	NA	NA	2	1	1
16	38600000	88822500	2	1	1	2	d	4	1	1	0.0541572540996	0.0958466531696	2.117512	1.0587559	1.0587559	1	1	1	NA	NA	NA	NA	NA	NA	NA	2	1	1	NA	NA	NA	NA	NA	NA	2	1	1
16	88822501	90354752	2	1	1	2	d	4	NA	NA	NA	NA	2	1	1	1	1	1	NA	NA	NA	NA	NA	NA	NA	2	1	1	NA	NA	NA	NA	NA	NA	2	1	1
17	7	22199999	2	1	1	2	d	4	1	1	0.0535587405912	0.103549571186	2.138844	1.0694218	1.0694218	1	1	1	NA	NA	NA	NA	NA	NA	NA	2	1	1	NA	NA	NA	NA	NA	NA	2	1	1
17	22200000	25799999	2	1	1	3	b	5	1	1	0.0633640637815	0.152839120954	2	1	1	1	1	1	NA	NA	NA	NA	NA	NA	NA	2	1	1	NA	NA	NA	NA	NA	NA	2	1	1
17	25800000	78772500	2	1	1	2	d	4	1	1	0.0547514124415	0.103848206847	2.136613	1.0683066	1.0683066	1	1	1	NA	NA	NA	NA	NA	NA	NA	2	1	1	NA	NA	NA	NA	NA	NA	2	1	1
17	78772501	81195209	2	1	1	2	d	4	NA	NA	NA	NA	2	1	1	1	1	1	NA	NA	NA	NA	NA	NA	NA	2	1	1	NA	NA	NA	NA	NA	NA	2	1	1
18	27500	15399999	2	1	1	2	d	4	1	1	0.0538165102077	0.0996080245249	2.111878	1.0559388	1.0559388	1	1	1	NA	NA	NA	NA	NA	NA	NA	2	1	1	NA	NA	NA	NA	NA	NA	2	1	1
18	15400000	18999999	2	1	1	2	d	4	1	1	0.05	0.0797094773211	2.111878	1.0559388	1.0559388	1	1	1	NA	NA	NA	NA	NA	NA	NA	2	1	1	NA	NA	NA	NA	NA	NA	2	1	1
18	19000000	76067000	2	1	1	2	d	4	1	1	0.0524749339853	0.0995975961021	2.112913	1.0564567	1.0564567	1	1	1	NA	NA	NA	NA	NA	NA	NA	2	1	1	NA	NA	NA	NA	NA	NA	2	1	1
18	76067001	78077247	2	1	1	3	b	5	1	1	0.0494119745118	0.0708106449595	2	1	1	1	1	1	NA	NA	NA	NA	NA	NA	NA	2	1	1	NA	NA	NA	NA	NA	NA	2	1	1
19	260137	24399999	2	1	1	2	d	4	1	1	0.0535782316681	0.101862639193	2.16677	1.083385	1.083385	1	1	1	NA	NA	NA	NA	NA	NA	NA	2	1	1	NA	NA	NA	NA	NA	NA	2	1	1
19	24400000	28599999	2	1	1	3	b	5	1	1	0.0539177710411	0.139763646846	2	1	1	1	1	1	NA	NA	NA	NA	NA	NA	NA	2	1	1	NA	NA	NA	NA	NA	NA	2	1	1
19	28600000	59128982	2	1	1	2	d	4	1	1	0.0558923805295	0.148394969059	2.150878	1.0754389	1.0754389	1	1	1	NA	NA	NA	NA	NA	NA	NA	2	1	1	NA	NA	NA	NA	NA	NA	2	1	1
20	17500	25599999	2	1	1	2	d	4	1	1	0.0538542995453	0.095490976225	2.120521	1.0602607	1.0602607	1	1	1	NA	NA	NA	NA	NA	NA	NA	2	1	1	NA	NA	NA	NA	NA	NA	2	1	1
20	25600000	29399999	2	1	1	2	d	3	1	1	0.05	0.0951595062451	2.120521	1.0602607	1.0602607	1	1	1	NA	NA	NA	NA	NA	NA	NA	NA	NA	NA	NA	NA	NA	NA	NA	NA	2	1	1
20	29400000	62432500	2	1	1	2	d	4	1	1	0.0545794079371	0.0930961135686	2.109496	1.054748	1.054748	1	1	1	NA	NA	NA	NA	NA	NA	NA	2	1	1	NA	NA	NA	NA	NA	NA	2	1	1
21	1	9417499	NA	NA	NA	NA	NA	NA	1	1	0.05	0.1	NA	NA	NA	NA	NA	NA	NA	NA	NA	NA	NA	NA	NA	NA	NA	NA	NA	NA	NA	NA	NA	NA	NA	NA	NA
21	9417500	10899999	NA	NA	NA	NA	NA	NA	1	1	0.05	0.217549731445	NA	NA	NA	NA	NA	NA	NA	NA	NA	NA	NA	NA	NA	NA	NA	NA	NA	NA	NA	NA	NA	NA	NA	NA	NA
21	10900000	14299999	2	1	1	1	g	NA	1	1	0.05	0.23264657146	NA	NA	NA	NA	NA	NA	NA	NA	NA	NA	NA	NA	NA	NA	NA	NA	NA	NA	NA	NA	NA	NA	NA	NA	NA
21	14300000	46937500	2	1	1	2	d	3	1	1	0.0540260289435	0.0957499698718	2.1078	1.0539	1.0539	1	1	1	NA	NA	NA	NA	NA	NA	NA	2	1	1	NA	NA	NA	NA	NA	NA	NA	NA	NA
21	46937501	48129894	2	1	1	2	d	3	NA	NA	NA	NA	2	1	1	1	1	1	NA	NA	NA	NA	NA	NA	NA	2	1	1	NA	NA	NA	NA	NA	NA	NA	NA	NA
22	1	12199999	2	1	1	1	h	1	NA	NA	NA	NA	NA	NA	NA	NA	NA	NA	NA	NA	NA	NA	NA	NA	NA	NA	NA	NA	NA	NA	NA	NA	NA	NA	2	1	1
22	12200000	17899999	2	1	1	2	d	4	1	1	0.049225001887	0.118017153974	2.19188	1.0959399	1.0959399	1	1	1	NA	NA	NA	NA	NA	NA	NA	2	1	1	NA	NA	NA	NA	NA	NA	2	1	1
22	17900000	22520048	2	1	1	3	b	5	1	1	0.0603125791212	0.206653390646	2	1	1	1	1	1	NA	NA	NA	NA	NA	NA	NA	2	1	1	NA	NA	NA	NA	NA	NA	2	1	1
22	22520049	23027133	2	2	0	1	g	NA	2	0	0	0.21670069316	2	1	1	NA	NA	1	NA	NA	NA	NA	NA	NA	NA	1	0	1	NA	NA	NA	NA	NA	NA	1	0	1
22	23027134	23245008	1	1	0	1	h	1	NA	NA	NA	NA	NA	NA	NA	NA	NA	1	NA	NA	NA	NA	NA	NA	NA	1	0	1	NA	NA	NA	NA	NA	NA	0	0	0
22	23245009	49687500	2	1	1	2	d	4	1	1	0.0569395248241	0.0984603701251	2.116421	1.0582105	1.0582105	1	1	1	NA	NA	NA	NA	NA	NA	NA	2	1	1	NA	NA	NA	NA	NA	NA	2	1	1
22	49687501	51304565	2	1	1	2	d	4	NA	NA	NA	NA	2	1	1	1	1	1	NA	NA	NA	NA	NA	NA	NA	2	1	1	NA	NA	NA	NA	NA	NA	2	1	1
X	1	58099999	1	1	0	3	a	3	1	0	0.0736306623335	0.130600603102	1	0	1	NA	NA	NA	NA	NA	NA	NA	NA	NA	NA	1	0	1	NA	NA	NA	NA	NA	NA	1	0	1
X	58100000	62999999	1	1	0	2	d	2	0.63	0	0.05	0.293376959085	1	0	1	NA	NA	NA	NA	NA	NA	NA	NA	NA	NA	1	0	1	NA	NA	NA	NA	NA	NA	1	0	1
X	63000000	155270559	1	1	0	3	a	3	1	0	0.05	0.131581895417	1	0	1	NA	NA	NA	NA	NA	NA	NA	NA	NA	NA	1	0	1	NA	NA	NA	NA	NA	NA	1	0	1
Y	1	11599999	1	1	0	1	h	1	NA	NA	NA	NA	1	0	1	NA	NA	NA	NA	NA	NA	NA	NA	NA	NA	NA	NA	NA	NA	NA	NA	NA	NA	NA	2	0	2
Y	11600000	13399999	NA	NA	NA	NA	NA	NA	NA	NA	NA	NA	1.502317	0	1.502317	NA	NA	NA	NA	NA	NA	NA	NA	NA	NA	NA	NA	NA	NA	NA	NA	NA	NA	NA	2	0	2
Y	13400000	59373565	1	1	0	1	h	1	NA	NA	NA	NA	1.225989	0	1.225989	NA	NA	NA	NA	NA	NA	NA	NA	NA	NA	NA	NA	NA	NA	NA	NA	NA	NA	NA	2	0	2
