chromosome	start	end	total_cn	major_cn	minor_cn	star	level	methods_agree	absolute_broad_major_cn	absolute_broad_minor_cn	absolute_broad_het_error	absolute_broad_cov_error	aceseq_copy_number	aceseq_minor_cn	aceseq_major_cn	battenberg_nMaj1_A	battenberg_nMin1_A	battenberg_frac1_A	battenberg_nMaj2_A	battenberg_nMin2_A	battenberg_frac2_A	battenberg_SDfrac_A	battenberg_SDfrac_A_BS	battenberg_frac1_A_0.025	battenberg_frac1_A_0.975	clonehd_copy_number	clonehd_minor_cn	clonehd_major_cn	sclust_nMaj1_A	sclust_nMin1_A	sclust_frac1_A	sclust_nMaj2_A	sclust_nMin2_A	sclust_frac2_A	jabba_copy_number	jabba_minor_cn	jabba_major_cn
1	1	2125991	2	1	1	2	e	5	1.27	1	0.0776652343485	0.59240559368	2.373835	1.049400726	1.32443405	1	1	0.687100061658902	2	1	0.312899938341098	0.0164276627233103	0.0163487031024536	0.673605027406687	0.738932486794662	3	1	2	2	1	0.385403	1	1	0.614597	2	1	1
1	2125992	2126576	2	1	1	2	f	3	NA	NA	NA	NA	2.373835	1.049400726	1.32443405	NA	NA	NA	NA	NA	NA	NA	NA	NA	NA	1	0	1	2	1	0.385403	1	1	0.614597	2	1	1
1	2126577	2127607	2	1	1	2	f	2	NA	NA	NA	NA	NA	NA	NA	1	1	0.728437067588253	2	1	0.271562932411747	NA	0	0.728437067588253	0.728437067588253	NA	NA	NA	2	1	0.385403	1	1	0.614597	2	1	1
1	2127608	19972500	2	1	1	2	d	3	1.07	1.07	0.0366770697471	0.313926900019	2.120608	1.060303801	1.0603038	1	1	0.916442174642539	2	1	0.0835578253574611	0.00307462942277092	0.00297265518057839	0.908411528316135	0.920015307429673	2	1	1	1	1	1	NA	NA	NA	2	1	1
1	19972501	19972894	2	1	1	2	d	2	1.07	1.07	0.05	0.1	2.120608	1.060303801	1.0603038	1	1	0.715266295995985	2	1	0.284733704004015	0.00769611549345228	0.00542786796209396	0.707547611248886	0.72293984223579	NA	NA	NA	1	1	1	NA	NA	NA	2	1	1
1	19972895	20011519	2	1	1	2	d	4	1.07	1.07	0.05	0.1	NA	NA	NA	1	1	1	NA	NA	NA	NA	NA	NA	NA	2	1	1	1	1	1	NA	NA	NA	2	1	1
1	20011520	20113038	2	1	1	2	d	4	1.07	1.07	0.0389971678172	0.197190221394	2	1	1	1	1	0.922336670795729	2	1	0.0776633292042709	0.00692454803791454	0.00674351867659293	0.908961182599776	0.935191580160196	2	1	1	1	1	1	NA	NA	NA	2	1	1
1	20113039	24403371	2	1	1	2	d	3	1.07	1.07	0.0343663818694	0.210262260336	2.116568	1.058284092	1.05828409	1	1	0.922336670795729	2	1	0.0776633292042709	0.00692454803791454	0.00674351867659293	0.908961182599776	0.935191580160196	2	1	1	1	1	1	NA	NA	NA	2	1	1
1	24403372	35904878	1	1	0	3	a	6	1	0	0.0458792017715	0.123569356662	1	0	1	1	0	1	NA	NA	NA	NA	NA	NA	NA	1	0	1	1	0	1	NA	NA	NA	1	0	1
1	35904879	54042609	2	1	1	2	d	5	1	1	0.0342243799533	0.231080522486	2	1	1	1	1	0.914404178902116	2	1	0.0855958210978842	0.00358440426804185	0.00348995600415306	0.909279475339043	0.922883158742249	2	1	1	1	1	1	NA	NA	NA	2	1	1
1	54042610	54043856	2	1	1	3	b	6	1	1	0.05	0.1	2	1	1	1	1	1	NA	NA	NA	NA	NA	NA	NA	1	0	1	1	1	1	NA	NA	NA	2	1	1
1	54043857	57566949	2	1	1	2	d	4	1	1	0.0389271609854	0.196618479507	2.15285	1.076424923	1.07642492	1	1	0.905150576621264	2	1	0.0948494233787364	0.00691136867490966	0.00685142510590819	0.888518566720654	0.915051410812077	2	1	1	1	1	1	NA	NA	NA	2	1	1
1	57566950	57566995	2	1	1	2	d	3	1	1	0.05	0.1	2.15285	1.076424923	1.07642492	NA	NA	NA	NA	NA	NA	NA	NA	NA	NA	1	0	1	1	1	1	NA	NA	NA	2	1	1
1	57566996	57567251	2	1	1	2	d	3	1	1	0.05	0.1	NA	NA	NA	NA	NA	NA	NA	NA	NA	NA	NA	NA	NA	1	0	1	1	1	1	NA	NA	NA	2	1	1
1	57567252	57567317	2	1	1	2	d	3	1	1	0.05	0.1	NA	NA	NA	NA	NA	NA	NA	NA	NA	NA	NA	NA	NA	1	0	1	1	1	1	NA	NA	NA	2	1	1
1	57567318	57567953	2	1	1	2	d	3	1	1	0.05	0.1	NA	NA	NA	NA	NA	NA	NA	NA	NA	NA	NA	NA	NA	NA	NA	NA	1	1	1	NA	NA	NA	2	1	1
1	57567954	57568436	2	1	1	2	d	3	1	1	0.05	0.1	NA	NA	NA	NA	NA	NA	NA	NA	NA	NA	NA	NA	NA	NA	NA	NA	1	1	1	NA	NA	NA	2	1	1
1	57568437	85813341	2	1	1	3	a	6	1	1	0.0355506762472	0.217974692921	2	1	1	1	1	1	NA	NA	NA	NA	NA	NA	NA	2	1	1	1	1	1	NA	NA	NA	2	1	1
1	85813342	85814328	2	1	1	3	b	5	1	1	0.05	0.1	2	1	1	1	1	1	NA	NA	NA	NA	NA	NA	NA	NA	NA	NA	1	1	1	NA	NA	NA	2	1	1
1	85814329	92312157	2	1	1	3	a	6	1	1	0.0346392595337	0.203211308306	2	1	1	1	1	1	NA	NA	NA	NA	NA	NA	NA	2	1	1	1	1	1	NA	NA	NA	2	1	1
1	92312158	93487311	3	2	1	2	d	2	1.74	1	0.0458519108723	0.266400310725	2.703884	1.015428736	1.68845551	1	1	0.317611092914071	2	1	0.682388907085929	0.0162405201319585	0.0159931129182675	0.279396356758377	0.342206242430696	3	1	2	2	1	0.714438	1	1	0.285562	3	1	2
1	93487312	95851207	2	1	1	2	d	5	1	1	0.0377552475472	0.209441368108	2.102383	1.051191295	1.0511913	1	1	1	NA	NA	NA	NA	NA	NA	NA	2	1	1	1	1	1	NA	NA	NA	2	1	1
1	95851208	95909919	2	1	1	2	d	4	1	1	0.05	0.186880813557	2.102383	1.051191295	1.0511913	1	1	1	NA	NA	NA	NA	NA	NA	NA	NA	NA	NA	1	1	1	NA	NA	NA	2	1	1
1	95909920	97025889	2	1	1	3	a	6	1	1	0.038962092158	0.194933189784	2	1	1	1	1	1	NA	NA	NA	NA	NA	NA	NA	2	1	1	1	1	1	NA	NA	NA	2	1	1
1	97025890	97026357	2	1	1	2	d	3	1	1	0.05	0.1	2	1	1	1	0	0.233961911000891	1	1	0.766038088999109	NA	0	0.233961911000891	0.233961911000891	NA	NA	NA	1	1	1	NA	NA	NA	3	1	2
1	97026358	100277618	2	1	1	3	a	6	1	1	0.0347873730447	0.199897783569	2	1	1	1	1	1	NA	NA	NA	NA	NA	NA	NA	2	1	1	1	1	1	NA	NA	NA	2	1	1
1	100277619	100290177	2	1	1	3	b	5	1	1	0.05	0.1	2	1	1	1	1	1	NA	NA	NA	NA	NA	NA	NA	NA	NA	NA	1	1	1	NA	NA	NA	2	1	1
1	100290178	108869715	2	1	1	3	a	6	1	1	0.0360288303087	0.2087123787	2	1	1	1	1	1	NA	NA	NA	NA	NA	NA	NA	2	1	1	1	1	1	NA	NA	NA	2	1	1
1	108869716	115661889	2	1	1	2	d	4	1	1	0.0385254338927	0.186954270236	1.882842	0.941421049	0.94142105	1	0	0.11926477277314	1	1	0.88073522722686	0.00330851597077416	0.00321057894404593	0.112701121990109	0.125496013033634	2	1	1	1	1	1	NA	NA	NA	2	1	1
1	115661890	115663902	2	1	1	2	d	3	1	1	0.05	0.1	1.882842	0.941421049	0.94142105	1	0	0.11926477277314	1	1	0.88073522722686	0.00330851597077416	0.00321057894404593	0.112701121990109	0.125496013033634	NA	NA	NA	1	1	1	NA	NA	NA	2	1	1
1	115663903	121165388	2	1	1	2	d	4	1	1	0.0377889908707	0.18918705375	1.897333	0.948666436	0.94866644	1	0	0.11926477277314	1	1	0.88073522722686	0.00330851597077416	0.00321057894404593	0.112701121990109	0.125496013033634	2	1	1	1	1	1	NA	NA	NA	2	1	1
1	121165389	128899999	2	1	1	2	d	4	1	1	0.05	0.73359327032	1.897333	0.948666436	0.94866644	1	1	1	NA	NA	NA	NA	NA	NA	NA	1	0	1	1	1	1	NA	NA	NA	2	1	1
1	128900000	142542801	2	1	1	2	d	3	1	1	0.05	0.1	NA	NA	NA	NA	NA	NA	NA	NA	NA	NA	NA	NA	NA	NA	NA	NA	1	1	1	NA	NA	NA	2	1	1
1	142542802	173361397	2	1	1	2	d	5	0.84	0.84	0.0341071100875	0.219545110053	2	1	1	1	1	1	NA	NA	NA	NA	NA	NA	NA	2	1	1	1	1	1	NA	NA	NA	2	1	1
1	173361398	173364544	2	1	1	2	d	4	0.84	0.84	0.05	0.1	2	1	1	1	1	1	NA	NA	NA	NA	NA	NA	NA	NA	NA	NA	1	1	1	NA	NA	NA	2	1	1
1	173364545	204967351	2	1	1	2	d	5	0.84	0.84	0.0369495333452	0.176068261654	2	1	1	1	1	1	NA	NA	NA	NA	NA	NA	NA	2	1	1	1	1	1	NA	NA	NA	2	1	1
1	204967352	204967379	2	1	1	2	d	3	0.84	0.84	0.05	0.1	2	1	1	NA	NA	NA	NA	NA	NA	NA	NA	NA	NA	NA	NA	NA	1	1	1	NA	NA	NA	2	1	1
1	204967380	215743948	2	1	1	2	d	4	0.84	0.84	0.0354783384662	0.147091742271	2	1	1	1	0	0.101722570000388	1	1	0.898277429999612	0.0037701136653173	0.00368499631558348	0.0906334017297846	0.105170979966273	2	1	1	1	1	1	NA	NA	NA	2	1	1
1	215743949	229392028	3	2	1	2	d	2	1.64	0.73	0.0451673879384	0.234095480326	2.873221	0.885434836	1.98778584	2	0	0.124118203195076	2	1	0.875881796804924	0.00319549411613844	0.00325651586594213	0.105601570585818	0.118263141068023	3	1	2	2	0	0.151839	2	1	0.848161	3	1	2
1	229392029	232101335	4	3	1	2	d	2	2.54	0.78	0.0356198263028	0.296097827915	3.830626	0.894288496	2.9363372	3	0	0.10050807334804	3	1	0.89949192665196	0.00427262408343666	0.00419553814252517	0.091829367621592	0.108565151511423	4	1	3	3	0	0.146341	3	1	0.853659	4	1	3
1	232101336	232101378	4	3	1	2	e	5	2.54	0.78	0.05	0.1	3.830626	0.894288496	2.9363372	3	0	0.10050807334804	3	1	0.89949192665196	0.00427262408343666	0.00419553814252517	0.091829367621592	0.108565151511423	NA	NA	NA	3	0	0.146341	3	1	0.853659	4	1	3
1	232101379	234765648	4	3	1	2	d	3	2.54	0.78	0.0421689678713	0.304354316322	3.869884	0.915917986	2.95396599	3	0	0.10050807334804	3	1	0.89949192665196	0.00427262408343666	0.00419553814252517	0.091829367621592	0.108565151511423	4	1	3	3	1	1	NA	NA	NA	4	1	3
1	234765649	244749953	3	2	1	2	d	2	1.64	0.78	0.0479070935634	0.259076357853	2.814053	0.880579551	1.93347339	2	0	0.102690101723569	2	1	0.897309898276431	0.003531178175946	0.0035271769799293	0.0859492625628333	0.0995776887329057	3	1	2	2	0	0.128483	2	1	0.871517	3	1	2
1	244749954	245015842	4	3	1	2	d	4	2.27	1	0.0410946215009	0.260708081423	3.547602	0.912372242	2.63522945	3	1	1	NA	NA	NA	NA	NA	NA	NA	4	1	3	3	1	1	NA	NA	NA	4	1	3
1	245015843	247249600	3	2	1	2	d	2	1.74	0.84	0.0485492523317	0.284516089411	2.906087	0.898342924	2.00774456	2	0	0.100899495896943	2	1	0.899100504103057	0.00530681943750805	0.00549654743160914	0.0905608794108852	0.111513746369839	3	1	2	2	0	0.154544	2	1	0.845456	3	1	2
1	247249601	249250620	3	2	1	2	d	2	NA	NA	NA	NA	2.910036	0.89411521	2.01592125	2	0	0.100899495896943	2	1	0.899100504103057	0.00530681943750805	0.00549654743160914	0.0905608794108852	0.111513746369839	3	1	2	2	0	0.157956	2	1	0.842044	3	1	2
2	20016	12545355	3	2	1	2	d	4	1.81	0.95	0.046819080611	0.27193728669	2.824849	0.953056972	1.87179219	2	1	1	NA	NA	NA	NA	NA	NA	NA	3	1	2	2	1	1	NA	NA	NA	3	1	2
2	12545356	12545488	3	2	1	2	d	3	1.81	0.95	0.05	0.1	2.824849	0.953056972	1.87179219	2	1	1	NA	NA	NA	NA	NA	NA	NA	NA	NA	NA	2	1	1	NA	NA	NA	3	1	2
2	12545489	14564942	3	2	1	2	d	4	1.81	0.95	0.0488776892792	0.233493841967	2.802502	0.937179925	1.86532188	2	1	1	NA	NA	NA	NA	NA	NA	NA	3	1	2	2	1	1	NA	NA	NA	3	1	2
2	14564943	14565836	2	1	1	2	d	2	1.81	0.95	0.05	0.1	2.802502	0.937179925	1.86532188	1	1	1	NA	NA	NA	NA	NA	NA	NA	NA	NA	NA	2	1	1	NA	NA	NA	2	1	1
2	14565837	15755121	3	2	1	2	d	4	1.81	0.95	0.0470227389814	0.242427519286	2.845493	0.981434993	1.86405765	2	1	1	NA	NA	NA	NA	NA	NA	NA	3	1	2	2	1	1	NA	NA	NA	3	1	2
2	15755122	15781255	3	2	1	2	d	3	1.81	0.95	0.05	0.1	2.845493	0.981434993	1.86405765	1	1	0.410717015585457	2	1	0.589282984414543	0.0812953791130754	0.0837235270948289	0.182069063059913	0.508954610375094	3	1	2	2	1	1	NA	NA	NA	3	1	2
2	15781256	24010455	3	2	1	2	d	4	1.81	0.95	0.0454834996998	0.278328039051	2.880863	0.971293485	1.90956967	2	1	1	NA	NA	NA	NA	NA	NA	NA	3	1	2	2	1	1	NA	NA	NA	3	1	2
2	24010456	24012617	3	2	1	2	d	4	1.81	0.95	0.05	0.1	2.880863	0.971293485	1.90956967	2	1	1	NA	NA	NA	NA	NA	NA	NA	3	1	2	2	1	1	NA	NA	NA	3	1	2
2	24012618	26334513	3	2	1	2	d	5	1.81	0.95	0.0451798052548	0.271662283662	3	1	2	2	1	1	NA	NA	NA	NA	NA	NA	NA	3	1	2	2	1	1	NA	NA	NA	3	1	2
2	26334514	26334553	3	2	1	2	d	4	NA	NA	NA	NA	3	1	2	2	1	1	NA	NA	NA	NA	NA	NA	NA	NA	NA	NA	2	1	1	NA	NA	NA	3	1	2
2	26334554	38508967	3	2	1	2	d	5	1.81	1	0.046334504512	0.266026554951	3	1	2	2	1	1	NA	NA	NA	NA	NA	NA	NA	3	1	2	2	1	1	NA	NA	NA	3	1	2
2	38508968	38509124	3	2	1	2	d	3	1.81	1	0.05	0.1	3	1	2	2	1	0.694166078134576	3	1	0.305833921865424	NA	0	0.694166078134576	0.694166078134576	1	0	1	2	1	1	NA	NA	NA	3	1	2
2	38509125	38509908	3	2	1	2	d	2	1.81	1	0.05	0.1	NA	NA	NA	3	1	0.755230313369837	4	1	0.244769686630163	NA	0	0.755230313369837	0.755230313369837	NA	NA	NA	2	1	1	NA	NA	NA	3	1	2
2	38509909	39356850	3	2	1	2	d	5	1.81	1	0.0390327505051	0.265939612147	3	1	2	2	1	1	NA	NA	NA	NA	NA	NA	NA	3	1	2	2	1	1	NA	NA	NA	3	1	2
2	39356851	43451957	3	2	1	2	d	5	1.81	1	0.0481582618954	0.26520511867	3	1	2	2	1	1	NA	NA	NA	NA	NA	NA	NA	3	1	2	2	1	1	NA	NA	NA	3	1	2
2	43451958	43453187	3	2	1	2	d	3	NA	NA	NA	NA	3	1	2	2	0	0.192479723794635	2	1	0.807520276205365	0.00663956412180082	0.0046766997520232	0.185826152153592	0.199105280397194	NA	NA	NA	2	1	1	NA	NA	NA	3	1	2
2	43453188	56758673	3	2	1	2	d	3	1.81	1	0.0453155526015	0.338545903199	2.893473	1.00524476	1.88822774	1	1	0.109971792011827	2	1	0.890028207988173	0.00478215853604103	0.00471977259985481	0.100622504098534	0.118780327815931	3	1	2	2	1	1	NA	NA	NA	3	1	2
2	56758674	56761585	3	2	1	2	d	3	NA	NA	NA	NA	2.893473	1.00524476	1.88822774	1	1	0.109971792011827	2	1	0.890028207988173	0.00478215853604103	0.00471977259985481	0.100622504098534	0.118780327815931	3	1	2	2	1	1	NA	NA	NA	3	1	2
2	56761586	58675312	3	2	1	2	d	3	1.74	1	0.0469570620192	0.246636958719	2.823338	0.990852158	1.83248551	1	1	0.109971792011827	2	1	0.890028207988173	0.00478215853604103	0.00471977259985481	0.100622504098534	0.118780327815931	3	1	2	2	1	1	NA	NA	NA	3	1	2
2	58675313	58680372	4	3	1	2	e	0	1.74	1	0.05	0.1	2.823338	0.990852158	1.83248551	1	0	1	NA	NA	NA	NA	NA	NA	NA	3	1	2	2	1	1	NA	NA	NA	2	0	2
2	58680373	66983617	3	2	1	2	d	4	1.81	1	0.0441293988351	0.264404560038	3	1	2	1	1	0.10543975205542	2	1	0.89456024794458	0.00918042890432487	0.00872520540958867	0.112812600025453	0.148139812640927	3	1	2	2	1	1	NA	NA	NA	3	1	2
2	66983618	71835117	2	1	1	3	a	6	1	1	0.0331584353575	0.187429700374	2	1	1	1	1	1	NA	NA	NA	NA	NA	NA	NA	2	1	1	1	1	1	NA	NA	NA	2	1	1
2	71835118	71838430	2	1	1	3	a	6	1	1	0.05	0.1	2	1	1	1	1	1	NA	NA	NA	NA	NA	NA	NA	2	1	1	1	1	1	NA	NA	NA	2	1	1
2	71838431	74462567	2	1	1	3	a	6	1	1	0.0337644096769	0.191490421645	2	1	1	1	1	1	NA	NA	NA	NA	NA	NA	NA	2	1	1	1	1	1	NA	NA	NA	2	1	1
2	74462568	74462865	2	1	1	3	b	5	1	1	0.05	0.1	2	1	1	1	1	1	NA	NA	NA	NA	NA	NA	NA	NA	NA	NA	1	1	1	NA	NA	NA	2	1	1
2	74462866	90499999	2	1	1	3	a	6	1	1	0.0366546096576	0.224088066829	2	1	1	1	1	1	NA	NA	NA	NA	NA	NA	NA	2	1	1	1	1	1	NA	NA	NA	2	1	1
2	90500000	96799999	2	1	1	3	a	6	1	1	0.05	0.29352146187	2	1	1	1	1	1	NA	NA	NA	NA	NA	NA	NA	2	1	1	1	1	1	NA	NA	NA	2	1	1
2	96800000	105585946	2	1	1	3	a	6	1	1	0.0328368889564	0.205479627881	2	1	1	1	1	1	NA	NA	NA	NA	NA	NA	NA	2	1	1	1	1	1	NA	NA	NA	2	1	1
2	105585947	105587235	2	1	1	2	d	3	1	1	0.05	0.1	2	1	1	1	0	0.344356838706648	2	0	0.655643161293352	NA	0	0.344356838706648	0.344356838706648	NA	NA	NA	1	1	1	NA	NA	NA	1	0	1
2	105587236	122912201	2	1	1	3	a	6	1	1	0.0336991823811	0.209418521895	2	1	1	1	1	1	NA	NA	NA	NA	NA	NA	NA	2	1	1	1	1	1	NA	NA	NA	2	1	1
2	122912202	123305893	2	1	1	3	a	6	1	1	0.0371673004094	0.192646957432	2	1	1	1	1	1	NA	NA	NA	NA	NA	NA	NA	2	1	1	1	1	1	NA	NA	NA	2	1	1
2	123305894	123307075	2	1	1	3	b	5	1	1	0.05	0.1	2	1	1	1	1	1	NA	NA	NA	NA	NA	NA	NA	NA	NA	NA	1	1	1	NA	NA	NA	2	1	1
2	123307076	139857143	2	1	1	3	a	6	1	1	0.0350382347583	0.214036421202	2	1	1	1	1	1	NA	NA	NA	NA	NA	NA	NA	2	1	1	1	1	1	NA	NA	NA	2	1	1
2	139857144	139857189	2	1	1	3	b	5	1	1	0.05	0.1	2	1	1	1	1	1	NA	NA	NA	NA	NA	NA	NA	NA	NA	NA	1	1	1	NA	NA	NA	2	1	1
2	139857190	143270619	2	1	1	3	a	6	1	1	0.0311597764156	0.193414097897	2	1	1	1	1	1	NA	NA	NA	NA	NA	NA	NA	2	1	1	1	1	1	NA	NA	NA	2	1	1
2	143270620	153147508	3	2	1	2	d	5	1.86	0.96	0.0486980055181	0.272530592116	3	1	2	2	1	1	NA	NA	NA	NA	NA	NA	NA	3	1	2	2	1	1	NA	NA	NA	3	1	2
2	153147509	153263609	4	2	2	2	d	3	1.69	1.69	0.039171985452	0.282991783812	3.514274	1.598256848	1.91601724	2	1	0.330188410544153	2	2	0.669811589455847	0.0292717799663998	0.0298626306824819	0.315243912269183	0.43400038032513	4	2	2	2	2	1	NA	NA	NA	4	2	2
2	153263610	159327545	3	2	1	2	d	5	1.86	1	0.0455974237636	0.272204577445	3	1	2	2	1	1	NA	NA	NA	NA	NA	NA	NA	3	1	2	2	1	1	NA	NA	NA	3	1	2
2	159327546	159338563	3	2	1	2	d	3	1.86	1	0.05	0.1	3	1	2	2	2	1	NA	NA	NA	NA	NA	NA	NA	3	1	2	2	1	1	NA	NA	NA	2	1	1
2	159338564	161113920	3	2	1	2	d	4	1.86	1	0.0438159776623	0.266327375935	3.156205	1.066754271	2.08945072	2	1	1	NA	NA	NA	NA	NA	NA	NA	3	1	2	2	1	1	NA	NA	NA	3	1	2
2	161113921	161114381	3	2	1	2	d	4	1.86	1	0.05	0.1	3.156205	1.066754271	2.08945072	2	1	1	NA	NA	NA	NA	NA	NA	NA	3	1	2	2	1	1	NA	NA	NA	3	1	2
2	161114382	161132614	3	2	1	2	d	4	1.86	1	0.05	0.1	NA	NA	NA	2	1	1	NA	NA	NA	NA	NA	NA	NA	3	1	2	2	1	1	NA	NA	NA	3	1	2
2	161132615	161132662	3	2	1	2	d	3	1.86	1	0.05	0.1	NA	NA	NA	2	1	1	NA	NA	NA	NA	NA	NA	NA	NA	NA	NA	2	1	1	NA	NA	NA	3	1	2
2	161132663	162959213	3	2	1	2	d	5	1.86	1	0.0497612583717	0.254431756909	3	1	2	2	1	1	NA	NA	NA	NA	NA	NA	NA	3	1	2	2	1	1	NA	NA	NA	3	1	2
2	162959214	162959350	3	2	1	2	d	4	1.86	1	0.05	0.1	3	1	2	2	1	1	NA	NA	NA	NA	NA	NA	NA	NA	NA	NA	2	1	1	NA	NA	NA	3	1	2
2	162959351	168273933	3	2	1	2	d	5	1.86	1	0.0442945570891	0.254768736729	3	1	2	2	1	1	NA	NA	NA	NA	NA	NA	NA	3	1	2	2	1	1	NA	NA	NA	3	1	2
2	168273934	168273975	3	2	1	2	d	4	1.69	0.93	0.05	0.1	3	1	2	2	1	1	NA	NA	NA	NA	NA	NA	NA	NA	NA	NA	2	1	1	NA	NA	NA	3	1	2
2	168273976	184705070	3	2	1	2	d	5	1.69	0.93	0.0452846653977	0.282569780991	3	1	2	2	1	1	NA	NA	NA	NA	NA	NA	NA	3	1	2	2	1	1	NA	NA	NA	3	1	2
2	184705071	184705114	3	2	1	2	d	4	1.69	0.93	0.05	0.1	3	1	2	2	1	1	NA	NA	NA	NA	NA	NA	NA	NA	NA	NA	2	1	1	NA	NA	NA	3	1	2
2	184705115	187121535	3	2	1	2	d	5	1.69	0.93	0.0467679246123	0.375912663136	3	1	2	2	1	1	NA	NA	NA	NA	NA	NA	NA	3	1	2	2	1	1	NA	NA	NA	3	1	2
2	187121536	187121578	3	2	1	2	d	4	1.69	0.93	0.05	0.1	3	1	2	2	1	1	NA	NA	NA	NA	NA	NA	NA	1	0	1	2	1	1	NA	NA	NA	3	1	2
2	187121579	187121818	3	2	1	2	d	3	1.69	0.93	0.05	0.1	NA	NA	NA	2	1	1	NA	NA	NA	NA	NA	NA	NA	1	0	1	2	1	1	NA	NA	NA	3	1	2
2	187121819	187121841	3	2	1	2	d	3	1.69	0.93	0.05	0.1	NA	NA	NA	2	1	1	NA	NA	NA	NA	NA	NA	NA	NA	NA	NA	2	1	1	NA	NA	NA	3	1	2
2	187121842	194298154	3	2	1	2	d	5	1.69	0.93	0.0474161807663	0.251722740655	3	1	2	2	1	1	NA	NA	NA	NA	NA	NA	NA	3	1	2	2	1	1	NA	NA	NA	3	1	2
2	194298155	242999968	2	1	1	2	d	5	0.89	0.89	0.0362516919441	0.196284763304	2	1	1	1	1	1	NA	NA	NA	NA	NA	NA	NA	2	1	1	1	1	1	NA	NA	NA	2	1	1
3	62226	22107125	1	1	0	3	a	6	1	0	0.0471596174311	0.14594756791	1	0	1	1	0	1	NA	NA	NA	NA	NA	NA	NA	1	0	1	1	0	1	NA	NA	NA	1	0	1
3	22107126	22136281	0	0	0	2	d	4	0	0	0.05	0.1	0.216563	0.108281535	0.10828153	0	0	1	NA	NA	NA	NA	NA	NA	NA	1	0	1	0	0	1	NA	NA	NA	0	0	0
3	22136282	35990352	1	1	0	3	a	6	1	0	0.0464705840635	0.121209124175	1	0	1	1	0	1	NA	NA	NA	NA	NA	NA	NA	1	0	1	1	0	1	NA	NA	NA	1	0	1
3	35990353	36006742	1	1	0	2	d	3	NA	NA	NA	NA	1	0	1	0	0	0.716984074992592	1	0	0.283015925007408	NA	0	0.716984074992592	0.716984074992592	1	0	1	1	0	1	NA	NA	NA	0	0	0
3	36006743	55275074	1	1	0	3	a	6	1	0	0.0478816676536	0.123737658992	1	0	1	1	0	1	NA	NA	NA	NA	NA	NA	NA	1	0	1	1	0	1	NA	NA	NA	1	0	1
3	55275075	75398577	2	1	1	3	a	6	1	1	0.0341281611625	0.219556338906	2	1	1	1	1	1	NA	NA	NA	NA	NA	NA	NA	2	1	1	1	1	1	NA	NA	NA	2	1	1
3	75398578	75401484	2	1	1	1	g	NA	1	1	0.05	0.1	2	1	1	1	0	1	NA	NA	NA	NA	NA	NA	NA	2	0	2	1	1	1	NA	NA	NA	1	0	1
3	75401485	87899999	2	1	1	3	a	6	1	1	0.0362328616178	0.209383114884	2	1	1	1	1	1	NA	NA	NA	NA	NA	NA	NA	2	1	1	1	1	1	NA	NA	NA	2	1	1
3	87900000	93899999	2	1	1	3	b	5	1	1	0.038050531285	0.227380853519	2	1	1	NA	NA	NA	NA	NA	NA	NA	NA	NA	NA	2	1	1	1	1	1	NA	NA	NA	2	1	1
3	93900000	96722376	2	1	1	3	a	6	1	1	0.0350090633071	0.210149356984	2	1	1	1	1	1	NA	NA	NA	NA	NA	NA	NA	2	1	1	1	1	1	NA	NA	NA	2	1	1
3	96722377	96753210	2	1	1	2	d	4	1	1	0.05	0.1	2	1	1	1	0	0.0557052169049756	1	1	0.944294783095024	NA	0	0.0557052169049756	0.0557052169049756	NA	NA	NA	1	1	1	NA	NA	NA	2	1	1
3	96753211	112071131	2	1	1	3	a	6	1	1	0.0339954650388	0.20286420168	2	1	1	1	1	1	NA	NA	NA	NA	NA	NA	NA	2	1	1	1	1	1	NA	NA	NA	2	1	1
3	112071132	112140745	3	2	1	2	d	5	2	1	0.05	0.285194232519	3.156337	0.99344452	2.16289269	2	1	1	NA	NA	NA	NA	NA	NA	NA	3	1	2	2	1	1	NA	NA	NA	3	1	2
3	112140746	114018210	2	1	1	3	a	6	1	1	0.0341295814595	0.195868531644	2	1	1	1	1	1	NA	NA	NA	NA	NA	NA	NA	2	1	1	1	1	1	NA	NA	NA	2	1	1
3	114018211	114070794	2	1	1	3	a	6	1	1	0.05	0.158927775682	2	1	1	1	1	1	NA	NA	NA	NA	NA	NA	NA	2	1	1	1	1	1	NA	NA	NA	2	1	1
3	114070795	114184153	1	1	0	3	a	6	1	0	0.0587296920299	0.12200158385	1	0	1	1	0	1	NA	NA	NA	NA	NA	NA	NA	1	0	1	1	0	1	NA	NA	NA	1	0	1
3	114184154	115899627	2	1	1	3	a	6	1	1	0.035360462332	0.205417586519	2	1	1	1	1	1	NA	NA	NA	NA	NA	NA	NA	2	1	1	1	1	1	NA	NA	NA	2	1	1
3	115899628	116765124	1	1	0	2	d	5	1.04	0	0.0502702369777	0.115551018722	1	0	1	1	0	1	NA	NA	NA	NA	NA	NA	NA	1	0	1	1	0	1	NA	NA	NA	1	0	1
3	116765125	123393095	2	1	1	3	a	6	1	1	0.034247041055	0.190030378175	2	1	1	1	1	1	NA	NA	NA	NA	NA	NA	NA	2	1	1	1	1	1	NA	NA	NA	2	1	1
3	123393096	123395337	2	1	1	2	d	3	NA	NA	NA	NA	2	1	1	2	0	0.173831398608961	2	1	0.826168601391039	NA	0	0.173831398608961	0.173831398608961	NA	NA	NA	1	1	1	NA	NA	NA	2	1	1
3	123395338	123590845	2	1	1	3	a	6	1	1	0.05	0.17722732707	2	1	1	1	1	1	NA	NA	NA	NA	NA	NA	NA	2	1	1	1	1	1	NA	NA	NA	2	1	1
3	123590846	138436589	2	1	1	3	a	6	1	1	0.0379168795873	0.20379933608	2	1	1	1	1	1	NA	NA	NA	NA	NA	NA	NA	2	1	1	1	1	1	NA	NA	NA	2	1	1
3	138436590	139509976	2	1	1	2	d	4	1	1	0.0334845861337	0.214126329973	2.230206	1.115103229	1.11510323	1	1	0.841917627702103	2	1	0.158082372297897	0.0135953533749983	0.0137189277997183	0.812644852620609	0.867059575702005	2	1	1	1	1	1	NA	NA	NA	2	1	1
3	139509977	148989277	2	1	1	3	a	6	1	1	0.034760772222	0.213963687988	2	1	1	1	1	1	NA	NA	NA	NA	NA	NA	NA	2	1	1	1	1	1	NA	NA	NA	2	1	1
3	148989278	155691730	3	2	1	3	a	6	2	1	0.0460082368006	0.279287522463	3	1	2	2	1	1	NA	NA	NA	NA	NA	NA	NA	3	1	2	2	1	1	NA	NA	NA	3	1	2
3	155691731	158404368	3	2	1	2	d	2	2	1.16	0.0421054975056	0.291690867084	3.316315	1.254812731	2.06150266	2	1	0.802532301166025	2	2	0.197467698833975	0.00616389445331322	0.00624908287288431	0.779402356630804	0.804354502069965	3	1	2	2	2	0.184482	2	1	0.815518	3	1	2
3	158404369	158406390	2	2	0	2	d	2	2	1.16	0.05	0.1	3.316315	1.254812731	2.06150266	2	0	0.937329959825398	2	1	0.0626700401746022	NA	0	0.937329959825398	0.937329959825398	2	0	2	2	2	0.184482	2	1	0.815518	2	0	2
3	158406391	159182398	3	2	1	2	d	2	2	1.16	0.0436375525556	0.281699760177	3.265675	1.223398899	2.04227648	2	1	0.825138844860845	2	2	0.174861155139155	0.0144614004538492	0.0145450538882454	0.779129307882247	0.835262024090506	3	1	2	2	2	0.164475	2	1	0.835525	3	1	2
3	159182399	159186257	3	2	1	2	d	2	2	1.16	0.05	0.1	3.265675	1.223398899	2.04227648	2	1	0.723269851668148	2	2	0.276730148331852	NA	0	0.723269851668148	0.723269851668148	3	1	2	2	2	0.179012	2	1	0.820988	3	1	2
3	159186258	185581515	3	2	1	2	d	2	2	1.16	0.0454527774245	0.330696644523	3.258747	1.228517467	2.03022962	2	1	0.801160451078563	2	2	0.198839548921437	0.00243873293306512	0.00244651549115692	0.787471416248299	0.797143430841672	3	1	2	2	2	0.179012	2	1	0.820988	3	1	2
3	185581516	185690635	4	3	1	2	d	2	3	1	0.05	0.22417646808	3.258747	1.228517467	2.03022962	3	1	0.796225414502518	3	2	0.203774585497482	0.0970902605493186	0.105387420664027	0.457861290295161	0.872260683623633	4	1	3	2	2	0.179012	2	1	0.820988	5	1	4
3	185690636	191969940	3	2	1	2	d	2	2	1.16	0.0447958928536	0.341841529707	3.249601	1.237325759	2.01227487	2	1	0.792013286828006	2	2	0.207986713171994	0.00430086261685908	0.00441880656785936	0.783204198363226	0.800577978595656	3	1	2	2	2	0.189957	2	1	0.810043	3	1	2
3	191969941	191970969	3	2	1	2	e	5	2	1.16	0.05	0.1	3.249601	1.237325759	2.01227487	2	1	0.792013286828006	2	2	0.207986713171994	0.00430086261685908	0.00441880656785936	0.783204198363226	0.800577978595656	NA	NA	NA	2	2	0.189957	2	1	0.810043	3	1	2
3	191970970	194658043	3	2	1	2	d	2	2	1.16	0.0443048800286	0.30848053919	3.236213	1.228209774	2.00800321	2	1	0.792013286828006	2	2	0.207986713171994	0.00430086261685908	0.00441880656785936	0.783204198363226	0.800577978595656	3	1	2	2	2	0.166686	2	1	0.833314	3	1	2
3	194658044	194928359	2	1	1	2	d	4	1	1	0.0332533414001	0.231727134839	2.231426	1.029783011	1.20164334	1	1	0.865387768529819	2	1	0.134612231470181	0.0241362453809948	0.0245891539402961	0.773897453274731	0.873342426344225	2	1	1	1	1	1	NA	NA	NA	2	1	1
3	194928360	194929202	2	1	1	2	d	2	1	1	0.05	0.1	2.231426	1.029783011	1.20164334	1	0	0.848111927378222	1	1	0.151888072621778	NA	0	0.848111927378222	0.848111927378222	NA	NA	NA	1	1	1	NA	NA	NA	1	0	1
3	194929203	196794167	2	1	1	2	d	4	1	1	0.0380838892709	0.459954584246	2.184746	0.982340226	1.20240574	1	1	0.796554859999227	2	1	0.203445140000773	0.0102708310528399	0.00961123050141055	0.78808465102497	0.825973105586979	2	1	1	1	1	1	NA	NA	NA	2	1	1
3	196794168	196803879	2	1	1	2	d	5	1	1	0.05	0.1	2.184746	0.982340226	1.20240574	1	1	1	NA	NA	NA	NA	NA	NA	NA	2	1	1	1	1	1	NA	NA	NA	2	1	1
3	196803880	196805448	2	1	1	2	d	4	1	1	0.05	0.1	NA	NA	NA	1	1	1	NA	NA	NA	NA	NA	NA	NA	NA	NA	NA	1	1	1	NA	NA	NA	2	1	1
3	196805449	197847500	2	1	1	3	a	6	1	1	0.0458901639472	0.333555989044	2	1	1	1	1	1	NA	NA	NA	NA	NA	NA	NA	2	1	1	1	1	1	NA	NA	NA	2	1	1
4	27500	2126498	2	1	1	3	a	6	1	1	0.0321206677663	0.266823106478	2	1	1	1	1	1	NA	NA	NA	NA	NA	NA	NA	2	1	1	1	1	1	NA	NA	NA	2	1	1
4	2126499	2126511	2	1	1	3	b	5	1	1	0.05	0.1	2	1	1	1	1	1	NA	NA	NA	NA	NA	NA	NA	NA	NA	NA	1	1	1	NA	NA	NA	2	1	1
4	2126512	4198817	2	1	1	3	a	6	1	1	0.0300374785189	0.27504785191	2	1	1	1	1	1	NA	NA	NA	NA	NA	NA	NA	2	1	1	1	1	1	NA	NA	NA	2	1	1
4	4198818	4198924	2	1	1	3	b	5	1	1	0.05	0.1	2	1	1	1	1	1	NA	NA	NA	NA	NA	NA	NA	NA	NA	NA	1	1	1	NA	NA	NA	2	1	1
4	4198925	48199999	2	1	1	3	a	6	1	1	0.0367213822625	0.225727588346	2	1	1	1	1	1	NA	NA	NA	NA	NA	NA	NA	2	1	1	1	1	1	NA	NA	NA	2	1	1
4	48200000	52699999	2	1	1	2	d	5	1	1	0.0563737649198	0.514961024875	2.109522	1.054761141	1.05476114	1	1	1	NA	NA	NA	NA	NA	NA	NA	2	1	1	1	1	1	NA	NA	NA	2	1	1
4	52700000	59165961	2	1	1	3	a	6	1	1	0.0354846050843	0.219886372797	2	1	1	1	1	1	NA	NA	NA	NA	NA	NA	NA	2	1	1	1	1	1	NA	NA	NA	2	1	1
4	59165962	59170782	2	1	1	3	a	6	1	1	0.05	0.1	2	1	1	1	1	1	NA	NA	NA	NA	NA	NA	NA	2	1	1	1	1	1	NA	NA	NA	2	1	1
4	59170783	73193629	2	1	1	3	a	6	1	1	0.0380194015488	0.244355587886	2	1	1	1	1	1	NA	NA	NA	NA	NA	NA	NA	2	1	1	1	1	1	NA	NA	NA	2	1	1
4	73193630	73195562	2	1	1	3	b	5	1	1	0.05	0.1	2	1	1	1	1	1	NA	NA	NA	NA	NA	NA	NA	NA	NA	NA	1	1	1	NA	NA	NA	2	1	1
4	73195563	74130090	2	1	1	3	a	6	1	1	0.0416848242364	0.205090253342	2	1	1	1	1	1	NA	NA	NA	NA	NA	NA	NA	2	1	1	1	1	1	NA	NA	NA	2	1	1
4	74130091	74172329	1	1	0	2	d	4	1	0	0.05	0.1	2	1	1	1	0	1	NA	NA	NA	NA	NA	NA	NA	1	0	1	1	1	1	NA	NA	NA	1	0	1
4	74172330	77648172	2	1	1	2	d	5	1.04	1.04	0.0354201138512	0.196398208719	2	1	1	1	1	1	NA	NA	NA	NA	NA	NA	NA	2	1	1	1	1	1	NA	NA	NA	2	1	1
4	77648173	77654785	2	1	1	2	d	4	1.04	1.04	0.05	0.1	2	1	1	1	1	0.885872238536154	2	1	0.114127761463846	0.0238030092765411	0.0194492361459044	0.822756128029629	0.896993137273808	2	1	1	1	1	1	NA	NA	NA	2	1	1
4	77654786	88889280	2	1	1	2	d	5	1.04	1.04	0.0361808612621	0.215648380893	2	1	1	1	1	1	NA	NA	NA	NA	NA	NA	NA	2	1	1	1	1	1	NA	NA	NA	2	1	1
4	88889281	121337634	1	1	0	2	d	5	1.05	0	0.047454889416	0.134410263385	1	0	1	1	0	1	NA	NA	NA	NA	NA	NA	NA	1	0	1	1	0	1	NA	NA	NA	1	0	1
4	121337635	121362626	1	1	0	1	g	NA	0	0	0.05	0.1	1	0	1	0	0	1	NA	NA	NA	NA	NA	NA	NA	1	0	1	1	0	1	NA	NA	NA	0	0	0
4	121362627	169824304	1	1	0	2	d	5	1.05	0	0.048648343752	0.138968557386	1	0	1	1	0	1	NA	NA	NA	NA	NA	NA	NA	1	0	1	1	0	1	NA	NA	NA	1	0	1
4	169824305	172446855	2	1	1	2	d	5	1.07	1.05	0.0383345347292	0.2345857539	2	1	1	1	1	1	NA	NA	NA	NA	NA	NA	NA	2	1	1	1	1	1	NA	NA	NA	2	1	1
4	172446856	180621685	1	1	0	3	a	6	1	0	0.0512576674637	0.129678420554	1	0	1	1	0	1	NA	NA	NA	NA	NA	NA	NA	1	0	1	1	0	1	NA	NA	NA	1	0	1
4	180621686	180626352	1	1	0	2	d	4	1	0	0.05	0.1	1	0	1	2	0	1	NA	NA	NA	NA	NA	NA	NA	1	0	1	1	0	1	NA	NA	NA	2	0	2
4	180626353	190557092	1	1	0	3	a	6	1	0	0.0470596829784	0.120977809875	1	0	1	1	0	1	NA	NA	NA	NA	NA	NA	NA	1	0	1	1	0	1	NA	NA	NA	1	0	1
4	190557093	190632271	0	0	0	1	g	NA	0.46	0	0.05	0.182471130067	1	0	1	NA	NA	NA	NA	NA	NA	NA	NA	NA	NA	1	0	1	0	0	1	NA	NA	NA	0	0	0
4	190632272	190632451	0	0	0	2	d	2	0.46	0	0.05	0.1	NA	NA	NA	NA	NA	NA	NA	NA	NA	NA	NA	NA	NA	1	0	1	0	0	1	NA	NA	NA	0	0	0
4	190632452	190764633	0	0	0	2	d	2	0.46	0	0.0977743158716	0.241367001174	0.531813	0.065169862	0.46664337	0	0	0.62641897899022	1	0	0.37358102100978	0.0376014580583401	0.0330828496923919	0.606766507878038	0.735864364673328	1	0	1	0	0	1	NA	NA	NA	0	0	0
5	40199	5341561	3	3	0	2	d	4	2.27	0	0.0227671833928	0.299439161358	2.5342	0.024026777	2.51017303	3	0	1	NA	NA	NA	NA	NA	NA	NA	3	0	3	3	0	1	NA	NA	NA	3	0	3
5	5341562	5343096	3	3	0	2	d	3	2.27	0	0.05	0.1	2.5342	0.024026777	2.51017303	3	0	1	NA	NA	NA	NA	NA	NA	NA	NA	NA	NA	3	0	1	NA	NA	NA	3	0	3
5	5343097	5554957	3	3	0	2	d	4	2.27	0	0.0281392833557	0.293419905918	2.586804	0.020319109	2.56648506	3	0	1	NA	NA	NA	NA	NA	NA	NA	3	0	3	3	0	1	NA	NA	NA	3	0	3
5	5554958	5791961	2	2	0	2	d	3	1.36	0	0.0348836168567	0.153490606975	1.568872	0.017833449	1.55103853	1	0	0.437752093959097	2	0	0.562247906040903	0.0637344784136984	0.0595953639227582	0.315912279781402	0.550870155941656	2	0	2	2	0	1	NA	NA	NA	2	0	2
5	5791962	34048794	2	2	0	2	d	3	2.16	0	0.0254627861658	0.228915009904	2.432575	0.021288794	2.41128593	3	0	1	NA	NA	NA	NA	NA	NA	NA	2	0	2	2	0	1	NA	NA	NA	2	0	2
5	34048795	34054390	2	2	0	2	d	2	2.16	0	0.05	0.1	2.432575	0.021288794	2.41128593	3	0	1	NA	NA	NA	NA	NA	NA	NA	NA	NA	NA	2	0	1	NA	NA	NA	2	0	2
5	34054391	42902874	2	2	0	2	d	3	2.16	0	0.023785847935	0.213058045054	2.482215	0.01985694	2.46235764	3	0	1	NA	NA	NA	NA	NA	NA	NA	2	0	2	2	0	1	NA	NA	NA	2	0	2
5	42902875	42903895	2	2	0	2	d	2	2.16	0	0.05	0.1	2.482215	0.01985694	2.46235764	2	0	0.966389909222778	2	1	0.0336100907772222	NA	0	0.966389909222778	0.966389909222778	NA	NA	NA	2	0	1	NA	NA	NA	2	0	2
5	42903896	44982872	2	2	0	2	d	3	2.16	0	0.0245925996636	0.21432716376	2.375617	0.016005709	2.35961149	3	0	1	NA	NA	NA	NA	NA	NA	NA	2	0	2	2	0	1	NA	NA	NA	2	0	2
5	44982873	44984706	3	2	1	2	f	3	2.07	0.84	0.05	0.1	2.375617	0.016005709	2.35961149	NA	NA	NA	NA	NA	NA	NA	NA	NA	NA	NA	NA	NA	3	1	0.321002	2	1	0.678998	3	1	2
5	44984707	44984761	3	2	1	2	f	3	2.07	0.84	0.05	0.1	NA	NA	NA	NA	NA	NA	NA	NA	NA	NA	NA	NA	NA	NA	NA	NA	3	1	0.321002	2	1	0.678998	3	1	2
5	44984762	45540348	3	2	1	2	d	2	2.07	0.84	0.05	0.28849255896	3.27064	1.009896287	2.26074325	2	1	0.664485979558409	3	1	0.335514020441591	0.0196306672100153	0.0191308877399625	0.626183408170882	0.701281764609086	3	1	2	3	1	0.321002	2	1	0.678998	3	1	2
5	45540349	45540623	3	2	1	2	e	4	2.07	0.84	0.05	0.1	3.27064	1.009896287	2.26074325	2	1	0.664485979558409	3	1	0.335514020441591	0.0196306672100153	0.0191308877399625	0.626183408170882	0.701281764609086	NA	NA	NA	3	1	0.321002	2	1	0.678998	2	0	2
5	45540624	50699999	NA	NA	NA	NA	NA	NA	1.07	0	0.0935952820907	0.898126198574	2.215111	0.560624977	1.65448619	NA	NA	NA	NA	NA	NA	NA	NA	NA	NA	2	1	1	3	1	0.321002	2	1	0.678998	2	0	2
5	50700000	86019241	1	1	0	2	d	5	1.07	0	0.0481889683064	0.13022343594	1	0	1	1	0	1	NA	NA	NA	NA	NA	NA	NA	1	0	1	1	0	1	NA	NA	NA	1	0	1
5	86019242	86020498	1	1	0	2	d	5	1.07	0	0.05	0.1	1	0	1	1	0	1	NA	NA	NA	NA	NA	NA	NA	1	0	1	1	0	1	NA	NA	NA	1	0	1
5	86020499	87501737	1	1	0	2	d	5	1.07	0	0.0536933143655	0.127702490235	1	0	1	1	0	1	NA	NA	NA	NA	NA	NA	NA	1	0	1	1	0	1	NA	NA	NA	1	0	1
5	87501738	87512453	1	1	0	2	d	3	1.07	0	0.05	0.1	1	0	1	0	0	1	NA	NA	NA	NA	NA	NA	NA	1	0	1	1	0	1	NA	NA	NA	0	0	0
5	87512454	112254565	1	1	0	2	d	5	1.07	0	0.0480921744538	0.141172691743	1	0	1	1	0	1	NA	NA	NA	NA	NA	NA	NA	1	0	1	1	0	1	NA	NA	NA	1	0	1
5	112254566	112285161	1	1	0	2	d	5	1.07	0	0.05	0.1	1	0	1	1	0	1	NA	NA	NA	NA	NA	NA	NA	1	0	1	1	0	1	NA	NA	NA	1	0	1
5	112285162	131654977	1	1	0	2	d	5	1.07	0	0.0469809136761	0.141685271479	1	0	1	1	0	1	NA	NA	NA	NA	NA	NA	NA	1	0	1	1	0	1	NA	NA	NA	1	0	1
5	131654978	131655026	1	1	0	2	d	5	1.07	0	0.05	0.1	1	0	1	1	0	1	NA	NA	NA	NA	NA	NA	NA	1	0	1	1	0	1	NA	NA	NA	1	0	1
5	131655027	131658071	1	1	0	2	d	4	1.07	0	0.05	0.1	NA	NA	NA	1	0	1	NA	NA	NA	NA	NA	NA	NA	1	0	1	1	0	1	NA	NA	NA	1	0	1
5	131658072	131658104	1	1	0	2	d	4	1.07	0	0.05	0.1	NA	NA	NA	1	0	1	NA	NA	NA	NA	NA	NA	NA	1	0	1	1	0	1	NA	NA	NA	1	0	1
5	131658105	138673017	1	1	0	2	d	5	1.07	0	0.0448958085819	0.143781097962	1	0	1	1	0	1	NA	NA	NA	NA	NA	NA	NA	1	0	1	1	0	1	NA	NA	NA	1	0	1
5	138673018	138678783	1	1	0	2	d	2	1.07	0	0.05	0.1	1	0	1	1	0	0.556618782462212	2	0	0.443381217537788	NA	0	0.556618782462212	0.556618782462212	NA	NA	NA	1	0	1	NA	NA	NA	2	0	2
5	138678784	155635914	1	1	0	2	d	5	1.07	0	0.0468986760779	0.136446208695	1	0	1	1	0	1	NA	NA	NA	NA	NA	NA	NA	1	0	1	1	0	1	NA	NA	NA	1	0	1
5	155635915	155635942	1	1	0	2	d	5	1.07	0	0.05	0.1	1	0	1	1	0	1	NA	NA	NA	NA	NA	NA	NA	1	0	1	1	0	1	NA	NA	NA	1	0	1
5	155635943	175791521	1	1	0	2	d	5	1.07	0	0.0483066542506	0.133572309839	1	0	1	1	0	1	NA	NA	NA	NA	NA	NA	NA	1	0	1	1	0	1	NA	NA	NA	1	0	1
5	175791522	175809733	1	1	0	2	d	3	1.07	0	0.05	0.1	1	0	1	0	0	1	NA	NA	NA	NA	NA	NA	NA	1	0	1	1	0	1	NA	NA	NA	0	0	0
5	175809734	180449667	1	1	0	2	d	5	1.07	0	0.0426878515302	0.144297029433	1	0	1	1	0	1	NA	NA	NA	NA	NA	NA	NA	1	0	1	1	0	1	NA	NA	NA	1	0	1
5	180449668	180450976	1	1	0	2	d	5	1.07	0	0.05	0.1	1	0	1	1	0	1	NA	NA	NA	NA	NA	NA	NA	1	0	1	1	0	1	NA	NA	NA	1	0	1
5	180450977	180711115	1	1	0	2	d	5	1.07	0	0.04298409467	0.138695186457	1	0	1	1	0	1	NA	NA	NA	NA	NA	NA	NA	1	0	1	1	0	1	NA	NA	NA	1	0	1
6	39681	203396	1	1	0	2	d	2	NA	NA	NA	NA	NA	NA	NA	NA	NA	NA	NA	NA	NA	NA	NA	NA	NA	1	0	1	NA	NA	NA	NA	NA	NA	1	0	1
6	203397	2080399	1	1	0	3	a	6	1	0	0.0637638019747	0.123436580147	1	0	1	1	0	1	NA	NA	NA	NA	NA	NA	NA	1	0	1	1	0	1	NA	NA	NA	1	0	1
6	2080400	2697505	2	1	1	3	a	6	1	1	0.0336980559274	0.187607711684	2	1	1	1	1	1	NA	NA	NA	NA	NA	NA	NA	2	1	1	1	1	1	NA	NA	NA	2	1	1
6	2697506	2711124	2	1	1	3	b	5	1	1	0.05	0.1	2	1	1	1	1	1	NA	NA	NA	NA	NA	NA	NA	NA	NA	NA	1	1	1	NA	NA	NA	2	1	1
6	2711125	58699999	2	1	1	3	a	6	1	1	0.0382753318458	0.306787527159	2	1	1	1	1	1	NA	NA	NA	NA	NA	NA	NA	2	1	1	1	1	1	NA	NA	NA	2	1	1
6	58700000	63299999	2	1	1	3	a	6	1	1	0.0366834793194	0.271305267968	2	1	1	1	1	1	NA	NA	NA	NA	NA	NA	NA	2	1	1	1	1	1	NA	NA	NA	2	1	1
6	63300000	75939426	2	1	1	3	a	6	1	1	0.0354921421469	0.261044186243	2	1	1	1	1	1	NA	NA	NA	NA	NA	NA	NA	2	1	1	1	1	1	NA	NA	NA	2	1	1
6	75939427	82652564	3	2	1	3	a	6	2	1	0.045578083283	0.315540639395	3	1	2	2	1	1	NA	NA	NA	NA	NA	NA	NA	3	1	2	2	1	1	NA	NA	NA	3	1	2
6	82652565	82653969	3	2	1	3	b	5	2	1	0.05	0.1	3	1	2	2	1	1	NA	NA	NA	NA	NA	NA	NA	NA	NA	NA	2	1	1	NA	NA	NA	3	1	2
6	82653970	85090618	3	2	1	3	a	6	2	1	0.0434738718133	0.277971793364	3	1	2	2	1	1	NA	NA	NA	NA	NA	NA	NA	3	1	2	2	1	1	NA	NA	NA	3	1	2
6	85090619	86434379	4	2	2	3	a	6	2	2	0.0251301912314	0.341424918379	4	2	2	2	2	1	NA	NA	NA	NA	NA	NA	NA	4	2	2	2	2	1	NA	NA	NA	4	2	2
6	86434380	86434402	4	2	2	3	b	6	2	2	0.05	0.1	4	2	2	2	2	1	NA	NA	NA	NA	NA	NA	NA	1	0	1	2	2	1	NA	NA	NA	4	2	2
6	86434403	86434487	4	2	2	2	d	4	2	2	0.05	0.1	NA	NA	NA	2	2	1	NA	NA	NA	NA	NA	NA	NA	NA	NA	NA	2	2	1	NA	NA	NA	4	2	2
6	86434488	86435058	4	2	2	2	d	4	2	2	0.05	0.1	NA	NA	NA	2	2	1	NA	NA	NA	NA	NA	NA	NA	3	1	2	2	2	1	NA	NA	NA	4	2	2
6	86435059	86443772	4	2	2	2	d	4	2	2	0.05	0.1	NA	NA	NA	2	2	1	NA	NA	NA	NA	NA	NA	NA	3	1	2	2	2	1	NA	NA	NA	4	2	2
6	86443773	86444338	4	2	2	2	d	3	2	2	0.05	0.1	NA	NA	NA	3	2	1	NA	NA	NA	NA	NA	NA	NA	NA	NA	NA	2	2	1	NA	NA	NA	4	2	2
6	86444339	94669115	4	2	2	3	a	6	2	2	0.0269741473356	0.399441383664	4	2	2	2	2	1	NA	NA	NA	NA	NA	NA	NA	4	2	2	2	2	1	NA	NA	NA	4	2	2
6	94669116	103289060	3	2	1	3	a	6	2	1	0.0457402931581	0.27887364655	3	1	2	2	1	1	NA	NA	NA	NA	NA	NA	NA	3	1	2	2	1	1	NA	NA	NA	3	1	2
6	103289061	103291548	3	2	1	2	d	3	NA	NA	NA	NA	3	1	2	NA	NA	NA	NA	NA	NA	NA	NA	NA	NA	NA	NA	NA	2	1	1	NA	NA	NA	3	1	2
6	103291549	103291596	2	2	0	1	g	NA	NA	NA	NA	NA	NA	NA	NA	NA	NA	NA	NA	NA	NA	NA	NA	NA	NA	1	0	1	2	0	1	NA	NA	NA	NA	NA	NA
6	103291597	103292078	2	2	0	2	d	2	NA	NA	NA	NA	NA	NA	NA	NA	NA	NA	NA	NA	NA	NA	NA	NA	NA	NA	NA	NA	2	0	1	NA	NA	NA	2	0	2
6	103292079	104157086	2	2	0	3	a	6	2	0	0.0297756915608	0.217265539081	2	0	2	2	0	1	NA	NA	NA	NA	NA	NA	NA	2	0	2	2	0	1	NA	NA	NA	2	0	2
6	104157087	114784341	1	1	0	3	a	6	1	0	0.049917710847	0.116405318665	1	0	1	1	0	1	NA	NA	NA	NA	NA	NA	NA	1	0	1	1	0	1	NA	NA	NA	1	0	1
6	114784342	114790949	1	1	0	1	g	NA	1	0	0.05	0.1	1	0	1	2	0	1	NA	NA	NA	NA	NA	NA	NA	2	0	2	1	0	1	NA	NA	NA	2	0	2
6	114790950	121739634	1	1	0	3	a	6	1	0	0.0456836085029	0.116269960168	1	0	1	1	0	1	NA	NA	NA	NA	NA	NA	NA	1	0	1	1	0	1	NA	NA	NA	1	0	1
6	121739635	121739664	1	1	0	3	a	6	1	0	0.05	0.1	1	0	1	1	0	1	NA	NA	NA	NA	NA	NA	NA	1	0	1	1	0	1	NA	NA	NA	1	0	1
6	121739665	122979020	1	1	0	3	a	6	1	0	0.0483545416616	0.106534914662	1	0	1	1	0	1	NA	NA	NA	NA	NA	NA	NA	1	0	1	1	0	1	NA	NA	NA	1	0	1
6	122979021	122980447	1	1	0	3	b	5	NA	NA	NA	NA	1	0	1	1	0	1	NA	NA	NA	NA	NA	NA	NA	1	0	1	1	0	1	NA	NA	NA	1	0	1
6	122980448	141047028	1	1	0	3	a	6	1	0	0.0454365679256	0.118940419324	1	0	1	1	0	1	NA	NA	NA	NA	NA	NA	NA	1	0	1	1	0	1	NA	NA	NA	1	0	1
6	141047029	141047070	1	1	0	3	b	5	1	0	0.05	0.1	1	0	1	NA	NA	NA	NA	NA	NA	NA	NA	NA	NA	1	0	1	1	0	1	NA	NA	NA	1	0	1
6	141047071	156348545	1	1	0	2	d	4	1	0	0.0476051040856	0.12121171905	1.105375	0.01774438	1.08763025	1	0	0.87925693697066	2	0	0.12074306302934	0.00862701088157314	0.00777258842782203	0.9266604402075	0.957881496078442	1	0	1	1	0	1	NA	NA	NA	1	0	1
6	156348546	156349824	3	3	0	2	e	1	1	0	0.05	0.1	1.105375	0.01774438	1.08763025	3	0	1	NA	NA	NA	NA	NA	NA	NA	2	0	2	1	0	1	NA	NA	NA	2	0	2
6	156349825	156350860	1	1	0	2	d	2	1	0	0.05	0.1	NA	NA	NA	NA	NA	NA	NA	NA	NA	NA	NA	NA	NA	NA	NA	NA	1	0	1	NA	NA	NA	2	0	2
6	156350861	156351223	1	1	0	2	d	3	1	0	0.05	0.1	NA	NA	NA	1	0	1	NA	NA	NA	NA	NA	NA	NA	2	0	2	1	0	1	NA	NA	NA	2	0	2
6	156351224	170919480	1	1	0	3	a	6	1	0	0.0463666778267	0.125283106624	1	0	1	1	0	1	NA	NA	NA	NA	NA	NA	NA	1	0	1	1	0	1	NA	NA	NA	1	0	1
7	82577	450495	2	1	1	3	a	6	1	1	0.0291207961591	0.254465969619	2	1	1	1	1	1	NA	NA	NA	NA	NA	NA	NA	2	1	1	1	1	1	NA	NA	NA	2	1	1
7	450496	2096603	1	1	0	3	a	6	1	0	0.04225808837	0.122388624439	1	0	1	1	0	1	NA	NA	NA	NA	NA	NA	NA	1	0	1	1	0	1	NA	NA	NA	1	0	1
7	2096604	2098631	1	1	0	3	a	6	1	0	0.05	0.1	1	0	1	1	0	1	NA	NA	NA	NA	NA	NA	NA	1	0	1	1	0	1	NA	NA	NA	1	0	1
7	2098632	5257145	1	1	0	3	a	6	1	0	0.0459853789329	0.184416058604	1	0	1	1	0	1	NA	NA	NA	NA	NA	NA	NA	1	0	1	1	0	1	NA	NA	NA	1	0	1
7	5257146	5259380	1	1	0	2	d	5	0.96	0	0.05	0.1	1	0	1	1	0	1	NA	NA	NA	NA	NA	NA	NA	1	0	1	1	0	1	NA	NA	NA	1	0	1
7	5259381	5563696	1	1	0	2	d	5	0.96	0	0.0530392562161	0.1	1	0	1	1	0	1	NA	NA	NA	NA	NA	NA	NA	1	0	1	1	0	1	NA	NA	NA	1	0	1
7	5563697	5563723	1	1	0	2	d	5	0.96	0	0.05	0.1	1	0	1	1	0	1	NA	NA	NA	NA	NA	NA	NA	1	0	1	1	0	1	NA	NA	NA	1	0	1
7	5563724	5564196	1	1	0	2	d	3	0.96	0	0.05	0.1	NA	NA	NA	1	0	1	NA	NA	NA	NA	NA	NA	NA	1	0	1	1	0	1	NA	NA	NA	NA	NA	NA
7	5564197	5564733	1	1	0	2	d	3	0.96	0	0.05	0.1	NA	NA	NA	1	0	1	NA	NA	NA	NA	NA	NA	NA	1	0	1	1	0	1	NA	NA	NA	NA	NA	NA
7	5564734	13145225	1	1	0	2	d	5	0.96	0	0.0503203383097	0.116265856244	1	0	1	1	0	1	NA	NA	NA	NA	NA	NA	NA	1	0	1	1	0	1	NA	NA	NA	1	0	1
7	13145226	13147042	2	1	1	2	d	3	NA	NA	NA	NA	1	0	1	1	1	1	NA	NA	NA	NA	NA	NA	NA	1	0	1	1	1	1	NA	NA	NA	2	1	1
7	13147043	13147368	2	1	1	2	d	3	NA	NA	NA	NA	NA	NA	NA	1	1	1	NA	NA	NA	NA	NA	NA	NA	NA	NA	NA	1	1	1	NA	NA	NA	2	1	1
7	13147369	20965726	2	1	1	2	d	5	0.93	0.93	0.032292761962	0.196066387227	2	1	1	1	1	1	NA	NA	NA	NA	NA	NA	NA	2	1	1	1	1	1	NA	NA	NA	2	1	1
7	20965727	20965741	2	1	1	2	d	4	0.93	0.93	0.05	0.1	2	1	1	1	1	1	NA	NA	NA	NA	NA	NA	NA	1	0	1	1	1	1	NA	NA	NA	2	1	1
7	20965742	20965783	2	1	1	2	d	3	0.93	0.93	0.05	0.1	NA	NA	NA	1	1	1	NA	NA	NA	NA	NA	NA	NA	1	0	1	1	1	1	NA	NA	NA	2	1	1
7	20965784	20966783	2	1	1	2	d	3	0.93	0.93	0.05	0.1	NA	NA	NA	1	1	1	NA	NA	NA	NA	NA	NA	NA	1	0	1	1	1	1	NA	NA	NA	2	1	1
7	20966784	20966818	2	1	1	2	d	2	0.93	0.93	0.05	0.1	NA	NA	NA	1	0	0.86343086202709	1	1	0.13656913797291	NA	0	0.86343086202709	0.86343086202709	2	0	2	1	1	1	NA	NA	NA	2	1	1
7	20966819	21886394	2	1	1	2	d	5	0.93	0.93	0.034426430724	0.178234331398	2	1	1	1	1	1	NA	NA	NA	NA	NA	NA	NA	2	1	1	1	1	1	NA	NA	NA	2	1	1
7	21886395	21887030	2	1	1	2	d	4	0.93	0.93	0.05	0.1	2	1	1	1	1	1	NA	NA	NA	NA	NA	NA	NA	NA	NA	NA	1	1	1	NA	NA	NA	2	1	1
7	21887031	22433740	2	1	1	2	d	5	0.93	0.93	0.0332431917981	0.166742470592	2	1	1	1	1	1	NA	NA	NA	NA	NA	NA	NA	2	1	1	1	1	1	NA	NA	NA	2	1	1
7	22433741	22433842	2	1	1	2	d	4	0.93	0.93	0.05	0.1	2	1	1	1	1	1	NA	NA	NA	NA	NA	NA	NA	1	0	1	1	1	1	NA	NA	NA	2	1	1
7	22433843	22433893	2	1	1	2	d	3	0.93	0.93	0.05	0.1	NA	NA	NA	1	1	1	NA	NA	NA	NA	NA	NA	NA	NA	NA	NA	1	1	1	NA	NA	NA	2	1	1
7	22433894	22434462	2	1	1	2	d	3	0.93	0.93	0.05	0.1	NA	NA	NA	1	1	1	NA	NA	NA	NA	NA	NA	NA	NA	NA	NA	1	1	1	NA	NA	NA	2	1	1
7	22434463	22434661	2	1	1	2	d	3	0.93	0.93	0.05	0.1	NA	NA	NA	1	1	1	NA	NA	NA	NA	NA	NA	NA	1	0	1	1	1	1	NA	NA	NA	2	1	1
7	22434662	22435609	2	1	1	2	d	3	0.93	0.93	0.05	0.1	NA	NA	NA	1	1	1	NA	NA	NA	NA	NA	NA	NA	1	0	1	1	1	1	NA	NA	NA	2	1	1
7	22435610	22435648	2	1	1	2	d	3	0.93	0.93	0.05	0.1	NA	NA	NA	1	1	1	NA	NA	NA	NA	NA	NA	NA	NA	NA	NA	1	1	1	NA	NA	NA	2	1	1
7	22435649	40029545	2	1	1	2	d	5	0.93	0.93	0.0352410397767	0.18234480479	2	1	1	1	1	1	NA	NA	NA	NA	NA	NA	NA	2	1	1	1	1	1	NA	NA	NA	2	1	1
7	40029546	40137704	2	1	1	2	d	5	1	1	0.05	0.198760093071	2.329284	1.065688034	1.26359616	1	1	1	NA	NA	NA	NA	NA	NA	NA	2	1	1	1	1	1	NA	NA	NA	2	1	1
7	40137705	41967467	2	1	1	2	d	5	0.96	0.96	0.0362955844027	0.179021310605	2	1	1	1	1	1	NA	NA	NA	NA	NA	NA	NA	2	1	1	1	1	1	NA	NA	NA	2	1	1
7	41967468	42447072	2	1	1	2	d	5	0.96	0.96	0.0354392196322	0.188026667587	2	1	1	1	1	1	NA	NA	NA	NA	NA	NA	NA	2	1	1	1	1	1	NA	NA	NA	2	1	1
7	42447073	42447461	2	1	1	2	d	4	0.96	0.96	0.05	0.1	2	1	1	1	1	1	NA	NA	NA	NA	NA	NA	NA	1	0	1	1	1	1	NA	NA	NA	2	1	1
7	42447462	42447506	2	1	1	2	d	3	0.96	0.96	0.05	0.1	NA	NA	NA	1	1	1	NA	NA	NA	NA	NA	NA	NA	1	0	1	1	1	1	NA	NA	NA	2	1	1
7	42447507	42447632	2	1	1	2	d	3	0.96	0.96	0.05	0.1	NA	NA	NA	1	1	1	NA	NA	NA	NA	NA	NA	NA	1	0	1	1	1	1	NA	NA	NA	2	1	1
7	42447633	42447657	2	1	1	2	d	3	0.96	0.96	0.05	0.1	NA	NA	NA	1	1	1	NA	NA	NA	NA	NA	NA	NA	1	0	1	1	1	1	NA	NA	NA	2	1	1
7	42447658	42447941	2	1	1	2	d	3	0.96	0.96	0.05	0.1	NA	NA	NA	1	1	1	NA	NA	NA	NA	NA	NA	NA	NA	NA	NA	1	1	1	NA	NA	NA	2	1	1
7	42447942	57999999	2	1	1	2	d	5	0.96	0.96	0.0351995051248	0.225715903258	2	1	1	1	1	1	NA	NA	NA	NA	NA	NA	NA	2	1	1	1	1	1	NA	NA	NA	2	1	1
7	58000000	61699999	2	1	1	2	d	3	0.96	0.96	0.05	0.651077892503	2	1	1	NA	NA	NA	NA	NA	NA	NA	NA	NA	NA	NA	NA	NA	1	1	1	NA	NA	NA	2	1	1
7	61700000	89175463	2	1	1	2	d	5	0.96	0.96	0.035867568607	0.230648921663	2	1	1	1	1	1	NA	NA	NA	NA	NA	NA	NA	2	1	1	1	1	1	NA	NA	NA	2	1	1
7	89175464	90448745	3	2	1	3	a	6	2	1	0.0462633005496	0.421130359158	3	1	2	2	1	1	NA	NA	NA	NA	NA	NA	NA	3	1	2	2	1	1	NA	NA	NA	3	1	2
7	90448746	106583080	2	1	1	3	a	6	1	1	0.0365107865394	0.194143770389	2	1	1	1	1	1	NA	NA	NA	NA	NA	NA	NA	2	1	1	1	1	1	NA	NA	NA	2	1	1
7	106583081	106584021	2	1	1	3	b	5	1	1	0.05	0.1	2	1	1	1	1	1	NA	NA	NA	NA	NA	NA	NA	NA	NA	NA	1	1	1	NA	NA	NA	2	1	1
7	106584022	111028846	2	1	1	3	a	6	1	1	0.0328578496671	0.188451963987	2	1	1	1	1	1	NA	NA	NA	NA	NA	NA	NA	2	1	1	1	1	1	NA	NA	NA	2	1	1
7	111028847	111036258	2	1	1	2	d	3	1	1	0.05	0.1	2	1	1	1	0	0.974841295837037	1	1	0.0251587041629625	NA	0	0.974841295837037	0.974841295837037	NA	NA	NA	1	1	1	NA	NA	NA	1	0	1
7	111036259	111678829	2	1	1	3	a	6	1	1	0.0428659530818	0.245002728593	2	1	1	1	1	1	NA	NA	NA	NA	NA	NA	NA	2	1	1	1	1	1	NA	NA	NA	2	1	1
7	111678830	112067746	2	1	1	3	a	6	1	1	0.0334158319235	0.312648575235	2	1	1	1	1	1	NA	NA	NA	NA	NA	NA	NA	2	1	1	1	1	1	NA	NA	NA	2	1	1
7	112067747	112537930	2	1	1	2	d	5	1	1	0.05	0.193813979502	2.197461	1.098730714	1.09873071	1	1	1	NA	NA	NA	NA	NA	NA	NA	2	1	1	1	1	1	NA	NA	NA	2	1	1
7	112537931	131292331	2	1	1	3	a	6	1	1	0.0365575283312	0.202967236479	2	1	1	1	1	1	NA	NA	NA	NA	NA	NA	NA	2	1	1	1	1	1	NA	NA	NA	2	1	1
7	131292332	131293697	2	1	1	3	b	5	1	1	0.05	0.1	2	1	1	1	1	1	NA	NA	NA	NA	NA	NA	NA	NA	NA	NA	1	1	1	NA	NA	NA	2	1	1
7	131293698	136031631	2	1	1	3	a	6	1	1	0.0354321285871	0.191398015774	2	1	1	1	1	1	NA	NA	NA	NA	NA	NA	NA	2	1	1	1	1	1	NA	NA	NA	2	1	1
7	136031632	136031801	2	1	1	3	b	5	1	1	0.05	0.1	2	1	1	1	1	1	NA	NA	NA	NA	NA	NA	NA	NA	NA	NA	1	1	1	NA	NA	NA	2	1	1
7	136031802	139648736	2	1	1	3	a	6	1	1	0.0390350117567	0.186818000236	2	1	1	1	1	1	NA	NA	NA	NA	NA	NA	NA	2	1	1	1	1	1	NA	NA	NA	2	1	1
7	139648737	139648776	2	1	1	2	d	4	1	1	0.05	0.1	2	1	1	NA	NA	NA	NA	NA	NA	NA	NA	NA	NA	NA	NA	NA	1	1	1	NA	NA	NA	2	1	1
7	139648777	139649307	2	1	1	2	d	4	1	1	0.05	0.1	NA	NA	NA	1	0	0.295621294340885	1	1	0.704378705659115	0.0183955931306846	0.0128892060707782	0.277060157764212	0.313851344025582	2	1	1	1	1	1	NA	NA	NA	2	1	1
7	139649308	146058878	2	1	1	3	a	6	1	1	0.0371127859921	0.216566629207	2	1	1	1	1	1	NA	NA	NA	NA	NA	NA	NA	2	1	1	1	1	1	NA	NA	NA	2	1	1
7	146058879	146059882	2	1	1	3	b	5	1	1	0.05	0.1	2	1	1	1	1	1	NA	NA	NA	NA	NA	NA	NA	NA	NA	NA	1	1	1	NA	NA	NA	2	1	1
7	146059883	158821400	2	1	1	3	a	6	1	1	0.0390610454268	0.200667516252	2	1	1	1	1	1	NA	NA	NA	NA	NA	NA	NA	2	1	1	1	1	1	NA	NA	NA	2	1	1
8	10001	197041	1	1	0	2	d	4	1.04	0	0.05	0.1	NA	NA	NA	1	0	1	NA	NA	NA	NA	NA	NA	NA	1	0	1	1	0	1	NA	NA	NA	1	0	1
8	197042	26001534	1	1	0	2	d	5	1.04	0	0.0497465108494	0.140832269273	1	0	1	1	0	1	NA	NA	NA	NA	NA	NA	NA	1	0	1	1	0	1	NA	NA	NA	1	0	1
8	26001535	41634914	2	1	1	3	a	6	1	1	0.039331936583	0.227781726194	2	1	1	1	1	1	NA	NA	NA	NA	NA	NA	NA	2	1	1	1	1	1	NA	NA	NA	2	1	1
8	41634915	41652761	1	1	0	3	b	6	1	0	0.05	0.1	2	1	1	1	0	1	NA	NA	NA	NA	NA	NA	NA	1	0	1	1	0	1	NA	NA	NA	1	0	1
8	41652762	42383169	2	1	1	2	d	5	0.95	0.95	0.0287994267049	0.189740171152	2	1	1	1	1	1	NA	NA	NA	NA	NA	NA	NA	2	1	1	1	1	1	NA	NA	NA	2	1	1
8	42383170	42384005	2	1	1	2	d	4	0.95	0.95	0.05	0.1	2	1	1	1	1	1	NA	NA	NA	NA	NA	NA	NA	NA	NA	NA	1	1	1	NA	NA	NA	2	1	1
8	42384006	42459855	2	1	1	2	d	3	0.95	0.95	0.05	0.172658408025	NA	NA	NA	1	1	1	NA	NA	NA	NA	NA	NA	NA	NA	NA	NA	1	1	1	NA	NA	NA	2	1	1
8	42459856	42461766	2	1	1	2	d	3	0.95	0.95	0.05	0.1	NA	NA	NA	1	1	1	NA	NA	NA	NA	NA	NA	NA	NA	NA	NA	1	1	1	NA	NA	NA	2	1	1
8	42461767	48099999	2	1	1	2	d	4	0.95	0.95	0.0357689657005	0.341984045213	2	1	1	NA	NA	NA	NA	NA	NA	NA	NA	NA	NA	2	1	1	1	1	1	NA	NA	NA	2	1	1
8	48100000	49800175	2	1	1	2	d	4	0.95	0.95	0.05	0.186677884603	2	1	1	1	0	0.0520604605335968	1	1	0.947939539466403	0.0110359138605887	0.0106932214271978	0.0313989581628087	0.0729337983042359	2	1	1	1	1	1	NA	NA	NA	2	1	1
8	49800176	50648287	3	2	1	2	d	3	1.69	1	0.0501782295181	0.233846162483	2.815221	1.007230032	1.80799141	1	1	0.169812573867812	2	1	0.830187426132188	0.0260336172844967	0.0255127586390619	0.12091628961735	0.221238440639436	3	1	2	2	1	1	NA	NA	NA	3	1	2
8	50648288	65003168	1	1	0	3	a	6	1	0	0.0488824109378	0.12110092943	1	0	1	1	0	1	NA	NA	NA	NA	NA	NA	NA	1	0	1	1	0	1	NA	NA	NA	1	0	1
8	65003169	67080923	2	1	1	2	d	5	0.84	0.84	0.0328859414045	0.163355462605	2	1	1	1	1	1	NA	NA	NA	NA	NA	NA	NA	2	1	1	1	1	1	NA	NA	NA	2	1	1
8	67080924	72067427	2	1	1	2	d	5	0.84	0.84	0.0346175097488	0.168406035314	2	1	1	1	1	1	NA	NA	NA	NA	NA	NA	NA	2	1	1	1	1	1	NA	NA	NA	2	1	1
8	72067428	72068063	2	1	1	2	d	4	0.84	0.84	0.05	0.1	2	1	1	1	1	1	NA	NA	NA	NA	NA	NA	NA	NA	NA	NA	1	1	1	NA	NA	NA	2	1	1
8	72068064	72068928	2	1	1	2	d	3	0.84	0.84	0.05	0.1	NA	NA	NA	1	1	1	NA	NA	NA	NA	NA	NA	NA	1	0	1	1	1	1	NA	NA	NA	2	1	1
8	72068929	72068970	2	1	1	2	d	3	0.84	0.84	0.05	0.1	NA	NA	NA	1	1	1	NA	NA	NA	NA	NA	NA	NA	NA	NA	NA	1	1	1	NA	NA	NA	2	1	1
8	72068971	104265852	2	1	1	2	d	5	0.84	0.84	0.0350932145898	0.171074248372	2	1	1	1	1	1	NA	NA	NA	NA	NA	NA	NA	2	1	1	1	1	1	NA	NA	NA	2	1	1
8	104265853	104302496	2	1	1	2	d	5	1	1	0.05	0.1	2	1	1	1	1	0.79798561308382	2	1	0.20201438691618	0.0679522471537767	0.0669041464674745	0.665722051949605	0.932238913923821	2	1	1	1	1	1	NA	NA	NA	2	1	1
8	104302497	114111024	2	1	1	2	d	5	0.84	0.84	0.0349197744688	0.177691467618	2	1	1	1	1	1	NA	NA	NA	NA	NA	NA	NA	2	1	1	1	1	1	NA	NA	NA	2	1	1
8	114111025	116205757	3	2	1	2	d	5	1.58	0.84	0.0474877264455	0.22837965971	3	1	2	2	1	1	NA	NA	NA	NA	NA	NA	NA	3	1	2	2	1	1	NA	NA	NA	3	1	2
8	116205758	116206733	3	2	1	2	d	3	1.58	0.84	0.05	0.1	3	1	2	2	0	0.949683947975008	2	1	0.050316052024992	NA	0	0.949683947975008	0.949683947975008	1	0	1	2	1	1	NA	NA	NA	3	1	2
8	116206734	116207193	3	2	1	2	d	2	1.58	0.84	0.05	0.1	NA	NA	NA	NA	NA	NA	NA	NA	NA	NA	NA	NA	NA	1	0	1	2	1	1	NA	NA	NA	3	1	2
8	116207194	116207212	3	2	1	2	d	2	1.58	0.84	0.05	0.1	NA	NA	NA	NA	NA	NA	NA	NA	NA	NA	NA	NA	NA	NA	NA	NA	2	1	1	NA	NA	NA	3	1	2
8	116207213	124218094	3	2	1	2	d	4	1.58	0.84	0.0453759062372	0.234051323179	3	1	2	2	1	0.943395458697585	2	2	0.0566045413024151	0.00486980447954	0.00495141333691386	0.916637922659478	0.935759064817744	3	1	2	2	1	1	NA	NA	NA	3	1	2
8	124218095	124220087	3	2	1	2	d	5	1.58	0.84	0.05	0.1	3	1	2	2	1	1	NA	NA	NA	NA	NA	NA	NA	3	1	2	2	1	1	NA	NA	NA	3	1	2
8	124220088	142037196	3	2	1	2	d	4	1.58	0.84	0.0447637983064	0.242549520982	3	1	2	2	1	0.913939655951088	2	2	0.0860603440489119	0.00274980499898619	0.00274963498254527	0.908767754550954	0.919449542990898	3	1	2	2	1	1	NA	NA	NA	3	1	2
8	142037197	146364021	3	2	1	2	d	4	1.58	0.84	0.0477616485542	0.256593443615	3	1	2	2	1	0.913939655951088	2	2	0.0860603440489119	0.00274980499898619	0.00274963498254527	0.908767754550954	0.919449542990898	3	1	2	2	1	1	NA	NA	NA	3	1	2
9	47500	203936	1	1	0	2	d	3	1.11	0	0.05	0.1	NA	NA	NA	NA	NA	NA	NA	NA	NA	NA	NA	NA	NA	1	0	1	1	0	1	NA	NA	NA	1	0	1
9	203937	11839991	1	1	0	2	d	5	1.11	0	0.0502029068717	0.153223987101	1	0	1	1	0	1	NA	NA	NA	NA	NA	NA	NA	1	0	1	1	0	1	NA	NA	NA	1	0	1
9	11839992	12000004	1	1	0	2	d	3	NA	NA	NA	NA	1	0	1	4	0	1	NA	NA	NA	NA	NA	NA	NA	1	0	1	1	0	1	NA	NA	NA	0	0	0
9	12000005	26339941	1	1	0	2	d	5	1.11	0	0.0488991702449	0.13453870875	1	0	1	1	0	1	NA	NA	NA	NA	NA	NA	NA	1	0	1	1	0	1	NA	NA	NA	1	0	1
9	26339942	27335898	2	1	1	2	d	5	1.07	1.07	0.0342365217863	0.225828851505	2	1	1	1	1	1	NA	NA	NA	NA	NA	NA	NA	2	1	1	1	1	1	NA	NA	NA	2	1	1
9	27335899	27336844	2	1	1	1	g	NA	NA	NA	NA	NA	2	1	1	1	0	0.811333114968882	2	0	0.188666885031118	NA	0	0.811333114968882	0.811333114968882	2	0	2	1	1	1	NA	NA	NA	1	0	1
9	27336845	33221285	2	1	1	2	d	5	0.96	0.96	0.0357704830114	0.23917012036	2	1	1	1	1	1	NA	NA	NA	NA	NA	NA	NA	2	1	1	1	1	1	NA	NA	NA	2	1	1
9	33221286	33223639	2	1	1	2	d	4	0.96	0.96	0.05	0.1	2	1	1	1	1	1	NA	NA	NA	NA	NA	NA	NA	NA	NA	NA	1	1	1	NA	NA	NA	2	1	1
9	33223640	47299999	2	1	1	2	d	4	0.96	0.96	0.0350953633945	0.336427597332	2	1	1	NA	NA	NA	NA	NA	NA	NA	NA	NA	NA	2	1	1	1	1	1	NA	NA	NA	2	1	1
9	47300000	50699999	2	1	1	2	d	3	0.96	0.96	0.05	0.1	2	1	1	NA	NA	NA	NA	NA	NA	NA	NA	NA	NA	NA	NA	NA	1	1	1	NA	NA	NA	2	1	1
9	50700000	106293483	2	1	1	2	d	3	0.96	0.96	0.0393111836421	0.201859332973	1.877797	0.938898448	0.93889845	1	0	0.111410433809947	1	1	0.888589566190053	0.0019338772050503	0.0019130996262253	0.107959811955408	0.115662025604246	2	1	1	1	1	1	NA	NA	NA	2	1	1
9	106293484	106297518	2	1	1	2	d	2	0.96	0.96	0.05	0.1	1.877797	0.938898448	0.93889845	NA	NA	NA	NA	NA	NA	NA	NA	NA	NA	NA	NA	NA	1	1	1	NA	NA	NA	2	1	1
9	106297519	137599307	2	1	1	2	d	3	0.96	0.96	0.0382672952661	0.196235780554	1.850042	0.925021169	0.92502117	1	0	0.101722570000388	1	1	0.898277429999612	0.00207205691936628	0.00208238236049595	0.0951670803559728	0.103240636075897	2	1	1	1	1	1	NA	NA	NA	2	1	1
9	137599308	140273200	3	2	1	2	d	2	2.04	1	0.0420975673997	0.332023103899	2.732894	0.846719492	1.88617491	2	0	0.0947430036098819	2	1	0.905256996390118	0.00629950639007707	0.00628102628153621	0.082065586075586	0.106160003902052	3	1	2	2	0	0.144016	2	1	0.855984	3	1	2
9	140273201	141068960	3	2	1	2	d	2	NA	NA	NA	NA	2.766366	0.872313551	1.89405239	2	0	0.0947430036098819	2	1	0.905256996390118	0.00629950639007707	0.00628102628153621	0.082065586075586	0.106160003902052	3	1	2	2	0	0.14332	2	1	0.85668	3	1	2
10	115011	3342249	2	1	1	3	a	6	1	1	0.0360338893626	0.213687284177	2	1	1	1	1	1	NA	NA	NA	NA	NA	NA	NA	2	1	1	1	1	1	NA	NA	NA	2	1	1
10	3342250	3344845	2	1	1	2	d	4	1	1	0.05	0.1	2	1	1	1	0	0.461766929607017	1	1	0.538233070392983	NA	0	0.461766929607017	0.461766929607017	NA	NA	NA	1	1	1	NA	NA	NA	2	1	1
10	3344846	15310525	2	1	1	3	a	6	1	1	0.0348268656746	0.202389449231	2	1	1	1	1	1	NA	NA	NA	NA	NA	NA	NA	2	1	1	1	1	1	NA	NA	NA	2	1	1
10	15310526	15312797	2	1	1	2	d	3	1	1	0.05	0.1	2	1	1	1	0	1	NA	NA	NA	NA	NA	NA	NA	NA	NA	NA	1	1	1	NA	NA	NA	1	0	1
10	15312798	37999999	2	1	1	3	a	6	1	1	0.0350254494792	0.202630735541	2	1	1	1	1	1	NA	NA	NA	NA	NA	NA	NA	2	1	1	1	1	1	NA	NA	NA	2	1	1
10	38000000	42299999	2	1	1	2	d	4	1	1	0.0308352265822	0.315492073641	2.108256	1.054127906	1.05412791	1	1	1	NA	NA	NA	NA	NA	NA	NA	2	1	1	NA	NA	NA	NA	NA	NA	2	1	1
10	42300000	56777512	2	1	1	3	a	6	1	1	0.0371376439852	0.216244000298	2	1	1	1	1	1	NA	NA	NA	NA	NA	NA	NA	2	1	1	1	1	1	NA	NA	NA	2	1	1
10	56777513	56777567	2	1	1	2	d	4	1	1	0.05	0.1	2	1	1	1	0	0.161353042069578	1	1	0.838646957930422	NA	0	0.161353042069578	0.161353042069578	1	0	1	1	1	1	NA	NA	NA	2	1	1
10	56777568	56781047	2	1	1	2	d	3	1	1	0.05	0.1	NA	NA	NA	1	1	0.784508766183392	2	1	0.215491233816608	0.107713882827096	0.104704025440299	0.432879424428031	0.830396344971919	1	0	1	1	1	1	NA	NA	NA	2	1	1
10	56781048	56781300	2	1	1	2	d	3	1	1	0.05	0.1	NA	NA	NA	NA	NA	NA	NA	NA	NA	NA	NA	NA	NA	1	0	1	1	1	1	NA	NA	NA	2	1	1
10	56781301	64458393	2	1	1	3	a	6	1	1	0.0358846877416	0.201698096446	2	1	1	1	1	1	NA	NA	NA	NA	NA	NA	NA	2	1	1	1	1	1	NA	NA	NA	2	1	1
10	64458394	64476982	2	1	1	2	d	4	1	1	0.05	0.1	2	1	1	1	1	0.85734029817019	2	1	0.14265970182981	0.0615693651717663	0.0598771224826399	0.697670005206751	0.93486617738155	NA	NA	NA	1	1	1	NA	NA	NA	2	1	1
10	64476983	98715329	2	1	1	3	a	6	1	1	0.0348735035899	0.208575776727	2	1	1	1	1	1	NA	NA	NA	NA	NA	NA	NA	2	1	1	1	1	1	NA	NA	NA	2	1	1
10	98715330	98725004	2	1	1	2	d	3	1	1	0.05	0.1	2	1	1	1	0	1	NA	NA	NA	NA	NA	NA	NA	NA	NA	NA	1	1	1	NA	NA	NA	1	0	1
10	98725005	101992359	2	1	1	3	a	6	1	1	0.0396462787124	0.221617982075	2	1	1	1	1	1	NA	NA	NA	NA	NA	NA	NA	2	1	1	1	1	1	NA	NA	NA	2	1	1
10	101992360	101993552	2	1	1	3	b	5	1	1	0.05	0.1	2	1	1	1	1	1	NA	NA	NA	NA	NA	NA	NA	NA	NA	NA	1	1	1	NA	NA	NA	2	1	1
10	101993553	104498143	2	1	1	3	a	6	1	1	0.0334519550385	0.220371354832	2	1	1	1	1	1	NA	NA	NA	NA	NA	NA	NA	2	1	1	1	1	1	NA	NA	NA	2	1	1
10	104498144	106540430	2	1	1	2	d	3	1	0.84	0.0440015758776	0.197347551765	1.868776	0.835859513	1.03291647	1	0	0.194968259167406	1	1	0.805031740832594	0.00781434462812627	0.00790448152997945	0.178695349192935	0.210505897157966	2	1	1	1	1	1	NA	NA	NA	2	1	1
10	106540431	106552214	1	1	0	2	d	3	1	0.84	0.05	0.1	1.868776	0.835859513	1.03291647	1	0	1	NA	NA	NA	NA	NA	NA	NA	1	0	1	1	1	1	NA	NA	NA	1	0	1
10	106552215	106849222	2	1	1	2	d	3	1	0.84	0.0448950398349	0.189002924596	1.825584	0.81493944	1.01064497	1	0	0.194968259167406	1	1	0.805031740832594	0.0246036222763398	0.0245152727894277	0.170570641243089	0.267275786344722	2	1	1	1	1	1	NA	NA	NA	2	1	1
10	106849223	106916011	2	1	1	2	d	3	1	0.84	0.05	0.189588226258	1.825584	0.81493944	1.01064497	1	1	1	NA	NA	NA	NA	NA	NA	NA	NA	NA	NA	1	1	1	NA	NA	NA	2	1	1
10	106916012	107808827	2	1	1	2	d	3	1	0.84	0.0445711560326	0.179989953934	1.733785	0.763787731	0.96999712	1	0	0.227462969028642	1	1	0.772537030971358	0.013134304194607	0.0132706984261363	0.209620054502568	0.26009881840238	2	1	1	1	1	1	NA	NA	NA	2	1	1
10	107808828	107816216	1	1	0	2	d	3	1	0.84	0.05	0.1	1.733785	0.763787731	0.96999712	1	0	1	NA	NA	NA	NA	NA	NA	NA	1	0	1	1	0	0.27148	1	1	0.72852	1	0	1
10	107816217	108647187	2	1	1	2	d	2	1	0.84	0.0454646581504	0.174290813171	1.727855	0.759024362	0.96883066	1	0	0.250673476072381	1	1	0.749326523927619	0.0166393996029994	0.0160365989197621	0.216883841394354	0.28167230942269	2	1	1	1	0	0.27148	1	1	0.72852	2	1	1
10	108647188	129285871	3	2	1	2	d	2	1.58	1	0.0472601998642	0.252018185284	2.658709	1.009938182	1.64877111	1	1	0.340107430510313	2	1	0.659892569489687	0.00414986386769609	0.00390784309616569	0.351601515176112	0.36683053678933	3	1	2	2	1	0.691403	1	1	0.308597	3	1	2
10	129285872	129286856	2	1	1	2	d	2	NA	NA	NA	NA	2.658709	1.009938182	1.64877111	1	1	1	NA	NA	NA	NA	NA	NA	NA	NA	NA	NA	2	1	0.691403	1	1	0.308597	2	1	1
10	129286857	135389924	2	1	1	2	d	3	1	0.78	0.0489001365355	0.193944804028	1.695719	0.729537437	0.96618125	1	0	0.244843860349766	1	1	0.755156139650234	0.00397348131765644	0.0041013082286935	0.234162993578912	0.250185930059728	2	1	1	1	1	1	NA	NA	NA	2	1	1
11	20721	218140	1	1	0	1	g	1	1.69	0	0.05	0.1	NA	NA	NA	1	0	1	NA	NA	NA	NA	NA	NA	NA	NA	NA	NA	NA	NA	NA	NA	NA	NA	2	0	2
11	218141	25086236	2	2	0	2	d	4	1.69	0	0.0326034091243	0.232522411119	1.681435	0.018553856	1.66288127	2	0	1	NA	NA	NA	NA	NA	NA	NA	2	0	2	2	0	1	NA	NA	NA	2	0	2
11	25086237	33185353	1	1	0	2	d	5	1.05	0	0.0447762276556	0.124160469789	1	0	1	1	0	1	NA	NA	NA	NA	NA	NA	NA	1	0	1	1	0	1	NA	NA	NA	1	0	1
11	33185354	33195871	1	1	0	2	d	4	1.05	0	0.05	0.1	1	0	1	1	0	1	NA	NA	NA	NA	NA	NA	NA	1	0	1	1	0	1	NA	NA	NA	0	0	0
11	33195872	36243940	1	1	0	2	d	4	1.05	0	0.0459097281535	0.115562588123	1	0	1	1	0	0.86793629997036	2	0	0.13206370002964	0.0131971956972151	0.0123268898104266	0.879423825110804	0.926696107970765	1	0	1	1	0	1	NA	NA	NA	1	0	1
11	36243941	51599999	2	1	1	3	a	6	1	1	0.0369710266827	0.24678856005	2	1	1	1	1	1	NA	NA	NA	NA	NA	NA	NA	2	1	1	1	1	1	NA	NA	NA	2	1	1
11	51600000	55699999	2	1	1	3	a	6	1	1	0.0369058562619	0.517575668513	2	1	1	1	1	1	NA	NA	NA	NA	NA	NA	NA	2	1	1	1	1	1	NA	NA	NA	2	1	1
11	55700000	56729440	2	1	1	3	a	6	1	1	0.0348116071485	0.199324199291	2	1	1	1	1	1	NA	NA	NA	NA	NA	NA	NA	2	1	1	1	1	1	NA	NA	NA	2	1	1
11	56729441	56758922	1	1	0	3	b	6	1	0	0.05	0.1	2	1	1	1	0	1	NA	NA	NA	NA	NA	NA	NA	1	0	1	1	0	1	NA	NA	NA	1	0	1
11	56758923	62431647	2	1	1	3	a	6	1	1	0.0328765259416	0.230634322095	2	1	1	1	1	1	NA	NA	NA	NA	NA	NA	NA	2	1	1	1	1	1	NA	NA	NA	2	1	1
11	62431648	62463682	2	1	1	3	b	5	1	1	0.05	0.1	2	1	1	1	0	0.388418310429758	1	1	0.611581689570242	0.059165088773135	0.0577773672635585	0.261215896145387	0.488367211798477	2	1	1	1	1	1	NA	NA	NA	2	1	1
11	62463683	78303776	2	1	1	3	a	6	1	1	0.0314659122494	0.21219812134	2	1	1	1	1	1	NA	NA	NA	NA	NA	NA	NA	2	1	1	1	1	1	NA	NA	NA	2	1	1
11	78303777	91061174	1	1	0	2	d	3	1	0	0.0563406086259	0.132422855554	1.148271	0.117149711	1.03112114	1	0	0.909851876114568	1	1	0.0901481238854319	0.0014946068441416	0.00144042754382974	0.901902162095251	0.907447572385767	1	0	1	1	0	0.945744	1	1	0.054256	1	0	1
11	91061175	97232583	1	1	0	3	a	6	1	0	0.046068562061	0.117550513414	1	0	1	1	0	1	NA	NA	NA	NA	NA	NA	NA	1	0	1	1	0	1	NA	NA	NA	1	0	1
11	97232584	97233485	1	1	0	2	d	5	0.96	0	0.05	0.1	1	0	1	1	0	1	NA	NA	NA	NA	NA	NA	NA	1	0	1	1	0	1	NA	NA	NA	1	0	1
11	97233486	97234017	1	1	0	2	d	3	0.96	0	0.05	0.1	NA	NA	NA	1	0	1	NA	NA	NA	NA	NA	NA	NA	1	0	1	1	0	1	NA	NA	NA	NA	NA	NA
11	97234018	97237566	1	1	0	2	d	3	0.96	0	0.05	0.1	NA	NA	NA	1	0	1	NA	NA	NA	NA	NA	NA	NA	1	0	1	1	0	1	NA	NA	NA	NA	NA	NA
11	97237567	99250755	1	1	0	2	d	5	0.96	0	0.0469518457012	0.12258194493	1	0	1	1	0	1	NA	NA	NA	NA	NA	NA	NA	1	0	1	1	0	1	NA	NA	NA	1	0	1
11	99250756	99252505	1	1	0	3	a	6	1	0	0.05	0.1	1	0	1	1	0	1	NA	NA	NA	NA	NA	NA	NA	1	0	1	1	0	1	NA	NA	NA	1	0	1
11	99252506	113754027	1	1	0	3	a	6	1	0	0.0488869207	0.112341208337	1	0	1	1	0	1	NA	NA	NA	NA	NA	NA	NA	1	0	1	1	0	1	NA	NA	NA	1	0	1
11	113754028	113881349	0	0	0	2	d	4	0	0	0.0986344893811	0.0310721500795	0	0	0	0	0	1	NA	NA	NA	NA	NA	NA	NA	1	0	1	1	0	1	NA	NA	NA	0	0	0
11	113881350	116936080	1	1	0	2	d	5	0.96	0	0.0450555094148	0.103395544649	1	0	1	1	0	1	NA	NA	NA	NA	NA	NA	NA	1	0	1	1	0	1	NA	NA	NA	1	0	1
11	116936081	117525111	1	1	0	2	d	3	1	0	0.0623889026938	0.127795209198	1.112991	0.107273104	1.00571747	1	0	0.919136078932064	1	1	0.0808639210679359	0.00515453926274034	0.00527840150638055	0.902113143439183	0.922641773017101	1	0	1	1	0	0.94851	1	1	0.0514902	1	0	1
11	117525112	117525938	1	1	0	2	d	2	NA	NA	NA	NA	1.112991	0.107273104	1.00571747	1	0	0.912451452903467	1	1	0.0875485470965328	NA	0	0.912451452903467	0.912451452903467	1	0	1	1	0	0.630749	1	1	0.369251	1	0	1
11	117525939	117525971	1	1	0	2	d	2	NA	NA	NA	NA	NA	NA	NA	NA	NA	NA	NA	NA	NA	NA	NA	NA	NA	1	0	1	1	0	0.630749	1	1	0.369251	1	0	1
11	117525972	124704999	1	1	0	2	d	2	0.96	0.42	0.0649045392568	0.140021056661	1.403675	0.409975912	0.9936989	1	0	0.599902335899715	1	1	0.400097664100285	0.00273497665421746	0.00274859553319766	0.590022137971282	0.600681161258099	1	0	1	1	0	0.630749	1	1	0.369251	1	0	1
11	124705000	124706037	1	1	0	2	d	2	0.96	0.42	0.05	0.1	1.403675	0.409975912	0.9936989	1	0	1	NA	NA	NA	NA	NA	NA	NA	NA	NA	NA	1	0	0.630749	1	1	0.369251	1	0	1
11	124706038	131071230	2	1	1	2	e	4	0.96	0.42	0.0610266918774	0.138600825913	1.427316	0.425963643	1.00135257	1	0	0.584904777502223	1	1	0.415095222497777	0.0033021844324298	0.0033162207719047	0.574971612847818	0.587927370288823	2	1	1	1	0	0.622157	1	1	0.377843	1	0	1
11	131071231	131071269	1	1	0	2	d	2	NA	NA	NA	NA	1.427316	0.425963643	1.00135257	NA	NA	NA	NA	NA	NA	NA	NA	NA	NA	1	0	1	1	0	0.622157	1	1	0.377843	1	0	1
11	131071270	134452200	1	1	0	2	d	2	1	0.42	0.0611081827167	0.152034578382	1.382188	0.401259647	0.980928	1	0	0.601995291662349	1	1	0.398004708337651	0.00380094900436789	0.00377114244760698	0.59444046488743	0.609444008395261	1	0	1	1	0	0.640219	1	1	0.359781	1	0	1
12	22500	191449	2	1	1	2	f	1	1.46	1	0.05	1.02488199588	NA	NA	NA	NA	NA	NA	NA	NA	NA	NA	NA	NA	NA	NA	NA	NA	NA	NA	NA	NA	NA	NA	3	1	2
12	191450	5019647	3	2	1	2	d	2	1.46	1	0.0487512397176	0.234493003037	2.555702	0.992395917	1.56330652	1	1	0.39343208259029	2	1	0.60656791740971	0.00852679507492296	0.00826735026709841	0.394440356094967	0.427764631382152	3	1	2	2	1	0.641339	1	1	0.358661	3	1	2
12	5019648	5021041	3	2	1	2	f	3	NA	NA	NA	NA	2.555702	0.992395917	1.56330652	NA	NA	NA	NA	NA	NA	NA	NA	NA	NA	NA	NA	NA	2	1	0.674626	1	1	0.325374	3	1	2
12	5021042	11725824	3	2	1	2	d	2	1.54	1	0.0498762890532	0.454965893057	2.609179	0.995468285	1.61371081	1	1	0.366353157705928	2	1	0.633646842294072	0.00722608495781624	0.00690714630405152	0.361389948712313	0.38802393672001	3	1	2	2	1	0.674626	1	1	0.325374	3	1	2
12	11725825	11727116	3	2	1	2	f	3	NA	NA	NA	NA	2.609179	0.995468285	1.61371081	NA	NA	NA	NA	NA	NA	NA	NA	NA	NA	NA	NA	NA	2	1	0.674626	1	1	0.325374	3	1	2
12	11727117	15337530	3	2	1	2	d	3	1.64	1	0.0471329942966	0.240550297332	2.772078	1.011240594	1.76083731	1	1	0.242485245128371	2	1	0.757514754871629	0.00739678722510256	0.0072891353595504	0.227974527369381	0.257474186545824	3	1	2	2	1	1	NA	NA	NA	3	1	2
12	15337531	15337683	3	2	1	2	d	2	1.64	0.95	0.05	0.1	2.772078	1.011240594	1.76083731	1	1	0.242485245128371	2	1	0.757514754871629	0.00739678722510256	0.0072891353595504	0.227974527369381	0.257474186545824	1	0	1	2	1	1	NA	NA	NA	3	1	2
12	15337684	15337731	3	2	1	2	d	2	1.64	0.95	0.05	0.1	NA	NA	NA	1	1	0.242485245128371	2	1	0.757514754871629	0.00739678722510256	0.0072891353595504	0.227974527369381	0.257474186545824	1	0	1	2	1	1	NA	NA	NA	3	1	2
12	15337732	15337836	3	2	1	2	d	2	1.64	0.95	0.05	0.1	NA	NA	NA	1	1	0.242485245128371	2	1	0.757514754871629	0.00739678722510256	0.0072891353595504	0.227974527369381	0.257474186545824	NA	NA	NA	2	1	1	NA	NA	NA	3	1	2
12	15337837	18110899	3	2	1	2	d	3	1.64	0.95	0.0466732133564	0.238612317932	2.773693	1.006441581	1.76725121	1	1	0.242485245128371	2	1	0.757514754871629	0.00739678722510256	0.0072891353595504	0.227974527369381	0.257474186545824	3	1	2	2	1	1	NA	NA	NA	3	1	2
12	18110900	32502576	3	2	1	3	a	6	2	1	0.0442666058458	0.284692519588	3	1	2	2	1	1	NA	NA	NA	NA	NA	NA	NA	3	1	2	2	1	1	NA	NA	NA	3	1	2
12	32502577	38199999	NA	NA	NA	NA	NA	NA	1	1	0.0367440688061	0.31989573328	2	1	1	1	1	1	NA	NA	NA	NA	NA	NA	NA	2	1	1	1	1	1	NA	NA	NA	2	1	1
12	38200000	48672797	2	1	1	3	a	6	1	1	0.0359326927621	0.198884258351	2	1	1	1	1	1	NA	NA	NA	NA	NA	NA	NA	2	1	1	1	1	1	NA	NA	NA	2	1	1
12	48672798	48673376	2	1	1	3	b	5	1	1	0.05	0.1	2	1	1	1	1	1	NA	NA	NA	NA	NA	NA	NA	NA	NA	NA	1	1	1	NA	NA	NA	2	1	1
12	48673377	57475483	2	1	1	3	a	6	1	1	0.038433769572	0.203755764813	2	1	1	1	1	1	NA	NA	NA	NA	NA	NA	NA	2	1	1	1	1	1	NA	NA	NA	2	1	1
12	57475484	57478487	2	1	1	2	d	3	1	1	0.05	0.1	2	1	1	1	0	0.816146201165892	1	1	0.183853798834108	NA	0	0.816146201165892	0.816146201165892	NA	NA	NA	1	1	1	NA	NA	NA	1	0	1
12	57478488	83205864	2	1	1	3	a	6	1	1	0.0349687013811	0.201089465646	2	1	1	1	1	1	NA	NA	NA	NA	NA	NA	NA	2	1	1	1	1	1	NA	NA	NA	2	1	1
12	83205865	83214357	2	1	1	3	b	5	1	1	0.05	0.1	2	1	1	1	1	1	NA	NA	NA	NA	NA	NA	NA	NA	NA	NA	1	1	1	NA	NA	NA	2	1	1
12	83214358	86407125	2	1	1	3	a	6	1	1	0.0378811427615	0.198819998609	2	1	1	1	1	1	NA	NA	NA	NA	NA	NA	NA	2	1	1	1	1	1	NA	NA	NA	2	1	1
12	86407126	86409216	2	1	1	1	g	NA	1	1	0.05	0.1	2	1	1	2	0	1	NA	NA	NA	NA	NA	NA	NA	2	0	2	1	1	1	NA	NA	NA	1	0	1
12	86409217	97815644	2	1	1	3	a	6	1	1	0.0343108624253	0.185459737776	2	1	1	1	1	1	NA	NA	NA	NA	NA	NA	NA	2	1	1	1	1	1	NA	NA	NA	2	1	1
12	97815645	97816186	2	1	1	3	b	5	1	1	0.05	0.1	2	1	1	1	1	1	NA	NA	NA	NA	NA	NA	NA	NA	NA	NA	1	1	1	NA	NA	NA	2	1	1
12	97816187	99590447	2	1	1	3	a	6	1	1	0.0366713780961	0.191694012066	2	1	1	1	1	1	NA	NA	NA	NA	NA	NA	NA	2	1	1	1	1	1	NA	NA	NA	2	1	1
12	99590448	99592084	2	1	1	2	d	3	1	1	0.05	0.1	2	1	1	1	0	0.86343086202709	1	1	0.13656913797291	NA	0	0.86343086202709	0.86343086202709	NA	NA	NA	1	1	1	NA	NA	NA	1	0	1
12	99592085	110198937	2	1	1	3	a	6	1	1	0.0345191766938	0.180401143224	2	1	1	1	1	1	NA	NA	NA	NA	NA	NA	NA	2	1	1	1	1	1	NA	NA	NA	2	1	1
12	110198938	110199853	2	1	1	3	b	5	1	1	0.05	0.1	2	1	1	1	1	1	NA	NA	NA	NA	NA	NA	NA	NA	NA	NA	1	1	1	NA	NA	NA	2	1	1
12	110199854	123508568	2	1	1	3	a	6	1	1	0.0334932530294	0.189839768116	2	1	1	1	1	1	NA	NA	NA	NA	NA	NA	NA	2	1	1	1	1	1	NA	NA	NA	2	1	1
12	123508569	132349400	2	1	1	3	a	6	1	1	0.0426027602026	0.203003200548	2	1	1	1	1	1	NA	NA	NA	NA	NA	NA	NA	2	1	1	1	1	1	NA	NA	NA	2	1	1
12	132349401	133851894	2	1	1	3	b	5	NA	NA	NA	NA	2	1	1	1	1	1	NA	NA	NA	NA	NA	NA	NA	2	1	1	1	1	1	NA	NA	NA	2	1	1
13	1	16299999	1	1	0	1	h	1	NA	NA	NA	NA	NA	NA	NA	NA	NA	NA	NA	NA	NA	NA	NA	NA	NA	NA	NA	NA	NA	NA	NA	NA	NA	NA	1	0	1
13	16300000	19499999	1	1	0	2	f	2	0.95	0.31	0.0598624266826	0.221393366438	NA	NA	NA	1	0	0.649894197224691	1	1	0.350105802775309	0.0539097428688731	0.062827851604287	0.384310869855234	0.633203470310179	NA	NA	NA	1	0	0.720619	1	1	0.279381	1	0	1
13	19500000	22223380	1	1	0	1	g	NA	0.95	0.31	0.0646979387111	0.12847763459	1.356421	0.332108397	1.02431307	1	0	0.693220477039672	1	1	0.306779522960328	0.00471001230160967	0.00474842373448595	0.675141537825384	0.693509509286126	NA	NA	NA	1	0	0.725113	1	1	0.274887	1	0	1
13	22223381	22223425	1	1	0	2	f	3	NA	NA	NA	NA	1.356421	0.332108397	1.02431307	NA	NA	NA	NA	NA	NA	NA	NA	NA	NA	NA	NA	NA	1	0	0.725113	1	1	0.274887	1	0	1
13	22223426	22223480	1	1	0	2	f	2	NA	NA	NA	NA	NA	NA	NA	NA	NA	NA	NA	NA	NA	NA	NA	NA	NA	NA	NA	NA	1	0	0.725113	1	1	0.274887	1	0	1
13	22223481	22223621	1	1	0	2	f	2	NA	NA	NA	NA	NA	NA	NA	1	0	0.896853992170075	1	1	0.103146007829925	NA	0	0.896853992170075	0.896853992170075	NA	NA	NA	1	0	0.725113	1	1	0.274887	1	0	1
13	22223622	35752116	1	1	0	2	d	4	0.93	0	0.0469756718159	0.113726637517	1	0	1	1	0	1	NA	NA	NA	NA	NA	NA	NA	NA	NA	NA	1	0	1	NA	NA	NA	1	0	1
13	35752117	35753017	1	1	0	2	d	4	0.93	0	0.05	0.1	1	0	1	1	0	1	NA	NA	NA	NA	NA	NA	NA	NA	NA	NA	1	0	1	NA	NA	NA	1	0	1
13	35753018	43780881	1	1	0	2	d	4	0.93	0	0.0475768638635	0.109065183148	1	0	1	1	0	1	NA	NA	NA	NA	NA	NA	NA	NA	NA	NA	1	0	1	NA	NA	NA	1	0	1
13	43780882	43785697	1	1	0	2	d	4	0.93	0	0.05	0.1	1	0	1	1	0	1	NA	NA	NA	NA	NA	NA	NA	NA	NA	NA	1	0	1	NA	NA	NA	1	0	1
13	43785698	48832600	1	1	0	2	d	5	0.96	0	0.0443718809737	0.106643447526	1	0	1	1	0	1	NA	NA	NA	NA	NA	NA	NA	1	0	1	1	0	1	NA	NA	NA	1	0	1
13	48832601	48833265	1	1	0	2	d	5	0.96	0	0.05	0.1	1	0	1	1	0	1	NA	NA	NA	NA	NA	NA	NA	1	0	1	1	0	1	NA	NA	NA	1	0	1
13	48833266	59021491	1	1	0	2	d	5	0.96	0	0.0483651818042	0.140097805319	1	0	1	1	0	1	NA	NA	NA	NA	NA	NA	NA	1	0	1	1	0	1	NA	NA	NA	1	0	1
13	59021492	61814858	2	2	0	2	d	5	1.86	0	0.0257297323154	0.181566277665	2	0	2	2	0	1	NA	NA	NA	NA	NA	NA	NA	2	0	2	2	0	1	NA	NA	NA	2	0	2
13	61814859	84059182	3	3	0	2	d	5	2.64	0	0.0205722633816	0.271863160253	3	0	3	3	0	1	NA	NA	NA	NA	NA	NA	NA	3	0	3	3	0	1	NA	NA	NA	3	0	3
13	84059183	84073901	3	3	0	1	g	NA	0	0	0.05	0.1	3	0	3	0	0	1	NA	NA	NA	NA	NA	NA	NA	1	0	1	3	0	1	NA	NA	NA	0	0	0
13	84073902	89092563	3	3	0	2	d	4	2.54	0	0.0239762271477	0.244272731635	2.867619	0.026489689	2.84112931	3	0	1	NA	NA	NA	NA	NA	NA	NA	3	0	3	3	0	1	NA	NA	NA	3	0	3
13	89092564	89093897	1	1	0	2	d	2	NA	NA	NA	NA	2.867619	0.026489689	2.84112931	1	0	1	NA	NA	NA	NA	NA	NA	NA	NA	NA	NA	3	0	1	NA	NA	NA	1	0	1
13	89093898	109995147	3	3	0	2	d	5	2.69	0	0.0204601698138	0.253131965036	3	0	3	3	0	1	NA	NA	NA	NA	NA	NA	NA	3	0	3	3	0	1	NA	NA	NA	3	0	3
13	109995148	109997652	3	3	0	1	g	NA	2.69	0	0.05	0.1	3	0	3	0	0	1	NA	NA	NA	NA	NA	NA	NA	NA	NA	NA	3	0	1	NA	NA	NA	2	1	1
13	109997653	114130881	3	3	0	2	d	5	2.69	0	0.019873367484	0.30632438546	3	0	3	3	0	1	NA	NA	NA	NA	NA	NA	NA	3	0	3	3	0	1	NA	NA	NA	3	0	3
13	114130882	114133436	3	3	0	2	d	5	2.69	0	0.05	0.1	3	0	3	3	0	1	NA	NA	NA	NA	NA	NA	NA	3	0	3	3	0	1	NA	NA	NA	3	0	3
13	114133437	115169877	3	3	0	2	d	4	2.69	0	0.0156099541125	0.1	2.914968	0.016399289	2.89856894	3	0	1	NA	NA	NA	NA	NA	NA	NA	3	0	3	3	0	1	NA	NA	NA	3	0	3
14	1	16099999	2	1	1	1	h	1	NA	NA	NA	NA	NA	NA	NA	NA	NA	NA	NA	NA	NA	NA	NA	NA	NA	NA	NA	NA	NA	NA	NA	NA	NA	NA	2	1	1
14	16100000	19099999	NA	NA	NA	NA	NA	NA	NA	NA	NA	NA	NA	NA	NA	NA	NA	NA	NA	NA	NA	NA	NA	NA	NA	NA	NA	NA	1	0	1	NA	NA	NA	2	1	1
14	19100000	20425050	2	1	1	3	b	5	1	1	0.05	0.407674821003	2	1	1	NA	NA	NA	NA	NA	NA	NA	NA	NA	NA	2	1	1	1	1	1	NA	NA	NA	2	1	1
14	20425051	23800787	2	1	1	2	d	5	1	1	0.0420009272175	0.224739138474	2.11224	1.056119834	1.05611983	1	1	1	NA	NA	NA	NA	NA	NA	NA	2	1	1	1	1	1	NA	NA	NA	2	1	1
14	23800788	28870583	3	2	1	2	d	3	2	1.05	0.0544653856894	0.293361062986	2.849105	1.013949714	1.8351556	1	1	0.181133311496886	2	1	0.818866688503114	0.0090393407613043	0.00888939704756193	0.176885561845396	0.211402285711199	3	1	2	2	1	1	NA	NA	NA	3	1	2
14	28870584	33796030	1	1	0	2	d	5	1.04	0	0.0468893671377	0.123802467527	1	0	1	1	0	1	NA	NA	NA	NA	NA	NA	NA	1	0	1	1	0	1	NA	NA	NA	1	0	1
14	33796031	34248350	0	0	0	2	d	2	0.14	0	0.0914958427058	0.0650407292585	0.158336	0.024740845	0.13359468	0	0	0.886793629997037	1	0	0.113206370002963	0.00800195809247978	0.00780688281612111	0.873943133284212	0.904830715107178	1	0	1	0	0	1	NA	NA	NA	0	0	0
14	34248351	56054591	1	1	0	2	d	5	1.04	0	0.048412690245	0.133597052834	1	0	1	1	0	1	NA	NA	NA	NA	NA	NA	NA	1	0	1	1	0	1	NA	NA	NA	1	0	1
14	56054592	56054656	1	1	0	3	a	6	1	0	0.05	0.1	1	0	1	1	0	1	NA	NA	NA	NA	NA	NA	NA	1	0	1	1	0	1	NA	NA	NA	1	0	1
14	56054657	56054695	1	1	0	3	b	5	1	0	0.05	0.1	NA	NA	NA	1	0	1	NA	NA	NA	NA	NA	NA	NA	1	0	1	1	0	1	NA	NA	NA	1	0	1
14	56054696	56054740	1	1	0	3	b	5	1	0	0.05	0.1	NA	NA	NA	1	0	1	NA	NA	NA	NA	NA	NA	NA	1	0	1	1	0	1	NA	NA	NA	1	0	1
14	56054741	74965539	1	1	0	3	a	6	1	0	0.0458321322956	0.126180027371	1	0	1	1	0	1	NA	NA	NA	NA	NA	NA	NA	1	0	1	1	0	1	NA	NA	NA	1	0	1
14	74965540	75945672	2	2	0	3	a	6	2	0	0.0300786768129	0.207313993923	2	0	2	2	0	1	NA	NA	NA	NA	NA	NA	NA	2	0	2	2	0	1	NA	NA	NA	2	0	2
14	75945673	81210027	1	1	0	3	a	6	1	0	0.0488832529894	0.126024001042	1	0	1	1	0	1	NA	NA	NA	NA	NA	NA	NA	1	0	1	1	0	1	NA	NA	NA	1	0	1
14	81210028	81212468	1	1	0	2	d	4	NA	NA	NA	NA	1	0	1	2	0	1	NA	NA	NA	NA	NA	NA	NA	1	0	1	1	0	1	NA	NA	NA	1	0	1
14	81212469	106368400	1	1	0	3	a	6	1	0	0.0481769452714	0.229449370358	1	0	1	1	0	1	NA	NA	NA	NA	NA	NA	NA	1	0	1	1	0	1	NA	NA	NA	1	0	1
15	1	15799999	2	1	1	1	h	1	NA	NA	NA	NA	NA	NA	NA	NA	NA	NA	NA	NA	NA	NA	NA	NA	NA	NA	NA	NA	NA	NA	NA	NA	NA	NA	2	1	1
15	15800000	20699999	2	1	1	2	d	2	0.96	0.96	0.05	0.551116742469	NA	NA	NA	1	1	1	NA	NA	NA	NA	NA	NA	NA	NA	NA	NA	1	0	0.281548	1	1	0.718452	2	1	1
15	20700000	34078403	2	1	1	2	d	5	0.96	0.96	0.0353472819688	0.321632340833	2	1	1	1	1	1	NA	NA	NA	NA	NA	NA	NA	2	1	1	1	1	1	NA	NA	NA	2	1	1
15	34078404	34078693	2	1	1	2	d	4	0.96	0.96	0.05	0.1	2	1	1	1	1	1	NA	NA	NA	NA	NA	NA	NA	NA	NA	NA	1	1	1	NA	NA	NA	2	1	1
15	34078694	35095094	2	1	1	2	d	5	0.96	0.96	0.0385064916129	0.177082066963	2	1	1	1	1	1	NA	NA	NA	NA	NA	NA	NA	2	1	1	1	1	1	NA	NA	NA	2	1	1
15	35095095	35096795	2	1	1	2	d	3	0.96	0.96	0.05	0.1	2	1	1	1	1	0.820029299230084	2	1	0.179970700769916	NA	0	0.820029299230084	0.820029299230084	NA	NA	NA	1	1	1	NA	NA	NA	2	1	1
15	35096796	41078055	2	1	1	2	d	5	0.96	0.96	0.0359065430059	0.193418512681	2	1	1	1	1	1	NA	NA	NA	NA	NA	NA	NA	2	1	1	1	1	1	NA	NA	NA	2	1	1
15	41078056	41078447	2	1	1	2	d	4	0.96	0.96	0.05	0.1	2	1	1	1	1	1	NA	NA	NA	NA	NA	NA	NA	1	0	1	1	1	1	NA	NA	NA	2	1	1
15	41078448	41079094	2	1	1	2	d	3	0.96	0.96	0.05	0.1	NA	NA	NA	1	1	1	NA	NA	NA	NA	NA	NA	NA	1	0	1	1	1	1	NA	NA	NA	2	1	1
15	41079095	41079137	2	1	1	2	d	3	0.96	0.96	0.05	0.1	NA	NA	NA	1	1	1	NA	NA	NA	NA	NA	NA	NA	1	0	1	1	1	1	NA	NA	NA	2	1	1
15	41079138	41079709	2	1	1	2	d	3	0.96	0.96	0.05	0.1	NA	NA	NA	1	1	1	NA	NA	NA	NA	NA	NA	NA	1	0	1	1	1	1	NA	NA	NA	2	1	1
15	41079710	41079755	2	1	1	2	d	3	0.96	0.96	0.05	0.1	NA	NA	NA	1	1	1	NA	NA	NA	NA	NA	NA	NA	NA	NA	NA	1	1	1	NA	NA	NA	2	1	1
15	41079756	45862685	2	1	1	2	d	5	0.96	0.96	0.0429072276365	0.180196704351	2	1	1	1	1	1	NA	NA	NA	NA	NA	NA	NA	2	1	1	1	1	1	NA	NA	NA	2	1	1
15	45862686	61500700	1	1	0	3	a	6	1	0	0.0493448996045	0.122990597978	1	0	1	1	0	1	NA	NA	NA	NA	NA	NA	NA	1	0	1	1	0	1	NA	NA	NA	1	0	1
15	61500701	61501374	1	1	0	2	d	4	NA	NA	NA	NA	1	0	1	NA	NA	NA	NA	NA	NA	NA	NA	NA	NA	1	0	1	1	0	1	NA	NA	NA	1	0	1
15	61501375	61501445	1	1	0	1	g	NA	NA	NA	NA	NA	NA	NA	NA	NA	NA	NA	NA	NA	NA	NA	NA	NA	NA	NA	NA	NA	1	0	1	NA	NA	NA	NA	NA	NA
15	61501446	62039648	2	1	1	2	d	5	1	1	0.0359522975114	0.183443451883	2	1	1	1	1	0.880019532820057	2	1	0.119980467179943	0.0165800050098255	0.0174609783140235	0.838533792067947	0.907349080950854	2	1	1	1	1	1	NA	NA	NA	2	1	1
15	62039649	64637316	3	2	1	2	d	4	2	1	0.0401344165473	0.277281648429	3.138093	1.006637616	2.13145558	2	1	0.898688750727017	3	1	0.101311249272983	0.00586803194438729	0.00601694490913753	0.88641686986538	0.910083730517932	3	1	2	2	1	1	NA	NA	NA	3	1	2
15	64637317	64641529	3	2	1	2	d	4	2	1	0.05	0.1	3.138093	1.006637616	2.13145558	2	1	0.898688750727017	3	1	0.101311249272983	0.00586803194438729	0.00601694490913753	0.88641686986538	0.910083730517932	3	1	2	2	1	1	NA	NA	NA	3	1	2
15	64641530	69109217	3	2	1	2	d	5	2	1	0.0410617330413	0.286163925272	3	1	2	2	1	0.898688750727017	3	1	0.101311249272983	0.00586803194438729	0.00601694490913753	0.88641686986538	0.910083730517932	3	1	2	2	1	1	NA	NA	NA	3	1	2
15	69109218	69110257	3	2	1	2	d	4	2	1	0.05	0.1	3	1	2	2	1	0.898688750727017	3	1	0.101311249272983	0.00586803194438729	0.00601694490913753	0.88641686986538	0.910083730517932	NA	NA	NA	2	1	1	NA	NA	NA	3	1	2
15	69110258	80057403	3	2	1	2	d	5	2	1	0.0466296586171	0.273487779354	3	1	2	2	1	0.898688750727017	3	1	0.101311249272983	0.00586803194438729	0.00601694490913753	0.88641686986538	0.910083730517932	3	1	2	2	1	1	NA	NA	NA	3	1	2
15	80057404	91340781	3	2	1	2	d	4	1.81	1	0.0458138292434	0.257676211017	2.894982	0.991229094	1.9037526	2	1	1	NA	NA	NA	NA	NA	NA	NA	3	1	2	2	1	1	NA	NA	NA	3	1	2
15	91340782	91348829	2	1	1	2	d	3	1.81	0.96	0.05	0.1	2.894982	0.991229094	1.9037526	1	1	1	NA	NA	NA	NA	NA	NA	NA	2	1	1	2	1	0.110503	1	1	0.889497	2	1	1
15	91348830	92047781	3	2	1	2	d	5	1.81	0.96	0.0442255952404	0.296810982437	3	1	2	2	1	1	NA	NA	NA	NA	NA	NA	NA	3	1	2	2	1	1	NA	NA	NA	3	1	2
15	92047782	100338800	3	2	1	2	d	5	1.81	0.96	0.0457364324486	0.280855963255	3	1	2	2	1	1	NA	NA	NA	NA	NA	NA	NA	3	1	2	2	1	1	NA	NA	NA	3	1	2
15	100338801	102417607	3	2	1	3	b	5	NA	NA	NA	NA	3	1	2	2	1	1	NA	NA	NA	NA	NA	NA	NA	3	1	2	2	1	1	NA	NA	NA	3	1	2
16	9999	142313	1	1	0	3	b	5	1	0	0.05	0.1	NA	NA	NA	1	0	1	NA	NA	NA	NA	NA	NA	NA	1	0	1	1	0	1	NA	NA	NA	1	0	1
16	142314	4385025	1	1	0	3	a	6	1	0	0.0466270460697	0.157984794169	1	0	1	1	0	1	NA	NA	NA	NA	NA	NA	NA	1	0	1	1	0	1	NA	NA	NA	1	0	1
16	4385026	4385038	1	1	0	3	b	5	NA	NA	NA	NA	1	0	1	1	0	1	NA	NA	NA	NA	NA	NA	NA	1	0	1	1	0	1	NA	NA	NA	1	0	1
16	4385039	26496992	1	1	0	3	a	6	1	0	0.0480346329584	0.190971317659	1	0	1	1	0	1	NA	NA	NA	NA	NA	NA	NA	1	0	1	1	0	1	NA	NA	NA	1	0	1
16	26496993	34599999	2	1	1	3	a	6	1	1	0.0395748480762	0.258732041933	2	1	1	1	1	1	NA	NA	NA	NA	NA	NA	NA	2	1	1	1	1	1	NA	NA	NA	2	1	1
16	34600000	38599999	2	1	1	2	d	5	1	1	0.05	0.232538712899	1.838839	0.919419394	0.91941939	1	1	1	NA	NA	NA	NA	NA	NA	NA	2	1	1	1	1	1	NA	NA	NA	2	1	1
16	38600000	52556490	2	1	1	3	a	6	1	1	0.0340926022066	0.210923165031	2	1	1	1	1	1	NA	NA	NA	NA	NA	NA	NA	2	1	1	1	1	1	NA	NA	NA	2	1	1
16	52556491	52557474	2	1	1	3	b	5	1	1	0.05	0.1	2	1	1	1	1	1	NA	NA	NA	NA	NA	NA	NA	NA	NA	NA	1	1	1	NA	NA	NA	2	1	1
16	52557475	57695291	2	1	1	3	a	6	1	1	0.0351925115282	0.211218127635	2	1	1	1	1	1	NA	NA	NA	NA	NA	NA	NA	2	1	1	1	1	1	NA	NA	NA	2	1	1
16	57695292	74759338	1	1	0	2	d	5	1.04	0	0.0505993899241	0.126210183642	1	0	1	1	0	1	NA	NA	NA	NA	NA	NA	NA	1	0	1	1	0	1	NA	NA	NA	1	0	1
16	74759339	74759539	1	1	0	3	b	5	NA	NA	NA	NA	1	0	1	1	0	1	NA	NA	NA	NA	NA	NA	NA	1	0	1	1	0	1	NA	NA	NA	1	0	1
16	74759540	74760318	1	1	0	2	d	4	NA	NA	NA	NA	NA	NA	NA	1	0	1	NA	NA	NA	NA	NA	NA	NA	1	0	1	1	0	1	NA	NA	NA	1	0	1
16	74760319	74760778	1	1	0	2	d	4	NA	NA	NA	NA	NA	NA	NA	1	0	1	NA	NA	NA	NA	NA	NA	NA	1	0	1	1	0	1	NA	NA	NA	1	0	1
16	74760779	88827200	1	1	0	2	d	5	1.07	0	0.0468030135347	0.140007018292	1	0	1	1	0	1	NA	NA	NA	NA	NA	NA	NA	1	0	1	1	0	1	NA	NA	NA	1	0	1
16	88827201	90121958	1	1	0	3	b	5	NA	NA	NA	NA	1	0	1	1	0	1	NA	NA	NA	NA	NA	NA	NA	1	0	1	1	0	1	NA	NA	NA	1	0	1
17	1869	15080034	2	2	0	3	a	6	2	0	0.0301900382744	0.214885356695	2	0	2	2	0	1	NA	NA	NA	NA	NA	NA	NA	2	0	2	2	0	1	NA	NA	NA	2	0	2
17	15080035	22199999	1	1	0	3	a	6	1	0	0.0449511791524	0.249640641087	1	0	1	1	0	1	NA	NA	NA	NA	NA	NA	NA	1	0	1	1	0	1	NA	NA	NA	1	0	1
17	22200000	25799999	1	1	0	3	a	6	1	0	0.0392175643952	0.152920336287	1	0	1	1	0	1	NA	NA	NA	NA	NA	NA	NA	1	0	1	1	0	1	NA	NA	NA	1	0	1
17	25800000	27548648	1	1	0	3	a	6	1	0	0.035444526725	0.113658572121	1	0	1	1	0	1	NA	NA	NA	NA	NA	NA	NA	1	0	1	1	0	1	NA	NA	NA	1	0	1
17	27548649	27551345	1	1	0	3	b	5	1	0	0.05	0.1	1	0	1	1	0	0.514166393711114	2	0	0.485833606288886	NA	0	0.514166393711114	0.514166393711114	1	0	1	1	0	1	NA	NA	NA	1	0	1
17	27551346	29479358	1	1	0	3	a	6	1	0	0.0416038783956	0.0968429712937	1	0	1	1	0	1	NA	NA	NA	NA	NA	NA	NA	1	0	1	1	0	1	NA	NA	NA	1	0	1
17	29479359	29479626	1	1	0	2	d	4	NA	NA	NA	NA	1	0	1	NA	NA	NA	NA	NA	NA	NA	NA	NA	NA	1	0	1	1	0	1	NA	NA	NA	1	0	1
17	29479627	29479867	1	1	0	2	d	3	NA	NA	NA	NA	NA	NA	NA	NA	NA	NA	NA	NA	NA	NA	NA	NA	NA	1	0	1	1	0	1	NA	NA	NA	1	0	1
17	29479868	29489168	1	1	0	2	d	3	1	0	0.05	0.1	NA	NA	NA	0	0	1	NA	NA	NA	NA	NA	NA	NA	1	0	1	1	0	1	NA	NA	NA	0	0	0
17	29489169	29489513	1	1	0	2	d	3	1	0	0.05	0.1	NA	NA	NA	NA	NA	NA	NA	NA	NA	NA	NA	NA	NA	1	0	1	1	0	1	NA	NA	NA	0	0	0
17	29489514	29489529	1	1	0	2	d	3	1	0	0.05	0.1	NA	NA	NA	NA	NA	NA	NA	NA	NA	NA	NA	NA	NA	1	0	1	1	0	1	NA	NA	NA	NA	NA	NA
17	29489530	29489544	1	1	0	2	d	4	1	0	0.05	0.1	NA	NA	NA	NA	NA	NA	NA	NA	NA	NA	NA	NA	NA	1	0	1	1	0	1	NA	NA	NA	1	0	1
17	29489545	34477500	1	1	0	3	a	6	1	0	0.0500341610007	0.115880652114	1	0	1	1	0	1	NA	NA	NA	NA	NA	NA	NA	1	0	1	1	0	1	NA	NA	NA	1	0	1
17	34477501	43396466	2	2	0	2	d	5	2	0	0.0277559618201	0.290749429986	1.850522	0.007845887	1.84267626	2	0	1	NA	NA	NA	NA	NA	NA	NA	2	0	2	2	0	1	NA	NA	NA	2	0	2
17	43396467	43401499	2	2	0	2	d	2	2	0	0.05	0.1	1.850522	0.007845887	1.84267626	0	0	0.932076177998222	1	0	0.0679238220017779	NA	0	0.932076177998222	0.932076177998222	NA	NA	NA	2	0	1	NA	NA	NA	0	0	0
17	43401500	44354796	2	2	0	2	d	5	2	0	0.0237500490065	0.273698817929	1.883633	0.016332938	1.86729979	2	0	1	NA	NA	NA	NA	NA	NA	NA	2	0	2	2	0	1	NA	NA	NA	2	0	2
17	44354797	46395936	2	2	0	2	d	5	2	0	0.0267372679763	0.225279469436	1.897666	0.009742583	1.88792346	2	0	1	NA	NA	NA	NA	NA	NA	NA	2	0	2	2	0	1	NA	NA	NA	2	0	2
17	46395937	46420867	2	2	0	2	d	4	2	0	0.05	0.1	1.897666	0.009742583	1.88792346	2	0	1	NA	NA	NA	NA	NA	NA	NA	NA	NA	NA	2	0	1	NA	NA	NA	2	0	2
17	46420868	62517146	2	2	0	3	a	6	2	0	0.0278197259659	0.227913419829	2	0	2	2	0	1	NA	NA	NA	NA	NA	NA	NA	2	0	2	2	0	1	NA	NA	NA	2	0	2
17	62517147	62532305	2	2	0	2	d	4	NA	NA	NA	NA	2	0	2	2	0	1	NA	NA	NA	NA	NA	NA	NA	NA	NA	NA	2	0	1	NA	NA	NA	2	0	2
17	62532306	65487884	2	2	0	3	a	6	2	0	0.0252980207875	0.216485912733	2	0	2	2	0	1	NA	NA	NA	NA	NA	NA	NA	2	0	2	2	0	1	NA	NA	NA	2	0	2
17	65487885	65488246	2	2	0	2	d	4	2	0	0.05	0.1	2	0	2	1	0	0.658504515464883	2	0	0.341495484535117	NA	0	0.658504515464883	0.658504515464883	NA	NA	NA	2	0	1	NA	NA	NA	2	0	2
17	65488247	78774600	2	2	0	3	a	6	2	0	0.0285152723585	0.214478720623	2	0	2	2	0	1	NA	NA	NA	NA	NA	NA	NA	2	0	2	2	0	1	NA	NA	NA	2	0	2
17	78774601	81195209	2	2	0	3	b	5	NA	NA	NA	NA	2	0	2	2	0	1	NA	NA	NA	NA	NA	NA	NA	2	0	2	2	0	1	NA	NA	NA	2	0	2
18	27500	15399999	2	1	1	2	d	5	1.07	1.07	0.0348657809979	0.233155706088	2	1	1	1	1	1	NA	NA	NA	NA	NA	NA	NA	2	1	1	1	1	1	NA	NA	NA	2	1	1
18	15400000	18999999	2	1	1	2	d	4	1.07	1.07	0.05	0.456648263152	1.803917	0.901958588	0.90195859	1	1	1	NA	NA	NA	NA	NA	NA	NA	2	1	1	1	1	1	NA	NA	NA	2	1	1
18	19000000	27028611	2	1	1	2	d	5	1.07	1.07	0.0340124910324	0.211226104722	2	1	1	1	1	1	NA	NA	NA	NA	NA	NA	NA	2	1	1	1	1	1	NA	NA	NA	2	1	1
18	27028612	31326613	2	1	1	2	d	3	1.16	1.16	0.0436293189162	0.226752902017	2.269003	1.026218372	1.24278431	1	1	0.782361013022427	2	1	0.217638986977573	0.00713105235340655	0.0073142392842142	0.762713579997528	0.79105326539989	2	1	1	1	1	1	NA	NA	NA	2	1	1
18	31326614	76117000	1	1	0	2	d	5	1.05	0	0.0488645051077	0.140128730579	1	0	1	1	0	1	NA	NA	NA	NA	NA	NA	NA	1	0	1	1	0	1	NA	NA	NA	1	0	1
18	76117001	78077247	1	1	0	3	b	5	NA	NA	NA	NA	1	0	1	1	0	1	NA	NA	NA	NA	NA	NA	NA	1	0	1	1	0	1	NA	NA	NA	1	0	1
19	102500	255923	1	1	0	2	d	4	1	0	0.05	0.1	NA	NA	NA	NA	NA	NA	NA	NA	NA	NA	NA	NA	NA	1	0	1	1	0	1	NA	NA	NA	1	0	1
19	255924	4607611	1	1	0	3	a	6	1	0	0.0456628897747	0.148813447012	1	0	1	1	0	1	NA	NA	NA	NA	NA	NA	NA	1	0	1	1	0	1	NA	NA	NA	1	0	1
19	4607612	10386981	2	1	1	2	d	5	1	1	0.036568341961	0.234740675989	1.862902	0.931450756	0.93145076	1	1	1	NA	NA	NA	NA	NA	NA	NA	2	1	1	1	1	1	NA	NA	NA	2	1	1
19	10386982	10400403	2	1	1	2	d	4	1	1	0.05	0.1	1.862902	0.931450756	0.93145076	1	1	1	NA	NA	NA	NA	NA	NA	NA	NA	NA	NA	1	1	1	NA	NA	NA	2	1	1
19	10400404	12644384	2	1	1	2	d	5	1	1	0.0346880639977	0.219955496366	1.883762	0.941881222	0.94188122	1	1	1	NA	NA	NA	NA	NA	NA	NA	2	1	1	1	1	1	NA	NA	NA	2	1	1
19	12644385	12644417	2	1	1	2	d	4	1	1	0.05	0.1	1.883762	0.941881222	0.94188122	1	1	1	NA	NA	NA	NA	NA	NA	NA	NA	NA	NA	1	1	1	NA	NA	NA	2	1	1
19	12644418	15134406	2	1	1	2	d	5	1	1	0.0376858168297	0.232701080414	1.848337	0.924168501	0.9241685	1	1	1	NA	NA	NA	NA	NA	NA	NA	2	1	1	1	1	1	NA	NA	NA	2	1	1
19	15134407	15163526	1	1	0	2	d	5	1	1	0.05	0.1	1	0	1	1	0	1	NA	NA	NA	NA	NA	NA	NA	1	0	1	1	0	1	NA	NA	NA	1	0	1
19	15163527	24399999	2	1	1	3	a	6	1	1	0.0348934481937	0.21742742023	2	1	1	1	1	1	NA	NA	NA	NA	NA	NA	NA	2	1	1	1	1	1	NA	NA	NA	2	1	1
19	24400000	28599999	2	1	1	2	d	5	0.84	0.84	0.0350561579477	0.374053064912	2	1	1	1	1	1	NA	NA	NA	NA	NA	NA	NA	2	1	1	1	1	1	NA	NA	NA	2	1	1
19	28600000	47854100	2	1	1	2	d	4	0.96	0.96	0.0364708026111	0.248559903383	1.899165	0.949582501	0.9495825	1	1	1	NA	NA	NA	NA	NA	NA	NA	2	1	1	1	1	1	NA	NA	NA	2	1	1
19	47854101	47872342	2	1	1	2	d	3	0.96	0.96	0.05	0.1	1.899165	0.949582501	0.9495825	1	1	1	NA	NA	NA	NA	NA	NA	NA	NA	NA	NA	1	1	1	NA	NA	NA	2	1	1
19	47872343	54446561	2	1	1	2	d	4	0.96	0.96	0.0406915420814	0.333929251378	1.829703	0.914851287	0.91485129	1	1	1	NA	NA	NA	NA	NA	NA	NA	2	1	1	1	1	1	NA	NA	NA	2	1	1
19	54446562	54447371	2	1	1	2	d	3	0.96	0.96	0.05	0.1	1.829703	0.914851287	0.91485129	1	1	1	NA	NA	NA	NA	NA	NA	NA	NA	NA	NA	1	1	1	NA	NA	NA	2	1	1
19	54447372	59128982	2	1	1	2	d	4	0.96	0.96	0.0369811245882	0.346828930612	1.821767	0.91088362	0.91088362	1	1	1	NA	NA	NA	NA	NA	NA	NA	2	1	1	1	1	1	NA	NA	NA	2	1	1
20	17500	3162634	2	1	1	2	d	3	0.78	0.78	0.0333670167265	0.168481186579	2	1	1	NA	NA	NA	NA	NA	NA	NA	NA	NA	NA	2	1	1	1	1	1	NA	NA	NA	NA	NA	NA
20	3162635	3165690	2	1	1	2	d	2	0.78	0.78	0.05	0.1	2	1	1	NA	NA	NA	NA	NA	NA	NA	NA	NA	NA	1	0	1	1	1	1	NA	NA	NA	NA	NA	NA
20	3165691	25599999	2	1	1	2	d	5	0.78	0.78	0.0352402852657	0.158263530129	2	1	1	1	1	1	NA	NA	NA	NA	NA	NA	NA	2	1	1	1	1	1	NA	NA	NA	2	1	1
20	25600000	29399999	2	1	1	2	d	5	0.78	0.78	0.05	0.21401291413	2	1	1	1	1	1	NA	NA	NA	NA	NA	NA	NA	2	1	1	1	1	1	NA	NA	NA	2	1	1
20	29400000	39208709	2	1	1	2	d	5	0.78	0.78	0.0323530644413	0.221406408082	2	1	1	1	1	1	NA	NA	NA	NA	NA	NA	NA	2	1	1	1	1	1	NA	NA	NA	2	1	1
20	39208710	45753672	3	2	1	2	d	2	1.54	0.69	0.045494987214	0.214025684536	3.118476	0.979512805	2.13896274	2	1	0.775133080876681	3	1	0.224866919123319	0.0103814740196652	0.0102124382665814	0.824745775758816	0.863406144771148	3	1	2	3	1	0.289037	2	1	0.710963	3	1	2
20	45753673	45794875	4	3	1	2	d	5	2.31	0.73	0.05	0.1	4	1	3	3	1	1	NA	NA	NA	NA	NA	NA	NA	4	1	3	3	1	1	NA	NA	NA	4	1	3
20	45794876	49117703	3	2	1	2	d	2	1.54	0.73	0.0406246743047	0.221836174991	3.181665	0.992618799	2.18904594	2	1	0.776399098114384	3	1	0.223600901885616	0.0130158562217276	0.01294725102743	0.772812795166382	0.823903920390264	3	1	2	3	1	0.277411	2	1	0.722589	3	1	2
20	49117704	49120188	2	2	0	2	d	2	1.54	0.73	0.05	0.1	3.181665	0.992618799	2.18904594	2	0	1	NA	NA	NA	NA	NA	NA	NA	NA	NA	NA	3	1	0.270146	2	1	0.729854	2	0	2
20	49120189	56254242	3	2	1	2	d	2	1.54	0.73	0.043232778576	0.227496353361	3.197285	1.007831229	2.18945372	2	1	0.792454652898632	3	1	0.207545347101368	0.0102767426532732	0.0101336272264845	0.811047986314705	0.849135058541229	3	1	2	3	1	0.270146	2	1	0.729854	3	1	2
20	56254243	56255913	3	2	1	2	d	2	1.54	0.73	0.05	0.1	3.197285	1.007831229	2.18945372	1	1	0.617562260863929	2	1	0.382437739136071	NA	0	0.617562260863929	0.617562260863929	1	0	1	2	1	1	NA	NA	NA	3	1	2
20	56255914	62432500	3	2	1	2	d	3	1.54	0.73	0.0405126645742	0.261743439092	3.075991	0.975521847	2.10046898	2	1	0.832586459617353	3	1	0.167413540382647	0.00929902738292904	0.00960377899358366	0.813397671436217	0.851579611450447	3	1	2	2	1	1	NA	NA	NA	3	1	2
21	1	10899999	NA	NA	NA	NA	NA	NA	NA	NA	NA	NA	NA	NA	NA	NA	NA	NA	NA	NA	NA	NA	NA	NA	NA	NA	NA	NA	1	0	0.602677	1	1	0.397323	NA	NA	NA
21	10900000	14299999	2	1	1	1	g	NA	NA	NA	NA	NA	NA	NA	NA	NA	NA	NA	NA	NA	NA	NA	NA	NA	NA	NA	NA	NA	1	0	0.396118	1	1	0.603882	NA	NA	NA
21	14300000	40356977	2	1	1	2	e	4	0.69	0.54	0.0566999104866	0.142514873279	1.160128	0.492525376	0.66760283	1	0	0.255895840157223	1	1	0.744104159842777	0.00231483000691093	0.00233786351353273	0.250477473021462	0.259373987207775	NA	NA	NA	1	0	0.285237	1	1	0.714763	NA	NA	NA
21	40356978	40361378	2	1	1	2	f	3	0.69	0.54	0.05	0.1	1.160128	0.492525376	0.66760283	NA	NA	NA	NA	NA	NA	NA	NA	NA	NA	NA	NA	NA	1	0	0.250012	1	1	0.749988	NA	NA	NA
21	40361379	44182316	2	1	1	2	e	4	0.69	0.54	0.0532020458761	0.132523441797	1.130202	0.489087508	0.64111436	1	0	0.219339291563332	1	1	0.780660708436668	0.00506563285775058	0.00484809308894885	0.213917134891111	0.233076448070194	NA	NA	NA	1	0	0.250012	1	1	0.749988	NA	NA	NA
21	44182317	44193008	0	0	0	2	d	2	0.69	0.54	0.05	0.1	1.130202	0.489087508	0.64111436	0	0	0.611863874275553	1	0	0.388136125724447	0.0630845996615009	0.0643269325146383	0.464383867841938	0.715271448731692	NA	NA	NA	0	0	1	NA	NA	NA	0	0	0
21	44193009	45622217	2	1	1	2	e	4	0.69	0.54	0.0475977743063	0.127409560969	1.142544	0.499202295	0.64334176	1	0	0.206436980294904	1	1	0.793563019705096	0.00936598672560279	0.00930679921116507	0.185533207750031	0.22076557801066	NA	NA	NA	1	0	0.245182	1	1	0.754818	1	0	1
21	45622218	45631451	1	1	0	2	d	2	0.69	0.54	0.05	0.1	1.142544	0.499202295	0.64334176	1	0	1	NA	NA	NA	NA	NA	NA	NA	NA	NA	NA	1	0	0.0750155	0	0	0.924985	1	0	1
21	45631452	45974087	1	1	0	1	g	NA	0.69	0.54	0.05	0.174423699224	0.983534	0.425436698	0.55809716	0	0	0.954203564604943	1	0	0.0457964353950571	0.00551980574188266	0.00544173224689859	0.948692502661186	0.969925894972042	NA	NA	NA	1	0	0.0750155	0	0	0.924985	1	0	1
21	45974088	45975410	1	1	0	1	g	NA	0.69	0.54	0.05	0.1	0.983534	0.425436698	0.55809716	0	0	0.768441515903029	1	0	0.231558484096971	0.0193359534557691	0.0183739897421879	0.714388490001106	0.786470767378078	NA	NA	NA	1	0	0.0750155	0	0	0.924985	1	0	1
21	45975411	46937500	2	1	1	2	e	4	0.69	0.54	0.0536707577955	0.14388681113	1.122084	0.489995446	0.63208894	1	0	0.194968259167406	1	1	0.805031740832594	0.011978852638324	0.0120669029501896	0.184034926870399	0.231045375256238	NA	NA	NA	1	0	0.253797	1	1	0.746203	1	0	1
21	46937501	48129894	2	1	1	1	g	NA	NA	NA	NA	NA	1.087838	0.475561252	0.61227706	1	0	0.216631399074896	1	1	0.783368600925104	0.00990946813432178	0.00965162651796664	0.202236094509021	0.240213437876075	NA	NA	NA	1	0	0.266107	1	1	0.733893	1	0	1
22	1	12199999	1	1	0	2	d	2	NA	NA	NA	NA	NA	NA	NA	NA	NA	NA	NA	NA	NA	NA	NA	NA	NA	1	0	1	NA	NA	NA	NA	NA	NA	1	0	1
22	12200000	17899999	1	1	0	3	a	6	1	0	0.0436054324956	0.204372249258	1	0	1	1	0	1	NA	NA	NA	NA	NA	NA	NA	1	0	1	1	0	1	NA	NA	NA	1	0	1
22	17900000	22287594	1	1	0	3	a	6	1	0	0.043459968335	0.156532251514	1	0	1	1	0	1	NA	NA	NA	NA	NA	NA	NA	1	0	1	1	0	1	NA	NA	NA	1	0	1
22	22287595	22288628	1	1	0	3	a	6	1	0	0.05	0.1	1	0	1	1	0	1	NA	NA	NA	NA	NA	NA	NA	1	0	1	1	0	1	NA	NA	NA	1	0	1
22	22288629	25882001	1	1	0	3	a	6	1	0	0.0459133417292	0.15919249191	1	0	1	1	0	1	NA	NA	NA	NA	NA	NA	NA	1	0	1	1	0	1	NA	NA	NA	1	0	1
22	25882002	25882059	1	1	0	3	a	6	1	0	0.05	0.1	1	0	1	1	0	1	NA	NA	NA	NA	NA	NA	NA	1	0	1	1	0	1	NA	NA	NA	1	0	1
22	25882060	30022505	1	1	0	3	a	6	1	0	0.0453584596995	0.113157379081	1	0	1	1	0	1	NA	NA	NA	NA	NA	NA	NA	1	0	1	1	0	1	NA	NA	NA	1	0	1
22	30022506	30045735	1	1	0	3	b	6	1	0	0.05	0.1	1	0	1	2	0	1	NA	NA	NA	NA	NA	NA	NA	1	0	1	1	0	1	NA	NA	NA	1	0	1
22	30045736	43784746	1	1	0	3	a	6	1	0	0.0454183382849	0.138169386244	1	0	1	1	0	1	NA	NA	NA	NA	NA	NA	NA	1	0	1	1	0	1	NA	NA	NA	1	0	1
22	43784747	43784759	1	1	0	3	a	6	1	0	0.05	0.1	1	0	1	1	0	1	NA	NA	NA	NA	NA	NA	NA	1	0	1	1	0	1	NA	NA	NA	1	0	1
22	43784760	49687500	1	1	0	3	a	6	1	0	0.0451471729927	0.127136610875	1	0	1	1	0	1	NA	NA	NA	NA	NA	NA	NA	1	0	1	1	0	1	NA	NA	NA	1	0	1
22	49687501	51304565	1	1	0	3	b	5	NA	NA	NA	NA	1	0	1	1	0	1	NA	NA	NA	NA	NA	NA	NA	1	0	1	1	0	1	NA	NA	NA	1	0	1
X	1	5263009	2	2	0	2	d	4	1	1	0.0301689682535	0.467960493574	2	0	2	2	0	1	NA	NA	NA	NA	NA	NA	NA	2	0	2	NA	NA	NA	NA	NA	NA	2	0	2
X	5263010	11732736	1	1	0	2	d	4	1.93	0.07	0.0497891511617	0.28314585085	1	0	1	1	0	1	NA	NA	NA	NA	NA	NA	NA	1	0	1	NA	NA	NA	NA	NA	NA	1	0	1
X	11732737	13884062	1	1	0	2	d	4	1.93	0.07	0.0444559854241	0.185260134628	1	0	1	1	0	1	NA	NA	NA	NA	NA	NA	NA	1	0	1	NA	NA	NA	NA	NA	NA	1	0	1
X	13884063	13884096	1	1	0	2	d	4	1.93	0.07	0.05	0.1	1	0	1	1	0	1	NA	NA	NA	NA	NA	NA	NA	1	0	1	NA	NA	NA	NA	NA	NA	1	0	1
X	13884097	18153053	1	1	0	2	d	4	1.93	0.07	0.0480692277622	0.239723552313	1	0	1	1	0	1	NA	NA	NA	NA	NA	NA	NA	1	0	1	NA	NA	NA	NA	NA	NA	1	0	1
X	18153054	18188477	2	2	0	2	e	1	1.93	0.07	0.05	0.1	1.891351	0	1.891351	3	0	1	NA	NA	NA	NA	NA	NA	NA	NA	NA	NA	NA	NA	NA	NA	NA	NA	2	0	2
X	18188478	58099999	1	1	0	2	d	4	1.88	0.12	0.0480923229368	0.253214639161	1	0	1	1	0	1	NA	NA	NA	NA	NA	NA	NA	1	0	1	NA	NA	NA	NA	NA	NA	1	0	1
X	58100000	62999999	1	1	0	2	d	3	1	1	0.05	0.488769045847	1	0	1	NA	NA	NA	NA	NA	NA	NA	NA	NA	NA	1	0	1	NA	NA	NA	NA	NA	NA	1	0	1
X	63000000	85701372	1	1	0	2	d	4	1.87	0.13	0.0499426120538	0.224880290811	1	0	1	1	0	1	NA	NA	NA	NA	NA	NA	NA	1	0	1	NA	NA	NA	NA	NA	NA	1	0	1
X	85701373	85742207	0	0	0	2	d	2	1.87	0.13	0.05	0.1	0.101026	0	0.101026	0	0	1	NA	NA	NA	NA	NA	NA	NA	1	0	1	NA	NA	NA	NA	NA	NA	0	0	0
X	85742208	116631450	1	1	0	2	d	4	1.87	0.13	0.0512734573787	0.265237248782	1	0	1	1	0	1	NA	NA	NA	NA	NA	NA	NA	1	0	1	NA	NA	NA	NA	NA	NA	1	0	1
X	116631451	116631783	1	1	0	2	d	4	1.87	0.13	0.05	0.1	1	0	1	1	0	1	NA	NA	NA	NA	NA	NA	NA	1	0	1	NA	NA	NA	NA	NA	NA	1	0	1
X	116631784	123305055	1	1	0	2	d	4	1.87	0.13	0.0502662509437	0.202342566514	1	0	1	1	0	1	NA	NA	NA	NA	NA	NA	NA	1	0	1	NA	NA	NA	NA	NA	NA	1	0	1
X	123305056	123309405	1	1	0	1	g	1	1.87	0.13	0.05	0.1	1	0	1	0	0	1	NA	NA	NA	NA	NA	NA	NA	1	0	1	NA	NA	NA	NA	NA	NA	0	0	0
X	123309406	154913600	1	1	0	2	d	4	1.87	0.13	0.0470675855683	0.224683771776	1	0	1	1	0	1	NA	NA	NA	NA	NA	NA	NA	1	0	1	NA	NA	NA	NA	NA	NA	1	0	1
