chromosome	start	end	total_cn	major_cn	minor_cn	star	level	methods_agree	absolute_broad_major_cn	absolute_broad_minor_cn	absolute_broad_het_error	absolute_broad_cov_error	aceseq_copy_number	aceseq_minor_cn	aceseq_major_cn	battenberg_nMaj1_A	battenberg_nMin1_A	battenberg_frac1_A	battenberg_nMaj2_A	battenberg_nMin2_A	battenberg_frac2_A	battenberg_SDfrac_A	battenberg_SDfrac_A_BS	battenberg_frac1_A_0.025	battenberg_frac1_A_0.975	clonehd_copy_number	clonehd_minor_cn	clonehd_major_cn	sclust_nMaj1_A	sclust_nMin1_A	sclust_frac1_A	sclust_nMaj2_A	sclust_nMin2_A	sclust_frac2_A	jabba_copy_number	jabba_minor_cn	jabba_major_cn
1	1	12847500	1	1	0	3	a	6	1	0	0.0943314439183	0.148600198365	1	0	1	1	0	1	NA	NA	NA	NA	NA	NA	NA	1	0	1	1	0	1	NA	NA	NA	1	0	1
1	12847501	13185810	1	1	0	2	d	4	1	1	0.05	0.420792152892	1	0	1	1	0	1	NA	NA	NA	NA	NA	NA	NA	1	0	1	1	0	0.789152	1	1	0.210848	1	0	1
1	13185811	17001420	1	1	0	3	a	6	1	0	0.0848820402129	0.199322730853	1	0	1	1	0	1	NA	NA	NA	NA	NA	NA	NA	1	0	1	1	0	1	NA	NA	NA	1	0	1
1	17001421	34248159	1	1	0	3	a	6	1	0	0.0974618600263	0.168170408162	1	0	1	1	0	1	NA	NA	NA	NA	NA	NA	NA	1	0	1	1	0	1	NA	NA	NA	1	0	1
1	34248160	35398646	3	2	1	2	e	5	2.52	1	0.0680886843205	0.235847426854	3.212512	1.002359448	2.2101521	2	1	0.715379476902522	3	1	0.284620523097478	0.0383004754354487	0.039323173741126	0.633659557230593	0.784064319531323	3	1	2	3	1	0.305621	2	1	0.694379	4	1	3
1	35398647	35721478	1	1	0	2	d	5	1	0	0.0832327874416	0.111588375256	1	0	1	1	0	0.963465392323108	1	1	0.0365346076768921	0.0130266332795411	0.0135370951578329	0.931065891271801	0.983280253395496	1	0	1	1	0	1	NA	NA	NA	1	0	1
1	35721479	40411451	3	2	1	2	e	4	2.38	1	0.0724115833161	0.261151063711	3.216924	0.98370056	2.2332239	2	1	0.715379476902522	3	1	0.284620523097478	0.0205724162389085	0.020263994892844	0.704900659421422	0.78359224101793	3	1	2	3	1	0.305621	2	1	0.694379	4	1	3
1	40411452	53715463	1	1	0	3	a	6	1	0	0.0833070374493	0.121603500605	1	0	1	1	0	1	NA	NA	NA	NA	NA	NA	NA	1	0	1	1	0	1	NA	NA	NA	1	0	1
1	53715464	54948341	3	2	1	2	e	4	2.24	1	0.082848265147	0.24153444137	3.182987	0.972388166	2.2105991	2	1	0.715379476902522	3	1	0.284620523097478	0.0446984030426115	0.0448172957841242	0.658955769406323	0.832887148098457	3	1	2	3	1	0.305621	2	1	0.694379	4	1	3
1	54948342	56070756	1	1	0	3	a	6	1	0	0.0843447941881	0.11013362136	1	0	1	1	0	1	NA	NA	NA	NA	NA	NA	NA	1	0	1	1	0	1	NA	NA	NA	1	0	1
1	56070757	56279873	4	3	1	2	e	5	2.24	1	0.0549451096772	0.235134781889	3.219201	0.944127583	2.275073	2	1	0.564247650655761	3	1	0.435752349344239	0.0710249426526274	0.0704045666953491	0.423759924252687	0.698663629459349	3	1	2	3	1	0.460765	2	1	0.539235	4	1	3
1	56279874	57621646	1	1	0	3	a	6	1	0	0.0768758694096	0.0999673744583	1	0	1	1	0	1	NA	NA	NA	NA	NA	NA	NA	1	0	1	1	0	1	NA	NA	NA	1	0	1
1	57621647	57628715	1	1	0	3	b	5	1	0	0.05	0.1	1	0	1	1	0	1	NA	NA	NA	NA	NA	NA	NA	NA	NA	NA	1	0	1	NA	NA	NA	1	0	1
1	57628716	62437833	1	1	0	3	a	6	1	0	0.0804193499352	0.113720114386	1	0	1	1	0	1	NA	NA	NA	NA	NA	NA	NA	1	0	1	1	0	1	NA	NA	NA	1	0	1
1	62437834	65700514	3	2	1	2	e	4	2.24	1	0.0658273149574	0.219063172531	3.248287	0.994154723	2.2541322	2	1	0.715379476902522	3	1	0.284620523097478	0.0211554552584937	0.0218424627553646	0.662650207001374	0.75236968360279	3	1	2	3	1	0.305621	2	1	0.694379	4	1	3
1	65700515	69137780	3	2	1	2	d	3	2.12	1	0.0652127819105	0.239609815198	3	1	2	2	1	0.814196440217718	3	1	0.185803559782282	0.0172826134653793	0.0160344051681449	0.838266620926894	0.901772721661329	3	1	2	2	1	1	NA	NA	NA	4	1	3
1	69137781	98618660	3	2	1	3	b	6	2	1	0.0661810715856	0.208351945732	3	1	2	2	1	1	NA	NA	NA	NA	NA	NA	NA	3	1	2	2	1	1	NA	NA	NA	4	1	3
1	98618661	98822384	2	1	1	3	b	6	1	1	0.05	0.145717372585	2	1	1	1	1	1	NA	NA	NA	NA	NA	NA	NA	2	1	1	1	1	1	NA	NA	NA	3	1	2
1	98822385	100143150	3	2	1	3	b	6	2	1	0.0607329214031	0.197604099356	3	1	2	2	1	1	NA	NA	NA	NA	NA	NA	NA	3	1	2	2	1	1	NA	NA	NA	4	1	3
1	100143151	100635493	2	1	1	2	d	3	NA	NA	NA	NA	3	1	2	1	1	1	NA	NA	NA	NA	NA	NA	NA	2	1	1	2	1	1	NA	NA	NA	2	1	1
1	100635494	101253878	3	2	1	2	d	5	2	1	0.0549779499839	0.188158950776	2.901975	1.007939838	1.8940356	2	1	1	NA	NA	NA	NA	NA	NA	NA	3	1	2	2	1	1	NA	NA	NA	3	1	2
1	101253879	111331513	2	1	1	3	a	6	1	1	0.0518776552885	0.165639970332	2	1	1	1	1	1	NA	NA	NA	NA	NA	NA	NA	2	1	1	1	1	1	NA	NA	NA	2	1	1
1	111331514	121124401	2	1	1	3	a	6	1	1	0.0545772322242	0.162642497736	2	1	1	1	1	1	NA	NA	NA	NA	NA	NA	NA	2	1	1	1	1	1	NA	NA	NA	2	1	1
1	121124402	128899999	2	1	1	2	d	3	NA	NA	NA	NA	2	1	1	1	0	0.611448507240089	1	1	0.388551492759911	0.0724538918335618	0.0729008359284039	0.400568991551614	0.687413513170531	1	0	1	1	1	1	NA	NA	NA	2	1	1
1	128900000	144840332	2	1	1	1	g	NA	2	0	0.05	0.392721317756	NA	NA	NA	NA	NA	NA	NA	NA	NA	NA	NA	NA	NA	1	0	1	1	1	1	NA	NA	NA	2	1	1
1	144840333	145128865	4	3	1	2	d	2	2.85	0.88	0.05	0.267911877289	NA	NA	NA	1	1	1	NA	NA	NA	NA	NA	NA	NA	NA	NA	NA	3	1	1	NA	NA	NA	4	1	3
1	145128866	149431742	4	3	1	2	d	2	2.85	0.88	0.0628265101244	0.453372665471	4.320639	1.036009551	3.284629	3	1	0.687683058424541	4	1	0.312316941575459	0.0376087456295619	0.037081520928163	0.654202445005612	0.802062737010653	4	1	3	4	1	0.317344	3	1	0.682656	4	1	3
1	149431743	156236550	4	3	1	2	e	4	2.85	0.88	0.0608429864671	0.287812745156	4.308203	1.024803618	3.2833998	3	1	0.751914084579426	4	1	0.248085915420574	0.0303696058594397	0.0293881090504239	0.761362847536841	0.874375734673761	4	1	3	4	1	0.331604	3	1	0.668396	5	1	4
1	156236551	161522330	4	3	1	2	e	4	2.85	0.88	0.0572715764564	0.289202387386	4.344708	1.042467082	3.3022405	3	1	0.730117970598939	4	1	0.269882029401061	0.02087207340074	0.0206984013230756	0.741267165374566	0.822734015693807	4	1	3	4	1	0.327002	3	1	0.672998	5	1	4
1	161522331	161660059	5	4	1	2	d	2	2.85	0.88	0.05	0.1	4.344708	1.042467082	3.3022405	9	1	0.153724009599692	9	2	0.846275990400308	NA	0	0.153724009599692	0.153724009599692	4	1	3	4	1	1	NA	NA	NA	5	1	4
1	161660060	175046915	2	1	1	2	d	5	0.93	0.93	0.0530870228464	0.152719319551	2	1	1	1	1	1	NA	NA	NA	NA	NA	NA	NA	2	1	1	1	1	1	NA	NA	NA	2	1	1
1	175046916	175047022	2	1	1	2	d	4	0.93	0.93	0.05	0.1	2	1	1	1	1	1	NA	NA	NA	NA	NA	NA	NA	NA	NA	NA	1	1	1	NA	NA	NA	2	1	1
1	175047023	183919610	2	1	1	2	d	5	0.93	0.93	0.0537009024823	0.154363461611	2	1	1	1	1	1	NA	NA	NA	NA	NA	NA	NA	2	1	1	1	1	1	NA	NA	NA	2	1	1
1	183919611	186247876	2	1	1	2	d	5	0.93	0.93	0.0452938575074	0.121661813134	2	1	1	1	1	1	NA	NA	NA	NA	NA	NA	NA	2	1	1	1	1	1	NA	NA	NA	2	1	1
1	186247877	196464457	2	1	1	2	d	4	0.93	0.93	0.0486154680147	0.143633419862	2	1	1	1	1	1	NA	NA	NA	NA	NA	NA	NA	2	1	1	1	1	1	NA	NA	NA	3	1	2
1	196464458	218634071	2	1	1	2	d	5	0.93	0.93	0.0512809388037	0.155537171742	2	1	1	1	1	1	NA	NA	NA	NA	NA	NA	NA	2	1	1	1	1	1	NA	NA	NA	2	1	1
1	218634072	227575765	2	1	1	2	d	5	0.93	0.93	0.0532757751783	0.147299076704	2	1	1	1	1	1	NA	NA	NA	NA	NA	NA	NA	2	1	1	1	1	1	NA	NA	NA	2	1	1
1	227575766	247247500	2	1	1	2	d	5	0.93	0.93	0.0549023019268	0.1543082435	2	1	1	1	1	1	NA	NA	NA	NA	NA	NA	NA	2	1	1	1	1	1	NA	NA	NA	2	1	1
1	247247501	249250620	2	1	1	2	d	4	NA	NA	NA	NA	2	1	1	1	1	0.928632193161254	2	1	0.0713678068387461	0.0150972710532515	0.014435133646432	0.908976632391408	0.964722826017059	2	1	1	1	1	1	NA	NA	NA	2	1	1
2	13133	4866712	2	1	1	3	a	6	1	1	0.0543942281127	0.192971945895	2	1	1	1	1	1	NA	NA	NA	NA	NA	NA	NA	2	1	1	1	1	1	NA	NA	NA	2	1	1
2	4866713	9890947	2	1	1	3	a	6	1	1	0.0560147746883	0.153834061342	2	1	1	1	1	1	NA	NA	NA	NA	NA	NA	NA	2	1	1	1	1	1	NA	NA	NA	2	1	1
2	9890948	33796626	2	1	1	3	a	6	1	1	0.0549760665245	0.161230058168	2	1	1	1	1	1	NA	NA	NA	NA	NA	NA	NA	2	1	1	1	1	1	NA	NA	NA	2	1	1
2	33796627	41892455	2	1	1	3	a	6	1	1	0.050006505353	0.158097462555	2	1	1	1	1	1	NA	NA	NA	NA	NA	NA	NA	2	1	1	1	1	1	NA	NA	NA	2	1	1
2	41892456	75663924	2	1	1	3	a	6	1	1	0.0538718012735	0.17752108027	2	1	1	1	1	1	NA	NA	NA	NA	NA	NA	NA	2	1	1	1	1	1	NA	NA	NA	2	1	1
2	75663925	90499999	2	1	1	3	a	6	1	1	0.0520528827298	0.16642686928	2	1	1	1	1	1	NA	NA	NA	NA	NA	NA	NA	2	1	1	1	1	1	NA	NA	NA	2	1	1
2	90500000	96799999	2	1	1	3	b	5	1	1	0.05	0.222104090288	2	1	1	1	1	1	NA	NA	NA	NA	NA	NA	NA	NA	NA	NA	1	1	1	NA	NA	NA	2	1	1
2	96800000	136134582	2	1	1	3	a	6	1	1	0.0530014120355	0.174361117357	2	1	1	1	1	1	NA	NA	NA	NA	NA	NA	NA	2	1	1	1	1	1	NA	NA	NA	2	1	1
2	136134583	206425274	2	1	1	3	a	6	1	1	0.0509716352977	0.159515989855	2	1	1	1	1	1	NA	NA	NA	NA	NA	NA	NA	2	1	1	1	1	1	NA	NA	NA	2	1	1
2	206425275	206428253	2	1	1	2	d	4	1	1	0.05	0.1	2	1	1	1	0	1	NA	NA	NA	NA	NA	NA	NA	1	0	1	1	1	1	NA	NA	NA	2	1	1
2	206428254	224646796	2	1	1	3	a	6	1	1	0.0523599652126	0.163605870089	2	1	1	1	1	1	NA	NA	NA	NA	NA	NA	NA	2	1	1	1	1	1	NA	NA	NA	2	1	1
2	224646797	232022920	2	1	1	3	a	6	1	1	0.0507138974314	0.175953353515	2	1	1	1	1	1	NA	NA	NA	NA	NA	NA	NA	2	1	1	1	1	1	NA	NA	NA	2	1	1
2	232022921	235830273	2	1	1	3	a	6	1	1	0.0560527256746	0.170707359656	2	1	1	1	1	1	NA	NA	NA	NA	NA	NA	NA	2	1	1	1	1	1	NA	NA	NA	2	1	1
2	235830274	242951000	2	1	1	2	d	5	1	1	0.0600284334643	0.198913567196	2	1	1	1	1	0.908241391207322	2	1	0.0917586087926777	0.0108347451034575	0.0111811786098793	0.871460668122758	0.916107205260873	2	1	1	1	1	1	NA	NA	NA	2	1	1
3	100074	6744221	2	1	1	3	a	6	1	1	0.0528200346245	0.290022799685	2	1	1	1	1	1	NA	NA	NA	NA	NA	NA	NA	2	1	1	1	1	1	NA	NA	NA	2	1	1
3	6744222	64286222	2	1	1	3	a	6	1	1	0.0530781733984	0.166272387306	2	1	1	1	1	1	NA	NA	NA	NA	NA	NA	NA	2	1	1	1	1	1	NA	NA	NA	2	1	1
3	64286223	85491053	2	1	1	3	a	6	1	1	0.0501646720055	0.178281747176	2	1	1	1	1	1	NA	NA	NA	NA	NA	NA	NA	2	1	1	1	1	1	NA	NA	NA	2	1	1
3	85491054	87899999	2	1	1	3	a	6	1	1	0.0447345170647	0.158025724169	2	1	1	1	1	1	NA	NA	NA	NA	NA	NA	NA	2	1	1	1	1	1	NA	NA	NA	2	1	1
3	87900000	93899999	2	1	1	3	b	5	1	1	0.0485563075336	0.180485179888	2	1	1	NA	NA	NA	NA	NA	NA	NA	NA	NA	NA	2	1	1	1	1	1	NA	NA	NA	2	1	1
3	93900000	114743599	2	1	1	3	a	6	1	1	0.0520065878729	0.169269725758	2	1	1	1	1	1	NA	NA	NA	NA	NA	NA	NA	2	1	1	1	1	1	NA	NA	NA	2	1	1
3	114743600	144866977	2	1	1	3	a	6	1	1	0.0530881913524	0.163726227598	2	1	1	1	1	1	NA	NA	NA	NA	NA	NA	NA	2	1	1	1	1	1	NA	NA	NA	2	1	1
3	144866978	175367398	2	1	1	3	a	6	1	1	0.0527841148013	0.15803836239	2	1	1	1	1	1	NA	NA	NA	NA	NA	NA	NA	2	1	1	1	1	1	NA	NA	NA	2	1	1
3	175367399	198022429	2	1	1	3	a	6	1	1	0.0525595597257	0.177025489991	2	1	1	1	1	1	NA	NA	NA	NA	NA	NA	NA	2	1	1	1	1	1	NA	NA	NA	2	1	1
4	27500	559365	2	1	1	2	d	4	1	1	0.0580916919886	0.196103662535	2.143969	1.071984676	1.0719847	1	1	0.932388393521184	2	1	0.0676116064788156	0.0349438561223023	0.0358563715131409	0.828335250961892	0.970245922070224	2	1	1	1	1	1	NA	NA	NA	2	1	1
4	559366	36432080	2	1	1	3	a	6	1	1	0.0560232858803	0.17852399395	2	1	1	1	1	1	NA	NA	NA	NA	NA	NA	NA	2	1	1	1	1	1	NA	NA	NA	2	1	1
4	36432081	48199999	2	1	1	3	a	6	1	1	0.0508766552163	0.15822424647	2	1	1	1	1	1	NA	NA	NA	NA	NA	NA	NA	2	1	1	1	1	1	NA	NA	NA	2	1	1
4	48200000	52699999	2	1	1	3	a	6	1	1	0.0502234426864	0.288621045599	2	1	1	1	1	1	NA	NA	NA	NA	NA	NA	NA	2	1	1	1	1	1	NA	NA	NA	2	1	1
4	52700000	62437130	2	1	1	3	a	6	1	1	0.0515590797451	0.163693127648	2	1	1	1	1	1	NA	NA	NA	NA	NA	NA	NA	2	1	1	1	1	1	NA	NA	NA	2	1	1
4	62437131	62673041	3	2	1	3	b	6	2	1	0.0434641569889	0.226651304397	3	1	2	2	1	1	NA	NA	NA	NA	NA	NA	NA	3	1	2	2	1	1	NA	NA	NA	4	1	3
4	62673042	64462616	2	1	1	3	a	6	1	1	0.0485764432946	0.163818104267	2	1	1	1	1	1	NA	NA	NA	NA	NA	NA	NA	2	1	1	1	1	1	NA	NA	NA	2	1	1
4	64462617	67118853	3	2	1	2	d	4	2.07	1	0.0665067989993	0.215346078261	3	1	2	2	1	1	NA	NA	NA	NA	NA	NA	NA	3	1	2	2	1	1	NA	NA	NA	4	1	3
4	67118854	67773364	4	3	1	3	b	6	3	1	0.05	0.271231164288	4	1	3	3	1	1	NA	NA	NA	NA	NA	NA	NA	4	1	3	3	1	1	NA	NA	NA	5	1	4
4	67773365	67773408	4	3	1	1	g	NA	2	1	0.05	0.1	4	1	3	NA	NA	NA	NA	NA	NA	NA	NA	NA	NA	NA	NA	NA	3	1	1	NA	NA	NA	5	1	4
4	67773409	68622788	3	2	1	3	b	6	2	1	0.0658201368733	0.284693659467	3	1	2	2	1	1	NA	NA	NA	NA	NA	NA	NA	3	1	2	2	1	1	NA	NA	NA	4	1	3
4	68622789	70678556	2	1	1	3	a	6	1	1	0.0511095152246	0.174645768697	2	1	1	1	1	1	NA	NA	NA	NA	NA	NA	NA	2	1	1	1	1	1	NA	NA	NA	2	1	1
4	70678557	70959908	3	2	1	3	b	6	2	1	0.0602624684529	0.198354932725	3	1	2	2	1	1	NA	NA	NA	NA	NA	NA	NA	3	1	2	2	1	1	NA	NA	NA	4	1	3
4	70959909	70961802	3	2	1	2	d	3	NA	NA	NA	NA	3	1	2	1	1	0.932388393521184	2	1	0.0676116064788156	NA	0	0.932388393521184	0.932388393521184	NA	NA	NA	2	1	1	NA	NA	NA	3	1	2
4	70961803	70962818	3	2	1	2	d	3	1	1	0.05	0.1	NA	NA	NA	2	1	1	NA	NA	NA	NA	NA	NA	NA	2	1	1	2	1	1	NA	NA	NA	3	1	2
4	70962819	71733279	2	1	1	2	d	5	1	1	0.0493555007651	0.160429804371	2	1	1	1	0	0.0546899991323324	1	1	0.945310000867668	0.0158942231508475	0.016622653959281	0.0108557312767233	0.0746013047720379	2	1	1	1	1	1	NA	NA	NA	2	1	1
4	71733280	75816528	3	2	1	3	b	6	2	1	0.0668383369206	0.207800886189	3	1	2	2	1	1	NA	NA	NA	NA	NA	NA	NA	3	1	2	2	1	1	NA	NA	NA	4	1	3
4	75816529	75817790	3	2	1	1	g	NA	1	0	0.05	0.1	3	1	2	2	1	0.652748720884991	2	2	0.347251279115009	NA	0	0.652748720884991	0.652748720884991	1	0	1	2	1	1	NA	NA	NA	2	1	1
4	75817791	118364269	1	1	0	3	a	6	1	0	0.0775313401271	0.108622466057	1	0	1	1	0	1	NA	NA	NA	NA	NA	NA	NA	1	0	1	1	0	1	NA	NA	NA	1	0	1
4	118364270	118374507	1	1	0	3	a	6	1	0	0.05	0.1	1	0	1	1	0	1	NA	NA	NA	NA	NA	NA	NA	1	0	1	1	0	1	NA	NA	NA	1	0	1
4	118374508	126664156	1	1	0	3	a	6	1	0	0.0763219928149	0.108534453277	1	0	1	1	0	1	NA	NA	NA	NA	NA	NA	NA	1	0	1	1	0	1	NA	NA	NA	1	0	1
4	126664157	126664423	1	1	0	3	a	6	1	0	0.05	0.1	1	0	1	1	0	1	NA	NA	NA	NA	NA	NA	NA	1	0	1	1	0	1	NA	NA	NA	1	0	1
4	126664424	158463961	1	1	0	3	a	6	1	0	0.0783225331353	0.113259875376	1	0	1	1	0	1	NA	NA	NA	NA	NA	NA	NA	1	0	1	1	0	1	NA	NA	NA	1	0	1
4	158463962	158464336	1	1	0	3	a	6	1	0	0.05	0.1	1	0	1	1	0	1	NA	NA	NA	NA	NA	NA	NA	1	0	1	1	0	1	NA	NA	NA	1	0	1
4	158464337	177076808	1	1	0	3	a	6	1	0	0.0784809548096	0.114263313635	1	0	1	1	0	1	NA	NA	NA	NA	NA	NA	NA	1	0	1	1	0	1	NA	NA	NA	1	0	1
4	177076809	185339122	1	1	0	3	a	6	1	0	0.0738949525042	0.11556229604	1	0	1	1	0	1	NA	NA	NA	NA	NA	NA	NA	1	0	1	1	0	1	NA	NA	NA	1	0	1
4	185339123	185340423	1	1	0	3	a	6	1	0	0.05	0.1	1	0	1	1	0	1	NA	NA	NA	NA	NA	NA	NA	1	0	1	1	0	1	NA	NA	NA	1	0	1
4	185340424	190804609	1	1	0	3	a	6	1	0	0.0813273217482	0.119334678355	1	0	1	1	0	1	NA	NA	NA	NA	NA	NA	NA	1	0	1	1	0	1	NA	NA	NA	1	0	1
5	22500	1889953	2	1	1	2	d	3	1	1	0.069005867525	0.307381491978	2	1	1	1	1	0.888091134104033	2	1	0.111908865895967	0.0357347999098236	0.0359915466340541	0.78772906809474	0.924304695496501	1	0	1	2	1	0.461591	1	1	0.538409	2	1	1
5	1889954	1896737	2	1	1	2	d	3	1	1	0.05	0.1	2	1	1	1	0	1	NA	NA	NA	NA	NA	NA	NA	NA	NA	NA	1	1	1	NA	NA	NA	1	0	1
5	1896738	14627653	2	1	1	3	a	6	1	1	0.0538535287284	0.16068912849	2	1	1	1	1	1	NA	NA	NA	NA	NA	NA	NA	2	1	1	1	1	1	NA	NA	NA	2	1	1
5	14627654	19857407	2	1	1	3	a	6	1	1	0.0527969959195	0.155113901818	2	1	1	1	1	1	NA	NA	NA	NA	NA	NA	NA	2	1	1	1	1	1	NA	NA	NA	2	1	1
5	19857408	37667929	2	1	1	3	a	6	1	1	0.0495648896752	0.152088495206	2	1	1	1	1	1	NA	NA	NA	NA	NA	NA	NA	2	1	1	1	1	1	NA	NA	NA	2	1	1
5	37667930	46099999	2	1	1	3	a	6	1	1	0.0492430987238	0.154619018037	2	1	1	1	1	1	NA	NA	NA	NA	NA	NA	NA	2	1	1	1	1	1	NA	NA	NA	2	1	1
5	46100000	50699999	2	1	1	3	a	6	1	1	0.0589173798961	0.201656088896	2	1	1	1	1	1	NA	NA	NA	NA	NA	NA	NA	2	1	1	1	1	1	NA	NA	NA	2	1	1
5	50700000	87364492	2	1	1	3	a	6	1	1	0.0530241039556	0.170122069711	2	1	1	1	1	1	NA	NA	NA	NA	NA	NA	NA	2	1	1	1	1	1	NA	NA	NA	2	1	1
5	87364493	105553917	2	1	1	3	a	6	1	1	0.0486301338661	0.168353452326	2	1	1	1	1	1	NA	NA	NA	NA	NA	NA	NA	2	1	1	1	1	1	NA	NA	NA	2	1	1
5	105553918	111821505	2	1	1	3	a	6	1	1	0.0522709824027	0.180651672945	2	1	1	1	1	1	NA	NA	NA	NA	NA	NA	NA	2	1	1	1	1	1	NA	NA	NA	2	1	1
5	111821506	121689107	2	1	1	3	a	6	1	1	0.050260029514	0.173808425332	2	1	1	1	1	1	NA	NA	NA	NA	NA	NA	NA	2	1	1	1	1	1	NA	NA	NA	2	1	1
5	121689108	139901701	2	1	1	3	a	6	1	1	0.0554985007342	0.181904819964	2	1	1	1	1	1	NA	NA	NA	NA	NA	NA	NA	2	1	1	1	1	1	NA	NA	NA	2	1	1
5	139901702	143680774	2	1	1	3	a	6	1	1	0.0552223915929	0.158195885398	2	1	1	1	1	1	NA	NA	NA	NA	NA	NA	NA	2	1	1	1	1	1	NA	NA	NA	2	1	1
5	143680775	160194057	2	1	1	3	a	6	1	1	0.0525572505836	0.158941611277	2	1	1	1	1	1	NA	NA	NA	NA	NA	NA	NA	2	1	1	1	1	1	NA	NA	NA	2	1	1
5	160194058	180689978	2	1	1	3	a	6	1	1	0.0574235671096	0.177199955019	2	1	1	1	1	1	NA	NA	NA	NA	NA	NA	NA	2	1	1	1	1	1	NA	NA	NA	2	1	1
6	39681	201975	2	1	1	1	h	1	NA	NA	NA	NA	NA	NA	NA	NA	NA	NA	NA	NA	NA	NA	NA	NA	NA	NA	NA	NA	NA	NA	NA	NA	NA	NA	2	1	1
6	201976	37424989	2	1	1	3	a	6	1	1	0.0566670617109	0.205524417288	2	1	1	1	1	1	NA	NA	NA	NA	NA	NA	NA	2	1	1	1	1	1	NA	NA	NA	2	1	1
6	37424990	37807023	2	1	1	3	b	5	1	1	0.0692280125799	0.151846736096	2	1	1	1	1	1	NA	NA	NA	NA	NA	NA	NA	NA	NA	NA	1	1	1	NA	NA	NA	2	1	1
6	37807024	51478067	2	1	1	3	a	6	1	1	0.0593229627677	0.159239963246	2	1	1	1	1	1	NA	NA	NA	NA	NA	NA	NA	2	1	1	1	1	1	NA	NA	NA	2	1	1
6	51478068	52450212	2	1	1	3	a	6	1	1	0.0471064315955	0.155105422114	2	1	1	1	1	1	NA	NA	NA	NA	NA	NA	NA	2	1	1	1	1	1	NA	NA	NA	2	1	1
6	52450213	55098139	2	1	1	3	a	6	1	1	0.0486933664303	0.137994322846	2	1	1	1	1	1	NA	NA	NA	NA	NA	NA	NA	2	1	1	1	1	1	NA	NA	NA	2	1	1
6	55098140	57957501	2	1	1	3	a	6	1	1	0.0409156328665	0.163465625067	2	1	1	1	1	1	NA	NA	NA	NA	NA	NA	NA	2	1	1	1	1	1	NA	NA	NA	2	1	1
6	57957502	63299999	2	1	1	3	a	6	1	1	0.0460166491154	0.203822889546	2	1	1	1	1	1	NA	NA	NA	NA	NA	NA	NA	2	1	1	1	1	1	NA	NA	NA	2	1	1
6	63300000	78836718	2	1	1	3	a	6	1	1	0.0502170465091	0.167369546173	2	1	1	1	1	1	NA	NA	NA	NA	NA	NA	NA	2	1	1	1	1	1	NA	NA	NA	2	1	1
6	78836719	79381881	2	1	1	3	a	6	1	1	0.0284189593494	0.274173942159	2	1	1	1	1	1	NA	NA	NA	NA	NA	NA	NA	2	1	1	1	1	1	NA	NA	NA	2	1	1
6	79381882	109801068	2	1	1	3	a	6	1	1	0.0512187478027	0.155798301295	2	1	1	1	1	1	NA	NA	NA	NA	NA	NA	NA	2	1	1	1	1	1	NA	NA	NA	2	1	1
6	109801069	170899934	2	1	1	3	a	6	1	1	0.0525253507632	0.164140467677	2	1	1	1	1	1	NA	NA	NA	NA	NA	NA	NA	2	1	1	1	1	1	NA	NA	NA	2	1	1
7	40386	9559203	2	1	1	2	d	5	1	1	0.0632380030364	0.193681031308	2	1	1	1	1	0.938827594138216	2	1	0.0611724058617835	0.00836672113232273	0.00840234704344055	0.917468159789489	0.950104807897171	2	1	1	1	1	1	NA	NA	NA	2	1	1
7	9559204	9564260	2	1	1	2	d	4	1	1	0.05	0.1	2	1	1	NA	NA	NA	NA	NA	NA	NA	NA	NA	NA	NA	NA	NA	1	1	1	NA	NA	NA	2	1	1
7	9564261	15391725	2	1	1	3	a	6	1	1	0.0550876098679	0.142933546383	2	1	1	1	1	1	NA	NA	NA	NA	NA	NA	NA	2	1	1	1	1	1	NA	NA	NA	2	1	1
7	15391726	20989124	2	1	1	3	a	6	1	1	0.0480770521934	0.145334837038	2	1	1	1	1	1	NA	NA	NA	NA	NA	NA	NA	2	1	1	1	1	1	NA	NA	NA	2	1	1
7	20989125	49581572	2	1	1	3	a	6	1	1	0.0526720926767	0.151225653231	2	1	1	1	1	1	NA	NA	NA	NA	NA	NA	NA	2	1	1	1	1	1	NA	NA	NA	2	1	1
7	49581573	57999999	2	1	1	3	a	6	1	1	0.0559572650272	0.247643623432	2	1	1	1	1	1	NA	NA	NA	NA	NA	NA	NA	2	1	1	1	1	1	NA	NA	NA	2	1	1
7	58000000	61699999	2	1	1	3	b	5	1	1	0.05	0.386246612762	2	1	1	NA	NA	NA	NA	NA	NA	NA	NA	NA	NA	2	1	1	1	1	1	NA	NA	NA	2	1	1
7	61700000	65211239	2	1	1	3	a	6	1	1	0.0521490734844	0.200354312218	2	1	1	1	1	1	NA	NA	NA	NA	NA	NA	NA	2	1	1	1	1	1	NA	NA	NA	2	1	1
7	65211240	127153201	2	1	1	3	a	6	1	1	0.0510103378217	0.166735853649	2	1	1	1	1	1	NA	NA	NA	NA	NA	NA	NA	2	1	1	1	1	1	NA	NA	NA	2	1	1
7	127153202	139880404	2	1	1	3	a	6	1	1	0.0585087781893	0.156476200835	2	1	1	1	1	1	NA	NA	NA	NA	NA	NA	NA	2	1	1	1	1	1	NA	NA	NA	2	1	1
7	139880405	158602057	2	1	1	3	a	6	1	1	0.0553800735292	0.182073422027	2	1	1	1	1	1	NA	NA	NA	NA	NA	NA	NA	2	1	1	1	1	1	NA	NA	NA	2	1	1
7	158602058	158849967	2	1	1	3	a	6	1	1	0.0371807693431	0.18578997403	2	1	1	1	1	1	NA	NA	NA	NA	NA	NA	NA	2	1	1	1	1	1	NA	NA	NA	2	1	1
8	10001	170011	1	1	0	3	b	5	1	0	0.05	0.1	NA	NA	NA	1	0	1	NA	NA	NA	NA	NA	NA	NA	1	0	1	1	0	1	NA	NA	NA	1	0	1
8	170012	14932598	1	1	0	3	a	6	1	0	0.0835471723482	0.14743506951	1	0	1	1	0	1	NA	NA	NA	NA	NA	NA	NA	1	0	1	1	0	1	NA	NA	NA	1	0	1
8	14932599	14934366	1	1	0	3	a	6	1	0	0.05	0.1	1	0	1	1	0	1	NA	NA	NA	NA	NA	NA	NA	1	0	1	1	0	1	NA	NA	NA	1	0	1
8	14934367	26843803	1	1	0	3	a	6	1	0	0.0834445989819	0.118153273286	1	0	1	1	0	1	NA	NA	NA	NA	NA	NA	NA	1	0	1	1	0	1	NA	NA	NA	1	0	1
8	26843804	26844001	1	1	0	3	a	6	1	0	0.05	0.1	1	0	1	1	0	1	NA	NA	NA	NA	NA	NA	NA	1	0	1	1	0	1	NA	NA	NA	1	0	1
8	26844002	32404361	1	1	0	3	a	6	1	0	0.0864386681506	0.111678901316	1	0	1	1	0	1	NA	NA	NA	NA	NA	NA	NA	1	0	1	1	0	1	NA	NA	NA	1	0	1
8	32404362	32413178	1	1	0	2	d	4	1	0	0.05	0.1	1	0	1	0	0	1	NA	NA	NA	NA	NA	NA	NA	1	0	1	1	0	1	NA	NA	NA	0	0	0
8	32413179	36724281	1	1	0	3	a	6	1	0	0.0734360666769	0.119843772975	1	0	1	1	0	1	NA	NA	NA	NA	NA	NA	NA	1	0	1	1	0	1	NA	NA	NA	1	0	1
8	36724282	43099999	2	1	1	2	d	5	0.88	0.88	0.0555749374717	0.173835737599	2	1	1	1	1	1	NA	NA	NA	NA	NA	NA	NA	2	1	1	1	1	1	NA	NA	NA	2	1	1
8	43100000	48099999	2	1	1	2	d	4	0.88	0.88	0.05	0.184876509715	2.153386	1.076692961	1.076693	1	1	1	NA	NA	NA	NA	NA	NA	NA	2	1	1	1	1	1	NA	NA	NA	2	1	1
8	48100000	48548331	2	1	1	2	d	4	0.88	0.88	0.05	0.127461055122	2.153386	1.076692961	1.076693	1	1	1	NA	NA	NA	NA	NA	NA	NA	2	1	1	1	1	1	NA	NA	NA	2	1	1
8	48548332	59102551	2	1	1	2	d	5	0.88	0.88	0.0485214372181	0.154447010878	2	1	1	1	1	1	NA	NA	NA	NA	NA	NA	NA	2	1	1	1	1	1	NA	NA	NA	2	1	1
8	59102552	64859241	3	2	1	2	d	4	1.52	0.76	0.0622437193636	0.171092839084	3	1	2	2	1	1	NA	NA	NA	NA	NA	NA	NA	3	1	2	2	1	1	NA	NA	NA	4	1	3
8	64859242	136148479	3	2	1	2	d	4	1.52	0.76	0.0655762087189	0.17559169117	3	1	2	2	1	1	NA	NA	NA	NA	NA	NA	NA	3	1	2	2	1	1	NA	NA	NA	4	1	3
8	136148480	142065051	3	2	1	2	d	5	1.52	0.76	0.0671420054001	0.186756524561	3	1	2	2	1	1	NA	NA	NA	NA	NA	NA	NA	3	1	2	2	1	1	NA	NA	NA	3	1	2
8	142065052	146364021	3	2	1	2	d	5	1.52	0.76	0.0833683697314	0.245525432725	3	1	2	2	1	1	NA	NA	NA	NA	NA	NA	NA	3	1	2	2	1	1	NA	NA	NA	3	1	2
9	47500	200100	2	1	1	2	d	3	1	1	0.05	0.1	NA	NA	NA	NA	NA	NA	NA	NA	NA	NA	NA	NA	NA	NA	NA	NA	1	1	1	NA	NA	NA	2	1	1
9	200101	1942941	2	1	1	3	a	6	1	1	0.0494651966697	0.177655488577	2	1	1	1	1	1	NA	NA	NA	NA	NA	NA	NA	2	1	1	1	1	1	NA	NA	NA	2	1	1
9	1942942	15664814	2	1	1	3	a	6	1	1	0.0501269810162	0.167096795577	2	1	1	1	1	1	NA	NA	NA	NA	NA	NA	NA	2	1	1	1	1	1	NA	NA	NA	2	1	1
9	15664815	15667435	2	1	1	3	b	5	1	1	0.05	0.1	2	1	1	1	1	1	NA	NA	NA	NA	NA	NA	NA	NA	NA	NA	1	1	1	NA	NA	NA	2	1	1
9	15667436	35613963	2	1	1	3	a	6	1	1	0.0513325972909	0.169588999851	2	1	1	1	1	1	NA	NA	NA	NA	NA	NA	NA	2	1	1	1	1	1	NA	NA	NA	2	1	1
9	35613964	40813202	2	1	1	3	a	6	1	1	0.0527273235223	0.191293179486	2	1	1	1	1	1	NA	NA	NA	NA	NA	NA	NA	2	1	1	1	1	1	NA	NA	NA	2	1	1
9	40813203	47299999	2	1	1	2	d	4	1	1	0.05	1.00640350029	2	1	1	1	1	1	NA	NA	NA	NA	NA	NA	NA	1	0	1	1	0	0.362051	1	1	0.637949	2	1	1
9	47300000	50699999	2	1	1	2	d	2	1	1	0.05	0.1	NA	NA	NA	NA	NA	NA	NA	NA	NA	NA	NA	NA	NA	NA	NA	NA	1	0	0.362051	1	1	0.637949	2	1	1
9	50700000	70484480	2	1	1	2	d	3	1	1	0.05	0.377997562712	NA	NA	NA	NA	NA	NA	NA	NA	NA	NA	NA	NA	NA	2	1	1	1	0	0.362051	1	1	0.637949	2	1	1
9	70484481	100627634	2	1	1	3	a	6	1	1	0.0555499413458	0.161450784176	2	1	1	1	1	1	NA	NA	NA	NA	NA	NA	NA	2	1	1	1	1	1	NA	NA	NA	2	1	1
9	100627635	103709373	2	1	1	3	a	6	1	1	0.0564967445035	0.145548326797	2	1	1	1	1	1	NA	NA	NA	NA	NA	NA	NA	2	1	1	1	1	1	NA	NA	NA	2	1	1
9	103709374	103709400	2	1	1	3	b	6	1	1	0.05	0.1	2	1	1	1	1	1	NA	NA	NA	NA	NA	NA	NA	1	0	1	1	1	1	NA	NA	NA	2	1	1
9	103709401	103711201	2	1	1	2	d	4	1	1	0.05	0.1	NA	NA	NA	1	1	1	NA	NA	NA	NA	NA	NA	NA	NA	NA	NA	1	1	1	NA	NA	NA	2	1	1
9	103711202	116812810	2	1	1	3	a	6	1	1	0.0494929321026	0.168176881276	2	1	1	1	1	1	NA	NA	NA	NA	NA	NA	NA	2	1	1	1	1	1	NA	NA	NA	2	1	1
9	116812811	130503588	2	1	1	3	a	6	1	1	0.0552777766889	0.159546942381	2	1	1	1	1	1	NA	NA	NA	NA	NA	NA	NA	2	1	1	1	1	1	NA	NA	NA	2	1	1
9	130503589	140273200	2	1	1	2	d	5	1	1	0.0695112750093	0.2379798934	2	1	1	1	1	0.897185835634452	2	1	0.102814164365548	0.00924268160925146	0.0086541941917516	0.879443814787044	0.912916278355092	2	1	1	1	1	1	NA	NA	NA	2	1	1
9	140273201	141019790	2	1	1	2	d	3	NA	NA	NA	NA	2	1	1	1	1	0.897185835634452	2	1	0.102814164365548	0.00924268160925146	0.0086541941917516	0.879443814787044	0.912916278355092	1	0	1	1	1	1	NA	NA	NA	2	1	1
10	102500	33292982	2	1	1	3	a	6	1	1	0.0517468114546	0.162435528973	2	1	1	1	1	1	NA	NA	NA	NA	NA	NA	NA	2	1	1	1	1	1	NA	NA	NA	2	1	1
10	33292983	37999999	2	1	1	3	a	6	1	1	0.0505529572887	0.157180891505	2	1	1	1	1	1	NA	NA	NA	NA	NA	NA	NA	2	1	1	1	1	1	NA	NA	NA	2	1	1
10	38000000	42387499	2	1	1	3	b	5	1	1	0.05	0.262989344625	2	1	1	1	1	1	NA	NA	NA	NA	NA	NA	NA	2	1	1	NA	NA	NA	NA	NA	NA	2	1	1
10	42387500	86772945	2	1	1	3	a	6	1	1	0.0538073172679	0.172684602834	2	1	1	1	1	1	NA	NA	NA	NA	NA	NA	NA	2	1	1	1	1	1	NA	NA	NA	2	1	1
10	86772946	115295866	2	1	1	3	a	6	1	1	0.0541905779505	0.190089744146	2	1	1	1	1	1	NA	NA	NA	NA	NA	NA	NA	2	1	1	1	1	1	NA	NA	NA	2	1	1
10	115295867	135389924	2	1	1	3	a	6	1	1	0.0566012963809	0.186345442144	2	1	1	1	1	1	NA	NA	NA	NA	NA	NA	NA	2	1	1	1	1	1	NA	NA	NA	2	1	1
11	20721	190009	2	1	1	2	d	3	1	1	0.05	0.1	NA	NA	NA	NA	NA	NA	NA	NA	NA	NA	NA	NA	NA	NA	NA	NA	1	1	1	NA	NA	NA	2	1	1
11	190010	14567674	2	1	1	3	a	6	1	1	0.0555175926301	0.193952751982	2	1	1	1	1	1	NA	NA	NA	NA	NA	NA	NA	2	1	1	1	1	1	NA	NA	NA	2	1	1
11	14567675	18448048	2	1	1	3	a	6	1	1	0.0548680645709	0.159887002815	2	1	1	1	1	1	NA	NA	NA	NA	NA	NA	NA	2	1	1	1	1	1	NA	NA	NA	2	1	1
11	18448049	40648826	2	1	1	3	a	6	1	1	0.0543064514272	0.166810903048	2	1	1	1	1	1	NA	NA	NA	NA	NA	NA	NA	2	1	1	1	1	1	NA	NA	NA	2	1	1
11	40648827	51398398	2	1	1	3	a	6	1	1	0.0538013376608	0.182234825707	2	1	1	1	1	1	NA	NA	NA	NA	NA	NA	NA	2	1	1	1	1	1	NA	NA	NA	2	1	1
11	51398399	55699999	2	1	1	3	b	5	1	1	0.0440576632509	0.307102611152	2	1	1	NA	NA	NA	NA	NA	NA	NA	NA	NA	NA	2	1	1	1	1	1	NA	NA	NA	2	1	1
11	55700000	65215483	2	1	1	3	a	6	1	1	0.0507297854315	0.185307829503	2	1	1	1	1	1	NA	NA	NA	NA	NA	NA	NA	2	1	1	1	1	1	NA	NA	NA	2	1	1
11	65215484	65217148	4	3	1	1	g	NA	NA	NA	NA	NA	2	1	1	NA	NA	NA	NA	NA	NA	NA	NA	NA	NA	1	0	1	3	1	1	NA	NA	NA	2	1	1
11	65217149	65519286	4	3	1	3	b	5	3	1	0.0487509423546	0.260926296537	4	1	3	3	1	1	NA	NA	NA	NA	NA	NA	NA	NA	NA	NA	3	1	1	NA	NA	NA	4	1	3
11	65519287	70715237	3	2	1	3	a	6	2	1	0.0741632786592	0.260674777677	3	1	2	2	1	1	NA	NA	NA	NA	NA	NA	NA	3	1	2	2	1	1	NA	NA	NA	3	1	2
11	70715238	70716431	3	2	1	2	d	3	NA	NA	NA	NA	3	1	2	NA	NA	NA	NA	NA	NA	NA	NA	NA	NA	1	0	1	2	1	1	NA	NA	NA	3	1	2
11	70716432	111970176	1	1	0	3	a	6	1	0	0.0790354247655	0.102508545066	1	0	1	1	0	1	NA	NA	NA	NA	NA	NA	NA	1	0	1	1	0	1	NA	NA	NA	1	0	1
11	111970177	134452200	1	1	0	3	a	6	1	0	0.0815665182037	0.112775900287	1	0	1	1	0	1	NA	NA	NA	NA	NA	NA	NA	1	0	1	1	0	1	NA	NA	NA	1	0	1
12	110107	208378	2	1	1	2	d	4	1	1	0.05	0.260182247865	NA	NA	NA	1	1	1	NA	NA	NA	NA	NA	NA	NA	NA	NA	NA	1	1	1	NA	NA	NA	2	1	1
12	208379	33299999	2	1	1	3	a	6	1	1	0.0519790596746	0.17059712638	2	1	1	1	1	1	NA	NA	NA	NA	NA	NA	NA	2	1	1	1	1	1	NA	NA	NA	2	1	1
12	33300000	38199999	2	1	1	3	a	6	1	1	0.0553666552294	0.325826780328	2	1	1	1	1	1	NA	NA	NA	NA	NA	NA	NA	2	1	1	1	1	1	NA	NA	NA	2	1	1
12	38200000	47202367	2	1	1	3	a	6	1	1	0.0495042546526	0.159521369785	2	1	1	1	1	1	NA	NA	NA	NA	NA	NA	NA	2	1	1	1	1	1	NA	NA	NA	2	1	1
12	47202368	55471976	2	1	1	3	a	6	1	1	0.0582929954028	0.158378423479	2	1	1	1	1	1	NA	NA	NA	NA	NA	NA	NA	2	1	1	1	1	1	NA	NA	NA	2	1	1
12	55471977	55475237	2	1	1	2	d	3	1	1	0.05	0.1	2	1	1	1	0	1	NA	NA	NA	NA	NA	NA	NA	NA	NA	NA	1	1	1	NA	NA	NA	1	0	1
12	55475238	60912076	2	1	1	3	a	6	1	1	0.0574505979897	0.158051633325	2	1	1	1	1	1	NA	NA	NA	NA	NA	NA	NA	2	1	1	1	1	1	NA	NA	NA	2	1	1
12	60912077	62105831	2	1	1	3	a	6	1	1	0.0403475906325	0.145365536893	2	1	1	1	1	1	NA	NA	NA	NA	NA	NA	NA	2	1	1	1	1	1	NA	NA	NA	2	1	1
12	62105832	92129583	2	1	1	3	a	6	1	1	0.0504893017405	0.153305494313	2	1	1	1	1	1	NA	NA	NA	NA	NA	NA	NA	2	1	1	1	1	1	NA	NA	NA	2	1	1
12	92129584	99897651	2	1	1	3	a	6	1	1	0.0550248177688	0.160856095815	2	1	1	1	1	1	NA	NA	NA	NA	NA	NA	NA	2	1	1	1	1	1	NA	NA	NA	2	1	1
12	99897652	101994025	2	1	1	3	a	6	1	1	0.0576493030296	0.152463252579	2	1	1	1	1	1	NA	NA	NA	NA	NA	NA	NA	2	1	1	1	1	1	NA	NA	NA	2	1	1
12	101994026	131614087	2	1	1	3	a	6	1	1	0.0561678994873	0.172507429552	2	1	1	1	1	1	NA	NA	NA	NA	NA	NA	NA	2	1	1	1	1	1	NA	NA	NA	2	1	1
12	131614088	132349400	2	1	1	3	b	5	1	1	0.0574837903374	0.224729316189	2	1	1	1	1	1	NA	NA	NA	NA	NA	NA	NA	NA	NA	NA	1	1	1	NA	NA	NA	2	1	1
12	132349401	133851894	2	1	1	2	d	4	NA	NA	NA	NA	2	1	1	1	1	0.864776787042371	2	1	0.135223212957629	0.0291922435344746	0.0277242197615374	0.793769582528376	0.903356075328168	2	1	1	1	1	1	NA	NA	NA	2	1	1
13	1	16299999	2	1	1	1	h	1	NA	NA	NA	NA	NA	NA	NA	NA	NA	NA	NA	NA	NA	NA	NA	NA	NA	NA	NA	NA	NA	NA	NA	NA	NA	NA	2	1	1
13	16300000	19499999	2	1	1	2	d	3	0.93	0.93	0.0305616215422	0.247414084151	NA	NA	NA	1	1	1	NA	NA	NA	NA	NA	NA	NA	NA	NA	NA	1	1	1	NA	NA	NA	2	1	1
13	19500000	63013801	2	1	1	2	d	5	0.93	0.93	0.0503966415704	0.163016504986	2	1	1	1	1	1	NA	NA	NA	NA	NA	NA	NA	2	1	1	1	1	1	NA	NA	NA	2	1	1
13	63013802	75663744	2	1	1	2	d	5	0.93	0.93	0.0474212117211	0.147071077121	2	1	1	1	1	1	NA	NA	NA	NA	NA	NA	NA	2	1	1	1	1	1	NA	NA	NA	2	1	1
13	75663745	79866101	2	1	1	2	d	5	0.93	0.93	0.0505610277327	0.142111168471	2	1	1	1	1	1	NA	NA	NA	NA	NA	NA	NA	2	1	1	1	1	1	NA	NA	NA	2	1	1
13	79866102	80288387	2	1	1	2	d	5	0.93	0.93	0.05	0.13225744203	2	1	1	1	1	1	NA	NA	NA	NA	NA	NA	NA	2	1	1	1	1	1	NA	NA	NA	2	1	1
13	80288388	91914917	2	1	1	2	d	5	0.93	0.93	0.0535514868493	0.149876512582	2	1	1	1	1	1	NA	NA	NA	NA	NA	NA	NA	2	1	1	1	1	1	NA	NA	NA	2	1	1
13	91914918	114142800	2	1	1	2	d	5	0.93	0.93	0.0539907598223	0.153642600292	2	1	1	1	1	1	NA	NA	NA	NA	NA	NA	NA	2	1	1	1	1	1	NA	NA	NA	2	1	1
13	114142801	115169877	2	1	1	2	d	3	NA	NA	NA	NA	2.162165	1.081082557	1.0810826	1	1	1	NA	NA	NA	NA	NA	NA	NA	1	0	1	1	1	1	NA	NA	NA	2	1	1
14	1	16099999	1	1	0	1	h	1	NA	NA	NA	NA	NA	NA	NA	NA	NA	NA	NA	NA	NA	NA	NA	NA	NA	NA	NA	NA	NA	NA	NA	NA	NA	NA	1	0	1
14	16100000	19099999	1	1	0	1	h	1	NA	NA	NA	NA	NA	NA	NA	NA	NA	NA	NA	NA	NA	NA	NA	NA	NA	NA	NA	NA	1	0	0.676607	0	0	0.323393	1	0	1
14	19100000	20469711	1	1	0	1	g	NA	2	0	0.05	0.515253333638	0.919757	0.079163551	0.8405935	1	0	0.843408684527347	1	1	0.156591315472653	0.00111807448810647	0.00112690179417035	0.841087975618122	0.845531327247292	NA	NA	NA	1	0	0.676607	0	0	0.323393	1	0	1
14	20469712	24454007	2	1	1	2	e	4	1	0.15	0.0831975546635	0.116215229913	1.162164	0.17128924	0.9908743	1	0	0.843408684527347	1	1	0.156591315472653	0.00111807448810647	0.00112690179417035	0.841087975618122	0.845531327247292	NA	NA	NA	1	0	0.877137	1	1	0.122863	1	0	1
14	24454008	57246750	2	1	1	2	e	4	1	0.15	0.0838440009544	0.11966203059	1.166352	0.170805101	0.9955467	1	0	0.843408684527347	1	1	0.156591315472653	0.00111807448810647	0.00112690179417035	0.841087975618122	0.845531327247292	NA	NA	NA	1	0	0.877137	1	1	0.122863	1	0	1
14	57246751	85899266	1	1	0	1	g	NA	1	0.15	0.0883086387778	0.114595634057	1.158349	0.156675845	1.0016731	1	0	0.843408684527347	1	1	0.156591315472653	0.00111807448810647	0.00112690179417035	0.841087975618122	0.845531327247292	NA	NA	NA	1	0	0.877137	1	1	0.122863	1	0	1
14	85899267	88801747	2	1	1	2	e	4	1	0.15	0.0906820829024	0.118601670285	1.157074	0.167182283	0.9898919	1	0	0.843408684527347	1	1	0.156591315472653	0.00111807448810647	0.00112690179417035	0.841087975618122	0.845531327247292	NA	NA	NA	1	0	0.860242	1	1	0.139758	1	0	1
14	88801748	106368400	1	1	0	1	g	NA	1	0.15	0.0931603610728	0.13970238814	1.168257	0.159152946	1.0091044	1	0	0.843408684527347	1	1	0.156591315472653	0.00111807448810647	0.00112690179417035	0.841087975618122	0.845531327247292	NA	NA	NA	1	0	0.877137	1	1	0.122863	1	0	1
15	1	15799999	2	1	1	1	h	1	NA	NA	NA	NA	NA	NA	NA	NA	NA	NA	NA	NA	NA	NA	NA	NA	NA	NA	NA	NA	NA	NA	NA	NA	NA	NA	2	1	1
15	15800000	20699999	2	1	1	3	b	5	1	1	0.05	0.436006161288	NA	NA	NA	1	1	1	NA	NA	NA	NA	NA	NA	NA	2	1	1	1	1	1	NA	NA	NA	2	1	1
15	20700000	24181418	2	1	1	3	a	6	1	1	0.0524351760076	0.39266782652	2	1	1	1	1	1	NA	NA	NA	NA	NA	NA	NA	2	1	1	1	1	1	NA	NA	NA	2	1	1
15	24181419	36358585	2	1	1	3	a	6	1	1	0.0598761124262	0.282362558185	2	1	1	1	1	1	NA	NA	NA	NA	NA	NA	NA	2	1	1	1	1	1	NA	NA	NA	2	1	1
15	36358586	51290772	2	1	1	3	a	6	1	1	0.053816875957	0.155087391228	2	1	1	1	1	1	NA	NA	NA	NA	NA	NA	NA	2	1	1	1	1	1	NA	NA	NA	2	1	1
15	51290773	54694234	2	1	1	3	a	6	1	1	0.0521205793922	0.226303548221	2	1	1	1	1	1	NA	NA	NA	NA	NA	NA	NA	2	1	1	1	1	1	NA	NA	NA	2	1	1
15	54694235	60903843	2	1	1	3	a	6	1	1	0.0497448925093	0.147853996267	2	1	1	1	1	1	NA	NA	NA	NA	NA	NA	NA	2	1	1	1	1	1	NA	NA	NA	2	1	1
15	60903844	64920699	2	1	1	3	a	6	1	1	0.0542176252882	0.162138980957	2	1	1	1	1	1	NA	NA	NA	NA	NA	NA	NA	2	1	1	1	1	1	NA	NA	NA	2	1	1
15	64920700	77704031	2	1	1	3	a	6	1	1	0.0583742112902	0.159245770265	2	1	1	1	1	1	NA	NA	NA	NA	NA	NA	NA	2	1	1	1	1	1	NA	NA	NA	2	1	1
15	77704032	100338800	2	1	1	3	a	6	1	1	0.0566552225661	0.162006324866	2	1	1	1	1	1	NA	NA	NA	NA	NA	NA	NA	2	1	1	1	1	1	NA	NA	NA	2	1	1
15	100338801	102399919	2	1	1	2	d	4	NA	NA	NA	NA	2	1	1	1	0	0.0676116064788123	1	1	0.932388393521188	0.0189744000450566	0.0189805383508683	0.0336029470761905	0.104836391314373	2	1	1	1	1	1	NA	NA	NA	2	1	1
16	44080	1080051	1	1	0	2	d	5	1	0	0.109161431859	0.159422819075	1.180658	0.045505202	1.1351532	1	0	1	NA	NA	NA	NA	NA	NA	NA	1	0	1	1	0	1	NA	NA	NA	1	0	1
16	1080052	7966757	1	1	0	3	a	6	1	0	0.0850247277801	0.138239631814	1	0	1	1	0	1	NA	NA	NA	NA	NA	NA	NA	1	0	1	1	0	1	NA	NA	NA	1	0	1
16	7966758	8136985	2	1	1	3	a	6	1	1	0.0340144019514	0.175478058285	2	1	1	1	1	1	NA	NA	NA	NA	NA	NA	NA	2	1	1	1	1	1	NA	NA	NA	2	1	1
16	8136986	8384241	1	1	0	3	a	6	1	0	0.0662933805147	0.0965244687118	1	0	1	1	0	1	NA	NA	NA	NA	NA	NA	NA	1	0	1	1	0	1	NA	NA	NA	1	0	1
16	8384242	32547600	2	1	1	3	a	6	1	1	0.0581101567954	0.198862502334	2	1	1	1	1	1	NA	NA	NA	NA	NA	NA	NA	2	1	1	1	1	1	NA	NA	NA	2	1	1
16	32547601	34197984	2	1	1	3	b	6	1	1	0.05	0.374649514384	2	1	1	1	1	1	NA	NA	NA	NA	NA	NA	NA	1	0	1	1	1	1	NA	NA	NA	2	1	1
16	34197985	34599999	1	1	0	2	d	3	1.24	0	0.05	0.196550356498	NA	NA	NA	0	0	0.162880814419183	1	0	0.837119185580817	0.575302152339237	0.125999741094731	0.594823793226871	1.05818840142357	1	0	1	1	0	1	NA	NA	NA	1	0	1
16	34600000	38599999	1	1	0	3	a	6	1	0	0.05	0.205348194045	1	0	1	1	0	1	NA	NA	NA	NA	NA	NA	NA	1	0	1	1	0	1	NA	NA	NA	1	0	1
16	38600000	49975959	1	1	0	3	a	6	1	0	0.0923033757254	0.141171709772	1	0	1	1	0	1	NA	NA	NA	NA	NA	NA	NA	1	0	1	1	0	1	NA	NA	NA	1	0	1
16	49975960	74631315	1	1	0	2	d	5	1.07	0	0.0844574868758	0.120032517795	1	0	1	1	0	1	NA	NA	NA	NA	NA	NA	NA	1	0	1	1	0	1	NA	NA	NA	1	0	1
16	74631316	77119993	1	1	0	2	d	5	1.07	0	0.0847954772517	0.112637083684	1	0	1	1	0	1	NA	NA	NA	NA	NA	NA	NA	1	0	1	1	0	1	NA	NA	NA	1	0	1
16	77119994	77285597	1	1	0	2	d	2	1	1	0.05	0.263446435073	1.330023	0.570978366	0.7590449	1	0	0.29195920979488	1	1	0.70804079020512	0.036170720391501	0.0351807952630751	0.261897284637598	0.408699535377249	1	0	1	1	0	0.292358	1	1	0.707642	1	0	1
16	77285598	77337224	1	1	0	2	d	3	2.38	0	0.05	0.164980670129	1.33868	0	1.3386799	2	0	1	NA	NA	NA	NA	NA	NA	NA	1	0	1	1	0	1	NA	NA	NA	1	0	1
16	77337225	77449989	1	1	0	2	d	2	1.24	1.24	0.05	0.242247131169	1.326213	0.663106289	0.6631063	1	0	0.247042408287976	1	1	0.752957591712024	0.0287274941908437	0.0280790851938195	0.224512103073183	0.33489397868033	1	0	1	1	0	0.135152	1	1	0.864848	1	0	1
16	77449990	77896268	1	1	0	2	d	5	1.07	0	0.073935194243	0.10589713873	1	0	1	1	0	1	NA	NA	NA	NA	NA	NA	NA	1	0	1	1	0	1	NA	NA	NA	1	0	1
16	77896269	88827200	1	1	0	2	d	5	1.07	0	0.0918680356875	0.13530357484	1	0	1	1	0	1	NA	NA	NA	NA	NA	NA	NA	1	0	1	1	0	1	NA	NA	NA	1	0	1
16	88827201	90354752	1	1	0	2	d	3	NA	NA	NA	NA	1.106272	0.038592851	1.0676793	1	0	1	NA	NA	NA	NA	NA	NA	NA	2	0	2	1	0	1	NA	NA	NA	1	0	1
17	12500	22199999	1	1	0	3	a	6	1	0	0.0894200600035	0.161759342972	1	0	1	1	0	1	NA	NA	NA	NA	NA	NA	NA	1	0	1	1	0	1	NA	NA	NA	1	0	1
17	22200000	25799999	NA	NA	NA	NA	NA	NA	1	0	0.134467323898	0.387552845194	1.659875	0.656922776	1.0029524	NA	NA	NA	NA	NA	NA	NA	NA	NA	NA	1	0	1	1	0	0.655343	1	1	0.344657	2	1	1
17	25800000	44906262	2	1	1	3	a	6	1	1	0.058900531248	0.20501324016	2	1	1	1	1	1	NA	NA	NA	NA	NA	NA	NA	2	1	1	1	1	1	NA	NA	NA	2	1	1
17	44906263	78724600	2	1	1	3	a	6	1	1	0.0576535949578	0.177794515694	2	1	1	1	1	1	NA	NA	NA	NA	NA	NA	NA	2	1	1	1	1	1	NA	NA	NA	2	1	1
17	78724601	81195209	2	1	1	2	d	5	1	1	0.0644243453816	0.131943544241	2.136859	1.068429701	1.0684297	1	1	1	NA	NA	NA	NA	NA	NA	NA	2	1	1	1	1	1	NA	NA	NA	2	1	1
18	27500	15399999	2	1	1	2	d	5	1.07	1.07	0.0533978423586	0.18471164602	2	1	1	1	1	1	NA	NA	NA	NA	NA	NA	NA	2	1	1	1	1	1	NA	NA	NA	2	1	1
18	15400000	18999999	NA	NA	NA	NA	NA	NA	1.07	0	0.05	0.164241117215	2	1	1	1	0	1	NA	NA	NA	NA	NA	NA	NA	1	0	1	1	0	1	NA	NA	NA	2	1	1
18	19000000	52738639	1	1	0	2	d	5	1.07	0	0.0805443464208	0.112026404099	1	0	1	1	0	1	NA	NA	NA	NA	NA	NA	NA	1	0	1	1	0	1	NA	NA	NA	1	0	1
18	52738640	52741563	1	1	0	3	b	5	NA	NA	NA	NA	1	0	1	1	0	1	NA	NA	NA	NA	NA	NA	NA	1	0	1	1	0	1	NA	NA	NA	1	0	1
18	52741564	55859969	1	1	0	3	a	6	1	0	0.0851912726709	0.118394758339	1	0	1	1	0	1	NA	NA	NA	NA	NA	NA	NA	1	0	1	1	0	1	NA	NA	NA	1	0	1
18	55859970	56311185	2	1	1	3	a	6	1	1	0.0543393773032	0.172602322052	2	1	1	1	1	1	NA	NA	NA	NA	NA	NA	NA	2	1	1	1	1	1	NA	NA	NA	2	1	1
18	56311186	56423333	1	1	0	3	b	6	1	0	0.05	0.229639559753	1	0	1	1	0	1	NA	NA	NA	NA	NA	NA	NA	1	0	1	1	0	1	NA	NA	NA	2	1	1
18	56423334	56840009	2	1	1	2	d	4	1	1	0.0588555807853	0.237928492207	1.87093	0.935464892	0.9354649	1	0	0.0535258551290597	1	1	0.94647414487094	0.0273153026499937	0.0270417189739763	0.0169129054194266	0.123715455075115	2	1	1	1	1	1	NA	NA	NA	2	1	1
18	56840010	76117000	1	1	0	2	d	5	1.07	0	0.0820040540329	0.120533307077	1	0	1	1	0	1	NA	NA	NA	NA	NA	NA	NA	1	0	1	1	0	1	NA	NA	NA	1	0	1
18	76117001	78077247	1	1	0	3	b	5	NA	NA	NA	NA	1	0	1	1	0	1	NA	NA	NA	NA	NA	NA	NA	1	0	1	1	0	1	NA	NA	NA	1	0	1
19	102500	255498	2	1	1	2	d	3	NA	NA	NA	NA	NA	NA	NA	1	1	1	NA	NA	NA	NA	NA	NA	NA	NA	NA	NA	1	1	1	NA	NA	NA	2	1	1
19	255499	24389887	2	1	1	2	d	5	1	1	0.0591370570098	0.212574823377	2	1	1	1	1	0.928632193161254	2	1	0.0713678068387461	0.00529301900698997	0.00538288518663302	0.906826802650359	0.92923558315284	2	1	1	1	1	1	NA	NA	NA	2	1	1
19	24389888	28599999	2	1	1	2	d	4	1	1	0.0604738944823	0.216882440758	2.221232	1.110615856	1.1106159	NA	NA	NA	NA	NA	NA	NA	NA	NA	NA	2	1	1	1	1	1	NA	NA	NA	2	1	1
19	28600000	59128982	2	1	1	2	d	5	1	1	0.0577729178773	0.188510477259	2	1	1	1	1	0.925387141267865	2	1	0.074612858732135	0.00469895044499613	0.00466345485083063	0.915779900708415	0.933821974799214	2	1	1	1	1	1	NA	NA	NA	2	1	1
20	17500	25599999	2	1	1	2	d	5	0.88	0.88	0.0542577595991	0.14550825892	2	1	1	1	1	1	NA	NA	NA	NA	NA	NA	NA	2	1	1	1	1	1	NA	NA	NA	2	1	1
20	25600000	29399999	2	1	1	2	d	5	0.88	0.88	0.05	0.209709166287	2	1	1	1	1	1	NA	NA	NA	NA	NA	NA	NA	2	1	1	1	1	1	NA	NA	NA	2	1	1
20	29400000	62432500	2	1	1	2	d	5	0.88	0.88	0.0583092986732	0.164033024681	2	1	1	1	1	1	NA	NA	NA	NA	NA	NA	NA	2	1	1	1	1	1	NA	NA	NA	2	1	1
21	1	9417499	NA	NA	NA	NA	NA	NA	1	1	0.05	0.1	NA	NA	NA	NA	NA	NA	NA	NA	NA	NA	NA	NA	NA	NA	NA	NA	1	0	0.724072	1	1	0.275928	NA	NA	NA
21	9417500	10899999	NA	NA	NA	NA	NA	NA	1	1	0.05	0.375729466473	NA	NA	NA	NA	NA	NA	NA	NA	NA	NA	NA	NA	NA	NA	NA	NA	1	0	0.724072	1	1	0.275928	NA	NA	NA
21	10900000	14299999	2	1	1	2	d	2	1	1	0.05	0.256606909433	NA	NA	NA	NA	NA	NA	NA	NA	NA	NA	NA	NA	NA	NA	NA	NA	1	1	1	NA	NA	NA	NA	NA	NA
21	14300000	45712554	2	1	1	3	b	5	1	1	0.0533853777026	0.172298196588	2	1	1	1	1	1	NA	NA	NA	NA	NA	NA	NA	2	1	1	1	1	1	NA	NA	NA	NA	NA	NA
21	45712555	46937500	1	1	0	3	a	6	1	0	0.109717505672	0.13192268041	1	0	1	1	0	1	NA	NA	NA	NA	NA	NA	NA	1	0	1	1	0	1	NA	NA	NA	1	0	1
21	46937501	48129894	1	1	0	3	b	5	NA	NA	NA	NA	1	0	1	1	0	1	NA	NA	NA	NA	NA	NA	NA	1	0	1	1	0	1	NA	NA	NA	1	0	1
22	1	12199999	2	1	1	1	h	1	NA	NA	NA	NA	NA	NA	NA	NA	NA	NA	NA	NA	NA	NA	NA	NA	NA	NA	NA	NA	NA	NA	NA	NA	NA	NA	2	1	1
22	12200000	17899999	2	1	1	3	a	6	1	1	0.0674840384544	0.255267905077	2	1	1	1	1	1	NA	NA	NA	NA	NA	NA	NA	2	1	1	1	1	1	NA	NA	NA	2	1	1
22	17900000	20159998	2	1	1	3	a	6	1	1	0.054333669075	0.265115060627	2	1	1	1	1	1	NA	NA	NA	NA	NA	NA	NA	2	1	1	1	1	1	NA	NA	NA	2	1	1
22	20159999	22891864	4	3	1	3	b	6	3	1	0.0745416246013	0.455373302465	4	1	3	3	1	1	NA	NA	NA	NA	NA	NA	NA	4	1	3	3	1	1	NA	NA	NA	5	1	4
22	22891865	22893542	4	3	1	1	g	NA	5	1	0.05	0.1	4	1	3	NA	NA	NA	NA	NA	NA	NA	NA	NA	NA	NA	NA	NA	3	1	1	NA	NA	NA	5	1	4
22	22893543	23244652	6	5	1	2	d	3	5	1	0.05	0.294431171693	5.874943	1.001781285	4.8731622	5	1	1	NA	NA	NA	NA	NA	NA	NA	5	1	4	5	1	1	NA	NA	NA	7	1	6
22	23244653	24102374	7	6	1	2	d	4	6	1	0.050833040272	0.47245496247	6.741748	1.025921401	5.7158261	6	1	1	NA	NA	NA	NA	NA	NA	NA	5	1	4	6	1	1	NA	NA	NA	7	1	6
22	24102375	24103268	7	6	1	2	d	2	NA	NA	NA	NA	6.741748	1.025921401	5.7158261	NA	NA	NA	NA	NA	NA	NA	NA	NA	NA	1	0	1	6	1	1	NA	NA	NA	7	1	6
22	24103269	29240511	1	1	0	3	a	6	1	0	0.0903720081884	0.1215540005	1	0	1	1	0	1	NA	NA	NA	NA	NA	NA	NA	1	0	1	1	0	1	NA	NA	NA	1	0	1
22	29240512	49687500	2	1	1	2	d	4	1.07	1.07	0.0617255993261	0.213024008679	2	1	1	1	1	0.922974570642973	2	1	0.0770254293570269	0.00569609899451445	0.00577784156237116	0.911860625752402	0.933979395150448	2	1	1	1	1	1	NA	NA	NA	2	1	1
22	49687501	51304565	2	1	1	2	d	3	NA	NA	NA	NA	2.107716	1.053857812	1.0538578	1	1	0.922974570642973	2	1	0.0770254293570269	0.00569609899451445	0.00577784156237116	0.911860625752402	0.933979395150448	2	1	1	1	1	1	NA	NA	NA	2	1	1
X	1	58099999	1	1	0	3	a	3	1	0	0.10226525531	0.285025448132	1	0	1	NA	NA	NA	NA	NA	NA	NA	NA	NA	NA	1	0	1	NA	NA	NA	NA	NA	NA	2	1	1
X	58100000	62999999	1	1	0	3	a	3	1	0	0.05	0.445003269943	1	0	1	NA	NA	NA	NA	NA	NA	NA	NA	NA	NA	1	0	1	NA	NA	NA	NA	NA	NA	2	1	1
X	63000000	114755005	1	1	0	3	a	3	1	0	0.05	0.204493082594	1	0	1	NA	NA	NA	NA	NA	NA	NA	NA	NA	NA	1	0	1	NA	NA	NA	NA	NA	NA	2	1	1
X	114755006	132919526	1	1	0	3	a	3	1	0	0.05	0.212340748559	1	0	1	NA	NA	NA	NA	NA	NA	NA	NA	NA	NA	1	0	1	NA	NA	NA	NA	NA	NA	2	1	1
X	132919527	133083506	1	1	0	3	b	3	1	0	0.05	0.1	0	0	0	NA	NA	NA	NA	NA	NA	NA	NA	NA	NA	1	0	1	NA	NA	NA	NA	NA	NA	2	1	1
X	133083507	155270559	1	1	0	3	a	3	1	0	0.05	0.20669147594	1	0	1	NA	NA	NA	NA	NA	NA	NA	NA	NA	NA	1	0	1	NA	NA	NA	NA	NA	NA	2	1	1
Y	1	11599999	2	2	0	1	h	1	NA	NA	NA	NA	2.186773	0	2.186773	NA	NA	NA	NA	NA	NA	NA	NA	NA	NA	NA	NA	NA	NA	NA	NA	NA	NA	NA	3	0	3
Y	11600000	13399999	2	2	0	1	h	1	NA	NA	NA	NA	1.61249	0	1.61249	NA	NA	NA	NA	NA	NA	NA	NA	NA	NA	NA	NA	NA	NA	NA	NA	NA	NA	NA	3	0	3
Y	13400000	59373565	2	2	0	1	h	1	NA	NA	NA	NA	2.175842	0	2.175842	NA	NA	NA	NA	NA	NA	NA	NA	NA	NA	NA	NA	NA	NA	NA	NA	NA	NA	NA	3	0	3
