chromosome	start	end	total_cn	major_cn	minor_cn	star	level	methods_agree	absolute_broad_major_cn	absolute_broad_minor_cn	absolute_broad_het_error	absolute_broad_cov_error	aceseq_copy_number	aceseq_minor_cn	aceseq_major_cn	battenberg_nMaj1_A	battenberg_nMin1_A	battenberg_frac1_A	battenberg_nMaj2_A	battenberg_nMin2_A	battenberg_frac2_A	battenberg_SDfrac_A	battenberg_SDfrac_A_BS	battenberg_frac1_A_0.025	battenberg_frac1_A_0.975	clonehd_copy_number	clonehd_minor_cn	clonehd_major_cn	sclust_nMaj1_A	sclust_nMin1_A	sclust_frac1_A	sclust_nMaj2_A	sclust_nMin2_A	sclust_frac2_A	jabba_copy_number	jabba_minor_cn	jabba_major_cn
1	1	809875	2	1	1	2	d	3	0.53	0.53	0.05	0.951413052415	NA	NA	NA	1	1	1	NA	NA	NA	NA	NA	NA	NA	NA	NA	NA	1	1	1	NA	NA	NA	2	1	1
1	809876	2909549	2	1	1	2	d	5	0.88	0.88	0.026357820049	0.423904408937	2	1	1	1	1	1	NA	NA	NA	NA	NA	NA	NA	2	1	1	1	1	1	NA	NA	NA	2	1	1
1	2909550	2938799	3	2	1	2	d	3	0.93	0.93	0.05	0.1	2	1	1	2	1	1	NA	NA	NA	NA	NA	NA	NA	3	1	2	1	1	1	NA	NA	NA	3	1	2
1	2938800	12897499	2	1	1	2	d	5	0.93	0.93	0.0327489764912	0.223836068561	2	1	1	1	1	1	NA	NA	NA	NA	NA	NA	NA	2	1	1	1	1	1	NA	NA	NA	2	1	1
1	12897500	48486459	2	1	1	2	d	5	0.93	0.93	0.0330526302294	0.223358747741	2	1	1	1	1	1	NA	NA	NA	NA	NA	NA	NA	2	1	1	1	1	1	NA	NA	NA	2	1	1
1	48486460	48511922	2	1	1	2	d	4	NA	NA	NA	NA	2	1	1	1	1	1	NA	NA	NA	NA	NA	NA	NA	NA	NA	NA	1	1	1	NA	NA	NA	2	1	1
1	48511923	67753499	2	1	1	3	a	6	1	1	0.0312031355762	0.217995883981	2	1	1	1	1	1	NA	NA	NA	NA	NA	NA	NA	2	1	1	1	1	1	NA	NA	NA	2	1	1
1	67753500	67753543	2	1	1	3	b	5	1	1	0.05	0.1	2	1	1	1	1	1	NA	NA	NA	NA	NA	NA	NA	NA	NA	NA	1	1	1	NA	NA	NA	2	1	1
1	67753544	67905640	2	1	1	3	b	5	1	1	0.05	0.176143237759	NA	NA	NA	1	1	1	NA	NA	NA	NA	NA	NA	NA	2	1	1	1	1	1	NA	NA	NA	2	1	1
1	67905641	67905667	2	1	1	2	d	4	1	1	0.05	0.1	NA	NA	NA	1	1	1	NA	NA	NA	NA	NA	NA	NA	NA	NA	NA	1	1	1	NA	NA	NA	2	1	1
1	67905668	73088927	2	1	1	3	a	6	1	1	0.0339679487559	0.199398444616	2	1	1	1	1	1	NA	NA	NA	NA	NA	NA	NA	2	1	1	1	1	1	NA	NA	NA	2	1	1
1	73088928	84137613	1	1	0	3	a	6	1	0	0.0567714442755	0.12376644352	1	0	1	1	0	1	NA	NA	NA	NA	NA	NA	NA	1	0	1	1	0	1	NA	NA	NA	1	0	1
1	84137614	84241621	2	1	1	2	d	5	1	1	0.0269451867426	0.226658241857	2	1	1	1	1	0.880843437809807	2	1	0.119156562190193	0.0364301183016177	0.035925973321702	0.799325774381963	0.937555056892657	2	1	1	1	1	1	NA	NA	NA	2	1	1
1	84241622	84241672	2	1	1	2	d	4	1	1	0.05	0.1	2	1	1	NA	NA	NA	NA	NA	NA	NA	NA	NA	NA	NA	NA	NA	1	1	1	NA	NA	NA	2	1	1
1	84241673	84843811	2	1	1	3	a	6	1	1	0.0286528049721	0.203496921797	2	1	1	1	1	1	NA	NA	NA	NA	NA	NA	NA	2	1	1	1	1	1	NA	NA	NA	2	1	1
1	84843812	84843838	2	1	1	3	b	5	1	1	0.05	0.1	2	1	1	1	1	1	NA	NA	NA	NA	NA	NA	NA	NA	NA	NA	1	1	1	NA	NA	NA	2	1	1
1	84843839	112348500	2	1	1	3	a	6	1	1	0.0319704711906	0.207335778118	2	1	1	1	1	1	NA	NA	NA	NA	NA	NA	NA	2	1	1	1	1	1	NA	NA	NA	2	1	1
1	112348501	120657499	1	1	0	3	a	6	1	0	0.0535130917711	0.134141526382	1	0	1	1	0	1	NA	NA	NA	NA	NA	NA	NA	1	0	1	1	0	1	NA	NA	NA	1	0	1
1	120657500	121341938	1	1	0	3	b	6	1	0	0.05	0.20016133298	1	0	1	1	0	1	NA	NA	NA	NA	NA	NA	NA	1	0	1	1	0	1	NA	NA	NA	2	1	1
1	121341939	128899999	NA	NA	NA	NA	NA	NA	1	0	0.05	1.15281393153	NA	NA	NA	NA	NA	NA	NA	NA	NA	NA	NA	NA	NA	1	0	1	1	0	1	NA	NA	NA	2	1	1
1	128900000	143743938	2	1	1	2	f	2	1.24	0.61	0.05	0.576643894168	NA	NA	NA	NA	NA	NA	NA	NA	NA	NA	NA	NA	NA	NA	NA	NA	NA	NA	NA	NA	NA	NA	2	1	1
1	143743939	147872197	3	2	1	2	d	3	1.24	0.61	0.0440207744296	0.236109878137	2.727591	0.907569629	1.82002152	2	1	1	NA	NA	NA	NA	NA	NA	NA	3	1	2	2	1	1	NA	NA	NA	2	1	1
1	147872198	160254596	3	2	1	2	d	5	1.24	0.61	0.043256790284	0.206602667651	3	1	2	2	1	1	NA	NA	NA	NA	NA	NA	NA	3	1	2	2	1	1	NA	NA	NA	3	1	2
1	160254597	160254624	3	2	1	2	d	4	1.32	0.61	0.05	0.1	3	1	2	2	1	1	NA	NA	NA	NA	NA	NA	NA	NA	NA	NA	2	1	1	NA	NA	NA	3	1	2
1	160254625	161947495	3	2	1	2	d	5	1.32	0.61	0.0392646042593	0.229938045221	3	1	2	2	1	1	NA	NA	NA	NA	NA	NA	NA	3	1	2	2	1	1	NA	NA	NA	3	1	2
1	161947496	161947516	3	2	1	2	d	4	1.47	0.72	0.05	0.1	3	1	2	2	1	1	NA	NA	NA	NA	NA	NA	NA	NA	NA	NA	2	1	1	NA	NA	NA	3	1	2
1	161947517	164519638	3	2	1	2	d	5	1.47	0.72	0.0407035987573	0.19237764961	3	1	2	2	1	1	NA	NA	NA	NA	NA	NA	NA	3	1	2	2	1	1	NA	NA	NA	3	1	2
1	164519639	164519672	3	2	1	2	d	4	1.47	0.72	0.05	0.1	3	1	2	2	1	1	NA	NA	NA	NA	NA	NA	NA	NA	NA	NA	2	1	1	NA	NA	NA	3	1	2
1	164519673	165597700	3	2	1	2	d	4	1.47	0.72	0.0393701932061	0.174727973972	2.864745	0.954228396	1.91051664	2	1	1	NA	NA	NA	NA	NA	NA	NA	3	1	2	2	1	1	NA	NA	NA	3	1	2
1	165597701	181239490	3	2	1	2	d	5	1.47	0.72	0.0432486839571	0.19029329066	3	1	2	2	1	1	NA	NA	NA	NA	NA	NA	NA	3	1	2	2	1	1	NA	NA	NA	3	1	2
1	181239491	181239539	3	2	1	2	d	4	1.47	0.72	0.05	0.1	3	1	2	2	1	1	NA	NA	NA	NA	NA	NA	NA	NA	NA	NA	2	1	1	NA	NA	NA	3	1	2
1	181239540	182151216	3	2	1	2	d	4	1.47	0.72	0.0424214075794	0.169327131245	2.870718	0.9970733	1.87364515	2	1	1	NA	NA	NA	NA	NA	NA	NA	3	1	2	2	1	1	NA	NA	NA	3	1	2
1	182151217	182151240	3	2	1	2	d	2	1.47	0.72	0.05	0.1	2.870718	0.9970733	1.87364515	1	0	0.733380269670593	1	1	0.266619730329407	NA	0	0.733380269670593	0.733380269670593	NA	NA	NA	2	1	1	NA	NA	NA	3	1	2
1	182151241	247249600	3	2	1	2	d	5	1.47	0.72	0.0438916009786	0.220578533763	3	1	2	2	1	1	NA	NA	NA	NA	NA	NA	NA	3	1	2	2	1	1	NA	NA	NA	3	1	2
1	247249601	249250620	3	2	1	2	d	4	NA	NA	NA	NA	2.752453	0.913587532	1.83886583	2	1	1	NA	NA	NA	NA	NA	NA	NA	3	1	2	2	1	1	NA	NA	NA	3	1	2
2	47281	90499999	2	1	1	3	a	6	1	1	0.0338911017235	0.213713494219	2	1	1	1	1	1	NA	NA	NA	NA	NA	NA	NA	2	1	1	1	1	1	NA	NA	NA	2	1	1
2	90500000	96799999	2	1	1	3	a	6	1	1	0.0307214956235	0.302470317377	2	1	1	1	1	1	NA	NA	NA	NA	NA	NA	NA	2	1	1	1	1	1	NA	NA	NA	2	1	1
2	96800000	124378519	2	1	1	3	a	6	1	1	0.0318123677357	0.230435993023	2	1	1	1	1	1	NA	NA	NA	NA	NA	NA	NA	2	1	1	1	1	1	NA	NA	NA	2	1	1
2	124378520	124378561	2	1	1	3	b	5	1	1	0.05	0.1	2	1	1	1	1	1	NA	NA	NA	NA	NA	NA	NA	NA	NA	NA	1	1	1	NA	NA	NA	2	1	1
2	124378562	146644265	2	1	1	3	a	6	1	1	0.0324147796392	0.221572349422	2	1	1	1	1	1	NA	NA	NA	NA	NA	NA	NA	2	1	1	1	1	1	NA	NA	NA	2	1	1
2	146644266	146644321	2	1	1	3	b	5	1	1	0.05	0.1	2	1	1	1	1	1	NA	NA	NA	NA	NA	NA	NA	NA	NA	NA	1	1	1	NA	NA	NA	2	1	1
2	146644322	157426456	2	1	1	3	a	6	1	1	0.0306179998623	0.199621024395	2	1	1	1	1	1	NA	NA	NA	NA	NA	NA	NA	2	1	1	1	1	1	NA	NA	NA	2	1	1
2	157426457	157426489	2	1	1	3	b	5	1	1	0.05	0.1	2	1	1	1	1	1	NA	NA	NA	NA	NA	NA	NA	NA	NA	NA	1	1	1	NA	NA	NA	2	1	1
2	157426490	160759139	2	1	1	3	a	6	1	1	0.0303172547588	0.207552790138	2	1	1	1	1	1	NA	NA	NA	NA	NA	NA	NA	2	1	1	1	1	1	NA	NA	NA	2	1	1
2	160759140	160759167	2	1	1	3	b	5	1	1	0.05	0.1	2	1	1	1	1	1	NA	NA	NA	NA	NA	NA	NA	NA	NA	NA	1	1	1	NA	NA	NA	2	1	1
2	160759168	165589034	2	1	1	3	a	6	1	1	0.0304321703181	0.198467915703	2	1	1	1	1	1	NA	NA	NA	NA	NA	NA	NA	2	1	1	1	1	1	NA	NA	NA	2	1	1
2	165589035	166064075	3	2	1	2	d	2	1.62	1	0.0466325734997	0.215071761766	2.75392	1.117428351	1.63649214	1	1	0.4974037312747	2	1	0.5025962687253	0.0231923165207407	0.0224322228669389	0.466521116705379	0.556925540298336	3	1	2	2	1	0.471565	1	1	0.528435	3	1	2
2	166064076	174710635	2	1	1	3	a	6	1	1	0.0315477150754	0.196096411464	2	1	1	1	1	1	NA	NA	NA	NA	NA	NA	NA	2	1	1	1	1	1	NA	NA	NA	2	1	1
2	174710636	174710676	2	1	1	3	b	5	1	1	0.05	0.1	2	1	1	1	1	1	NA	NA	NA	NA	NA	NA	NA	NA	NA	NA	1	1	1	NA	NA	NA	2	1	1
2	174710677	177113980	2	1	1	3	a	6	1	1	0.033504649508	0.183006376304	2	1	1	1	1	1	NA	NA	NA	NA	NA	NA	NA	2	1	1	1	1	1	NA	NA	NA	2	1	1
2	177113981	177114023	2	1	1	3	b	5	1	1	0.05	0.1	2	1	1	1	1	1	NA	NA	NA	NA	NA	NA	NA	NA	NA	NA	1	1	1	NA	NA	NA	2	1	1
2	177114024	178931462	2	1	1	3	a	6	1	1	0.0364137851293	0.202671425199	2	1	1	1	1	1	NA	NA	NA	NA	NA	NA	NA	2	1	1	1	1	1	NA	NA	NA	2	1	1
2	178931463	179577612	1	1	0	3	a	6	1	0	0.0514215579157	0.121370056541	1	0	1	1	0	1	NA	NA	NA	NA	NA	NA	NA	1	0	1	1	0	1	NA	NA	NA	1	0	1
2	179577613	180131795	2	1	1	2	d	5	0.93	0.93	0.0243920414945	0.257930248378	2	1	1	1	1	1	NA	NA	NA	NA	NA	NA	NA	2	1	1	1	1	1	NA	NA	NA	2	1	1
2	180131796	180131818	2	1	1	2	d	4	0.93	0.93	0.05	0.1	2	1	1	1	1	1	NA	NA	NA	NA	NA	NA	NA	NA	NA	NA	1	1	1	NA	NA	NA	2	1	1
2	180131819	181570787	2	1	1	2	d	5	0.93	0.93	0.0290637567959	0.242860684078	2	1	1	1	1	1	NA	NA	NA	NA	NA	NA	NA	2	1	1	1	1	1	NA	NA	NA	2	1	1
2	181570788	181638981	1	1	0	3	a	6	1	0	0.05	0.136662328319	1	0	1	1	0	1	NA	NA	NA	NA	NA	NA	NA	1	0	1	1	0	1	NA	NA	NA	1	0	1
2	181638982	182183153	2	1	1	3	a	6	1	1	0.0304490766467	0.177634514354	2	1	1	1	1	1	NA	NA	NA	NA	NA	NA	NA	2	1	1	1	1	1	NA	NA	NA	2	1	1
2	182183154	182183184	2	1	1	3	b	5	1	1	0.05	0.1	2	1	1	1	1	1	NA	NA	NA	NA	NA	NA	NA	NA	NA	NA	1	1	1	NA	NA	NA	2	1	1
2	182183185	182220622	2	1	1	2	d	5	1	1	0.05	0.1	2.100292	1.050146045	1.05014605	1	1	1	NA	NA	NA	NA	NA	NA	NA	2	1	1	1	1	1	NA	NA	NA	2	1	1
2	182220623	185065913	2	1	1	3	a	6	1	1	0.0311960912308	0.231252297009	2	1	1	1	1	1	NA	NA	NA	NA	NA	NA	NA	2	1	1	1	1	1	NA	NA	NA	2	1	1
2	185065914	188194234	1	1	0	2	d	5	1.12	0	0.055758489018	0.168074262997	1	0	1	1	0	1	NA	NA	NA	NA	NA	NA	NA	1	0	1	1	0	1	NA	NA	NA	1	0	1
2	188194235	196223905	2	1	1	3	a	6	1	1	0.0326272710628	0.232253149847	2	1	1	1	1	1	NA	NA	NA	NA	NA	NA	NA	2	1	1	1	1	1	NA	NA	NA	2	1	1
2	196223906	196223936	2	1	1	3	b	5	1	1	0.05	0.1	2	1	1	1	1	1	NA	NA	NA	NA	NA	NA	NA	NA	NA	NA	1	1	1	NA	NA	NA	2	1	1
2	196223937	198129108	2	1	1	3	a	6	1	1	0.0278875261657	0.172374422619	2	1	1	1	1	1	NA	NA	NA	NA	NA	NA	NA	2	1	1	1	1	1	NA	NA	NA	2	1	1
2	198129109	198129136	2	1	1	3	b	5	1	1	0.05	0.1	2	1	1	1	1	1	NA	NA	NA	NA	NA	NA	NA	NA	NA	NA	1	1	1	NA	NA	NA	2	1	1
2	198129137	198346311	2	1	1	3	a	6	1	1	0.0207677781448	0.217487482129	2	1	1	1	1	1	NA	NA	NA	NA	NA	NA	NA	2	1	1	1	1	1	NA	NA	NA	2	1	1
2	198346312	198346349	2	1	1	3	b	5	1	1	0.05	0.1	2	1	1	1	1	1	NA	NA	NA	NA	NA	NA	NA	NA	NA	NA	1	1	1	NA	NA	NA	2	1	1
2	198346350	198380537	2	1	1	3	b	5	1	1	0.05	0.1	NA	NA	NA	1	1	1	NA	NA	NA	NA	NA	NA	NA	2	1	1	1	1	1	NA	NA	NA	2	1	1
2	198380538	198380563	2	1	1	2	d	4	1	1	0.05	0.1	NA	NA	NA	1	1	1	NA	NA	NA	NA	NA	NA	NA	NA	NA	NA	1	1	1	NA	NA	NA	2	1	1
2	198380564	198664987	2	1	1	3	a	6	1	1	0.0251246915265	0.144370250109	2	1	1	1	1	1	NA	NA	NA	NA	NA	NA	NA	2	1	1	1	1	1	NA	NA	NA	2	1	1
2	198664988	202232698	1	1	0	3	a	6	1	0	0.0535666665465	0.122736283185	1	0	1	1	0	1	NA	NA	NA	NA	NA	NA	NA	1	0	1	1	0	1	NA	NA	NA	1	0	1
2	202232699	203404683	2	1	1	3	a	6	1	1	0.0332205677035	0.201966386448	2	1	1	1	1	1	NA	NA	NA	NA	NA	NA	NA	2	1	1	1	1	1	NA	NA	NA	2	1	1
2	203404684	204698018	2	1	1	3	a	6	1	1	0.0255776759083	0.227705100181	2	1	1	1	1	1	NA	NA	NA	NA	NA	NA	NA	2	1	1	1	1	1	NA	NA	NA	2	1	1
2	204698019	204698029	2	1	1	3	b	5	1	1	0.05	0.1	2	1	1	1	1	1	NA	NA	NA	NA	NA	NA	NA	NA	NA	NA	1	1	1	NA	NA	NA	2	1	1
2	204698030	205130080	2	1	1	3	a	6	1	1	0.0277343450528	0.164328205406	2	1	1	1	1	1	NA	NA	NA	NA	NA	NA	NA	2	1	1	1	1	1	NA	NA	NA	2	1	1
2	205130081	205160466	2	1	1	3	b	6	1	1	0.05	0.1	2	1	1	1	1	1	NA	NA	NA	NA	NA	NA	NA	2	1	1	1	1	1	NA	NA	NA	1	0	1
2	205160467	205160498	2	1	1	2	d	4	1	1	0.05	0.1	NA	NA	NA	1	1	1	NA	NA	NA	NA	NA	NA	NA	NA	NA	NA	1	1	1	NA	NA	NA	2	1	1
2	205160499	208180076	2	1	1	3	a	6	1	1	0.0314739573919	0.18517410961	2	1	1	1	1	1	NA	NA	NA	NA	NA	NA	NA	2	1	1	1	1	1	NA	NA	NA	2	1	1
2	208180077	218937455	1	1	0	3	a	6	1	0	0.0553822969218	0.150560208555	1	0	1	1	0	1	NA	NA	NA	NA	NA	NA	NA	1	0	1	1	0	1	NA	NA	NA	1	0	1
2	218937456	220194104	2	1	1	3	a	6	1	1	0.0320068162896	0.173794251736	2	1	1	1	1	1	NA	NA	NA	NA	NA	NA	NA	2	1	1	1	1	1	NA	NA	NA	2	1	1
2	220194105	220199991	2	1	1	1	g	NA	1	1	0.05	0.1	2	1	1	1	0	1	NA	NA	NA	NA	NA	NA	NA	1	0	1	1	1	1	NA	NA	NA	1	0	1
2	220199992	220318373	2	1	1	3	b	5	1	1	0.05	0.207799526719	NA	NA	NA	1	1	1	NA	NA	NA	NA	NA	NA	NA	2	1	1	1	1	1	NA	NA	NA	2	1	1
2	220318374	222019777	1	1	0	3	a	6	1	0	0.0539087503567	0.142366855867	1	0	1	1	0	1	NA	NA	NA	NA	NA	NA	NA	1	0	1	1	0	1	NA	NA	NA	1	0	1
2	222019778	223559844	2	1	1	3	a	6	1	1	0.0327559015175	0.190868447707	2	1	1	1	1	1	NA	NA	NA	NA	NA	NA	NA	2	1	1	1	1	1	NA	NA	NA	2	1	1
2	223559845	223559858	2	1	1	3	b	5	1	1	0.05	0.1	2	1	1	1	1	1	NA	NA	NA	NA	NA	NA	NA	NA	NA	NA	1	1	1	NA	NA	NA	2	1	1
2	223559859	225215061	2	1	1	3	a	6	1	1	0.0336409895978	0.2410500823	2	1	1	1	1	1	NA	NA	NA	NA	NA	NA	NA	2	1	1	1	1	1	NA	NA	NA	2	1	1
2	225215062	225215083	2	1	1	3	b	5	1	1	0.05	0.1	2	1	1	1	1	1	NA	NA	NA	NA	NA	NA	NA	NA	NA	NA	1	1	1	NA	NA	NA	2	1	1
2	225215084	225464381	2	1	1	3	a	6	1	1	0.0257973405815	0.153748505659	2	1	1	1	1	1	NA	NA	NA	NA	NA	NA	NA	2	1	1	1	1	1	NA	NA	NA	2	1	1
2	225464382	225464418	2	1	1	3	b	5	1	1	0.05	0.1	2	1	1	1	1	1	NA	NA	NA	NA	NA	NA	NA	NA	NA	NA	1	1	1	NA	NA	NA	2	1	1
2	225464419	225481196	2	1	1	2	d	3	1	1	0.05	0.1	NA	NA	NA	1	1	1	NA	NA	NA	NA	NA	NA	NA	NA	NA	NA	1	1	1	NA	NA	NA	1	0	1
2	225481197	225481221	2	1	1	2	d	4	1	1	0.05	0.1	NA	NA	NA	1	1	1	NA	NA	NA	NA	NA	NA	NA	NA	NA	NA	1	1	1	NA	NA	NA	2	1	1
2	225481222	242985695	2	1	1	3	a	6	1	1	0.0322643792989	0.235149501416	2	1	1	1	1	1	NA	NA	NA	NA	NA	NA	NA	2	1	1	1	1	1	NA	NA	NA	2	1	1
3	100074	48622917	1	1	0	2	d	5	1.07	0	0.0546561706068	0.169275189083	1	0	1	1	0	1	NA	NA	NA	NA	NA	NA	NA	1	0	1	1	0	1	NA	NA	NA	1	0	1
3	48622918	48864483	1	1	0	2	d	5	1.07	0	0.05	0.124146329194	1	0	1	1	0	1	NA	NA	NA	NA	NA	NA	NA	1	0	1	1	0	1	NA	NA	NA	1	0	1
3	48864484	86982845	1	1	0	2	d	5	1.07	0	0.0540618533082	0.134473789297	1	0	1	1	0	1	NA	NA	NA	NA	NA	NA	NA	1	0	1	1	0	1	NA	NA	NA	1	0	1
3	86982846	93899999	NA	NA	NA	NA	NA	NA	1	1	0.0327348789081	0.215362599558	2	1	1	1	1	1	NA	NA	NA	NA	NA	NA	NA	2	1	1	1	1	1	NA	NA	NA	2	1	1
3	93900000	117091178	2	1	1	3	a	6	1	1	0.0334202632895	0.203616571779	2	1	1	1	1	1	NA	NA	NA	NA	NA	NA	NA	2	1	1	1	1	1	NA	NA	NA	2	1	1
3	117091179	142273571	2	1	1	3	a	6	1	1	0.0317142787525	0.195111076659	2	1	1	1	1	1	NA	NA	NA	NA	NA	NA	NA	2	1	1	1	1	1	NA	NA	NA	2	1	1
3	142273572	142275012	1	1	0	2	d	3	NA	NA	NA	NA	2	1	1	1	0	1	NA	NA	NA	NA	NA	NA	NA	1	0	1	1	1	1	NA	NA	NA	1	0	1
3	142275013	142275039	1	1	0	2	d	2	NA	NA	NA	NA	NA	NA	NA	NA	NA	NA	NA	NA	NA	NA	NA	NA	NA	1	0	1	1	1	1	NA	NA	NA	1	0	1
3	142275040	142275883	2	1	1	1	g	NA	NA	NA	NA	NA	NA	NA	NA	NA	NA	NA	NA	NA	NA	NA	NA	NA	NA	NA	NA	NA	1	1	1	NA	NA	NA	1	0	1
3	142275884	149805453	4	3	1	2	d	5	3.07	1	0.0363203182656	0.370282193611	4	1	3	3	1	1	NA	NA	NA	NA	NA	NA	NA	4	1	3	3	1	1	NA	NA	NA	4	1	3
3	149805454	149811135	3	2	1	2	d	3	3.07	1	0.05	0.1	4	1	3	2	1	1	NA	NA	NA	NA	NA	NA	NA	NA	NA	NA	2	1	1	NA	NA	NA	3	1	2
3	149811136	149812817	3	2	1	1	g	NA	2	1	0.05	0.1	NA	NA	NA	3	1	1	NA	NA	NA	NA	NA	NA	NA	1	0	1	2	1	1	NA	NA	NA	4	1	3
3	149812818	150055102	3	2	1	3	a	6	2	1	0.0355522021991	0.222241748971	3	1	2	2	1	1	NA	NA	NA	NA	NA	NA	NA	3	1	2	2	1	1	NA	NA	NA	3	1	2
3	150055103	150057342	3	2	1	2	d	4	2	1	0.05	0.1	3	1	2	NA	NA	NA	NA	NA	NA	NA	NA	NA	NA	NA	NA	NA	2	1	1	NA	NA	NA	3	1	2
3	150057343	150060336	4	3	1	1	g	NA	2	1	0.05	0.1	NA	NA	NA	NA	NA	NA	NA	NA	NA	NA	NA	NA	NA	NA	NA	NA	3	1	1	NA	NA	NA	NA	NA	NA
3	150060337	195357499	4	3	1	2	d	5	3.07	1	0.0379456054152	0.361981017601	4	1	3	3	1	1	NA	NA	NA	NA	NA	NA	NA	4	1	3	3	1	1	NA	NA	NA	4	1	3
3	195357500	198022429	4	3	1	2	d	5	3.07	1	0.0350877528203	0.518828887836	4	1	3	3	1	1	NA	NA	NA	NA	NA	NA	NA	4	1	3	3	1	1	NA	NA	NA	4	1	3
4	29975	15155216	1	1	0	2	d	5	1.12	0	0.0535915199433	0.173179730755	1	0	1	1	0	1	NA	NA	NA	NA	NA	NA	NA	1	0	1	1	0	1	NA	NA	NA	1	0	1
4	15155217	15188794	0	0	0	2	d	3	0	0	0.05	0.1	0.215043	0.107521539	0.10752154	0	0	0.940651669737553	1	0	0.0593483302624471	0.0324597732625534	0.0334711293838922	0.861304511166341	0.995598414791594	1	0	1	0	0	1	NA	NA	NA	0	0	0
4	15188795	15200316	1	1	0	2	d	5	1	0	0.05	0.1	0.215043	0.107521539	0.10752154	1	0	1	NA	NA	NA	NA	NA	NA	NA	1	0	1	1	0	1	NA	NA	NA	1	0	1
4	15200317	15241065	1	1	0	3	a	6	1	0	0.05	0.1	1	0	1	1	0	1	NA	NA	NA	NA	NA	NA	NA	1	0	1	1	0	1	NA	NA	NA	1	0	1
4	15241066	15251218	1	1	0	2	d	3	0.61	0.53	0.05	0.1	1	0	1	0	0	1	NA	NA	NA	NA	NA	NA	NA	1	0	1	1	0	1	NA	NA	NA	0	0	0
4	15251219	15289369	1	1	0	2	d	4	0.61	0.53	0.05	0.1	NA	NA	NA	1	0	1	NA	NA	NA	NA	NA	NA	NA	1	0	1	1	0	1	NA	NA	NA	1	0	1
4	15289370	15289470	1	1	0	2	d	3	NA	NA	NA	NA	NA	NA	NA	NA	NA	NA	NA	NA	NA	NA	NA	NA	NA	1	0	1	1	0	1	NA	NA	NA	1	0	1
4	15289471	15290407	1	1	0	2	d	2	NA	NA	NA	NA	NA	NA	NA	NA	NA	NA	NA	NA	NA	NA	NA	NA	NA	1	0	1	1	0	1	NA	NA	NA	NA	NA	NA
4	15290408	15290588	1	1	0	2	d	2	NA	NA	NA	NA	NA	NA	NA	NA	NA	NA	NA	NA	NA	NA	NA	NA	NA	1	0	1	1	0	1	NA	NA	NA	NA	NA	NA
4	15290589	15291008	1	1	0	2	d	2	NA	NA	NA	NA	NA	NA	NA	NA	NA	NA	NA	NA	NA	NA	NA	NA	NA	1	0	1	1	0	1	NA	NA	NA	NA	NA	NA
4	15291009	15320935	0	0	0	2	d	3	0	0	0.05	0.1	NA	NA	NA	0	0	1	NA	NA	NA	NA	NA	NA	NA	1	0	1	1	0	1	NA	NA	NA	0	0	0
4	15320936	15321427	1	1	0	1	g	NA	0	0	0.05	0.1	NA	NA	NA	NA	NA	NA	NA	NA	NA	NA	NA	NA	NA	1	0	1	1	0	1	NA	NA	NA	0	0	0
4	15321428	15331963	1	1	0	1	g	NA	0	0	0.05	0.1	NA	NA	NA	0	0	0.799955197132617	1	0	0.200044802867383	NA	0	0.799955197132617	0.799955197132617	1	0	1	1	0	1	NA	NA	NA	0	0	0
4	15331964	21002715	1	1	0	2	d	5	1.12	0	0.0566618923498	0.148338758248	1	0	1	1	0	1	NA	NA	NA	NA	NA	NA	NA	1	0	1	1	0	1	NA	NA	NA	1	0	1
4	21002716	21521029	0	0	0	3	b	6	0	0	0.0536336324519	0.0677149412662	0	0	0	0	0	1	NA	NA	NA	NA	NA	NA	NA	1	0	1	0	0	1	NA	NA	NA	0	0	0
4	21521030	48199999	1	1	0	2	d	5	1.17	0	0.0570467432221	0.153865676168	1	0	1	1	0	1	NA	NA	NA	NA	NA	NA	NA	1	0	1	1	0	1	NA	NA	NA	1	0	1
4	48200000	52699999	1	1	0	2	d	4	1.17	0	0.0558213323345	0.508338089673	1	0	1	NA	NA	NA	NA	NA	NA	NA	NA	NA	NA	1	0	1	1	0	1	NA	NA	NA	1	0	1
4	52700000	69382086	1	1	0	2	d	5	1.17	0	0.0525870595413	0.145157826313	1	0	1	1	0	1	NA	NA	NA	NA	NA	NA	NA	1	0	1	1	0	1	NA	NA	NA	1	0	1
4	69382087	149985569	1	1	0	2	d	5	1.17	0	0.0558102458902	0.152343268447	1	0	1	1	0	1	NA	NA	NA	NA	NA	NA	NA	1	0	1	1	0	1	NA	NA	NA	1	0	1
4	149985570	149987143	1	1	0	2	d	4	NA	NA	NA	NA	1	0	1	0	0	0.0881113993723501	1	0	0.91188860062765	0.00259798445282368	0.00187569717831648	0.0855094726062441	0.0907054415118909	1	0	1	1	0	1	NA	NA	NA	1	0	1
4	149987144	156332251	1	1	0	2	d	5	1.17	0	0.0567871411136	0.145837139248	1	0	1	1	0	1	NA	NA	NA	NA	NA	NA	NA	1	0	1	1	0	1	NA	NA	NA	1	0	1
4	156332252	156553575	1	1	0	2	d	3	1.17	0	0.0437748890593	0.135842865367	1.19004	0.032171528	1.15786825	1	0	0.861283429831813	2	0	0.138716570168187	0.04544020478236	0.0432743297434046	0.807827284197634	0.972606172574718	1	0	1	1	0	1	NA	NA	NA	1	0	1
4	156553576	187456446	1	1	0	2	d	5	1.17	0	0.0558503833665	0.161177224713	1	0	1	1	0	1	NA	NA	NA	NA	NA	NA	NA	1	0	1	1	0	1	NA	NA	NA	1	0	1
4	187456447	187456628	1	1	0	3	b	5	NA	NA	NA	NA	1	0	1	1	0	1	NA	NA	NA	NA	NA	NA	NA	1	0	1	1	0	1	NA	NA	NA	1	0	1
4	187456629	191154275	1	1	0	2	d	5	1.17	0	0.0557656202832	0.159746102312	1	0	1	1	0	1	NA	NA	NA	NA	NA	NA	NA	1	0	1	1	0	1	NA	NA	NA	1	0	1
5	22500	46099999	3	2	1	2	d	3	1.69	0.93	0.0467507364906	0.245936151439	2.788796	0.974336021	1.81446042	1	1	0.130454815246979	2	1	0.869545184753021	0.0031307210538007	0.0030302774515604	0.12442706983085	0.136392128768714	3	1	2	2	1	1	NA	NA	NA	3	1	2
5	46100000	50699999	NA	NA	NA	NA	NA	NA	1	1	0.0638757907793	0.682708121631	2.383477	1.191738647	1.19173865	NA	NA	NA	NA	NA	NA	NA	NA	NA	NA	2	1	1	1	1	1	NA	NA	NA	2	1	1
5	50700000	51595413	1	1	0	2	d	2	1	0.31	0.0563195907646	0.141896570037	1.219938	0.225477932	0.99445999	1	0	0.787550403225805	1	1	0.212449596774195	0.00889378761679627	0.00895985925190449	0.768883143442722	0.804103052717439	1	0	1	1	0	0.78502	1	1	0.21498	1	0	1
5	51595414	180689978	1	1	0	2	d	5	1.17	0	0.0545034661976	0.183452834818	1	0	1	1	0	1	NA	NA	NA	NA	NA	NA	NA	1	0	1	1	0	1	NA	NA	NA	1	0	1
6	229982	58699999	2	1	1	2	d	5	0.88	0.88	0.0359044972053	0.267067438388	2	1	1	1	1	1	NA	NA	NA	NA	NA	NA	NA	2	1	1	1	1	1	NA	NA	NA	2	1	1
6	58700000	63299999	2	1	1	3	a	6	1	1	0.0236382927366	0.317640649546	2	1	1	1	1	1	NA	NA	NA	NA	NA	NA	NA	2	1	1	1	1	1	NA	NA	NA	2	1	1
6	63300000	170899934	2	1	1	3	a	6	1	1	0.0326059842982	0.197724075181	2	1	1	1	1	1	NA	NA	NA	NA	NA	NA	NA	2	1	1	1	1	1	NA	NA	NA	2	1	1
7	40386	16953332	2	1	1	2	d	5	0.93	0.93	0.0339752456861	0.19796779696	2	1	1	1	1	1	NA	NA	NA	NA	NA	NA	NA	2	1	1	1	1	1	NA	NA	NA	2	1	1
7	16953333	17239611	2	1	1	2	d	4	0.93	0.93	0.0245116391974	0.17142588924	2.327751	1.163875516	1.16387552	1	1	1	NA	NA	NA	NA	NA	NA	NA	2	1	1	1	1	1	NA	NA	NA	2	1	1
7	17239612	57999999	2	1	1	2	d	5	0.93	0.93	0.0316864817799	0.179722927897	2	1	1	1	1	1	NA	NA	NA	NA	NA	NA	NA	2	1	1	1	1	1	NA	NA	NA	2	1	1
7	58000000	61699999	2	1	1	3	b	5	1	1	0.05	0.229889057349	2	1	1	1	1	1	NA	NA	NA	NA	NA	NA	NA	NA	NA	NA	1	1	1	NA	NA	NA	2	1	1
7	61700000	158821400	2	1	1	3	a	6	1	1	0.0329727340987	0.214256525683	2	1	1	1	1	1	NA	NA	NA	NA	NA	NA	NA	2	1	1	1	1	1	NA	NA	NA	2	1	1
8	170012	39230024	1	1	0	3	a	6	1	0	0.0558168451609	0.172168397259	1	0	1	1	0	1	NA	NA	NA	NA	NA	NA	NA	1	0	1	1	0	1	NA	NA	NA	1	0	1
8	39230025	43099999	1	1	0	3	a	6	1	0	0.0558915908851	0.144083838861	1	0	1	1	0	1	NA	NA	NA	NA	NA	NA	NA	1	0	1	1	0	1	NA	NA	NA	1	0	1
8	43100000	48099999	NA	NA	NA	NA	NA	NA	1.39	0.68	0.0754765507518	0.75392850063	2.043928	0.652703623	1.39122397	NA	NA	NA	NA	NA	NA	NA	NA	NA	NA	2	1	1	1	0	1	NA	NA	NA	2	1	1
8	48100000	141079366	3	2	1	2	d	5	1.39	0.68	0.0437703640012	0.224529401698	3	1	2	2	1	1	NA	NA	NA	NA	NA	NA	NA	3	1	2	2	1	1	NA	NA	NA	3	1	2
8	141079367	141108530	1	1	0	2	d	4	0.76	0	0.05	0.1	1.114504	0.050551099	1.06395269	1	0	1	NA	NA	NA	NA	NA	NA	NA	1	0	1	1	0	1	NA	NA	NA	1	0	1
8	141108531	146364021	3	2	1	2	d	5	1.39	0.68	0.0409564334591	0.210276893019	3	1	2	2	1	1	NA	NA	NA	NA	NA	NA	NA	3	1	2	2	1	1	NA	NA	NA	3	1	2
9	47500	200100	1	1	0	2	d	3	2	0	0.05	0.1	NA	NA	NA	NA	NA	NA	NA	NA	NA	NA	NA	NA	NA	1	0	1	1	0	1	NA	NA	NA	1	0	1
9	200101	24499139	1	1	0	2	d	5	1.28	0	0.0540006548863	0.15749793423	1	0	1	1	0	1	NA	NA	NA	NA	NA	NA	NA	1	0	1	1	0	1	NA	NA	NA	1	0	1
9	24499140	40035002	1	1	0	2	d	5	1.28	0	0.0546984585194	0.181632020988	1	0	1	1	0	1	NA	NA	NA	NA	NA	NA	NA	1	0	1	1	0	1	NA	NA	NA	1	0	1
9	40035003	47299999	3	3	0	2	e	0	2	0	0.05	0.981845462938	1	0	1	2	0	0.158663947596094	2	1	0.841336052403906	NA	0	0.158663947596094	0.158663947596094	1	0	1	2	0	0.680988	2	1	0.319012	2	0	2
9	47300000	50699999	NA	NA	NA	NA	NA	NA	2	0	0.05	0.1	NA	NA	NA	NA	NA	NA	NA	NA	NA	NA	NA	NA	NA	1	0	1	2	0	0.680988	2	1	0.319012	2	0	2
9	50700000	68239802	2	2	0	2	d	2	2	0	0.05	0.53518989628	NA	NA	NA	NA	NA	NA	NA	NA	NA	NA	NA	NA	NA	NA	NA	NA	2	0	0.680988	2	1	0.319012	2	0	2
9	68239803	86918654	2	2	0	3	a	6	2	0	0.0379725524569	0.227395725861	2	0	2	2	0	1	NA	NA	NA	NA	NA	NA	NA	2	0	2	2	0	1	NA	NA	NA	2	0	2
9	86918655	87395982	3	3	0	2	d	5	3	0	0.0281121221126	0.226877703288	3.118729	0.028231576	3.09049765	3	0	1	NA	NA	NA	NA	NA	NA	NA	3	0	3	3	0	1	NA	NA	NA	3	0	3
9	87395983	140273200	2	2	0	3	a	6	2	0	0.0360348234874	0.215649892145	2	0	2	2	0	1	NA	NA	NA	NA	NA	NA	NA	2	0	2	2	0	1	NA	NA	NA	2	0	2
10	10001	147532	2	1	1	2	d	3	1	1	0.05	0.1	NA	NA	NA	NA	NA	NA	NA	NA	NA	NA	NA	NA	NA	NA	NA	NA	1	1	1	NA	NA	NA	2	1	1
10	147533	4919672	2	1	1	3	a	6	1	1	0.031053565804	0.198675874409	2	1	1	1	1	1	NA	NA	NA	NA	NA	NA	NA	2	1	1	1	1	1	NA	NA	NA	2	1	1
10	4919673	5252612	3	2	1	2	d	2	1.39	1	0.0382928136814	0.280454369959	2.588327	1.098451064	1.48987557	1	1	0.653871543699687	2	1	0.346128456300313	0.0174818842487067	0.0178436237564429	0.612166084518079	0.681291449537593	3	1	2	2	1	0.309226	1	1	0.690774	3	1	2
10	5252613	37999999	2	1	1	3	a	6	1	1	0.0345374774434	0.20732561619	2	1	1	1	1	1	NA	NA	NA	NA	NA	NA	NA	2	1	1	1	1	1	NA	NA	NA	2	1	1
10	38000000	42299999	2	1	1	3	b	5	1	1	0.05	0.204023130999	2	1	1	1	1	1	NA	NA	NA	NA	NA	NA	NA	2	1	1	NA	NA	NA	NA	NA	NA	2	1	1
10	42300000	59792740	2	1	1	3	a	6	1	1	0.0310707254986	0.229438409006	2	1	1	1	1	1	NA	NA	NA	NA	NA	NA	NA	2	1	1	1	1	1	NA	NA	NA	2	1	1
10	59792741	59795453	2	1	1	3	b	5	1	1	0.05	0.1	2	1	1	1	1	1	NA	NA	NA	NA	NA	NA	NA	NA	NA	NA	1	1	1	NA	NA	NA	2	1	1
10	59795454	72162302	2	1	1	3	a	6	1	1	0.032574209646	0.200971495408	2	1	1	1	1	1	NA	NA	NA	NA	NA	NA	NA	2	1	1	1	1	1	NA	NA	NA	2	1	1
10	72162303	72163296	2	1	1	2	d	3	NA	NA	NA	NA	2	1	1	NA	NA	NA	NA	NA	NA	NA	NA	NA	NA	NA	NA	NA	1	1	1	NA	NA	NA	2	1	1
10	72163297	72850901	4	3	1	2	d	5	3	1	0.0332437582799	0.28961628158	3.89999	0.979563572	2.92042649	3	1	1	NA	NA	NA	NA	NA	NA	NA	4	1	3	3	1	1	NA	NA	NA	4	1	3
10	72850902	74265587	3	2	1	3	a	6	2	1	0.0394261732507	0.234513409759	3	1	2	2	1	1	NA	NA	NA	NA	NA	NA	NA	3	1	2	2	1	1	NA	NA	NA	3	1	2
10	74265588	74313259	3	2	1	2	d	4	NA	NA	NA	NA	3	1	2	2	1	1	NA	NA	NA	NA	NA	NA	NA	NA	NA	NA	2	1	1	NA	NA	NA	3	1	2
10	74313260	74614637	3	2	1	2	d	4	NA	NA	NA	NA	NA	NA	NA	2	1	1	NA	NA	NA	NA	NA	NA	NA	3	1	2	2	1	1	NA	NA	NA	3	1	2
10	74614638	74615731	3	2	1	2	d	2	NA	NA	NA	NA	NA	NA	NA	NA	NA	NA	NA	NA	NA	NA	NA	NA	NA	NA	NA	NA	2	1	1	NA	NA	NA	3	1	2
10	74615732	74637716	3	2	1	1	g	NA	NA	NA	NA	NA	NA	NA	NA	NA	NA	NA	NA	NA	NA	NA	NA	NA	NA	1	0	1	2	1	1	NA	NA	NA	NA	NA	NA
10	74637717	74638326	3	2	1	1	g	NA	NA	NA	NA	NA	NA	NA	NA	NA	NA	NA	NA	NA	NA	NA	NA	NA	NA	1	0	1	2	1	1	NA	NA	NA	NA	NA	NA
10	74638327	74657560	3	2	1	2	d	2	2	1	0.05	0.1	NA	NA	NA	1	0	0.87247474747475	2	0	0.12752525252525	NA	0	0.87247474747475	0.87247474747475	NA	NA	NA	2	1	1	NA	NA	NA	1	0	1
10	74657561	75649766	3	2	1	2	d	5	2	1	0.05	0.314332082743	3	1	2	2	1	0.676081579080215	2	2	0.323918420919785	0.141279810884438	0.169440187173446	-0.0806439010500958	0.601700575501988	3	1	2	2	1	1	NA	NA	NA	3	1	2
10	75649767	135389924	1	1	0	3	a	6	1	0	0.0545898997539	0.146358331505	1	0	1	1	0	1	NA	NA	NA	NA	NA	NA	NA	1	0	1	1	0	1	NA	NA	NA	1	0	1
11	20721	190009	2	1	1	2	d	2	0.93	0.93	0.05	0.1	NA	NA	NA	NA	NA	NA	NA	NA	NA	NA	NA	NA	NA	NA	NA	NA	1	1	1	NA	NA	NA	2	1	1
11	190010	17745122	2	1	1	2	d	5	0.93	0.93	0.0320812366216	0.221092924218	2	1	1	1	1	1	NA	NA	NA	NA	NA	NA	NA	2	1	1	1	1	1	NA	NA	NA	2	1	1
11	17745123	17754478	2	1	1	2	e	3	0.93	0.93	0.05	0.1	2	1	1	2	1	1	NA	NA	NA	NA	NA	NA	NA	NA	NA	NA	1	1	1	NA	NA	NA	3	1	2
11	17754479	51599999	2	1	1	2	d	5	0.93	0.93	0.0333777879021	0.198175241981	2	1	1	1	1	1	NA	NA	NA	NA	NA	NA	NA	2	1	1	1	1	1	NA	NA	NA	2	1	1
11	51600000	55699999	2	1	1	2	d	4	0.93	0.93	0.05	0.264215729235	1.840439	0.920219303	0.9202193	1	1	1	NA	NA	NA	NA	NA	NA	NA	2	1	1	1	1	1	NA	NA	NA	2	1	1
11	55700000	134452200	2	1	1	2	d	5	0.93	0.93	0.0339185326298	0.186124648763	2	1	1	1	1	1	NA	NA	NA	NA	NA	NA	NA	2	1	1	1	1	1	NA	NA	NA	2	1	1
12	110107	33299999	2	1	1	3	a	6	1	1	0.0347785301837	0.203883045833	2	1	1	1	1	1	NA	NA	NA	NA	NA	NA	NA	2	1	1	1	1	1	NA	NA	NA	2	1	1
12	33300000	38199999	2	1	1	2	d	4	1	1	0.0363794396664	0.323711735864	1.890964	0.945482029	0.94548203	NA	NA	NA	NA	NA	NA	NA	NA	NA	NA	2	1	1	1	1	1	NA	NA	NA	2	1	1
12	38200000	75867837	2	1	1	3	a	6	1	1	0.0340780231465	0.196605085394	2	1	1	1	1	1	NA	NA	NA	NA	NA	NA	NA	2	1	1	1	1	1	NA	NA	NA	2	1	1
12	75867838	119124246	2	1	1	3	a	6	1	1	0.033195219568	0.198245598816	2	1	1	1	1	1	NA	NA	NA	NA	NA	NA	NA	2	1	1	1	1	1	NA	NA	NA	2	1	1
12	119124247	119124267	1	1	0	2	d	3	1	0	0.05	0.1	2	1	1	NA	NA	NA	NA	NA	NA	NA	NA	NA	NA	1	0	1	1	1	1	NA	NA	NA	1	0	1
12	119124268	133374307	1	1	0	3	a	6	1	0	0.0547387382541	0.129756129459	1	0	1	1	0	1	NA	NA	NA	NA	NA	NA	NA	1	0	1	1	0	1	NA	NA	NA	1	0	1
13	1	16299999	1	1	0	1	h	1	NA	NA	NA	NA	NA	NA	NA	NA	NA	NA	NA	NA	NA	NA	NA	NA	NA	NA	NA	NA	NA	NA	NA	NA	NA	NA	1	0	1
13	16300000	19499999	1	1	0	2	d	3	1	0	0.05	0.218096062168	NA	NA	NA	0	0	0.256976446492573	1	0	0.743023553507427	0.287530996955253	0.0960058916387982	0.703164534334022	1.0779036198097	NA	NA	NA	1	0	1	NA	NA	NA	1	0	1
13	19500000	114142800	1	1	0	3	b	5	1	0	0.0556770849435	0.13539251886	1	0	1	1	0	1	NA	NA	NA	NA	NA	NA	NA	NA	NA	NA	1	0	1	NA	NA	NA	1	0	1
13	114142801	115169877	1	1	0	2	d	4	NA	NA	NA	NA	1	0	1	1	0	1	NA	NA	NA	NA	NA	NA	NA	NA	NA	NA	1	0	1	NA	NA	NA	1	0	1
14	1	16099999	2	1	1	1	h	1	NA	NA	NA	NA	NA	NA	NA	NA	NA	NA	NA	NA	NA	NA	NA	NA	NA	NA	NA	NA	NA	NA	NA	NA	NA	NA	2	1	1
14	16100000	19099999	2	1	1	1	h	1	NA	NA	NA	NA	NA	NA	NA	NA	NA	NA	NA	NA	NA	NA	NA	NA	NA	NA	NA	NA	NA	NA	NA	NA	NA	NA	2	1	1
14	19100000	67068266	2	1	1	2	d	5	1.07	1.07	0.0331329301622	0.211465915604	2	1	1	1	1	1	NA	NA	NA	NA	NA	NA	NA	2	1	1	1	1	1	NA	NA	NA	2	1	1
14	67068267	67514384	1	1	0	2	d	3	1	1	0.05	0.123330952329	2	1	1	1	0	0.894501692552767	1	1	0.105498307447233	0.172238090914854	0.310482988033286	-0.50983477427652	0.700671699278638	1	0	1	1	0	1	NA	NA	NA	1	0	1
14	67514385	106368400	2	1	1	3	a	6	1	1	0.0318188036942	0.24884394349	2	1	1	1	1	1	NA	NA	NA	NA	NA	NA	NA	2	1	1	1	1	1	NA	NA	NA	2	1	1
15	1	15799999	2	1	1	1	h	1	NA	NA	NA	NA	NA	NA	NA	NA	NA	NA	NA	NA	NA	NA	NA	NA	NA	NA	NA	NA	NA	NA	NA	NA	NA	NA	2	1	1
15	15800000	20699999	2	1	1	2	d	2	0.93	0.93	0.05	0.725913762305	NA	NA	NA	1	1	1	NA	NA	NA	NA	NA	NA	NA	NA	NA	NA	1	0	0.723358	1	1	0.276642	2	1	1
15	20700000	92416423	2	1	1	2	d	5	0.93	0.93	0.0321113725216	0.206025516845	2	1	1	1	1	1	NA	NA	NA	NA	NA	NA	NA	2	1	1	1	1	1	NA	NA	NA	2	1	1
15	92416424	92416440	2	1	1	2	d	4	0.93	0.93	0.05	0.1	2	1	1	1	1	1	NA	NA	NA	NA	NA	NA	NA	NA	NA	NA	1	1	1	NA	NA	NA	2	1	1
15	92416441	100338800	2	1	1	2	d	5	0.93	0.93	0.0317831231503	0.187170947759	2	1	1	1	1	1	NA	NA	NA	NA	NA	NA	NA	2	1	1	1	1	1	NA	NA	NA	2	1	1
15	100338801	102531391	2	1	1	3	b	5	NA	NA	NA	NA	2	1	1	1	1	1	NA	NA	NA	NA	NA	NA	NA	2	1	1	1	1	1	NA	NA	NA	2	1	1
16	100010	23000264	1	1	0	3	a	6	1	0	0.055203576204	0.209156694356	1	0	1	1	0	1	NA	NA	NA	NA	NA	NA	NA	1	0	1	1	0	1	NA	NA	NA	1	0	1
16	23000265	34599999	2	1	1	3	a	6	1	1	0.0304888657425	0.25324537857	2	1	1	1	1	1	NA	NA	NA	NA	NA	NA	NA	2	1	1	1	1	1	NA	NA	NA	2	1	1
16	34600000	38599999	2	1	1	3	a	6	1	1	0.05	0.263646301633	2	1	1	1	1	1	NA	NA	NA	NA	NA	NA	NA	2	1	1	1	1	1	NA	NA	NA	2	1	1
16	38600000	88827200	2	1	1	3	a	6	1	1	0.0339426816461	0.231120677065	2	1	1	1	1	1	NA	NA	NA	NA	NA	NA	NA	2	1	1	1	1	1	NA	NA	NA	2	1	1
16	88827201	90354752	2	1	1	3	b	5	NA	NA	NA	NA	2	1	1	1	1	1	NA	NA	NA	NA	NA	NA	NA	2	1	1	1	1	1	NA	NA	NA	2	1	1
17	7	13584023	2	2	0	3	a	6	2	0	0.0353812176172	0.178589758569	2	0	2	2	0	1	NA	NA	NA	NA	NA	NA	NA	2	0	2	2	0	1	NA	NA	NA	2	0	2
17	13584024	20207884	2	2	0	3	a	6	2	0	0.037591746777	0.222079350525	2	0	2	2	0	1	NA	NA	NA	NA	NA	NA	NA	2	0	2	2	0	1	NA	NA	NA	2	0	2
17	20207885	20207917	2	2	0	3	b	5	2	0	0.05	0.1	2	0	2	2	0	1	NA	NA	NA	NA	NA	NA	NA	NA	NA	NA	2	0	1	NA	NA	NA	2	0	2
17	20207918	22199999	2	2	0	2	d	5	2	0	0.0367360976674	0.253352787354	1.870633	0.014013331	1.85661979	2	0	1	NA	NA	NA	NA	NA	NA	NA	2	0	2	2	0	1	NA	NA	NA	2	0	2
17	22200000	25799999	2	2	0	3	b	5	2	0	0.0404941146091	0.240973819989	2	0	2	NA	NA	NA	NA	NA	NA	NA	NA	NA	NA	2	0	2	2	0	1	NA	NA	NA	2	0	2
17	25800000	29458194	2	2	0	3	a	6	2	0	0.0352503422075	0.167637957593	2	0	2	2	0	1	NA	NA	NA	NA	NA	NA	NA	2	0	2	2	0	1	NA	NA	NA	2	0	2
17	29458195	34467499	2	2	0	3	a	6	2	0	0.0413932368634	0.171995694346	2	0	2	2	0	1	NA	NA	NA	NA	NA	NA	NA	2	0	2	2	0	1	NA	NA	NA	2	0	2
17	34467500	73201458	2	2	0	3	a	6	2	0	0.0356191888879	0.206668460235	2	0	2	2	0	1	NA	NA	NA	NA	NA	NA	NA	2	0	2	2	0	1	NA	NA	NA	2	0	2
17	73201459	73471167	2	2	0	3	b	6	2	0	0.05	0.255041584344	2	0	2	2	0	1	NA	NA	NA	NA	NA	NA	NA	2	0	2	2	0	1	NA	NA	NA	3	0	3
17	73471168	78774600	2	2	0	3	a	6	2	0	0.033540197733	0.188245353241	2	0	2	2	0	1	NA	NA	NA	NA	NA	NA	NA	2	0	2	2	0	1	NA	NA	NA	2	0	2
17	78774601	81195209	2	2	0	3	b	5	NA	NA	NA	NA	2	0	2	2	0	1	NA	NA	NA	NA	NA	NA	NA	2	0	2	2	0	1	NA	NA	NA	2	0	2
18	49951	130030	2	1	1	3	b	5	1	1	0.05	0.1	NA	NA	NA	1	1	1	NA	NA	NA	NA	NA	NA	NA	2	1	1	1	1	1	NA	NA	NA	2	1	1
18	130031	5874765	2	1	1	3	a	6	1	1	0.034302119627	0.185406881207	2	1	1	1	1	1	NA	NA	NA	NA	NA	NA	NA	2	1	1	1	1	1	NA	NA	NA	2	1	1
18	5874766	6196983	2	1	1	2	d	3	1	1.12	0.0345214740795	0.198555077464	2.370067	1.025870867	1.34419614	1	1	0.649977598566305	2	1	0.350022401433695	0.0284433806313268	0.028737580735475	0.625936943421511	0.74373100265975	2	1	1	1	1	1	NA	NA	NA	2	1	1
18	6196984	15399999	2	1	1	3	a	6	1	1	0.0342673266352	0.214233792428	2	1	1	1	1	1	NA	NA	NA	NA	NA	NA	NA	2	1	1	1	1	1	NA	NA	NA	2	1	1
18	15400000	18999999	2	1	1	3	a	6	1	1	0.05	0.197243765848	2	1	1	1	1	1	NA	NA	NA	NA	NA	NA	NA	2	1	1	1	1	1	NA	NA	NA	2	1	1
18	19000000	28397978	2	1	1	3	a	6	1	1	0.0313710577005	0.187404303163	2	1	1	1	1	1	NA	NA	NA	NA	NA	NA	NA	2	1	1	1	1	1	NA	NA	NA	2	1	1
18	28397979	51299159	2	1	1	3	a	6	1	1	0.0321096662789	0.21355773044	2	1	1	1	1	1	NA	NA	NA	NA	NA	NA	NA	2	1	1	1	1	1	NA	NA	NA	2	1	1
18	51299160	51299203	2	1	1	3	b	5	1	1	0.05	0.1	2	1	1	1	1	1	NA	NA	NA	NA	NA	NA	NA	NA	NA	NA	1	1	1	NA	NA	NA	2	1	1
18	51299204	51958432	2	1	1	3	a	6	1	1	0.0396405217434	0.185334149118	2	1	1	1	1	1	NA	NA	NA	NA	NA	NA	NA	2	1	1	1	1	1	NA	NA	NA	2	1	1
18	51958433	54380650	1	1	0	3	a	6	1	0	0.0594718410629	0.128957036327	1	0	1	1	0	1	NA	NA	NA	NA	NA	NA	NA	1	0	1	1	0	1	NA	NA	NA	1	0	1
18	54380651	60432718	2	1	1	3	a	6	1	1	0.0325117169597	0.190058063023	2	1	1	1	1	1	NA	NA	NA	NA	NA	NA	NA	2	1	1	1	1	1	NA	NA	NA	2	1	1
18	60432719	60432751	2	1	1	3	b	5	1	1	0.05	0.1	2	1	1	1	1	1	NA	NA	NA	NA	NA	NA	NA	NA	NA	NA	1	1	1	NA	NA	NA	2	1	1
18	60432752	72848956	2	1	1	3	a	6	1	1	0.0330785513576	0.203645557363	2	1	1	1	1	1	NA	NA	NA	NA	NA	NA	NA	2	1	1	1	1	1	NA	NA	NA	2	1	1
18	72848957	72849004	2	1	1	3	b	5	1	1	0.05	0.1	2	1	1	1	1	1	NA	NA	NA	NA	NA	NA	NA	NA	NA	NA	1	1	1	NA	NA	NA	2	1	1
18	72849005	76117000	2	1	1	3	a	6	1	1	0.0331369949692	0.177193233721	2	1	1	1	1	1	NA	NA	NA	NA	NA	NA	NA	2	1	1	1	1	1	NA	NA	NA	2	1	1
18	76117001	78077247	2	1	1	2	d	4	NA	NA	NA	NA	1.894195	0.947097601	0.9470976	1	1	1	NA	NA	NA	NA	NA	NA	NA	2	1	1	1	1	1	NA	NA	NA	2	1	1
19	102500	260136	3	2	1	2	d	4	1.87	1	0.05	0.1	NA	NA	NA	2	1	1	NA	NA	NA	NA	NA	NA	NA	3	1	2	2	1	1	NA	NA	NA	3	1	2
19	260137	8498714	3	2	1	2	d	5	1.87	1	0.044836719028	0.320345530758	3	1	2	2	1	1	NA	NA	NA	NA	NA	NA	NA	3	1	2	2	1	1	NA	NA	NA	3	1	2
19	8498715	10611483	2	2	0	3	a	6	2	0	0.0393036365028	0.193481351408	2	0	2	2	0	1	NA	NA	NA	NA	NA	NA	NA	2	0	2	2	0	1	NA	NA	NA	2	0	2
19	10611484	10622063	2	2	0	2	d	2	NA	NA	NA	NA	2	0	2	0	0	0.911091198725607	1	0	0.0889088012743928	NA	0	0.911091198725607	0.911091198725607	NA	NA	NA	2	0	1	NA	NA	NA	0	0	0
19	10622064	16700581	2	2	0	3	a	6	2	0	0.0346605558646	0.227197397127	2	0	2	2	0	1	NA	NA	NA	NA	NA	NA	NA	2	0	2	2	0	1	NA	NA	NA	2	0	2
19	16700582	16785501	3	3	0	2	d	5	3	0	0.05	0.172551535063	2.888769	0	2.88876916	3	0	1	NA	NA	NA	NA	NA	NA	NA	3	0	3	3	0	1	NA	NA	NA	3	0	3
19	16785502	16800746	2	2	0	2	d	3	NA	NA	NA	NA	2.888769	0	2.88876916	2	0	1	NA	NA	NA	NA	NA	NA	NA	2	0	2	1	0	1	NA	NA	NA	2	0	2
19	16800747	24399999	1	1	0	3	a	6	1	0	0.0558543464027	0.170124389081	1	0	1	1	0	1	NA	NA	NA	NA	NA	NA	NA	1	0	1	1	0	1	NA	NA	NA	1	0	1
19	24400000	28599999	NA	NA	NA	NA	NA	NA	2.32	0.76	0.0383195835088	0.560209046786	3.175156	0.766436901	2.40871889	NA	NA	NA	NA	NA	NA	NA	NA	NA	NA	4	1	3	1	0	1	NA	NA	NA	2	0	2
19	28600000	50436230	4	3	1	2	d	4	2.32	0.76	0.0395588919816	0.328531595073	3.894704	0.990241544	2.90446277	3	1	1	NA	NA	NA	NA	NA	NA	NA	4	1	3	3	1	1	NA	NA	NA	4	1	3
19	50436231	50436261	4	3	1	2	d	2	NA	NA	NA	NA	3.894704	0.990241544	2.90446277	NA	NA	NA	NA	NA	NA	NA	NA	NA	NA	1	0	1	3	1	1	NA	NA	NA	4	1	3
19	50436262	51914799	1	1	0	3	a	6	1	0	0.0565512863151	0.121286635083	1	0	1	1	0	1	NA	NA	NA	NA	NA	NA	NA	1	0	1	1	0	1	NA	NA	NA	1	0	1
19	51914800	51914842	1	1	0	2	d	2	2.32	0.76	0.05	0.1	1	0	1	NA	NA	NA	NA	NA	NA	NA	NA	NA	NA	NA	NA	NA	1	0	1	NA	NA	NA	4	1	3
19	51914843	59128982	4	3	1	2	d	4	2.32	0.76	0.0388280754365	0.456126326364	3.815687	0.97435733	2.84133003	3	1	1	NA	NA	NA	NA	NA	NA	NA	4	1	3	3	1	1	NA	NA	NA	4	1	3
20	17500	22315435	3	2	1	2	d	5	1.47	0.72	0.0429088907361	0.220143599292	3	1	2	2	1	1	NA	NA	NA	NA	NA	NA	NA	3	1	2	2	1	1	NA	NA	NA	3	1	2
20	22315436	22315461	3	2	1	2	d	4	1.47	0.72	0.05	0.1	3	1	2	2	1	1	NA	NA	NA	NA	NA	NA	NA	NA	NA	NA	2	1	1	NA	NA	NA	3	1	2
20	22315462	25599999	3	2	1	2	d	5	1.47	0.72	0.0457017351868	0.225396412162	3	1	2	2	1	1	NA	NA	NA	NA	NA	NA	NA	3	1	2	2	1	1	NA	NA	NA	3	1	2
20	25600000	29399999	3	2	1	2	d	5	1.47	0.72	0.0430604311243	0.270441998964	3	1	2	2	1	1	NA	NA	NA	NA	NA	NA	NA	3	1	2	2	1	1	NA	NA	NA	3	1	2
20	29400000	62432500	3	2	1	2	d	5	1.47	0.72	0.0437891162581	0.21735010526	3	1	2	2	1	1	NA	NA	NA	NA	NA	NA	NA	3	1	2	2	1	1	NA	NA	NA	3	1	2
21	1	10899999	NA	NA	NA	NA	NA	NA	1	1	0.05	0.340448878541	NA	NA	NA	NA	NA	NA	NA	NA	NA	NA	NA	NA	NA	NA	NA	NA	NA	NA	NA	NA	NA	NA	NA	NA	NA
21	10900000	14299999	2	1	1	1	h	1	1	1	0.05	0.407037174198	NA	NA	NA	NA	NA	NA	NA	NA	NA	NA	NA	NA	NA	NA	NA	NA	NA	NA	NA	NA	NA	NA	NA	NA	NA
21	14300000	46937500	2	1	1	3	b	5	1	1	0.0329576320586	0.20360332202	2	1	1	1	1	1	NA	NA	NA	NA	NA	NA	NA	2	1	1	1	1	1	NA	NA	NA	NA	NA	NA
21	46937501	48129894	2	1	1	2	d	4	NA	NA	NA	NA	2	1	1	1	1	1	NA	NA	NA	NA	NA	NA	NA	2	1	1	1	1	1	NA	NA	NA	NA	NA	NA
22	1	12199999	2	1	1	1	h	1	NA	NA	NA	NA	NA	NA	NA	NA	NA	NA	NA	NA	NA	NA	NA	NA	NA	NA	NA	NA	NA	NA	NA	NA	NA	NA	2	1	1
22	12200000	17899999	2	1	1	2	d	5	1	0.88	0.0392407128921	0.286814848413	2	1	1	1	1	1	NA	NA	NA	NA	NA	NA	NA	2	1	1	1	1	1	NA	NA	NA	2	1	1
22	17900000	49687500	2	1	1	2	d	5	0.93	0.93	0.0338643820647	0.209334522166	2	1	1	1	1	1	NA	NA	NA	NA	NA	NA	NA	2	1	1	1	1	1	NA	NA	NA	2	1	1
22	49687501	51304565	2	1	1	3	b	5	NA	NA	NA	NA	2	1	1	1	1	1	NA	NA	NA	NA	NA	NA	NA	2	1	1	1	1	1	NA	NA	NA	2	1	1
X	1	11952983	2	1	1	3	a	5	1	1	0.0382455264893	0.311716523453	2	1	1	1	1	1	NA	NA	NA	NA	NA	NA	NA	2	1	1	NA	NA	NA	NA	NA	NA	2	1	1
X	11952984	11953292	2	1	1	3	b	4	1	1	0.05	0.1	2	1	1	1	1	1	NA	NA	NA	NA	NA	NA	NA	NA	NA	NA	NA	NA	NA	NA	NA	NA	2	1	1
X	11953293	41226729	2	1	1	3	a	5	1	1	0.0321383847338	0.326486857819	2	1	1	1	1	1	NA	NA	NA	NA	NA	NA	NA	2	1	1	NA	NA	NA	NA	NA	NA	2	1	1
X	41226730	41228990	2	1	1	3	b	4	1	1	0.05	0.1	2	1	1	1	1	1	NA	NA	NA	NA	NA	NA	NA	NA	NA	NA	NA	NA	NA	NA	NA	NA	2	1	1
X	41228991	42900793	2	1	1	3	a	5	1	1	0.030378202171	0.235313820578	2	1	1	1	1	1	NA	NA	NA	NA	NA	NA	NA	2	1	1	NA	NA	NA	NA	NA	NA	2	1	1
X	42900794	58099999	2	1	1	3	a	5	1	1	0.0343454983193	0.208819323564	2	1	1	1	1	1	NA	NA	NA	NA	NA	NA	NA	2	1	1	NA	NA	NA	NA	NA	NA	2	1	1
X	58100000	62999999	2	1	1	2	d	3	1	1	0.05	0.386013073612	1.856716	0.928358173	0.92835817	NA	NA	NA	NA	NA	NA	NA	NA	NA	NA	2	1	1	NA	NA	NA	NA	NA	NA	2	1	1
X	63000000	154913600	2	1	1	3	a	5	1	1	0.0365801422036	0.219713464638	2	1	1	1	1	1	NA	NA	NA	NA	NA	NA	NA	2	1	1	NA	NA	NA	NA	NA	NA	2	1	1
