chromosome	start	end	total_cn	major_cn	minor_cn	star	level	methods_agree	absolute_broad_major_cn	absolute_broad_minor_cn	absolute_broad_het_error	absolute_broad_cov_error	aceseq_copy_number	aceseq_minor_cn	aceseq_major_cn	battenberg_nMaj1_A	battenberg_nMin1_A	battenberg_frac1_A	battenberg_nMaj2_A	battenberg_nMin2_A	battenberg_frac2_A	battenberg_SDfrac_A	battenberg_SDfrac_A_BS	battenberg_frac1_A_0.025	battenberg_frac1_A_0.975	clonehd_copy_number	clonehd_minor_cn	clonehd_major_cn	sclust_nMaj1_A	sclust_nMin1_A	sclust_frac1_A	sclust_nMaj2_A	sclust_nMin2_A	sclust_frac2_A	jabba_copy_number	jabba_minor_cn	jabba_major_cn
1	10001	790053	1	1	0	2	d	4	NA	NA	NA	NA	NA	NA	NA	1	0	1	NA	NA	NA	NA	NA	NA	NA	1	0	1	1	0	1	NA	NA	NA	1	0	1
1	790054	12060941	1	1	0	3	a	6	1	0	0.0713267956075	0.103522458	1	0	1	1	0	1	NA	NA	NA	NA	NA	NA	NA	1	0	1	1	0	1	NA	NA	NA	1	0	1
1	12060942	15359177	2	1	1	3	a	6	1	1	0.0467419260575	0.115962810197	2	1	1	1	1	1	NA	NA	NA	NA	NA	NA	NA	2	1	1	1	1	1	NA	NA	NA	2	1	1
1	15359178	15360858	2	1	1	3	b	5	1	1	0.05	0.1	2	1	1	1	1	1	NA	NA	NA	NA	NA	NA	NA	NA	NA	NA	1	1	1	NA	NA	NA	2	1	1
1	15360859	106226190	2	1	1	3	a	6	1	1	0.0401377094301	0.082105340208	2	1	1	1	1	1	NA	NA	NA	NA	NA	NA	NA	2	1	1	1	1	1	NA	NA	NA	2	1	1
1	106226191	106231216	2	1	1	3	a	6	1	1	0.05	0.1	2	1	1	1	1	1	NA	NA	NA	NA	NA	NA	NA	2	1	1	1	1	1	NA	NA	NA	2	1	1
1	106231217	121499999	2	1	1	3	a	6	1	1	0.0402580910741	0.100302686569	2	1	1	1	1	1	NA	NA	NA	NA	NA	NA	NA	2	1	1	1	1	1	NA	NA	NA	2	1	1
1	121500000	128899999	2	1	1	2	d	3	NA	NA	NA	NA	2	1	1	NA	NA	NA	NA	NA	NA	NA	NA	NA	NA	1	0	1	1	1	1	NA	NA	NA	2	1	1
1	128900000	143523938	2	1	1	2	d	2	1.71	0.87	0.05	0.390782339418	NA	NA	NA	NA	NA	NA	NA	NA	NA	NA	NA	NA	NA	NA	NA	NA	1	1	1	NA	NA	NA	2	1	1
1	143523939	149652742	3	2	1	2	d	4	1.71	0.87	0.0432273830063	0.208865602574	3	1	2	2	1	1	NA	NA	NA	NA	NA	NA	NA	3	1	2	2	1	1	NA	NA	NA	2	1	1
1	149652743	247247500	3	2	1	2	d	5	1.71	0.87	0.051188190483	0.0884971055363	3	1	2	2	1	1	NA	NA	NA	NA	NA	NA	NA	3	1	2	2	1	1	NA	NA	NA	3	1	2
1	247247501	249250620	3	2	1	3	b	5	NA	NA	NA	NA	3	1	2	2	1	1	NA	NA	NA	NA	NA	NA	NA	3	1	2	2	1	1	NA	NA	NA	3	1	2
2	23368	44201682	2	1	1	3	a	6	1	1	0.0399651880629	0.0869794401714	2	1	1	1	1	1	NA	NA	NA	NA	NA	NA	NA	2	1	1	1	1	1	NA	NA	NA	2	1	1
2	44201683	44203523	2	1	1	3	b	5	1	1	0.05	0.1	2	1	1	1	1	1	NA	NA	NA	NA	NA	NA	NA	NA	NA	NA	1	1	1	NA	NA	NA	2	1	1
2	44203524	90499999	2	1	1	3	a	6	1	1	0.0398462010363	0.0848410059929	2	1	1	1	1	1	NA	NA	NA	NA	NA	NA	NA	2	1	1	1	1	1	NA	NA	NA	2	1	1
2	90500000	96799999	2	1	1	3	b	5	1	1	0.0357565614369	0.150123418	2	1	1	NA	NA	NA	NA	NA	NA	NA	NA	NA	NA	2	1	1	1	1	1	NA	NA	NA	2	1	1
2	96800000	142672998	2	1	1	3	a	6	1	1	0.0403810998765	0.0855208404224	2	1	1	1	1	1	NA	NA	NA	NA	NA	NA	NA	2	1	1	1	1	1	NA	NA	NA	2	1	1
2	142672999	142674965	2	1	1	3	b	5	1	1	0.05	0.1	2	1	1	1	1	1	NA	NA	NA	NA	NA	NA	NA	NA	NA	NA	1	1	1	NA	NA	NA	2	1	1
2	142674966	158766091	2	1	1	3	a	6	1	1	0.0363329450423	0.0769409338365	2	1	1	1	1	1	NA	NA	NA	NA	NA	NA	NA	2	1	1	1	1	1	NA	NA	NA	2	1	1
2	158766092	158767214	2	1	1	3	b	5	1	1	0.05	0.1	2	1	1	1	1	1	NA	NA	NA	NA	NA	NA	NA	NA	NA	NA	1	1	1	NA	NA	NA	2	1	1
2	158767215	242999968	2	1	1	3	a	6	1	1	0.0394984822064	0.0835388518375	2	1	1	1	1	1	NA	NA	NA	NA	NA	NA	NA	2	1	1	1	1	1	NA	NA	NA	2	1	1
3	100074	86954043	2	1	1	3	a	6	1	1	0.0403207268906	0.0827549418835	2	1	1	1	1	1	NA	NA	NA	NA	NA	NA	NA	2	1	1	1	1	1	NA	NA	NA	2	1	1
3	86954044	86972741	2	1	1	2	d	4	1	1	0.05	0.1	1.64028	0.566269254	1.0740107	1	0	0.581975390754908	1	1	0.418024609245092	0.0947869037761575	0.0991851361081782	0.296551824778855	0.670196450760002	2	1	1	1	1	1	NA	NA	NA	2	1	1
3	86972742	93899999	2	1	1	3	a	6	1	1	0.0371702272069	0.0868336457987	2	1	1	1	1	1	NA	NA	NA	NA	NA	NA	NA	2	1	1	1	1	1	NA	NA	NA	2	1	1
3	93900000	105571687	2	1	1	3	a	6	1	1	0.0363730954843	0.0800359358122	2	1	1	1	1	1	NA	NA	NA	NA	NA	NA	NA	2	1	1	1	1	1	NA	NA	NA	2	1	1
3	105571688	105627804	1	1	0	2	d	5	1	0	0.05	0.0717244133308	1.144599	0.053917063	1.090682	1	0	1	NA	NA	NA	NA	NA	NA	NA	1	0	1	1	0	1	NA	NA	NA	1	0	1
3	105627805	114115921	2	1	1	3	a	6	1	1	0.0371274350457	0.07487279595	2	1	1	1	1	1	NA	NA	NA	NA	NA	NA	NA	2	1	1	1	1	1	NA	NA	NA	2	1	1
3	114115922	114134451	2	1	1	3	a	6	1	1	0.05	0.1	2	1	1	1	1	1	NA	NA	NA	NA	NA	NA	NA	2	1	1	1	1	1	NA	NA	NA	2	1	1
3	114134452	197847500	2	1	1	3	a	6	1	1	0.0397705813612	0.083366795266	2	1	1	1	1	1	NA	NA	NA	NA	NA	NA	NA	2	1	1	1	1	1	NA	NA	NA	2	1	1
4	32321	9507499	2	1	1	3	a	6	1	1	0.0453794589502	0.148731348489	2	1	1	1	1	1	NA	NA	NA	NA	NA	NA	NA	2	1	1	1	1	1	NA	NA	NA	2	1	1
4	9507500	33558573	2	1	1	3	a	6	1	1	0.039023968109	0.0799967193409	2	1	1	1	1	1	NA	NA	NA	NA	NA	NA	NA	2	1	1	1	1	1	NA	NA	NA	2	1	1
4	33558574	33563462	2	1	1	3	b	6	1	1	0.05	0.1	2	1	1	1	1	1	NA	NA	NA	NA	NA	NA	NA	1	0	1	1	1	1	NA	NA	NA	2	1	1
4	33563463	33565036	2	1	1	2	d	3	1	1	0.05	0.1	NA	NA	NA	1	1	1	NA	NA	NA	NA	NA	NA	NA	1	0	1	1	1	1	NA	NA	NA	NA	NA	NA
4	33565037	33565804	2	1	1	2	d	3	1	1	0.05	0.1	NA	NA	NA	1	1	1	NA	NA	NA	NA	NA	NA	NA	NA	NA	NA	1	1	1	NA	NA	NA	NA	NA	NA
4	33565805	34625387	2	1	1	3	a	6	1	1	0.0367507582789	0.0766413889848	2	1	1	1	1	1	NA	NA	NA	NA	NA	NA	NA	2	1	1	1	1	1	NA	NA	NA	2	1	1
4	34625388	34773110	2	1	1	2	d	4	1	1	0.05	0.0592717199879	2.229642	1.11482122	1.1148212	1	1	1	NA	NA	NA	NA	NA	NA	NA	3	1	2	1	1	1	NA	NA	NA	2	1	1
4	34773111	48199999	2	1	1	3	a	6	1	1	0.0391717634149	0.0866542928642	2	1	1	1	1	1	NA	NA	NA	NA	NA	NA	NA	2	1	1	1	1	1	NA	NA	NA	2	1	1
4	48200000	52699999	2	1	1	3	a	6	1	1	0.0376827648268	0.201941406635	2	1	1	1	1	1	NA	NA	NA	NA	NA	NA	NA	2	1	1	1	1	1	NA	NA	NA	2	1	1
4	52700000	190749943	2	1	1	3	a	6	1	1	0.0382332904941	0.0816641120699	2	1	1	1	1	1	NA	NA	NA	NA	NA	NA	NA	2	1	1	1	1	1	NA	NA	NA	2	1	1
5	14757	46099999	2	1	1	3	a	6	1	1	0.0400997155821	0.0857462264002	2	1	1	1	1	1	NA	NA	NA	NA	NA	NA	NA	2	1	1	1	1	1	NA	NA	NA	2	1	1
5	46100000	50699999	2	1	1	2	d	5	1	1	0.036101604412	0.0928709895691	2.200853	1.100426341	1.1004263	1	1	1	NA	NA	NA	NA	NA	NA	NA	2	1	1	1	1	1	NA	NA	NA	2	1	1
5	50700000	180689978	2	1	1	3	a	6	1	1	0.0394532217118	0.0875788893824	2	1	1	1	1	1	NA	NA	NA	NA	NA	NA	NA	2	1	1	1	1	1	NA	NA	NA	2	1	1
6	39681	201975	2	1	1	2	d	2	NA	NA	NA	NA	NA	NA	NA	NA	NA	NA	NA	NA	NA	NA	NA	NA	NA	NA	NA	NA	1	1	1	NA	NA	NA	2	1	1
6	201976	58699999	2	1	1	3	a	6	1	1	0.0431263135577	0.0940915777238	2	1	1	1	1	1	NA	NA	NA	NA	NA	NA	NA	2	1	1	1	1	1	NA	NA	NA	2	1	1
6	58700000	63299999	2	1	1	3	a	6	1	1	0.0357094412345	0.100882466983	2	1	1	1	1	1	NA	NA	NA	NA	NA	NA	NA	2	1	1	1	1	1	NA	NA	NA	2	1	1
6	63300000	141262499	2	1	1	2	d	4	1	1	0.0410980442219	0.0942153725126	1.835905	0.917952683	0.9179527	1	0	0.171821305841926	1	1	0.828178694158074	0.00338115663222781	0.00340782007750692	0.168324302802649	0.182531199874221	2	1	1	1	1	1	NA	NA	NA	2	1	1
6	141262500	170905977	2	1	1	2	d	4	1	1	0.0440710398522	0.0789059441114	1.766334	0.883166829	0.8831668	1	0	0.218731183870575	1	1	0.781268816129425	0.00541496467892261	0.00543376632117755	0.208800336533144	0.228992453128647	2	1	1	1	1	1	NA	NA	NA	2	1	1
7	40386	57999999	2	1	1	3	a	6	1	1	0.0400819120078	0.084584087432	2	1	1	1	1	1	NA	NA	NA	NA	NA	NA	NA	2	1	1	1	1	1	NA	NA	NA	2	1	1
7	58000000	61699999	2	1	1	2	d	3	1	1	0.05	0.128743229897	2	1	1	NA	NA	NA	NA	NA	NA	NA	NA	NA	NA	3	1	2	2	1	0.107044	1	1	0.892956	2	1	1
7	61700000	111073730	2	1	1	2	d	5	1	1	0.0385955612105	0.0843655070811	2.109961	1.054980488	1.0549805	1	1	1	NA	NA	NA	NA	NA	NA	NA	2	1	1	1	1	1	NA	NA	NA	2	1	1
7	111073731	111094783	2	1	1	2	d	3	NA	NA	NA	NA	2.109961	1.054980488	1.0549805	1	1	1	NA	NA	NA	NA	NA	NA	NA	NA	NA	NA	1	1	1	NA	NA	NA	2	1	1
7	111094784	158817500	2	1	1	3	a	6	1	1	0.0388322412194	0.0827610403949	2	1	1	1	1	1	NA	NA	NA	NA	NA	NA	NA	2	1	1	1	1	1	NA	NA	NA	2	1	1
8	10001	163248	1	1	0	2	d	3	NA	NA	NA	NA	NA	NA	NA	2	2	1	NA	NA	NA	NA	NA	NA	NA	1	0	1	1	0	1	NA	NA	NA	1	0	1
8	163249	43099999	1	1	0	3	a	6	1	0	0.0658730039421	0.0839247426507	1	0	1	1	0	1	NA	NA	NA	NA	NA	NA	NA	1	0	1	1	0	1	NA	NA	NA	1	0	1
8	43100000	48099999	1	1	0	2	d	4	1	0	0.0631385240205	0.0851745287063	1.207397	0.12799575	1.0794008	NA	NA	NA	NA	NA	NA	NA	NA	NA	NA	1	0	1	1	0	1	NA	NA	NA	1	0	1
8	48100000	53566154	1	1	0	2	d	5	1	0	0.0624526632075	0.0666127708145	1.138423	0.067152683	1.0712707	1	0	1	NA	NA	NA	NA	NA	NA	NA	1	0	1	1	0	1	NA	NA	NA	1	0	1
8	53566155	53582110	0	0	0	2	d	3	0	0	0.05	0.1	1.138423	0.067152683	1.0712707	0	0	1	NA	NA	NA	NA	NA	NA	NA	1	0	1	1	0	1	NA	NA	NA	0	0	0
8	53582111	56030119	1	1	0	2	d	5	1	0	0.0698284208739	0.0659259972424	1.168659	0.051867779	1.1167908	1	0	1	NA	NA	NA	NA	NA	NA	NA	1	0	1	1	0	1	NA	NA	NA	1	0	1
8	56030120	93836023	2	1	1	2	d	4	1	1	0.0370028004192	0.0779780606892	2.126425	1.063212683	1.0632127	1	1	0.894803282137597	2	1	0.105196717862403	0.0055629630050324	0.00537214752192883	0.881341503656004	0.902178482715781	2	1	1	1	1	1	NA	NA	NA	2	1	1
8	93836024	146364021	3	2	1	2	d	5	2	0.87	0.0519317354276	0.0929925219291	3	1	2	2	1	1	NA	NA	NA	NA	NA	NA	NA	3	1	2	2	1	1	NA	NA	NA	3	1	2
9	55794	47299999	2	1	1	3	a	6	1	1	0.0396264495783	0.100650333722	2	1	1	1	1	1	NA	NA	NA	NA	NA	NA	NA	2	1	1	1	1	1	NA	NA	NA	2	1	1
9	47300000	50699999	2	1	1	2	d	4	1	1	0.05	0.1	2	1	1	NA	NA	NA	NA	NA	NA	NA	NA	NA	NA	1	0	1	1	1	1	NA	NA	NA	2	1	1
9	50700000	66707499	2	1	1	2	d	3	1	1	0.05	0.208470860397	NA	NA	NA	NA	NA	NA	NA	NA	NA	NA	NA	NA	NA	NA	NA	NA	1	1	1	NA	NA	NA	2	1	1
9	66707500	140267500	2	1	1	3	a	6	1	1	0.0414299276613	0.0962215245175	2	1	1	1	1	1	NA	NA	NA	NA	NA	NA	NA	2	1	1	1	1	1	NA	NA	NA	2	1	1
10	108972	37999999	2	1	1	3	a	6	1	1	0.0408919390929	0.0869647729541	2	1	1	1	1	1	NA	NA	NA	NA	NA	NA	NA	2	1	1	1	1	1	NA	NA	NA	2	1	1
10	38000000	42397372	2	1	1	2	d	5	1	1	0.0421300222469	0.16275253046	2.216703	1.108351707	1.1083517	1	1	1	NA	NA	NA	NA	NA	NA	NA	2	1	1	1	1	1	NA	NA	NA	2	1	1
10	42397373	48352701	2	1	1	3	a	6	1	1	0.0419064908568	0.0966146497552	2	1	1	1	1	1	NA	NA	NA	NA	NA	NA	NA	2	1	1	1	1	1	NA	NA	NA	2	1	1
10	48352702	54308701	2	1	1	3	a	6	1	1	0.0365686882014	0.0779587994242	2	1	1	1	1	1	NA	NA	NA	NA	NA	NA	NA	2	1	1	1	1	1	NA	NA	NA	2	1	1
10	54308702	54322338	2	1	1	2	d	3	1	1	0.05	0.1	2	1	1	2	1	0.293222917018755	2	2	0.706777082981245	NA	0	0.293222917018755	0.293222917018755	NA	NA	NA	1	1	1	NA	NA	NA	3	1	2
10	54322339	129398295	2	1	1	3	a	6	1	1	0.0426653985587	0.0810971967587	2	1	1	1	1	1	NA	NA	NA	NA	NA	NA	NA	2	1	1	1	1	1	NA	NA	NA	2	1	1
10	129398296	135389924	1	1	0	3	a	6	1	0	0.0697255506571	0.0784075396542	1	0	1	1	0	1	NA	NA	NA	NA	NA	NA	NA	1	0	1	1	0	1	NA	NA	NA	1	0	1
11	20721	190009	2	1	1	2	d	3	1	1	0.05	0.1	NA	NA	NA	NA	NA	NA	NA	NA	NA	NA	NA	NA	NA	NA	NA	NA	1	1	1	NA	NA	NA	2	1	1
11	190010	51599999	2	1	1	3	a	6	1	1	0.0417744574431	0.0850104949985	2	1	1	1	1	1	NA	NA	NA	NA	NA	NA	NA	2	1	1	1	1	1	NA	NA	NA	2	1	1
11	51600000	55699999	2	1	1	2	d	5	1	1	0.0333213228911	0.151529423042	2.225697	1.112848293	1.1128483	1	1	1	NA	NA	NA	NA	NA	NA	NA	2	1	1	1	1	1	NA	NA	NA	2	1	1
11	55700000	56056749	2	1	1	3	a	6	1	1	0.038526218211	0.0637674505399	2	1	1	1	1	1	NA	NA	NA	NA	NA	NA	NA	2	1	1	1	1	1	NA	NA	NA	2	1	1
11	56056750	56151134	3	2	1	2	e	4	1	1	0.05	0.114170163414	2.778806	0.99473865	1.7840672	1	1	0.312714776632297	2	1	0.687285223367703	0.103135014821846	0.0986496899620273	0.214225570943218	0.587669863414735	3	1	2	2	1	1	NA	NA	NA	2	1	1
11	56151135	134442500	2	1	1	3	a	6	1	1	0.0396553312584	0.0816336751415	2	1	1	1	1	1	NA	NA	NA	NA	NA	NA	NA	2	1	1	1	1	1	NA	NA	NA	2	1	1
12	110107	11778254	2	1	1	3	a	6	1	1	0.0453348187761	0.106638152088	2	1	1	1	1	1	NA	NA	NA	NA	NA	NA	NA	2	1	1	1	1	1	NA	NA	NA	2	1	1
12	11778255	12007593	2	1	1	2	e	4	1	1	0.0571279488021	0.0703603064996	1.556968	0.620090453	0.9368774	1	0	0.276141384388809	1	1	0.723858615611191	0.0587628730981469	0.0593199998414016	0.147236880321943	0.379109059587385	1	0	1	1	1	1	NA	NA	NA	1	0	1
12	12007594	33299999	2	1	1	3	a	6	1	1	0.0385654785293	0.0766901195577	2	1	1	1	1	1	NA	NA	NA	NA	NA	NA	NA	2	1	1	1	1	1	NA	NA	NA	2	1	1
12	33300000	38199999	2	1	1	2	d	5	1	1	0.0331616169767	0.177118014507	2.286863	1.143431707	1.1434317	1	1	1	NA	NA	NA	NA	NA	NA	NA	2	1	1	1	1	1	NA	NA	NA	2	1	1
12	38200000	100642575	2	1	1	3	a	6	1	1	0.0391612600643	0.0799332966481	2	1	1	1	1	1	NA	NA	NA	NA	NA	NA	NA	2	1	1	1	1	1	NA	NA	NA	2	1	1
12	100642576	100658865	2	1	1	1	g	NA	1	1	0.05	0.1	2	1	1	1	0	1	NA	NA	NA	NA	NA	NA	NA	1	0	1	1	1	1	NA	NA	NA	1	0	1
12	100658866	120666217	2	1	1	3	a	6	1	1	0.040321226799	0.0827095468827	2	1	1	1	1	1	NA	NA	NA	NA	NA	NA	NA	2	1	1	1	1	1	NA	NA	NA	2	1	1
12	120666218	120691399	2	1	1	3	b	5	1	1	0.05	0.1	2	1	1	1	1	1	NA	NA	NA	NA	NA	NA	NA	NA	NA	NA	1	1	1	NA	NA	NA	2	1	1
12	120691400	132342500	2	1	1	3	a	6	1	1	0.0473404029428	0.0862482169495	2	1	1	1	1	1	NA	NA	NA	NA	NA	NA	NA	2	1	1	1	1	1	NA	NA	NA	2	1	1
12	132342501	133851894	2	1	1	2	d	4	NA	NA	NA	NA	2	1	1	1	1	0.815905743740793	2	1	0.184094256259207	0.0431721711978871	0.0442684548585133	0.666981885735811	0.832151517438139	2	1	1	1	1	1	NA	NA	NA	2	1	1
13	1	16299999	1	1	0	1	h	1	NA	NA	NA	NA	NA	NA	NA	NA	NA	NA	NA	NA	NA	NA	NA	NA	NA	NA	NA	NA	NA	NA	NA	NA	NA	NA	1	0	1
13	16300000	19499999	1	1	0	2	d	4	1	0	0.05	0.0880795619745	NA	NA	NA	1	0	1	NA	NA	NA	NA	NA	NA	NA	NA	NA	NA	1	0	1	NA	NA	NA	1	0	1
13	19500000	114137500	1	1	0	3	b	5	1	0	0.0637737249037	0.0705278182145	1	0	1	1	0	1	NA	NA	NA	NA	NA	NA	NA	NA	NA	NA	1	0	1	NA	NA	NA	1	0	1
13	114137501	115169877	1	1	0	2	d	4	NA	NA	NA	NA	1	0	1	1	0	1	NA	NA	NA	NA	NA	NA	NA	NA	NA	NA	1	0	1	NA	NA	NA	1	0	1
14	1	16099999	2	1	1	1	h	1	NA	NA	NA	NA	NA	NA	NA	NA	NA	NA	NA	NA	NA	NA	NA	NA	NA	NA	NA	NA	NA	NA	NA	NA	NA	NA	2	1	1
14	16100000	19099999	2	1	1	2	d	2	1	1	0.05	0.103916108661	NA	NA	NA	NA	NA	NA	NA	NA	NA	NA	NA	NA	NA	NA	NA	NA	2	0	1	NA	NA	NA	2	1	1
14	19100000	20446320	2	1	1	2	d	3	1	1	0.048153581088	0.306623772338	2.024555	0.446592308	1.5779623	1	1	1	NA	NA	NA	NA	NA	NA	NA	NA	NA	NA	2	0	0.113038	1	0	0.886962	2	1	1
14	20446321	106362500	2	1	1	3	a	6	1	1	0.0398201430959	0.0841923763713	2	1	1	1	1	1	NA	NA	NA	NA	NA	NA	NA	2	1	1	1	1	1	NA	NA	NA	2	1	1
15	1	15799999	2	1	1	1	h	1	NA	NA	NA	NA	NA	NA	NA	NA	NA	NA	NA	NA	NA	NA	NA	NA	NA	NA	NA	NA	NA	NA	NA	NA	NA	NA	2	1	1
15	15800000	20699999	2	1	1	2	d	4	1	1	0.05	0.158837537672	NA	NA	NA	1	0	0.25144581342721	1	1	0.74855418657279	0.0799869622817402	0.0785572537943668	0.0728611673911339	0.386061030626379	2	1	1	1	1	1	NA	NA	NA	2	1	1
15	20700000	97959966	2	1	1	3	a	6	1	1	0.0414928097077	0.0870750510728	2	1	1	1	1	1	NA	NA	NA	NA	NA	NA	NA	2	1	1	1	1	1	NA	NA	NA	2	1	1
15	97959967	100806620	3	2	1	2	d	5	2	1	0.0528568737659	0.0864624016568	2.893502	0.978787403	1.9147145	2	1	1	NA	NA	NA	NA	NA	NA	NA	3	1	2	2	1	1	NA	NA	NA	3	1	2
15	100806621	100808948	3	2	1	1	g	NA	NA	NA	NA	NA	2.893502	0.978787403	1.9147145	2	0	1	NA	NA	NA	NA	NA	NA	NA	1	0	1	2	1	1	NA	NA	NA	0	0	0
15	100808949	102409720	3	2	1	3	b	5	NA	NA	NA	NA	3	1	2	2	1	1	NA	NA	NA	NA	NA	NA	NA	3	1	2	2	1	1	NA	NA	NA	3	1	2
16	100010	26881419	1	1	0	3	a	6	1	0	0.0654747498999	0.101449108174	1	0	1	1	0	1	NA	NA	NA	NA	NA	NA	NA	1	0	1	1	0	1	NA	NA	NA	1	0	1
16	26881420	34599999	2	1	1	3	a	6	1	1	0.0430603376344	0.127935861768	2	1	1	1	1	1	NA	NA	NA	NA	NA	NA	NA	2	1	1	1	1	1	NA	NA	NA	2	1	1
16	34600000	38599999	NA	NA	NA	NA	NA	NA	1	1	0.05	0.102555400577	2	1	1	1	1	1	NA	NA	NA	NA	NA	NA	NA	2	1	1	1	1	1	NA	NA	NA	2	1	1
16	38600000	52912802	1	1	0	2	d	4	1	0	0.0628443539997	0.144085756289	1	0	1	1	0	1	NA	NA	NA	NA	NA	NA	NA	1	0	1	1	1	1	NA	NA	NA	2	1	1
16	52912803	53450900	1	1	0	2	d	5	1	0	0.0658854394345	0.0637824352169	1.179383	0.155780921	1.0236025	1	0	1	NA	NA	NA	NA	NA	NA	NA	1	0	1	1	0	1	NA	NA	NA	1	0	1
16	53450901	79281743	2	1	1	3	a	6	1	1	0.0396441807102	0.0878083078424	2	1	1	1	1	1	NA	NA	NA	NA	NA	NA	NA	2	1	1	1	1	1	NA	NA	NA	2	1	1
16	79281744	88860015	1	1	0	3	a	6	1	0	0.0711043040409	0.0774023109928	1	0	1	1	0	1	NA	NA	NA	NA	NA	NA	NA	1	0	1	1	0	1	NA	NA	NA	1	0	1
16	88860016	90039966	1	1	0	3	b	5	NA	NA	NA	NA	1	0	1	1	0	1	NA	NA	NA	NA	NA	NA	NA	1	0	1	1	0	1	NA	NA	NA	1	0	1
17	12500	16012366	1	1	0	3	a	6	1	0	0.0669831873057	0.0719859076297	1	0	1	1	0	1	NA	NA	NA	NA	NA	NA	NA	1	0	1	1	0	1	NA	NA	NA	1	0	1
17	16012367	16025428	1	1	0	2	d	4	1	0	0.05	0.1	1	0	1	0	0	1	NA	NA	NA	NA	NA	NA	NA	1	0	1	1	0	1	NA	NA	NA	0	0	0
17	16025429	22199999	1	1	0	2	d	5	1	0	0.0676735227663	0.227227910772	1	0	1	1	0	0.859106529209622	1	1	0.140893470790378	0.0172311767362882	0.0166501098450694	0.826778034173818	0.891804234071562	1	0	1	1	0	1	NA	NA	NA	1	0	1
17	22200000	25799999	NA	NA	NA	NA	NA	NA	1	1	0.042086863866	0.128902471285	2	1	1	1	1	1	NA	NA	NA	NA	NA	NA	NA	2	1	1	1	1	1	NA	NA	NA	2	1	1
17	25800000	44317499	2	1	1	3	a	6	1	1	0.040474984726	0.0975203051264	2	1	1	1	1	1	NA	NA	NA	NA	NA	NA	NA	2	1	1	1	1	1	NA	NA	NA	2	1	1
17	44317500	78772500	2	1	1	3	a	6	1	1	0.0422950841724	0.0851639684703	2	1	1	1	1	1	NA	NA	NA	NA	NA	NA	NA	2	1	1	1	1	1	NA	NA	NA	2	1	1
17	78772501	81195209	2	1	1	2	d	4	NA	NA	NA	NA	2	1	1	1	1	1	NA	NA	NA	NA	NA	NA	NA	1	0	1	1	1	1	NA	NA	NA	2	1	1
18	27500	130030	2	2	0	1	g	NA	1	1	0.05	0.162192336746	NA	NA	NA	1	0	1	NA	NA	NA	NA	NA	NA	NA	NA	NA	NA	2	0	1	NA	NA	NA	2	1	1
18	130031	15399999	2	1	1	3	a	6	1	1	0.0421141940423	0.0841121253524	2	1	1	1	1	1	NA	NA	NA	NA	NA	NA	NA	2	1	1	1	1	1	NA	NA	NA	2	1	1
18	15400000	18999999	2	1	1	2	d	5	1	1	0.0351738690914	0.125441384178	2.10854	1.05427	1.05427	1	1	1	NA	NA	NA	NA	NA	NA	NA	2	1	1	1	1	1	NA	NA	NA	2	1	1
18	19000000	76120716	2	1	1	3	a	6	1	1	0.0388748574979	0.0796688172707	2	1	1	1	1	1	NA	NA	NA	NA	NA	NA	NA	2	1	1	1	1	1	NA	NA	NA	2	1	1
18	76120717	78077247	2	1	1	2	d	4	NA	NA	NA	NA	2	1	1	1	1	1	NA	NA	NA	NA	NA	NA	NA	1	0	1	1	1	1	NA	NA	NA	2	1	1
19	102500	294456	2	1	1	2	d	4	1	1	0.05	0.1	NA	NA	NA	1	1	1	NA	NA	NA	NA	NA	NA	NA	NA	NA	NA	1	1	1	NA	NA	NA	2	1	1
19	294457	24399999	2	1	1	2	d	5	1	1	0.0436961959311	0.0983822940204	2.118751	1.05937561	1.0593756	1	1	1	NA	NA	NA	NA	NA	NA	NA	2	1	1	1	1	1	NA	NA	NA	2	1	1
19	24400000	28599999	2	1	1	2	d	4	1	1	0.0595801456936	0.202308378655	2.326329	1.16316439	1.1631644	NA	NA	NA	NA	NA	NA	NA	NA	NA	NA	2	1	1	1	1	1	NA	NA	NA	2	1	1
19	28600000	56955434	2	1	1	3	a	6	1	1	0.0462751218962	0.123332614333	2	1	1	1	1	1	NA	NA	NA	NA	NA	NA	NA	2	1	1	1	1	1	NA	NA	NA	2	1	1
19	56955435	56985170	2	1	1	2	d	3	NA	NA	NA	NA	2	1	1	2	2	1	NA	NA	NA	NA	NA	NA	NA	NA	NA	NA	1	1	1	NA	NA	NA	2	1	1
19	56985171	59128982	2	1	1	3	a	6	1	1	0.0437350292493	0.0881467527666	2	1	1	1	1	1	NA	NA	NA	NA	NA	NA	NA	2	1	1	1	1	1	NA	NA	NA	2	1	1
20	17500	25599999	2	1	1	3	a	6	1	1	0.0411459262218	0.0808268059582	2	1	1	1	1	1	NA	NA	NA	NA	NA	NA	NA	2	1	1	1	1	1	NA	NA	NA	2	1	1
20	25600000	29399999	2	1	1	3	a	6	1	1	0.0337075782927	0.0997204778817	2	1	1	1	1	1	NA	NA	NA	NA	NA	NA	NA	2	1	1	1	1	1	NA	NA	NA	2	1	1
20	29400000	62432500	2	1	1	3	a	6	1	1	0.0428041208541	0.0928364895821	2	1	1	1	1	1	NA	NA	NA	NA	NA	NA	NA	2	1	1	1	1	1	NA	NA	NA	2	1	1
21	1	9417499	NA	NA	NA	NA	NA	NA	NA	NA	NA	NA	NA	NA	NA	NA	NA	NA	NA	NA	NA	NA	NA	NA	NA	NA	NA	NA	1	0	1	NA	NA	NA	NA	NA	NA
21	9417500	10899999	NA	NA	NA	NA	NA	NA	NA	NA	NA	NA	NA	NA	NA	NA	NA	NA	NA	NA	NA	NA	NA	NA	NA	NA	NA	NA	1	0	1	NA	NA	NA	NA	NA	NA
21	10900000	15273743	1	1	0	2	d	2	1	0	0.0526545000098	0.204265371622	NA	NA	NA	NA	NA	NA	NA	NA	NA	NA	NA	NA	NA	NA	NA	NA	1	0	1	NA	NA	NA	NA	NA	NA
21	15273744	46937500	1	1	0	2	d	4	1	0	0.0643776628402	0.0704149675533	1	0	1	1	0	1	NA	NA	NA	NA	NA	NA	NA	NA	NA	NA	1	0	1	NA	NA	NA	NA	NA	NA
21	46937501	48129894	1	1	0	2	d	3	NA	NA	NA	NA	1	0	1	1	0	1	NA	NA	NA	NA	NA	NA	NA	NA	NA	NA	1	0	1	NA	NA	NA	NA	NA	NA
22	1	12199999	2	1	1	1	h	1	NA	NA	NA	NA	NA	NA	NA	NA	NA	NA	NA	NA	NA	NA	NA	NA	NA	NA	NA	NA	NA	NA	NA	NA	NA	NA	2	1	1
22	12200000	17899999	2	1	1	3	a	6	1	1	0.0468590835576	0.126734775038	2	1	1	1	1	1	NA	NA	NA	NA	NA	NA	NA	2	1	1	1	1	1	NA	NA	NA	2	1	1
22	17900000	49687500	2	1	1	3	a	6	1	1	0.0467344894222	0.0935359142353	2	1	1	1	1	1	NA	NA	NA	NA	NA	NA	NA	2	1	1	1	1	1	NA	NA	NA	2	1	1
22	49687501	51304565	2	1	1	2	d	4	NA	NA	NA	NA	2	1	1	1	1	1	NA	NA	NA	NA	NA	NA	NA	1	0	1	1	1	1	NA	NA	NA	2	1	1
X	1	58099999	1	1	0	3	a	3	1	0	0.0734837916198	0.114251889784	1	0	1	NA	NA	NA	NA	NA	NA	NA	NA	NA	NA	1	0	1	NA	NA	NA	NA	NA	NA	2	1	1
X	58100000	62999999	1	1	0	2	d	2	1	0	0.05	0.131597637543	1.116812	0	1.116812	NA	NA	NA	NA	NA	NA	NA	NA	NA	NA	1	0	1	NA	NA	NA	NA	NA	NA	2	1	1
X	63000000	63423263	1	1	0	3	a	3	1	0	0.05	0.097033672489	1	0	1	NA	NA	NA	NA	NA	NA	NA	NA	NA	NA	1	0	1	NA	NA	NA	NA	NA	NA	2	1	1
X	63423264	63423951	1	1	0	2	d	2	1	0	0.05	0.1	1.180991	0	1.180991	NA	NA	NA	NA	NA	NA	NA	NA	NA	NA	1	0	1	NA	NA	NA	NA	NA	NA	2	1	1
X	63423952	64637974	1	1	0	3	a	3	1	0	0.05	0.086697414951	1	0	1	NA	NA	NA	NA	NA	NA	NA	NA	NA	NA	1	0	1	NA	NA	NA	NA	NA	NA	2	1	1
X	64637975	64638223	1	1	0	2	d	2	1	0	0.05	0.1	1.214746	0	1.214746	NA	NA	NA	NA	NA	NA	NA	NA	NA	NA	1	0	1	NA	NA	NA	NA	NA	NA	2	1	1
X	64638224	66731873	1	1	0	3	a	3	1	0	0.05	0.120845905117	1	0	1	NA	NA	NA	NA	NA	NA	NA	NA	NA	NA	1	0	1	NA	NA	NA	NA	NA	NA	2	1	1
X	66731874	66739019	1	1	0	3	a	3	1	0	0.05	0.1	1	0	1	NA	NA	NA	NA	NA	NA	NA	NA	NA	NA	1	0	1	NA	NA	NA	NA	NA	NA	2	1	1
X	66739020	66989659	1	1	0	3	a	3	1	0	0.05	0.1	1	0	1	NA	NA	NA	NA	NA	NA	NA	NA	NA	NA	1	0	1	NA	NA	NA	NA	NA	NA	NA	NA	NA
X	66989660	66998751	1	1	0	2	d	2	1	0	0.05	0.1	0.160144	0	0.160144	NA	NA	NA	NA	NA	NA	NA	NA	NA	NA	1	0	1	NA	NA	NA	NA	NA	NA	NA	NA	NA
X	66998752	67036616	1	1	0	3	a	3	1	0	0.05	0.1	1	0	1	NA	NA	NA	NA	NA	NA	NA	NA	NA	NA	1	0	1	NA	NA	NA	NA	NA	NA	NA	NA	NA
X	67036617	67039142	1	1	0	3	a	3	1	0	0.05	0.1	1	0	1	NA	NA	NA	NA	NA	NA	NA	NA	NA	NA	1	0	1	NA	NA	NA	NA	NA	NA	NA	NA	NA
X	67039143	67684678	1	1	0	3	a	3	1	0	0.05	0.1	1	0	1	NA	NA	NA	NA	NA	NA	NA	NA	NA	NA	1	0	1	NA	NA	NA	NA	NA	NA	NA	NA	NA
X	67684679	67687133	1	1	0	3	a	3	1	0	0.05	0.1	1	0	1	NA	NA	NA	NA	NA	NA	NA	NA	NA	NA	1	0	1	NA	NA	NA	NA	NA	NA	NA	NA	NA
X	67687134	68265134	1	1	0	3	a	3	1	0	0.05	0.1	1	0	1	NA	NA	NA	NA	NA	NA	NA	NA	NA	NA	1	0	1	NA	NA	NA	NA	NA	NA	NA	NA	NA
X	68265135	68265407	1	1	0	3	a	3	1	0	0.05	0.1	1	0	1	NA	NA	NA	NA	NA	NA	NA	NA	NA	NA	1	0	1	NA	NA	NA	NA	NA	NA	NA	NA	NA
X	68265408	68268278	1	1	0	3	a	3	1	0	0.05	0.1	1	0	1	NA	NA	NA	NA	NA	NA	NA	NA	NA	NA	1	0	1	NA	NA	NA	NA	NA	NA	NA	NA	NA
X	68268279	68268395	1	1	0	3	a	3	1	0	0.05	0.1	1	0	1	NA	NA	NA	NA	NA	NA	NA	NA	NA	NA	1	0	1	NA	NA	NA	NA	NA	NA	NA	NA	NA
X	68268396	68407853	1	1	0	2	d	2	1	0	0.05	0.1	0.866958	0	0.866958	NA	NA	NA	NA	NA	NA	NA	NA	NA	NA	1	0	1	NA	NA	NA	NA	NA	NA	NA	NA	NA
X	68407854	68408012	1	1	0	2	d	2	1	0	0.05	0.1	0.866958	0	0.866958	NA	NA	NA	NA	NA	NA	NA	NA	NA	NA	1	0	1	NA	NA	NA	NA	NA	NA	NA	NA	NA
X	68408013	68427186	1	1	0	2	d	2	1	0	0.05	0.1	0.820681	0	0.820681	NA	NA	NA	NA	NA	NA	NA	NA	NA	NA	1	0	1	NA	NA	NA	NA	NA	NA	NA	NA	NA
X	68427187	68642488	1	1	0	2	d	2	1	0	0.05	0.1	0.138994	0	0.138994	NA	NA	NA	NA	NA	NA	NA	NA	NA	NA	1	0	1	NA	NA	NA	NA	NA	NA	NA	NA	NA
X	68642489	132118951	1	1	0	3	a	3	1	0	0.05	0.101420522516	1	0	1	NA	NA	NA	NA	NA	NA	NA	NA	NA	NA	1	0	1	NA	NA	NA	NA	NA	NA	NA	NA	NA
X	132118952	132177603	1	1	0	2	d	2	1	0	0.05	0.1	0.525493	0	0.525493	NA	NA	NA	NA	NA	NA	NA	NA	NA	NA	1	0	1	NA	NA	NA	NA	NA	NA	NA	NA	NA
X	132177604	155270559	1	1	0	3	a	3	1	0	0.05	0.106311527863	1	0	1	NA	NA	NA	NA	NA	NA	NA	NA	NA	NA	1	0	1	NA	NA	NA	NA	NA	NA	2	1	1
Y	1	11599999	1	1	0	1	h	1	NA	NA	NA	NA	1	0	1	NA	NA	NA	NA	NA	NA	NA	NA	NA	NA	NA	NA	NA	NA	NA	NA	NA	NA	NA	3	0	3
Y	11600000	13399999	1	1	0	1	h	1	NA	NA	NA	NA	1.135736	0	1.135736	NA	NA	NA	NA	NA	NA	NA	NA	NA	NA	NA	NA	NA	NA	NA	NA	NA	NA	NA	3	0	3
Y	13400000	59373565	1	1	0	1	h	1	NA	NA	NA	NA	1	0	1	NA	NA	NA	NA	NA	NA	NA	NA	NA	NA	NA	NA	NA	NA	NA	NA	NA	NA	NA	3	0	3
