chromosome	start	end	total_cn	major_cn	minor_cn	star	level	methods_agree	absolute_broad_major_cn	absolute_broad_minor_cn	absolute_broad_het_error	absolute_broad_cov_error	aceseq_copy_number	aceseq_minor_cn	aceseq_major_cn	battenberg_nMaj1_A	battenberg_nMin1_A	battenberg_frac1_A	battenberg_nMaj2_A	battenberg_nMin2_A	battenberg_frac2_A	battenberg_SDfrac_A	battenberg_SDfrac_A_BS	battenberg_frac1_A_0.025	battenberg_frac1_A_0.975	clonehd_copy_number	clonehd_minor_cn	clonehd_major_cn	sclust_nMaj1_A	sclust_nMin1_A	sclust_frac1_A	sclust_nMaj2_A	sclust_nMin2_A	sclust_frac2_A	jabba_copy_number	jabba_minor_cn	jabba_major_cn
1	56401	712600	4	2	2	2	d	2	NA	NA	NA	NA	NA	NA	NA	NA	NA	NA	NA	NA	NA	NA	NA	NA	NA	NA	NA	NA	2	2	1	NA	NA	NA	4	2	2
1	712601	48976645	4	2	2	2	d	5	2	2	0.0390739531021	0.135219215388	3.894767	1.94738336	1.94738336	2	2	1	NA	NA	NA	NA	NA	NA	NA	4	2	2	2	2	1	NA	NA	NA	4	2	2
1	48976646	48982456	4	2	2	2	d	2	2	2	0.05	0.1	3.894767	1.94738336	1.94738336	3	2	0.705652273947394	3	3	0.294347726052606	NA	0	0.705652273947394	0.705652273947394	NA	NA	NA	2	2	1	NA	NA	NA	5	2	3
1	48982457	49102663	4	2	2	3	a	6	2	2	0.0228726460236	0.0976955652718	4	2	2	2	2	1	NA	NA	NA	NA	NA	NA	NA	4	2	2	2	2	1	NA	NA	NA	4	2	2
1	49102664	49504546	4	2	2	2	d	3	2	2	0.0385041762435	0.111998617215	4.460698	2.23034894	2.23034894	2	2	0.530187995839225	3	2	0.469812004160775	0.0613437355339305	0.059537409018475	0.481415856506845	0.725222399945271	5	2	3	2	2	1	NA	NA	NA	4	2	2
1	49504547	50430229	4	2	2	3	a	6	2	2	0.0376926482681	0.120342780666	4	2	2	2	2	1	NA	NA	NA	NA	NA	NA	NA	4	2	2	2	2	1	NA	NA	NA	4	2	2
1	50430230	50431411	4	2	2	3	b	5	2	2	0.05	0.1	4	2	2	2	2	1	NA	NA	NA	NA	NA	NA	NA	NA	NA	NA	2	2	1	NA	NA	NA	4	2	2
1	50431412	60293986	4	2	2	3	a	6	2	2	0.0390512122435	0.104180645554	4	2	2	2	2	1	NA	NA	NA	NA	NA	NA	NA	4	2	2	2	2	1	NA	NA	NA	4	2	2
1	60293987	60294925	4	2	2	3	b	5	2	2	0.05	0.1	4	2	2	2	2	1	NA	NA	NA	NA	NA	NA	NA	NA	NA	NA	2	2	1	NA	NA	NA	4	2	2
1	60294926	65416585	4	2	2	3	a	6	2	2	0.0349722874661	0.0999561183986	4	2	2	2	2	1	NA	NA	NA	NA	NA	NA	NA	4	2	2	2	2	1	NA	NA	NA	4	2	2
1	65416586	65506441	4	2	2	1	g	NA	NA	NA	NA	NA	4	2	2	3	3	1	NA	NA	NA	NA	NA	NA	NA	NA	NA	NA	2	2	1	NA	NA	NA	5	2	3
1	65506442	84517562	4	2	2	3	a	6	2	2	0.0378073824174	0.102853344988	4	2	2	2	2	1	NA	NA	NA	NA	NA	NA	NA	4	2	2	2	2	1	NA	NA	NA	4	2	2
1	84517563	121499999	4	2	2	3	a	6	2	2	0.037304089788	0.121142536621	4	2	2	2	2	1	NA	NA	NA	NA	NA	NA	NA	4	2	2	2	2	1	NA	NA	NA	4	2	2
1	121500000	128899999	4	2	2	2	d	3	NA	NA	NA	NA	4	2	2	NA	NA	NA	NA	NA	NA	NA	NA	NA	NA	1	0	1	2	2	1	NA	NA	NA	4	2	2
1	128900000	142548938	4	2	2	2	d	2	NA	NA	NA	NA	NA	NA	NA	NA	NA	NA	NA	NA	NA	NA	NA	NA	NA	1	0	1	2	2	1	NA	NA	NA	4	2	2
1	142548939	143363402	3	2	1	1	g	NA	NA	NA	NA	NA	NA	NA	NA	NA	NA	NA	NA	NA	NA	NA	NA	NA	NA	1	0	1	3	1	0.218574	2	1	0.781426	4	2	2
1	143363403	143697500	4	2	2	2	f	2	2.56	1.44	0.05	0.108371147844	NA	NA	NA	NA	NA	NA	NA	NA	NA	NA	NA	NA	NA	1	0	1	3	1	0.218574	2	1	0.781426	4	2	2
1	143697501	144843604	4	2	2	2	f	2	2.56	1.44	0.05	0.181125336119	NA	NA	NA	NA	NA	NA	NA	NA	NA	NA	NA	NA	NA	NA	NA	NA	3	1	0.218574	2	1	0.781426	4	2	2
1	144843605	149277602	5	3	2	1	g	NA	2.56	1.44	0.0555012238928	0.177245987724	5.240038	1.94310509	3.29693343	3	2	0.523318246443359	4	2	0.476681753556641	0.0306490377084041	0.0310833192739727	0.460560771901563	0.584984349607357	6	2	4	3	2	1	NA	NA	NA	4	2	2
1	149277603	149409401	5	3	2	2	d	3	2.56	1.44	0.05	0.0832429328529	5.240038	1.94310509	3.29693343	3	2	0.523318246443359	4	2	0.476681753556641	0.0306490377084041	0.0310833192739727	0.460560771901563	0.584984349607357	5	2	3	3	2	1	NA	NA	NA	5	2	3
1	149409402	152559452	5	3	2	2	d	3	3	1.64	0.0516175962102	0.289213699887	5.346286	1.91370574	3.43258019	3	2	0.523318246443359	4	2	0.476681753556641	0.0306490377084041	0.0310833192739727	0.460560771901563	0.584984349607357	5	2	3	3	2	1	NA	NA	NA	5	2	3
1	152559453	152725191	5	3	2	2	d	2	3	1.64	0.05	0.0863425556008	5.137663	1.9740261	3.16363654	3	2	0.269130109670977	4	2	0.730869890329023	0.300134991994774	0.263014726333999	0.126789680038422	1.17369006989207	6	2	4	3	2	1	NA	NA	NA	5	2	3
1	152725192	196768600	5	3	2	2	d	3	3	1.64	0.0505724154838	0.109211655182	5.30963	1.95338598	3.35624432	3	2	0.537135847530495	4	2	0.462864152469505	0.00540090130833604	0.00545341369791452	0.526809177478853	0.548605670859652	5	2	3	3	2	1	NA	NA	NA	5	2	3
1	196768601	247249600	5	3	2	2	d	3	3	1.64	0.0519591833977	0.114195501191	5.318383	1.96024459	3.35813787	3	2	0.537135847530495	4	2	0.462864152469505	0.00540090130833604	0.00545341369791452	0.526809177478853	0.548605670859652	5	2	3	3	2	1	NA	NA	NA	5	2	3
1	247249601	249250620	5	3	2	2	d	3	NA	NA	NA	NA	5.207526	1.90946011	3.29806607	3	2	0.537135847530495	4	2	0.462864152469505	0.00540090130833604	0.00545341369791452	0.526809177478853	0.548605670859652	5	2	3	3	2	1	NA	NA	NA	5	2	3
2	20016	83931307	4	2	2	2	d	5	2	2	0.0385226806241	0.106832390565	3.887104	1.94355189	1.94355189	2	2	1	NA	NA	NA	NA	NA	NA	NA	4	2	2	2	2	1	NA	NA	NA	4	2	2
2	83931308	83938784	3	2	1	2	d	4	2	2	0.05	0.1	3.887104	1.94355189	1.94355189	2	1	1	NA	NA	NA	NA	NA	NA	NA	3	1	2	2	1	1	NA	NA	NA	3	1	2
2	83938785	90499999	4	2	2	2	d	5	2	2	0.0407788854173	0.136540787448	3.899337	1.94966857	1.94966857	2	2	1	NA	NA	NA	NA	NA	NA	NA	4	2	2	2	2	1	NA	NA	NA	4	2	2
2	90500000	96799999	4	2	2	2	d	5	2	2	0.0353913051436	0.229807035111	3.865971	1.93298556	1.93298556	2	2	1	NA	NA	NA	NA	NA	NA	NA	4	2	2	2	2	1	NA	NA	NA	4	2	2
2	96800000	123273986	4	2	2	2	d	5	2	2	0.0380657737305	0.109851514042	3.890124	1.94506191	1.94506191	2	2	1	NA	NA	NA	NA	NA	NA	NA	4	2	2	2	2	1	NA	NA	NA	4	2	2
2	123273987	127249910	4	2	2	2	d	5	2	2	0.0371618670974	0.116273399949	3.881532	1.94076599	1.94076599	2	2	1	NA	NA	NA	NA	NA	NA	NA	4	2	2	2	2	1	NA	NA	NA	4	2	2
2	127249911	130304743	4	2	2	2	d	5	2	2	0.0423947236265	0.111051005178	3.875767	1.93788374	1.93788374	2	2	1	NA	NA	NA	NA	NA	NA	NA	4	2	2	2	2	1	NA	NA	NA	4	2	2
2	130304744	141382781	4	2	2	2	d	5	2	2	0.0389883628837	0.108059421384	3.879904	1.93995182	1.93995182	2	2	1	NA	NA	NA	NA	NA	NA	NA	4	2	2	2	2	1	NA	NA	NA	4	2	2
2	141382782	141596542	3	2	1	2	d	2	1.44	1.44	0.05	0.0938279362293	2.916882	1.45844122	1.45844122	1	1	1	NA	NA	NA	NA	NA	NA	NA	3	1	2	2	1	0.18834	1	1	0.81166	3	1	2
2	141596543	141761962	4	2	2	2	d	5	2	2	0.0456556228538	0.0917807622161	3.748686	1.87434303	1.87434303	2	2	1	NA	NA	NA	NA	NA	NA	NA	4	2	2	2	2	1	NA	NA	NA	4	2	2
2	141761963	141862608	3	2	1	2	d	2	2	2	0.0602264304575	0.0822563934272	3.397092	1.42869148	1.9684007	2	1	0.745964127818561	2	2	0.254035872181439	0.0632207478498245	0.0621400881699892	0.544812059202928	0.795186921707839	3	1	2	2	2	0.354704	2	1	0.645296	3	1	2
2	141862609	142018234	4	2	2	2	d	5	2	2	0.0430989206364	0.083967540001	3.561756	1.78087825	1.78087825	2	2	1	NA	NA	NA	NA	NA	NA	NA	4	2	2	2	2	1	NA	NA	NA	4	2	2
2	142018235	142292549	3	2	1	2	d	2	2	2	0.05	0.103983500257	3.34819	1.38611554	1.96207446	2	1	0.384637753406443	2	2	0.615362246593557	0.0768290701767808	0.0765506305220913	0.204322579894701	0.516431388224809	3	1	2	2	2	0.433374	2	1	0.566626	3	1	2
2	142292550	142349413	4	2	2	1	g	NA	2	2	0.05	0.1	3.34819	1.38611554	1.96207446	3	1	1	NA	NA	NA	NA	NA	NA	NA	3	1	2	2	2	0.543153	2	1	0.456847	3	1	2
2	142349414	142853375	4	2	2	2	d	3	2	2	0.0392996599792	0.0889250055003	3.462303	1.73115175	1.73115175	2	1	0.439586003893077	2	2	0.560413996106923	0.0387635557612508	0.0381587477213979	0.32888221896693	0.473331605008595	4	2	2	2	2	0.543153	2	1	0.456847	4	2	2
2	142853376	152658831	4	2	2	3	a	6	2	2	0.0360868805687	0.0969228421229	4	2	2	2	2	1	NA	NA	NA	NA	NA	NA	NA	4	2	2	2	2	1	NA	NA	NA	4	2	2
2	152658832	154063354	4	2	2	3	a	6	2	2	0.0389697041641	0.0949714433535	4	2	2	2	2	1	NA	NA	NA	NA	NA	NA	NA	4	2	2	2	2	1	NA	NA	NA	4	2	2
2	154063355	154244246	4	2	2	2	d	3	2	2	0.0307181891468	0.10211084697	4.315417	2.15770855	2.15770855	2	2	0.711521684945171	3	2	0.288478315054829	0.073144426306352	0.0736879658512586	0.497253387597393	0.791685551843339	4	2	2	3	2	0.311704	2	2	0.688296	4	2	2
2	154244247	155178643	4	2	2	3	a	6	2	2	0.0510939341286	0.0992246038574	4	2	2	2	2	1	NA	NA	NA	NA	NA	NA	NA	4	2	2	2	2	1	NA	NA	NA	4	2	2
2	155178644	156531170	4	2	2	3	a	6	2	2	0.0313543120718	0.101326802622	4	2	2	2	2	1	NA	NA	NA	NA	NA	NA	NA	4	2	2	2	2	1	NA	NA	NA	4	2	2
2	156531171	156531370	4	2	2	3	b	6	2	2	0.05	0.1	4	2	2	2	2	1	NA	NA	NA	NA	NA	NA	NA	1	0	1	2	2	1	NA	NA	NA	4	2	2
2	156531371	156531461	4	2	2	2	d	4	2	2	0.05	0.1	NA	NA	NA	2	2	1	NA	NA	NA	NA	NA	NA	NA	NA	NA	NA	2	2	1	NA	NA	NA	4	2	2
2	156531462	187555952	4	2	2	3	a	6	2	2	0.0385224132455	0.117440565411	4	2	2	2	2	1	NA	NA	NA	NA	NA	NA	NA	4	2	2	2	2	1	NA	NA	NA	4	2	2
2	187555953	188299136	6	4	2	2	d	5	4	2	0.0479914552138	0.221822714876	5.716163	1.98289927	3.73326389	4	2	1	NA	NA	NA	NA	NA	NA	NA	6	2	4	4	2	1	NA	NA	NA	6	2	4
2	188299137	188925113	4	2	2	2	d	5	2	2	0.0409414536872	0.106781881069	3.873043	1.9365214	1.9365214	2	2	1	NA	NA	NA	NA	NA	NA	NA	4	2	2	2	2	1	NA	NA	NA	4	2	2
2	188925114	188931441	4	2	2	2	d	3	2	2	0.05	0.1	3.873043	1.9365214	1.9365214	2	2	1	NA	NA	NA	NA	NA	NA	NA	3	1	2	2	2	1	NA	NA	NA	3	1	2
2	188931442	236906207	4	2	2	3	a	6	2	2	0.0382890683752	0.106647712294	4	2	2	2	2	1	NA	NA	NA	NA	NA	NA	NA	4	2	2	2	2	1	NA	NA	NA	4	2	2
2	236906208	237546828	4	2	2	2	d	3	2	2	0.0430844440303	0.10341600258	4.373304	1.89695621	2.47634746	2	2	0.426606715938291	3	2	0.573393284061709	0.0563812429504317	0.0564763084755208	0.362316647306657	0.582499834087107	4	2	2	3	2	1	NA	NA	NA	4	2	2
2	237546829	242951000	4	2	2	2	d	5	2	2	0.0432190757774	0.103531916923	3.891686	1.94584314	1.94584314	2	2	1	NA	NA	NA	NA	NA	NA	NA	4	2	2	2	2	1	NA	NA	NA	4	2	2
3	100074	4440844	3	2	1	3	a	6	2	1	0.0603299971626	0.103770823883	3	1	2	2	1	1	NA	NA	NA	NA	NA	NA	NA	3	1	2	2	1	1	NA	NA	NA	3	1	2
3	4440845	4747185	4	2	2	2	d	3	2	2	0.0443095148504	0.0858261300446	3.437572	1.50357698	1.93399462	2	1	0.466227579886602	2	2	0.533772420113398	0.0517868981102569	0.0510727951917074	0.356962103076896	0.559648276952571	3	1	2	2	2	1	NA	NA	NA	4	2	2
3	4747186	7800636	3	2	1	3	a	6	2	1	0.0617311278749	0.107227847159	3	1	2	2	1	1	NA	NA	NA	NA	NA	NA	NA	3	1	2	2	1	1	NA	NA	NA	3	1	2
3	7800637	7830387	3	2	1	3	b	6	2	1	0.05	0.1	3	1	2	2	1	1	NA	NA	NA	NA	NA	NA	NA	3	1	2	2	1	1	NA	NA	NA	2	1	1
3	7830388	19596401	3	2	1	3	a	6	2	1	0.0588376369855	0.0905391353221	3	1	2	2	1	1	NA	NA	NA	NA	NA	NA	NA	3	1	2	2	1	1	NA	NA	NA	3	1	2
3	19596402	20519417	5	4	1	2	d	4	4.36	1	0.0504262896069	0.13860824276	4.863121	1.00461546	3.85850546	4	1	1	NA	NA	NA	NA	NA	NA	NA	5	1	4	4	1	1	NA	NA	NA	5	1	4
3	20519418	48130641	3	2	1	3	a	6	2	1	0.0580709356689	0.0956377142874	3	1	2	2	1	1	NA	NA	NA	NA	NA	NA	NA	3	1	2	2	1	1	NA	NA	NA	3	1	2
3	48130642	48135020	3	2	1	3	b	5	2	1	0.05	0.1	3	1	2	2	1	1	NA	NA	NA	NA	NA	NA	NA	NA	NA	NA	2	1	1	NA	NA	NA	3	1	2
3	48135021	60378257	3	2	1	3	a	6	2	1	0.0598095539484	0.0912427405545	3	1	2	2	1	1	NA	NA	NA	NA	NA	NA	NA	3	1	2	2	1	1	NA	NA	NA	3	1	2
3	60378258	60461085	4	3	1	2	d	4	4	1	0.0498090225192	0.12038707999	4	1	3	3	1	0.758447635744637	4	1	0.241552364255363	0.0999391804702811	0.102242407541215	0.520746865746346	0.921531896384184	4	1	3	3	1	1	NA	NA	NA	4	1	3
3	60461086	60822574	3	2	1	3	a	6	2	1	0.0664305027172	0.105548753841	3	1	2	2	1	1	NA	NA	NA	NA	NA	NA	NA	3	1	2	2	1	1	NA	NA	NA	3	1	2
3	60822575	61159860	2	1	1	2	e	4	1	1	0.0462749014401	0.0784736122639	2.489345	1.0101544	1.47919043	1	1	0.542030671082917	2	1	0.457969328917083	0.0625654747922519	0.0618795221433077	0.412148669986521	0.658745280831287	3	1	2	1	1	1	NA	NA	NA	3	1	2
3	61159861	87899999	3	2	1	3	a	6	2	1	0.0587255667665	0.091262511129	3	1	2	2	1	1	NA	NA	NA	NA	NA	NA	NA	3	1	2	2	1	1	NA	NA	NA	3	1	2
3	87900000	93899999	3	2	1	3	b	5	2	1	0.0597670671058	0.0958017235307	3	1	2	NA	NA	NA	NA	NA	NA	NA	NA	NA	NA	3	1	2	2	1	1	NA	NA	NA	3	1	2
3	93900000	122247155	3	2	1	3	a	6	2	1	0.0586948092756	0.0916454530921	3	1	2	2	1	1	NA	NA	NA	NA	NA	NA	NA	3	1	2	2	1	1	NA	NA	NA	3	1	2
3	122247156	123592099	3	2	1	3	a	6	2	1	0.0574364290483	0.0929064544884	3	1	2	2	1	1	NA	NA	NA	NA	NA	NA	NA	3	1	2	2	1	1	NA	NA	NA	3	1	2
3	123592100	123593809	3	2	1	3	a	6	2	1	0.05	0.1	3	1	2	2	1	1	NA	NA	NA	NA	NA	NA	NA	3	1	2	2	1	1	NA	NA	NA	3	1	2
3	123593810	139702919	3	2	1	3	a	6	2	1	0.0608365209501	0.089480854032	3	1	2	2	1	1	NA	NA	NA	NA	NA	NA	NA	3	1	2	2	1	1	NA	NA	NA	3	1	2
3	139702920	147045050	3	2	1	3	a	6	2	1	0.0555740538018	0.0879316255564	3	1	2	2	1	1	NA	NA	NA	NA	NA	NA	NA	3	1	2	2	1	1	NA	NA	NA	3	1	2
3	147045051	147048655	3	2	1	3	a	6	2	1	0.05	0.1	3	1	2	2	1	1	NA	NA	NA	NA	NA	NA	NA	3	1	2	2	1	1	NA	NA	NA	3	1	2
3	147048656	162527258	3	2	1	3	a	6	2	1	0.0590678114913	0.0995134940004	3	1	2	2	1	1	NA	NA	NA	NA	NA	NA	NA	3	1	2	2	1	1	NA	NA	NA	3	1	2
3	162527259	167068099	3	2	1	3	a	6	2	1	0.0582412116549	0.0913721796912	3	1	2	2	1	1	NA	NA	NA	NA	NA	NA	NA	3	1	2	2	1	1	NA	NA	NA	3	1	2
3	167068100	174172461	3	2	1	3	a	6	2	1	0.0573787089284	0.0988993454881	3	1	2	2	1	1	NA	NA	NA	NA	NA	NA	NA	3	1	2	2	1	1	NA	NA	NA	3	1	2
3	174172462	174192753	3	2	1	3	a	6	2	1	0.05	0.1	3	1	2	2	1	1	NA	NA	NA	NA	NA	NA	NA	3	1	2	2	1	1	NA	NA	NA	3	1	2
3	174192754	198022429	3	2	1	3	a	6	2	1	0.0610108979984	0.110166097041	3	1	2	2	1	1	NA	NA	NA	NA	NA	NA	NA	3	1	2	2	1	1	NA	NA	NA	3	1	2
4	21566	9482801	3	2	1	2	d	3	1.79	1	0.0590086181313	0.110484868411	2.713698	1.00582897	1.70786911	1	1	0.271019929826553	2	1	0.728980070173447	0.00836115341997098	0.00832838275541035	0.25461415646237	0.287468023209402	3	1	2	2	1	1	NA	NA	NA	3	1	2
4	9482802	15871724	3	2	1	2	d	3	1.79	1	0.0578778515875	0.0844682751941	2.742466	1.02252213	1.71994355	1	1	0.271019929826553	2	1	0.728980070173447	0.00836115341997098	0.00832838275541035	0.25461415646237	0.287468023209402	3	1	2	2	1	1	NA	NA	NA	3	1	2
4	15871725	44504259	3	2	1	2	d	3	1.79	1	0.0561867834682	0.0881997936461	2.737947	1.03054889	1.70739852	1	1	0.303413137339033	2	1	0.696586862660967	0.00605907635287189	0.00617289564281301	0.291477594092489	0.315079392706998	3	1	2	2	1	1	NA	NA	NA	3	1	2
4	44504260	48199999	3	2	1	2	d	3	1.79	1	0.0587325302752	0.0794827952137	2.724451	0.99880634	1.725645	1	1	0.303413137339033	2	1	0.696586862660967	0.00605907635287189	0.00617289564281301	0.291477594092489	0.315079392706998	3	1	2	2	1	1	NA	NA	NA	3	1	2
4	48200000	52699999	3	2	1	2	d	3	1.79	1	0.069960965232	0.153432546435	2.737924	0.95533363	1.78259017	NA	NA	NA	NA	NA	NA	NA	NA	NA	NA	3	1	2	2	1	1	NA	NA	NA	3	1	2
4	52700000	70126124	3	2	1	2	d	3	2.29	1	0.0602525073218	0.0951848612321	3.157315	1.0145763	2.14273903	2	1	0.852404729056763	3	1	0.147595270943237	0.00890577549015931	0.00903289656332334	0.83520664206008	0.870261725196953	3	1	2	2	1	1	NA	NA	NA	3	1	2
4	70126125	70283402	3	2	1	2	d	2	1	1	0.05	0.218737189856	3.157315	1.0145763	2.14273903	2	1	0.852404729056763	3	1	0.147595270943237	0.00890577549015931	0.00903289656332334	0.83520664206008	0.870261725196953	NA	NA	NA	2	1	1	NA	NA	NA	3	1	2
4	70283403	75641818	3	2	1	2	d	3	2.36	1	0.0613759416527	0.0909058721752	3.215247	1.02382716	2.19141975	2	1	0.813084555856241	3	1	0.186915444143759	0.0165264861743474	0.0164227115629183	0.769824357088906	0.833120988528927	3	1	2	2	1	1	NA	NA	NA	3	1	2
4	75641819	75642265	3	2	1	2	d	2	2.36	1	0.05	0.1	3.215247	1.02382716	2.19141975	3	0	0.180775502948524	3	1	0.819224497051476	NA	0	0.180775502948524	0.180775502948524	NA	NA	NA	2	1	1	NA	NA	NA	3	1	2
4	75642266	92374062	3	2	1	2	d	3	2.36	1	0.0590087783659	0.0925808669513	3.206157	1.01528663	2.19087049	2	1	0.753738783649057	3	1	0.246261216350943	0.0105373663136936	0.00999247105356064	0.780302433997091	0.818637510119913	3	1	2	2	1	1	NA	NA	NA	3	1	2
4	92374063	92668670	4	3	1	2	d	4	3.56	1	0.0686576926587	0.102347810202	4.099507	0.98417713	3.11533035	3	1	1	NA	NA	NA	NA	NA	NA	NA	4	1	3	3	1	1	NA	NA	NA	4	1	3
4	92668671	105670655	3	2	1	2	d	3	2.36	1	0.0572511965594	0.0979128967944	3.214116	1.03262148	2.18149449	2	1	0.806069394913551	3	1	0.193930605086449	0.00517543272319165	0.00511468540371191	0.796477542869327	0.815976343739732	3	1	2	2	1	1	NA	NA	NA	3	1	2
4	105670656	108886437	3	2	1	2	d	3	2.36	1	0.0626001896636	0.100336203932	3.210297	1.01898992	2.19130665	2	1	0.806069394913551	3	1	0.193930605086449	0.00517543272319165	0.00511468540371191	0.796477542869327	0.815976343739732	3	1	2	2	1	1	NA	NA	NA	3	1	2
4	108886438	125911297	3	2	1	2	d	3	2.36	1	0.0616300930399	0.0997528793537	3.195272	1.02413199	2.17114011	2	1	0.806069394913551	3	1	0.193930605086449	0.00517543272319165	0.00511468540371191	0.796477542869327	0.815976343739732	3	1	2	2	1	1	NA	NA	NA	3	1	2
4	125911298	137214268	3	2	1	2	d	3	2.36	1	0.0586030869569	0.10124654323	3.171283	1.01478579	2.15649775	2	1	0.806069394913551	3	1	0.193930605086449	0.00517543272319165	0.00511468540371191	0.796477542869327	0.815976343739732	3	1	2	2	1	1	NA	NA	NA	3	1	2
4	137214269	144571877	3	2	1	2	d	3	2.36	1	0.061853204956	0.102821642248	3.193549	1.01971363	2.1738357	2	1	0.806069394913551	3	1	0.193930605086449	0.00517543272319165	0.00511468540371191	0.796477542869327	0.815976343739732	3	1	2	2	1	1	NA	NA	NA	3	1	2
4	144571878	156911608	3	2	1	2	d	3	2.36	1	0.0575230996145	0.0944644693602	3.205528	1.02096968	2.18455828	2	1	0.806069394913551	3	1	0.193930605086449	0.00517543272319165	0.00511468540371191	0.796477542869327	0.815976343739732	3	1	2	2	1	1	NA	NA	NA	3	1	2
4	156911609	157891835	3	2	1	2	d	3	2.36	1	0.0520546332272	0.0971817769821	3.155669	1.02183093	2.13383795	2	1	0.806069394913551	3	1	0.193930605086449	0.00517543272319165	0.00511468540371191	0.796477542869327	0.815976343739732	3	1	2	2	1	1	NA	NA	NA	3	1	2
4	157891836	161950001	3	2	1	2	d	3	2.36	1	0.0591766825229	0.105577919845	3.194746	1.01086948	2.18387667	2	1	0.806069394913551	3	1	0.193930605086449	0.00517543272319165	0.00511468540371191	0.796477542869327	0.815976343739732	3	1	2	2	1	1	NA	NA	NA	3	1	2
4	161950002	162002801	3	2	1	2	d	2	6	1	0.05	0.1	3.553669	0.37857023	3.1750984	3	0	0.794418243397152	3	1	0.205581756602848	0.035065639455709	0.0364998567677382	0.712339998909222	0.853990373091333	NA	NA	NA	2	1	1	NA	NA	NA	3	1	2
4	162002802	181158814	3	2	1	2	d	3	2.36	1	0.0584392035904	0.0976338237371	3.197992	1.01804389	2.17994795	2	1	0.76912472459166	3	1	0.23087527540834	0.0100317119380923	0.00927653807990395	0.790743943461381	0.827302938218059	3	1	2	2	1	1	NA	NA	NA	3	1	2
4	181158815	181166867	2	2	0	2	d	3	2.36	1	0.05	0.1	3.197992	1.01804389	2.17994795	2	0	1	NA	NA	NA	NA	NA	NA	NA	2	0	2	2	1	1	NA	NA	NA	2	0	2
4	181166868	190518000	3	2	1	2	d	3	2.36	1	0.0595431513597	0.101452553043	3.166862	1.0021592	2.16470325	2	1	0.776347883745438	3	1	0.223652116254562	0.0125041961572409	0.012569772113453	0.751149286932079	0.800672642994341	3	1	2	2	1	1	NA	NA	NA	3	1	2
4	190518001	190939996	3	2	1	2	d	3	2.36	1	0.0616562766496	0.107912369495	3.18529	0.92596472	2.25932491	2	1	0.776347883745438	3	1	0.223652116254562	0.0125041961572409	0.012569772113453	0.751149286932079	0.800672642994341	3	1	2	2	1	1	NA	NA	NA	3	1	2
5	22500	8706204	3	2	1	3	a	6	2	1	0.0606483473607	0.105241503369	3	1	2	2	1	1	NA	NA	NA	NA	NA	NA	NA	3	1	2	2	1	1	NA	NA	NA	3	1	2
5	8706205	8762132	3	2	1	2	d	4	0	0	0.05	0.349444741344	3	1	2	2	1	1	NA	NA	NA	NA	NA	NA	NA	NA	NA	NA	2	1	1	NA	NA	NA	3	1	2
5	8762133	39793815	3	2	1	3	a	6	2	1	0.0591751192972	0.095161961525	3	1	2	2	1	1	NA	NA	NA	NA	NA	NA	NA	3	1	2	2	1	1	NA	NA	NA	3	1	2
5	39793816	46099999	3	2	1	3	a	6	2	1	0.0570591423037	0.0898324476723	3	1	2	2	1	1	NA	NA	NA	NA	NA	NA	NA	3	1	2	2	1	1	NA	NA	NA	3	1	2
5	46100000	50699999	3	2	1	3	b	5	2	1	0.0571312577119	0.118423199943	3	1	2	NA	NA	NA	NA	NA	NA	NA	NA	NA	NA	3	1	2	2	1	1	NA	NA	NA	3	1	2
5	50700000	89088603	3	2	1	3	a	6	2	1	0.0585214524886	0.100052675073	3	1	2	2	1	1	NA	NA	NA	NA	NA	NA	NA	3	1	2	2	1	1	NA	NA	NA	3	1	2
5	89088604	89101069	3	2	1	3	a	6	2	1	0.05	0.1	3	1	2	2	1	1	NA	NA	NA	NA	NA	NA	NA	3	1	2	2	1	1	NA	NA	NA	3	1	2
5	89101070	89451125	3	2	1	3	a	6	2	1	0.0403691370988	0.0838595027648	3	1	2	2	1	1	NA	NA	NA	NA	NA	NA	NA	3	1	2	2	1	1	NA	NA	NA	3	1	2
5	89451126	89451168	3	2	1	3	b	6	2	1	0.05	0.1	3	1	2	2	1	1	NA	NA	NA	NA	NA	NA	NA	1	0	1	2	1	1	NA	NA	NA	3	1	2
5	89451169	89451195	3	2	1	2	d	4	2	1	0.05	0.1	NA	NA	NA	2	1	1	NA	NA	NA	NA	NA	NA	NA	1	0	1	2	1	1	NA	NA	NA	3	1	2
5	89451196	89451328	3	2	1	2	d	4	2	1	0.05	0.1	NA	NA	NA	2	1	1	NA	NA	NA	NA	NA	NA	NA	NA	NA	NA	2	1	1	NA	NA	NA	3	1	2
5	89451329	158022832	3	2	1	3	a	6	2	1	0.0596971099661	0.110618477819	3	1	2	2	1	1	NA	NA	NA	NA	NA	NA	NA	3	1	2	2	1	1	NA	NA	NA	3	1	2
5	158022833	180689978	3	2	1	3	a	6	2	1	0.0614653719292	0.10019830726	3	1	2	2	1	1	NA	NA	NA	NA	NA	NA	NA	3	1	2	2	1	1	NA	NA	NA	3	1	2
6	39681	206527	4	3	1	2	d	2	NA	NA	NA	NA	NA	NA	NA	NA	NA	NA	NA	NA	NA	NA	NA	NA	NA	NA	NA	NA	3	1	1	NA	NA	NA	4	1	3
6	206528	19772848	4	3	1	2	d	5	3	1	0.0581763433038	0.106046126229	3.895916	1.01323972	2.8826766	3	1	1	NA	NA	NA	NA	NA	NA	NA	4	1	3	3	1	1	NA	NA	NA	4	1	3
6	19772849	58699999	4	3	1	2	d	5	3	1	0.0587424717417	0.184398958367	3.891619	1.01177244	2.87984686	3	1	1	NA	NA	NA	NA	NA	NA	NA	4	1	3	3	1	1	NA	NA	NA	4	1	3
6	58700000	63299999	4	3	1	3	b	5	3	1	0.0587783190788	0.110263685383	4	1	3	NA	NA	NA	NA	NA	NA	NA	NA	NA	NA	4	1	3	3	1	1	NA	NA	NA	4	1	3
6	63300000	66592055	4	3	1	2	d	5	3	1	0.0558130907923	0.106879083888	3.930798	1.03109525	2.89970289	3	1	1	NA	NA	NA	NA	NA	NA	NA	4	1	3	3	1	1	NA	NA	NA	4	1	3
6	66592056	73488795	4	3	1	2	d	5	3	1	0.0596374405622	0.102297641408	3.873158	1.0136542	2.85950388	3	1	1	NA	NA	NA	NA	NA	NA	NA	4	1	3	3	1	1	NA	NA	NA	4	1	3
6	73488796	73522884	4	3	1	2	d	3	3	1	0.05	0.1	3.873158	1.0136542	2.85950388	3	1	1	NA	NA	NA	NA	NA	NA	NA	4	1	3	2	1	1	NA	NA	NA	3	1	2
6	73522885	77435849	4	3	1	2	d	5	3	1	0.0595504739097	0.102447570365	3.874867	1.0366206	2.83824652	3	1	1	NA	NA	NA	NA	NA	NA	NA	4	1	3	3	1	1	NA	NA	NA	4	1	3
6	77435850	81630201	4	3	1	2	d	5	3	1	0.0574675607844	0.134343413137	3.908662	1.03308797	2.87557394	3	1	1	NA	NA	NA	NA	NA	NA	NA	4	1	3	3	1	1	NA	NA	NA	4	1	3
6	81630202	86214524	4	3	1	2	d	5	3	1	0.0561373774082	0.107222477306	3.903261	1.0140537	2.88920715	3	1	1	NA	NA	NA	NA	NA	NA	NA	4	1	3	3	1	1	NA	NA	NA	4	1	3
6	86214525	86424397	3	2	1	2	d	4	2	1	0.0591717493929	0.0712313908484	2.910689	0.89142478	2.01926438	2	1	0.867035257862776	3	1	0.132964742137224	0.0996757458443448	0.101415161487838	0.585015917430348	0.972771788389154	3	1	2	2	1	1	NA	NA	NA	3	1	2
6	86424398	103741441	4	3	1	2	d	5	3	1	0.0597976692914	0.105836977541	3.887724	1.00570823	2.88201592	3	1	1	NA	NA	NA	NA	NA	NA	NA	4	1	3	3	1	1	NA	NA	NA	4	1	3
6	103741442	170915316	4	3	1	2	d	5	3	1	0.0593207297132	0.101503163296	3.883114	1.01706772	2.86604647	3	1	1	NA	NA	NA	NA	NA	NA	NA	4	1	3	3	1	1	NA	NA	NA	4	1	3
7	40386	8021870	5	3	2	2	d	3	2.76	2	0.0486740912736	0.154324756746	4.67766	1.96020001	2.71746048	3	2	0.867468516436513	3	3	0.132531483563487	0.0108202345318354	0.0111511313980596	0.844766086082144	0.888991174063524	5	2	3	3	2	1	NA	NA	NA	5	2	3
7	8021871	8022345	5	3	2	2	d	3	2.76	2	0.05	0.1	4.67766	1.96020001	2.71746048	2	2	0.699794924170583	3	2	0.300205075829417	NA	0	0.699794924170583	0.699794924170583	5	2	3	3	2	1	NA	NA	NA	5	2	3
7	8022346	53651961	5	3	2	2	d	3	2.76	2	0.0462768306434	0.116598511668	4.68122	1.96943096	2.7117887	2	2	0.214606599059018	3	2	0.785393400940982	0.00576983188576465	0.0058442436924098	0.203684060240541	0.226469012226985	5	2	3	3	2	1	NA	NA	NA	5	2	3
7	53651962	57999999	5	3	2	2	d	3	2.76	2	0.0516565703088	0.147059744501	4.699687	1.97089094	2.72879652	2	2	0.214606599059018	3	2	0.785393400940982	0.00576983188576465	0.0058442436924098	0.203684060240541	0.226469012226985	5	2	3	3	2	1	NA	NA	NA	5	2	3
7	58000000	61816961	NA	NA	NA	NA	NA	NA	2.76	2	0.05	0.180605539497	4.699687	1.97089094	2.72879652	NA	NA	NA	NA	NA	NA	NA	NA	NA	NA	NA	NA	NA	3	2	1	NA	NA	NA	4	2	2
7	61816962	69983692	4	2	2	2	d	5	2	2	0.0377982976142	0.130537191545	3.893479	1.94673938	1.94673938	2	2	1	NA	NA	NA	NA	NA	NA	NA	4	2	2	2	2	1	NA	NA	NA	4	2	2
7	69983693	71156857	5	3	2	2	d	5	3	2	0.0499671646323	0.111450541114	4.6151	1.91633454	2.69876575	3	2	1	NA	NA	NA	NA	NA	NA	NA	5	2	3	3	2	1	NA	NA	NA	5	2	3
7	71156858	71289979	3	2	1	3	a	6	2	1	0.0701852645573	0.1	3	1	2	2	1	1	NA	NA	NA	NA	NA	NA	NA	3	1	2	2	1	1	NA	NA	NA	3	1	2
7	71289980	71490539	4	2	2	2	d	3	3	2	0.0405264090649	0.0888180547614	4.195037	2.09751839	2.09751839	2	2	0.595118154309005	3	2	0.404881845690995	0.0988243936194778	0.101081859949059	0.3275294428241	0.718685520600346	4	2	2	2	2	1	NA	NA	NA	4	2	2
7	71490540	71700183	5	3	2	3	a	6	3	2	0.0565796943272	0.111959830137	5	2	3	3	2	1	NA	NA	NA	NA	NA	NA	NA	5	2	3	3	2	1	NA	NA	NA	5	2	3
7	71700184	72256255	3	2	1	2	d	2	1.79	1.79	0.0365235849311	0.110465154409	3.38896	1.4495272	1.93943264	2	1	0.410686169048484	2	2	0.589313830951516	0.0302669800786556	0.030145775008301	0.346238575147723	0.465488685890689	3	1	2	2	2	0.575219	2	1	0.424781	3	1	2
7	72256256	75456679	4	2	2	2	e	4	1.79	1.79	0.0430192336556	0.14668032987	3.429655	1.46802501	1.96163001	2	1	0.410686169048484	2	2	0.589313830951516	0.0302669800786556	0.030145775008301	0.346238575147723	0.465488685890689	NA	NA	NA	2	2	1	NA	NA	NA	3	1	2
7	75456680	76094494	2	2	0	3	a	6	2	0	0.05	0.0984132239896	2	0	2	2	0	1	NA	NA	NA	NA	NA	NA	NA	2	0	2	2	0	1	NA	NA	NA	2	0	2
7	76094495	76188295	2	2	0	2	d	4	2	0	0.05	0.1	2	0	2	2	0	1	NA	NA	NA	NA	NA	NA	NA	1	0	1	1	0	1	NA	NA	NA	2	0	2
7	76188296	76203898	2	2	0	2	d	4	2	0	0.05	0.1	NA	NA	NA	2	0	1	NA	NA	NA	NA	NA	NA	NA	NA	NA	NA	2	0	1	NA	NA	NA	2	0	2
7	76203899	88390012	2	2	0	3	a	6	2	0	0.0640650447603	0.0757389594445	2	0	2	2	0	1	NA	NA	NA	NA	NA	NA	NA	2	0	2	2	0	1	NA	NA	NA	2	0	2
7	88390013	89434662	4	2	2	2	d	4	2	2	0.0434712146401	0.0929321915502	3.569844	1.78492218	1.78492218	2	1	0.434479106618183	2	2	0.565520893381817	0.0300824848725784	0.031635738393909	0.325877987665055	0.446734437676685	4	2	2	2	2	1	NA	NA	NA	4	2	2
7	89434663	91163801	3	2	1	2	d	3	2	0.79	0.0674249893148	0.0861455751683	2.793676	0.84372169	1.94995471	2	0	0.155169561531102	2	1	0.844830438468898	0.0206373222054147	0.0210631619498068	0.114737376861423	0.196428148876407	3	1	2	2	1	1	NA	NA	NA	3	1	2
7	91163802	91184356	3	2	1	2	d	3	2	0.79	0.05	0.1	2.793676	0.84372169	1.94995471	2	0	0.155169561531102	2	1	0.844830438468898	0.0206373222054147	0.0210631619498068	0.114737376861423	0.196428148876407	3	1	2	2	1	1	NA	NA	NA	3	1	2
7	91184357	96690758	2	2	0	3	a	6	2	0	0.0661355883784	0.0721155233688	2	0	2	2	0	1	NA	NA	NA	NA	NA	NA	NA	2	0	2	2	0	1	NA	NA	NA	2	0	2
7	96690759	96740799	2	2	0	2	d	4	NA	NA	NA	NA	2	0	2	2	0	1	NA	NA	NA	NA	NA	NA	NA	NA	NA	NA	2	0	1	NA	NA	NA	2	0	2
7	96740800	109431615	2	2	0	3	a	6	2	0	0.0688589250782	0.080696172226	2	0	2	2	0	1	NA	NA	NA	NA	NA	NA	NA	2	0	2	2	0	1	NA	NA	NA	2	0	2
7	109431616	129693045	2	2	0	3	a	6	2	0	0.0685848970376	0.0777070606368	2	0	2	2	0	1	NA	NA	NA	NA	NA	NA	NA	2	0	2	2	0	1	NA	NA	NA	2	0	2
7	129693046	130127844	4	2	2	3	a	6	2	2	0.0354105940065	0.0942092109314	4	2	2	2	2	1	NA	NA	NA	NA	NA	NA	NA	4	2	2	2	2	1	NA	NA	NA	4	2	2
7	130127845	130140627	4	2	2	1	g	NA	NA	NA	NA	NA	4	2	2	2	0	1	NA	NA	NA	NA	NA	NA	NA	NA	NA	NA	2	2	1	NA	NA	NA	2	0	2
7	130140628	131626467	4	2	2	3	a	6	2	2	0.0389593614587	0.100161749215	4	2	2	2	2	1	NA	NA	NA	NA	NA	NA	NA	4	2	2	2	2	1	NA	NA	NA	4	2	2
7	131626468	133785153	2	2	0	3	a	6	2	0	0.0710578934589	0.0697510870488	2	0	2	2	0	1	NA	NA	NA	NA	NA	NA	NA	2	0	2	2	0	1	NA	NA	NA	2	0	2
7	133785154	141764292	2	2	0	3	a	6	2	0	0.0658942699664	0.0738586116686	2	0	2	2	0	1	NA	NA	NA	NA	NA	NA	NA	2	0	2	2	0	1	NA	NA	NA	2	0	2
7	141764293	157215324	2	2	0	3	a	6	2	0	0.067783634821	0.0789411535667	2	0	2	2	0	1	NA	NA	NA	NA	NA	NA	NA	2	0	2	2	0	1	NA	NA	NA	2	0	2
7	157215325	158821400	4	2	2	2	d	5	2	2	0.0405280450901	0.17696969484	3.898202	1.94910118	1.94910118	2	2	1	NA	NA	NA	NA	NA	NA	NA	4	2	2	2	2	1	NA	NA	NA	4	2	2
8	10001	156330	4	2	2	2	d	2	NA	NA	NA	NA	NA	NA	NA	NA	NA	NA	NA	NA	NA	NA	NA	NA	NA	NA	NA	NA	2	2	1	NA	NA	NA	4	2	2
8	156331	17635267	4	2	2	2	d	5	2	2	0.0406836624953	0.133264589863	3.878218	1.93910911	1.93910911	2	2	1	NA	NA	NA	NA	NA	NA	NA	4	2	2	2	2	1	NA	NA	NA	4	2	2
8	17635268	17809649	4	2	2	2	d	2	2	2	0.0298658888538	0.0978973756459	4.360364	2.18018187	2.18018187	2	2	0.469465167715239	3	2	0.530534832284761	0.0596355621340066	0.0585927715954408	0.400536286851798	0.629901467225575	5	2	3	3	2	0.357986	2	2	0.642014	4	2	2
8	17809650	40660956	4	2	2	3	a	6	2	2	0.0374921763201	0.105039687291	4	2	2	2	2	1	NA	NA	NA	NA	NA	NA	NA	4	2	2	2	2	1	NA	NA	NA	4	2	2
8	40660957	42929455	2	2	0	3	a	6	2	0	0.0637924778316	0.0763168060155	2	0	2	2	0	1	NA	NA	NA	NA	NA	NA	NA	2	0	2	2	0	1	NA	NA	NA	2	0	2
8	42929456	43099999	4	2	2	2	d	4	1.79	1.44	0.05	0.10693433571	2	0	2	2	2	1	NA	NA	NA	NA	NA	NA	NA	4	2	2	2	2	1	NA	NA	NA	4	2	2
8	43100000	48099999	4	2	2	2	d	2	1.79	1.44	0.05	0.166512641437	3.569057	1.5278688	2.0411883	NA	NA	NA	NA	NA	NA	NA	NA	NA	NA	4	2	2	2	2	1	NA	NA	NA	3	1	2
8	48100000	90823651	4	2	2	2	e	5	1.79	1.44	0.0453514241829	0.100487950913	3.44447	1.5015134	1.94295694	2	1	0.466227579886602	2	2	0.533772420113398	0.005154710433416	0.00506766783798188	0.445889362605598	0.465892871723779	4	2	2	2	2	0.52419	2	1	0.47581	3	1	2
8	90823652	91141548	4	2	2	2	e	4	1.79	1.44	0.05	0.0926161908651	3.44447	1.5015134	1.94295694	3	2	1	NA	NA	NA	NA	NA	NA	NA	4	2	2	2	2	0.52419	2	1	0.47581	4	1	3
8	91141549	146364021	4	2	2	2	e	5	1.79	1.44	0.0464754599458	0.0950838015026	3.451369	1.50121639	1.95015267	2	1	0.473400311884861	2	2	0.526599688115139	0.00441182598731699	0.00448318848483696	0.459780688137769	0.477834665008343	4	2	2	2	2	0.52419	2	1	0.47581	3	1	2
9	10001	203760	2	2	0	2	d	2	2	0	0.05	0.1	NA	NA	NA	NA	NA	NA	NA	NA	NA	NA	NA	NA	NA	NA	NA	NA	1	0	1	NA	NA	NA	2	0	2
9	203761	2928491	2	2	0	2	d	5	2.56	0	0.0657356119075	0.0862043746282	2	0	2	2	0	1	NA	NA	NA	NA	NA	NA	NA	2	0	2	2	0	1	NA	NA	NA	2	0	2
9	2928492	2930754	2	2	0	2	d	4	2.56	0	0.05	0.1	2	0	2	2	0	1	NA	NA	NA	NA	NA	NA	NA	NA	NA	NA	2	0	1	NA	NA	NA	2	0	2
9	2930755	9446701	2	2	0	2	d	5	2.56	0	0.0648719191615	0.0842003729986	2	0	2	2	0	1	NA	NA	NA	NA	NA	NA	NA	2	0	2	2	0	1	NA	NA	NA	2	0	2
9	9446702	9898150	0	0	0	2	d	4	0	0	0.0542563795732	0.065910408627	0.150288	0.07514403	0.07514403	0	0	1	NA	NA	NA	NA	NA	NA	NA	1	0	1	0	0	1	NA	NA	NA	0	0	0
9	9898151	21893271	2	2	0	2	d	5	2.56	0	0.0658433845743	0.0932782859262	2	0	2	2	0	1	NA	NA	NA	NA	NA	NA	NA	2	0	2	2	0	1	NA	NA	NA	2	0	2
9	21893272	22461733	0	0	0	2	d	3	0	0	0.0538657438972	0.0516069785183	0.10012	0.05006022	0.05006022	0	0	0.910241497729035	1	0	0.089758502270965	0.028952096010318	0.0289504531024446	0.857339155485398	0.972036053970004	1	0	1	0	0	1	NA	NA	NA	0	0	0
9	22461734	22474119	2	2	0	2	d	4	2.56	0	0.05	0.1	0.10012	0.05006022	0.05006022	2	0	1	NA	NA	NA	NA	NA	NA	NA	2	0	2	2	0	1	NA	NA	NA	2	0	2
9	22474120	44872499	2	2	0	2	d	5	2.56	0	0.0657202010059	0.116414669026	2	0	2	2	0	1	NA	NA	NA	NA	NA	NA	NA	2	0	2	2	0	1	NA	NA	NA	2	0	2
9	44872500	47299999	2	2	0	2	e	3	2.56	0	0.05	0.250422528814	2	0	2	1	0	0.840043970652146	2	0	0.159956029347854	NA	0	0.840043970652146	0.840043970652146	1	0	1	2	0	1	NA	NA	NA	3	1	2
9	47300000	50699999	2	2	0	2	f	2	2.56	0	0.05	0.1	NA	NA	NA	NA	NA	NA	NA	NA	NA	NA	NA	NA	NA	1	0	1	2	0	1	NA	NA	NA	3	1	2
9	50700000	69804259	2	2	0	2	f	2	2.56	0	0.05	0.309125116049	NA	NA	NA	NA	NA	NA	NA	NA	NA	NA	NA	NA	NA	1	0	1	2	0	1	NA	NA	NA	3	1	2
9	69804260	71039525	3	2	1	2	d	2	2	0.79	0.05	0.479927792892	NA	NA	NA	2	1	1	NA	NA	NA	NA	NA	NA	NA	NA	NA	NA	2	0	0.438303	2	1	0.561697	3	1	2
9	71039526	78002267	3	2	1	2	d	3	2	0.79	0.0610943878062	0.0865746735207	2.790386	0.82791033	1.96247536	2	0	0.166701034977551	2	1	0.833298965022449	0.00332973525265168	0.00321826469523596	0.160357570511702	0.173073218939699	3	1	2	2	1	1	NA	NA	NA	3	1	2
9	78002268	140223200	3	2	1	2	d	3	2	0.79	0.063202981005	0.0923240623981	2.779962	0.83844707	1.94151531	2	0	0.166701034977551	2	1	0.833298965022449	0.00332973525265168	0.00321826469523596	0.160357570511702	0.173073218939699	3	1	2	2	1	1	NA	NA	NA	3	1	2
9	140223201	140777886	3	2	1	2	d	4	2	0.79	0.0577333485958	0.1	2.833724	0.89429736	1.93942694	2	1	1	NA	NA	NA	NA	NA	NA	NA	3	1	2	2	1	1	NA	NA	NA	3	1	2
10	102500	19536243	3	2	1	2	d	5	2.21	1.24	0.05981848965	0.125739383809	3	1	2	2	1	1	NA	NA	NA	NA	NA	NA	NA	3	1	2	2	1	1	NA	NA	NA	3	1	2
10	19536244	19633988	4	2	2	2	d	5	2.29	2.29	0.0318681572389	0.0671282864114	4	2	2	2	2	1	NA	NA	NA	NA	NA	NA	NA	4	2	2	2	2	1	NA	NA	NA	4	2	2
10	19633989	37999999	3	2	1	3	a	6	2	1	0.0603236460925	0.0997046798901	3	1	2	2	1	1	NA	NA	NA	NA	NA	NA	NA	3	1	2	2	1	1	NA	NA	NA	3	1	2
10	38000000	42385015	3	2	1	2	d	4	2	1	0.062254666958	0.193458735405	3.110781	1.10576852	2.00501302	2	1	1	NA	NA	NA	NA	NA	NA	NA	3	1	2	NA	NA	NA	NA	NA	NA	3	1	2
10	42385016	84431867	3	2	1	3	a	6	2	1	0.0605262840113	0.0966002840817	3	1	2	2	1	1	NA	NA	NA	NA	NA	NA	NA	3	1	2	2	1	1	NA	NA	NA	3	1	2
10	84431868	100338674	3	2	1	3	a	6	2	1	0.0602631694895	0.0998800146952	3	1	2	2	1	1	NA	NA	NA	NA	NA	NA	NA	3	1	2	2	1	1	NA	NA	NA	3	1	2
10	100338675	100361623	1	1	0	2	d	5	1	0	0.05	0.1	1.361394	0.14592963	1.21546396	1	0	1	NA	NA	NA	NA	NA	NA	NA	1	0	1	1	0	1	NA	NA	NA	1	0	1
10	100361624	108821642	3	2	1	3	a	6	2	1	0.0609988058525	0.0878777171735	3	1	2	2	1	1	NA	NA	NA	NA	NA	NA	NA	3	1	2	2	1	1	NA	NA	NA	3	1	2
10	108821643	132579782	3	2	1	3	a	6	2	1	0.0602923111115	0.0879669332607	3	1	2	2	1	1	NA	NA	NA	NA	NA	NA	NA	3	1	2	2	1	1	NA	NA	NA	3	1	2
10	132579783	132591052	3	2	1	2	d	4	2	1	0.05	0.1	3	1	2	2	2	1	NA	NA	NA	NA	NA	NA	NA	3	1	2	2	1	1	NA	NA	NA	4	2	2
10	132591053	132594065	3	2	1	2	d	3	2	1	0.05	0.1	NA	NA	NA	1	1	1	NA	NA	NA	NA	NA	NA	NA	3	1	2	2	1	1	NA	NA	NA	4	2	2
10	132594066	135389924	3	2	1	3	a	6	2	1	0.063868030035	0.102949622775	3	1	2	2	1	1	NA	NA	NA	NA	NA	NA	NA	3	1	2	2	1	1	NA	NA	NA	3	1	2
11	20721	197336	3	2	1	2	f	2	2	1.64	0.05	0.1	NA	NA	NA	NA	NA	NA	NA	NA	NA	NA	NA	NA	NA	NA	NA	NA	3	0	0.588232	3	1	0.411768	3	1	2
11	197337	51599999	4	2	2	2	e	5	2	1.64	0.0464093307118	0.107568260901	3.446134	1.49614466	1.94998914	2	1	0.473400311884861	2	2	0.526599688115139	0.00428423020395249	0.00439277612659287	0.464514013961019	0.482141638602902	4	2	2	2	2	0.511646	2	1	0.488354	3	1	2
11	51600000	55699999	NA	NA	NA	NA	NA	NA	2	1.64	0.05	0.228267033155	3.479649	1.45639445	2.02325471	2	1	0.519058043697311	2	2	0.480941956302689	0.00459345921927395	0.00443824385654399	0.510456471526257	0.527846865354222	4	2	2	2	2	0.511646	2	1	0.488354	3	1	2
11	55700000	114858774	3	2	1	2	d	2	1.79	1.44	0.048316122282	0.0991150966664	3.391486	1.44301725	1.94846909	2	1	0.519058043697311	2	2	0.480941956302689	0.00459345921927395	0.00443824385654399	0.510456471526257	0.527846865354222	3	1	2	2	2	0.449337	2	1	0.550663	3	1	2
11	114858775	134452200	3	2	1	2	d	2	1.79	1.44	0.0475474292617	0.0934391462655	3.368911	1.44659231	1.9223186	2	1	0.512850337875257	2	2	0.487149662124743	0.00709338171626994	0.00688580837873795	0.484859882584726	0.510659899008833	3	1	2	2	2	0.467104	2	1	0.532896	3	1	2
12	110107	15773595	4	2	2	3	a	6	2	2	0.0383079474754	0.103949901835	4	2	2	2	2	1	NA	NA	NA	NA	NA	NA	NA	4	2	2	2	2	1	NA	NA	NA	4	2	2
12	15773596	33299999	4	2	2	3	a	6	2	2	0.0380075255794	0.112325469448	4	2	2	2	2	1	NA	NA	NA	NA	NA	NA	NA	4	2	2	2	2	1	NA	NA	NA	4	2	2
12	33300000	38199999	4	2	2	3	a	6	2	2	0.0363817971848	0.158720338577	4	2	2	2	2	1	NA	NA	NA	NA	NA	NA	NA	4	2	2	2	2	1	NA	NA	NA	4	2	2
12	38200000	60990323	4	2	2	3	a	6	2	2	0.0400966761165	0.103930049235	4	2	2	2	2	1	NA	NA	NA	NA	NA	NA	NA	4	2	2	2	2	1	NA	NA	NA	4	2	2
12	60990324	78600375	4	2	2	3	a	6	2	2	0.0389190474381	0.0985219490045	4	2	2	2	2	1	NA	NA	NA	NA	NA	NA	NA	4	2	2	2	2	1	NA	NA	NA	4	2	2
12	78600376	79430560	6	4	2	2	d	4	4	2	0.0572576643673	0.13701346949	5.802228	2.06516088	3.73706681	4	2	0.813250724018421	4	3	0.186749275981579	0.0798429960171098	0.0814351622302411	0.514265506889591	0.833549477073565	6	2	4	4	2	1	NA	NA	NA	6	2	4
12	79430561	91997452	4	2	2	3	a	6	2	2	0.0371283935095	0.102938032414	4	2	2	2	2	1	NA	NA	NA	NA	NA	NA	NA	4	2	2	2	2	1	NA	NA	NA	4	2	2
12	91997453	104713837	4	2	2	3	a	6	2	2	0.0375094792509	0.108700354503	4	2	2	2	2	1	NA	NA	NA	NA	NA	NA	NA	4	2	2	2	2	1	NA	NA	NA	4	2	2
12	104713838	104746113	4	2	2	2	d	2	NA	NA	NA	NA	4	2	2	2	0	0.632748014460024	2	1	0.367251985539976	NA	0	0.632748014460024	0.632748014460024	NA	NA	NA	2	2	1	NA	NA	NA	3	1	2
12	104746114	110590370	4	2	2	3	a	6	2	2	0.0363610528335	0.0933052235527	4	2	2	2	2	1	NA	NA	NA	NA	NA	NA	NA	4	2	2	2	2	1	NA	NA	NA	4	2	2
12	110590371	110739676	7	5	2	1	g	NA	4	2	0.05	0.112689784378	4	2	2	4	3	1	NA	NA	NA	NA	NA	NA	NA	6	2	4	5	2	1	NA	NA	NA	6	2	4
12	110739677	131962781	4	2	2	3	a	6	2	2	0.0373301909845	0.101407473962	4	2	2	2	2	1	NA	NA	NA	NA	NA	NA	NA	4	2	2	2	2	1	NA	NA	NA	4	2	2
12	131962782	131964474	4	2	2	3	b	5	2	2	0.05	0.1	4	2	2	2	2	1	NA	NA	NA	NA	NA	NA	NA	NA	NA	NA	2	2	1	NA	NA	NA	4	2	2
12	131964475	132349400	4	2	2	3	a	6	2	2	0.0382555750273	0.0900243393001	4	2	2	2	2	1	NA	NA	NA	NA	NA	NA	NA	4	2	2	2	2	1	NA	NA	NA	4	2	2
12	132349401	133851894	4	2	2	3	b	5	NA	NA	NA	NA	4	2	2	2	2	1	NA	NA	NA	NA	NA	NA	NA	4	2	2	2	2	1	NA	NA	NA	4	2	2
13	1	16299999	4	2	2	1	h	1	NA	NA	NA	NA	NA	NA	NA	NA	NA	NA	NA	NA	NA	NA	NA	NA	NA	NA	NA	NA	NA	NA	NA	NA	NA	NA	4	2	2
13	16300000	19499999	4	2	2	2	d	4	2	2	0.05	0.0962483858855	NA	NA	NA	2	2	1	NA	NA	NA	NA	NA	NA	NA	4	2	2	2	2	0.322171	2	1	0.677829	4	2	2
13	19500000	20510673	4	2	2	2	d	5	2	2	0.0383795852183	0.111026126523	3.867622	1.93381126	1.93381126	2	2	1	NA	NA	NA	NA	NA	NA	NA	4	2	2	2	2	1	NA	NA	NA	4	2	2
13	20510674	20570906	3	2	1	2	d	2	3	1	0.05	0.1	3.867622	1.93381126	1.93381126	2	1	0.21771677449536	2	2	0.78228322550464	0.00587788229215748	0.00574778181634661	0.206292502614685	0.228900969755708	NA	NA	NA	2	1	1	NA	NA	NA	3	1	2
13	20570907	55296849	4	2	2	2	d	4	2	2	0.0425810748081	0.144977323476	3.651639	1.82581939	1.82581939	2	1	0.21771677449536	2	2	0.78228322550464	0.00587788229215748	0.00574778181634661	0.206292502614685	0.228900969755708	4	2	2	2	2	1	NA	NA	NA	4	2	2
13	55296850	55326907	3	2	1	2	d	2	1.79	1.44	0.05	0.1	3.651639	1.82581939	1.82581939	2	2	1	NA	NA	NA	NA	NA	NA	NA	3	1	2	2	2	0.532604	2	1	0.467396	3	1	2
13	55326908	61461027	4	2	2	2	d	5	2	2	0.0381320562935	0.157783095125	3.775066	1.88753275	1.88753275	2	2	1	NA	NA	NA	NA	NA	NA	NA	4	2	2	2	2	1	NA	NA	NA	4	2	2
13	61461028	66270010	4	2	2	2	d	5	2	2	0.0383543859355	0.101517974335	3.883273	1.9416367	1.9416367	2	2	1	NA	NA	NA	NA	NA	NA	NA	4	2	2	2	2	1	NA	NA	NA	4	2	2
13	66270011	88588312	4	2	2	2	d	5	2	2	0.0401417972946	0.104239333266	3.895814	1.94790683	1.94790683	2	2	1	NA	NA	NA	NA	NA	NA	NA	4	2	2	2	2	1	NA	NA	NA	4	2	2
13	88588313	91307292	4	2	2	2	d	5	2	2	0.0412672862527	0.105891958603	3.86865	1.93432485	1.93432485	2	2	1	NA	NA	NA	NA	NA	NA	NA	4	2	2	2	2	1	NA	NA	NA	4	2	2
13	91307293	94755430	4	2	2	2	d	5	2	2	0.0387093089308	0.10435477587	3.880899	1.94044949	1.94044949	2	2	1	NA	NA	NA	NA	NA	NA	NA	4	2	2	2	2	1	NA	NA	NA	4	2	2
13	94755431	94873862	5	3	2	2	d	4	3	2	0.05	0.114831983557	4.826332	2.03392552	2.7924069	2	2	1	NA	NA	NA	NA	NA	NA	NA	5	2	3	3	2	1	NA	NA	NA	5	2	3
13	94873863	114142800	4	2	2	2	d	5	2	2	0.039674918239	0.0998502253263	3.895036	1.94751787	1.94751787	2	2	1	NA	NA	NA	NA	NA	NA	NA	4	2	2	2	2	1	NA	NA	NA	4	2	2
13	114142801	115169877	4	2	2	2	d	4	NA	NA	NA	NA	3.894684	1.94734191	1.94734191	2	2	1	NA	NA	NA	NA	NA	NA	NA	4	2	2	2	2	1	NA	NA	NA	4	2	2
14	1	16099999	3	2	1	1	h	1	NA	NA	NA	NA	NA	NA	NA	NA	NA	NA	NA	NA	NA	NA	NA	NA	NA	NA	NA	NA	NA	NA	NA	NA	NA	NA	3	1	2
14	16100000	19099999	NA	NA	NA	NA	NA	NA	2	2	0.05	0.123083268872	NA	NA	NA	NA	NA	NA	NA	NA	NA	NA	NA	NA	NA	NA	NA	NA	3	0	0.421036	3	1	0.578964	3	1	2
14	19100000	20464279	4	2	2	2	d	2	2	2	0.05	0.167097276601	3.019513	1.50975652	1.50975652	2	2	1	NA	NA	NA	NA	NA	NA	NA	NA	NA	NA	3	0	0.421036	3	1	0.578964	3	1	2
14	20464280	37700547	3	2	1	3	a	6	2	1	0.0593605676258	0.0979513494162	3	1	2	2	1	1	NA	NA	NA	NA	NA	NA	NA	3	1	2	2	1	1	NA	NA	NA	3	1	2
14	37700548	37820159	4	3	1	2	d	3	NA	NA	NA	NA	3	1	2	3	1	1	NA	NA	NA	NA	NA	NA	NA	4	1	3	2	1	1	NA	NA	NA	4	1	3
14	37820160	93640470	3	2	1	3	a	6	2	1	0.0605731231173	0.0939704234924	3	1	2	2	1	1	NA	NA	NA	NA	NA	NA	NA	3	1	2	2	1	1	NA	NA	NA	3	1	2
14	93640471	106400933	3	2	1	3	a	6	2	1	0.0614152364244	0.115985475005	3	1	2	2	1	1	NA	NA	NA	NA	NA	NA	NA	3	1	2	2	1	1	NA	NA	NA	3	1	2
15	1	15799999	4	2	2	1	h	1	NA	NA	NA	NA	NA	NA	NA	NA	NA	NA	NA	NA	NA	NA	NA	NA	NA	NA	NA	NA	NA	NA	NA	NA	NA	NA	4	2	2
15	15800000	20699999	4	2	2	2	f	2	1.64	1.64	0.05	0.319215612405	NA	NA	NA	2	2	0.743146742299537	3	2	0.256853257700463	0.118393218703058	0.121506178071617	0.412393637536509	0.918823185328536	NA	NA	NA	2	2	0.0814836	2	1	0.918516	4	2	2
15	20700000	36562477	4	2	2	3	a	6	2	2	0.0382897834138	0.141044593067	4	2	2	2	2	1	NA	NA	NA	NA	NA	NA	NA	4	2	2	2	2	1	NA	NA	NA	4	2	2
15	36562478	37947203	4	2	2	3	a	6	2	2	0.0359157364052	0.0974906111505	4	2	2	2	2	1	NA	NA	NA	NA	NA	NA	NA	4	2	2	2	2	1	NA	NA	NA	4	2	2
15	37947204	100338800	4	2	2	3	a	6	2	2	0.0385578206966	0.106639968926	4	2	2	2	2	1	NA	NA	NA	NA	NA	NA	NA	4	2	2	2	2	1	NA	NA	NA	4	2	2
15	100338801	102401912	4	2	2	2	d	4	NA	NA	NA	NA	3.875747	1.93787331	1.93787331	2	2	1	NA	NA	NA	NA	NA	NA	NA	4	2	2	2	2	1	NA	NA	NA	4	2	2
16	84170	6581314	3	2	1	3	a	6	2	1	0.0622099182325	0.105370125541	3	1	2	2	1	1	NA	NA	NA	NA	NA	NA	NA	3	1	2	2	1	1	NA	NA	NA	3	1	2
16	6581315	34599999	3	2	1	3	a	6	2	1	0.0598951259191	0.124261900117	3	1	2	2	1	1	NA	NA	NA	NA	NA	NA	NA	3	1	2	2	1	1	NA	NA	NA	3	1	2
16	34600000	38599999	3	2	1	3	a	6	2	1	0.05	0.126670775057	3	1	2	2	1	1	NA	NA	NA	NA	NA	NA	NA	3	1	2	2	1	1	NA	NA	NA	3	1	2
16	38600000	46429999	3	2	1	2	d	4	NA	NA	NA	NA	3	1	2	NA	NA	NA	NA	NA	NA	NA	NA	NA	NA	3	1	2	2	1	1	NA	NA	NA	3	1	2
16	46430000	78216837	3	2	1	3	a	6	2	1	0.0605074014197	0.0929308507195	3	1	2	2	1	1	NA	NA	NA	NA	NA	NA	NA	3	1	2	2	1	1	NA	NA	NA	3	1	2
16	78216838	78387680	2	1	1	2	d	2	1.24	1.24	0.0525033694457	0.0844291653459	2.473328	0.96690866	1.5064191	1	1	0.505451898273435	2	1	0.494548101726565	0.0582555216152714	0.0582073951935154	0.380395217497302	0.608623407569779	2	1	1	2	1	0.583789	1	1	0.416211	2	1	1
16	78387681	88827200	3	2	1	3	a	6	2	1	0.0588907483084	0.093280146588	3	1	2	2	1	1	NA	NA	NA	NA	NA	NA	NA	3	1	2	2	1	1	NA	NA	NA	3	1	2
16	88827201	90354752	3	2	1	3	b	5	NA	NA	NA	NA	3	1	2	2	1	1	NA	NA	NA	NA	NA	NA	NA	3	1	2	2	1	1	NA	NA	NA	3	1	2
17	1665	22199999	4	2	2	3	a	6	2	2	0.0413967390758	0.114691156375	4	2	2	2	2	1	NA	NA	NA	NA	NA	NA	NA	4	2	2	2	2	1	NA	NA	NA	4	2	2
17	22200000	25799999	4	2	2	2	d	5	2	2	0.0429369627951	0.196147755471	3.886409	1.94320465	1.94320465	2	2	1	NA	NA	NA	NA	NA	NA	NA	4	2	2	2	2	1	NA	NA	NA	4	2	2
17	25800000	34052578	4	2	2	2	d	5	2	2	0.0375661868732	0.102745856315	3.886056	1.94302787	1.94302787	2	2	1	NA	NA	NA	NA	NA	NA	NA	4	2	2	2	2	1	NA	NA	NA	4	2	2
17	34052579	78774600	4	2	2	2	d	5	2	2	0.0380094680673	0.115376587506	3.899055	1.94952748	1.94952748	2	2	1	NA	NA	NA	NA	NA	NA	NA	4	2	2	2	2	1	NA	NA	NA	4	2	2
17	78774601	81195209	4	2	2	3	b	5	NA	NA	NA	NA	4	2	2	2	2	1	NA	NA	NA	NA	NA	NA	NA	4	2	2	2	2	1	NA	NA	NA	4	2	2
18	27500	15216225	3	2	1	3	a	6	2	1	0.0597559647623	0.101066472903	3	1	2	2	1	1	NA	NA	NA	NA	NA	NA	NA	3	1	2	2	1	1	NA	NA	NA	3	1	2
18	15216226	18999999	3	2	1	3	a	6	2	1	0.05	0.0870168175445	3	1	2	2	1	1	NA	NA	NA	NA	NA	NA	NA	3	1	2	2	1	1	NA	NA	NA	3	1	2
18	19000000	26868205	3	2	1	3	a	6	2	1	0.057343598463	0.0894218368724	3	1	2	2	1	1	NA	NA	NA	NA	NA	NA	NA	3	1	2	2	1	1	NA	NA	NA	3	1	2
18	26868206	26885318	3	2	1	3	b	6	2	1	0.05	0.1	3	1	2	2	1	1	NA	NA	NA	NA	NA	NA	NA	3	1	2	2	1	1	NA	NA	NA	2	0	2
18	26885319	28379454	3	2	1	3	a	6	2	1	0.0615188091474	0.0876522171394	3	1	2	2	1	1	NA	NA	NA	NA	NA	NA	NA	3	1	2	2	1	1	NA	NA	NA	3	1	2
18	28379455	28381687	3	2	1	3	b	5	2	1	0.05	0.1	3	1	2	2	1	1	NA	NA	NA	NA	NA	NA	NA	NA	NA	NA	2	1	1	NA	NA	NA	3	1	2
18	28381688	76117000	3	2	1	3	a	6	2	1	0.0587667400654	0.0951770348709	3	1	2	2	1	1	NA	NA	NA	NA	NA	NA	NA	3	1	2	2	1	1	NA	NA	NA	3	1	2
18	76117001	78077247	3	2	1	3	b	5	NA	NA	NA	NA	3	1	2	2	1	1	NA	NA	NA	NA	NA	NA	NA	3	1	2	2	1	1	NA	NA	NA	3	1	2
19	102500	260136	2	2	0	2	d	4	2	0	0.05	0.1	NA	NA	NA	2	0	1	NA	NA	NA	NA	NA	NA	NA	NA	NA	NA	2	0	1	NA	NA	NA	2	0	2
19	260137	1167833	2	2	0	2	d	5	2	0	0.0645960998779	0.14073040818	2	0	2	2	0	0.702182341863301	3	0	0.297817658136699	0.0492485040954593	0.0468294535339964	0.702370992242921	0.886412559571819	2	0	2	2	0	1	NA	NA	NA	2	0	2
19	1167834	1238166	2	2	0	1	g	NA	2	0	0.05	0.1	2	0	2	0	0	1	NA	NA	NA	NA	NA	NA	NA	1	0	1	2	0	1	NA	NA	NA	0	0	0
19	1238167	14994909	2	2	0	3	a	6	2	0	0.0694693453192	0.115647953679	2	0	2	2	0	1	NA	NA	NA	NA	NA	NA	NA	2	0	2	2	0	1	NA	NA	NA	2	0	2
19	14994910	16926693	4	2	2	3	a	6	2	2	0.041803982436	0.10022720287	4	2	2	2	2	1	NA	NA	NA	NA	NA	NA	NA	4	2	2	2	2	1	NA	NA	NA	4	2	2
19	16926694	21823558	2	2	0	3	a	6	2	0	0.0679745789809	0.0995168918932	2	0	2	2	0	1	NA	NA	NA	NA	NA	NA	NA	2	0	2	2	0	1	NA	NA	NA	2	0	2
19	21823559	21842158	2	2	0	3	b	6	2	0	0.05	0.1	2	0	2	2	0	1	NA	NA	NA	NA	NA	NA	NA	2	0	2	1	0	1	NA	NA	NA	2	0	2
19	21842159	24206944	2	2	0	3	a	6	2	0	0.0617082679309	0.080057007222	2	0	2	2	0	1	NA	NA	NA	NA	NA	NA	NA	2	0	2	2	0	1	NA	NA	NA	2	0	2
19	24206945	24209990	2	2	0	1	g	NA	2	0	0.05	0.1	2	0	2	2	2	1	NA	NA	NA	NA	NA	NA	NA	3	1	2	2	0	1	NA	NA	NA	4	2	2
19	24209991	24399999	2	2	0	3	a	6	2	0	0.0621345245403	0.0676156481623	2	0	2	2	0	1	NA	NA	NA	NA	NA	NA	NA	2	0	2	2	0	1	NA	NA	NA	2	0	2
19	24400000	28599999	2	2	0	2	d	4	2	0	0.0754682161926	0.162423229964	2.177781	0.07813697	2.09964378	NA	NA	NA	NA	NA	NA	NA	NA	NA	NA	2	0	2	2	0	1	NA	NA	NA	2	0	2
19	28600000	29099836	2	2	0	3	a	6	2	0	0.0564743035738	0.0740898143711	2	0	2	2	0	1	NA	NA	NA	NA	NA	NA	NA	2	0	2	2	0	1	NA	NA	NA	2	0	2
19	29099837	29381787	4	2	2	2	d	5	2	2	0.0332567711911	0.0901669249359	3.848281	1.92414062	1.92414062	2	2	1	NA	NA	NA	NA	NA	NA	NA	4	2	2	2	2	1	NA	NA	NA	4	2	2
19	29381788	38446969	4	2	2	2	d	5	2	2	0.0400747981122	0.112536712339	3.883999	1.94199959	1.94199959	2	2	1	NA	NA	NA	NA	NA	NA	NA	4	2	2	2	2	1	NA	NA	NA	4	2	2
19	38446970	38906877	2	2	0	3	a	6	2	0	0.0823399096528	0.0913862112442	2	0	2	2	0	1	NA	NA	NA	NA	NA	NA	NA	2	0	2	2	0	1	NA	NA	NA	2	0	2
19	38906878	39304660	3	2	1	2	d	2	1.79	1.79	0.05	0.0969038000603	3.408079	1.42291949	1.98515928	2	1	0.484303704823334	2	2	0.515696295176666	0.0140863655290965	0.0137251136525755	0.456434964841469	0.509795332917469	3	1	2	2	2	1	NA	NA	NA	3	1	2
19	39304661	45729635	4	2	2	2	d	2	1.79	1.79	0.0453469120183	0.115323683389	3.451538	1.50770755	1.94383061	2	1	0.484303704823334	2	2	0.515696295176666	0.0140863655290965	0.0137251136525755	0.456434964841469	0.509795332917469	4	2	2	2	2	1	NA	NA	NA	3	1	2
19	45729636	45893057	2	2	0	2	d	4	1.79	1.79	0.0833108907941	0.1	2.228527	0.0667419	2.16178456	2	0	1	NA	NA	NA	NA	NA	NA	NA	2	0	2	2	0	1	NA	NA	NA	2	0	2
19	45893058	46221229	4	2	2	2	d	4	1.79	1.79	0.05	0.0797240699543	3.788236	1.89411801	1.89411801	2	2	1	NA	NA	NA	NA	NA	NA	NA	4	2	2	2	2	1	NA	NA	NA	4	2	2
19	46221230	46547688	4	2	2	2	d	4	1.79	1.79	0.035082886234	0.214843818796	3.867291	1.93364573	1.93364573	2	2	1	NA	NA	NA	NA	NA	NA	NA	4	2	2	2	2	1	NA	NA	NA	4	2	2
19	46547689	59128982	2	2	0	3	a	6	2	0	0.0643397640126	0.126013762523	2	0	2	2	0	1	NA	NA	NA	NA	NA	NA	NA	2	0	2	2	0	1	NA	NA	NA	2	0	2
20	17500	25599999	4	2	2	2	d	3	1.79	1.44	0.0452188486589	0.096453514791	3.44958	1.49772436	1.95185606	2	1	0.477741466803049	2	2	0.522258533196951	0.0130581569845672	0.0130352516810844	0.450409512748073	0.50207839794082	4	2	2	2	2	1	NA	NA	NA	4	2	2
20	25600000	29399999	4	2	2	2	d	2	1.79	1.44	0.032758806638	0.153220395316	3.44958	1.49772436	1.95185606	2	1	0.477741466803049	2	2	0.522258533196951	0.0130581569845672	0.0130352516810844	0.450409512748073	0.50207839794082	4	2	2	2	2	1	NA	NA	NA	3	1	2
20	29400000	62432500	4	2	2	2	d	2	1.79	1.44	0.0469505307143	0.0919381986027	3.436937	1.49192969	1.94500781	2	1	0.47856954826861	2	2	0.52143045173139	0.00577935327063728	0.00568588532943597	0.466883295386469	0.489718742843342	4	2	2	2	2	1	NA	NA	NA	3	1	2
21	1	9417499	NA	NA	NA	NA	NA	NA	NA	NA	NA	NA	NA	NA	NA	NA	NA	NA	NA	NA	NA	NA	NA	NA	NA	NA	NA	NA	3	1	1	NA	NA	NA	NA	NA	NA
21	9417500	9893801	NA	NA	NA	NA	NA	NA	NA	NA	NA	NA	NA	NA	NA	NA	NA	NA	NA	NA	NA	NA	NA	NA	NA	NA	NA	NA	3	1	1	NA	NA	NA	NA	NA	NA
21	9893802	10757500	NA	NA	NA	NA	NA	NA	2	2	0.05	0.202577163075	NA	NA	NA	NA	NA	NA	NA	NA	NA	NA	NA	NA	NA	NA	NA	NA	3	0	0.35613	3	1	0.64387	NA	NA	NA
21	10757501	14299999	4	4	0	1	g	NA	2	2	0.05	0.153598994402	NA	NA	NA	NA	NA	NA	NA	NA	NA	NA	NA	NA	NA	NA	NA	NA	4	0	1	NA	NA	NA	NA	NA	NA
21	14300000	20201780	4	2	2	3	b	5	2	2	0.0400057297858	0.114322705364	4	2	2	2	2	1	NA	NA	NA	NA	NA	NA	NA	4	2	2	2	2	1	NA	NA	NA	NA	NA	NA
21	20201781	20218604	4	2	2	2	d	4	2	2	0.05	0.1	4	2	2	2	1	1	NA	NA	NA	NA	NA	NA	NA	4	2	2	2	2	1	NA	NA	NA	3	1	2
21	20218605	24916748	4	2	2	2	d	5	2	2	0.0384323332162	0.112498571961	3.885908	1.94295403	1.94295403	2	2	1	NA	NA	NA	NA	NA	NA	NA	4	2	2	2	2	1	NA	NA	NA	4	2	2
21	24916749	46937500	4	2	2	2	d	5	2	2	0.0394526928579	0.102042471109	3.895512	1.94775613	1.94775613	2	2	1	NA	NA	NA	NA	NA	NA	NA	4	2	2	2	2	1	NA	NA	NA	4	2	2
21	46937501	48129894	4	2	2	2	d	4	NA	NA	NA	NA	3.871322	1.93566084	1.93566084	2	2	1	NA	NA	NA	NA	NA	NA	NA	4	2	2	2	2	1	NA	NA	NA	4	2	2
22	1	12199999	4	2	2	1	h	1	NA	NA	NA	NA	NA	NA	NA	NA	NA	NA	NA	NA	NA	NA	NA	NA	NA	NA	NA	NA	NA	NA	NA	NA	NA	NA	4	2	2
22	12200000	17899999	4	2	2	3	a	6	2	2	0.0393883165565	0.167546661434	4	2	2	2	2	1	NA	NA	NA	NA	NA	NA	NA	4	2	2	2	2	1	NA	NA	NA	4	2	2
22	17900000	29065287	4	2	2	3	a	6	2	2	0.0385007257829	0.129519931394	4	2	2	2	2	1	NA	NA	NA	NA	NA	NA	NA	4	2	2	2	2	1	NA	NA	NA	4	2	2
22	29065288	29065492	4	2	2	3	b	6	2	2	0.05	0.1	4	2	2	2	2	1	NA	NA	NA	NA	NA	NA	NA	1	0	1	2	2	1	NA	NA	NA	4	2	2
22	29065493	29065678	4	2	2	2	d	4	2	2	0.05	0.1	NA	NA	NA	2	2	1	NA	NA	NA	NA	NA	NA	NA	1	0	1	2	2	1	NA	NA	NA	4	2	2
22	29065679	29065961	4	2	2	2	d	4	2	2	0.05	0.1	NA	NA	NA	2	2	1	NA	NA	NA	NA	NA	NA	NA	1	0	1	2	2	1	NA	NA	NA	4	2	2
22	29065962	29066145	4	2	2	2	d	4	2	2	0.05	0.1	NA	NA	NA	2	2	1	NA	NA	NA	NA	NA	NA	NA	NA	NA	NA	2	2	1	NA	NA	NA	4	2	2
22	29066146	49691400	4	2	2	3	a	6	2	2	0.0405752051835	0.112946749091	4	2	2	2	2	1	NA	NA	NA	NA	NA	NA	NA	4	2	2	2	2	1	NA	NA	NA	4	2	2
22	49691401	51304565	4	2	2	3	b	5	NA	NA	NA	NA	4	2	2	2	2	1	NA	NA	NA	NA	NA	NA	NA	4	2	2	2	2	1	NA	NA	NA	4	2	2
X	1	10084160	2	2	0	1	h	1	1	0	0.0659716760978	0.201818680818	2	0	2	NA	NA	NA	NA	NA	NA	NA	NA	NA	NA	2	0	2	NA	NA	NA	NA	NA	NA	3	1	2
X	10084161	10476993	2	2	0	1	h	1	1	0	0.05	0.1	2.439851	0	2.439851	NA	NA	NA	NA	NA	NA	NA	NA	NA	NA	3	0	3	NA	NA	NA	NA	NA	NA	3	1	2
X	10476994	54828630	2	2	0	1	h	1	1	0	0.05	0.125179232005	2	0	2	NA	NA	NA	NA	NA	NA	NA	NA	NA	NA	2	0	2	NA	NA	NA	NA	NA	NA	3	1	2
X	54828631	58099999	2	2	0	1	h	1	1	0	0.05	0.10260124568	2	0	2	NA	NA	NA	NA	NA	NA	NA	NA	NA	NA	2	0	2	NA	NA	NA	NA	NA	NA	3	1	2
X	58100000	62999999	2	2	0	1	h	1	1	0	0.05	0.294586947514	2	0	2	NA	NA	NA	NA	NA	NA	NA	NA	NA	NA	2	0	2	NA	NA	NA	NA	NA	NA	3	1	2
X	63000000	96877927	2	2	0	1	h	1	1	0	0.05	0.170497179691	2	0	2	NA	NA	NA	NA	NA	NA	NA	NA	NA	NA	2	0	2	NA	NA	NA	NA	NA	NA	3	1	2
X	96877928	96877991	2	2	0	1	h	1	1	0	0.05	0.1	2	0	2	NA	NA	NA	NA	NA	NA	NA	NA	NA	NA	2	0	2	NA	NA	NA	NA	NA	NA	3	1	2
X	96877992	155270559	2	2	0	1	h	1	1	0	0.05	0.135031074409	2	0	2	NA	NA	NA	NA	NA	NA	NA	NA	NA	NA	2	0	2	NA	NA	NA	NA	NA	NA	3	1	2
Y	1	11599999	2	2	0	1	h	1	NA	NA	NA	NA	2	0	2	NA	NA	NA	NA	NA	NA	NA	NA	NA	NA	NA	NA	NA	NA	NA	NA	NA	NA	NA	4	0	4
Y	11600000	13399999	2	2	0	1	h	1	NA	NA	NA	NA	1.864886	0	1.864886	NA	NA	NA	NA	NA	NA	NA	NA	NA	NA	NA	NA	NA	NA	NA	NA	NA	NA	NA	4	0	4
Y	13400000	59373565	2	2	0	1	h	1	NA	NA	NA	NA	2	0	2	NA	NA	NA	NA	NA	NA	NA	NA	NA	NA	NA	NA	NA	NA	NA	NA	NA	NA	NA	4	0	4
