chromosome	start	end	total_cn	major_cn	minor_cn	star	level	methods_agree	absolute_broad_major_cn	absolute_broad_minor_cn	absolute_broad_het_error	absolute_broad_cov_error	aceseq_copy_number	aceseq_minor_cn	aceseq_major_cn	battenberg_nMaj1_A	battenberg_nMin1_A	battenberg_frac1_A	battenberg_nMaj2_A	battenberg_nMin2_A	battenberg_frac2_A	battenberg_SDfrac_A	battenberg_SDfrac_A_BS	battenberg_frac1_A_0.025	battenberg_frac1_A_0.975	clonehd_copy_number	clonehd_minor_cn	clonehd_major_cn	sclust_nMaj1_A	sclust_nMin1_A	sclust_frac1_A	sclust_nMaj2_A	sclust_nMin2_A	sclust_frac2_A	jabba_copy_number	jabba_minor_cn	jabba_major_cn
1	10001	790008	2	1	1	1	g	NA	1	1	0.05	0.528381404679	NA	NA	NA	2	0	1	NA	NA	NA	NA	NA	NA	NA	1	0	1	NA	NA	NA	NA	NA	NA	NA	NA	NA
1	790009	12902499	2	1	1	2	f	2	1	1	0.0589514235087	0.119251517846	NA	NA	NA	1	1	0.577295707015196	2	1	0.422704292984804	0.036172681335234	0.0357288560681628	0.491199415575648	0.632756629537876	1	0	1	NA	NA	NA	NA	NA	NA	NA	NA	NA
1	12902500	57336016	2	1	1	2	f	2	1	1	0.0583970832802	0.100359668731	NA	NA	NA	1	1	0.704106994910628	2	1	0.295893005089372	0.0165380791395058	0.0169199617241284	0.694491523442755	0.760346222148795	1	0	1	NA	NA	NA	NA	NA	NA	NA	NA	NA
1	57336017	58270011	4	2	2	2	d	2	1	1	0.0523407327913	0.0854351696471	NA	NA	NA	2	2	1	NA	NA	NA	NA	NA	NA	NA	4	2	2	NA	NA	NA	NA	NA	NA	NA	NA	NA
1	58270012	58750034	2	1	1	1	g	NA	1	1	0.0550200918453	0.0812755729035	NA	NA	NA	2	2	1	NA	NA	NA	NA	NA	NA	NA	5	2	3	NA	NA	NA	NA	NA	NA	NA	NA	NA
1	58750035	59597553	2	1	1	1	g	NA	1	1	0.0528665481213	0.0904898565048	NA	NA	NA	2	2	1	NA	NA	NA	NA	NA	NA	NA	3	1	2	NA	NA	NA	NA	NA	NA	NA	NA	NA
1	59597554	60579905	4	2	2	2	d	2	1	1	0.0422522025309	0.0872661109073	NA	NA	NA	2	2	1	NA	NA	NA	NA	NA	NA	NA	4	2	2	NA	NA	NA	NA	NA	NA	NA	NA	NA
1	60579906	66300034	2	1	1	2	d	2	1	1	0.0503161754989	0.0890104949111	NA	NA	NA	1	1	1	NA	NA	NA	NA	NA	NA	NA	3	1	2	NA	NA	NA	NA	NA	NA	NA	NA	NA
1	66300035	72464801	2	1	1	2	d	2	1	1	0.0489398522987	0.0934829116008	NA	NA	NA	1	1	1	NA	NA	NA	NA	NA	NA	NA	5	2	3	NA	NA	NA	NA	NA	NA	NA	NA	NA
1	72464802	74372047	2	1	1	1	g	NA	1	1	0.0487164677069	0.0865510987438	NA	NA	NA	2	1	0.271395060878267	2	2	0.728604939121733	0.0712040329378578	0.071258180992037	0.0716770849245277	0.343395946323943	7	3	4	NA	NA	NA	NA	NA	NA	NA	NA	NA
1	74372048	74613450	7	4	3	2	d	2	1	1	0.05	0.0714204058164	NA	NA	NA	4	3	1	NA	NA	NA	NA	NA	NA	NA	7	3	4	NA	NA	NA	NA	NA	NA	NA	NA	NA
1	74613451	77264790	2	1	1	2	d	2	1	1	0.0567045594573	0.0897002132849	NA	NA	NA	1	1	1	NA	NA	NA	NA	NA	NA	NA	5	2	3	NA	NA	NA	NA	NA	NA	NA	NA	NA
1	77264791	80729972	2	1	1	2	d	2	1	1	0.0454724877333	0.0864150088351	NA	NA	NA	1	1	1	NA	NA	NA	NA	NA	NA	NA	5	2	3	NA	NA	NA	NA	NA	NA	NA	NA	NA
1	80729973	82944753	2	1	1	2	d	2	1	1	0.0571666729489	0.0822734134712	NA	NA	NA	1	1	1	NA	NA	NA	NA	NA	NA	NA	5	2	3	NA	NA	NA	NA	NA	NA	NA	NA	NA
1	82944754	83107829	2	1	1	2	d	2	1	1	0.0492220354933	0.0743759046362	NA	NA	NA	1	1	1	NA	NA	NA	NA	NA	NA	NA	5	2	3	NA	NA	NA	NA	NA	NA	NA	NA	NA
1	83107830	83949906	2	1	1	2	d	2	1	1	0.0453790788666	0.077836290079	NA	NA	NA	1	1	1	NA	NA	NA	NA	NA	NA	NA	7	3	4	NA	NA	NA	NA	NA	NA	NA	NA	NA
1	83949907	88447527	2	1	1	2	d	2	1	1	0.0499490119094	0.0942145975752	NA	NA	NA	1	1	1	NA	NA	NA	NA	NA	NA	NA	4	2	2	NA	NA	NA	NA	NA	NA	NA	NA	NA
1	88447528	89029998	7	4	3	2	f	2	1	1	0.0481494459901	0.0832932486219	NA	NA	NA	4	3	0.424660004847025	4	4	0.575339995152975	0.170994046045787	0.170663219095231	0.0607436550447392	0.713674043653424	7	3	4	NA	NA	NA	NA	NA	NA	NA	NA	NA
1	89029999	101165558	2	1	1	2	d	2	1	1	0.0501002862008	0.0891133247563	NA	NA	NA	1	1	1	NA	NA	NA	NA	NA	NA	NA	3	1	2	NA	NA	NA	NA	NA	NA	NA	NA	NA
1	101165559	103679953	2	1	1	2	d	2	1	1	0.046536006085	0.0809864309291	NA	NA	NA	1	1	1	NA	NA	NA	NA	NA	NA	NA	5	2	3	NA	NA	NA	NA	NA	NA	NA	NA	NA
1	103679954	107939989	2	1	1	2	d	2	1	1	0.0414854435094	0.087534975035	NA	NA	NA	1	1	1	NA	NA	NA	NA	NA	NA	NA	6	3	3	NA	NA	NA	NA	NA	NA	NA	NA	NA
1	107939990	118774913	2	1	1	2	d	3	1	1	0.0538416420134	0.0906505249696	NA	NA	NA	1	1	1	NA	NA	NA	NA	NA	NA	NA	2	1	1	NA	NA	NA	NA	NA	NA	NA	NA	NA
1	118774914	121499999	4	2	2	2	f	2	1	1	0.0474012443651	0.128278337633	NA	NA	NA	2	2	0.580361742264489	3	2	0.419638257735511	0.0790137116141293	0.0802415836227211	0.477450896221611	0.789438297741691	4	2	2	NA	NA	NA	NA	NA	NA	NA	NA	NA
1	121500000	128899999	NA	NA	NA	NA	NA	NA	NA	NA	NA	NA	NA	NA	NA	NA	NA	NA	NA	NA	NA	NA	NA	NA	NA	1	0	1	NA	NA	NA	NA	NA	NA	NA	NA	NA
1	128900000	142962499	NA	NA	NA	NA	NA	NA	NA	NA	NA	NA	NA	NA	NA	NA	NA	NA	NA	NA	NA	NA	NA	NA	NA	NA	NA	NA	NA	NA	NA	NA	NA	NA	NA	NA	NA
1	142962500	153632640	4	2	2	1	g	NA	2	2	0.0546942713764	0.159967181138	NA	NA	NA	2	1	1	NA	NA	NA	NA	NA	NA	NA	2	1	1	NA	NA	NA	NA	NA	NA	NA	NA	NA
1	153632641	163761337	4	2	2	2	d	2	2	2	0.0524451269708	0.104156330008	NA	NA	NA	3	2	1	NA	NA	NA	NA	NA	NA	NA	4	2	2	NA	NA	NA	NA	NA	NA	NA	NA	NA
1	163761338	188225808	5	3	2	2	d	2	2	2	0.0515882564767	0.0920428933459	NA	NA	NA	3	2	1	NA	NA	NA	NA	NA	NA	NA	5	2	3	NA	NA	NA	NA	NA	NA	NA	NA	NA
1	188225809	190317620	3	2	1	2	f	2	2.35	1	0.0505629980385	0.0918551165559	NA	NA	NA	2	1	1	NA	NA	NA	NA	NA	NA	NA	8	4	4	NA	NA	NA	NA	NA	NA	NA	NA	NA
1	190317621	190707861	3	2	1	2	f	2	2.35	1	0.058041856386	0.0978262629836	NA	NA	NA	2	1	1	NA	NA	NA	NA	NA	NA	NA	8	4	4	NA	NA	NA	NA	NA	NA	NA	NA	NA
1	190707862	194513394	3	2	1	2	f	1	2.35	1	0.0555952299936	0.119666049606	NA	NA	NA	3	1	1	NA	NA	NA	NA	NA	NA	NA	7	3	4	NA	NA	NA	NA	NA	NA	NA	NA	NA
1	194513395	198368601	2	2	0	2	f	1	2.54	0	0.0626395451321	0.0916134011852	NA	NA	NA	3	1	1	NA	NA	NA	NA	NA	NA	NA	7	3	4	NA	NA	NA	NA	NA	NA	NA	NA	NA
1	198368602	203849065	2	2	0	1	g	NA	2	0	0.0626608641962	0.0979160638188	NA	NA	NA	3	1	1	NA	NA	NA	NA	NA	NA	NA	2	1	1	NA	NA	NA	NA	NA	NA	NA	NA	NA
1	203849066	203931348	5	5	0	1	g	NA	5	0	0.05	0.1	NA	NA	NA	3	1	1	NA	NA	NA	NA	NA	NA	NA	3	1	2	NA	NA	NA	NA	NA	NA	NA	NA	NA
1	203931349	214140002	3	2	1	2	f	2	2.35	0.46	0.0631887342297	0.0930245886514	NA	NA	NA	3	1	1	NA	NA	NA	NA	NA	NA	NA	3	1	2	NA	NA	NA	NA	NA	NA	NA	NA	NA
1	214140003	216069994	3	2	1	2	f	1	2.54	0.46	0.0558780873867	0.08649122259	NA	NA	NA	3	1	1	NA	NA	NA	NA	NA	NA	NA	5	2	3	NA	NA	NA	NA	NA	NA	NA	NA	NA
1	216069995	216930018	3	2	1	2	f	1	2.54	0.46	0.0693037415661	0.0817100563313	NA	NA	NA	4	2	1	NA	NA	NA	NA	NA	NA	NA	7	3	4	NA	NA	NA	NA	NA	NA	NA	NA	NA
1	216930019	217235801	3	2	1	2	f	1	2.54	0.46	0.068475866933	0.0816031952319	NA	NA	NA	6	3	1	NA	NA	NA	NA	NA	NA	NA	8	4	4	NA	NA	NA	NA	NA	NA	NA	NA	NA
1	217235802	221159947	3	2	1	2	f	1	2.54	0.46	0.0567548738245	0.0955347427744	NA	NA	NA	3	1	1	NA	NA	NA	NA	NA	NA	NA	5	2	3	NA	NA	NA	NA	NA	NA	NA	NA	NA
1	221159948	247247500	3	2	1	2	e	3	2.54	0.46	0.0637486747213	0.0956403242035	NA	NA	NA	2	0	0.784756637302963	2	1	0.215243362697037	0.0138992981712996	0.0135600950383908	0.758388861904501	0.810808401071879	3	1	2	NA	NA	NA	NA	NA	NA	NA	NA	NA
1	247247501	249250620	2	2	0	1	h	1	NA	NA	NA	NA	NA	NA	NA	2	0	0.784756637302963	2	1	0.215243362697037	0.0138992981712996	0.0135600950383908	0.758388861904501	0.810808401071879	4	2	2	NA	NA	NA	NA	NA	NA	NA	NA	NA
2	11607	17648265	3	2	1	2	d	2	1.65	1.65	0.0567882308398	0.0968748554831	NA	NA	NA	2	1	1	NA	NA	NA	NA	NA	NA	NA	3	1	2	NA	NA	NA	NA	NA	NA	NA	NA	NA
2	17648266	22707474	4	3	1	1	g	NA	3	1	0.0631653485674	0.0985623675498	NA	NA	NA	4	2	1	NA	NA	NA	NA	NA	NA	NA	5	2	3	NA	NA	NA	NA	NA	NA	NA	NA	NA
2	22707475	22881926	4	3	1	1	g	NA	3	1	0.05	0.081306006806	NA	NA	NA	6	4	1	NA	NA	NA	NA	NA	NA	NA	8	4	4	NA	NA	NA	NA	NA	NA	NA	NA	NA
2	22881927	30025802	4	3	1	2	d	2	3	1	0.0661252781994	0.0978276514803	NA	NA	NA	3	1	1	NA	NA	NA	NA	NA	NA	NA	2	1	1	NA	NA	NA	NA	NA	NA	NA	NA	NA
2	30025803	35023101	3	2	1	2	d	2	3	1	0.0554635103991	0.109382888282	NA	NA	NA	2	1	1	NA	NA	NA	NA	NA	NA	NA	3	1	2	NA	NA	NA	NA	NA	NA	NA	NA	NA
2	35023102	37627492	4	3	1	1	g	NA	3	1	0.056921809299	0.108396406339	NA	NA	NA	2	0	0.562097442339054	2	1	0.437902557660946	0.0413685506957829	0.0412772462851224	0.420617497831901	0.578646818313493	5	2	3	NA	NA	NA	NA	NA	NA	NA	NA	NA
2	37627493	37768848	4	2	2	1	g	NA	2	2	0.0676559456488	0.0778704060025	NA	NA	NA	5	3	1	NA	NA	NA	NA	NA	NA	NA	8	4	4	NA	NA	NA	NA	NA	NA	NA	NA	NA
2	37768849	37770985	4	2	2	1	g	NA	2	2	0.05	0.1	NA	NA	NA	NA	NA	NA	NA	NA	NA	NA	NA	NA	NA	1	0	1	NA	NA	NA	NA	NA	NA	NA	NA	NA
2	37770986	37771036	4	2	2	1	g	NA	2	2	0.05	0.1	NA	NA	NA	NA	NA	NA	NA	NA	NA	NA	NA	NA	NA	NA	NA	NA	NA	NA	NA	NA	NA	NA	NA	NA	NA
2	37771037	39763934	3	2	1	2	d	2	2	2	0.050469376594	0.100040249007	NA	NA	NA	2	1	1	NA	NA	NA	NA	NA	NA	NA	3	1	2	NA	NA	NA	NA	NA	NA	NA	NA	NA
2	39763935	40049311	5	4	1	1	g	NA	4	1	0.0648759014805	0.0984736102435	NA	NA	NA	3	1	1	NA	NA	NA	NA	NA	NA	NA	5	2	3	NA	NA	NA	NA	NA	NA	NA	NA	NA
2	40049312	40518884	4	3	1	1	g	NA	3	1	0.0648886920533	0.0858918323755	NA	NA	NA	5	2	0.361395262330296	5	3	0.638604737669704	0.120463946186773	0.119692378152925	0.245578656452358	0.713215402226823	8	4	4	NA	NA	NA	NA	NA	NA	NA	NA	NA
2	40518885	40518900	4	2	2	1	g	NA	1.65	1.65	0.05	0.1	NA	NA	NA	NA	NA	NA	NA	NA	NA	NA	NA	NA	NA	NA	NA	NA	NA	NA	NA	NA	NA	NA	NA	NA	NA
2	40518901	41809963	4	2	2	2	f	1	1.65	1.65	0.0494092666375	0.0979881986212	NA	NA	NA	4	3	1	NA	NA	NA	NA	NA	NA	NA	8	4	4	NA	NA	NA	NA	NA	NA	NA	NA	NA
2	41809964	41887994	4	2	2	2	f	1	1.65	1.65	0.05	0.0751274041245	NA	NA	NA	2	1	1	NA	NA	NA	NA	NA	NA	NA	8	4	4	NA	NA	NA	NA	NA	NA	NA	NA	NA
2	41887995	49603709	4	2	2	2	f	1	1.65	1.65	0.0551690717156	0.0946199160009	NA	NA	NA	2	1	1	NA	NA	NA	NA	NA	NA	NA	2	1	1	NA	NA	NA	NA	NA	NA	NA	NA	NA
2	49603710	53120000	4	2	2	2	f	1	1.65	1.65	0.0450908186475	0.0905727663559	NA	NA	NA	2	1	1	NA	NA	NA	NA	NA	NA	NA	6	3	3	NA	NA	NA	NA	NA	NA	NA	NA	NA
2	53120001	53499418	4	2	2	2	f	1	1.65	1.65	0.05	0.0948493260697	NA	NA	NA	4	2	1	NA	NA	NA	NA	NA	NA	NA	8	2	6	NA	NA	NA	NA	NA	NA	NA	NA	NA
2	53499419	53545922	4	2	2	2	f	1	1.65	1.65	0.05	0.1	NA	NA	NA	3	1	1	NA	NA	NA	NA	NA	NA	NA	NA	NA	NA	NA	NA	NA	NA	NA	NA	NA	NA	NA
2	53545923	53700002	4	2	2	2	f	1	1.65	1.65	0.0383991610924	0.0922517969918	NA	NA	NA	3	2	1	NA	NA	NA	NA	NA	NA	NA	7	3	4	NA	NA	NA	NA	NA	NA	NA	NA	NA
2	53700003	55052331	4	2	2	2	f	1	1.65	1.65	0.0498379209109	0.107610549503	NA	NA	NA	1	0	1	NA	NA	NA	NA	NA	NA	NA	3	1	2	NA	NA	NA	NA	NA	NA	NA	NA	NA
2	55052332	56381629	4	3	1	1	g	NA	3	1	0.0582399577905	0.0991938277697	NA	NA	NA	2	0	0.605304737180511	2	1	0.394695262819489	0.101127776937716	0.101334139243648	0.34607167963805	0.749334191238281	4	2	2	NA	NA	NA	NA	NA	NA	NA	NA	NA
2	56381630	58304578	4	3	1	1	g	NA	3	1	0.0539194866865	0.0951644941808	NA	NA	NA	4	2	1	NA	NA	NA	NA	NA	NA	NA	8	4	4	NA	NA	NA	NA	NA	NA	NA	NA	NA
2	58304579	58850025	4	3	1	1	g	NA	3	1	0.0528414218064	0.0799242269558	NA	NA	NA	1	0	1	NA	NA	NA	NA	NA	NA	NA	4	2	2	NA	NA	NA	NA	NA	NA	NA	NA	NA
2	58850026	60090060	4	2	2	1	g	NA	1.46	1.46	0.0481723017396	0.103863433774	NA	NA	NA	4	4	1	NA	NA	NA	NA	NA	NA	NA	5	2	3	NA	NA	NA	NA	NA	NA	NA	NA	NA
2	60090061	66279993	4	2	2	1	g	NA	1.46	1.46	0.0555095854257	0.0876060552857	NA	NA	NA	1	0	0.257298265295092	1	1	0.742701734704908	0.0402572938118936	0.0397937478113831	0.0959205993100043	0.255052526269814	2	1	1	NA	NA	NA	NA	NA	NA	NA	NA	NA
2	66279994	68175106	4	2	2	2	f	2	1.46	1.46	0.0491773412416	0.0902390708453	NA	NA	NA	1	1	1	NA	NA	NA	NA	NA	NA	NA	4	2	2	NA	NA	NA	NA	NA	NA	NA	NA	NA
2	68175107	81645997	4	2	2	2	f	1	1.46	1.46	0.0509417586953	0.0881514209065	NA	NA	NA	1	1	1	NA	NA	NA	NA	NA	NA	NA	3	1	2	NA	NA	NA	NA	NA	NA	NA	NA	NA
2	81645998	89846811	4	2	2	2	f	1	1.46	1.46	0.0500623909888	0.0990356358742	NA	NA	NA	1	1	1	NA	NA	NA	NA	NA	NA	NA	3	1	2	NA	NA	NA	NA	NA	NA	NA	NA	NA
2	89846812	90499999	4	2	2	2	f	2	1.46	1.46	0.05	0.193160182027	NA	NA	NA	NA	NA	NA	NA	NA	NA	NA	NA	NA	NA	4	2	2	NA	NA	NA	NA	NA	NA	NA	NA	NA
2	90500000	96799999	4	2	2	2	f	1	1.46	1.46	0.0440691346642	0.170997565508	NA	NA	NA	NA	NA	NA	NA	NA	NA	NA	NA	NA	NA	2	1	1	NA	NA	NA	NA	NA	NA	NA	NA	NA
2	96800000	103529939	4	2	2	2	f	1	1.46	1.46	0.0535120626433	0.24656222082	NA	NA	NA	2	1	1	NA	NA	NA	NA	NA	NA	NA	2	1	1	NA	NA	NA	NA	NA	NA	NA	NA	NA
2	103529940	117032905	3	2	1	2	d	2	1.46	1.46	0.0547326258893	0.0977643782341	NA	NA	NA	2	1	1	NA	NA	NA	NA	NA	NA	NA	3	1	2	NA	NA	NA	NA	NA	NA	NA	NA	NA
2	117032906	117034959	4	2	2	2	f	1	1.46	1.46	0.05	0.1	NA	NA	NA	2	1	1	NA	NA	NA	NA	NA	NA	NA	NA	NA	NA	NA	NA	NA	NA	NA	NA	NA	NA	NA
2	117034960	122744829	3	2	1	2	d	2	1.46	1.46	0.0528579942807	0.0949617052251	NA	NA	NA	2	1	1	NA	NA	NA	NA	NA	NA	NA	3	1	2	NA	NA	NA	NA	NA	NA	NA	NA	NA
2	122744830	122746290	4	2	2	2	f	1	1.46	1.46	0.05	0.1	NA	NA	NA	2	1	1	NA	NA	NA	NA	NA	NA	NA	NA	NA	NA	NA	NA	NA	NA	NA	NA	NA	NA	NA
2	122746291	123479971	4	2	2	2	f	2	1.46	1.46	0.0502444207028	0.0992309827378	NA	NA	NA	2	1	1	NA	NA	NA	NA	NA	NA	NA	4	2	2	NA	NA	NA	NA	NA	NA	NA	NA	NA
2	123479972	123744021	4	2	2	2	f	1	1.46	1.46	0.05	0.0937044246772	NA	NA	NA	6	4	1	NA	NA	NA	NA	NA	NA	NA	7	3	4	NA	NA	NA	NA	NA	NA	NA	NA	NA
2	123744022	125439968	4	2	2	2	f	1	1.46	1.46	0.0495809906228	0.0860044644197	NA	NA	NA	3	2	1	NA	NA	NA	NA	NA	NA	NA	7	3	4	NA	NA	NA	NA	NA	NA	NA	NA	NA
2	125439969	125959986	4	2	2	2	f	1	1.46	1.46	0.0422357930274	0.083747419362	NA	NA	NA	5	4	1	NA	NA	NA	NA	NA	NA	NA	7	3	4	NA	NA	NA	NA	NA	NA	NA	NA	NA
2	125959987	126600027	4	2	2	2	f	1	1.46	1.46	0.0450976496952	0.0878440248428	NA	NA	NA	2	1	1	NA	NA	NA	NA	NA	NA	NA	5	2	3	NA	NA	NA	NA	NA	NA	NA	NA	NA
2	126600028	139802994	3	2	1	2	d	2	1.46	1.46	0.0529550794468	0.0995451461343	NA	NA	NA	2	1	1	NA	NA	NA	NA	NA	NA	NA	3	1	2	NA	NA	NA	NA	NA	NA	NA	NA	NA
2	139802995	140252767	4	2	2	2	f	1	1.46	1.46	0.0498445416542	0.0831204796382	NA	NA	NA	2	1	1	NA	NA	NA	NA	NA	NA	NA	6	3	3	NA	NA	NA	NA	NA	NA	NA	NA	NA
2	140252768	141079903	4	2	2	2	f	1	1.46	1.46	0.0530867600945	0.0934441777266	NA	NA	NA	2	1	1	NA	NA	NA	NA	NA	NA	NA	8	4	4	NA	NA	NA	NA	NA	NA	NA	NA	NA
2	141079904	141739992	4	2	2	2	f	1	1.46	1.46	0.044127675394	0.0902260705989	NA	NA	NA	2	1	1	NA	NA	NA	NA	NA	NA	NA	6	3	3	NA	NA	NA	NA	NA	NA	NA	NA	NA
2	141739993	142790065	4	2	2	2	f	1	1.46	1.46	0.0485113187901	0.0774737513687	NA	NA	NA	2	1	1	NA	NA	NA	NA	NA	NA	NA	6	3	3	NA	NA	NA	NA	NA	NA	NA	NA	NA
2	142790066	145410085	4	2	2	2	f	1	1.46	1.46	0.0452158340996	0.0870001384598	NA	NA	NA	2	1	1	NA	NA	NA	NA	NA	NA	NA	5	2	3	NA	NA	NA	NA	NA	NA	NA	NA	NA
2	145410086	163459966	4	2	2	2	f	1	1.46	1.46	0.0525055575264	0.0917426685002	NA	NA	NA	2	1	1	NA	NA	NA	NA	NA	NA	NA	5	2	3	NA	NA	NA	NA	NA	NA	NA	NA	NA
2	163459967	179400278	4	2	2	2	f	2	1.46	1.46	0.0553760732286	0.0913705462473	NA	NA	NA	2	1	1	NA	NA	NA	NA	NA	NA	NA	4	2	2	NA	NA	NA	NA	NA	NA	NA	NA	NA
2	179400279	185095008	4	2	2	2	f	1	1.46	1.46	0.0490031164958	0.096152778854	NA	NA	NA	2	1	1	NA	NA	NA	NA	NA	NA	NA	6	3	3	NA	NA	NA	NA	NA	NA	NA	NA	NA
2	185095009	185873173	4	2	2	2	f	1	1.46	1.46	0.0451197327773	0.086576506053	NA	NA	NA	2	1	1	NA	NA	NA	NA	NA	NA	NA	7	3	4	NA	NA	NA	NA	NA	NA	NA	NA	NA
2	185873174	187993583	4	2	2	2	f	1	1.46	1.46	0.0489481458793	0.0890425094539	NA	NA	NA	2	1	1	NA	NA	NA	NA	NA	NA	NA	6	3	3	NA	NA	NA	NA	NA	NA	NA	NA	NA
2	187993584	198969886	4	2	2	2	f	1	1.46	1.46	0.047225715289	0.101327355775	NA	NA	NA	2	1	1	NA	NA	NA	NA	NA	NA	NA	5	2	3	NA	NA	NA	NA	NA	NA	NA	NA	NA
2	198969887	226326964	4	2	2	2	f	2	1.46	1.46	0.0539617535486	0.0958239555886	NA	NA	NA	2	1	1	NA	NA	NA	NA	NA	NA	NA	4	2	2	NA	NA	NA	NA	NA	NA	NA	NA	NA
2	226326965	226789985	7	4	3	2	d	2	2	1	0.0527328718244	0.0889015009089	NA	NA	NA	4	3	1	NA	NA	NA	NA	NA	NA	NA	7	3	4	NA	NA	NA	NA	NA	NA	NA	NA	NA
2	226789986	242985695	4	2	2	2	f	1	1.46	1.46	0.0592365925523	0.108079264408	NA	NA	NA	2	1	1	NA	NA	NA	NA	NA	NA	NA	2	1	1	NA	NA	NA	NA	NA	NA	NA	NA	NA
3	101145	917108	4	2	2	2	d	2	2	2	0.0309501839612	0.171534163673	NA	NA	NA	2	2	1	NA	NA	NA	NA	NA	NA	NA	8	4	4	NA	NA	NA	NA	NA	NA	NA	NA	NA
3	917109	1666839	4	2	2	2	d	2	2	2	0.0512105733164	0.0888589082189	NA	NA	NA	2	2	1	NA	NA	NA	NA	NA	NA	NA	8	4	4	NA	NA	NA	NA	NA	NA	NA	NA	NA
3	1666840	6160009	4	2	2	2	d	2	2	2	0.0441647539261	0.241551425944	NA	NA	NA	2	2	1	NA	NA	NA	NA	NA	NA	NA	5	2	3	NA	NA	NA	NA	NA	NA	NA	NA	NA
3	6160010	18979699	4	2	2	2	d	2	2	2	0.0529155176069	0.10053355079	NA	NA	NA	2	2	1	NA	NA	NA	NA	NA	NA	NA	3	1	2	NA	NA	NA	NA	NA	NA	NA	NA	NA
3	18979700	19679906	4	2	2	2	d	2	2	2	0.0407894967956	0.0901366735326	NA	NA	NA	2	2	1	NA	NA	NA	NA	NA	NA	NA	8	4	4	NA	NA	NA	NA	NA	NA	NA	NA	NA
3	19679907	20865993	4	2	2	2	d	2	2	2	0.0496192063125	0.110653646935	NA	NA	NA	2	2	1	NA	NA	NA	NA	NA	NA	NA	5	2	3	NA	NA	NA	NA	NA	NA	NA	NA	NA
3	20865994	21908173	4	2	2	2	d	2	2	2	0.0442259603034	0.0931439973192	NA	NA	NA	2	2	1	NA	NA	NA	NA	NA	NA	NA	7	3	4	NA	NA	NA	NA	NA	NA	NA	NA	NA
3	21908174	22289983	4	2	2	2	d	2	2	2	0.040388632981	0.0989711915706	NA	NA	NA	2	2	1	NA	NA	NA	NA	NA	NA	NA	8	4	4	NA	NA	NA	NA	NA	NA	NA	NA	NA
3	22289984	24291377	4	2	2	2	d	2	2	2	0.0474066647815	0.0960354246627	NA	NA	NA	2	2	1	NA	NA	NA	NA	NA	NA	NA	6	3	3	NA	NA	NA	NA	NA	NA	NA	NA	NA
3	24291378	25985038	4	2	2	2	d	2	2	2	0.0483614222141	0.0929319056359	NA	NA	NA	2	2	1	NA	NA	NA	NA	NA	NA	NA	7	3	4	NA	NA	NA	NA	NA	NA	NA	NA	NA
3	25985039	27139990	4	2	2	2	d	2	2	2	0.0440101411588	0.103954043272	NA	NA	NA	2	2	1	NA	NA	NA	NA	NA	NA	NA	8	4	4	NA	NA	NA	NA	NA	NA	NA	NA	NA
3	27139991	30449914	4	2	2	2	d	2	2	2	0.048935198633	0.0864531895641	NA	NA	NA	2	2	1	NA	NA	NA	NA	NA	NA	NA	6	3	3	NA	NA	NA	NA	NA	NA	NA	NA	NA
3	30449915	34289024	4	2	2	2	d	3	2	2	0.0469372714853	0.102523438727	NA	NA	NA	2	2	1	NA	NA	NA	NA	NA	NA	NA	4	2	2	NA	NA	NA	NA	NA	NA	NA	NA	NA
3	34289025	36136807	4	2	2	2	d	2	2	2	0.0439353982018	0.0903951710176	NA	NA	NA	2	2	1	NA	NA	NA	NA	NA	NA	NA	8	4	4	NA	NA	NA	NA	NA	NA	NA	NA	NA
3	36136808	36633901	4	2	2	1	g	NA	2	2	0.0496591093426	0.0928530860076	NA	NA	NA	4	4	1	NA	NA	NA	NA	NA	NA	NA	7	3	4	NA	NA	NA	NA	NA	NA	NA	NA	NA
3	36633902	36759985	4	2	2	1	g	NA	2	2	0.042487782875	0.0897901531522	NA	NA	NA	5	4	0.617721390422744	5	5	0.382278609577256	0.294779502962103	0.297873900059599	-0.292743998593331	0.875530634414004	8	4	4	NA	NA	NA	NA	NA	NA	NA	NA	NA
3	36759986	59724914	4	2	2	2	d	2	2	2	0.0497256568288	0.121069483607	NA	NA	NA	2	2	1	NA	NA	NA	NA	NA	NA	NA	3	1	2	NA	NA	NA	NA	NA	NA	NA	NA	NA
3	59724915	60060337	4	2	2	1	g	NA	2	2	0.0410778357133	0.0755132995559	NA	NA	NA	5	5	1	NA	NA	NA	NA	NA	NA	NA	8	4	4	NA	NA	NA	NA	NA	NA	NA	NA	NA
3	60060338	62599997	4	2	2	2	d	2	2	2	0.0425673772621	0.0971587924113	NA	NA	NA	2	2	1	NA	NA	NA	NA	NA	NA	NA	5	2	3	NA	NA	NA	NA	NA	NA	NA	NA	NA
3	62599998	62698284	4	2	2	1	g	NA	2	2	0.05	0.0626728075364	NA	NA	NA	9	8	1	NA	NA	NA	NA	NA	NA	NA	NA	NA	NA	NA	NA	NA	NA	NA	NA	NA	NA	NA
3	62698285	64739983	6	3	3	2	d	2	1.65	1.65	0.0453905246921	0.0909543667683	NA	NA	NA	3	3	1	NA	NA	NA	NA	NA	NA	NA	6	3	3	NA	NA	NA	NA	NA	NA	NA	NA	NA
3	64739984	65184723	4	2	2	2	f	1	1.65	1.65	0.0331200599295	0.0807334172762	NA	NA	NA	3	3	1	NA	NA	NA	NA	NA	NA	NA	8	4	4	NA	NA	NA	NA	NA	NA	NA	NA	NA
3	65184724	67711401	4	2	2	2	f	1	1.65	1.65	0.0429553402875	0.0983499481048	NA	NA	NA	3	3	1	NA	NA	NA	NA	NA	NA	NA	5	2	3	NA	NA	NA	NA	NA	NA	NA	NA	NA
3	67711402	70067602	6	3	3	2	d	2	1.65	1.65	0.046270989296	0.0887207167826	NA	NA	NA	3	3	1	NA	NA	NA	NA	NA	NA	NA	6	3	3	NA	NA	NA	NA	NA	NA	NA	NA	NA
3	70067603	70919952	4	2	2	2	f	1	1.65	1.65	0.0343988474415	0.0770128991351	NA	NA	NA	3	3	1	NA	NA	NA	NA	NA	NA	NA	8	4	4	NA	NA	NA	NA	NA	NA	NA	NA	NA
3	70919953	74745802	4	2	2	2	f	2	1.65	1.65	0.046587180199	0.0934883824109	NA	NA	NA	3	3	1	NA	NA	NA	NA	NA	NA	NA	4	2	2	NA	NA	NA	NA	NA	NA	NA	NA	NA
3	74745803	81847854	4	2	2	2	f	1	1.65	1.65	0.0460329219924	0.0956460429462	NA	NA	NA	3	3	1	NA	NA	NA	NA	NA	NA	NA	7	3	4	NA	NA	NA	NA	NA	NA	NA	NA	NA
3	81847855	83575984	4	2	2	2	f	2	1.65	1.65	0.0462678841239	0.0964809842328	NA	NA	NA	2	2	0.699223473835349	3	2	0.300776526164651	0.107698555626455	0.109861929909447	0.562644378061416	0.998031785863451	8	4	4	NA	NA	NA	NA	NA	NA	NA	NA	NA
3	83575985	83578625	4	2	2	1	g	NA	1.65	1.65	0.05	0.1	NA	NA	NA	NA	NA	NA	NA	NA	NA	NA	NA	NA	NA	NA	NA	NA	NA	NA	NA	NA	NA	NA	NA	NA	NA
3	83578626	84901553	4	2	2	2	f	2	1.65	1.65	0.0366321530003	0.0969304203778	NA	NA	NA	2	2	1	NA	NA	NA	NA	NA	NA	NA	8	4	4	NA	NA	NA	NA	NA	NA	NA	NA	NA
3	84901554	87899999	4	2	2	2	f	2	1.65	1.65	0.0511925717761	0.0926220621502	NA	NA	NA	2	2	1	NA	NA	NA	NA	NA	NA	NA	6	3	3	NA	NA	NA	NA	NA	NA	NA	NA	NA
3	87900000	93899999	4	2	2	2	f	1	1.65	1.65	0.0396349344632	0.0949492458674	NA	NA	NA	NA	NA	NA	NA	NA	NA	NA	NA	NA	NA	7	3	4	NA	NA	NA	NA	NA	NA	NA	NA	NA
3	93900000	94462811	4	2	2	2	f	1	1.65	1.65	0.0344114343525	0.0922729446243	NA	NA	NA	3	2	1	NA	NA	NA	NA	NA	NA	NA	8	4	4	NA	NA	NA	NA	NA	NA	NA	NA	NA
3	94462812	96792681	4	2	2	2	f	1	1.65	1.65	0.0477698725311	0.0845578587556	NA	NA	NA	2	1	1	NA	NA	NA	NA	NA	NA	NA	7	3	4	NA	NA	NA	NA	NA	NA	NA	NA	NA
3	96792682	96968479	4	2	2	2	f	1	1.65	1.65	0.030408005153	0.0930284733178	NA	NA	NA	5	4	1	NA	NA	NA	NA	NA	NA	NA	8	4	4	NA	NA	NA	NA	NA	NA	NA	NA	NA
3	96968480	100878548	5	3	2	2	d	2	1.65	1.65	0.0495387179632	0.0940822110722	NA	NA	NA	3	2	1	NA	NA	NA	NA	NA	NA	NA	5	2	3	NA	NA	NA	NA	NA	NA	NA	NA	NA
3	100878549	102280003	4	2	2	2	f	2	1.65	1.65	0.0457502954181	0.0993878288497	NA	NA	NA	2	1	1	NA	NA	NA	NA	NA	NA	NA	4	2	2	NA	NA	NA	NA	NA	NA	NA	NA	NA
3	102280004	103330306	4	2	2	2	f	1	1.65	1.65	0.0569040055858	0.0774159970824	NA	NA	NA	2	1	1	NA	NA	NA	NA	NA	NA	NA	6	3	3	NA	NA	NA	NA	NA	NA	NA	NA	NA
3	103330307	106787356	4	2	2	2	f	1	1.65	1.65	0.0473902757255	0.0905614799006	NA	NA	NA	2	1	1	NA	NA	NA	NA	NA	NA	NA	6	3	3	NA	NA	NA	NA	NA	NA	NA	NA	NA
3	106787357	114750012	4	2	2	2	f	2	1.65	1.65	0.0495914899157	0.0877252990302	NA	NA	NA	2	1	0.728195800188132	2	2	0.271804199811868	0.0339794129765751	0.0340746345766903	0.671909430220123	0.802857334815978	5	2	3	NA	NA	NA	NA	NA	NA	NA	NA	NA
3	114750013	116439900	4	2	2	2	f	2	1.65	1.65	0.0420854515867	0.103360166741	NA	NA	NA	2	2	0.538809326547507	3	2	0.461190673452493	0.109527673081468	0.106308598848998	0.264382945573913	0.676984462012467	6	3	3	NA	NA	NA	NA	NA	NA	NA	NA	NA
3	116439901	131299980	3	2	1	2	d	2	1.65	1.65	0.0539510886354	0.097151523832	NA	NA	NA	2	1	1	NA	NA	NA	NA	NA	NA	NA	3	1	2	NA	NA	NA	NA	NA	NA	NA	NA	NA
3	131299981	140020667	3	2	1	2	d	2	1.65	1.65	0.0505092731782	0.0923724439309	NA	NA	NA	2	1	1	NA	NA	NA	NA	NA	NA	NA	3	1	2	NA	NA	NA	NA	NA	NA	NA	NA	NA
3	140020668	140519788	4	2	2	2	f	2	1.65	1.65	0.0526622087461	0.0825374048704	NA	NA	NA	2	1	1	NA	NA	NA	NA	NA	NA	NA	4	2	2	NA	NA	NA	NA	NA	NA	NA	NA	NA
3	140519789	161135017	4	2	2	2	f	1	1.65	1.65	0.0526019562213	0.0929481534516	NA	NA	NA	2	1	1	NA	NA	NA	NA	NA	NA	NA	5	2	3	NA	NA	NA	NA	NA	NA	NA	NA	NA
3	161135018	163745415	3	2	1	1	g	NA	2	1	0.0504771536576	0.164822188224	NA	NA	NA	3	2	1	NA	NA	NA	NA	NA	NA	NA	8	4	4	NA	NA	NA	NA	NA	NA	NA	NA	NA
3	163745416	173310041	3	2	1	2	d	2	2	1	0.0553239322016	0.0908704268457	NA	NA	NA	2	1	1	NA	NA	NA	NA	NA	NA	NA	5	2	3	NA	NA	NA	NA	NA	NA	NA	NA	NA
3	173310042	176500083	3	2	1	2	d	2	2	1	0.053928875127	0.0897030655807	NA	NA	NA	2	1	1	NA	NA	NA	NA	NA	NA	NA	6	3	3	NA	NA	NA	NA	NA	NA	NA	NA	NA
3	176500084	197847500	3	2	1	2	d	2	1.46	1.46	0.0533556843246	0.098560573383	NA	NA	NA	2	1	1	NA	NA	NA	NA	NA	NA	NA	3	1	2	NA	NA	NA	NA	NA	NA	NA	NA	NA
4	27500	8942611	2	2	0	2	d	2	2	0	0.0733946601998	0.108447869414	NA	NA	NA	2	0	1	NA	NA	NA	NA	NA	NA	NA	1	0	1	NA	NA	NA	NA	NA	NA	NA	NA	NA
4	8942612	10734799	2	2	0	1	g	NA	2	0	0.0686765304601	0.248933383192	NA	NA	NA	3	1	1	NA	NA	NA	NA	NA	NA	NA	2	1	1	NA	NA	NA	NA	NA	NA	NA	NA	NA
4	10734800	13888571	2	2	0	1	g	NA	2	0	0.0656254406247	0.0843656642052	NA	NA	NA	3	1	1	NA	NA	NA	NA	NA	NA	NA	5	2	3	NA	NA	NA	NA	NA	NA	NA	NA	NA
4	13888572	23323759	2	2	0	1	g	NA	2	0	0.0647653340158	0.0859983194607	NA	NA	NA	3	1	1	NA	NA	NA	NA	NA	NA	NA	5	2	3	NA	NA	NA	NA	NA	NA	NA	NA	NA
4	23323760	33482384	2	2	0	2	d	2	2	0	0.0703745321332	0.0854525806856	NA	NA	NA	2	0	1	NA	NA	NA	NA	NA	NA	NA	4	2	2	NA	NA	NA	NA	NA	NA	NA	NA	NA
4	33482385	35810004	2	2	0	2	d	2	2	0	0.06643880591	0.106357506793	NA	NA	NA	2	0	1	NA	NA	NA	NA	NA	NA	NA	5	2	3	NA	NA	NA	NA	NA	NA	NA	NA	NA
4	35810005	39344960	2	2	0	2	d	2	2	0	0.0714147300761	0.0866547607327	NA	NA	NA	2	0	1	NA	NA	NA	NA	NA	NA	NA	3	1	2	NA	NA	NA	NA	NA	NA	NA	NA	NA
4	39344961	44017218	3	2	1	2	d	3	2	1	0.0523558152535	0.0915951885891	NA	NA	NA	2	1	1	NA	NA	NA	NA	NA	NA	NA	3	1	2	NA	NA	NA	NA	NA	NA	NA	NA	NA
4	44017219	46229957	3	2	1	2	d	2	2	1	0.0519833919372	0.0806593982927	NA	NA	NA	2	1	1	NA	NA	NA	NA	NA	NA	NA	7	3	4	NA	NA	NA	NA	NA	NA	NA	NA	NA
4	46229958	46940006	3	2	1	1	g	NA	2	1	0.05	0.0911263385421	NA	NA	NA	1	1	1	NA	NA	NA	NA	NA	NA	NA	6	3	3	NA	NA	NA	NA	NA	NA	NA	NA	NA
4	46940007	47156462	3	2	1	2	d	2	2	1	0.05	0.0777434454617	NA	NA	NA	2	1	1	NA	NA	NA	NA	NA	NA	NA	6	3	3	NA	NA	NA	NA	NA	NA	NA	NA	NA
4	47156463	48199999	3	2	1	1	g	NA	1.46	1	0.0477248766723	0.0812059832706	NA	NA	NA	1	0	1	NA	NA	NA	NA	NA	NA	NA	4	2	2	NA	NA	NA	NA	NA	NA	NA	NA	NA
4	48200000	53175292	3	2	1	2	f	1	1.46	1	0.0560321126445	0.148168025438	NA	NA	NA	NA	NA	NA	NA	NA	NA	NA	NA	NA	NA	4	2	2	NA	NA	NA	NA	NA	NA	NA	NA	NA
4	53175293	67061253	3	2	1	2	d	2	2	1	0.0565885845712	0.0896783351282	NA	NA	NA	2	1	1	NA	NA	NA	NA	NA	NA	NA	5	2	3	NA	NA	NA	NA	NA	NA	NA	NA	NA
4	67061254	67065596	3	3	0	1	g	NA	3	0	0.05	0.1	NA	NA	NA	1	0	1	NA	NA	NA	NA	NA	NA	NA	NA	NA	NA	NA	NA	NA	NA	NA	NA	NA	NA	NA
4	67065597	67243166	3	3	0	1	g	NA	3	0	0.0627932974883	0.0843651735035	NA	NA	NA	1	0	1	NA	NA	NA	NA	NA	NA	NA	4	2	2	NA	NA	NA	NA	NA	NA	NA	NA	NA
4	67243167	69609996	3	2	1	2	d	2	2	1	0.0507151789463	0.0937120665877	NA	NA	NA	2	1	1	NA	NA	NA	NA	NA	NA	NA	5	2	3	NA	NA	NA	NA	NA	NA	NA	NA	NA
4	69609997	70100686	3	2	1	2	d	2	2	1	0.050583192726	0.0997202299757	NA	NA	NA	2	1	1	NA	NA	NA	NA	NA	NA	NA	8	4	4	NA	NA	NA	NA	NA	NA	NA	NA	NA
4	70100687	70290009	4	2	2	1	g	NA	2	2	0.05	0.197234519526	NA	NA	NA	6	4	1	NA	NA	NA	NA	NA	NA	NA	7	3	4	NA	NA	NA	NA	NA	NA	NA	NA	NA
4	70290010	71279490	3	2	1	1	g	NA	2	1	0.0514915709893	0.0851205636392	NA	NA	NA	3	2	1	NA	NA	NA	NA	NA	NA	NA	8	4	4	NA	NA	NA	NA	NA	NA	NA	NA	NA
4	71279491	72426065	3	2	1	2	d	3	2	1	0.0509585280693	0.0861978524646	NA	NA	NA	2	1	1	NA	NA	NA	NA	NA	NA	NA	3	1	2	NA	NA	NA	NA	NA	NA	NA	NA	NA
4	72426066	78182950	3	2	1	2	d	2	2	1	0.0514372112649	0.0926459684631	NA	NA	NA	2	1	1	NA	NA	NA	NA	NA	NA	NA	4	2	2	NA	NA	NA	NA	NA	NA	NA	NA	NA
4	78182951	80520015	5	3	2	2	d	2	2	1	0.052186946348	0.087340515632	NA	NA	NA	3	2	1	NA	NA	NA	NA	NA	NA	NA	5	2	3	NA	NA	NA	NA	NA	NA	NA	NA	NA
4	80520016	84918720	3	2	1	2	f	2	2	1	0.0473970729011	0.0898700593886	NA	NA	NA	2	0	0.281085204034661	2	1	0.718914795965339	0.0459153647593277	0.0452693194114751	0.176478838287662	0.349135649526213	4	2	2	NA	NA	NA	NA	NA	NA	NA	NA	NA
4	84918721	92200001	3	2	1	2	d	2	2	1	0.0551024220777	0.0904356656538	NA	NA	NA	2	1	1	NA	NA	NA	NA	NA	NA	NA	5	2	3	NA	NA	NA	NA	NA	NA	NA	NA	NA
4	92200002	92479938	2	2	0	1	g	NA	2	0	0.05	0.087985992573	NA	NA	NA	2	1	1	NA	NA	NA	NA	NA	NA	NA	6	3	3	NA	NA	NA	NA	NA	NA	NA	NA	NA
4	92479939	108498227	2	2	0	2	d	2	2	0	0.0648150348163	0.0892599378815	NA	NA	NA	2	0	1	NA	NA	NA	NA	NA	NA	NA	5	2	3	NA	NA	NA	NA	NA	NA	NA	NA	NA
4	108498228	114843496	3	2	1	2	d	2	2	1	0.0547915878111	0.0920997595588	NA	NA	NA	2	1	1	NA	NA	NA	NA	NA	NA	NA	4	2	2	NA	NA	NA	NA	NA	NA	NA	NA	NA
4	114843497	136662524	3	2	1	2	d	2	2	1	0.0539511306916	0.0940542522272	NA	NA	NA	2	1	1	NA	NA	NA	NA	NA	NA	NA	6	3	3	NA	NA	NA	NA	NA	NA	NA	NA	NA
4	136662525	136721466	3	2	1	1	g	NA	2	1	0.05	0.0725928988388	NA	NA	NA	4	2	1	NA	NA	NA	NA	NA	NA	NA	8	4	4	NA	NA	NA	NA	NA	NA	NA	NA	NA
4	136721467	138429064	4	2	2	1	g	NA	1.65	1.65	0.0460398499449	0.0984087544189	NA	NA	NA	2	1	1	NA	NA	NA	NA	NA	NA	NA	7	3	4	NA	NA	NA	NA	NA	NA	NA	NA	NA
4	138429065	145299980	4	2	2	2	f	1	1.65	1.65	0.0501217744102	0.0927282625958	NA	NA	NA	2	1	1	NA	NA	NA	NA	NA	NA	NA	5	2	3	NA	NA	NA	NA	NA	NA	NA	NA	NA
4	145299981	147090023	4	2	2	2	f	1	1.65	1.65	0.0540246261809	0.0926069299937	NA	NA	NA	2	1	1	NA	NA	NA	NA	NA	NA	NA	5	2	3	NA	NA	NA	NA	NA	NA	NA	NA	NA
4	147090024	149789200	4	2	2	2	f	1	1.65	1.65	0.0470661951516	0.0928843160257	NA	NA	NA	2	1	1	NA	NA	NA	NA	NA	NA	NA	5	2	3	NA	NA	NA	NA	NA	NA	NA	NA	NA
4	149789201	150175353	4	2	2	2	f	1	1.65	1.65	0.0559731748833	0.0918203438948	NA	NA	NA	5	5	1	NA	NA	NA	NA	NA	NA	NA	8	4	4	NA	NA	NA	NA	NA	NA	NA	NA	NA
4	150175354	151019890	4	2	2	2	f	1	1.65	1.65	0.0565329298987	0.0916336779251	NA	NA	NA	2	1	1	NA	NA	NA	NA	NA	NA	NA	8	4	4	NA	NA	NA	NA	NA	NA	NA	NA	NA
4	151019891	158833679	4	2	2	2	f	2	1.65	1.65	0.0491051594785	0.0957451662213	NA	NA	NA	2	1	1	NA	NA	NA	NA	NA	NA	NA	4	2	2	NA	NA	NA	NA	NA	NA	NA	NA	NA
4	158833680	172985321	4	2	2	2	f	1	1.65	1.65	0.0496882614394	0.104102479681	NA	NA	NA	1	1	0.303781164495618	2	1	0.696218835504382	0.0243713508422073	0.0246939943198507	0.257659094594777	0.350866988870543	5	2	3	NA	NA	NA	NA	NA	NA	NA	NA	NA
4	172985322	182795055	4	2	2	2	f	1	1.65	1.65	0.0527679402812	0.0880883828772	NA	NA	NA	1	0	0.67977422486176	1	1	0.32022577513824	0.0165928777379368	0.0164843443520257	0.649019888036923	0.712832543855775	5	2	3	NA	NA	NA	NA	NA	NA	NA	NA	NA
4	182795056	182795067	4	2	2	2	f	1	1.65	1.65	0.05	0.1	NA	NA	NA	1	0	0.67977422486176	1	1	0.32022577513824	0.0165928777379368	0.0164843443520257	0.649019888036923	0.712832543855775	NA	NA	NA	NA	NA	NA	NA	NA	NA	NA	NA	NA
4	182795068	190774549	4	2	2	1	g	NA	1.65	1.65	0.0546272431998	0.0974366284495	NA	NA	NA	1	0	0.67977422486176	1	1	0.32022577513824	0.0165928777379368	0.0164843443520257	0.649019888036923	0.712832543855775	2	1	1	NA	NA	NA	NA	NA	NA	NA	NA	NA
5	22500	25250003	4	2	2	2	d	2	1.65	1.65	0.0497850360805	0.108027786829	NA	NA	NA	2	2	1	NA	NA	NA	NA	NA	NA	NA	4	2	2	NA	NA	NA	NA	NA	NA	NA	NA	NA
5	25250004	29726002	4	2	2	2	f	2	1.65	1.65	0.0427736987093	0.105871291869	NA	NA	NA	2	2	1	NA	NA	NA	NA	NA	NA	NA	6	3	3	NA	NA	NA	NA	NA	NA	NA	NA	NA
5	29726003	30709978	4	2	2	2	f	2	1.65	1.65	0.0354967330128	0.0831388565205	NA	NA	NA	2	2	1	NA	NA	NA	NA	NA	NA	NA	8	4	4	NA	NA	NA	NA	NA	NA	NA	NA	NA
5	30709979	31195201	4	2	2	2	f	1	1.65	1.65	0.0441297213947	0.100299169442	NA	NA	NA	3	3	1	NA	NA	NA	NA	NA	NA	NA	8	4	4	NA	NA	NA	NA	NA	NA	NA	NA	NA
5	31195202	43811552	4	2	2	2	f	2	1.65	1.65	0.0456689435765	0.0930940427048	NA	NA	NA	2	2	1	NA	NA	NA	NA	NA	NA	NA	5	2	3	NA	NA	NA	NA	NA	NA	NA	NA	NA
5	43811553	44837001	4	2	2	2	f	2	1.65	1.65	0.054721619232	0.079594343152	NA	NA	NA	2	2	1	NA	NA	NA	NA	NA	NA	NA	8	4	4	NA	NA	NA	NA	NA	NA	NA	NA	NA
5	44837002	46099999	4	2	2	2	f	2	1.65	1.65	0.05	0.135939486899	NA	NA	NA	2	2	1	NA	NA	NA	NA	NA	NA	NA	7	3	4	NA	NA	NA	NA	NA	NA	NA	NA	NA
5	46100000	50699999	4	2	2	2	f	1	1.65	1.65	0.0482254540772	0.162909588422	NA	NA	NA	NA	NA	NA	NA	NA	NA	NA	NA	NA	NA	6	3	3	NA	NA	NA	NA	NA	NA	NA	NA	NA
5	50700000	51517053	4	2	2	2	f	1	1.65	1.65	0.036816126637	0.0783482653049	NA	NA	NA	3	3	1	NA	NA	NA	NA	NA	NA	NA	8	4	4	NA	NA	NA	NA	NA	NA	NA	NA	NA
5	51517054	52098834	4	2	2	2	f	1	1.65	1.65	0.0448341068692	0.0930781110728	NA	NA	NA	5	4	1	NA	NA	NA	NA	NA	NA	NA	7	3	4	NA	NA	NA	NA	NA	NA	NA	NA	NA
5	52098835	52619983	4	2	2	2	f	2	1.65	1.65	0.0461258458539	0.0921315894881	NA	NA	NA	2	2	1	NA	NA	NA	NA	NA	NA	NA	7	3	4	NA	NA	NA	NA	NA	NA	NA	NA	NA
5	52619984	62414313	4	2	2	2	f	2	1.65	1.65	0.0455131753698	0.102350626263	NA	NA	NA	2	2	1	NA	NA	NA	NA	NA	NA	NA	5	2	3	NA	NA	NA	NA	NA	NA	NA	NA	NA
5	62414314	63079167	4	2	2	2	d	2	2	2	0.0553526458177	0.0907968135306	NA	NA	NA	2	2	1	NA	NA	NA	NA	NA	NA	NA	8	4	4	NA	NA	NA	NA	NA	NA	NA	NA	NA
5	63079168	63795578	8	4	4	2	d	2	2	2	0.05	0.0833012161422	NA	NA	NA	4	4	1	NA	NA	NA	NA	NA	NA	NA	8	4	4	NA	NA	NA	NA	NA	NA	NA	NA	NA
5	63795579	63933155	4	2	2	1	g	NA	2	2	0.0289085153376	0.0999091865334	NA	NA	NA	3	3	1	NA	NA	NA	NA	NA	NA	NA	8	4	4	NA	NA	NA	NA	NA	NA	NA	NA	NA
5	63933156	64058840	4	2	2	2	d	2	2	2	0.0397326901275	0.0984236390464	NA	NA	NA	3	3	1	NA	NA	NA	NA	NA	NA	NA	4	2	2	NA	NA	NA	NA	NA	NA	NA	NA	NA
5	64058841	73667032	2	2	0	2	f	2	2	0	0.0599719249697	0.0933383302567	NA	NA	NA	1	0	0.548573570180872	2	0	0.451426429819128	0.022133927736764	0.0223877410983205	0.505398722174087	0.594391504839651	3	1	2	NA	NA	NA	NA	NA	NA	NA	NA	NA
5	73667033	84805072	2	2	0	2	f	2	2	0	0.0604526891916	0.0933545850281	NA	NA	NA	1	0	0.548573570180872	2	0	0.451426429819128	0.022133927736764	0.0223877410983205	0.505398722174087	0.594391504839651	3	1	2	NA	NA	NA	NA	NA	NA	NA	NA	NA
5	84805073	88241424	2	2	0	2	f	2	2	0	0.0558738661631	0.110806192883	NA	NA	NA	1	0	0.548573570180872	2	0	0.451426429819128	0.022133927736764	0.0223877410983205	0.505398722174087	0.594391504839651	5	2	3	NA	NA	NA	NA	NA	NA	NA	NA	NA
5	88241425	89284877	2	2	0	1	g	NA	2	0	0.0637583903235	0.0849298579424	NA	NA	NA	4	2	1	NA	NA	NA	NA	NA	NA	NA	8	4	4	NA	NA	NA	NA	NA	NA	NA	NA	NA
5	89284878	89629896	2	2	0	1	g	NA	2	0	0.05	0.0890297426764	NA	NA	NA	2	1	1	NA	NA	NA	NA	NA	NA	NA	5	2	3	NA	NA	NA	NA	NA	NA	NA	NA	NA
5	89629897	90977982	2	2	0	2	f	2	2	0	0.0574883665523	0.0888907610696	NA	NA	NA	1	0	0.594897113775087	2	0	0.405102886224913	0.0984692626550692	0.0980567790993415	0.407479252326983	0.789391614478345	4	2	2	NA	NA	NA	NA	NA	NA	NA	NA	NA
5	90977983	91453401	2	2	0	1	g	NA	2	0	0.0589203533167	0.0816513428799	NA	NA	NA	3	1	1	NA	NA	NA	NA	NA	NA	NA	7	3	4	NA	NA	NA	NA	NA	NA	NA	NA	NA
5	91453402	92229940	2	2	0	1	g	NA	2	0	0.0534335761595	0.0837050505031	NA	NA	NA	3	1	1	NA	NA	NA	NA	NA	NA	NA	8	4	4	NA	NA	NA	NA	NA	NA	NA	NA	NA
5	92229941	110690795	2	2	0	2	f	2	2	0	0.0626911989232	0.093092517834	NA	NA	NA	2	0	0.64710954804458	2	1	0.35289045195542	0.0212673595458074	0.0214446734093057	0.583459679341306	0.66853671994106	5	2	3	NA	NA	NA	NA	NA	NA	NA	NA	NA
5	110690796	111240010	2	2	0	1	g	NA	2	0	0.0596792378905	0.092484772169	NA	NA	NA	3	1	1	NA	NA	NA	NA	NA	NA	NA	5	2	3	NA	NA	NA	NA	NA	NA	NA	NA	NA
5	111240011	117081071	4	2	2	2	f	1	1.46	1.46	0.0523209040041	0.108299099919	NA	NA	NA	2	1	1	NA	NA	NA	NA	NA	NA	NA	5	2	3	NA	NA	NA	NA	NA	NA	NA	NA	NA
5	117081072	121127200	4	2	2	2	f	1	1.46	1.46	0.0502163325619	0.0960867386021	NA	NA	NA	2	1	1	NA	NA	NA	NA	NA	NA	NA	5	2	3	NA	NA	NA	NA	NA	NA	NA	NA	NA
5	121127201	121930034	4	2	2	2	f	1	1.46	1.46	0.0524997642225	0.0858972267093	NA	NA	NA	2	1	1	NA	NA	NA	NA	NA	NA	NA	6	3	3	NA	NA	NA	NA	NA	NA	NA	NA	NA
5	121930035	123529893	4	2	2	2	f	1	1.46	1.46	0.0526396204945	0.0917958333607	NA	NA	NA	2	1	1	NA	NA	NA	NA	NA	NA	NA	5	2	3	NA	NA	NA	NA	NA	NA	NA	NA	NA
5	123529894	124607236	4	2	2	2	f	2	1.46	1.46	0.0457567088544	0.0896943339911	NA	NA	NA	2	1	1	NA	NA	NA	NA	NA	NA	NA	4	2	2	NA	NA	NA	NA	NA	NA	NA	NA	NA
5	124607237	124828730	4	2	2	2	f	1	1.46	1.46	0.0548385654578	0.0705068458511	NA	NA	NA	2	1	1	NA	NA	NA	NA	NA	NA	NA	8	4	4	NA	NA	NA	NA	NA	NA	NA	NA	NA
5	124828731	125326683	4	2	2	2	f	1	1.46	1.46	0.0512371872633	0.0870239115477	NA	NA	NA	5	4	1	NA	NA	NA	NA	NA	NA	NA	8	4	4	NA	NA	NA	NA	NA	NA	NA	NA	NA
5	125326684	125553886	4	2	2	2	f	1	1.46	1.46	0.0534635166521	0.0940276056839	NA	NA	NA	2	1	1	NA	NA	NA	NA	NA	NA	NA	5	2	3	NA	NA	NA	NA	NA	NA	NA	NA	NA
5	125553887	129154572	4	2	2	2	f	1	1.46	1.46	0.0510759592691	0.0902181239385	NA	NA	NA	2	1	1	NA	NA	NA	NA	NA	NA	NA	5	2	3	NA	NA	NA	NA	NA	NA	NA	NA	NA
5	129154573	136189999	4	2	2	2	f	1	1.46	1.46	0.056918354292	0.100203415015	NA	NA	NA	2	1	1	NA	NA	NA	NA	NA	NA	NA	2	1	1	NA	NA	NA	NA	NA	NA	NA	NA	NA
5	136190000	144990202	3	2	1	2	d	2	1.46	1.46	0.0539355511723	0.0964699640692	NA	NA	NA	2	1	1	NA	NA	NA	NA	NA	NA	NA	3	1	2	NA	NA	NA	NA	NA	NA	NA	NA	NA
5	144990203	152619925	4	2	2	2	f	2	1.46	1.46	0.0550965798497	0.100397792048	NA	NA	NA	2	1	1	NA	NA	NA	NA	NA	NA	NA	4	2	2	NA	NA	NA	NA	NA	NA	NA	NA	NA
5	152619926	152745331	4	2	2	2	f	1	1.46	1.46	0.051397195894	0.077899160492	NA	NA	NA	2	1	1	NA	NA	NA	NA	NA	NA	NA	5	2	3	NA	NA	NA	NA	NA	NA	NA	NA	NA
5	152745332	163270018	4	2	2	2	f	2	1.46	1.46	0.0481764618321	0.100156052869	NA	NA	NA	2	1	1	NA	NA	NA	NA	NA	NA	NA	4	2	2	NA	NA	NA	NA	NA	NA	NA	NA	NA
5	163270019	167123061	4	2	2	2	f	1	1.46	1.46	0.058046650421	0.092323052829	NA	NA	NA	2	1	1	NA	NA	NA	NA	NA	NA	NA	5	2	3	NA	NA	NA	NA	NA	NA	NA	NA	NA
5	167123062	180685900	4	2	2	2	f	1	1.46	1.46	0.0596690684721	0.169407184265	NA	NA	NA	2	1	1	NA	NA	NA	NA	NA	NA	NA	1	0	1	NA	NA	NA	NA	NA	NA	NA	NA	NA
6	242501	48120733	4	2	2	2	f	2	1.65	1.65	0.0525264808649	0.102705491157	NA	NA	NA	2	2	1	NA	NA	NA	NA	NA	NA	NA	3	1	2	NA	NA	NA	NA	NA	NA	NA	NA	NA
6	48120734	48440003	4	2	2	2	f	2	1.65	1.65	0.0399386071247	0.080811499846	NA	NA	NA	2	2	1	NA	NA	NA	NA	NA	NA	NA	8	4	4	NA	NA	NA	NA	NA	NA	NA	NA	NA
6	48440004	51858956	4	2	2	2	f	2	1.65	1.65	0.0460564106407	0.0936066733052	NA	NA	NA	2	2	1	NA	NA	NA	NA	NA	NA	NA	8	4	4	NA	NA	NA	NA	NA	NA	NA	NA	NA
6	51858957	56199995	4	2	2	2	f	2	1.65	1.65	0.0487219420712	0.0891395837629	NA	NA	NA	2	2	1	NA	NA	NA	NA	NA	NA	NA	5	2	3	NA	NA	NA	NA	NA	NA	NA	NA	NA
6	56199996	58699999	4	2	2	1	g	NA	1.65	1.65	0.05	0.144157236394	NA	NA	NA	NA	NA	1	NA	NA	NA	NA	NA	NA	NA	NA	NA	NA	NA	NA	NA	NA	NA	NA	NA	NA	NA
6	58700000	63299999	NA	NA	NA	NA	NA	NA	2	0	0.05	0.128006585989	NA	NA	NA	NA	NA	1	NA	NA	NA	NA	NA	NA	NA	NA	NA	NA	NA	NA	NA	NA	NA	NA	NA	NA	NA
6	63300000	65032580	2	2	0	1	g	NA	2	0	0.05	0.0849974096687	NA	NA	NA	NA	NA	NA	NA	NA	NA	NA	NA	NA	NA	NA	NA	NA	NA	NA	NA	NA	NA	NA	NA	NA	NA
6	65032581	69010035	2	2	0	2	f	2	2	0	0.056615758659	0.110394014448	NA	NA	NA	2	0	0.64710954804458	2	1	0.35289045195542	0.0384548687843194	0.0386217835593671	0.484174416203787	0.634995652064469	6	3	3	NA	NA	NA	NA	NA	NA	NA	NA	NA
6	69010036	75041857	2	2	0	2	f	2	2	0	0.055632075255	0.0852628971159	NA	NA	NA	2	0	0.660286424428923	2	1	0.339713575571077	0.0338298917265177	0.0344276978229259	0.522384803521002	0.659002044295678	4	2	2	NA	NA	NA	NA	NA	NA	NA	NA	NA
6	75041858	78238697	2	1	1	1	g	NA	1	1	0.0581747747985	0.0836127684896	NA	NA	NA	2	0	0.559253728663992	2	1	0.440746271336008	0.0182413117931594	0.0185594200890366	0.522486341395014	0.595823989036319	5	2	3	NA	NA	NA	NA	NA	NA	NA	NA	NA
6	78238698	85927932	2	2	0	2	f	2	2	0	0.0551542155837	0.102142653402	NA	NA	NA	2	0	0.559253728663992	2	1	0.440746271336008	0.0182413117931594	0.0185594200890366	0.522486341395014	0.595823989036319	5	2	3	NA	NA	NA	NA	NA	NA	NA	NA	NA
6	85927933	98434559	2	2	0	2	f	2	2	0	0.0644383270302	0.0843102090894	NA	NA	NA	2	0	0.559253728663992	2	1	0.440746271336008	0.0182413117931594	0.0185594200890366	0.522486341395014	0.595823989036319	4	2	2	NA	NA	NA	NA	NA	NA	NA	NA	NA
6	98434560	98528518	2	2	0	1	g	NA	2	0	0.05	0.0819294777969	NA	NA	NA	6	3	1	NA	NA	NA	NA	NA	NA	NA	7	3	4	NA	NA	NA	NA	NA	NA	NA	NA	NA
6	98528519	98785339	2	2	0	1	g	NA	2	0	0.0510242240688	0.0882994398589	NA	NA	NA	1	0	1	NA	NA	NA	NA	NA	NA	NA	7	3	4	NA	NA	NA	NA	NA	NA	NA	NA	NA
6	98785340	98787024	2	2	0	1	g	NA	2	0	0.05	0.1	NA	NA	NA	NA	NA	NA	NA	NA	NA	NA	NA	NA	NA	1	0	1	NA	NA	NA	NA	NA	NA	NA	NA	NA
6	98787025	98787268	2	2	0	1	g	NA	2	0	0.05	0.1	NA	NA	NA	NA	NA	NA	NA	NA	NA	NA	NA	NA	NA	NA	NA	NA	NA	NA	NA	NA	NA	NA	NA	NA	NA
6	98787269	105112908	2	2	0	2	f	2	2	0	0.0600159362819	0.0871586259787	NA	NA	NA	2	0	0.605304737180511	2	1	0.394695262819489	0.0355071211368677	0.0356592674798952	0.563486114961414	0.700468319251529	5	2	3	NA	NA	NA	NA	NA	NA	NA	NA	NA
6	105112909	122610079	2	2	0	1	g	NA	2	0	0.061281696336	0.0851277257522	NA	NA	NA	2	0	0.537302244841599	2	1	0.462697755158401	0.0206511882469115	0.0211308311444066	0.486860383971013	0.568797404726329	3	1	2	NA	NA	NA	NA	NA	NA	NA	NA	NA
6	122610080	124804296	2	2	0	1	g	NA	2	0	0.0615227473333	0.0865495724078	NA	NA	NA	3	1	1	NA	NA	NA	NA	NA	NA	NA	5	2	3	NA	NA	NA	NA	NA	NA	NA	NA	NA
6	124804297	125027664	2	2	0	2	f	2	2	0	0.0531971301289	0.0887047109449	NA	NA	NA	1	0	0.501274699790039	2	0	0.498725300209961	0.0146592047576395	0.0143644533081739	0.473173547180081	0.528476482182578	5	2	3	NA	NA	NA	NA	NA	NA	NA	NA	NA
6	125027665	170859751	2	2	0	2	f	2	2	0	0.0616974415007	0.0900080714134	NA	NA	NA	1	0	0.501274699790039	2	0	0.498725300209961	0.0146592047576395	0.0143644533081739	0.473173547180081	0.528476482182578	3	1	2	NA	NA	NA	NA	NA	NA	NA	NA	NA
7	46239	6095610	4	2	2	2	d	2	2	2	0.0541578179842	0.155794079427	NA	NA	NA	2	2	1	NA	NA	NA	NA	NA	NA	NA	1	0	1	NA	NA	NA	NA	NA	NA	NA	NA	NA
7	6095611	6098474	4	2	2	1	g	NA	2	2	0.05	0.1	NA	NA	NA	2	1	1	NA	NA	NA	NA	NA	NA	NA	NA	NA	NA	NA	NA	NA	NA	NA	NA	NA	NA	NA
7	6098475	8503801	4	2	2	2	d	2	2	2	0.0455848931	0.0953760512223	NA	NA	NA	2	2	1	NA	NA	NA	NA	NA	NA	NA	3	1	2	NA	NA	NA	NA	NA	NA	NA	NA	NA
7	8503802	11298766	4	2	2	2	d	2	2	2	0.0538225628166	0.0866713411074	NA	NA	NA	2	2	1	NA	NA	NA	NA	NA	NA	NA	8	4	4	NA	NA	NA	NA	NA	NA	NA	NA	NA
7	11298767	11800034	4	2	2	2	d	2	2	2	0.0508222635007	0.0802768013777	NA	NA	NA	2	2	1	NA	NA	NA	NA	NA	NA	NA	8	4	4	NA	NA	NA	NA	NA	NA	NA	NA	NA
7	11800035	25888014	4	2	2	2	d	2	2	2	0.0461124731998	0.0904457130022	NA	NA	NA	2	2	1	NA	NA	NA	NA	NA	NA	NA	6	3	3	NA	NA	NA	NA	NA	NA	NA	NA	NA
7	25888015	31869994	4	2	2	2	d	3	2	2	0.0461199405587	0.0944094382495	NA	NA	NA	2	2	1	NA	NA	NA	NA	NA	NA	NA	4	2	2	NA	NA	NA	NA	NA	NA	NA	NA	NA
7	31869995	53627040	4	2	2	2	d	3	2	2	0.0504560954253	0.0927220073165	NA	NA	NA	2	2	1	NA	NA	NA	NA	NA	NA	NA	4	2	2	NA	NA	NA	NA	NA	NA	NA	NA	NA
7	53627041	57999999	4	2	2	2	d	3	2	2	0.0535237056095	0.104464386956	NA	NA	NA	2	2	1	NA	NA	NA	NA	NA	NA	NA	4	2	2	NA	NA	NA	NA	NA	NA	NA	NA	NA
7	58000000	61699999	4	2	2	1	g	NA	2	2	0.05	0.1657303235	NA	NA	NA	NA	NA	NA	NA	NA	NA	NA	NA	NA	NA	NA	NA	NA	NA	NA	NA	NA	NA	NA	NA	NA	NA
7	61700000	75418025	4	2	2	2	d	2	2	2	0.04681265297	0.147865585773	NA	NA	NA	2	2	1	NA	NA	NA	NA	NA	NA	NA	2	1	1	NA	NA	NA	NA	NA	NA	NA	NA	NA
7	75418026	75462019	4	2	2	1	g	NA	2	2	0.05	0.1	NA	NA	NA	4	2	1	NA	NA	NA	NA	NA	NA	NA	2	1	1	NA	NA	NA	NA	NA	NA	NA	NA	NA
7	75462020	78644076	4	2	2	2	d	3	2	2	0.0445852680732	0.10369871562	NA	NA	NA	2	2	1	NA	NA	NA	NA	NA	NA	NA	4	2	2	NA	NA	NA	NA	NA	NA	NA	NA	NA
7	78644077	84164071	4	2	2	2	d	2	2	2	0.0422848479808	0.0937748781484	NA	NA	NA	2	2	1	NA	NA	NA	NA	NA	NA	NA	6	3	3	NA	NA	NA	NA	NA	NA	NA	NA	NA
7	84164072	85059999	4	2	2	2	d	2	2	2	0.0356950486072	0.089154171744	NA	NA	NA	2	2	1	NA	NA	NA	NA	NA	NA	NA	8	4	4	NA	NA	NA	NA	NA	NA	NA	NA	NA
7	85060000	86611014	4	2	2	2	d	2	2	2	0.044747356943	0.117968100764	NA	NA	NA	2	2	1	NA	NA	NA	NA	NA	NA	NA	7	3	4	NA	NA	NA	NA	NA	NA	NA	NA	NA
7	86611015	89704995	4	2	2	2	d	2	2	2	0.0450638002604	0.0956101645648	NA	NA	NA	2	2	1	NA	NA	NA	NA	NA	NA	NA	7	3	4	NA	NA	NA	NA	NA	NA	NA	NA	NA
7	89704996	90681945	4	2	2	2	d	2	2	2	0.0456263720202	0.085051170606	NA	NA	NA	2	2	1	NA	NA	NA	NA	NA	NA	NA	6	3	3	NA	NA	NA	NA	NA	NA	NA	NA	NA
7	90681946	90683127	4	2	2	1	g	NA	2	2	0.05	0.1	NA	NA	NA	NA	NA	NA	NA	NA	NA	NA	NA	NA	NA	NA	NA	NA	NA	NA	NA	NA	NA	NA	NA	NA	NA
7	90683128	90987058	8	4	4	2	d	2	2	2	0.0415887711863	0.0713881805104	NA	NA	NA	4	4	1	NA	NA	NA	NA	NA	NA	NA	8	4	4	NA	NA	NA	NA	NA	NA	NA	NA	NA
7	90987059	91116576	8	4	4	2	d	2	2	2	0.0274600211826	0.238655328865	NA	NA	NA	4	4	1	NA	NA	NA	NA	NA	NA	NA	8	4	4	NA	NA	NA	NA	NA	NA	NA	NA	NA
7	91116577	96605032	4	2	2	2	d	2	2	2	0.0472727898364	0.0893120689404	NA	NA	NA	2	2	1	NA	NA	NA	NA	NA	NA	NA	6	3	3	NA	NA	NA	NA	NA	NA	NA	NA	NA
7	96605033	106119951	4	2	2	2	d	2	2	2	0.0513464513468	0.110689542117	NA	NA	NA	2	2	1	NA	NA	NA	NA	NA	NA	NA	3	1	2	NA	NA	NA	NA	NA	NA	NA	NA	NA
7	106119952	106420847	4	2	2	1	g	NA	2	2	0.0461606813362	0.112415022756	NA	NA	NA	4	4	1	NA	NA	NA	NA	NA	NA	NA	6	3	3	NA	NA	NA	NA	NA	NA	NA	NA	NA
7	106420848	115659472	4	2	2	2	d	2	2	2	0.0443979492727	0.0925926077419	NA	NA	NA	2	2	1	NA	NA	NA	NA	NA	NA	NA	6	3	3	NA	NA	NA	NA	NA	NA	NA	NA	NA
7	115659473	117539998	4	2	2	2	d	2	2	2	0.0506020908037	0.090354505144	NA	NA	NA	2	2	1	NA	NA	NA	NA	NA	NA	NA	6	3	3	NA	NA	NA	NA	NA	NA	NA	NA	NA
7	117539999	120873938	4	2	2	2	d	2	2	2	0.0399180155973	0.0917983471607	NA	NA	NA	2	2	1	NA	NA	NA	NA	NA	NA	NA	8	4	4	NA	NA	NA	NA	NA	NA	NA	NA	NA
7	120873939	122659918	4	2	2	2	d	2	2	2	0.0454797557535	0.0907892947117	NA	NA	NA	2	2	1	NA	NA	NA	NA	NA	NA	NA	7	3	4	NA	NA	NA	NA	NA	NA	NA	NA	NA
7	122659919	123744602	4	2	2	2	d	2	2	2	0.0476768497839	0.101735750126	NA	NA	NA	2	2	1	NA	NA	NA	NA	NA	NA	NA	7	3	4	NA	NA	NA	NA	NA	NA	NA	NA	NA
7	123744603	135977364	4	2	2	2	d	3	2	2	0.0509970548985	0.0974857780446	NA	NA	NA	2	2	1	NA	NA	NA	NA	NA	NA	NA	4	2	2	NA	NA	NA	NA	NA	NA	NA	NA	NA
7	135977365	136935504	8	4	4	2	d	2	2	2	0.0460263349475	0.0869037387733	NA	NA	NA	4	4	1	NA	NA	NA	NA	NA	NA	NA	8	4	4	NA	NA	NA	NA	NA	NA	NA	NA	NA
7	136935505	149717311	4	2	2	2	d	3	2	2	0.0470443810546	0.112201630169	NA	NA	NA	2	2	1	NA	NA	NA	NA	NA	NA	NA	4	2	2	NA	NA	NA	NA	NA	NA	NA	NA	NA
7	149717312	149720903	4	2	2	2	d	2	2	2	0.05	0.1	NA	NA	NA	2	2	1	NA	NA	NA	NA	NA	NA	NA	NA	NA	NA	NA	NA	NA	NA	NA	NA	NA	NA	NA
7	149720904	158821400	4	2	2	2	d	2	2	2	0.0535439578528	0.110410191262	NA	NA	NA	2	2	1	NA	NA	NA	NA	NA	NA	NA	2	1	1	NA	NA	NA	NA	NA	NA	NA	NA	NA
8	10001	172499	1	1	0	2	d	3	1	0	0.05	0.1	NA	NA	NA	1	0	1	NA	NA	NA	NA	NA	NA	NA	1	0	1	NA	NA	NA	NA	NA	NA	NA	NA	NA
8	172500	11992520	1	1	0	2	d	3	1	0	0.0651658620908	0.11201269223	NA	NA	NA	1	0	1	NA	NA	NA	NA	NA	NA	NA	1	0	1	NA	NA	NA	NA	NA	NA	NA	NA	NA
8	11992521	24579984	1	1	0	2	d	2	1	0	0.0588359441581	0.100046206016	NA	NA	NA	1	0	1	NA	NA	NA	NA	NA	NA	NA	2	1	1	NA	NA	NA	NA	NA	NA	NA	NA	NA
8	24579985	31620021	1	1	0	2	d	2	0	0	0.0605714752113	0.0873176990483	NA	NA	NA	1	0	1	NA	NA	NA	NA	NA	NA	NA	1	0	1	NA	NA	NA	NA	NA	NA	NA	NA	NA
8	31620022	42549730	1	1	0	2	d	2	1	0	0.0647741849136	0.0958013776449	NA	NA	NA	1	0	1	NA	NA	NA	NA	NA	NA	NA	2	1	1	NA	NA	NA	NA	NA	NA	NA	NA	NA
8	42549731	42633083	1	1	0	2	d	2	1	0	0.05	0.0895390339734	NA	NA	NA	0	0	1	NA	NA	NA	NA	NA	NA	NA	1	0	1	NA	NA	NA	NA	NA	NA	NA	NA	NA
8	42633084	42697200	1	1	0	2	d	2	1	0	0.05	0.1	NA	NA	NA	4	0	1	NA	NA	NA	NA	NA	NA	NA	1	0	1	NA	NA	NA	NA	NA	NA	NA	NA	NA
8	42697201	43099999	1	1	0	2	d	3	1	0	0.05	0.0772038849694	NA	NA	NA	1	0	1	NA	NA	NA	NA	NA	NA	NA	1	0	1	NA	NA	NA	NA	NA	NA	NA	NA	NA
8	43100000	48099999	NA	NA	NA	NA	NA	NA	5	0.46	0.05	0.321150924035	NA	NA	NA	NA	NA	NA	NA	NA	NA	NA	NA	NA	NA	5	2	3	NA	NA	NA	NA	NA	NA	NA	NA	NA
8	48100000	52477430	6	5	1	2	f	2	5	0.46	0.0572905021067	0.101834549632	NA	NA	NA	5	1	1	NA	NA	NA	NA	NA	NA	NA	7	2	5	NA	NA	NA	NA	NA	NA	NA	NA	NA
8	52477431	56158982	5	4	1	2	f	2	4	0.65	0.0614540907737	0.121142248039	NA	NA	NA	4	0	0.26988203732198	4	1	0.73011796267802	0.0362952021064213	0.0383450461134205	0.157401929554208	0.305375007684655	5	2	3	NA	NA	NA	NA	NA	NA	NA	NA	NA
8	56158983	56161093	NA	NA	NA	NA	NA	NA	NA	NA	NA	NA	NA	NA	NA	NA	NA	NA	NA	NA	NA	NA	NA	NA	NA	NA	NA	NA	NA	NA	NA	NA	NA	NA	NA	NA	NA
8	56161094	63579961	4	4	0	2	f	1	4.35	0	0.0604089485117	0.0981231223867	NA	NA	NA	5	1	1	NA	NA	NA	NA	NA	NA	NA	7	2	5	NA	NA	NA	NA	NA	NA	NA	NA	NA
8	63579962	69629832	4	4	0	2	f	1	4.35	0	0.0648229867813	0.0982966908445	NA	NA	NA	5	1	1	NA	NA	NA	NA	NA	NA	NA	7	2	5	NA	NA	NA	NA	NA	NA	NA	NA	NA
8	69629833	73234182	4	4	0	2	f	1	4.35	0	0.0595175245856	0.0912087074322	NA	NA	NA	5	1	1	NA	NA	NA	NA	NA	NA	NA	7	2	5	NA	NA	NA	NA	NA	NA	NA	NA	NA
8	73234183	74012247	2	1	1	1	g	NA	0.46	0.46	0.0457504633923	0.0785525972392	NA	NA	NA	3	2	0.465756476575715	3	3	0.534243523424285	0.170910068583373	0.165762484040943	0.424491368528155	1.07525659371105	6	3	3	NA	NA	NA	NA	NA	NA	NA	NA	NA
8	74012248	74012512	4	4	0	1	g	NA	4	0	0.05	0.1	NA	NA	NA	NA	NA	NA	NA	NA	NA	NA	NA	NA	NA	NA	NA	NA	NA	NA	NA	NA	NA	NA	NA	NA	NA
8	74012513	98067288	4	4	0	1	g	NA	4	0	0.0622973263972	0.0962383880853	NA	NA	NA	5	1	1	NA	NA	NA	NA	NA	NA	NA	8	3	5	NA	NA	NA	NA	NA	NA	NA	NA	NA
8	98067289	98129934	4	4	0	1	g	NA	4	0	0.05	0.0637344299865	NA	NA	NA	5	1	1	NA	NA	NA	NA	NA	NA	NA	NA	NA	NA	NA	NA	NA	NA	NA	NA	NA	NA	NA
8	98129935	106020751	4	4	0	1	g	NA	4	0	0.0650528017576	0.0920981109089	NA	NA	NA	5	1	1	NA	NA	NA	NA	NA	NA	NA	6	2	4	NA	NA	NA	NA	NA	NA	NA	NA	NA
8	106020752	109627625	4	4	0	1	g	NA	4	0	0.0618052220202	0.0910890644767	NA	NA	NA	6	2	1	NA	NA	NA	NA	NA	NA	NA	8	3	5	NA	NA	NA	NA	NA	NA	NA	NA	NA
8	109627626	119443617	4	4	0	1	g	NA	4	0	0.0629426083786	0.0921350735895	NA	NA	NA	5	1	1	NA	NA	NA	NA	NA	NA	NA	8	3	5	NA	NA	NA	NA	NA	NA	NA	NA	NA
8	119443618	129168202	4	4	0	1	g	NA	4	0	0.0640892780589	0.0932085191164	NA	NA	NA	6	2	1	NA	NA	NA	NA	NA	NA	NA	6	2	4	NA	NA	NA	NA	NA	NA	NA	NA	NA
8	129168203	146364021	4	4	0	1	g	NA	4	0	0.0662400583682	0.110120001119	NA	NA	NA	6	2	1	NA	NA	NA	NA	NA	NA	NA	5	2	3	NA	NA	NA	NA	NA	NA	NA	NA	NA
9	10001	153760	2	1	1	1	g	NA	1	1	0.05	0.1	NA	NA	NA	NA	NA	NA	NA	NA	NA	NA	NA	NA	NA	1	0	1	NA	NA	NA	NA	NA	NA	NA	NA	NA
9	153761	1480026	2	1	1	2	d	2	1	1	0.0563106080033	0.0915785325991	NA	NA	NA	1	0	1	NA	NA	NA	NA	NA	NA	NA	2	1	1	NA	NA	NA	NA	NA	NA	NA	NA	NA
9	1480027	9049991	2	1	1	2	f	2	1	1	0.0571362822104	0.0825902674964	NA	NA	NA	1	0	0.771894795885295	1	1	0.228105204114705	0.0259013820054091	0.025572093881031	0.736500164867364	0.834751698239603	3	1	2	NA	NA	NA	NA	NA	NA	NA	NA	NA
9	9049992	9633443	2	1	1	1	g	NA	1	1	0.0452411406301	0.0862876404473	NA	NA	NA	3	2	1	NA	NA	NA	NA	NA	NA	NA	7	3	4	NA	NA	NA	NA	NA	NA	NA	NA	NA
9	9633444	10347635	2	1	1	1	g	NA	1	1	0.0552829478761	0.0835033914272	NA	NA	NA	1	0	1	NA	NA	NA	NA	NA	NA	NA	6	3	3	NA	NA	NA	NA	NA	NA	NA	NA	NA
9	10347636	10415773	2	1	1	1	g	NA	1	1	0.05	0.0896895401114	NA	NA	NA	1	0	1	NA	NA	NA	NA	NA	NA	NA	6	3	3	NA	NA	NA	NA	NA	NA	NA	NA	NA
9	10415774	11220000	2	1	1	1	g	NA	1	1	0.050742850269	0.0917594405589	NA	NA	NA	1	0	1	NA	NA	NA	NA	NA	NA	NA	4	2	2	NA	NA	NA	NA	NA	NA	NA	NA	NA
9	11220001	12156818	2	1	1	1	g	NA	1	1	0.0477602193629	0.0879278589017	NA	NA	NA	1	0	1	NA	NA	NA	NA	NA	NA	NA	5	2	3	NA	NA	NA	NA	NA	NA	NA	NA	NA
9	12156819	12272262	2	1	1	1	g	NA	1	1	0.05	0.0924255836811	NA	NA	NA	1	0	1	NA	NA	NA	NA	NA	NA	NA	5	2	3	NA	NA	NA	NA	NA	NA	NA	NA	NA
9	12272263	13620898	2	1	1	2	d	2	1	1	0.0437450421289	0.0855945164987	NA	NA	NA	1	1	1	NA	NA	NA	NA	NA	NA	NA	5	2	3	NA	NA	NA	NA	NA	NA	NA	NA	NA
9	13620899	13830006	5	3	2	2	d	2	1	1	0.0478985021954	0.139902296829	NA	NA	NA	3	2	1	NA	NA	NA	NA	NA	NA	NA	5	2	3	NA	NA	NA	NA	NA	NA	NA	NA	NA
9	13830007	14831396	3	2	1	2	d	2	1	1	0.0573223112985	0.0824816962635	NA	NA	NA	2	1	1	NA	NA	NA	NA	NA	NA	NA	3	1	2	NA	NA	NA	NA	NA	NA	NA	NA	NA
9	14831397	17163455	3	2	1	2	d	2	1	1	0.053188168538	0.0964597822588	NA	NA	NA	2	1	1	NA	NA	NA	NA	NA	NA	NA	3	1	2	NA	NA	NA	NA	NA	NA	NA	NA	NA
9	17163456	17365756	2	1	1	1	g	NA	1	1	0.0670589916351	0.0734872672283	NA	NA	NA	1	0	1	NA	NA	NA	NA	NA	NA	NA	3	1	2	NA	NA	NA	NA	NA	NA	NA	NA	NA
9	17365757	17740018	2	1	1	2	d	2	1	1	0.0443030945718	0.0972913930083	NA	NA	NA	1	1	1	NA	NA	NA	NA	NA	NA	NA	3	1	2	NA	NA	NA	NA	NA	NA	NA	NA	NA
9	17740019	20448601	4	2	2	2	f	2	1	1	0.0500651520131	0.0920901996596	NA	NA	NA	2	1	0.276714404071486	2	2	0.723285595928514	0.0558746077977996	0.0575864928432588	0.0893065807923706	0.310443092589382	4	2	2	NA	NA	NA	NA	NA	NA	NA	NA	NA
9	20448602	21068467	2	1	1	1	g	NA	1	1	0.0440703818805	0.0794736151612	NA	NA	NA	2	1	1	NA	NA	NA	NA	NA	NA	NA	4	2	2	NA	NA	NA	NA	NA	NA	NA	NA	NA
9	21068468	21068921	2	1	1	1	g	NA	1	1	0.05	0.1	NA	NA	NA	2	1	1	NA	NA	NA	NA	NA	NA	NA	NA	NA	NA	NA	NA	NA	NA	NA	NA	NA	NA	NA
9	21068922	23613747	2	1	1	1	g	NA	1	1	0.0559971104758	0.104643015732	NA	NA	NA	2	1	1	NA	NA	NA	NA	NA	NA	NA	4	2	2	NA	NA	NA	NA	NA	NA	NA	NA	NA
9	23613748	23617207	2	1	1	1	g	NA	1	1	0.05	0.1	NA	NA	NA	NA	NA	NA	NA	NA	NA	NA	NA	NA	NA	NA	NA	NA	NA	NA	NA	NA	NA	NA	NA	NA	NA
9	23617208	24057798	2	1	1	1	g	NA	1	1	0.0525001012341	0.0997697773847	NA	NA	NA	2	2	1	NA	NA	NA	NA	NA	NA	NA	6	3	3	NA	NA	NA	NA	NA	NA	NA	NA	NA
9	24057799	24138906	2	1	1	1	g	NA	1	1	0.05	0.110713457017	NA	NA	NA	4	3	1	NA	NA	NA	NA	NA	NA	NA	8	4	4	NA	NA	NA	NA	NA	NA	NA	NA	NA
9	24138907	27785016	2	1	1	2	f	2	1	1	0.0508246796848	0.115269344004	NA	NA	NA	1	1	0.688533678853301	2	1	0.311466321146699	0.0511068896596388	0.0501591074538403	0.572156247060231	0.76625686100822	4	2	2	NA	NA	NA	NA	NA	NA	NA	NA	NA
9	27785017	28192710	7	4	3	2	d	2	1	1	0.0506056487584	0.0875898762494	NA	NA	NA	4	3	1	NA	NA	NA	NA	NA	NA	NA	7	3	4	NA	NA	NA	NA	NA	NA	NA	NA	NA
9	28192711	29940079	2	1	1	2	d	2	1	1	0.0498354346214	0.0915523237928	NA	NA	NA	1	1	1	NA	NA	NA	NA	NA	NA	NA	5	2	3	NA	NA	NA	NA	NA	NA	NA	NA	NA
9	29940080	31799914	2	1	1	2	d	2	1	1	0.0391769575853	0.0830113057665	NA	NA	NA	1	1	1	NA	NA	NA	NA	NA	NA	NA	5	2	3	NA	NA	NA	NA	NA	NA	NA	NA	NA
9	31799915	32079961	2	1	1	2	f	2	1	1	0.0457221907259	0.0908023251389	NA	NA	NA	1	0	0.311466321146684	1	1	0.688533678853316	0.11987729422162	0.121843693516266	0.056398333542744	0.533862097558399	5	2	3	NA	NA	NA	NA	NA	NA	NA	NA	NA
9	32079962	32125009	2	1	1	1	g	NA	1	1	0.05	0.1	NA	NA	NA	7	6	1	NA	NA	NA	NA	NA	NA	NA	8	4	4	NA	NA	NA	NA	NA	NA	NA	NA	NA
9	32125010	43852499	2	1	1	2	d	2	1	1	0.0514826616115	0.143812132652	NA	NA	NA	1	1	1	NA	NA	NA	NA	NA	NA	NA	1	0	1	NA	NA	NA	NA	NA	NA	NA	NA	NA
9	43852500	47299999	2	1	1	2	d	2	1	1	0.05	0.406717640214	NA	NA	NA	1	0	1	NA	NA	NA	NA	NA	NA	NA	2	1	1	NA	NA	NA	NA	NA	NA	NA	NA	NA
9	47300000	50699999	NA	NA	NA	NA	NA	NA	NA	NA	NA	NA	NA	NA	NA	NA	NA	NA	NA	NA	NA	NA	NA	NA	NA	NA	NA	NA	NA	NA	NA	NA	NA	NA	NA	NA	NA
9	50700000	78044610	2	1	1	2	d	2	1	1	0.0496804212317	0.128612416522	NA	NA	NA	1	1	1	NA	NA	NA	NA	NA	NA	NA	4	2	2	NA	NA	NA	NA	NA	NA	NA	NA	NA
9	78044611	78309993	2	1	1	1	g	NA	1	1	0.046810450262	0.0816971849158	NA	NA	NA	5	5	1	NA	NA	NA	NA	NA	NA	NA	8	4	4	NA	NA	NA	NA	NA	NA	NA	NA	NA
9	78309994	103985828	2	1	1	2	d	3	1	1	0.051880015077	0.0919952292298	NA	NA	NA	1	1	1	NA	NA	NA	NA	NA	NA	NA	2	1	1	NA	NA	NA	NA	NA	NA	NA	NA	NA
9	103985829	119860071	2	1	1	2	d	2	1	1	0.0505455557113	0.0889828486368	NA	NA	NA	1	1	1	NA	NA	NA	NA	NA	NA	NA	3	1	2	NA	NA	NA	NA	NA	NA	NA	NA	NA
9	119860072	121560091	2	1	1	2	d	2	1	1	0.0445246470696	0.0823478910837	NA	NA	NA	1	1	1	NA	NA	NA	NA	NA	NA	NA	6	3	3	NA	NA	NA	NA	NA	NA	NA	NA	NA
9	121560092	122309977	2	1	1	2	d	2	1	1	0.0489738179737	0.0842147060276	NA	NA	NA	1	1	1	NA	NA	NA	NA	NA	NA	NA	4	2	2	NA	NA	NA	NA	NA	NA	NA	NA	NA
9	122309978	122664595	2	1	1	2	d	2	1	1	0.036941971227	0.0804333127007	NA	NA	NA	1	1	1	NA	NA	NA	NA	NA	NA	NA	5	2	3	NA	NA	NA	NA	NA	NA	NA	NA	NA
9	122664596	122757602	2	1	1	2	d	2	1	1	0.05	0.0550078425376	NA	NA	NA	1	1	1	NA	NA	NA	NA	NA	NA	NA	4	2	2	NA	NA	NA	NA	NA	NA	NA	NA	NA
9	122757603	140273200	2	1	1	2	f	2	1	1	0.0573515705267	0.119070658221	NA	NA	NA	1	1	0.688533678853301	2	1	0.311466321146699	0.0284538976799579	0.0281442259595957	0.590724938423811	0.697813714739273	1	0	1	NA	NA	NA	NA	NA	NA	NA	NA	NA
10	102500	19140068	4	2	2	2	f	2	1.65	1.65	0.0493996976573	0.115013410397	NA	NA	NA	2	2	1	NA	NA	NA	NA	NA	NA	NA	3	1	2	NA	NA	NA	NA	NA	NA	NA	NA	NA
10	19140069	21132297	4	2	2	2	f	2	1.65	1.65	0.0486004800999	0.0900568049455	NA	NA	NA	2	2	1	NA	NA	NA	NA	NA	NA	NA	6	3	3	NA	NA	NA	NA	NA	NA	NA	NA	NA
10	21132298	37999999	4	2	2	2	d	2	1.65	1.65	0.0486440337852	0.0967325780336	NA	NA	NA	2	2	1	NA	NA	NA	NA	NA	NA	NA	4	2	2	NA	NA	NA	NA	NA	NA	NA	NA	NA
10	38000000	42446636	4	2	2	2	f	2	1.65	1.65	0.0447641791994	0.14416486605	NA	NA	NA	NA	NA	NA	NA	NA	NA	NA	NA	NA	NA	4	2	2	NA	NA	NA	NA	NA	NA	NA	NA	NA
10	42446637	42855927	4	2	2	2	f	2	1.65	1.65	0.05	0.110295051323	NA	NA	NA	2	2	0.567633743638303	3	2	0.432366256361697	0.168415425994587	0.181318895687655	-0.136937118856516	0.570139586869845	6	3	3	NA	NA	NA	NA	NA	NA	NA	NA	NA
10	42855928	54839544	2	1	1	2	d	2	1.65	1.65	0.0551192299163	0.0975531280648	NA	NA	NA	1	1	1	NA	NA	NA	NA	NA	NA	NA	2	1	1	NA	NA	NA	NA	NA	NA	NA	NA	NA
10	54839545	67045111	4	2	2	2	f	2	1.65	1.65	0.0514095237553	0.0876023686779	NA	NA	NA	1	1	1	NA	NA	NA	NA	NA	NA	NA	4	2	2	NA	NA	NA	NA	NA	NA	NA	NA	NA
10	67045112	77719972	2	1	1	2	d	2	1.65	1.65	0.0517943880262	0.0964481735976	NA	NA	NA	1	1	1	NA	NA	NA	NA	NA	NA	NA	2	1	1	NA	NA	NA	NA	NA	NA	NA	NA	NA
10	77719973	87250884	4	2	2	2	f	2	1.65	1.65	0.054177668074	0.0967047590516	NA	NA	NA	2	1	0.364097900094051	2	2	0.635902099905949	0.0318272501024403	0.0330412436485055	0.264405250616875	0.398478574715205	3	1	2	NA	NA	NA	NA	NA	NA	NA	NA	NA
10	87250885	96800237	4	2	2	2	f	2	1.65	1.65	0.0499256178189	0.0951679174192	NA	NA	NA	2	2	1	NA	NA	NA	NA	NA	NA	NA	3	1	2	NA	NA	NA	NA	NA	NA	NA	NA	NA
10	96800238	97761768	4	2	2	2	f	1	1.65	1.65	0.0406822716006	0.0950923793622	NA	NA	NA	3	2	1	NA	NA	NA	NA	NA	NA	NA	3	1	2	NA	NA	NA	NA	NA	NA	NA	NA	NA
10	97761769	97785153	4	2	2	2	f	1	1.65	1.65	0.05	0.1	NA	NA	NA	4	2	1	NA	NA	NA	NA	NA	NA	NA	7	3	4	NA	NA	NA	NA	NA	NA	NA	NA	NA
10	97785154	98987995	4	2	2	1	g	NA	1.65	1.65	0.0555894693468	0.0979590690051	NA	NA	NA	1	1	0.651890582247818	2	1	0.348109417752182	0.0977635229745359	0.0974040492614885	0.466335929856878	0.85299548281796	2	1	1	NA	NA	NA	NA	NA	NA	NA	NA	NA
10	98987996	109140007	2	1	1	2	d	2	1.65	1.65	0.0530636026327	0.107529451281	NA	NA	NA	1	1	1	NA	NA	NA	NA	NA	NA	NA	2	1	1	NA	NA	NA	NA	NA	NA	NA	NA	NA
10	109140008	114798270	4	2	2	2	f	1	1.65	1.65	0.0511044486182	0.0876582967081	NA	NA	NA	1	1	1	NA	NA	NA	NA	NA	NA	NA	3	1	2	NA	NA	NA	NA	NA	NA	NA	NA	NA
10	114798271	114968158	4	2	2	2	f	1	1.65	1.65	0.05	0.0842257332235	NA	NA	NA	1	1	1	NA	NA	NA	NA	NA	NA	NA	1	0	1	NA	NA	NA	NA	NA	NA	NA	NA	NA
10	114968159	130436695	2	1	1	2	d	2	1.65	1.65	0.0527546372417	0.0916317307009	NA	NA	NA	1	1	1	NA	NA	NA	NA	NA	NA	NA	2	1	1	NA	NA	NA	NA	NA	NA	NA	NA	NA
10	130436696	130464755	4	2	2	2	f	1	1.65	1.65	0.0448297090453	0.1	NA	NA	NA	0	0	1	NA	NA	NA	NA	NA	NA	NA	2	1	1	NA	NA	NA	NA	NA	NA	NA	NA	NA
10	130464756	135389924	4	2	2	2	f	1	1.65	1.65	0.0629323351462	0.1142034517	NA	NA	NA	1	1	0.630133743638303	2	1	0.369866256361697	0.0508282378087378	0.0515721039489594	0.524076674081779	0.720499018568594	1	0	1	NA	NA	NA	NA	NA	NA	NA	NA	NA
11	20721	199255	4	2	2	1	g	NA	2	2	0.05	0.1	NA	NA	NA	6	0	1	NA	NA	NA	NA	NA	NA	NA	NA	NA	NA	NA	NA	NA	NA	NA	NA	NA	NA	NA
11	199256	9666343	4	2	2	2	d	2	2	2	0.0567582954359	0.123235326473	NA	NA	NA	2	2	1	NA	NA	NA	NA	NA	NA	NA	3	1	2	NA	NA	NA	NA	NA	NA	NA	NA	NA
11	9666344	9850766	4	2	2	2	d	2	2	2	0.0598439274965	0.0870446432374	NA	NA	NA	2	2	1	NA	NA	NA	NA	NA	NA	NA	3	1	2	NA	NA	NA	NA	NA	NA	NA	NA	NA
11	9850767	15779998	4	2	2	2	d	3	2	2	0.0487930547834	0.0972537535332	NA	NA	NA	2	2	1	NA	NA	NA	NA	NA	NA	NA	4	2	2	NA	NA	NA	NA	NA	NA	NA	NA	NA
11	15779999	21735863	4	2	2	2	d	3	2	2	0.0486564175935	0.100429668189	NA	NA	NA	2	2	1	NA	NA	NA	NA	NA	NA	NA	4	2	2	NA	NA	NA	NA	NA	NA	NA	NA	NA
11	21735864	25200000	4	2	2	2	d	2	2	2	0.0490258607912	0.0978998010515	NA	NA	NA	2	2	1	NA	NA	NA	NA	NA	NA	NA	7	3	4	NA	NA	NA	NA	NA	NA	NA	NA	NA
11	25200001	27887375	4	2	2	2	d	2	2	2	0.0442069902742	0.0946326343469	NA	NA	NA	2	2	1	NA	NA	NA	NA	NA	NA	NA	7	3	4	NA	NA	NA	NA	NA	NA	NA	NA	NA
11	27887376	28020149	4	2	2	1	g	NA	2	2	0.05	0.0754109492538	NA	NA	NA	9	8	1	NA	NA	NA	NA	NA	NA	NA	8	4	4	NA	NA	NA	NA	NA	NA	NA	NA	NA
11	28020150	29950027	4	2	2	2	d	2	2	2	0.0402571865173	0.0949424077119	NA	NA	NA	2	2	1	NA	NA	NA	NA	NA	NA	NA	8	4	4	NA	NA	NA	NA	NA	NA	NA	NA	NA
11	29950028	36840020	4	2	2	2	d	3	2	2	0.0470927121699	0.0917359399691	NA	NA	NA	2	2	1	NA	NA	NA	NA	NA	NA	NA	4	2	2	NA	NA	NA	NA	NA	NA	NA	NA	NA
11	36840021	37049994	4	2	2	1	g	NA	2	2	0.0518545546851	0.0915804334217	NA	NA	NA	3	3	1	NA	NA	NA	NA	NA	NA	NA	8	4	4	NA	NA	NA	NA	NA	NA	NA	NA	NA
11	37049995	37359992	4	2	2	1	g	NA	2	2	0.0379211411133	0.0744333006585	NA	NA	NA	3	3	1	NA	NA	NA	NA	NA	NA	NA	8	4	4	NA	NA	NA	NA	NA	NA	NA	NA	NA
11	37359993	38310838	4	2	2	1	g	NA	2	2	0.0425626203954	0.0981819718172	NA	NA	NA	3	3	1	NA	NA	NA	NA	NA	NA	NA	8	4	4	NA	NA	NA	NA	NA	NA	NA	NA	NA
11	38310839	42269996	4	2	2	2	d	2	2	2	0.0476780572919	0.0950683177689	NA	NA	NA	2	2	1	NA	NA	NA	NA	NA	NA	NA	6	3	3	NA	NA	NA	NA	NA	NA	NA	NA	NA
11	42269997	43173161	4	2	2	2	d	2	2	2	0.0475081431742	0.101156157375	NA	NA	NA	2	2	1	NA	NA	NA	NA	NA	NA	NA	7	3	4	NA	NA	NA	NA	NA	NA	NA	NA	NA
11	43173162	50330901	4	2	2	2	d	2	2	2	0.0492551432685	0.110983090072	NA	NA	NA	2	2	1	NA	NA	NA	NA	NA	NA	NA	3	1	2	NA	NA	NA	NA	NA	NA	NA	NA	NA
11	50330902	51599999	4	2	2	1	g	NA	2	2	0.05	0.152580771414	NA	NA	NA	4	3	0.557657362862284	5	3	0.442342637137716	1.20314070226084	1.80106704122317	-7.52836152940036	-0.32641932617063	NA	NA	NA	NA	NA	NA	NA	NA	NA	NA	NA	NA
11	51600000	55868601	NA	NA	NA	NA	NA	NA	2	2	0.05	0.360754949734	NA	NA	NA	4	4	1	NA	NA	NA	NA	NA	NA	NA	8	4	4	NA	NA	NA	NA	NA	NA	NA	NA	NA
11	55868602	56690026	4	2	2	2	f	2	2	2	0.0263516255449	0.0910630213635	NA	NA	NA	2	1	0.364097900094051	2	2	0.635902099905949	0.128762115919342	0.128514279015685	0.144234791043245	0.643959751582171	7	3	4	NA	NA	NA	NA	NA	NA	NA	NA	NA
11	56690027	68734576	4	2	2	2	d	2	2	2	0.0549923069748	0.12363641912	NA	NA	NA	2	2	1	NA	NA	NA	NA	NA	NA	NA	2	1	1	NA	NA	NA	NA	NA	NA	NA	NA	NA
11	68734577	68976987	24	23	1	1	g	NA	23	1	0.05	0.239551881074	NA	NA	NA	10	3	1	NA	NA	NA	NA	NA	NA	NA	5	1	4	NA	NA	NA	NA	NA	NA	NA	NA	NA
11	68976988	69318258	4	2	2	1	g	NA	2	2	0.05	0.11921070064	NA	NA	NA	3	2	1	NA	NA	NA	NA	NA	NA	NA	1	0	1	NA	NA	NA	NA	NA	NA	NA	NA	NA
11	69318259	69365889	6	3	3	1	g	NA	3	3	0.05	0.1	NA	NA	NA	4	2	1	NA	NA	NA	NA	NA	NA	NA	2	1	1	NA	NA	NA	NA	NA	NA	NA	NA	NA
11	69365890	69421498	27	26	1	1	g	NA	26	1	0.05	0.1	NA	NA	NA	11	2	1	NA	NA	NA	NA	NA	NA	NA	7	1	6	NA	NA	NA	NA	NA	NA	NA	NA	NA
11	69421499	69421983	27	26	1	1	g	NA	26	1	0.05	0.1	NA	NA	NA	NA	NA	NA	NA	NA	NA	NA	NA	NA	NA	NA	NA	NA	NA	NA	NA	NA	NA	NA	NA	NA	NA
11	69421984	69452023	27	26	1	1	g	NA	26	1	0.05	0.1	NA	NA	NA	12	1	0.573662563616989	12	2	0.426337436383011	0.446087687959014	0.468234639363119	-0.957654370715587	0.946571686747719	7	2	5	NA	NA	NA	NA	NA	NA	NA	NA	NA
11	69452024	69489020	27	26	1	1	g	NA	26	1	0.05	0.1	NA	NA	NA	30	0	1	NA	NA	NA	NA	NA	NA	NA	NA	NA	NA	NA	NA	NA	NA	NA	NA	NA	NA	NA
11	69489021	69489921	27	26	1	1	g	NA	26	1	0.05	0.1	NA	NA	NA	NA	NA	NA	NA	NA	NA	NA	NA	NA	NA	NA	NA	NA	NA	NA	NA	NA	NA	NA	NA	NA	NA
11	69489922	69704524	27	26	1	1	g	NA	26	1	0.0801498666199	0.18197334112	NA	NA	NA	11	2	1	NA	NA	NA	NA	NA	NA	NA	5	1	4	NA	NA	NA	NA	NA	NA	NA	NA	NA
11	69704525	79453053	4	2	2	1	g	NA	2	2	0.0512848379729	0.108743433572	NA	NA	NA	3	2	1	NA	NA	NA	NA	NA	NA	NA	3	1	2	NA	NA	NA	NA	NA	NA	NA	NA	NA
11	79453054	80243853	4	2	2	1	g	NA	2	2	0.0482913067692	0.0843932990225	NA	NA	NA	6	5	1	NA	NA	NA	NA	NA	NA	NA	8	4	4	NA	NA	NA	NA	NA	NA	NA	NA	NA
11	80243854	80871012	8	4	4	2	d	2	2	2	0.0374035442158	0.0873039316175	NA	NA	NA	4	4	1	NA	NA	NA	NA	NA	NA	NA	8	4	4	NA	NA	NA	NA	NA	NA	NA	NA	NA
11	80871013	80916003	21	20	1	1	g	NA	20	1	0.05	0.1	NA	NA	NA	24	8	1	NA	NA	NA	NA	NA	NA	NA	8	3	5	NA	NA	NA	NA	NA	NA	NA	NA	NA
11	80916004	80958867	21	20	1	1	g	NA	20	1	0.05	0.1	NA	NA	NA	9	2	1	NA	NA	NA	NA	NA	NA	NA	8	2	6	NA	NA	NA	NA	NA	NA	NA	NA	NA
11	80958868	81325477	4	2	2	1	g	NA	2	2	0.0545646644915	0.0861721138601	NA	NA	NA	5	3	1	NA	NA	NA	NA	NA	NA	NA	7	3	4	NA	NA	NA	NA	NA	NA	NA	NA	NA
11	81325478	81890497	4	2	2	1	g	NA	2	2	0.0489515210037	0.151084558626	NA	NA	NA	3	2	0.669642288117846	4	2	0.330357711882154	0.116168451609502	0.11930488396664	0.390410318070514	0.864704419042788	8	4	4	NA	NA	NA	NA	NA	NA	NA	NA	NA
11	81890498	82013617	4	2	2	1	g	NA	2	2	0.05	0.134777804758	NA	NA	NA	21	4	1	NA	NA	NA	NA	NA	NA	NA	NA	NA	NA	NA	NA	NA	NA	NA	NA	NA	NA	NA
11	82013618	83128612	4	2	2	1	g	NA	2	2	0.0471293600133	0.113969244738	NA	NA	NA	3	2	1	NA	NA	NA	NA	NA	NA	NA	6	3	3	NA	NA	NA	NA	NA	NA	NA	NA	NA
11	83128613	83422996	4	2	2	1	g	NA	2	2	0.0397876294729	0.133266202759	NA	NA	NA	5	4	0.476708398796322	5	5	0.523291601203678	0.187866236152386	0.185972323620026	0.198379963551023	0.948233649021258	8	4	4	NA	NA	NA	NA	NA	NA	NA	NA	NA
11	83422997	83489216	39	38	1	1	g	NA	38	1	0.05	0.11725063427	NA	NA	NA	11	2	1	NA	NA	NA	NA	NA	NA	NA	8	2	6	NA	NA	NA	NA	NA	NA	NA	NA	NA
11	83489217	83539598	39	38	1	1	g	NA	38	1	0.05	0.11287736299	NA	NA	NA	44	11	1	NA	NA	NA	NA	NA	NA	NA	NA	NA	NA	NA	NA	NA	NA	NA	NA	NA	NA	NA
11	83539599	83586443	39	38	1	1	g	NA	38	1	0.05	0.1	NA	NA	NA	23	3	1	NA	NA	NA	NA	NA	NA	NA	8	0	8	NA	NA	NA	NA	NA	NA	NA	NA	NA
11	83586444	83604319	39	38	1	1	g	NA	38	1	0.05	0.1	NA	NA	NA	15	2	1	NA	NA	NA	NA	NA	NA	NA	8	1	7	NA	NA	NA	NA	NA	NA	NA	NA	NA
11	83604320	83667827	23	22	1	1	g	NA	22	1	0.05	0.191614377896	NA	NA	NA	16	4	1	NA	NA	NA	NA	NA	NA	NA	8	1	7	NA	NA	NA	NA	NA	NA	NA	NA	NA
11	83667828	83903808	4	2	2	1	g	NA	2	2	0.05	0.081319071555	NA	NA	NA	4	3	1	NA	NA	NA	NA	NA	NA	NA	8	4	4	NA	NA	NA	NA	NA	NA	NA	NA	NA
11	83903809	84064371	4	2	2	1	g	NA	2	2	0.05	0.0687370788631	NA	NA	NA	2	1	1	NA	NA	NA	NA	NA	NA	NA	5	2	3	NA	NA	NA	NA	NA	NA	NA	NA	NA
11	84064372	84629012	4	2	2	1	g	NA	2	2	0.0699889349266	0.111756940143	NA	NA	NA	5	4	1	NA	NA	NA	NA	NA	NA	NA	8	4	4	NA	NA	NA	NA	NA	NA	NA	NA	NA
11	84629013	84756089	4	2	2	2	f	2	2	2	0.0458181861204	0.0997451437437	NA	NA	NA	2	1	0.372409504627722	2	2	0.627590495372278	0.180693570045861	0.178086884963657	0.0738628155014853	0.744683156361538	7	3	4	NA	NA	NA	NA	NA	NA	NA	NA	NA
11	84756090	84811756	21	19	2	1	g	NA	19	2	0.05	0.0880216095766	NA	NA	NA	15	5	1	NA	NA	NA	NA	NA	NA	NA	8	1	7	NA	NA	NA	NA	NA	NA	NA	NA	NA
11	84811757	88449988	6	3	3	2	f	2	2	2	0.0477866471335	0.0934081729274	NA	NA	NA	3	2	0.586508155687936	3	3	0.413491844312064	0.0514651010781082	0.0509772222369672	0.515078698733961	0.716092487595882	6	3	3	NA	NA	NA	NA	NA	NA	NA	NA	NA
11	88449989	89424871	4	2	2	1	g	NA	2	2	0.0542605396687	0.0965873157926	NA	NA	NA	4	3	1	NA	NA	NA	NA	NA	NA	NA	8	4	4	NA	NA	NA	NA	NA	NA	NA	NA	NA
11	89424872	90256919	4	2	2	1	g	NA	2	2	0.0506863243023	0.12956385849	NA	NA	NA	1	1	0.387807575677191	2	1	0.612192424322809	0.0903780193646169	0.090719372469442	0.168767304433182	0.530087862456118	5	2	3	NA	NA	NA	NA	NA	NA	NA	NA	NA
11	90256920	91822055	4	2	2	1	g	NA	2	2	0.0456876266143	0.0900456123723	NA	NA	NA	4	3	1	NA	NA	NA	NA	NA	NA	NA	8	4	4	NA	NA	NA	NA	NA	NA	NA	NA	NA
11	91822056	92040829	4	2	2	1	g	NA	2	2	0.0396288580443	0.0707182658522	NA	NA	NA	5	4	1	NA	NA	NA	NA	NA	NA	NA	8	4	4	NA	NA	NA	NA	NA	NA	NA	NA	NA
11	92040830	93400000	4	2	2	1	g	NA	2	2	0.0504123989693	0.108716748813	NA	NA	NA	4	3	1	NA	NA	NA	NA	NA	NA	NA	5	2	3	NA	NA	NA	NA	NA	NA	NA	NA	NA
11	93400001	103962998	4	2	2	2	f	2	2	2	0.0480526352396	0.0942590318565	NA	NA	NA	2	2	0.341156180782162	3	2	0.658843819217838	0.0312733870856751	0.0300180818016089	0.305916290809343	0.422840550947895	6	3	3	NA	NA	NA	NA	NA	NA	NA	NA	NA
11	103962999	104326956	4	2	2	1	g	NA	2	2	0.0343901913575	0.0750275700751	NA	NA	NA	4	3	1	NA	NA	NA	NA	NA	NA	NA	8	4	4	NA	NA	NA	NA	NA	NA	NA	NA	NA
11	104326957	106361367	7	4	3	2	d	2	2	2	0.0534744688353	0.0887312037784	NA	NA	NA	4	3	1	NA	NA	NA	NA	NA	NA	NA	7	3	4	NA	NA	NA	NA	NA	NA	NA	NA	NA
11	106361368	106364334	4	2	2	1	g	NA	2	2	0.05	0.1	NA	NA	NA	NA	NA	NA	NA	NA	NA	NA	NA	NA	NA	NA	NA	NA	NA	NA	NA	NA	NA	NA	NA	NA	NA
11	106364335	106519984	8	4	4	2	d	2	2	2	0.05	0.103275956654	NA	NA	NA	4	4	1	NA	NA	NA	NA	NA	NA	NA	8	4	4	NA	NA	NA	NA	NA	NA	NA	NA	NA
11	106519985	127010004	4	2	2	2	d	2	2	2	0.0505242056128	0.0955519814106	NA	NA	NA	2	2	0.312204652444711	3	2	0.687795347555289	0.0210471646762697	0.022074833390401	0.269193794488855	0.353646855662001	4	2	2	NA	NA	NA	NA	NA	NA	NA	NA	NA
11	127010005	134452200	4	2	2	2	d	2	2	2	0.0457144755215	0.0997639016061	NA	NA	NA	2	2	0.312204652444711	3	2	0.687795347555289	0.0210471646762697	0.022074833390401	0.269193794488855	0.353646855662001	4	2	2	NA	NA	NA	NA	NA	NA	NA	NA	NA
12	110107	28222723	4	2	2	1	g	NA	1.46	1.46	0.0536500604384	0.0975723228992	NA	NA	NA	1	1	0.436394276020259	2	1	0.563605723979741	0.0188255421140565	0.0191189576324588	0.397524460938638	0.472243245233371	3	1	2	NA	NA	NA	NA	NA	NA	NA	NA	NA
12	28222724	29149088	4	2	2	2	f	2	1.46	1.46	0.0456809458606	0.0879567157621	NA	NA	NA	2	2	1	NA	NA	NA	NA	NA	NA	NA	8	4	4	NA	NA	NA	NA	NA	NA	NA	NA	NA
12	29149089	33299999	4	2	2	2	f	2	1.46	1.46	0.0493205059683	0.0976613112573	NA	NA	NA	2	2	1	NA	NA	NA	NA	NA	NA	NA	3	1	2	NA	NA	NA	NA	NA	NA	NA	NA	NA
12	33300000	38199999	NA	NA	NA	NA	NA	NA	2	1	0.0517190841441	0.193920204589	NA	NA	NA	NA	NA	NA	NA	NA	NA	NA	NA	NA	NA	6	3	3	NA	NA	NA	NA	NA	NA	NA	NA	NA
12	38200000	40956297	4	2	2	2	d	2	2	2	0.0445758560772	0.093837595281	NA	NA	NA	2	2	1	NA	NA	NA	NA	NA	NA	NA	6	3	3	NA	NA	NA	NA	NA	NA	NA	NA	NA
12	40956298	41958000	4	2	2	2	d	2	2	2	0.0401890707706	0.0897330033325	NA	NA	NA	2	2	1	NA	NA	NA	NA	NA	NA	NA	8	4	4	NA	NA	NA	NA	NA	NA	NA	NA	NA
12	41958001	62193801	4	2	2	2	d	3	2	2	0.0491153961328	0.0963306155151	NA	NA	NA	2	2	1	NA	NA	NA	NA	NA	NA	NA	4	2	2	NA	NA	NA	NA	NA	NA	NA	NA	NA
12	62193802	71578808	4	2	2	2	d	2	2	2	0.0463963215777	0.0947521771534	NA	NA	NA	2	2	1	NA	NA	NA	NA	NA	NA	NA	5	2	3	NA	NA	NA	NA	NA	NA	NA	NA	NA
12	71578809	79605223	4	2	2	2	d	2	2	2	0.0482570242008	0.0871651791383	NA	NA	NA	2	2	1	NA	NA	NA	NA	NA	NA	NA	6	3	3	NA	NA	NA	NA	NA	NA	NA	NA	NA
12	79605224	86070810	4	2	2	2	d	2	2	2	0.0440911068143	0.0965931278799	NA	NA	NA	2	2	1	NA	NA	NA	NA	NA	NA	NA	7	3	4	NA	NA	NA	NA	NA	NA	NA	NA	NA
12	86070811	98320037	4	2	2	2	d	2	2	2	0.0468489883275	0.0976948902421	NA	NA	NA	2	2	1	NA	NA	NA	NA	NA	NA	NA	5	2	3	NA	NA	NA	NA	NA	NA	NA	NA	NA
12	98320038	108692485	4	2	2	2	d	2	2	2	0.0491572652369	0.103764969399	NA	NA	NA	2	2	0.710070022660525	3	2	0.289929977339475	0.0235594598595218	0.0244373403955767	0.661384146875346	0.755043144794316	4	2	2	NA	NA	NA	NA	NA	NA	NA	NA	NA
12	108692486	114496055	4	2	2	2	f	2	2	2	0.0508457370729	0.102600747934	NA	NA	NA	2	2	0.710070022660525	3	2	0.289929977339475	0.0235594598595218	0.0244373403955767	0.661384146875346	0.755043144794316	2	1	1	NA	NA	NA	NA	NA	NA	NA	NA	NA
12	114496056	119317195	4	2	2	2	f	2	2	2	0.0491015248169	0.103024022867	NA	NA	NA	2	2	0.710070022660525	3	2	0.289929977339475	0.0235594598595218	0.0244373403955767	0.661384146875346	0.755043144794316	3	1	2	NA	NA	NA	NA	NA	NA	NA	NA	NA
12	119317196	119448946	4	2	2	1	g	NA	2	2	0.0443269954844	0.0758855211799	NA	NA	NA	7	6	1	NA	NA	NA	NA	NA	NA	NA	8	4	4	NA	NA	NA	NA	NA	NA	NA	NA	NA
12	119448947	132349400	4	2	2	2	d	2	2	2	0.0511046190502	0.111563653516	NA	NA	NA	2	2	1	NA	NA	NA	NA	NA	NA	NA	2	1	1	NA	NA	NA	NA	NA	NA	NA	NA	NA
12	132349401	133851894	4	2	2	1	h	1	NA	NA	NA	NA	NA	NA	NA	2	2	1	NA	NA	NA	NA	NA	NA	NA	1	0	1	NA	NA	NA	NA	NA	NA	NA	NA	NA
13	1	16299999	NA	NA	NA	NA	NA	NA	NA	NA	NA	NA	NA	NA	NA	NA	NA	NA	NA	NA	NA	NA	NA	NA	NA	NA	NA	NA	NA	NA	NA	NA	NA	NA	NA	NA	NA
13	16300000	19499999	2	1	1	1	g	NA	1	1	0.05	0.108403123109	NA	NA	NA	2	0	1	NA	NA	NA	NA	NA	NA	NA	3	1	2	NA	NA	NA	NA	NA	NA	NA	NA	NA
13	19500000	35894982	4	2	2	2	f	2	1.46	1.46	0.0498641738708	0.095465848545	NA	NA	NA	2	2	1	NA	NA	NA	NA	NA	NA	NA	3	1	2	NA	NA	NA	NA	NA	NA	NA	NA	NA
13	35894983	48010000	4	2	2	2	d	2	1.46	1.46	0.0497556242651	0.0878693649813	NA	NA	NA	2	2	1	NA	NA	NA	NA	NA	NA	NA	4	2	2	NA	NA	NA	NA	NA	NA	NA	NA	NA
13	48010001	56300038	4	2	2	2	d	2	1.46	1.46	0.0468052786121	0.0877165591767	NA	NA	NA	2	2	1	NA	NA	NA	NA	NA	NA	NA	4	2	2	NA	NA	NA	NA	NA	NA	NA	NA	NA
13	56300039	56739996	4	2	2	2	f	1	1.46	1.46	0.0347986337586	0.0797070468022	NA	NA	NA	1	0	0.257298265295092	1	1	0.742701734704908	0.123036487184077	0.121707024852345	0.0600243374906448	0.530893360999976	6	3	3	NA	NA	NA	NA	NA	NA	NA	NA	NA
13	56739997	68283541	4	2	2	2	f	2	1.46	1.46	0.0465450913905	0.0892312370451	NA	NA	NA	2	2	1	NA	NA	NA	NA	NA	NA	NA	7	3	4	NA	NA	NA	NA	NA	NA	NA	NA	NA
13	68283542	75781017	4	2	2	2	f	2	1.46	1.46	0.0453293111755	0.0886358909032	NA	NA	NA	2	2	1	NA	NA	NA	NA	NA	NA	NA	6	3	3	NA	NA	NA	NA	NA	NA	NA	NA	NA
13	75781018	76580005	4	2	2	2	d	2	1.46	1.46	0.0477936129691	0.0855343720516	NA	NA	NA	2	2	1	NA	NA	NA	NA	NA	NA	NA	4	2	2	NA	NA	NA	NA	NA	NA	NA	NA	NA
13	76580006	78285710	4	2	2	2	f	2	1.46	1.46	0.0514460166928	0.0820370161677	NA	NA	NA	2	2	1	NA	NA	NA	NA	NA	NA	NA	6	3	3	NA	NA	NA	NA	NA	NA	NA	NA	NA
13	78285711	88150309	4	2	2	2	f	2	1.46	1.46	0.048874155687	0.0878781144285	NA	NA	NA	2	2	1	NA	NA	NA	NA	NA	NA	NA	6	3	3	NA	NA	NA	NA	NA	NA	NA	NA	NA
13	88150310	97280010	4	2	2	2	f	2	1.46	1.46	0.0486161684247	0.0926388917178	NA	NA	NA	2	2	1	NA	NA	NA	NA	NA	NA	NA	6	3	3	NA	NA	NA	NA	NA	NA	NA	NA	NA
13	97280011	104009973	4	2	2	2	d	2	1.46	1.46	0.048855881985	0.0902230004979	NA	NA	NA	2	2	1	NA	NA	NA	NA	NA	NA	NA	4	2	2	NA	NA	NA	NA	NA	NA	NA	NA	NA
13	104009974	114184345	4	2	2	2	d	2	1.46	1.46	0.0499506679623	0.097706018066	NA	NA	NA	2	2	1	NA	NA	NA	NA	NA	NA	NA	4	2	2	NA	NA	NA	NA	NA	NA	NA	NA	NA
14	1	16099999	NA	NA	NA	NA	NA	NA	NA	NA	NA	NA	NA	NA	NA	NA	NA	NA	NA	NA	NA	NA	NA	NA	NA	NA	NA	NA	NA	NA	NA	NA	NA	NA	NA	NA	NA
14	16100000	19099999	2	1	1	1	g	NA	1	1	0.05	0.0909300930219	NA	NA	NA	NA	NA	NA	NA	NA	NA	NA	NA	NA	NA	NA	NA	NA	NA	NA	NA	NA	NA	NA	NA	NA	NA
14	19100000	20483836	2	1	1	1	g	NA	1	1	0.0524525739186	0.265601210668	NA	NA	NA	4	3	1	NA	NA	NA	NA	NA	NA	NA	5	2	3	NA	NA	NA	NA	NA	NA	NA	NA	NA
14	20483837	26569023	4	2	2	2	f	1	1.46	1.46	0.0590680377337	0.106514831124	NA	NA	NA	3	2	1	NA	NA	NA	NA	NA	NA	NA	3	1	2	NA	NA	NA	NA	NA	NA	NA	NA	NA
14	26569024	36907701	4	2	2	2	f	2	1.46	1.46	0.0500601515295	0.0915112407655	NA	NA	NA	2	1	1	NA	NA	NA	NA	NA	NA	NA	4	2	2	NA	NA	NA	NA	NA	NA	NA	NA	NA
14	36907702	40745041	4	2	2	2	f	1	1.46	1.46	0.050097728779	0.0945298503792	NA	NA	NA	2	1	1	NA	NA	NA	NA	NA	NA	NA	5	2	3	NA	NA	NA	NA	NA	NA	NA	NA	NA
14	40745042	41527689	4	2	2	2	f	2	1.46	1.46	0.0560275568647	0.0906697095202	NA	NA	NA	2	1	0.658843819217829	2	2	0.341156180782171	0.12037120386442	0.116572686974448	0.492200042744342	0.949531918191273	8	4	4	NA	NA	NA	NA	NA	NA	NA	NA	NA
14	41527690	43941952	4	2	2	2	f	1	1.46	1.46	0.0463508847921	0.0923523643857	NA	NA	NA	2	1	1	NA	NA	NA	NA	NA	NA	NA	7	3	4	NA	NA	NA	NA	NA	NA	NA	NA	NA
14	43941953	46353289	4	2	2	2	f	1	1.46	1.46	0.055770143474	0.0883577464065	NA	NA	NA	2	1	1	NA	NA	NA	NA	NA	NA	NA	5	2	3	NA	NA	NA	NA	NA	NA	NA	NA	NA
14	46353290	53910133	4	2	2	2	f	2	1.46	1.46	0.0516274535247	0.0885865387347	NA	NA	NA	1	1	0.303781164495618	2	1	0.696218835504382	0.0344037034853284	0.0328219619216715	0.200630094595967	0.328646869419231	4	2	2	NA	NA	NA	NA	NA	NA	NA	NA	NA
14	53910134	54400017	7	4	3	2	d	2	3	0	0.0544210343402	0.0837404594188	NA	NA	NA	4	3	1	NA	NA	NA	NA	NA	NA	NA	7	3	4	NA	NA	NA	NA	NA	NA	NA	NA	NA
14	54400018	56860001	4	2	2	1	g	NA	1.46	1.46	0.0547649704331	0.0916413084919	NA	NA	NA	2	1	0.691786010178713	2	2	0.308213989821287	0.057191414537417	0.0588189850127852	0.578792966273161	0.816371013944881	3	1	2	NA	NA	NA	NA	NA	NA	NA	NA	NA
14	56860002	80049537	3	2	1	2	d	2	1.46	1.46	0.0522784929013	0.0916399262657	NA	NA	NA	2	1	1	NA	NA	NA	NA	NA	NA	NA	3	1	2	NA	NA	NA	NA	NA	NA	NA	NA	NA
14	80049538	83946644	4	2	2	2	f	1	1.46	1.46	0.0503593344019	0.0869303984652	NA	NA	NA	2	1	1	NA	NA	NA	NA	NA	NA	NA	5	2	3	NA	NA	NA	NA	NA	NA	NA	NA	NA
14	83946645	84937735	4	2	2	2	f	1	1.46	1.46	0.0578913070701	0.100428257287	NA	NA	NA	1	0	0.739732512723392	1	1	0.260267487276608	0.0795888146088518	0.0775003700580755	0.597184344690127	0.90161788975268	6	3	3	NA	NA	NA	NA	NA	NA	NA	NA	NA
14	84937736	84981381	2	1	1	1	g	NA	1	1	0.05	0.1	NA	NA	NA	1	0	0.360713299404281	2	0	0.639286700595719	0.34114365421281	0.313744776478425	0.111770514057847	1.33279450486791	3	1	2	NA	NA	NA	NA	NA	NA	NA	NA	NA
14	84981382	85026058	2	1	1	1	g	NA	1	1	0.05	0.1	NA	NA	NA	6	3	1	NA	NA	NA	NA	NA	NA	NA	NA	NA	NA	NA	NA	NA	NA	NA	NA	NA	NA	NA
14	85026059	85394216	2	1	1	1	g	NA	1	1	0.05	0.0883490556615	NA	NA	NA	3	1	1	NA	NA	NA	NA	NA	NA	NA	5	2	3	NA	NA	NA	NA	NA	NA	NA	NA	NA
14	85394217	85660695	7	4	3	2	d	2	1.46	1.46	0.0431213762589	0.0946927746418	NA	NA	NA	4	3	1	NA	NA	NA	NA	NA	NA	NA	7	3	4	NA	NA	NA	NA	NA	NA	NA	NA	NA
14	85660696	88220250	4	2	2	2	f	2	1.46	1.46	0.0475376913984	0.0894726410395	NA	NA	NA	2	1	0.728195800188132	2	2	0.271804199811868	0.0672704824721695	0.0686442151086527	0.65489089033044	0.921467524227522	6	3	3	NA	NA	NA	NA	NA	NA	NA	NA	NA
14	88220251	88440068	4	2	2	2	f	1	1.46	1.46	0.0410557879088	0.0821991416338	NA	NA	NA	5	4	1	NA	NA	NA	NA	NA	NA	NA	NA	NA	NA	NA	NA	NA	NA	NA	NA	NA	NA	NA
14	88440069	106368400	4	2	2	2	f	1	1.46	1.46	0.056531389571	0.105330407273	NA	NA	NA	2	1	1	NA	NA	NA	NA	NA	NA	NA	2	1	1	NA	NA	NA	NA	NA	NA	NA	NA	NA
15	1	15799999	NA	NA	NA	NA	NA	NA	NA	NA	NA	NA	NA	NA	NA	NA	NA	NA	NA	NA	NA	NA	NA	NA	NA	NA	NA	NA	NA	NA	NA	NA	NA	NA	NA	NA	NA
15	15800000	20699999	2	1	1	1	g	NA	1	1	0.05	0.299971081704	NA	NA	NA	1	0	1	NA	NA	NA	NA	NA	NA	NA	NA	NA	NA	NA	NA	NA	NA	NA	NA	NA	NA	NA
15	20700000	38846346	2	1	1	2	d	2	1	1	0.0560874855296	0.125263586642	NA	NA	NA	1	0	1	NA	NA	NA	NA	NA	NA	NA	2	1	1	NA	NA	NA	NA	NA	NA	NA	NA	NA
15	38846347	39559059	2	1	1	1	g	NA	1	1	0.0613271847419	0.0842104608776	NA	NA	NA	2	1	1	NA	NA	NA	NA	NA	NA	NA	4	2	2	NA	NA	NA	NA	NA	NA	NA	NA	NA
15	39559060	46360109	4	2	2	2	f	1	1.46	1.46	0.0524169815255	0.102552322421	NA	NA	NA	2	1	1	NA	NA	NA	NA	NA	NA	NA	2	1	1	NA	NA	NA	NA	NA	NA	NA	NA	NA
15	46360110	53548245	4	2	2	2	f	2	1.46	1.46	0.046955195507	0.0878461201186	NA	NA	NA	2	1	0.658843819217829	2	2	0.341156180782171	0.0356147814167878	0.0353189800602546	0.59863869109089	0.736893465357551	3	1	2	NA	NA	NA	NA	NA	NA	NA	NA	NA
15	53548246	100338800	4	2	2	2	f	2	1.46	1.46	0.0528797008213	0.0937477201601	NA	NA	NA	2	1	0.494132864413385	2	2	0.505867135586615	0.0146395292472342	0.0144938012990793	0.487094200681896	0.545211979182847	2	1	1	NA	NA	NA	NA	NA	NA	NA	NA	NA
15	100338801	102422796	2	1	1	2	f	2	NA	NA	NA	NA	NA	NA	NA	1	1	0.371507940997156	2	1	0.628492059002844	0.0615149154956358	0.0627411886173803	0.22611576255477	0.467864680623394	2	1	1	NA	NA	NA	NA	NA	NA	NA	NA	NA
16	89279	8288323	2	1	1	2	f	2	1	1	0.0609324108206	0.114363623076	NA	NA	NA	1	1	0.732414917164615	2	1	0.267585082835385	0.0195946722409159	0.0197785625557498	0.694781993733205	0.769385753970741	1	0	1	NA	NA	NA	NA	NA	NA	NA	NA	NA
16	8288324	13399983	2	1	1	2	f	2	1	1	0.0563772374169	0.0986688271354	NA	NA	NA	1	1	0.732414917164615	2	1	0.267585082835385	0.0195946722409159	0.0197785625557498	0.694781993733205	0.769385753970741	1	0	1	NA	NA	NA	NA	NA	NA	NA	NA	NA
16	13399984	25151111	2	1	1	2	d	2	1	1	0.0537286409356	0.119457415917	NA	NA	NA	1	1	0.732414917164615	2	1	0.267585082835385	0.0195946722409159	0.0197785625557498	0.694781993733205	0.769385753970741	2	1	1	NA	NA	NA	NA	NA	NA	NA	NA	NA
16	25151112	25244498	1	1	0	2	f	2	2	1	0.05	0.1	NA	NA	NA	1	0	0.537987281980656	1	1	0.462012718019344	0.245445134518132	0.242145842360791	2.55303852169173e-05	0.918252661643945	1	0	1	NA	NA	NA	NA	NA	NA	NA	NA	NA
16	25244499	25244707	3	2	1	1	g	NA	2	1	0.05	0.1	NA	NA	NA	NA	NA	NA	NA	NA	NA	NA	NA	NA	NA	NA	NA	NA	NA	NA	NA	NA	NA	NA	NA	NA	NA
16	25244708	25381673	3	2	1	2	d	2	2	1	0.0653069876203	0.0904202981781	NA	NA	NA	3	1	1	NA	NA	NA	NA	NA	NA	NA	3	1	2	NA	NA	NA	NA	NA	NA	NA	NA	NA
16	25381674	25388353	3	2	1	1	g	NA	2	1	0.05	0.1	NA	NA	NA	4	1	1	NA	NA	NA	NA	NA	NA	NA	5	2	3	NA	NA	NA	NA	NA	NA	NA	NA	NA
16	25388354	25660365	3	2	1	2	d	2	2	1	0.0570358680219	0.144483244049	NA	NA	NA	2	1	1	NA	NA	NA	NA	NA	NA	NA	4	2	2	NA	NA	NA	NA	NA	NA	NA	NA	NA
16	25660366	28490659	2	1	1	2	f	2	1.46	1.46	0.0574936078812	0.0921207427565	NA	NA	NA	2	1	1	NA	NA	NA	NA	NA	NA	NA	2	1	1	NA	NA	NA	NA	NA	NA	NA	NA	NA
16	28490660	28490940	1	1	0	1	h	1	NA	NA	NA	NA	NA	NA	NA	NA	NA	NA	NA	NA	NA	NA	NA	NA	NA	1	0	1	NA	NA	NA	NA	NA	NA	NA	NA	NA
16	28490941	29992561	3	2	1	1	g	NA	2	1	0.0714602574834	0.146506767382	NA	NA	NA	3	1	1	NA	NA	NA	NA	NA	NA	NA	1	0	1	NA	NA	NA	NA	NA	NA	NA	NA	NA
16	29992562	33437499	3	2	1	2	d	2	2	1	0.0536590964208	0.183312241514	NA	NA	NA	2	1	1	NA	NA	NA	NA	NA	NA	NA	1	0	1	NA	NA	NA	NA	NA	NA	NA	NA	NA
16	33437500	34599999	3	2	1	2	d	3	2	1	0.05	0.173274213062	NA	NA	NA	2	1	1	NA	NA	NA	NA	NA	NA	NA	3	1	2	NA	NA	NA	NA	NA	NA	NA	NA	NA
16	34600000	38599999	3	2	1	2	d	2	2	1	0.05	0.103376090503	NA	NA	NA	4	3	1	NA	NA	NA	NA	NA	NA	NA	3	1	2	NA	NA	NA	NA	NA	NA	NA	NA	NA
16	38600000	46452500	3	2	1	1	g	NA	2	1	0.05	0.475111287088	NA	NA	NA	7	0	1	NA	NA	NA	NA	NA	NA	NA	NA	NA	NA	NA	NA	NA	NA	NA	NA	NA	NA	NA
16	46452501	52119949	3	2	1	2	d	3	2	1	0.0667163637577	0.138569267585	NA	NA	NA	2	1	1	NA	NA	NA	NA	NA	NA	NA	3	1	2	NA	NA	NA	NA	NA	NA	NA	NA	NA
16	52119950	52819934	3	2	1	1	g	NA	2	1	0.0523074625403	0.0922093768508	NA	NA	NA	4	3	0.477334595810156	5	3	0.522665404189844	0.206973634159112	0.206049105597149	0.124432412600881	0.951753554986794	6	3	3	NA	NA	NA	NA	NA	NA	NA	NA	NA
16	52819935	61546643	3	2	1	2	d	3	2	1	0.0537198771189	0.109324591431	NA	NA	NA	2	1	1	NA	NA	NA	NA	NA	NA	NA	3	1	2	NA	NA	NA	NA	NA	NA	NA	NA	NA
16	61546644	61548535	3	2	1	1	g	NA	2	1	0.05	0.1	NA	NA	NA	6	0	1	NA	NA	NA	NA	NA	NA	NA	NA	NA	NA	NA	NA	NA	NA	NA	NA	NA	NA	NA
16	61548536	67676327	3	2	1	2	d	2	2	1	0.0557245039729	0.108772356243	NA	NA	NA	2	1	1	NA	NA	NA	NA	NA	NA	NA	4	2	2	NA	NA	NA	NA	NA	NA	NA	NA	NA
16	67676328	88827200	2	2	0	2	f	2	2.54	0	0.0698659173725	0.102600035174	NA	NA	NA	2	0	1	NA	NA	NA	NA	NA	NA	NA	1	0	1	NA	NA	NA	NA	NA	NA	NA	NA	NA
16	88827201	90354752	2	2	0	1	h	1	NA	NA	NA	NA	NA	NA	NA	2	0	0.541069949106402	3	0	0.458930050893598	0.12044097554891	0.118018232612903	0.249184797887135	0.718688514587237	1	0	1	NA	NA	NA	NA	NA	NA	NA	NA	NA
17	12500	22199999	2	2	0	2	d	2	2	0	0.0706774373544	0.175709276187	NA	NA	NA	2	0	1	NA	NA	NA	NA	NA	NA	NA	1	0	1	NA	NA	NA	NA	NA	NA	NA	NA	NA
17	22200000	25799999	NA	NA	NA	NA	NA	NA	2	0	0.05	0.150142950528	NA	NA	NA	NA	NA	NA	NA	NA	NA	NA	NA	NA	NA	4	2	2	NA	NA	NA	NA	NA	NA	NA	NA	NA
17	25800000	31531955	4	2	2	2	f	2	1.65	1.65	0.053253043213	0.103276165198	NA	NA	NA	2	2	1	NA	NA	NA	NA	NA	NA	NA	2	1	1	NA	NA	NA	NA	NA	NA	NA	NA	NA
17	31531956	31639894	4	2	2	2	d	2	1.65	1.65	0.0433957374616	0.103687573929	NA	NA	NA	2	2	1	NA	NA	NA	NA	NA	NA	NA	4	2	2	NA	NA	NA	NA	NA	NA	NA	NA	NA
17	31639895	40293240	4	2	2	2	f	2	1.65	1.65	0.0484389367056	0.118880363707	NA	NA	NA	2	2	1	NA	NA	NA	NA	NA	NA	NA	2	1	1	NA	NA	NA	NA	NA	NA	NA	NA	NA
17	40293241	44162500	5	3	2	2	f	2	3	2.35	0.0557122162806	0.138653514001	NA	NA	NA	3	2	1	NA	NA	NA	NA	NA	NA	NA	2	1	1	NA	NA	NA	NA	NA	NA	NA	NA	NA
17	44162501	44232499	2	1	1	1	g	NA	1	1	0.05	0.127403594176	NA	NA	NA	4	0	1	NA	NA	NA	NA	NA	NA	NA	3	1	2	NA	NA	NA	NA	NA	NA	NA	NA	NA
17	44232500	49625973	5	3	2	2	d	2	3	2	0.0547996005163	0.117668445543	NA	NA	NA	3	2	1	NA	NA	NA	NA	NA	NA	NA	2	1	1	NA	NA	NA	NA	NA	NA	NA	NA	NA
17	49625974	50792624	5	3	2	1	g	NA	3	2	0.0466049221726	0.110809720848	NA	NA	NA	6	5	1	NA	NA	NA	NA	NA	NA	NA	7	3	4	NA	NA	NA	NA	NA	NA	NA	NA	NA
17	50792625	52701329	5	3	2	2	d	2	3	2	0.0525437454317	0.0956466089519	NA	NA	NA	3	2	1	NA	NA	NA	NA	NA	NA	NA	7	3	4	NA	NA	NA	NA	NA	NA	NA	NA	NA
17	52701330	78799211	4	2	2	2	f	1	2.54	2.54	0.054362661305	0.110606585696	NA	NA	NA	3	2	1	NA	NA	NA	NA	NA	NA	NA	3	1	2	NA	NA	NA	NA	NA	NA	NA	NA	NA
17	78799212	81195209	5	3	2	1	h	1	NA	NA	NA	NA	NA	NA	NA	3	2	0.616427979642578	4	2	0.383572020357422	0.130515221831798	0.129884841579179	0.322247241876117	0.832329397525633	1	0	1	NA	NA	NA	NA	NA	NA	NA	NA	NA
18	10001	15399999	4	2	2	2	d	2	2	2	0.0487944161816	0.102914872493	NA	NA	NA	2	2	1	NA	NA	NA	NA	NA	NA	NA	3	1	2	NA	NA	NA	NA	NA	NA	NA	NA	NA
18	15400000	18999999	4	2	2	1	g	NA	2	2	0.05	0.0872543430444	NA	NA	NA	1	1	1	NA	NA	NA	NA	NA	NA	NA	3	1	2	NA	NA	NA	NA	NA	NA	NA	NA	NA
18	19000000	27239600	4	2	2	2	d	3	2	2	0.0471198375924	0.0924103514423	NA	NA	NA	2	2	1	NA	NA	NA	NA	NA	NA	NA	4	2	2	NA	NA	NA	NA	NA	NA	NA	NA	NA
18	27239601	27873561	4	2	2	1	g	NA	2	2	0.0454250122957	0.100641180969	NA	NA	NA	1	1	1	NA	NA	NA	NA	NA	NA	NA	6	3	3	NA	NA	NA	NA	NA	NA	NA	NA	NA
18	27873562	35510005	4	2	2	2	d	2	2	2	0.0484022391505	0.0961477704189	NA	NA	NA	2	2	1	NA	NA	NA	NA	NA	NA	NA	5	2	3	NA	NA	NA	NA	NA	NA	NA	NA	NA
18	35510006	38435417	4	2	2	2	d	2	2	2	0.04923518535	0.0931696803359	NA	NA	NA	2	2	1	NA	NA	NA	NA	NA	NA	NA	8	4	4	NA	NA	NA	NA	NA	NA	NA	NA	NA
18	38435418	40600005	4	2	2	2	d	2	2	2	0.0429547932156	0.0896485986061	NA	NA	NA	2	2	1	NA	NA	NA	NA	NA	NA	NA	7	3	4	NA	NA	NA	NA	NA	NA	NA	NA	NA
18	40600006	42177400	4	2	2	2	d	2	2	2	0.0418627156253	0.0867885169188	NA	NA	NA	2	2	1	NA	NA	NA	NA	NA	NA	NA	8	4	4	NA	NA	NA	NA	NA	NA	NA	NA	NA
18	42177401	49522254	4	2	2	2	d	2	2	2	0.0479045356186	0.11051984819	NA	NA	NA	2	2	1	NA	NA	NA	NA	NA	NA	NA	3	1	2	NA	NA	NA	NA	NA	NA	NA	NA	NA
18	49522255	49689976	4	2	2	2	d	2	2	2	0.05	0.0944421603451	NA	NA	NA	2	2	1	NA	NA	NA	NA	NA	NA	NA	NA	NA	NA	NA	NA	NA	NA	NA	NA	NA	NA	NA
18	49689977	50805754	4	2	2	1	g	NA	2	2	0.0580191961784	0.0921160525286	NA	NA	NA	4	3	0.560389072402318	5	3	0.439610927597682	0.11349762221064	0.111305475598791	0.336183946398696	0.767508615064179	6	3	3	NA	NA	NA	NA	NA	NA	NA	NA	NA
18	50805755	58811240	4	2	2	1	g	NA	2	2	0.0562028220773	0.0957487168054	NA	NA	NA	2	1	1	NA	NA	NA	NA	NA	NA	NA	5	2	3	NA	NA	NA	NA	NA	NA	NA	NA	NA
18	58811241	66600105	3	2	1	2	f	2	2.54	1	0.052908558378	0.0901627828065	NA	NA	NA	2	1	1	NA	NA	NA	NA	NA	NA	NA	6	3	3	NA	NA	NA	NA	NA	NA	NA	NA	NA
18	66600106	76117000	3	2	1	2	f	2	2.54	1	0.0573290470496	0.0990000255417	NA	NA	NA	2	0	0.27877653826516	2	1	0.72122346173484	0.0253925657631787	0.0262332635406699	0.228077876521233	0.329324107466954	4	2	2	NA	NA	NA	NA	NA	NA	NA	NA	NA
18	76117001	78077247	3	2	1	1	h	1	NA	NA	NA	NA	NA	NA	NA	2	0	0.27877653826516	2	1	0.72122346173484	0.0253925657631787	0.0262332635406699	0.228077876521233	0.329324107466954	1	0	1	NA	NA	NA	NA	NA	NA	NA	NA	NA
19	102500	245674	4	2	2	2	f	1	1.46	1.46	0.05	0.1	NA	NA	NA	NA	NA	NA	NA	NA	NA	NA	NA	NA	NA	1	0	1	NA	NA	NA	NA	NA	NA	NA	NA	NA
19	245675	21008837	4	2	2	2	f	1	1.46	1.46	0.0604991837766	0.119805487942	NA	NA	NA	2	1	1	NA	NA	NA	NA	NA	NA	NA	1	0	1	NA	NA	NA	NA	NA	NA	NA	NA	NA
19	21008838	24399999	3	2	1	2	d	2	1.46	1.46	0.0517990330233	0.114152321498	NA	NA	NA	2	1	1	NA	NA	NA	NA	NA	NA	NA	3	1	2	NA	NA	NA	NA	NA	NA	NA	NA	NA
19	24400000	28599999	3	2	1	1	g	NA	2	0.65	0.05	0.126836653527	NA	NA	NA	NA	NA	NA	NA	NA	NA	NA	NA	NA	NA	4	2	2	NA	NA	NA	NA	NA	NA	NA	NA	NA
19	28600000	59128982	3	2	1	2	f	2	2	0.65	0.0640507284011	0.148835774106	NA	NA	NA	2	1	0.634339976510659	3	1	0.365660023489341	0.0227992598586844	0.022017461007628	0.585033030302512	0.671037923092042	1	0	1	NA	NA	NA	NA	NA	NA	NA	NA	NA
20	76731	6676921	4	2	2	2	f	1	1.46	1.46	0.0530516485936	0.0958439867353	NA	NA	NA	NA	NA	NA	NA	NA	NA	NA	NA	NA	NA	2	1	1	NA	NA	NA	NA	NA	NA	NA	NA	NA
20	6676922	12916440	4	2	2	2	f	1	1.46	1.46	0.0443087848043	0.0828154940489	NA	NA	NA	NA	NA	NA	NA	NA	NA	NA	NA	NA	NA	5	2	3	NA	NA	NA	NA	NA	NA	NA	NA	NA
20	12916441	15450010	4	2	2	2	f	1	1.46	1.46	0.0489166061247	0.135011950424	NA	NA	NA	NA	NA	NA	NA	NA	NA	NA	NA	NA	NA	5	2	3	NA	NA	NA	NA	NA	NA	NA	NA	NA
20	15450011	16191934	4	2	2	2	f	1	1.46	1.46	0.0487809003764	0.0806874206268	NA	NA	NA	NA	NA	NA	NA	NA	NA	NA	NA	NA	NA	5	2	3	NA	NA	NA	NA	NA	NA	NA	NA	NA
20	16191935	17129982	4	2	2	2	f	1	1.46	1.46	0.0456354311328	0.0786217177628	NA	NA	NA	NA	NA	NA	NA	NA	NA	NA	NA	NA	NA	5	2	3	NA	NA	NA	NA	NA	NA	NA	NA	NA
20	17129983	25599999	4	2	2	2	f	2	1.46	1.46	0.0524748810975	0.0974836726396	NA	NA	NA	2	2	1	NA	NA	NA	NA	NA	NA	NA	3	1	2	NA	NA	NA	NA	NA	NA	NA	NA	NA
20	25600000	29399999	NA	NA	NA	NA	NA	NA	1	1	0.0456953463916	0.0857948083564	NA	NA	NA	2	2	1	NA	NA	NA	NA	NA	NA	NA	4	2	2	NA	NA	NA	NA	NA	NA	NA	NA	NA
20	29400000	41199986	2	1	1	2	d	2	1	1	0.051646136861	0.107659649074	NA	NA	NA	2	2	1	NA	NA	NA	NA	NA	NA	NA	2	1	1	NA	NA	NA	NA	NA	NA	NA	NA	NA
20	41199987	62432500	2	1	1	2	d	2	1	1	0.053535155848	0.0915935637957	NA	NA	NA	2	2	1	NA	NA	NA	NA	NA	NA	NA	2	1	1	NA	NA	NA	NA	NA	NA	NA	NA	NA
21	1	9411193	NA	NA	NA	NA	NA	NA	NA	NA	NA	NA	NA	NA	NA	NA	NA	NA	NA	NA	NA	NA	NA	NA	NA	NA	NA	NA	NA	NA	NA	NA	NA	NA	NA	NA	NA
21	9411194	10899999	NA	NA	NA	NA	NA	NA	2	2	0.05	0.270638012651	NA	NA	NA	NA	NA	NA	NA	NA	NA	NA	NA	NA	NA	NA	NA	NA	NA	NA	NA	NA	NA	NA	NA	NA	NA
21	10900000	15281496	4	2	2	1	g	NA	2	2	0.0747385964931	0.20560456822	NA	NA	NA	NA	NA	NA	NA	NA	NA	NA	NA	NA	NA	2	1	1	NA	NA	NA	NA	NA	NA	NA	NA	NA
21	15281497	18567845	2	2	0	2	d	2	2	0	0.0643991815903	0.0865949752333	NA	NA	NA	2	0	1	NA	NA	NA	NA	NA	NA	NA	4	2	2	NA	NA	NA	NA	NA	NA	NA	NA	NA
21	18567846	20019979	2	2	0	2	d	2	2	0	0.0574823089703	0.08566820065	NA	NA	NA	2	0	1	NA	NA	NA	NA	NA	NA	NA	3	1	2	NA	NA	NA	NA	NA	NA	NA	NA	NA
21	20019980	27863708	2	2	0	2	d	2	2	0	0.0663533773694	0.0865040209809	NA	NA	NA	2	0	1	NA	NA	NA	NA	NA	NA	NA	4	2	2	NA	NA	NA	NA	NA	NA	NA	NA	NA
21	27863709	46937500	2	2	0	2	d	2	2	0	0.0683396808585	0.0917605940679	NA	NA	NA	2	0	1	NA	NA	NA	NA	NA	NA	NA	1	0	1	NA	NA	NA	NA	NA	NA	NA	NA	NA
21	46937501	48129894	2	2	0	1	h	1	NA	NA	NA	NA	NA	NA	NA	2	0	1	NA	NA	NA	NA	NA	NA	NA	1	0	1	NA	NA	NA	NA	NA	NA	NA	NA	NA
22	1	12199999	NA	NA	NA	NA	NA	NA	NA	NA	NA	NA	NA	NA	NA	NA	NA	NA	NA	NA	NA	NA	NA	NA	NA	NA	NA	NA	NA	NA	NA	NA	NA	NA	NA	NA	NA
22	12200000	17899999	2	1	1	2	f	2	1.46	1.46	0.0715609205983	0.111449567519	NA	NA	NA	1	0	0.493155008482276	1	1	0.506844991517724	0.0845088238574992	0.0821810441153976	0.364731897163185	0.687931271624991	2	1	1	NA	NA	NA	NA	NA	NA	NA	NA	NA
22	17900000	35184973	4	2	2	2	f	2	1.46	1.46	0.0591714964807	0.107783849964	NA	NA	NA	2	1	0.628896372889748	2	2	0.371103627110252	0.0285683988735286	0.0289310695464185	0.602396040970857	0.720275880770559	1	0	1	NA	NA	NA	NA	NA	NA	NA	NA	NA
22	35184974	35366201	4	2	2	2	f	2	1.46	1.46	0.0640916552864	0.0772892877199	NA	NA	NA	3	2	1	NA	NA	NA	NA	NA	NA	NA	4	2	2	NA	NA	NA	NA	NA	NA	NA	NA	NA
22	35366202	37205219	4	2	2	2	f	1	1.46	1.46	0.0645631178887	0.0916611830225	NA	NA	NA	1	1	0.409072196968386	2	1	0.590927803031614	0.0307141538202935	0.0301780354785558	0.350289204123727	0.469852944848367	1	0	1	NA	NA	NA	NA	NA	NA	NA	NA	NA
22	37205220	37396005	4	2	2	2	f	1	1.46	1.46	0.0290081297441	0.103871885	NA	NA	NA	1	1	0.409072196968386	2	1	0.590927803031614	0.0307141538202935	0.0301780354785558	0.350289204123727	0.469852944848367	1	0	1	NA	NA	NA	NA	NA	NA	NA	NA	NA
22	37396006	49641400	4	2	2	2	f	1	1.46	1.46	0.0622149571811	0.130631711354	NA	NA	NA	1	1	0.409072196968386	2	1	0.590927803031614	0.0307141538202935	0.0301780354785558	0.350289204123727	0.469852944848367	1	0	1	NA	NA	NA	NA	NA	NA	NA	NA	NA
22	49641401	51304565	4	2	2	2	f	1	1.46	1.46	0.0597737898531	0.1	NA	NA	NA	1	1	0.409072196968386	2	1	0.590927803031614	0.0307141538202935	0.0301780354785558	0.350289204123727	0.469852944848367	1	0	1	NA	NA	NA	NA	NA	NA	NA	NA	NA
X	1	1958029	1	1	0	3	b	2	1	0	0.0427386815927	0.1848964084	NA	NA	NA	NA	NA	NA	NA	NA	NA	NA	NA	NA	NA	1	0	1	NA	NA	NA	NA	NA	NA	NA	NA	NA
X	1958030	1960576	1	1	0	3	b	2	1	0	0.05	0.1	NA	NA	NA	NA	NA	NA	NA	NA	NA	NA	NA	NA	NA	1	0	1	NA	NA	NA	NA	NA	NA	NA	NA	NA
X	1960577	21832999	1	1	0	3	b	2	1	0	0.0454735634435	0.128422772805	NA	NA	NA	NA	NA	NA	NA	NA	NA	NA	NA	NA	NA	1	0	1	NA	NA	NA	NA	NA	NA	NA	NA	NA
X	21833000	57757041	1	1	0	3	b	2	1	0	0.05	0.163825642757	NA	NA	NA	NA	NA	NA	NA	NA	NA	NA	NA	NA	NA	1	0	1	NA	NA	NA	NA	NA	NA	NA	NA	NA
X	57757042	57942156	1	1	0	1	g	NA	1	0	0.05	0.1	NA	NA	NA	NA	NA	NA	NA	NA	NA	NA	NA	NA	NA	2	0	2	NA	NA	NA	NA	NA	NA	NA	NA	NA
X	57942157	62999999	1	1	0	1	g	NA	1	0	0.05	0.476075573473	NA	NA	NA	NA	NA	NA	NA	NA	NA	NA	NA	NA	NA	2	0	2	NA	NA	NA	NA	NA	NA	NA	NA	NA
X	63000000	155270559	1	1	0	1	g	NA	1	0	0.05	0.121295589864	NA	NA	NA	NA	NA	NA	NA	NA	NA	NA	NA	NA	NA	2	0	2	NA	NA	NA	NA	NA	NA	NA	NA	NA
Y	1	11599999	NA	NA	NA	NA	NA	NA	NA	NA	NA	NA	NA	NA	NA	NA	NA	NA	NA	NA	NA	NA	NA	NA	NA	NA	NA	NA	NA	NA	NA	NA	NA	NA	NA	NA	NA
Y	11600000	13399999	NA	NA	NA	NA	NA	NA	NA	NA	NA	NA	NA	NA	NA	NA	NA	NA	NA	NA	NA	NA	NA	NA	NA	NA	NA	NA	NA	NA	NA	NA	NA	NA	NA	NA	NA
Y	13400000	59373565	NA	NA	NA	NA	NA	NA	NA	NA	NA	NA	NA	NA	NA	NA	NA	NA	NA	NA	NA	NA	NA	NA	NA	NA	NA	NA	NA	NA	NA	NA	NA	NA	NA	NA	NA
