chromosome	start	end	total_cn	major_cn	minor_cn	star	level	methods_agree	absolute_broad_major_cn	absolute_broad_minor_cn	absolute_broad_het_error	absolute_broad_cov_error	aceseq_copy_number	aceseq_minor_cn	aceseq_major_cn	battenberg_nMaj1_A	battenberg_nMin1_A	battenberg_frac1_A	battenberg_nMaj2_A	battenberg_nMin2_A	battenberg_frac2_A	battenberg_SDfrac_A	battenberg_SDfrac_A_BS	battenberg_frac1_A_0.025	battenberg_frac1_A_0.975	clonehd_copy_number	clonehd_minor_cn	clonehd_major_cn	sclust_nMaj1_A	sclust_nMin1_A	sclust_frac1_A	sclust_nMaj2_A	sclust_nMin2_A	sclust_frac2_A	jabba_copy_number	jabba_minor_cn	jabba_major_cn
1	1	89060001	3	2	1	3	a	6	2	1	0.0764255424787	0.175082712255	3	1	2	2	1	1	NA	NA	NA	NA	NA	NA	NA	3	1	2	2	1	1	NA	NA	NA	3	1	2
1	89060002	95075952	3	2	1	3	a	6	2	1	0.0778098273105	0.163777548671	3	1	2	2	1	1	NA	NA	NA	NA	NA	NA	NA	3	1	2	2	1	1	NA	NA	NA	3	1	2
1	95075953	121499999	3	2	1	3	a	6	2	1	0.0834187936111	0.195888431614	3	1	2	2	1	1	NA	NA	NA	NA	NA	NA	NA	3	1	2	2	1	1	NA	NA	NA	3	1	2
1	121500000	128899999	3	2	1	2	d	4	2	1	0.05	0.1	3	1	2	NA	NA	NA	NA	NA	NA	NA	NA	NA	NA	NA	NA	NA	2	1	1	NA	NA	NA	3	1	2
1	128900000	232642540	3	2	1	3	a	6	2	1	0.078062967285	0.185091839344	3	1	2	2	1	1	NA	NA	NA	NA	NA	NA	NA	3	1	2	2	1	1	NA	NA	NA	3	1	2
1	232642541	232666713	4	3	1	3	b	6	3	1	0.05	0.1	3	1	2	3	1	1	NA	NA	NA	NA	NA	NA	NA	4	1	3	3	1	1	NA	NA	NA	4	1	3
1	232666714	232666890	4	3	1	2	d	4	3	1	0.05	0.1	NA	NA	NA	3	1	1	NA	NA	NA	NA	NA	NA	NA	1	0	1	3	1	1	NA	NA	NA	4	1	3
1	232666891	232666915	4	3	1	2	d	4	3	1	0.05	0.1	NA	NA	NA	3	1	1	NA	NA	NA	NA	NA	NA	NA	1	0	1	3	1	1	NA	NA	NA	4	1	3
1	232666916	232667449	4	3	1	2	d	3	3	1	0.05	0.1	NA	NA	NA	3	1	1	NA	NA	NA	NA	NA	NA	NA	NA	NA	NA	3	1	1	NA	NA	NA	3	1	2
1	232667450	232715211	4	3	1	2	d	4	3	1	0.05	0.1	NA	NA	NA	3	1	1	NA	NA	NA	NA	NA	NA	NA	4	1	3	3	1	1	NA	NA	NA	3	1	2
1	232715212	247256917	3	2	1	3	a	6	2	1	0.0767923531173	0.161623995402	3	1	2	2	1	1	NA	NA	NA	NA	NA	NA	NA	3	1	2	2	1	1	NA	NA	NA	3	1	2
1	247256918	249250620	3	2	1	2	d	4	NA	NA	NA	NA	2.894185	0.9655534133	1.9286313	2	1	1	NA	NA	NA	NA	NA	NA	NA	3	1	2	2	1	1	NA	NA	NA	3	1	2
2	11320	90466642	3	2	1	3	a	6	2	1	0.0799949636127	0.177520460833	3	1	2	2	1	1	NA	NA	NA	NA	NA	NA	NA	3	1	2	2	1	1	NA	NA	NA	3	1	2
2	90466643	90499999	3	2	1	3	b	5	2	1	0.05	0.1	3	1	2	2	1	1	NA	NA	NA	NA	NA	NA	NA	NA	NA	NA	2	1	1	NA	NA	NA	3	1	2
2	90500000	97547269	3	2	1	3	b	6	2	1	0.0608815684356	0.204213778334	3	1	2	2	1	1	NA	NA	NA	NA	NA	NA	NA	4	2	2	2	1	1	NA	NA	NA	3	1	2
2	97547270	242988297	3	2	1	3	a	6	2	1	0.0813548213734	0.177909910752	3	1	2	2	1	1	NA	NA	NA	NA	NA	NA	NA	3	1	2	2	1	1	NA	NA	NA	3	1	2
3	62746	75817499	3	3	0	3	a	6	3	0	0.041517627693	0.175677046412	3	0	3	3	0	1	NA	NA	NA	NA	NA	NA	NA	3	0	3	3	0	1	NA	NA	NA	3	0	3
3	75817500	87899999	3	3	0	2	d	4	3	0	0.0558169383034	0.175046459484	3	0	3	3	0	1	NA	NA	NA	NA	NA	NA	NA	2	0	2	3	0	1	NA	NA	NA	2	0	2
3	87900000	93899999	NA	NA	NA	NA	NA	NA	2	0	0.0654694526105	0.323708072336	2.140166	0.0005868924	2.1395787	NA	NA	NA	NA	NA	NA	NA	NA	NA	NA	2	0	2	2	0	1	NA	NA	NA	2	0	2
3	93900000	151549989	2	2	0	3	a	6	2	0	0.0619561731647	0.132447771367	2	0	2	2	0	1	NA	NA	NA	NA	NA	NA	NA	2	0	2	2	0	1	NA	NA	NA	2	0	2
3	151549990	197772683	2	2	0	3	a	6	2	0	0.0636550105569	0.134587742084	2	0	2	2	0	1	NA	NA	NA	NA	NA	NA	NA	2	0	2	2	0	1	NA	NA	NA	2	0	2
4	27500	48199999	3	2	1	3	a	6	2	1	0.0816326632116	0.178111103123	3	1	2	2	1	1	NA	NA	NA	NA	NA	NA	NA	3	1	2	2	1	1	NA	NA	NA	3	1	2
4	48200000	52699999	3	2	1	3	b	5	2	1	0.0889121555805	0.332935848181	3	1	2	NA	NA	NA	NA	NA	NA	NA	NA	NA	NA	3	1	2	2	1	1	NA	NA	NA	3	1	2
4	52700000	68212796	3	2	1	3	a	6	2	1	0.0879637720787	0.176062618472	3	1	2	2	1	1	NA	NA	NA	NA	NA	NA	NA	3	1	2	2	1	1	NA	NA	NA	3	1	2
4	68212797	70300210	3	2	1	2	d	3	2	1	0.0809155248165	0.193361771335	2.896986	0.9702076324	1.9267786	2	1	1	NA	NA	NA	NA	NA	NA	NA	2	1	1	2	1	1	NA	NA	NA	2	1	1
4	70300211	70328307	3	2	1	2	d	5	2	1	0.05	0.1	2.896986	0.9702076324	1.9267786	2	1	1	NA	NA	NA	NA	NA	NA	NA	3	1	2	2	1	1	NA	NA	NA	3	1	2
4	70328308	191154275	3	2	1	3	a	6	2	1	0.0852225433139	0.175198235719	3	1	2	2	1	1	NA	NA	NA	NA	NA	NA	NA	3	1	2	2	1	1	NA	NA	NA	3	1	2
5	14757	11699157	2	1	1	2	d	4	1	1	0.0648108546044	0.140751657086	2.103731	1.0518656471	1.0518656	1	1	0.930136373798346	2	1	0.0698636262016538	0.00600219499012677	0.00558265777849831	0.919361225950171	0.940994879075309	2	1	1	1	1	1	NA	NA	NA	2	1	1
5	11699158	17754999	3	2	1	3	a	6	2	1	0.0767757579848	0.263474340476	3	1	2	2	1	1	NA	NA	NA	NA	NA	NA	NA	3	1	2	2	1	1	NA	NA	NA	3	1	2
5	17755000	46099999	3	2	1	3	a	6	2	1	0.0855490281092	0.17716210111	3	1	2	2	1	1	NA	NA	NA	NA	NA	NA	NA	3	1	2	2	1	1	NA	NA	NA	3	1	2
5	46100000	50699999	3	2	1	2	d	3	2	1	0.0809664595631	0.210080585031	2.413652	0.8032377315	1.6104146	NA	NA	NA	NA	NA	NA	NA	NA	NA	NA	2	1	1	2	1	1	NA	NA	NA	3	1	2
5	50700000	59245920	3	2	1	2	d	5	2	1	0.0829688635417	0.174696549393	2.891504	0.9663768325	1.925127	2	1	1	NA	NA	NA	NA	NA	NA	NA	3	1	2	2	1	1	NA	NA	NA	3	1	2
5	59245921	59246102	3	2	1	2	d	3	2	1	0.05	0.1	2.891504	0.9663768325	1.925127	NA	NA	NA	NA	NA	NA	NA	NA	NA	NA	NA	NA	NA	2	1	1	NA	NA	NA	3	1	2
5	59246103	59272795	3	2	1	2	d	2	2	1	0.05	0.1	NA	NA	NA	NA	NA	NA	NA	NA	NA	NA	NA	NA	NA	NA	NA	NA	2	0	1	NA	NA	NA	3	1	2
5	59272796	68829623	2	2	0	3	a	6	2	0	0.0731961255503	0.131091493196	2	0	2	2	0	1	NA	NA	NA	NA	NA	NA	NA	2	0	2	2	0	1	NA	NA	NA	2	0	2
5	68829624	172250260	2	2	0	3	a	6	2	0	0.0630758189063	0.135163883559	2	0	2	2	0	1	NA	NA	NA	NA	NA	NA	NA	2	0	2	2	0	1	NA	NA	NA	2	0	2
5	172250261	176804173	1	1	0	3	a	6	1	0	0.0797358754002	0.0977673105059	1	0	1	1	0	1	NA	NA	NA	NA	NA	NA	NA	1	0	1	1	0	1	NA	NA	NA	1	0	1
5	176804174	176849069	4	4	0	1	g	NA	NA	NA	NA	NA	1	0	1	NA	NA	1	NA	NA	NA	NA	NA	NA	NA	NA	NA	NA	2	0	1	NA	NA	NA	4	0	4
5	176849070	180679070	2	2	0	3	b	6	2	0	0.0464138407172	0.120504944949	2	0	2	2	0	1	NA	NA	NA	NA	NA	NA	NA	3	0	3	2	0	1	NA	NA	NA	2	0	2
6	205800	38348932	4	3	1	2	d	2	2.55	1.12	0.0706077647472	0.221389099738	3.924664	1.2752542635	2.6494096	2	1	0.826291079812203	3	1	0.173708920187797	0.00532540380251167	0.00513822385538927	0.850150842884532	0.869818492577263	4	1	3	3	1	0.148419	2	1	0.851581	4	1	3
6	38348933	50560000	3	2	1	2	d	2	2.12	1.17	0.0708866973403	0.189372703584	3.388612	1.2294002896	2.1592113	2	1	0.86094342101128	2	2	0.13905657898872	0.0049644289255068	0.00495134343206272	0.851731495393149	0.870745641630986	4	2	2	2	1	1	NA	NA	NA	3	1	2
6	50560001	56110002	3	2	1	2	d	2	2.12	1.17	0.0753684202809	0.192161733556	3.321747	1.2046356733	2.1171114	2	1	0.86094342101128	2	2	0.13905657898872	0.0049644289255068	0.00495134343206272	0.851731495393149	0.870745641630986	3	1	2	2	2	0.143569	2	1	0.856431	3	1	2
6	56110003	58699999	3	2	1	2	d	2	2.12	1.17	0.075124883114	0.226218064439	3.437628	1.2766670696	2.1609609	2	1	0.86094342101128	2	2	0.13905657898872	0.0049644289255068	0.00495134343206272	0.851731495393149	0.870745641630986	3	1	2	2	2	0.143569	2	1	0.856431	3	1	2
6	58700000	63299999	3	2	1	2	d	2	2.12	1.17	0.0697787248628	0.255111383778	3.08418	1.1419443526	1.9422355	NA	NA	NA	NA	NA	NA	NA	NA	NA	NA	2	1	1	2	1	1	NA	NA	NA	3	1	2
6	63300000	140630075	3	2	1	2	d	2	2.12	1.17	0.0790684268057	0.195102453583	3.369252	1.2260046226	2.143247	2	1	0.86373400364356	2	2	0.13626599635644	0.00210825785777419	0.00215761715850351	0.859359902595297	0.867853292464502	3	1	2	2	2	0.143569	2	1	0.856431	3	1	2
6	140630076	170907623	3	2	1	2	e	5	2.12	1.17	0.0742332589957	0.190981594291	3.500923	1.2709972085	2.229926	2	1	0.86373400364356	2	2	0.13626599635644	0.00210825785777419	0.00215761715850351	0.859359902595297	0.867853292464502	4	2	2	2	2	0.143569	2	1	0.856431	3	1	2
7	40386	57999999	4	2	2	3	a	6	2	2	0.0531931998481	0.228954253414	4	2	2	2	2	1	NA	NA	NA	NA	NA	NA	NA	4	2	2	2	2	1	NA	NA	NA	4	2	2
7	58000000	61794600	NA	NA	NA	NA	NA	NA	2	2	0.05	0.33569498875	4	2	2	NA	NA	NA	NA	NA	NA	NA	NA	NA	NA	NA	NA	NA	1	1	1	NA	NA	NA	3	1	2
7	61794601	62460063	2	1	1	2	f	3	2	2	0.05	0.336144324869	NA	NA	NA	1	1	1	NA	NA	NA	NA	NA	NA	NA	2	1	1	2	1	0.377623	1	1	0.622377	3	1	2
7	62460064	76181602	4	2	2	2	d	4	2	2	0.0425977498395	0.265437548178	4.166825	2.0834123598	2.0834124	2	2	1	NA	NA	NA	NA	NA	NA	NA	5	2	3	2	2	1	NA	NA	NA	4	2	2
7	76181603	110410199	4	2	2	3	a	6	2	2	0.0558328396736	0.230175619684	4	2	2	2	2	1	NA	NA	NA	NA	NA	NA	NA	4	2	2	2	2	1	NA	NA	NA	4	2	2
7	110410200	110475079	5	3	2	2	e	4	3	2	0.05	0.246974483452	4.265017	1.7267974822	2.5382191	3	2	1	NA	NA	NA	NA	NA	NA	NA	4	2	2	3	2	0.922995	2	2	0.0770047	4	2	2
7	110475080	110475975	5	3	2	2	f	3	NA	NA	NA	NA	4.265017	1.7267974822	2.5382191	2	2	1	NA	NA	NA	NA	NA	NA	NA	1	0	1	3	2	0.922995	2	2	0.0770047	5	2	3
7	110475976	110476358	5	3	2	1	g	NA	NA	NA	NA	NA	NA	NA	NA	2	2	1	NA	NA	NA	NA	NA	NA	NA	NA	NA	NA	3	2	0.922995	2	2	0.0770047	5	2	3
7	110476359	158821400	4	2	2	3	a	6	2	2	0.0514676512695	0.233702144238	4	2	2	2	2	1	NA	NA	NA	NA	NA	NA	NA	4	2	2	2	2	1	NA	NA	NA	4	2	2
8	1	172499	3	2	1	2	d	3	2.3	1.12	0.05	0.1	NA	NA	NA	2	1	0.651636313608145	2	2	0.348363686391855	0.129300188076475	0.118005893943288	0.494918728138792	0.96469873264994	3	1	2	2	1	1	NA	NA	NA	3	1	2
8	172500	4127853	3	2	1	2	d	3	2.3	1	0.0781826127063	0.196177116845	3.189366	1.0690879047	2.120278	2	1	1	NA	NA	NA	NA	NA	NA	NA	4	1	3	2	1	1	NA	NA	NA	3	1	2
8	4127854	12518482	2	1	1	2	d	4	1.12	1.12	0.0641643667265	0.17737387392	2	1	1	1	0	0.0670427499571174	1	1	0.932957250042883	0.00284643612291156	0.00285037558390141	0.0615544514600625	0.0727435205505142	2	1	1	1	1	1	NA	NA	NA	2	1	1
8	12518483	43099999	2	1	1	2	d	4	1.12	1.12	0.0694932255623	0.142802102925	2	1	1	1	0	0.0670427499571174	1	1	0.932957250042883	0.00284643612291156	0.00285037558390141	0.0615544514600625	0.0727435205505142	2	1	1	1	1	1	NA	NA	NA	2	1	1
8	43100000	48099999	2	1	1	2	d	3	1.12	1.12	0.05	0.182528135593	1.696521	0.7430203279	0.9535007	NA	NA	NA	NA	NA	NA	NA	NA	NA	NA	2	1	1	1	1	1	NA	NA	NA	2	1	1
8	48100000	146364021	2	1	1	2	d	4	1.12	1.12	0.0722306039891	0.15050929799	2	1	1	1	0	0.0744594001666739	1	1	0.925540599833326	0.00222425144873386	0.00222927617132281	0.0700953792193524	0.0786225085404602	2	1	1	1	1	1	NA	NA	NA	2	1	1
9	56014	13940025	3	2	1	2	d	5	2	1	0.0860626445576	0.196721960883	2.873732	0.9802864813	1.8934452	2	1	1	NA	NA	NA	NA	NA	NA	NA	3	1	2	2	1	1	NA	NA	NA	3	1	2
9	13940026	44795777	3	2	1	2	d	5	2	1	0.0840585872971	0.191783524163	2.879483	0.9781487243	1.9013343	2	1	1	NA	NA	NA	NA	NA	NA	NA	3	1	2	2	1	1	NA	NA	NA	3	1	2
9	44795778	47299999	3	2	1	2	d	3	2	1	0.05	0.474460824514	2.879483	0.9781487243	1.9013343	2	1	1	NA	NA	NA	NA	NA	NA	NA	1	0	1	3	1	0.704545	2	1	0.295455	3	1	2
9	47300000	50699999	3	2	1	2	d	2	2	1	0.05	0.1	NA	NA	NA	NA	NA	NA	NA	NA	NA	NA	NA	NA	NA	1	0	1	3	1	0.704545	2	1	0.295455	3	1	2
9	50700000	66849971	3	2	1	2	d	2	2	1	0.05	0.257696432828	NA	NA	NA	NA	NA	NA	NA	NA	NA	NA	NA	NA	NA	NA	NA	NA	3	1	0.704545	2	1	0.295455	3	1	2
9	66849972	140273200	3	2	1	3	a	6	2	1	0.0784486012881	0.171136963822	3	1	2	2	1	1	NA	NA	NA	NA	NA	NA	NA	3	1	2	2	1	1	NA	NA	NA	3	1	2
9	140273201	141026797	3	2	1	2	d	4	NA	NA	NA	NA	3	1	2	2	1	1	NA	NA	NA	NA	NA	NA	NA	4	1	3	2	1	1	NA	NA	NA	3	1	2
10	95074	37999999	2	1	1	2	d	5	1	1	0.0655755204376	0.125418888998	2	1	1	1	0	0.0637288101702096	1	1	0.93627118982979	0.00312713623668262	0.00308825231400954	0.0580046074090127	0.0702623571127072	2	1	1	1	1	1	NA	NA	NA	2	1	1
10	38000000	42451201	2	1	1	3	b	5	1	1	0.05	0.273691532874	2	1	1	NA	NA	NA	NA	NA	NA	NA	NA	NA	NA	2	1	1	1	1	1	NA	NA	NA	2	1	1
10	42451202	135269955	2	1	1	3	a	6	1	1	0.0696358416728	0.136784712639	2	1	1	1	1	1	NA	NA	NA	NA	NA	NA	NA	2	1	1	1	1	1	NA	NA	NA	2	1	1
10	135269956	135389924	2	1	1	2	d	3	1	1	0.05	0.117463990671	2	1	1	NA	NA	NA	NA	NA	NA	NA	NA	NA	NA	3	1	2	2	1	0.922248	1	1	0.0777521	2	1	1
11	20721	190009	2	1	1	2	d	3	1	1	0.05	0.1	NA	NA	NA	NA	NA	NA	NA	NA	NA	NA	NA	NA	NA	NA	NA	NA	1	1	1	NA	NA	NA	2	1	1
11	190010	48937026	2	1	1	3	a	6	1	1	0.0691762329288	0.130783756688	2	1	1	1	1	1	NA	NA	NA	NA	NA	NA	NA	2	1	1	1	1	1	NA	NA	NA	2	1	1
11	48937027	51529983	2	1	1	2	d	5	1	1	0.0640963031629	0.153655009452	1.326604	0.6633019161	0.6633019	1	1	1	NA	NA	NA	NA	NA	NA	NA	2	1	1	1	1	1	NA	NA	NA	2	1	1
11	51529984	55699999	2	1	1	2	d	3	1	1	0.0790724069368	0.317180728287	1.726314	0.8631569617	0.863157	NA	NA	NA	NA	NA	NA	NA	NA	NA	NA	1	0	1	1	1	1	NA	NA	NA	2	1	1
11	55700000	134452200	2	1	1	2	d	5	1	1	0.0703927417073	0.137512471539	2	1	1	1	0	0.0465757508011013	1	1	0.953424249198899	0.00246625772736195	0.00246959837585322	0.0480831555104657	0.057522535138192	2	1	1	1	1	1	NA	NA	NA	2	1	1
12	110107	33260663	3	2	1	3	a	6	2	1	0.0807224920065	0.182709488305	3	1	2	2	1	1	NA	NA	NA	NA	NA	NA	NA	3	1	2	2	1	1	NA	NA	NA	3	1	2
12	33260664	33299999	3	2	1	3	b	6	2	1	0.05	0.1	3	1	2	2	1	1	NA	NA	NA	NA	NA	NA	NA	2	1	1	2	1	1	NA	NA	NA	3	1	2
12	33300000	38199999	3	2	1	2	d	4	2	1	0.0746076577632	0.230499085465	2.512343	0.8197922655	1.692551	NA	NA	NA	NA	NA	NA	NA	NA	NA	NA	3	1	2	2	1	1	NA	NA	NA	3	1	2
12	38200000	120354999	3	2	1	3	a	6	2	1	0.0823389625775	0.168661846895	3	1	2	2	1	1	NA	NA	NA	NA	NA	NA	NA	3	1	2	2	1	1	NA	NA	NA	3	1	2
12	120355000	132349400	4	2	2	3	b	6	2	2	0.0451689321765	0.22628902415	4	2	2	2	2	1	NA	NA	NA	NA	NA	NA	NA	5	2	3	2	2	1	NA	NA	NA	4	2	2
12	132349401	133851894	4	2	2	2	d	4	NA	NA	NA	NA	4	2	2	2	2	1	NA	NA	NA	NA	NA	NA	NA	6	3	3	2	2	1	NA	NA	NA	4	2	2
13	1	16299999	2	1	1	1	g	NA	NA	NA	NA	NA	NA	NA	NA	NA	NA	NA	NA	NA	NA	NA	NA	NA	NA	NA	NA	NA	NA	NA	NA	NA	NA	NA	2	1	1
13	16300000	19499999	2	1	1	2	d	4	1	1	0.0654522961329	0.17912285896	NA	NA	NA	1	0	0.0798441442304643	1	1	0.920155855769536	0.00224768177564957	0.00222987654850424	0.0794226784380348	0.0883344619437487	2	1	1	1	1	1	NA	NA	NA	2	1	1
13	19500000	114142800	2	1	1	2	d	5	1	1	0.0752246211605	0.138977512564	2	1	1	1	0	0.0798441442304643	1	1	0.920155855769536	0.00224768177564957	0.00222987654850424	0.0794226784380348	0.0883344619437487	2	1	1	1	1	1	NA	NA	NA	2	1	1
13	114142801	115169877	2	1	1	2	d	4	NA	NA	NA	NA	2	1	1	1	0	0.0798441442304643	1	1	0.920155855769536	0.00224768177564957	0.00222987654850424	0.0794226784380348	0.0883344619437487	2	1	1	1	1	1	NA	NA	NA	2	1	1
14	1	16099999	4	2	2	1	g	NA	NA	NA	NA	NA	NA	NA	NA	NA	NA	NA	NA	NA	NA	NA	NA	NA	NA	NA	NA	NA	NA	NA	NA	NA	NA	NA	4	2	2
14	16100000	19099999	4	2	2	1	g	NA	NA	NA	NA	NA	NA	NA	NA	NA	NA	NA	NA	NA	NA	NA	NA	NA	NA	NA	NA	NA	NA	NA	NA	NA	NA	NA	4	2	2
14	19100000	19807499	4	2	2	2	d	2	NA	NA	NA	NA	NA	NA	NA	NA	NA	NA	NA	NA	NA	NA	NA	NA	NA	NA	NA	NA	2	2	1	NA	NA	NA	4	2	2
14	19807500	20377598	4	2	2	2	d	3	1.55	1.55	0.05	0.371302152516	NA	NA	NA	NA	NA	NA	NA	NA	NA	NA	NA	NA	NA	4	2	2	2	2	1	NA	NA	NA	4	2	2
14	20377599	77865337	4	2	2	3	a	6	2	2	0.0543889678963	0.217686506907	4	2	2	2	2	1	NA	NA	NA	NA	NA	NA	NA	4	2	2	2	2	1	NA	NA	NA	4	2	2
14	77865338	91412785	5	3	2	2	d	4	3	2	0.0639016102564	0.266258316771	4.785851	1.9257078251	2.8601427	3	2	1	NA	NA	NA	NA	NA	NA	NA	5	2	3	3	2	1	NA	NA	NA	4	2	2
14	91412786	91484453	6	4	2	2	d	4	4	2	0.05	0.281614154291	6.104149	2.1176968448	3.986452	4	2	1	NA	NA	NA	NA	NA	NA	NA	5	2	3	4	2	1	NA	NA	NA	6	2	4
14	91484454	106368400	4	2	2	3	b	6	2	2	0.0422451057544	0.20563107939	4	2	2	2	2	1	NA	NA	NA	NA	NA	NA	NA	5	2	3	2	2	1	NA	NA	NA	4	2	2
15	1	15799999	3	2	1	1	g	NA	NA	NA	NA	NA	NA	NA	NA	NA	NA	NA	NA	NA	NA	NA	NA	NA	NA	NA	NA	NA	NA	NA	NA	NA	NA	NA	3	1	2
15	15800000	20699999	3	2	1	2	d	3	2	1	0.05	0.22929246348	NA	NA	NA	2	1	1	NA	NA	NA	NA	NA	NA	NA	NA	NA	NA	3	1	0.646249	2	1	0.353751	3	1	2
15	20700000	100377394	3	2	1	3	a	6	2	1	0.0777965900681	0.18652036883	3	1	2	2	1	1	NA	NA	NA	NA	NA	NA	NA	3	1	2	2	1	1	NA	NA	NA	3	1	2
15	100377395	102423317	3	2	1	2	d	4	NA	NA	NA	NA	3	1	2	2	1	1	NA	NA	NA	NA	NA	NA	NA	4	1	3	2	1	1	NA	NA	NA	3	1	2
16	90318	34599999	3	2	1	3	b	6	2	1	0.0728089187122	0.206959919693	3	1	2	2	1	1	NA	NA	NA	NA	NA	NA	NA	4	1	3	2	1	1	NA	NA	NA	3	1	2
16	34600000	38599999	3	2	1	2	d	5	2	1	0.05	0.227694102412	2.621853	0.9132828521	1.7085702	2	1	1	NA	NA	NA	NA	NA	NA	NA	3	1	2	2	1	1	NA	NA	NA	3	1	2
16	38600000	46447499	3	2	1	2	d	2	NA	NA	NA	NA	2.621853	0.9132828521	1.7085702	NA	NA	NA	NA	NA	NA	NA	NA	NA	NA	NA	NA	NA	2	1	1	NA	NA	NA	3	1	2
16	46447500	50057324	3	2	1	2	d	4	2.12	1	0.065986392484	0.169446600831	3	1	2	2	1	1	NA	NA	NA	NA	NA	NA	NA	4	1	3	2	1	1	NA	NA	NA	3	1	2
16	50057325	50058266	2	1	1	1	g	NA	1	0	0.05	0.1	3	1	2	1	1	0.398097989647286	2	1	0.601902010352714	NA	0	0.398097989647286	0.398097989647286	1	0	1	2	1	1	NA	NA	NA	2	1	1
16	50058267	89797632	1	1	0	3	a	6	1	0	0.0900824351138	0.101415769709	1	0	1	1	0	1	NA	NA	NA	NA	NA	NA	NA	1	0	1	1	0	1	NA	NA	NA	1	0	1
16	89797633	90158005	1	1	0	2	d	2	NA	NA	NA	NA	0.620245	0.0269523209	0.5932927	NA	NA	1	NA	NA	NA	NA	NA	NA	NA	1	0	1	1	0	1	NA	NA	NA	0	0	0
17	12500	22199999	3	2	1	3	b	6	2	1	0.0724859075794	0.193140694216	3	1	2	2	1	1	NA	NA	NA	NA	NA	NA	NA	4	1	3	2	1	1	NA	NA	NA	3	1	2
17	22200000	25799999	3	2	1	3	b	5	2	1	0.0678143397712	0.398010390337	3	1	2	NA	NA	NA	NA	NA	NA	NA	NA	NA	NA	3	1	2	2	1	1	NA	NA	NA	3	1	2
17	25800000	44790025	3	2	1	3	b	6	2	1	0.0692892813228	0.228857003074	3	1	2	2	1	1	NA	NA	NA	NA	NA	NA	NA	4	1	3	2	1	1	NA	NA	NA	3	1	2
17	44790026	78774600	3	2	1	3	b	6	2	1	0.0740990036134	0.169858956712	3	1	2	2	1	1	NA	NA	NA	NA	NA	NA	NA	4	1	3	2	1	1	NA	NA	NA	3	1	2
17	78774601	81195209	3	2	1	2	d	4	NA	NA	NA	NA	3	1	2	2	1	1	NA	NA	NA	NA	NA	NA	NA	5	2	3	2	1	1	NA	NA	NA	3	1	2
18	49406	130030	3	2	1	2	d	2	2	1	0.05	0.1	NA	NA	NA	NA	NA	NA	NA	NA	NA	NA	NA	NA	NA	4	1	3	3	1	0.371843	2	1	0.628157	3	1	2
18	130031	15399999	3	2	1	3	a	6	2	1	0.0758483457113	0.180890776613	3	1	2	2	1	1	NA	NA	NA	NA	NA	NA	NA	3	1	2	2	1	1	NA	NA	NA	3	1	2
18	15400000	18999999	3	2	1	3	a	6	2	1	0.05	0.22958901698	3	1	2	2	1	1	NA	NA	NA	NA	NA	NA	NA	3	1	2	2	1	1	NA	NA	NA	3	1	2
18	19000000	33888689	3	2	1	3	a	6	2	1	0.0836662432781	0.173249807578	3	1	2	2	1	1	NA	NA	NA	NA	NA	NA	NA	3	1	2	2	1	1	NA	NA	NA	3	1	2
18	33888690	76067000	2	2	0	3	a	6	2	0	0.065932087647	0.142879313378	2	0	2	2	0	1	NA	NA	NA	NA	NA	NA	NA	2	0	2	2	0	1	NA	NA	NA	2	0	2
18	76067001	78077247	2	2	0	3	b	6	2	0	0.0519691239309	0.158794478038	2	0	2	2	0	1	NA	NA	NA	NA	NA	NA	NA	3	0	3	2	0	1	NA	NA	NA	2	0	2
19	102500	260136	2	1	1	2	d	4	1	1	0.05	0.1	NA	NA	NA	1	1	1	NA	NA	NA	NA	NA	NA	NA	NA	NA	NA	1	1	1	NA	NA	NA	2	1	1
19	260137	24344985	2	1	1	3	b	6	1	1	0.0585173130471	0.126352691317	2	1	1	1	1	1	NA	NA	NA	NA	NA	NA	NA	3	1	2	1	1	1	NA	NA	NA	2	1	1
19	24344986	28599999	2	1	1	2	d	3	1	1	0.0511655719153	0.176039633156	1.445486	0.7227430169	0.722743	NA	NA	NA	NA	NA	NA	NA	NA	NA	NA	2	1	1	1	0	0.227289	1	1	0.772711	2	1	1
19	28600000	59128982	2	1	1	3	b	6	1	1	0.0566674628584	0.166255181103	2	1	1	1	1	1	NA	NA	NA	NA	NA	NA	NA	3	1	2	1	1	1	NA	NA	NA	2	1	1
20	17500	25599999	2	1	1	2	d	5	1.12	1.12	0.0675265964624	0.142428087846	2	1	1	1	1	1	NA	NA	NA	NA	NA	NA	NA	2	1	1	1	1	1	NA	NA	NA	2	1	1
20	25600000	29464810	2	1	1	3	b	5	1	1	0.090828596979	0.183051564098	2	1	1	NA	NA	NA	NA	NA	NA	NA	NA	NA	NA	2	1	1	1	1	1	NA	NA	NA	2	1	1
20	29464811	62435800	2	1	1	2	d	4	1.12	1.12	0.0594055900145	0.141920237675	2	1	1	1	1	1	NA	NA	NA	NA	NA	NA	NA	3	1	2	1	1	1	NA	NA	NA	2	1	1
21	1	10899999	NA	NA	NA	NA	NA	NA	NA	NA	NA	NA	NA	NA	NA	NA	NA	NA	NA	NA	NA	NA	NA	NA	NA	NA	NA	NA	NA	NA	NA	NA	NA	NA	NA	NA	NA
21	10900000	14299999	NA	NA	NA	NA	NA	NA	NA	NA	NA	NA	NA	NA	NA	NA	NA	NA	NA	NA	NA	NA	NA	NA	NA	NA	NA	NA	NA	NA	NA	NA	NA	NA	NA	NA	NA
21	14300000	46944200	2	1	1	3	b	5	1	1	0.0738990180548	0.142817174852	2	1	1	1	1	1	NA	NA	NA	NA	NA	NA	NA	2	1	1	1	1	1	NA	NA	NA	NA	NA	NA
21	46944201	48129894	2	1	1	2	d	3	NA	NA	NA	NA	2	1	1	1	1	1	NA	NA	NA	NA	NA	NA	NA	3	1	2	1	1	1	NA	NA	NA	NA	NA	NA
22	1	12199999	3	2	1	1	g	NA	NA	NA	NA	NA	NA	NA	NA	NA	NA	NA	NA	NA	NA	NA	NA	NA	NA	NA	NA	NA	NA	NA	NA	NA	NA	NA	3	1	2
22	12200000	17899999	3	2	1	2	d	2	1.78	1	0.0797373091679	0.258465509499	2.704166	0.9540857217	1.7500801	1	1	0.196424196014184	2	1	0.803575803985816	0.00503682448295667	0.00513625717725785	0.186629016917799	0.207010244297205	4	2	2	2	1	1	NA	NA	NA	3	1	2
22	17900000	49730000	3	2	1	2	d	2	1.78	1	0.0710463820609	0.1723137976	2.760451	0.9909815582	1.7694692	1	1	0.196424196014184	2	1	0.803575803985816	0.00503682448295667	0.00513625717725785	0.186629016917799	0.207010244297205	4	2	2	2	1	1	NA	NA	NA	3	1	2
22	49730001	51304565	3	2	1	2	d	2	NA	NA	NA	NA	2.754403	0.9945080538	1.7598945	1	1	0.196424196014184	2	1	0.803575803985816	0.00503682448295667	0.00513625717725785	0.186629016917799	0.207010244297205	4	2	2	2	1	1	NA	NA	NA	3	1	2
X	1	2700026	2	1	1	2	e	1	1.85	0.15	0.0457997740291	0.185016455211	1.790476	0	1.790476	NA	NA	NA	NA	NA	NA	NA	NA	NA	NA	2	0	2	NA	NA	NA	NA	NA	NA	2	0	2
X	2700027	25374130	2	2	0	1	h	1	2	1	0.05	0.191880094246	2	0	2	NA	NA	NA	NA	NA	NA	NA	NA	NA	NA	2	0	2	NA	NA	NA	NA	NA	NA	2	0	2
X	25374131	34084596	2	2	0	2	d	2	1	1	0.05	0.190208546582	2	0	2	NA	NA	NA	NA	NA	NA	NA	NA	NA	NA	2	0	2	NA	NA	NA	NA	NA	NA	NA	NA	NA
X	34084597	34105001	2	2	0	1	h	1	1	1	0.05	0.1	2.235719	0	2.235719	NA	NA	NA	NA	NA	NA	NA	NA	NA	NA	2	0	2	NA	NA	NA	NA	NA	NA	NA	NA	NA
X	34105002	34608932	2	2	0	2	d	2	1	1	0.05	0.1	2	0	2	NA	NA	NA	NA	NA	NA	NA	NA	NA	NA	2	0	2	NA	NA	NA	NA	NA	NA	NA	NA	NA
X	34608933	34634519	3	3	0	2	d	2	1	1	0.05	0.1	3	0	3	NA	NA	NA	NA	NA	NA	NA	NA	NA	NA	3	0	3	NA	NA	NA	NA	NA	NA	NA	NA	NA
X	34634520	58099999	2	2	0	2	d	2	1	1	0.05	0.176144241727	2	0	2	NA	NA	NA	NA	NA	NA	NA	NA	NA	NA	2	0	2	NA	NA	NA	NA	NA	NA	NA	NA	NA
X	58100000	62999999	2	2	0	1	h	1	1	1	0.05	0.234243167007	1.607743	0	1.607743	NA	NA	NA	NA	NA	NA	NA	NA	NA	NA	2	0	2	NA	NA	NA	NA	NA	NA	NA	NA	NA
X	63000000	155270559	2	2	0	1	h	1	1	1	0.05	0.198364842617	1.890713	0	1.890713	NA	NA	NA	NA	NA	NA	NA	NA	NA	NA	2	0	2	NA	NA	NA	NA	NA	NA	2	0	2
Y	1	11599999	0	0	0	1	h	1	NA	NA	NA	NA	0	0	0	NA	NA	NA	NA	NA	NA	NA	NA	NA	NA	NA	NA	NA	NA	NA	NA	NA	NA	NA	NA	NA	NA
Y	11600000	13399999	0	0	0	1	h	1	NA	NA	NA	NA	0.403789	0	0.403789	NA	NA	NA	NA	NA	NA	NA	NA	NA	NA	NA	NA	NA	NA	NA	NA	NA	NA	NA	NA	NA	NA
Y	13400000	59373565	0	0	0	1	h	1	NA	NA	NA	NA	0.111767	0	0.111767	NA	NA	NA	NA	NA	NA	NA	NA	NA	NA	NA	NA	NA	NA	NA	NA	NA	NA	NA	NA	NA	NA
