chromosome	start	end	total_cn	major_cn	minor_cn	star	level	methods_agree	absolute_broad_major_cn	absolute_broad_minor_cn	absolute_broad_het_error	absolute_broad_cov_error	aceseq_copy_number	aceseq_minor_cn	aceseq_major_cn	battenberg_nMaj1_A	battenberg_nMin1_A	battenberg_frac1_A	battenberg_nMaj2_A	battenberg_nMin2_A	battenberg_frac2_A	battenberg_SDfrac_A	battenberg_SDfrac_A_BS	battenberg_frac1_A_0.025	battenberg_frac1_A_0.975	clonehd_copy_number	clonehd_minor_cn	clonehd_major_cn	sclust_nMaj1_A	sclust_nMin1_A	sclust_frac1_A	sclust_nMaj2_A	sclust_nMin2_A	sclust_frac2_A	jabba_copy_number	jabba_minor_cn	jabba_major_cn
1	1	12845747	5	4	1	2	d	5	3.75	1	0.0584083489757	0.642162736683	5	1	4	4	1	1	NA	NA	NA	NA	NA	NA	NA	5	1	4	4	1	1	NA	NA	NA	5	1	4
1	12845748	12952248	5	4	1	2	d	4	3	0	0.05	0.208665473925	5	1	4	4	1	1	NA	NA	NA	NA	NA	NA	NA	5	1	4	4	0	0.42074	4	1	0.57926	5	1	4
1	12952249	18806850	5	4	1	2	d	5	3.75	0.88	0.0556086323052	0.275383795386	5	1	4	4	1	1	NA	NA	NA	NA	NA	NA	NA	5	1	4	4	1	1	NA	NA	NA	5	1	4
1	18806851	51187035	3	2	1	3	a	6	2	1	0.064592588916	0.127727740965	3	1	2	2	1	1	NA	NA	NA	NA	NA	NA	NA	3	1	2	2	1	1	NA	NA	NA	3	1	2
1	51187036	51315517	2	1	1	2	d	3	1	1	0.05	0.116859298552	3	1	2	1	1	0.387815071176702	2	1	0.612184928823298	0.217969595787273	0.197904179080612	0.127967578112725	0.904205597321278	2	1	1	2	1	1	NA	NA	NA	2	1	1
1	51315518	55584775	3	2	1	3	a	6	2	1	0.0633810972572	0.111955071619	3	1	2	2	1	1	NA	NA	NA	NA	NA	NA	NA	3	1	2	2	1	1	NA	NA	NA	3	1	2
1	55584776	120555261	2	2	0	2	d	5	2.12	0	0.0763006769391	0.106050140591	2	0	2	2	0	1	NA	NA	NA	NA	NA	NA	NA	2	0	2	2	0	1	NA	NA	NA	2	0	2
1	120555262	120697200	2	2	0	2	d	2	NA	NA	NA	NA	2	0	2	2	0	1	NA	NA	NA	NA	NA	NA	NA	NA	NA	NA	4	2	0.680398	4	1	0.319602	3	1	2
1	120697201	121473938	3	2	1	1	g	NA	NA	NA	NA	NA	NA	NA	NA	3	3	1	NA	NA	NA	NA	NA	NA	NA	5	2	3	4	2	0.680398	4	1	0.319602	3	1	2
1	121473939	128899999	3	2	1	1	g	NA	2	2	0.05	0.1	NA	NA	NA	NA	NA	NA	NA	NA	NA	NA	NA	NA	NA	NA	NA	NA	4	2	0.680398	4	1	0.319602	3	1	2
1	128900000	143498938	3	2	1	2	d	2	2	2	0.05	0.240280508705	NA	NA	NA	NA	NA	NA	NA	NA	NA	NA	NA	NA	NA	3	1	2	NA	NA	NA	NA	NA	NA	3	1	2
1	143498939	144470889	3	2	1	1	g	NA	4	2	0.05	0.572157756064	NA	NA	NA	NA	NA	NA	NA	NA	NA	NA	NA	NA	NA	4	2	2	3	1	1	NA	NA	NA	3	1	2
1	144470890	144950395	3	2	1	2	d	3	2	1	0.05	0.290026639198	NA	NA	NA	3	1	0.805185070306041	3	2	0.194814929693959	NA	0	0.805185070306041	0.805185070306041	NA	NA	NA	2	1	1	NA	NA	NA	3	1	2
1	144950396	145080100	3	2	1	2	d	2	3	0	0.05	0.290541192133	NA	NA	NA	NA	NA	NA	NA	NA	NA	NA	NA	NA	NA	NA	NA	NA	2	1	1	NA	NA	NA	3	1	2
1	145080101	153593887	3	2	1	3	a	6	2	1	0.0614007107017	0.189881016893	3	1	2	2	1	1	NA	NA	NA	NA	NA	NA	NA	3	1	2	2	1	1	NA	NA	NA	3	1	2
1	153593888	153632289	3	2	1	3	b	6	2	1	0.05	0.1	3	1	2	2	1	1	NA	NA	NA	NA	NA	NA	NA	3	1	2	2	1	1	NA	NA	NA	4	1	3
1	153632290	185031599	3	2	1	3	a	6	2	1	0.0652229615302	0.119592508832	3	1	2	2	1	1	NA	NA	NA	NA	NA	NA	NA	3	1	2	2	1	1	NA	NA	NA	3	1	2
1	185031600	185033109	3	2	1	3	a	6	2	1	0.05	0.1	3	1	2	2	1	1	NA	NA	NA	NA	NA	NA	NA	3	1	2	2	1	1	NA	NA	NA	3	1	2
1	185033110	234879293	3	2	1	3	a	6	2	1	0.0681986942161	0.119696457638	3	1	2	2	1	1	NA	NA	NA	NA	NA	NA	NA	3	1	2	2	1	1	NA	NA	NA	3	1	2
1	234879294	235278517	4	3	1	2	d	4	3	1	0.0749022561887	0.273167479635	4.054106	0.94016318769	3.11394332	3	0	0.138658626908644	3	1	0.861341373091356	0.0415811865923629	0.0421787206368953	0.016576003162045	0.181994820868491	4	1	3	3	1	1	NA	NA	NA	4	1	3
1	235278518	241638482	3	2	1	3	a	6	2	1	0.0658862429231	0.122340856973	3	1	2	2	1	1	NA	NA	NA	NA	NA	NA	NA	3	1	2	2	1	1	NA	NA	NA	3	1	2
1	241638483	241662718	3	2	1	2	d	3	2	1	0.05	0.1	3	1	2	1	1	0.464130807561183	2	1	0.535869192438817	0.253059768420033	0.211849920073986	0.295741447865493	1.12929475240742	2	1	1	2	1	1	NA	NA	NA	2	1	1
1	241662719	247249600	3	2	1	3	a	6	2	1	0.0698268341744	0.118871572735	3	1	2	2	1	1	NA	NA	NA	NA	NA	NA	NA	3	1	2	2	1	1	NA	NA	NA	3	1	2
1	247249601	249250620	3	2	1	2	d	4	NA	NA	NA	NA	3.180109	1.08742835545	2.09268099	2	1	1	NA	NA	NA	NA	NA	NA	NA	3	1	2	2	1	1	NA	NA	NA	3	1	2
2	26379	90499999	4	2	2	2	d	5	2	2	0.0468504235865	0.147768308629	3.8737	1.93684991508	1.93684992	2	2	1	NA	NA	NA	NA	NA	NA	NA	4	2	2	2	2	1	NA	NA	NA	4	2	2
2	90500000	96799999	4	2	2	2	d	4	2	2	0.0354138250102	0.243964107184	3.884066	1.94203287138	1.94203287	NA	NA	NA	NA	NA	NA	NA	NA	NA	NA	4	2	2	2	2	1	NA	NA	NA	4	2	2
2	96800000	130388397	4	2	2	2	d	5	2	2	0.0457930428337	0.14158334611	3.880814	1.94040694954	1.94040695	2	2	1	NA	NA	NA	NA	NA	NA	NA	4	2	2	2	2	1	NA	NA	NA	4	2	2
2	130388398	130388416	4	2	2	2	d	3	2	2	0.05	0.1	3.880814	1.94040694954	1.94040695	NA	NA	NA	NA	NA	NA	NA	NA	NA	NA	1	0	1	2	2	1	NA	NA	NA	4	2	2
2	130388417	130393408	2	2	0	1	g	NA	2	2	0.05	0.1	NA	NA	NA	3	1	0.415219189412739	4	1	0.584780810587261	NA	0	0.415219189412739	0.415219189412739	1	0	1	2	2	1	NA	NA	NA	2	0	2
2	130393409	130394329	2	2	0	1	g	NA	2	2	0.05	0.1	NA	NA	NA	NA	NA	NA	NA	NA	NA	NA	NA	NA	NA	1	0	1	2	2	1	NA	NA	NA	2	0	2
2	130394330	130396851	4	2	2	2	d	2	2	2	0.05	0.1	NA	NA	NA	NA	NA	NA	NA	NA	NA	NA	NA	NA	NA	1	0	1	2	2	1	NA	NA	NA	NA	NA	NA
2	130396852	130398317	4	2	2	2	d	2	2	2	0.05	0.1	NA	NA	NA	NA	NA	NA	NA	NA	NA	NA	NA	NA	NA	NA	NA	NA	2	2	1	NA	NA	NA	NA	NA	NA
2	130398318	130403514	4	2	2	2	d	2	2	2	0.05	0.1	NA	NA	NA	2	1	0.839595887982983	2	2	0.160404112017017	NA	0	0.839595887982983	0.839595887982983	NA	NA	NA	2	2	1	NA	NA	NA	4	1	3
2	130403515	130403612	4	2	2	2	d	2	2	2	0.05	0.1	NA	NA	NA	NA	NA	NA	NA	NA	NA	NA	NA	NA	NA	NA	NA	NA	2	2	1	NA	NA	NA	4	1	3
2	130403613	183687654	4	2	2	2	d	5	2	2	0.0485811463724	0.152060023691	4	2	2	2	2	0.874898351058853	3	2	0.125101648941147	0.0072767960697071	0.00745666421056819	0.857427075241852	0.885921466062781	4	2	2	2	2	1	NA	NA	NA	4	2	2
2	183687655	183696953	5	3	2	1	g	NA	2	2	0.05	0.1	4	2	2	3	3	1	NA	NA	NA	NA	NA	NA	NA	5	2	3	2	1	1	NA	NA	NA	5	2	3
2	183696954	183697604	3	2	1	2	d	2	2	1.2	0.05	0.1	NA	NA	NA	NA	NA	NA	NA	NA	NA	NA	NA	NA	NA	3	1	2	2	1	1	NA	NA	NA	5	2	3
2	183697605	242988297	3	2	1	2	d	3	2	1.2	0.062922069667	0.140012083212	3.050902	1.15446178133	1.89643989	2	1	0.801432438529216	2	2	0.198567561470784	0.00470504692751622	0.00463468142053835	0.778635523398293	0.797152631243118	3	1	2	2	1	1	NA	NA	NA	3	1	2
3	60596	12972038	2	2	0	2	d	5	2.12	0	0.077351487033	0.112353763829	2	0	2	2	0	1	NA	NA	NA	NA	NA	NA	NA	2	0	2	2	0	1	NA	NA	NA	2	0	2
3	12972039	12973001	2	2	0	2	d	4	2.12	0	0.05	0.1	2	0	2	2	0	1	NA	NA	NA	NA	NA	NA	NA	1	0	1	2	0	1	NA	NA	NA	2	0	2
3	12973002	12973262	2	2	0	2	d	2	2.12	0	0.05	0.1	NA	NA	NA	2	0	1	NA	NA	NA	NA	NA	NA	NA	1	0	1	2	0	1	NA	NA	NA	NA	NA	NA
3	12973263	12975518	2	2	0	2	d	2	2.12	0	0.05	0.1	NA	NA	NA	2	0	1	NA	NA	NA	NA	NA	NA	NA	NA	NA	NA	2	0	1	NA	NA	NA	NA	NA	NA
3	12975519	48669492	2	2	0	2	d	5	2.12	0	0.0767426576662	0.110093049616	2	0	2	2	0	1	NA	NA	NA	NA	NA	NA	NA	2	0	2	2	0	1	NA	NA	NA	2	0	2
3	48669493	75595579	2	2	0	2	d	5	2.12	0	0.0746044855898	0.102109328139	2	0	2	2	0	1	NA	NA	NA	NA	NA	NA	NA	2	0	2	2	0	1	NA	NA	NA	2	0	2
3	75595580	75756566	2	2	0	3	b	6	2	0	0.05	0.1	2	0	2	2	0	1	NA	NA	NA	NA	NA	NA	NA	2	0	2	1	0	1	NA	NA	NA	2	0	2
3	75756567	85934602	2	2	0	3	a	6	2	0	0.0893127839465	0.106016842281	2	0	2	2	0	1	NA	NA	NA	NA	NA	NA	NA	2	0	2	2	0	1	NA	NA	NA	2	0	2
3	85934603	87860038	3	3	0	2	d	4	3.12	0	0.0799741353487	0.126950716689	2.912674	0.08637136615	2.82630244	3	0	1	NA	NA	NA	NA	NA	NA	NA	3	0	3	3	0	1	NA	NA	NA	3	0	3
3	87860039	87899999	2	2	0	2	d	3	2.12	0	0.05	0.1	2.912674	0.08637136615	2.82630244	2	0	1	NA	NA	NA	NA	NA	NA	NA	2	0	2	2	0	1	NA	NA	NA	3	0	3
3	87900000	94010523	NA	NA	NA	NA	NA	NA	2.12	0	0.0908468227809	0.130822367375	2	0	2	NA	NA	NA	NA	NA	NA	NA	NA	NA	NA	2	0	2	2	0	1	NA	NA	NA	3	0	3
3	94010524	94046828	4	2	2	3	b	6	2	2	0.05	0.1	4	2	2	2	2	1	NA	NA	NA	NA	NA	NA	NA	4	2	2	2	2	1	NA	NA	NA	3	0	3
3	94046829	94049273	4	2	2	2	d	3	2	2	0.05	0.1	4	2	2	10	0	1	NA	NA	NA	NA	NA	NA	NA	NA	NA	NA	2	2	1	NA	NA	NA	2	0	2
3	94049274	94056028	3	2	1	1	g	NA	2	2	0.05	0.1	NA	NA	NA	2	2	1	NA	NA	NA	NA	NA	NA	NA	5	2	3	2	0	1	NA	NA	NA	3	1	2
3	94056029	94057831	2	2	0	2	f	2	2.2	0	0.05	0.1	NA	NA	NA	2	1	0.235086848635233	2	2	0.764913151364767	NA	0	0.235086848635233	0.235086848635233	NA	NA	NA	2	0	1	NA	NA	NA	3	1	2
3	94057832	197847500	2	2	0	2	d	5	2.2	0	0.0772047434374	0.116154252211	2	0	2	2	0	1	NA	NA	NA	NA	NA	NA	NA	2	0	2	2	0	1	NA	NA	NA	2	0	2
4	47131	48199999	3	2	1	2	d	4	2.2	1.12	0.0687712646423	0.133389147964	3.131001	1.03223392167	2.09876711	2	1	1	NA	NA	NA	NA	NA	NA	NA	3	1	2	2	1	1	NA	NA	NA	3	1	2
4	48200000	52699999	3	2	1	2	d	4	2.2	1.12	0.062275528612	0.233473327513	3	1	2	NA	NA	NA	NA	NA	NA	NA	NA	NA	NA	3	1	2	2	1	1	NA	NA	NA	3	1	2
4	52700000	148881283	3	2	1	2	d	5	2.12	1.12	0.0693165704652	0.134536496933	3	1	2	2	1	1	NA	NA	NA	NA	NA	NA	NA	3	1	2	2	1	1	NA	NA	NA	3	1	2
4	148881284	148883283	3	2	1	2	d	3	2.12	1.12	0.05	0.1	3	1	2	1	0	0.168572661560041	1	1	0.831427338439959	NA	0	0.168572661560041	0.168572661560041	3	1	2	2	1	1	NA	NA	NA	2	1	1
4	148883284	158704010	3	2	1	2	d	5	2.12	1.12	0.0638649102395	0.124061219556	3	1	2	2	1	1	NA	NA	NA	NA	NA	NA	NA	3	1	2	2	1	1	NA	NA	NA	3	1	2
4	158704011	158706626	3	2	1	2	d	3	NA	NA	NA	NA	3	1	2	2	0	0.616222084367246	2	1	0.383777915632754	NA	0	0.616222084367246	0.616222084367246	3	1	2	2	1	1	NA	NA	NA	2	0	2
4	158706627	190987500	3	2	1	2	d	4	2	1.12	0.0695249895083	0.134327264126	2.872443	1.01275745502	1.859685	2	1	1	NA	NA	NA	NA	NA	NA	NA	3	1	2	2	1	1	NA	NA	NA	3	1	2
5	22500	23200021	3	2	1	3	a	6	2	1	0.065638080038	0.126560479947	3	1	2	2	1	1	NA	NA	NA	NA	NA	NA	NA	3	1	2	2	1	1	NA	NA	NA	3	1	2
5	23200022	23709152	2	2	0	2	d	5	2	0	0.0899810397205	0.112318306906	2	0	2	1	0	0.357475186104222	2	0	0.642524813895778	0.0682417122513629	0.0692123161664204	0.175474131613623	0.455235521968972	2	0	2	2	0	1	NA	NA	NA	2	0	2
5	23709153	46099999	4	2	2	3	a	6	2	2	0.0500229899952	0.187616205809	4	2	2	2	2	1	NA	NA	NA	NA	NA	NA	NA	4	2	2	2	2	1	NA	NA	NA	4	2	2
5	46100000	50699999	NA	NA	NA	NA	NA	NA	2.2	1	0.0700177442314	0.16667800964	3.442483	1.37818457732	2.064298	NA	NA	NA	NA	NA	NA	NA	NA	NA	NA	3	1	2	2	1	1	NA	NA	NA	3	1	2
5	50700000	53243298	3	2	1	2	d	5	2.2	1	0.071896543328	0.129976138687	3	1	2	2	1	1	NA	NA	NA	NA	NA	NA	NA	3	1	2	2	1	1	NA	NA	NA	3	1	2
5	53243299	53420424	7	6	1	2	d	4	6.34	1	0.0667672066837	0.188919968064	7	1	6	6	1	1	NA	NA	NA	NA	NA	NA	NA	7	1	6	7	1	1	NA	NA	NA	7	1	6
5	53420425	53424992	5	4	1	1	g	NA	NA	NA	NA	NA	7	1	6	5	1	1	NA	NA	NA	NA	NA	NA	NA	4	1	3	7	1	1	NA	NA	NA	5	1	4
5	53424993	53833347	3	2	1	2	d	5	2	1	0.0759380445543	0.133509629636	3.101908	1.00116932721	2.10073861	2	1	1	NA	NA	NA	NA	NA	NA	NA	3	1	2	2	1	1	NA	NA	NA	3	1	2
5	53833348	54237033	7	6	1	2	d	3	7	1	0.0579540433988	0.197081588962	7.159015	0.96800863968	6.19100686	6	1	1	NA	NA	NA	NA	NA	NA	NA	7	1	6	7	1	1	NA	NA	NA	7	1	6
5	54237034	58251458	5	4	1	2	d	5	4.2	1	0.0624411764864	0.158516260155	5	1	4	4	1	1	NA	NA	NA	NA	NA	NA	NA	5	1	4	4	1	1	NA	NA	NA	5	1	4
5	58251459	58253774	5	4	1	2	d	3	1.12	0	0.05	0.1	5	1	4	NA	NA	NA	NA	NA	NA	NA	NA	NA	NA	1	0	1	4	1	1	NA	NA	NA	5	1	4
5	58253775	60039970	1	1	0	2	d	4	1.12	0	0.0993895412732	0.0810384579841	1.134787	0.070569912	1.06421675	1	0	1	NA	NA	NA	NA	NA	NA	NA	1	0	1	1	0	1	NA	NA	NA	1	0	1
5	60039971	60324172	3	3	0	2	d	3	3.2	0	0.05	0.20678170386	1.134787	0.070569912	1.06421675	3	0	1	NA	NA	NA	NA	NA	NA	NA	NA	NA	NA	3	0	1	NA	NA	NA	3	0	3
5	60324173	61397679	3	3	0	2	d	5	3.2	0	0.0545823223394	0.112602494543	3	0	3	3	0	1	NA	NA	NA	NA	NA	NA	NA	3	0	3	3	0	1	NA	NA	NA	3	0	3
5	61397680	62942481	1	1	0	2	d	4	1.12	0	0.104098988802	0.0810465362739	1	0	1	1	0	0.904983457402816	2	0	0.0950165425971844	0.0355188936037488	0.0349359233727711	0.827626043847703	0.966633064220734	1	0	1	1	0	1	NA	NA	NA	1	0	1
5	62942482	62944412	2	2	0	1	g	NA	3.34	0	0.05	0.1	1	0	1	3	0	0.647908543069849	4	0	0.352091456930151	NA	0	0.647908543069849	0.647908543069849	3	0	3	1	0	1	NA	NA	NA	2	0	2
5	62944413	64471437	3	3	0	2	d	4	3.34	0	0.0616157062999	0.125483044281	3.151576	0.09497909464	3.0565966	3	0	1	NA	NA	NA	NA	NA	NA	NA	3	0	3	3	0	1	NA	NA	NA	3	0	3
5	64471438	67447607	1	1	0	2	d	5	1.12	0	0.0957682718702	0.0824043291471	1	0	1	1	0	1	NA	NA	NA	NA	NA	NA	NA	1	0	1	1	0	1	NA	NA	NA	1	0	1
5	67447608	107161801	2	1	1	2	d	5	1.2	1.2	0.0597914042859	0.127470724582	2	1	1	1	1	1	NA	NA	NA	NA	NA	NA	NA	2	1	1	1	1	1	NA	NA	NA	2	1	1
5	107161802	118700209	1	1	0	2	d	5	1.2	0	0.088220192147	0.0865351474562	1	0	1	1	0	1	NA	NA	NA	NA	NA	NA	NA	1	0	1	1	0	1	NA	NA	NA	1	0	1
5	118700210	118703159	1	1	0	2	d	5	1.2	0	0.05	0.1	1	0	1	1	0	1	NA	NA	NA	NA	NA	NA	NA	1	0	1	1	0	1	NA	NA	NA	1	0	1
5	118703160	134107829	1	1	0	2	d	5	1.2	0	0.0896750843674	0.0852190381913	1	0	1	1	0	1	NA	NA	NA	NA	NA	NA	NA	1	0	1	1	0	1	NA	NA	NA	1	0	1
5	134107830	150614401	3	2	1	2	d	5	2.12	1.12	0.0666279769866	0.130789028012	3	1	2	2	1	1	NA	NA	NA	NA	NA	NA	NA	3	1	2	2	1	1	NA	NA	NA	3	1	2
5	150614402	150616083	2	1	1	2	d	3	2.12	1.12	0.05	0.1	3	1	2	1	1	1	NA	NA	NA	NA	NA	NA	NA	2	1	1	2	1	1	NA	NA	NA	2	1	1
5	150616084	167547964	3	2	1	2	d	5	2.12	1.12	0.0659910899559	0.131257488671	3	1	2	2	1	1	NA	NA	NA	NA	NA	NA	NA	3	1	2	2	1	1	NA	NA	NA	3	1	2
5	167547965	167554737	2	1	1	2	d	3	2.12	1.12	0.05	0.1	3	1	2	1	1	1	NA	NA	NA	NA	NA	NA	NA	2	1	1	2	1	1	NA	NA	NA	2	1	1
5	167554738	167575111	3	2	1	2	d	4	2.12	1.12	0.05	0.1	NA	NA	NA	2	1	1	NA	NA	NA	NA	NA	NA	NA	3	1	2	2	1	1	NA	NA	NA	3	1	2
5	167575112	167579977	2	2	0	2	d	3	2.12	1.12	0.05	0.1	NA	NA	NA	2	0	1	NA	NA	NA	NA	NA	NA	NA	2	0	2	2	1	1	NA	NA	NA	2	0	2
5	167579978	167773968	3	2	1	2	d	4	2.12	1.12	0.0775911713445	0.113325706086	2.851513	0.89846721364	1.9530454	2	1	1	NA	NA	NA	NA	NA	NA	NA	3	1	2	2	1	1	NA	NA	NA	3	1	2
5	167773969	167783315	3	2	1	2	e	3	2.12	1.12	0.05	0.1	2.851513	0.89846721364	1.9530454	2	0	1	NA	NA	NA	NA	NA	NA	NA	1	0	1	2	1	1	NA	NA	NA	1	0	1
5	167783316	180715810	3	2	1	2	d	5	2.12	1.12	0.06417460887	0.123590167276	3	1	2	2	1	1	NA	NA	NA	NA	NA	NA	NA	3	1	2	2	1	1	NA	NA	NA	3	1	2
6	39681	205609	3	2	1	1	g	NA	NA	NA	NA	NA	NA	NA	NA	NA	NA	NA	NA	NA	NA	NA	NA	NA	NA	NA	NA	NA	NA	NA	NA	NA	NA	NA	3	1	2
6	205610	3096010	3	2	1	3	a	6	2	1	0.0668581595466	0.112277816131	3	1	2	2	1	1	NA	NA	NA	NA	NA	NA	NA	3	1	2	2	1	1	NA	NA	NA	3	1	2
6	3096011	3200918	4	2	2	1	g	NA	2	1	0.05	0.173829365168	3	1	2	2	2	1	NA	NA	NA	NA	NA	NA	NA	4	2	2	2	1	1	NA	NA	NA	4	2	2
6	3200919	58699999	3	2	1	3	a	6	2	1	0.0674600401383	0.122763824609	3	1	2	2	1	1	NA	NA	NA	NA	NA	NA	NA	3	1	2	2	1	1	NA	NA	NA	3	1	2
6	58700000	63299999	3	2	1	3	b	5	2	1	0.0718804369127	0.168919297902	3	1	2	NA	NA	NA	NA	NA	NA	NA	NA	NA	NA	3	1	2	2	1	1	NA	NA	NA	3	1	2
6	63300000	66424417	3	2	1	2	d	5	2	1	0.0607212381213	0.130367288438	3.171989	1.08418016443	2.08780871	2	1	1	NA	NA	NA	NA	NA	NA	NA	3	1	2	2	1	1	NA	NA	NA	3	1	2
6	66424418	103587861	2	1	1	2	d	4	1.12	1.12	0.0614241229172	0.121191309223	2	1	1	1	1	0.903070719602973	2	1	0.096929280397027	0.00575248025501829	0.00572608931821611	0.890423650099959	0.91267034453178	2	1	1	1	1	1	NA	NA	NA	2	1	1
6	103587862	103622782	2	1	1	2	d	4	1	1	0.05	0.1	2	1	1	2	1	1	NA	NA	NA	NA	NA	NA	NA	3	1	2	1	1	1	NA	NA	NA	2	1	1
6	103622783	158857958	2	1	1	2	d	5	1	1.09	0.0578314262134	0.104387932581	2	1	1	1	1	1	NA	NA	NA	NA	NA	NA	NA	2	1	1	1	1	1	NA	NA	NA	2	1	1
6	158857959	158858213	2	1	1	2	d	4	1	1.09	0.05	0.1	2	1	1	1	1	1	NA	NA	NA	NA	NA	NA	NA	NA	NA	NA	1	1	1	NA	NA	NA	2	1	1
6	158858214	170921585	2	1	1	2	d	5	1	1.09	0.0563588048231	0.109286482001	2	1	1	1	1	1	NA	NA	NA	NA	NA	NA	NA	2	1	1	1	1	1	NA	NA	NA	2	1	1
7	40386	9257719	2	2	0	3	a	6	2	0	0.072363379727	0.123352702469	2	0	2	2	0	1	NA	NA	NA	NA	NA	NA	NA	2	0	2	2	0	1	NA	NA	NA	2	0	2
7	9257720	28620076	4	2	2	2	d	5	2.12	2.12	0.0482797863416	0.14342076412	4	2	2	2	2	1	NA	NA	NA	NA	NA	NA	NA	4	2	2	2	2	1	NA	NA	NA	4	2	2
7	28620077	57999999	3	2	1	3	a	6	2	1	0.0679121390054	0.123573796277	3	1	2	2	1	1	NA	NA	NA	NA	NA	NA	NA	3	1	2	2	1	1	NA	NA	NA	3	1	2
7	58000000	61699999	NA	NA	NA	NA	NA	NA	NA	NA	NA	NA	3	1	2	NA	NA	NA	NA	NA	NA	NA	NA	NA	NA	3	0	3	2	0	0.836985	2	1	0.163015	3	1	2
7	61700000	62064986	2	2	0	2	d	4	2	0	0.05	0.396235296065	2.477628	0.13580841871	2.34181955	2	0	1	NA	NA	NA	NA	NA	NA	NA	2	0	2	2	0	1	NA	NA	NA	3	1	2
7	62064987	79947265	3	2	1	2	d	5	2.12	1	0.0681633208729	0.14342269124	3	1	2	2	1	1	NA	NA	NA	NA	NA	NA	NA	3	1	2	2	1	1	NA	NA	NA	3	1	2
7	79947266	79952269	3	2	1	2	d	3	2.12	1	0.05	0.1	3	1	2	1	0	0.525079758950726	2	0	0.474920241049274	NA	0	0.525079758950726	0.525079758950726	3	1	2	2	1	1	NA	NA	NA	2	0	2
7	79952270	105493919	3	2	1	2	d	5	2.12	1	0.0701576925211	0.133993905551	3	1	2	2	1	1	NA	NA	NA	NA	NA	NA	NA	3	1	2	2	1	1	NA	NA	NA	3	1	2
7	105493920	111634066	2	2	0	2	d	4	2.2	0	0.0748612820415	0.103672721418	2.108954	0.06569995646	2.04325372	2	0	1	NA	NA	NA	NA	NA	NA	NA	2	0	2	2	0	1	NA	NA	NA	2	0	2
7	111634067	145059988	3	2	1	2	d	5	2.12	1.12	0.0691816565769	0.134807820319	3	1	2	2	1	1	NA	NA	NA	NA	NA	NA	NA	3	1	2	2	1	1	NA	NA	NA	3	1	2
7	145059989	145251048	2	2	0	3	a	6	2	0	0.0731176353655	0.10808456148	2	0	2	2	0	1	NA	NA	NA	NA	NA	NA	NA	2	0	2	2	0	1	NA	NA	NA	2	0	2
7	145251049	148108128	3	2	1	2	d	5	2.12	1	0.0774609734924	0.123390222863	3	1	2	2	1	1	NA	NA	NA	NA	NA	NA	NA	3	1	2	2	1	1	NA	NA	NA	3	1	2
7	148108129	148110659	3	2	1	2	d	3	2.12	1	0.05	0.1	3	1	2	1	0	1	NA	NA	NA	NA	NA	NA	NA	3	1	2	2	1	1	NA	NA	NA	1	0	1
7	148110660	149963150	3	2	1	2	d	5	2.12	1	0.0641998426081	0.129204235213	3	1	2	2	1	1	NA	NA	NA	NA	NA	NA	NA	3	1	2	2	1	1	NA	NA	NA	3	1	2
7	149963151	149963956	3	2	1	2	d	3	3	1	0.05	0.1	3	1	2	NA	NA	NA	NA	NA	NA	NA	NA	NA	NA	NA	NA	NA	2	1	1	NA	NA	NA	3	1	2
7	149963957	156759949	4	3	1	2	d	5	3	1	0.0625298624224	0.143190462942	3.810371	1.01630288113	2.7940677	3	1	1	NA	NA	NA	NA	NA	NA	NA	4	1	3	3	1	1	NA	NA	NA	4	1	3
7	156759950	157552471	3	3	0	2	d	5	3	0	0.0603363667287	0.118860604018	2.80482	0.02434374579	2.7804766	3	0	1	NA	NA	NA	NA	NA	NA	NA	3	0	3	3	0	1	NA	NA	NA	3	0	3
7	157552472	158821400	4	3	1	2	d	5	3	1	0.0647941716737	0.15394607004	3.887102	1.04505577378	2.8420465	3	1	1	NA	NA	NA	NA	NA	NA	NA	4	1	3	3	1	1	NA	NA	NA	4	1	3
8	155757	6616304	2	2	0	3	a	6	2	0	0.0779911561792	0.115620509123	2	0	2	2	0	1	NA	NA	NA	NA	NA	NA	NA	2	0	2	2	0	1	NA	NA	NA	2	0	2
8	6616305	6616599	2	2	0	2	d	4	NA	NA	NA	NA	2	0	2	2	0	1	NA	NA	NA	NA	NA	NA	NA	NA	NA	NA	2	0	1	NA	NA	NA	2	0	2
8	6616600	43099999	2	2	0	3	a	6	2	0	0.0756320977724	0.119570018091	2	0	2	2	0	1	NA	NA	NA	NA	NA	NA	NA	2	0	2	2	0	1	NA	NA	NA	2	0	2
8	43100000	48099999	2	2	0	2	d	4	2	0	0.05	0.117205698156	2.173245	0.05726428608	2.11598083	NA	NA	NA	NA	NA	NA	NA	NA	NA	NA	2	0	2	2	0	1	NA	NA	NA	2	0	2
8	48100000	61502054	2	2	0	3	a	6	2	0	0.0773425106776	0.0988415004511	2	0	2	2	0	1	NA	NA	NA	NA	NA	NA	NA	2	0	2	2	0	1	NA	NA	NA	2	0	2
8	61502055	63704242	3	3	0	2	d	4	2.75	0	0.0726283260917	0.114574755173	2.898596	0.02587306572	2.87272303	3	0	1	NA	NA	NA	NA	NA	NA	NA	3	0	3	3	0	1	NA	NA	NA	3	0	3
8	63704243	63705992	3	3	0	2	d	3	2.75	0	0.05	0.1	2.898596	0.02587306572	2.87272303	3	0	1	NA	NA	NA	NA	NA	NA	NA	NA	NA	NA	3	0	1	NA	NA	NA	3	0	3
8	63705993	64049451	3	3	0	2	d	4	2.75	0	0.0703210065381	0.102016739252	2.821317	0.01041724394	2.81089974	3	0	1	NA	NA	NA	NA	NA	NA	NA	3	0	3	3	0	1	NA	NA	NA	3	0	3
8	64049452	64064673	2	2	0	2	f	2	NA	NA	NA	NA	2.821317	0.01041724394	2.81089974	3	0	0.48030397022333	4	0	0.51969602977667	NA	0	0.48030397022333	0.48030397022333	NA	NA	NA	2	2	1	NA	NA	NA	2	0	2
8	64064674	110238221	4	2	2	2	d	5	2	2	0.0480595911839	0.134228173448	4.15724	2.07862015908	2.07862016	2	2	1	NA	NA	NA	NA	NA	NA	NA	4	2	2	2	2	1	NA	NA	NA	4	2	2
8	110238222	110247444	4	2	2	2	f	3	2	2	0.05	0.1	4.15724	2.07862015908	2.07862016	2	1	1	NA	NA	NA	NA	NA	NA	NA	3	0	3	2	2	1	NA	NA	NA	3	1	2
8	110247445	146364021	4	2	2	2	d	5	2	2	0.0461849501771	0.145871311055	4.168026	2.084012904	2.0840129	2	2	1	NA	NA	NA	NA	NA	NA	NA	4	2	2	2	2	1	NA	NA	NA	4	2	2
9	47500	214705	2	2	0	2	d	2	NA	NA	NA	NA	NA	NA	NA	NA	NA	NA	NA	NA	NA	NA	NA	NA	NA	3	1	2	2	0	1	NA	NA	NA	2	0	2
9	214706	44241001	2	2	0	2	d	5	2.12	0	0.0774523914049	0.112643915685	2	0	2	2	0	1	NA	NA	NA	NA	NA	NA	NA	2	0	2	2	0	1	NA	NA	NA	2	0	2
9	44241002	47299999	2	2	0	2	e	3	2.12	0	0.05	0.534237127997	2	0	2	1	1	1	NA	NA	NA	NA	NA	NA	NA	1	0	1	1	0	1	NA	NA	NA	2	0	2
9	47300000	50699999	NA	NA	NA	NA	NA	NA	2.12	0	0.05	0.1	NA	NA	NA	NA	NA	NA	NA	NA	NA	NA	NA	NA	NA	1	0	1	1	0	1	NA	NA	NA	2	0	2
9	50700000	66486485	2	2	0	2	f	2	2.12	0	0.05	0.316446384055	NA	NA	NA	NA	NA	NA	NA	NA	NA	NA	NA	NA	NA	NA	NA	NA	1	0	1	NA	NA	NA	2	0	2
9	66486486	81189278	2	2	0	2	d	5	2.12	0	0.0762705330941	0.116817246084	2	0	2	2	0	1	NA	NA	NA	NA	NA	NA	NA	2	0	2	2	0	1	NA	NA	NA	2	0	2
9	81189279	81192833	2	2	0	2	d	3	NA	NA	NA	NA	2	0	2	NA	NA	NA	NA	NA	NA	NA	NA	NA	NA	NA	NA	NA	2	0	1	NA	NA	NA	2	0	2
9	81192834	81305571	3	2	1	1	h	1	NA	NA	NA	NA	NA	NA	NA	NA	NA	NA	NA	NA	NA	NA	NA	NA	NA	NA	NA	NA	2	1	1	NA	NA	NA	NA	NA	NA
9	81305572	104790697	3	2	1	3	a	6	2	1	0.0653963643045	0.117248098386	3	1	2	2	1	1	NA	NA	NA	NA	NA	NA	NA	3	1	2	2	1	1	NA	NA	NA	3	1	2
9	104790698	104790910	3	2	1	2	d	4	2	1	0.05	0.1	3	1	2	1	0	0.861593603529088	1	1	0.138406396470912	NA	0	0.861593603529088	0.861593603529088	NA	NA	NA	2	1	1	NA	NA	NA	3	1	2
9	104790911	140273200	3	2	1	3	a	6	2	1	0.0657824459806	0.134657331729	3	1	2	2	1	1	NA	NA	NA	NA	NA	NA	NA	3	1	2	2	1	1	NA	NA	NA	3	1	2
9	140273201	141031439	3	2	1	3	b	5	NA	NA	NA	NA	3	1	2	2	1	1	NA	NA	NA	NA	NA	NA	NA	3	1	2	2	1	1	NA	NA	NA	3	1	2
10	136454	2801801	5	3	2	2	d	2	2.34	2.2	0.0513352204084	0.162136663525	4.487013	1.9268482128	2.56016491	2	2	0.396105334117895	3	2	0.603894665882105	0.0252417891353455	0.0249184587911853	0.328096307005384	0.422387852569409	4	2	2	3	2	1	NA	NA	NA	5	2	3
10	2801802	2846103	4	3	1	2	d	3	3	1	0.0628331524433	0.1	3.596097	0.90278657187	2.69331077	3	1	1	NA	NA	NA	NA	NA	NA	NA	3	1	2	3	1	1	NA	NA	NA	3	1	2
10	2846104	37874959	5	3	2	2	d	2	2.49	2	0.0536009315232	0.148322695175	4.511685	1.95101484212	2.56067067	2	2	0.346980976013234	3	2	0.653019023986766	0.0081387321610745	0.00805243270736411	0.335462615979554	0.367263085840239	4	2	2	3	2	1	NA	NA	NA	5	2	3
10	37874960	42413891	NA	NA	NA	NA	NA	NA	2.49	2	0.0470966890717	0.255551478278	4.865961	2.12062020023	2.74534085	NA	NA	NA	NA	NA	NA	NA	NA	NA	NA	4	2	2	3	2	1	NA	NA	NA	3	1	2
10	42413892	113373154	3	2	1	2	d	3	2	1.12	0.0660232097524	0.13566612004	3.058432	1.10273025493	1.9557017	1	1	0.13840639647091	2	1	0.86159360352909	0.00543065008225393	0.00525784400124739	0.137663494131794	0.158253865291972	3	1	2	2	1	1	NA	NA	NA	3	1	2
10	113373155	113402434	3	2	1	2	d	2	NA	NA	NA	NA	3.058432	1.10273025493	1.9557017	2	0	0.850220567962506	2	1	0.149779432037494	NA	0	0.850220567962506	0.850220567962506	3	1	2	2	1	1	NA	NA	NA	2	0	2
10	113402435	135389924	3	2	1	2	d	4	2	1	0.0626962916042	0.121684002413	3.05094	1.10571894976	1.94522069	1	1	0.151868796526051	2	1	0.848131203473949	0.00841710592649794	0.00816179306353019	0.150851981634587	0.183438374830721	3	1	2	2	1	1	NA	NA	NA	3	1	2
11	20721	199672	3	2	1	2	d	2	2	1	0.05	0.1	NA	NA	NA	NA	NA	NA	NA	NA	NA	NA	NA	NA	NA	NA	NA	NA	NA	NA	NA	NA	NA	NA	3	1	2
11	199673	51599999	3	2	1	3	a	6	2	1	0.0675480438186	0.133825483606	3	1	2	2	1	1	NA	NA	NA	NA	NA	NA	NA	3	1	2	2	1	1	NA	NA	NA	3	1	2
11	51600000	55699999	3	2	1	2	d	5	2.12	1	0.0818048415389	0.15130191891	3	1	2	2	1	1	NA	NA	NA	NA	NA	NA	NA	3	1	2	2	1	1	NA	NA	NA	3	1	2
11	55700000	58467745	3	2	1	2	d	5	2.12	1	0.0711706248372	0.11932278037	3	1	2	2	1	1	NA	NA	NA	NA	NA	NA	NA	3	1	2	2	1	1	NA	NA	NA	3	1	2
11	58467746	61891076	4	2	2	3	a	6	2	2	0.04258393066	0.13669885023	4	2	2	2	2	1	NA	NA	NA	NA	NA	NA	NA	4	2	2	2	2	1	NA	NA	NA	4	2	2
11	61891077	62423881	5	3	2	2	d	5	3	2	0.0528126659226	0.171626633818	5.08389	1.98307043305	3.10081942	3	2	1	NA	NA	NA	NA	NA	NA	NA	5	2	3	3	2	1	NA	NA	NA	5	2	3
11	62423882	62426721	6	3	3	1	g	NA	NA	NA	NA	NA	5.08389	1.98307043305	3.10081942	3	3	0.409212158808927	4	3	0.590787841191073	NA	0	0.409212158808927	0.409212158808927	NA	NA	NA	3	2	1	NA	NA	NA	6	3	3
11	62426722	62495391	7	4	3	2	d	2	3	3	0.05	0.1	NA	NA	NA	4	3	1	NA	NA	NA	NA	NA	NA	NA	NA	NA	NA	NA	NA	NA	NA	NA	NA	7	3	4
11	62495392	62864827	6	3	3	2	d	4	3	3	0.0548706750236	0.189246629027	6	3	3	3	3	1	NA	NA	NA	NA	NA	NA	NA	6	3	3	NA	NA	NA	NA	NA	NA	6	2	4
11	62864828	63958250	4	3	1	3	a	6	3	1	0.0666449049832	0.151293352404	4	1	3	3	1	1	NA	NA	NA	NA	NA	NA	NA	4	1	3	3	1	1	NA	NA	NA	4	1	3
11	63958251	64033848	4	3	1	2	d	2	NA	NA	NA	NA	4	1	3	NA	NA	NA	NA	NA	NA	NA	NA	NA	NA	NA	NA	NA	1	1	1	NA	NA	NA	4	1	3
11	64033849	64169860	2	1	1	3	b	5	1	1	0.05	0.1	NA	NA	NA	1	1	1	NA	NA	NA	NA	NA	NA	NA	2	1	1	1	1	1	NA	NA	NA	2	1	1
11	64169861	68290499	3	2	1	3	a	6	2	1	0.0608451619208	0.190608315646	3	1	2	2	1	1	NA	NA	NA	NA	NA	NA	NA	3	1	2	2	1	1	NA	NA	NA	3	1	2
11	68290500	68295879	3	2	1	1	g	NA	38	1	0.05	0.1	3	1	2	NA	NA	NA	NA	NA	NA	NA	NA	NA	NA	7	3	4	25	1	1	NA	NA	NA	3	1	2
11	68295880	68386852	23	23	0	1	g	NA	38	1	0.05	0.468109276697	NA	NA	NA	16	0	0.334932532632487	16	1	0.665067467367513	NA	0	0.334932532632487	0.334932532632487	NA	NA	NA	25	1	1	NA	NA	NA	23	0	23
11	68386853	68388602	23	23	0	1	g	NA	38	1	0.05	0.1	NA	NA	NA	NA	NA	NA	NA	NA	NA	NA	NA	NA	NA	NA	NA	NA	25	1	1	NA	NA	NA	23	0	23
11	68388603	68467713	22	21	1	2	f	2	38	1	0.05	0.1	22.387278	1.01292726726	21.37435065	21	1	1	NA	NA	NA	NA	NA	NA	NA	8	0	8	25	1	1	NA	NA	NA	23	0	23
11	68467714	68493169	22	21	1	2	f	2	38	1	0.05	0.1	22.387278	1.01292726726	21.37435065	18	1	1	NA	NA	NA	NA	NA	NA	NA	8	0	8	21	1	1	NA	NA	NA	19	0	19
11	68493170	68607118	21	21	0	1	g	NA	38	1	0.05	0.406193522806	20	1	19	19	1	1	NA	NA	NA	NA	NA	NA	NA	8	0	8	22	1	1	NA	NA	NA	21	0	21
11	68607119	68623507	20	20	0	1	g	NA	38	1	0.05	0.1	20	1	19	14	1	1	NA	NA	NA	NA	NA	NA	NA	7	3	4	34	1	1	NA	NA	NA	20	0	20
11	68623508	68752901	20	20	0	1	g	NA	38	1	0.05	0.402104267072	NA	NA	NA	17	1	1	NA	NA	NA	NA	NA	NA	NA	NA	NA	NA	34	1	1	NA	NA	NA	20	0	20
11	68752902	68754634	20	20	0	1	g	NA	NA	NA	NA	NA	NA	NA	NA	NA	NA	NA	NA	NA	NA	NA	NA	NA	NA	NA	NA	NA	34	1	1	NA	NA	NA	20	0	20
11	68754635	68816933	32	32	0	1	g	NA	56	1	0.05	0.1	NA	NA	NA	29	1	1	NA	NA	NA	NA	NA	NA	NA	8	0	8	34	1	1	NA	NA	NA	32	0	32
11	68816934	68819034	66	65	1	2	f	1	65	0.88	0.05	0.1	NA	NA	NA	28	1	1	NA	NA	NA	NA	NA	NA	NA	1	0	1	34	1	1	NA	NA	NA	34	0	34
11	68819035	69164645	66	65	1	2	f	1	65	0.88	0.0102736144575	0.877567664954	34.514235	1.0602169872	33.45401752	32	1	1	NA	NA	NA	NA	NA	NA	NA	1	0	1	38	1	1	NA	NA	NA	36	0	36
11	69164646	69164699	36	36	0	1	g	NA	51	1	0.05	0.1	34.514235	1.0602169872	33.45401752	NA	NA	NA	NA	NA	NA	NA	NA	NA	NA	1	0	1	38	1	1	NA	NA	NA	36	0	36
11	69164700	69203226	23	23	0	1	g	1	51	1	0.05	0.1	25.216569	0.9633012535	24.25326763	23	0	0.3056899419092	23	1	0.6943100580908	0.0791266505248861	0.0785511530644182	0.109450259389695	0.416016047946696	1	0	1	28	1	1	NA	NA	NA	26	0	26
11	69203227	69271906	21	20	1	1	g	1	40	1	0.0207032008776	0.527986232156	21.64705	0.99651802552	20.65053242	20	1	1	NA	NA	NA	NA	NA	NA	NA	NA	NA	NA	23	1	1	NA	NA	NA	22	0	22
11	69271907	69446502	21	20	1	2	f	2	40	1	0.0236153989567	0.32423639084	21.706382	1.00745879627	20.69892313	20	1	1	NA	NA	NA	NA	NA	NA	NA	8	0	8	23	1	1	NA	NA	NA	23	0	23
11	69446503	69466396	27	27	0	1	g	NA	NA	NA	NA	NA	21.706382	1.00745879627	20.69892313	26	0	1	NA	NA	NA	NA	NA	NA	NA	NA	NA	NA	5	1	1	NA	NA	NA	27	0	27
11	69466397	69478512	27	27	0	1	g	NA	NA	NA	NA	NA	NA	NA	NA	NA	NA	NA	NA	NA	NA	NA	NA	NA	NA	8	0	8	5	1	1	NA	NA	NA	27	0	27
11	69478513	69491000	24	24	0	1	g	NA	NA	NA	NA	NA	NA	NA	NA	21	1	1	NA	NA	NA	NA	NA	NA	NA	NA	NA	NA	5	1	1	NA	NA	NA	24	0	24
11	69491001	69491493	24	24	0	1	g	NA	NA	NA	NA	NA	NA	NA	NA	NA	NA	NA	NA	NA	NA	NA	NA	NA	NA	NA	NA	NA	5	1	1	NA	NA	NA	24	0	24
11	69491494	69526325	24	24	0	1	g	NA	NA	NA	NA	NA	NA	NA	NA	21	2	1	NA	NA	NA	NA	NA	NA	NA	8	0	8	5	1	1	NA	NA	NA	24	0	24
11	69526326	69528423	24	24	0	1	g	NA	NA	NA	NA	NA	NA	NA	NA	NA	NA	NA	NA	NA	NA	NA	NA	NA	NA	NA	NA	NA	5	1	1	NA	NA	NA	24	0	24
11	69528424	70032215	6	5	1	2	d	3	4	0.8	0.0427956706	0.181752939558	6.13311	1.00668294779	5.12642681	5	0	0.157009925558311	5	1	0.842990074441689	0.0271586836044157	0.0279369346212165	0.0397413846282538	0.150160958411521	6	1	5	5	1	1	NA	NA	NA	6	1	5
11	70032216	70459995	7	6	1	2	d	4	6	1	0.0378307853468	0.12749183611	7.175481	1.06296933512	6.11251205	6	1	1	NA	NA	NA	NA	NA	NA	NA	7	1	6	7	1	1	NA	NA	NA	7	1	6
11	70459996	72588483	5	4	1	2	d	3	4	0.88	0.0530193125331	0.149015674064	5.142278	0.99874193649	4.14353643	4	0	0.0964545046193142	4	1	0.903545495380686	0.0245194079615553	0.0252935824536301	0.0132821594364429	0.115037156855691	5	1	4	4	1	1	NA	NA	NA	5	1	4
11	72588484	75082690	4	3	1	3	a	6	3	1	0.0631399649912	0.12612393536	4	1	3	3	1	1	NA	NA	NA	NA	NA	NA	NA	4	1	3	3	1	1	NA	NA	NA	4	1	3
11	75082691	82357406	5	4	1	3	a	6	4	1	0.0590453404942	0.16346520134	5	1	4	4	1	1	NA	NA	NA	NA	NA	NA	NA	5	1	4	4	1	1	NA	NA	NA	5	1	4
11	82357407	134452200	2	1	1	3	a	6	1	1	0.0559302526369	0.102074474635	2	1	1	1	1	1	NA	NA	NA	NA	NA	NA	NA	2	1	1	1	1	1	NA	NA	NA	2	1	1
12	109559	188284	4	2	2	2	d	3	2	2	0.05	0.1	NA	NA	NA	NA	NA	NA	NA	NA	NA	NA	NA	NA	NA	NA	NA	NA	2	2	1	NA	NA	NA	4	2	2
12	188285	33299999	4	2	2	3	a	6	2	2	0.0471528188137	0.15523286438	4	2	2	2	2	1	NA	NA	NA	NA	NA	NA	NA	4	2	2	2	2	1	NA	NA	NA	4	2	2
12	33300000	38199999	4	2	2	2	d	5	2	2	0.0450117115581	0.183266719476	4.148185	2.07409228154	2.07409228	2	2	1	NA	NA	NA	NA	NA	NA	NA	4	2	2	2	2	1	NA	NA	NA	4	2	2
12	38200000	132349400	4	2	2	3	a	6	2	2	0.0469540343985	0.153634136943	4	2	2	2	2	1	NA	NA	NA	NA	NA	NA	NA	4	2	2	2	2	1	NA	NA	NA	4	2	2
12	132349401	133851894	4	2	2	2	d	4	NA	NA	NA	NA	4	2	2	2	1	0.127764591649583	2	2	0.872235408350417	0.0386201966369434	0.0383655413840844	0.0713547932433513	0.223238809252273	4	2	2	2	2	1	NA	NA	NA	4	2	2
13	1	16299999	4	3	1	1	g	NA	NA	NA	NA	NA	NA	NA	NA	NA	NA	NA	NA	NA	NA	NA	NA	NA	NA	NA	NA	NA	NA	NA	NA	NA	NA	NA	4	1	3
13	16300000	19499999	4	3	1	2	d	4	4	0	0.05	0.521269166011	NA	NA	NA	3	1	1	NA	NA	NA	NA	NA	NA	NA	4	1	3	3	1	1	NA	NA	NA	4	1	3
13	19500000	22928975	4	3	1	3	a	6	3	1	0.0654842835676	0.159634309297	4	1	3	3	1	1	NA	NA	NA	NA	NA	NA	NA	4	1	3	3	1	1	NA	NA	NA	4	1	3
13	22928976	24285026	5	3	2	2	d	4	3	2	0.0579092026344	0.168417618363	4.941857	2.04667801004	2.89517942	2	2	0.198567561470787	3	2	0.801432438529213	0.0437963719371085	0.0447014496902945	0.0563181212220191	0.230676539558172	5	2	3	3	2	1	NA	NA	NA	5	2	3
13	24285027	24287205	4	3	1	1	g	NA	NA	NA	NA	NA	4.941857	2.04667801004	2.89517942	3	0	0.406913427074717	3	1	0.593086572925283	NA	0	0.406913427074717	0.406913427074717	2	0	2	3	2	1	NA	NA	NA	4	1	3
13	24287206	26627273	3	3	0	3	a	6	3	0	0.0630620754037	0.126130713992	3	0	3	3	0	1	NA	NA	NA	NA	NA	NA	NA	3	0	3	3	0	1	NA	NA	NA	3	0	3
13	26627274	26627624	3	3	0	2	d	4	22	0	0.05	0.1	3	0	3	3	0	1	NA	NA	NA	NA	NA	NA	NA	NA	NA	NA	3	0	1	NA	NA	NA	3	0	3
13	26627625	26971336	11	11	0	1	g	NA	22	0	0.0280971599998	0.211310018368	10.478123	0	10.47812324	12	0	1	NA	NA	NA	NA	NA	NA	NA	8	0	8	12	0	1	NA	NA	NA	11	0	11
13	26971337	30365307	9	9	0	1	g	NA	18	0	0.028791947872	0.218368600127	8.563224	0.02323017046	8.53999401	9	0	1	NA	NA	NA	NA	NA	NA	NA	8	0	8	10	0	1	NA	NA	NA	9	0	9
13	30365308	31786199	7	7	0	2	d	4	14	0	0.0365213243128	0.189597974933	6.591893	0.00144227857	6.59045043	7	0	1	NA	NA	NA	NA	NA	NA	NA	7	0	7	7	0	1	NA	NA	NA	7	0	7
13	31786200	31788558	6	6	0	2	f	3	14	0	0.05	0.1	6.591893	0.00144227857	6.59045043	6	0	1	NA	NA	NA	NA	NA	NA	NA	NA	NA	NA	8	0	1	NA	NA	NA	6	0	6
13	31788559	31788779	6	6	0	1	g	NA	14	0	0.05	0.1	NA	NA	NA	NA	NA	NA	NA	NA	NA	NA	NA	NA	NA	1	0	1	8	0	1	NA	NA	NA	6	0	6
13	31788780	31790756	6	6	0	1	g	NA	14	0	0.05	0.1	NA	NA	NA	7	0	1	NA	NA	NA	NA	NA	NA	NA	NA	NA	NA	8	0	1	NA	NA	NA	6	0	6
13	31790757	32503363	7	7	0	2	d	3	14	0	0.03650303272	0.1736469358	6.82373	0.04024356185	6.78348696	7	0	1	NA	NA	NA	NA	NA	NA	NA	7	0	7	8	0	1	NA	NA	NA	7	0	7
13	32503364	33898095	5	5	0	2	d	5	5	0	0.0434727176603	0.171978355251	4.757717	4.478772e-05	4.75767207	5	0	1	NA	NA	NA	NA	NA	NA	NA	5	0	5	5	0	1	NA	NA	NA	5	0	5
13	33898096	33900586	2	2	0	2	d	3	NA	NA	NA	NA	4.757717	4.478772e-05	4.75767207	2	0	1	NA	NA	NA	NA	NA	NA	NA	NA	NA	NA	2	0	1	NA	NA	NA	2	0	2
13	33900587	114142800	2	2	0	2	d	5	2.12	0	0.0779931058674	0.105627134256	2	0	2	2	0	1	NA	NA	NA	NA	NA	NA	NA	2	0	2	2	0	1	NA	NA	NA	2	0	2
13	114142801	115169877	2	2	0	3	b	5	NA	NA	NA	NA	2	0	2	2	0	1	NA	NA	NA	NA	NA	NA	NA	2	0	2	2	0	1	NA	NA	NA	2	0	2
14	1	16099999	5	3	2	1	g	NA	NA	NA	NA	NA	NA	NA	NA	NA	NA	NA	NA	NA	NA	NA	NA	NA	NA	NA	NA	NA	NA	NA	NA	NA	NA	NA	5	2	3
14	16100000	19099999	5	3	2	2	d	2	3	1	0.05	0.0881786040767	NA	NA	NA	NA	NA	NA	NA	NA	NA	NA	NA	NA	NA	5	2	3	3	2	0.341597	3	1	0.658403	5	2	3
14	19100000	20375784	5	3	2	2	d	2	3	1	0.05	0.511481233529	5.182034	1.93790411409	3.2441298	NA	NA	NA	NA	NA	NA	NA	NA	NA	NA	5	2	3	3	2	0.341597	3	1	0.658403	5	2	3
14	20375785	22378001	5	3	2	2	d	3	3.09	2	0.0571409929616	0.207249597879	4.847609	1.87431660264	2.97329263	3	1	0.170930856414723	3	2	0.829069143585277	0.0230061151763933	0.0235278248657907	0.0997827090179431	0.192329208600892	5	2	3	3	2	1	NA	NA	NA	5	2	3
14	22378002	23020359	7	5	2	1	g	NA	4	2.49	0.063248751853	0.290390855039	6.991387	2.74942922505	4.24195772	4	3	0.364584917107414	5	3	0.635415082892586	0.0675487716754081	0.0681139919837992	0.110387870193647	0.372015195109697	7	3	4	5	3	1	NA	NA	NA	7	2	5
14	23020360	27327499	5	3	2	2	d	3	3.09	2	0.0635880906887	0.160207025305	4.854647	1.81014462355	3.04450274	3	1	0.24376387619172	3	2	0.75623612380828	0.0194230659558168	0.0188629042182	0.190927633192715	0.267149893873811	5	2	3	3	2	1	NA	NA	NA	5	2	3
14	27327500	29060053	6	4	2	2	d	4	4	2	0.0764500075451	0.177537721109	5.731195	1.87950403296	3.85169063	4	2	1	NA	NA	NA	NA	NA	NA	NA	5	2	3	4	2	1	NA	NA	NA	6	2	4
14	29060054	29061295	8	6	2	2	d	2	NA	NA	NA	NA	5.731195	1.87950403296	3.85169063	6	2	1	NA	NA	NA	NA	NA	NA	NA	NA	NA	NA	4	2	1	NA	NA	NA	8	2	6
14	29061296	34951623	4	2	2	2	e	0	17	2	0.0451554683461	0.248945498156	9.840113	1.95211572442	7.88799732	8	2	1	NA	NA	NA	NA	NA	NA	NA	8	2	6	9	2	1	NA	NA	NA	10	1	9
14	34951624	41163253	9	8	1	1	g	NA	15	2	0.0457879926369	0.287992915285	9	2	7	7	2	1	NA	NA	NA	NA	NA	NA	NA	8	2	6	8	2	1	NA	NA	NA	9	1	8
14	41163254	41164321	9	8	1	1	g	NA	2	1	0.05	0.1	9	2	7	NA	NA	NA	NA	NA	NA	NA	NA	NA	NA	NA	NA	NA	8	2	1	NA	NA	NA	9	1	8
14	41164322	59220786	3	2	1	3	a	6	2	1	0.0680034679508	0.12373674015	3	1	2	2	1	1	NA	NA	NA	NA	NA	NA	NA	3	1	2	2	1	1	NA	NA	NA	3	1	2
14	59220787	106368400	3	2	1	3	a	6	2	1	0.0650650030357	0.133114826251	3	1	2	2	1	1	NA	NA	NA	NA	NA	NA	NA	3	1	2	2	1	1	NA	NA	NA	3	1	2
15	1	15799999	2	1	1	1	g	NA	NA	NA	NA	NA	NA	NA	NA	NA	NA	NA	NA	NA	NA	NA	NA	NA	NA	NA	NA	NA	NA	NA	NA	NA	NA	NA	2	1	1
15	15800000	20699999	2	1	1	1	g	NA	1	1	0.05	0.400096082452	NA	NA	NA	1	0	1	NA	NA	NA	NA	NA	NA	NA	NA	NA	NA	1	0	1	NA	NA	NA	2	1	1
15	20700000	49398112	2	1	1	2	d	3	1.2	1	0.0566583097133	0.131658772633	2.418022	1.02198576464	1.39603628	1	1	0.584588798298472	2	1	0.415411201701528	0.00826616460854657	0.0083497441259152	0.566257444478386	0.59856355125276	2	1	1	1	1	1	NA	NA	NA	2	1	1
15	49398113	50818372	4	3	1	2	e	5	3.12	1.34	0.0603416420472	0.167790887535	4.487178	1.4153840565	3.07179392	3	1	0.588809095232844	3	2	0.411190904767156	0.0205717146901518	0.0210631097633432	0.546919252049879	0.62827605053818	4	1	3	3	2	0.359172	3	1	0.640828	5	1	4
15	50818373	50819979	4	3	1	2	e	4	3	1.34	0.05	0.1	4.487178	1.4153840565	3.07179392	3	1	0.588809095232844	3	2	0.411190904767156	0.0205717146901518	0.0210631097633432	0.546919252049879	0.62827605053818	NA	NA	NA	3	2	0.359172	3	1	0.640828	5	1	4
15	50819980	52607490	4	3	1	2	e	5	3	1.34	0.0620037770962	0.146822397725	4.450252	1.42473535658	3.02551646	3	1	0.588809095232844	3	2	0.411190904767156	0.0205717146901518	0.0210631097633432	0.546919252049879	0.62827605053818	4	1	3	3	2	0.416212	3	1	0.583788	5	1	4
15	52607491	52611428	5	4	1	1	g	NA	1.34	1	0.05	0.1	4.450252	1.42473535658	3.02551646	4	2	1	NA	NA	NA	NA	NA	NA	NA	NA	NA	NA	3	2	0.416212	3	1	0.583788	5	1	4
15	52611429	52612086	2	1	1	2	f	2	1.34	1	0.05	0.1	NA	NA	NA	3	1	0.843593263291274	3	2	0.156406736708726	NA	0	0.843593263291274	0.843593263291274	NA	NA	NA	1	1	1	NA	NA	NA	11	3	8
15	52612087	54907327	2	1	1	2	d	3	1.34	1	0.0579332878393	0.111729811313	2.548465	1.0545015156	1.49396339	1	1	0.584588798298472	2	1	0.415411201701528	0.0233431845403904	0.0227524897448635	0.509831226173957	0.596841601310866	2	1	1	1	1	1	NA	NA	NA	2	1	1
15	54907328	54907373	2	1	1	2	d	2	NA	NA	NA	NA	2.548465	1.0545015156	1.49396339	NA	NA	NA	NA	NA	NA	NA	NA	NA	NA	NA	NA	NA	1	1	1	NA	NA	NA	2	1	1
15	54907374	54914424	2	2	0	1	g	NA	21	2	0.05	0.1	NA	NA	NA	4	1	1	NA	NA	NA	NA	NA	NA	NA	6	2	4	12	2	1	NA	NA	NA	2	0	2
15	54914425	55009076	13	11	2	2	f	2	21	2	0.0360471570078	0.494644810446	11.961552	1.43487568699	10.52667655	11	1	0.597686469128599	11	2	0.402313530871401	0.0742910785525306	0.0749810336447153	0.406129224752595	0.704020000594333	8	1	7	12	2	1	NA	NA	NA	11	0	11
15	55009077	64314055	6	5	1	2	e	4	5	1.34	0.0566840316753	0.180846984846	6.456126	1.41193916925	5.04418642	5	1	0.664233672984529	5	2	0.335766327015471	0.0100052558144526	0.00990755555975442	0.623647291282698	0.662162899578844	6	1	5	12	2	1	NA	NA	NA	7	1	6
15	64314056	64314282	6	5	1	2	f	2	5	1.34	0.05	0.1	6.456126	1.41193916925	5.04418642	NA	NA	NA	NA	NA	NA	NA	NA	NA	NA	NA	NA	NA	NA	NA	NA	NA	NA	NA	5	1	4
15	64314283	64320074	5	4	1	1	g	NA	5	1.34	0.05	0.1	NA	NA	NA	3	1	1	NA	NA	NA	NA	NA	NA	NA	4	1	3	1	1	1	NA	NA	NA	5	1	4
15	64320075	65213381	2	1	1	2	d	4	1	1	0.0555338905419	0.110809028758	2.408409	1.20420438862	1.20420439	1	1	0.676902398676596	2	1	0.323097601323404	0.0369916483320576	0.0381628659125037	0.595063381301035	0.740232495028975	2	1	1	1	1	1	NA	NA	NA	2	1	1
15	65213382	65214424	4	2	2	2	d	2	NA	NA	NA	NA	2.408409	1.20420438862	1.20420439	2	2	1	NA	NA	NA	NA	NA	NA	NA	NA	NA	NA	1	1	1	NA	NA	NA	4	2	2
15	65214425	65220398	1	1	0	1	g	NA	NA	NA	NA	NA	NA	NA	NA	1	1	1	NA	NA	NA	NA	NA	NA	NA	NA	NA	NA	3	2	0.395814	3	1	0.604186	1	0	1
15	65220399	65221406	4	3	1	2	f	2	NA	NA	NA	NA	NA	NA	NA	NA	NA	NA	NA	NA	NA	NA	NA	NA	NA	NA	NA	NA	3	2	0.395814	3	1	0.604186	4	1	3
15	65221407	69302959	4	3	1	2	d	2	3	1.34	0.0584606536497	0.132492653713	4.364057	1.40575207223	2.95830474	3	1	0.641077336641852	3	2	0.358922663358148	0.0155715367452295	0.0156164291569295	0.587376505924116	0.648274623903092	4	1	3	3	2	0.395814	3	1	0.604186	4	1	3
15	69302960	69316669	4	3	1	1	g	NA	NA	NA	NA	NA	4.364057	1.40575207223	2.95830474	NA	NA	NA	NA	NA	NA	NA	NA	NA	NA	NA	NA	NA	3	2	0.395814	3	1	0.604186	4	1	3
15	69316670	70820524	12	11	1	1	g	NA	21	1.34	0.0324988190561	0.270148637851	11.662942	1.46088117654	10.20206088	10	1	0.743003715393977	10	2	0.256996284606023	0.019837554039035	0.0193159001622613	0.661777680963805	0.737704361155447	8	1	7	NA	NA	NA	NA	NA	NA	12	1	11
15	70820525	70821787	10	10	0	1	g	NA	NA	NA	NA	NA	11.662942	1.46088117654	10.20206088	14	1	1	NA	NA	NA	NA	NA	NA	NA	NA	NA	NA	NA	NA	NA	NA	NA	NA	10	0	10
15	70821788	73461200	8	7	1	2	f	3	14	1.34	0.0478162179041	0.221791657492	8.580536	1.40320838117	7.17732757	7	1	0.684419324204272	7	2	0.315580675795728	0.0422937131317033	0.0437465928083735	0.463379397488942	0.635170218298377	8	1	7	8	2	1	NA	NA	NA	9	1	8
15	73461201	73935020	8	7	1	2	f	2	NA	NA	NA	NA	8.580536	1.40320838117	7.17732757	10	1	0.53532132509983	10	2	0.46467867490017	1.55707453560268	2.93658505414087	-12.9679786714714	0.0786084789959649	8	1	7	19	2	1	NA	NA	NA	12	1	11
15	73935021	73935967	12	11	1	1	g	NA	NA	NA	NA	NA	NA	NA	NA	NA	NA	NA	NA	NA	NA	NA	NA	NA	NA	NA	NA	NA	19	2	1	NA	NA	NA	12	1	11
15	73935968	74629320	35	34	1	2	f	1	34	1.2	0.0195701521983	0.413632024089	18.421333	1.41829339864	17.0030396	16	1	1	NA	NA	NA	NA	NA	NA	NA	8	0	8	19	2	1	NA	NA	NA	18	0	18
15	74629321	74633036	26	26	0	1	g	NA	62	1	0.05	0.1	18.421333	1.41829339864	17.0030396	23	2	1	NA	NA	NA	NA	NA	NA	NA	NA	NA	NA	36	2	1	NA	NA	NA	26	0	26
15	74633037	74872195	34	34	0	1	g	NA	62	1	0.05	0.5963708023	NA	NA	NA	31	1	1	NA	NA	NA	NA	NA	NA	NA	7	3	4	36	2	1	NA	NA	NA	34	0	34
15	74872196	74879752	34	34	0	1	g	NA	62	1	0.05	0.1	NA	NA	NA	NA	NA	NA	NA	NA	NA	NA	NA	NA	NA	NA	NA	NA	34	2	1	NA	NA	NA	34	0	34
15	74879753	75085170	34	34	0	1	g	NA	62	1	0.05	0.590682406527	NA	NA	NA	30	1	0.406076290227857	30	2	0.593923709772143	3.1055059597107	6.90382005159842	-32.6248270129288	-5.07522771202791	8	0	8	34	2	1	NA	NA	NA	34	0	34
15	75085171	75087899	18	18	0	1	g	NA	NA	NA	NA	NA	NA	NA	NA	6	5	1	NA	NA	NA	NA	NA	NA	NA	6	0	6	34	2	1	NA	NA	NA	18	0	18
15	75087900	79545563	2	1	1	2	d	4	1	1	0.0604232021319	0.0910104171477	2.394989	1.00471507692	1.39027348	1	1	0.604220707641648	2	1	0.395779292358352	0.0193194213976292	0.0194480716832374	0.54066149167906	0.617260634185507	2	1	1	1	1	1	NA	NA	NA	2	1	1
15	79545564	100338800	3	2	1	2	d	2	2	1.34	0.0559942079335	0.120714062362	3.384813	1.40179725511	1.9830158	2	1	0.631486781828609	2	2	0.368513218171391	0.00712500711740749	0.00681755204893982	0.617889675966241	0.644761293307502	3	1	2	2	2	0.430326	2	1	0.569674	3	1	2
15	100338801	102432578	3	2	1	2	d	2	NA	NA	NA	NA	3.373869	1.38742497555	1.98644399	2	1	0.631486781828609	2	2	0.368513218171391	0.00712500711740749	0.00681755204893982	0.617889675966241	0.644761293307502	3	1	2	2	2	0.430326	2	1	0.569674	3	1	2
16	44080	110924	3	2	1	2	d	3	1.75	1	0.05	0.1	NA	NA	NA	2	1	1	NA	NA	NA	NA	NA	NA	NA	3	1	2	NA	NA	NA	NA	NA	NA	3	1	2
16	110925	34599999	3	2	1	2	d	5	1.75	1	0.0666351952998	0.138804660754	3	1	2	2	1	1	NA	NA	NA	NA	NA	NA	NA	3	1	2	2	1	1	NA	NA	NA	3	1	2
16	34600000	38599999	3	2	1	2	d	4	1.75	1	0.05	0.142187196022	3.002794	1.11348116972	1.88931282	2	1	1	NA	NA	NA	NA	NA	NA	NA	3	1	2	2	1	1	NA	NA	NA	3	1	2
16	38600000	46430529	3	2	1	2	d	3	NA	NA	NA	NA	3.002794	1.11348116972	1.88931282	NA	NA	NA	NA	NA	NA	NA	NA	NA	NA	3	1	2	2	1	1	NA	NA	NA	3	1	2
16	46430530	84530913	3	2	1	3	a	6	2	1	0.0673409002538	0.11608489056	3	1	2	2	1	1	NA	NA	NA	NA	NA	NA	NA	3	1	2	2	1	1	NA	NA	NA	3	1	2
16	84530914	84533101	4	3	1	2	d	3	3	1	0.05	0.1	3	1	2	NA	NA	NA	NA	NA	NA	NA	NA	NA	NA	NA	NA	NA	3	1	1	NA	NA	NA	4	1	3
16	84533102	84533590	4	3	1	2	d	3	3	1	0.05	0.1	NA	NA	NA	3	0	0.726713113189538	3	1	0.273286886810462	NA	0	0.726713113189538	0.726713113189538	NA	NA	NA	3	1	1	NA	NA	NA	4	1	3
16	84533591	85555109	4	3	1	3	a	6	3	1	0.0628316605516	0.125011126784	4	1	3	3	1	1	NA	NA	NA	NA	NA	NA	NA	4	1	3	3	1	1	NA	NA	NA	4	1	3
16	85555110	85557061	4	3	1	3	b	5	3	1	0.05	0.1	4	1	3	3	1	1	NA	NA	NA	NA	NA	NA	NA	NA	NA	NA	3	1	1	NA	NA	NA	4	1	3
16	85557062	88827200	4	3	1	3	a	6	3	1	0.0639812102857	0.127593649768	4	1	3	3	1	1	NA	NA	NA	NA	NA	NA	NA	4	1	3	3	1	1	NA	NA	NA	4	1	3
16	88827201	90354752	4	3	1	3	b	5	NA	NA	NA	NA	4	1	3	3	1	1	NA	NA	NA	NA	NA	NA	NA	4	1	3	3	1	1	NA	NA	NA	4	1	3
17	6115	22199999	3	2	1	3	a	6	2	1	0.0668674127473	0.122931566175	3	1	2	2	1	1	NA	NA	NA	NA	NA	NA	NA	3	1	2	2	1	1	NA	NA	NA	3	1	2
17	22200000	25799999	3	2	1	3	b	5	2	1	0.0812086405494	0.19425816979	3	1	2	NA	NA	NA	NA	NA	NA	NA	NA	NA	NA	3	1	2	2	1	1	NA	NA	NA	3	1	2
17	25800000	48745184	3	2	1	3	a	6	2	1	0.0638370956633	0.128207464686	3	1	2	2	1	1	NA	NA	NA	NA	NA	NA	NA	3	1	2	2	1	1	NA	NA	NA	3	1	2
17	48745185	50726630	2	2	0	2	d	5	2	0	0.0679650983947	0.0930216163377	2.109941	0.04859557795	2.06134576	2	0	1	NA	NA	NA	NA	NA	NA	NA	2	0	2	2	0	1	NA	NA	NA	2	0	2
17	50726631	50736793	3	2	1	2	d	3	2	1	0.05	0.1	2.109941	0.04859557795	2.06134576	NA	NA	NA	NA	NA	NA	NA	NA	NA	NA	3	1	2	2	1	1	NA	NA	NA	2	0	2
17	50736794	50742031	3	2	1	2	d	3	2	1	0.05	0.1	NA	NA	NA	NA	NA	NA	NA	NA	NA	NA	NA	NA	NA	3	1	2	2	1	1	NA	NA	NA	NA	NA	NA
17	50742032	52430557	3	2	1	3	a	6	2	1	0.0661440432573	0.10999973132	3	1	2	2	1	1	NA	NA	NA	NA	NA	NA	NA	3	1	2	2	1	1	NA	NA	NA	3	1	2
17	52430558	52852646	2	2	0	2	d	5	2	0	0.0881208280387	0.106571199103	2.138564	0.04880545531	2.08975845	2	0	1	NA	NA	NA	NA	NA	NA	NA	2	0	2	2	0	1	NA	NA	NA	2	0	2
17	52852647	54079228	3	2	1	3	a	6	2	1	0.0665017032702	0.116025203424	3	1	2	2	1	1	NA	NA	NA	NA	NA	NA	NA	3	1	2	2	1	1	NA	NA	NA	3	1	2
17	54079229	58189889	2	2	0	3	a	6	2	0	0.075087081537	0.115824912239	2	0	2	2	0	1	NA	NA	NA	NA	NA	NA	NA	2	0	2	2	0	1	NA	NA	NA	2	0	2
17	58189890	58485404	3	2	1	2	d	4	2	1	0.05	0.131374369409	2	0	2	1	1	1	NA	NA	NA	NA	NA	NA	NA	3	1	2	2	1	1	NA	NA	NA	3	1	2
17	58485405	58488274	3	2	1	2	d	3	2	1	0.05	0.1	NA	NA	NA	NA	NA	NA	NA	NA	NA	NA	NA	NA	NA	NA	NA	NA	2	1	1	NA	NA	NA	3	1	2
17	58488275	59653679	3	2	1	2	d	5	2	1	0.0593090737896	0.109025743027	3.072587	0.95761793692	2.11496862	2	1	1	NA	NA	NA	NA	NA	NA	NA	3	1	2	2	1	1	NA	NA	NA	3	1	2
17	59653680	78774600	2	2	0	2	d	5	2	0	0.0732930962907	0.0934125489258	2	0	2	2	0	0.80996691480563	3	0	0.19003308519437	0.0146902450321129	0.013880752996164	0.880492784128244	0.936597600645471	2	0	2	2	0	1	NA	NA	NA	2	0	2
17	78774601	81195209	2	2	0	2	d	4	NA	NA	NA	NA	2	0	2	2	0	0.713142042907183	3	0	0.286857957092817	0.0483237382524703	0.0491118827373664	0.611477179417164	0.806866683488276	2	0	2	2	0	1	NA	NA	NA	2	0	2
18	39294	1192466	3	2	1	2	d	3	1.75	1.12	0.057685726325	0.108617577961	2.995085	1.13702488537	1.85806052	1	1	0.224565756823824	2	1	0.775434243176176	0.0384900812154561	0.0387453382232729	0.143722575039566	0.303393792547965	3	1	2	2	1	1	NA	NA	NA	3	1	2
18	1192467	1194167	3	2	1	2	d	2	1.75	1.12	0.05	0.1	2.995085	1.13702488537	1.85806052	NA	NA	NA	NA	NA	NA	NA	NA	NA	NA	NA	NA	NA	2	1	1	NA	NA	NA	3	1	2
18	1194168	3438464	3	2	1	2	d	3	1.75	1.12	0.057211906084	0.131480550729	3.073387	1.18529783763	1.88808942	2	1	0.801432438529216	2	2	0.198567561470784	0.0228281571627962	0.0225330543359591	0.70917873149394	0.797581773916187	3	1	2	2	1	1	NA	NA	NA	3	1	2
18	3438465	3638998	5	4	1	2	d	4	4	1	0.0740388151325	0.127946964978	4.831293	1.11164997141	3.71964333	3	1	0.391884786827339	4	1	0.608115213172661	0.123734963048485	0.128397097343352	0.142793326773362	0.65490553015446	5	1	4	4	1	1	NA	NA	NA	5	1	4
18	3638999	3639627	5	4	1	2	d	3	4	1	0.05	0.1	4.831293	1.11164997141	3.71964333	3	1	0.391884786827339	4	1	0.608115213172661	0.123734963048485	0.128397097343352	0.142793326773362	0.65490553015446	1	0	1	4	1	1	NA	NA	NA	5	1	4
18	3639628	3655291	5	4	1	2	d	4	4	1	0.05	0.1	NA	NA	NA	3	1	0.391884786827339	4	1	0.608115213172661	0.123734963048485	0.128397097343352	0.142793326773362	0.65490553015446	5	1	4	4	1	1	NA	NA	NA	5	1	4
18	3655292	3655322	5	4	1	2	d	2	NA	NA	NA	NA	NA	NA	NA	NA	NA	NA	NA	NA	NA	NA	NA	NA	NA	1	0	1	4	1	1	NA	NA	NA	5	1	4
18	3655323	3657154	5	4	1	2	d	2	NA	NA	NA	NA	NA	NA	NA	3	1	1	NA	NA	NA	NA	NA	NA	NA	NA	NA	NA	4	1	1	NA	NA	NA	5	1	4
18	3657155	15399999	3	2	1	2	d	3	1.75	1	0.0609510257634	0.117960974395	2.974587	1.13020144786	1.84438523	1	1	0.273030397022328	2	1	0.726969602977672	0.0121238578139994	0.0121941684677551	0.268523048199015	0.317558887912098	3	1	2	2	1	1	NA	NA	NA	3	1	2
18	15400000	18999999	NA	NA	NA	NA	NA	NA	2.66	1	0.05	0.142108283654	2.974587	1.13020144786	1.84438523	2	1	0.307914285315797	3	1	0.692085714684203	0.0616461879423287	0.0627478195943967	0.184360396019519	0.435583819301091	NA	NA	NA	3	1	1	NA	NA	NA	3	1	2
18	19000000	20285684	4	3	1	2	d	3	2.66	1	0.0653555744111	0.127354814903	3.955713	1.09496355211	2.86074897	2	1	0.307914285315797	3	1	0.692085714684203	0.0616461879423287	0.0627478195943967	0.184360396019519	0.435583819301091	4	1	3	3	1	1	NA	NA	NA	4	1	3
18	20285685	20560148	6	3	3	2	e	1	4	1	0.05	0.158021407849	3.955713	1.09496355211	2.86074897	3	3	1	NA	NA	NA	NA	NA	NA	NA	5	2	3	3	1	1	NA	NA	NA	5	2	3
18	20560149	20601565	6	4	2	1	g	NA	4	1	0.05	0.1	NA	NA	NA	NA	NA	NA	NA	NA	NA	NA	NA	NA	NA	NA	NA	NA	NA	NA	NA	NA	NA	NA	6	2	4
18	20601566	20601793	6	4	2	1	g	NA	4	1	0.05	0.1	NA	NA	NA	NA	NA	NA	NA	NA	NA	NA	NA	NA	NA	NA	NA	NA	NA	NA	NA	NA	NA	NA	6	2	4
18	20601794	20725621	6	4	2	2	f	2	4	1	0.05	0.1	NA	NA	NA	3	2	0.556127486755908	4	2	0.443872513244092	0.142459406969405	0.135781656187451	0.326910826136498	0.859114190028224	6	3	3	NA	NA	NA	NA	NA	NA	6	2	4
18	20725622	21265151	5	4	1	2	d	5	4	1	0.0532634399115	0.133891493647	4.981323	1.15485086197	3.8264723	4	1	1	NA	NA	NA	NA	NA	NA	NA	5	1	4	4	1	1	NA	NA	NA	5	1	4
18	21265152	22346641	6	4	2	2	d	2	4	2.09	0.0589801244604	0.157021472514	6.093369	2.11759126146	3.97577737	4	2	0.78337813620072	4	3	0.21662186379928	0.0551606529296376	0.0546264040726693	0.751292404772924	0.960237363963403	6	2	4	4	3	0.213779	4	2	0.786221	6	2	4
18	22346642	22347835	6	4	2	2	f	2	4	2.09	0.05	0.1	6.093369	2.11759126146	3.97577737	5	0	0.874958334876488	5	1	0.125041665123512	NA	0	0.874958334876488	0.874958334876488	2	0	2	4	3	0.213779	4	2	0.786221	5	0	5
18	22347836	77843657	6	4	2	2	d	2	4	2.09	0.0604647688304	0.195996796032	6.017368	2.11196676798	3.90540168	4	2	0.851969602977663	4	3	0.148030397022337	0.00572883598330332	0.00578457381545132	0.837387897943409	0.859811758397728	6	2	4	4	3	0.182193	4	2	0.817807	6	2	4
19	102500	305348	3	3	0	2	d	5	3	0	0.05	0.1	3.301174	0.11443143522	3.18674301	3	0	1	NA	NA	NA	NA	NA	NA	NA	3	0	3	3	0	1	NA	NA	NA	3	0	3
19	305349	10612398	3	3	0	2	d	5	3	0	0.0589743681344	0.158188974042	3.14688	0.02387769649	3.12300191	3	0	1	NA	NA	NA	NA	NA	NA	NA	3	0	3	3	0	1	NA	NA	NA	3	0	3
19	10612399	10619023	3	3	0	2	d	4	3	0	0.05	0.1	3.14688	0.02387769649	3.12300191	3	0	1	NA	NA	NA	NA	NA	NA	NA	NA	NA	NA	3	0	1	NA	NA	NA	3	0	3
19	10619024	19015217	3	3	0	2	d	5	3	0	0.0566725410405	0.120738009561	3.132309	0.01038491054	3.12192436	3	0	1	NA	NA	NA	NA	NA	NA	NA	3	0	3	3	0	1	NA	NA	NA	3	0	3
19	19015218	19015723	3	3	0	2	f	2	NA	NA	NA	NA	3.132309	0.01038491054	3.12192436	NA	NA	NA	NA	NA	NA	NA	NA	NA	NA	1	0	1	3	0	1	NA	NA	NA	4	1	3
19	19015724	19015769	4	3	1	1	g	NA	NA	NA	NA	NA	NA	NA	NA	NA	NA	NA	NA	NA	NA	NA	NA	NA	NA	NA	NA	NA	3	0	1	NA	NA	NA	4	1	3
19	19015770	20599264	4	3	1	2	d	4	3.09	1	0.0635755287214	0.138393304264	4.148087	1.03867462597	3.10941237	3	1	1	NA	NA	NA	NA	NA	NA	NA	4	1	3	3	1	1	NA	NA	NA	4	1	3
19	20599265	21317233	4	3	1	2	d	5	3	1	0.0553547168381	0.264442178506	4.373683	1.20476185187	3.16892072	3	1	1	NA	NA	NA	NA	NA	NA	NA	4	1	3	3	1	1	NA	NA	NA	4	1	3
19	21317234	21320428	5	3	2	1	g	NA	3	1	0.05	0.1	4.373683	1.20476185187	3.16892072	3	2	1	NA	NA	NA	NA	NA	NA	NA	NA	NA	NA	3	3	1	NA	NA	NA	5	2	3
19	21320429	21641743	6	3	3	2	d	3	3	3	0.0308870304659	0.170069030247	5.854077	2.92703848215	2.92703848	3	2	0.302968123687727	3	3	0.697031876312273	0.0575743241669015	0.0593551259557527	0.1146391227435	0.343991490707388	6	3	3	3	3	1	NA	NA	NA	6	2	4
19	21641744	24399999	5	3	2	2	d	5	2.75	1.66	0.0568493492962	0.168198651435	5	2	3	3	2	1	NA	NA	NA	NA	NA	NA	NA	5	2	3	3	2	1	NA	NA	NA	5	2	3
19	24400000	28599999	5	3	2	2	d	5	2.75	1.66	0.0476242728717	0.198618656732	5	2	3	3	2	1	NA	NA	NA	NA	NA	NA	NA	5	2	3	3	2	1	NA	NA	NA	5	2	3
19	28600000	31750758	5	3	2	2	d	5	2.75	1.66	0.0547739042857	0.140598523046	5	2	3	3	2	1	NA	NA	NA	NA	NA	NA	NA	5	2	3	3	2	1	NA	NA	NA	5	2	3
19	31750759	31753422	5	3	2	2	e	2	1.75	0.88	0.05	0.1	5	2	3	NA	NA	NA	NA	NA	NA	NA	NA	NA	NA	3	1	2	2	1	1	NA	NA	NA	5	2	3
19	31753423	43244958	3	2	1	2	d	5	1.75	0.88	0.0667443089359	0.124506374155	3	1	2	2	1	1	NA	NA	NA	NA	NA	NA	NA	3	1	2	2	1	1	NA	NA	NA	3	1	2
19	43244959	43552499	3	2	1	2	d	3	0.66	0.66	0.05	0.263244833532	3	1	2	2	1	1	NA	NA	NA	NA	NA	NA	NA	3	1	2	2	1	0.806446	1	1	0.193554	2	1	1
19	43552500	50425401	3	2	1	2	d	5	1.75	1	0.0627276644047	0.148380105746	3	1	2	2	1	1	NA	NA	NA	NA	NA	NA	NA	3	1	2	2	1	1	NA	NA	NA	3	1	2
19	50425402	58638412	4	2	2	2	d	4	1.66	1.66	0.045766555768	0.192773996751	3.803056	1.90152780831	1.90152781	2	2	1	NA	NA	NA	NA	NA	NA	NA	4	2	2	2	2	1	NA	NA	NA	4	2	2
19	58638413	58640211	4	2	2	2	d	2	NA	NA	NA	NA	3.803056	1.90152780831	1.90152781	NA	NA	NA	NA	NA	NA	NA	NA	NA	NA	NA	NA	NA	2	2	1	NA	NA	NA	4	2	2
20	25254	13537764	2	2	0	2	d	4	2	0	0.0747538070674	0.100893001954	2	0	2	NA	NA	NA	NA	NA	NA	NA	NA	NA	NA	2	0	2	2	0	1	NA	NA	NA	NA	NA	NA
20	13537765	15760795	4	2	2	2	d	4	2	2	0.0494325773382	0.142889282284	4	2	2	NA	NA	NA	NA	NA	NA	NA	NA	NA	NA	4	2	2	2	2	1	NA	NA	NA	NA	NA	NA
20	15760796	15764358	4	2	2	2	d	3	2	2	0.05	0.1	4	2	2	NA	NA	NA	NA	NA	NA	NA	NA	NA	NA	NA	NA	NA	2	2	1	NA	NA	NA	NA	NA	NA
20	15764359	15764523	4	2	2	2	d	2	2	2	0.05	0.1	NA	NA	NA	NA	NA	NA	NA	NA	NA	NA	NA	NA	NA	1	0	1	2	2	1	NA	NA	NA	NA	NA	NA
20	15764524	15764676	4	2	2	2	d	2	2	2	0.05	0.1	NA	NA	NA	NA	NA	NA	NA	NA	NA	NA	NA	NA	NA	NA	NA	NA	2	2	1	NA	NA	NA	NA	NA	NA
20	15764677	25599999	4	2	2	3	a	6	2	2	0.0428798715422	0.130473211906	4	2	2	2	2	1	NA	NA	NA	NA	NA	NA	NA	4	2	2	2	2	1	NA	NA	NA	4	2	2
20	25600000	29653602	4	2	2	2	d	3	2	2	0.0484135095763	0.354171529029	4	2	2	NA	NA	NA	NA	NA	NA	NA	NA	NA	NA	3	1	2	2	2	0.646522	2	1	0.353478	4	2	2
20	29653603	32279785	4	2	2	2	d	5	2	2	0.0413494463113	0.114838667978	4.103089	2.05154469138	2.05154469	2	2	1	NA	NA	NA	NA	NA	NA	NA	4	2	2	2	2	1	NA	NA	NA	4	2	2
20	32279786	41986571	2	2	0	3	a	6	2	0	0.0698526967656	0.0875479589567	2	0	2	2	0	1	NA	NA	NA	NA	NA	NA	NA	2	0	2	2	0	1	NA	NA	NA	2	0	2
20	41986572	42102233	4	2	2	2	d	4	1.75	1.75	0.05	0.232673605538	3.854063	1.92703166369	1.92703166	2	2	1	NA	NA	NA	NA	NA	NA	NA	4	2	2	2	2	1	NA	NA	NA	4	2	2
20	42102234	42804121	4	2	2	2	d	5	1.75	1.75	0.0507395613993	0.106878646594	4	2	2	2	2	1	NA	NA	NA	NA	NA	NA	NA	4	2	2	2	2	1	NA	NA	NA	4	2	2
20	42804122	60909533	4	2	2	2	d	5	1.75	1.75	0.043591089353	0.137449427226	4	2	2	2	2	1	NA	NA	NA	NA	NA	NA	NA	4	2	2	2	2	1	NA	NA	NA	4	2	2
20	60909534	61201971	5	3	2	2	d	3	2	2	0.0444342517336	0.158703795272	4.885028	1.9314676347	2.95356087	3	2	1	NA	NA	NA	NA	NA	NA	NA	NA	NA	NA	3	2	1	NA	NA	NA	5	2	3
20	61201972	62432500	4	2	2	2	d	5	1.66	1.66	0.0364587020009	0.116054637265	4	2	2	2	2	1	NA	NA	NA	NA	NA	NA	NA	4	2	2	2	2	1	NA	NA	NA	4	2	2
21	1	9417499	NA	NA	NA	NA	NA	NA	NA	NA	NA	NA	NA	NA	NA	NA	NA	NA	NA	NA	NA	NA	NA	NA	NA	NA	NA	NA	3	0	0.591162	3	1	0.408838	NA	NA	NA
21	9417500	10152499	NA	NA	NA	NA	NA	NA	NA	NA	NA	NA	NA	NA	NA	NA	NA	NA	NA	NA	NA	NA	NA	NA	NA	NA	NA	NA	3	0	0.591162	3	1	0.408838	NA	NA	NA
21	10152500	10758278	NA	NA	NA	NA	NA	NA	NA	NA	NA	NA	NA	NA	NA	NA	NA	NA	NA	NA	NA	NA	NA	NA	NA	NA	NA	NA	4	1	1	NA	NA	NA	NA	NA	NA
21	10758279	10759903	NA	NA	NA	NA	NA	NA	NA	NA	NA	NA	NA	NA	NA	NA	NA	NA	NA	NA	NA	NA	NA	NA	NA	NA	NA	NA	4	1	1	NA	NA	NA	NA	NA	NA
21	10759904	10899999	5	3	2	1	g	NA	NA	NA	NA	NA	NA	NA	NA	NA	NA	NA	NA	NA	NA	NA	NA	NA	NA	NA	NA	NA	4	1	1	NA	NA	NA	5	2	3
21	10900000	14299999	5	3	2	1	g	NA	NA	NA	NA	NA	NA	NA	NA	NA	NA	NA	NA	NA	NA	NA	NA	NA	NA	NA	NA	NA	4	1	1	NA	NA	NA	5	2	3
21	14300000	20869535	5	3	2	2	d	4	3	2	0.0535670345873	0.174469710783	4.899324	2.04493329809	2.85439063	2	2	0.233412450102488	3	2	0.766587549897512	0.0249587461953092	0.0240039930862152	0.192150160201729	0.285924012306228	5	2	3	3	2	1	NA	NA	NA	5	2	3
21	20869536	20869921	4	3	1	1	g	NA	NA	NA	NA	NA	4.899324	2.04493329809	2.85439063	NA	NA	NA	NA	NA	NA	NA	NA	NA	NA	1	0	1	3	2	1	NA	NA	NA	4	1	3
21	20869922	20870033	4	3	1	1	g	NA	NA	NA	NA	NA	NA	NA	NA	NA	NA	NA	NA	NA	NA	NA	NA	NA	NA	NA	NA	NA	3	2	1	NA	NA	NA	4	1	3
21	20870034	22061417	4	3	1	2	d	2	3	1.2	0.0754648417325	0.148746137677	4.033154	1.32034302207	2.71281057	3	1	0.62177054444607	3	2	0.37822945555393	0.0365059524597389	0.036616202050072	0.538034103262919	0.682599269797557	4	1	3	3	2	0.407763	3	1	0.592237	4	1	3
21	22061418	22064101	5	3	2	2	d	2	2.66	2.66	0.05	0.1	4.033154	1.32034302207	2.71281057	NA	NA	NA	NA	NA	NA	NA	NA	NA	NA	5	2	3	3	2	0.407763	3	1	0.592237	5	2	3
21	22064102	22869023	6	3	3	2	e	3	2.66	2.66	0.0747146900204	0.15459320876	5.386755	2.69337770062	2.6933777	3	3	1	NA	NA	NA	NA	NA	NA	NA	5	2	3	3	3	1	NA	NA	NA	5	2	3
21	22869024	22869676	6	3	3	2	f	2	6	3	0.05	0.1	5.386755	2.69337770062	2.6933777	NA	NA	NA	NA	NA	NA	NA	NA	NA	NA	NA	NA	NA	3	3	1	NA	NA	NA	5	2	3
21	22869677	23151256	9	6	3	2	e	4	6	3	0.070965581114	0.22189820727	8.567781	2.67111310999	5.89666827	6	2	0.279365530968528	6	3	0.720634469031472	0.0724429845285283	0.0721957290074088	0.10205293784045	0.391731897711225	8	3	5	6	3	1	NA	NA	NA	9	2	7
21	23151257	23152375	9	6	3	2	f	2	NA	NA	NA	NA	8.567781	2.67111310999	5.89666827	NA	NA	NA	NA	NA	NA	NA	NA	NA	NA	NA	NA	NA	6	3	1	NA	NA	NA	9	2	7
21	23152376	23381742	7	5	2	2	d	2	5	3	0.0557109919816	0.176801808856	7.496593	2.42185696727	5.07473557	5	2	0.576216752232705	5	3	0.423783247767295	0.0883235409196126	0.0868196368642682	0.404904765987372	0.740330917429347	7	2	5	6	3	0.816563	5	3	0.183437	7	2	5
21	23381743	23383427	7	5	2	1	g	NA	2.34	2.34	0.05	0.1	7.496593	2.42185696727	5.07473557	NA	NA	NA	NA	NA	NA	NA	NA	NA	NA	NA	NA	NA	6	3	0.816563	5	3	0.183437	7	2	5
21	23383428	23739916	5	3	2	2	d	3	2.34	2.34	0.0467109077859	0.160686651514	4.63124	1.95576501415	2.6754755	3	2	1	NA	NA	NA	NA	NA	NA	NA	4	2	2	3	2	1	NA	NA	NA	5	2	3
21	23739917	26422674	4	3	1	2	d	2	2.66	1	0.0780449981444	0.130328191252	3.743983	1.11947314406	2.62451004	2	1	0.492211193824097	3	1	0.507788806175903	0.0341052891978314	0.0334782707738947	0.466274921181674	0.596831599227666	4	1	3	3	1	0.466872	2	1	0.533128	4	1	3
21	26422675	26423353	4	3	1	2	e	3	3.34	1	0.05	0.1	3.743983	1.11947314406	2.62451004	NA	NA	NA	NA	NA	NA	NA	NA	NA	NA	NA	NA	NA	4	1	0.237807	3	1	0.762193	4	1	3
21	26423354	26424113	4	3	1	2	e	3	3.34	1	0.05	0.1	NA	NA	NA	NA	NA	NA	NA	NA	NA	NA	NA	NA	NA	NA	NA	NA	4	1	0.237807	3	1	0.762193	4	1	3
21	26424114	28804598	4	3	1	2	d	2	3.34	1	0.0625076529989	0.14949387907	4.449493	1.10052382358	3.3489691	3	1	0.697929590570712	4	1	0.302070409429288	0.0393207267383357	0.0389004444119251	0.659483302314317	0.818369778655654	4	1	3	4	1	0.237807	3	1	0.762193	4	1	3
21	28804599	29315467	3	2	1	2	d	5	2	1	0.0647665663727	0.131101048701	3	1	2	2	1	0.90808057217925	2	2	0.0919194278207497	0.0445054235163226	0.0451685938426702	0.758436328930633	0.932710318469628	3	1	2	2	1	1	NA	NA	NA	3	1	2
21	29315468	46944200	4	3	1	2	d	2	2.66	1	0.0652681189479	0.137660183557	3.852775	1.13227456438	2.72050071	2	1	0.482715136936491	3	1	0.517284863063509	0.0113054935892709	0.0114746498185084	0.459709745371794	0.505794200573019	4	1	3	3	1	0.519192	2	1	0.480808	4	1	3
21	46944201	48129894	3	2	1	2	e	4	NA	NA	NA	NA	3.722612	1.12115345091	2.6014582	2	1	0.482715136936491	3	1	0.517284863063509	0.0113054935892709	0.0114746498185084	0.459709745371794	0.505794200573019	3	1	2	3	1	0.451316	2	1	0.548684	4	1	3
22	1	12199999	3	2	1	1	g	NA	NA	NA	NA	NA	NA	NA	NA	NA	NA	NA	NA	NA	NA	NA	NA	NA	NA	NA	NA	NA	NA	NA	NA	NA	NA	NA	3	1	2
22	12200000	17899999	3	2	1	3	a	6	2	1	0.0819054195546	0.278786019355	3	1	2	2	1	1	NA	NA	NA	NA	NA	NA	NA	3	1	2	2	1	1	NA	NA	NA	3	1	2
22	17900000	30974791	3	2	1	2	d	5	1.75	1	0.064303619075	0.114509980876	3	1	2	2	1	1	NA	NA	NA	NA	NA	NA	NA	3	1	2	2	1	1	NA	NA	NA	3	1	2
22	30974792	36569819	4	3	1	2	d	5	2.75	0.91	0.069531516092	0.12291133602	4	1	3	3	1	1	NA	NA	NA	NA	NA	NA	NA	4	1	3	3	1	1	NA	NA	NA	4	1	3
22	36569820	36740935	7	6	1	2	d	4	6	1	0.05	0.131124154714	7.065437	0.91067315905	6.15476364	6	1	1	NA	NA	NA	NA	NA	NA	NA	7	1	6	3	1	1	NA	NA	NA	7	1	6
22	36740936	36741201	7	6	1	1	g	NA	NA	NA	NA	NA	7.065437	0.91067315905	6.15476364	NA	NA	NA	NA	NA	NA	NA	NA	NA	NA	NA	NA	NA	NA	NA	NA	NA	NA	NA	7	1	6
22	36741202	37907944	10	9	1	1	g	1	18	1	0.0340522483456	0.261247215696	9.814823	1.02041930841	8.79440423	9	1	1	NA	NA	NA	NA	NA	NA	NA	8	1	7	10	1	1	NA	NA	NA	10	0	10
22	37907945	37923312	14	14	0	1	g	NA	18	1	0.05	0.1	9.814823	1.02041930841	8.79440423	13	1	1	NA	NA	NA	NA	NA	NA	NA	NA	NA	NA	25	1	1	NA	NA	NA	14	0	14
22	37923313	37923815	14	14	0	1	g	NA	NA	NA	NA	NA	NA	NA	NA	NA	NA	NA	NA	NA	NA	NA	NA	NA	NA	NA	NA	NA	25	1	1	NA	NA	NA	14	0	14
22	37923816	38030445	24	24	0	1	g	NA	43	1	0.05	0.1	22.223215	1.01936333486	21.20385123	20	1	1	NA	NA	NA	NA	NA	NA	NA	8	0	8	25	1	1	NA	NA	NA	24	0	24
22	38030446	38101825	24	24	0	1	g	NA	43	1	0.05	0.1	23.708159	1.1385120382	22.56964739	21	1	1	NA	NA	NA	NA	NA	NA	NA	8	0	8	26	1	1	NA	NA	NA	24	0	24
22	38101826	38105598	23	23	0	1	g	NA	43	1	0.05	0.1	23.708159	1.1385120382	22.56964739	20	1	1	NA	NA	NA	NA	NA	NA	NA	8	0	8	23	1	1	NA	NA	NA	23	0	23
22	38105599	38130159	22	22	0	1	g	NA	43	1	0.05	0.1	NA	NA	NA	20	1	1	NA	NA	NA	NA	NA	NA	NA	8	0	8	23	1	1	NA	NA	NA	22	0	22
22	38130160	38166239	21	21	0	1	g	NA	43	1	0.05	0.1	NA	NA	NA	19	1	1	NA	NA	NA	NA	NA	NA	NA	8	0	8	23	1	1	NA	NA	NA	21	0	21
22	38166240	38242291	14	13	1	2	f	2	28	1	0.05	0.1	14.715202	1.05776940375	13.65743215	13	1	1	NA	NA	NA	NA	NA	NA	NA	8	0	8	15	1	1	NA	NA	NA	15	0	15
22	38242292	38278880	16	16	0	1	g	NA	28	1	0.05	0.1	14.715202	1.05776940375	13.65743215	15	1	1	NA	NA	NA	NA	NA	NA	NA	NA	NA	NA	12	1	1	NA	NA	NA	16	0	16
22	38278881	38278970	16	16	0	1	g	NA	28	1	0.05	0.1	NA	NA	NA	NA	NA	NA	NA	NA	NA	NA	NA	NA	NA	NA	NA	NA	12	1	1	NA	NA	NA	16	0	16
22	38278971	38421784	16	16	0	1	g	NA	28	1	0.05	0.1	NA	NA	NA	13	0	1	NA	NA	NA	NA	NA	NA	NA	8	1	7	12	1	1	NA	NA	NA	16	0	16
22	38421785	38424358	16	16	0	1	g	NA	NA	NA	NA	NA	NA	NA	NA	NA	NA	NA	NA	NA	NA	NA	NA	NA	NA	NA	NA	NA	12	1	1	NA	NA	NA	16	0	16
22	38424359	38668262	12	11	1	2	f	2	22	1	0.0328758998248	0.289907639338	11.876592	0.98368816764	10.89290376	11	1	1	NA	NA	NA	NA	NA	NA	NA	8	0	8	12	1	1	NA	NA	NA	12	0	12
22	38668263	38670198	7	6	1	1	g	NA	NA	NA	NA	NA	11.876592	0.98368816764	10.89290376	6	2	1	NA	NA	NA	NA	NA	NA	NA	3	1	2	1	1	1	NA	NA	NA	7	1	6
22	38670199	49691400	2	1	1	2	d	5	0.88	0.88	0.0490248564748	0.0906085096979	2	1	1	1	1	1	NA	NA	NA	NA	NA	NA	NA	2	1	1	1	1	1	NA	NA	NA	2	1	1
22	49691401	51304565	2	1	1	3	b	5	NA	NA	NA	NA	2	1	1	1	1	1	NA	NA	NA	NA	NA	NA	NA	2	1	1	1	1	1	NA	NA	NA	2	1	1
X	1	2579332	1	1	0	2	d	3	1	0.08	0.09436988244	0.147075529299	NA	NA	NA	1	0	1	NA	NA	NA	NA	NA	NA	NA	1	0	1	NA	NA	NA	NA	NA	NA	1	0	1
X	2579333	3871241	3	3	0	2	d	2	2.82	0.09	0.0629972884261	0.185117840382	3.136917	0.16019933177	2.97671759	2	0	0.340674110835404	3	0	0.659325889164596	0.065789323203517	0.0629521618416299	0.306769698517274	0.557247239501718	3	0	3	NA	NA	NA	NA	NA	NA	3	0	3
X	3871242	4086211	1	1	0	2	d	2	2.8	0.4	0.05	0.1	1.254612	0.16219104058	1.09242072	1	0	0.646195202646816	1	1	0.353804797353184	0.139737028881692	0.155980744550906	0.110548742164067	0.693696848900191	1	0	1	NA	NA	NA	NA	NA	NA	1	0	1
X	4086212	4432670	3	3	0	2	d	2	2.8	0.4	0.0694790248956	0.1	3.192207	0.24954156476	2.94266536	2	0	0.771703232947147	3	0	0.228296767052853	0.10315826001153	0.107992935751701	0.467878583808348	0.888590238342398	3	0	3	NA	NA	NA	NA	NA	NA	3	0	3
X	4432671	10892656	1	1	0	2	d	2	1	0.1	0.0852905560735	0.143450757009	1.220516	0.192075904	1.02844052	1	0	0.872363523573203	1	1	0.127636476426797	0.0107295946930305	0.0103979737052689	0.836281330892991	0.87726315559643	1	0	1	NA	NA	NA	NA	NA	NA	1	0	1
X	10892657	10948749	1	1	0	1	g	NA	1	0.1	0.05	0.1	2.259795	0	2.259795	NA	NA	NA	NA	NA	NA	NA	NA	NA	NA	NA	NA	NA	NA	NA	NA	NA	NA	NA	1	0	1
X	10948750	15502771	1	1	0	2	d	2	1	0.1	0.0824239489748	0.102639278369	1.204401	0.16640691978	1.03799399	1	0	0.892479992232391	1	1	0.107520007767609	0.0128093778364652	0.0130883192536048	0.867437965919745	0.91745932840385	1	0	1	NA	NA	NA	NA	NA	NA	1	0	1
X	15502772	17212813	1	1	0	2	d	2	1	0.1	0.091883966444	0.0929329561546	1.175232	0.16630066125	1.0089317	1	0	0.892479992232391	1	1	0.107520007767609	0.0128093778364652	0.0130883192536048	0.867437965919745	0.91745932840385	1	0	1	NA	NA	NA	NA	NA	NA	1	0	1
X	17212814	17221968	1	1	0	1	g	NA	1	0.1	0.05	0.1	1.812386	0	1.812386	1	0	0.892479992232391	1	1	0.107520007767609	0.0128093778364652	0.0130883192536048	0.867437965919745	0.91745932840385	NA	NA	NA	NA	NA	NA	NA	NA	NA	1	0	1
X	17221969	18397274	1	1	0	2	d	2	1	0.1	0.0513557579896	0.104639404962	1.208675	0.18776993969	1.02090509	1	0	0.892479992232391	1	1	0.107520007767609	0.0128093778364652	0.0130883192536048	0.867437965919745	0.91745932840385	1	0	1	NA	NA	NA	NA	NA	NA	1	0	1
X	18397275	58099999	2	2	0	2	d	2	1.92	1	0.0787571464148	0.14819603485	2.199745	0.16954148167	2.0302038	2	0	0.895861682542224	2	1	0.104138317457776	0.00541179443496237	0.00554964892052289	0.858242687171962	0.880185890013686	2	0	2	NA	NA	NA	NA	NA	NA	2	0	2
X	58100000	62999999	2	2	0	2	d	2	1.92	1	0.05	0.183983681295	2.288169	0.17940927097	2.10876011	NA	NA	NA	NA	NA	NA	NA	NA	NA	NA	2	0	2	NA	NA	NA	NA	NA	NA	2	0	2
X	63000000	88990016	2	2	0	2	d	2	1.92	1	0.0843324355568	0.143508205011	2.157961	0.18917708444	1.9687835	2	0	0.835768389475187	2	1	0.164231610524813	0.00764767408084632	0.00769027574322476	0.820363949584242	0.850393958938055	2	0	2	NA	NA	NA	NA	NA	NA	2	0	2
X	88990017	147713563	2	2	0	3	a	5	2	0	0.079472212423	0.140341634391	2	0	2	2	0	1	NA	NA	NA	NA	NA	NA	NA	2	0	2	NA	NA	NA	NA	NA	NA	2	0	2
X	147713564	147715185	2	2	0	2	e	2	1	1	0.05	0.1	3.4976	0	3.4976	NA	NA	NA	NA	NA	NA	NA	NA	NA	NA	NA	NA	NA	NA	NA	NA	NA	NA	NA	2	0	2
X	147715186	147715200	3	3	0	1	h	1	1	1	0.05	0.1	3.4976	0	3.4976	NA	NA	NA	NA	NA	NA	NA	NA	NA	NA	1	0	1	NA	NA	NA	NA	NA	NA	NA	NA	NA
X	147715201	147716790	3	3	0	1	h	1	1	1	0.05	0.1	3.4976	0	3.4976	NA	NA	NA	NA	NA	NA	NA	NA	NA	NA	1	0	1	NA	NA	NA	NA	NA	NA	NA	NA	NA
X	147716791	147716823	3	3	0	1	h	1	1	1	0.05	0.1	3.4976	0	3.4976	NA	NA	NA	NA	NA	NA	NA	NA	NA	NA	1	0	1	NA	NA	NA	NA	NA	NA	NA	NA	NA
X	147716824	147719513	3	3	0	1	h	1	1	1	0.05	0.1	3.4976	0	3.4976	NA	NA	NA	NA	NA	NA	NA	NA	NA	NA	1	0	1	NA	NA	NA	NA	NA	NA	NA	NA	NA
X	147719514	147720134	4	4	0	1	g	NA	1	1	0.05	0.1	2.297118	0	2.297118	6	0	1	NA	NA	NA	NA	NA	NA	NA	1	0	1	NA	NA	NA	NA	NA	NA	4	0	4
X	147720135	147848914	0	0	0	1	g	NA	1	1	0.05	0.1	0.192495	0	0.192495	0	0	0.582850840915356	1	0	0.417149159084644	0.176838637781571	0.168517910194159	0.137653295231612	0.833140336366144	1	0	1	NA	NA	NA	NA	NA	NA	0	0	0
X	147848915	147849012	0	0	0	1	g	NA	NA	NA	NA	NA	2.156802	0	2.156802	NA	NA	NA	NA	NA	NA	NA	NA	NA	NA	1	0	1	NA	NA	NA	NA	NA	NA	0	0	0
X	147849013	147849222	0	0	0	1	g	NA	NA	NA	NA	NA	2.156802	0	2.156802	NA	NA	NA	NA	NA	NA	NA	NA	NA	NA	1	0	1	NA	NA	NA	NA	NA	NA	0	0	0
X	147849223	147849266	2	2	0	1	h	1	NA	NA	NA	NA	2.156802	0	2.156802	NA	NA	NA	NA	NA	NA	NA	NA	NA	NA	1	0	1	NA	NA	NA	NA	NA	NA	NA	NA	NA
X	147849267	147851247	8	8	0	1	h	1	NA	NA	NA	NA	7.60621	0	7.60621	NA	NA	NA	NA	NA	NA	NA	NA	NA	NA	NA	NA	NA	NA	NA	NA	NA	NA	NA	NA	NA	NA
X	147851248	148119982	10	10	0	2	d	3	10	0	0.0201021718448	0.353993185825	10	0	10	11	0	1	NA	NA	NA	NA	NA	NA	NA	8	0	8	NA	NA	NA	NA	NA	NA	10	0	10
X	148119983	148216024	10	10	0	2	e	2	1	1	0.05	0.1	6.255509	0	6.255509	NA	NA	NA	NA	NA	NA	NA	NA	NA	NA	NA	NA	NA	NA	NA	NA	NA	NA	NA	10	0	10
X	148216025	148216736	8	8	0	1	h	1	1	1	0.05	0.1	8	0	8	NA	NA	NA	NA	NA	NA	NA	NA	NA	NA	NA	NA	NA	NA	NA	NA	NA	NA	NA	NA	NA	NA
X	148216737	148222376	11	11	0	1	g	NA	1	1	0.05	0.1	10.651652	0	10.651652	10	0	0.766594292803971	10	1	0.233405707196029	NA	0	0.766594292803971	0.766594292803971	NA	NA	NA	NA	NA	NA	NA	NA	NA	11	0	11
X	148222377	148222529	11	11	0	1	g	NA	1	1	0.05	0.1	14.41582	0	14.41582	NA	NA	NA	NA	NA	NA	NA	NA	NA	NA	NA	NA	NA	NA	NA	NA	NA	NA	NA	11	0	11
X	148222530	148254521	16	16	0	1	h	1	1	1	0.05	0.1	15.605354	0	15.605354	NA	NA	NA	NA	NA	NA	NA	NA	NA	NA	NA	NA	NA	NA	NA	NA	NA	NA	NA	NA	NA	NA
X	148254522	148255685	10	10	0	1	g	NA	NA	NA	NA	NA	16	0	16	NA	NA	NA	NA	NA	NA	NA	NA	NA	NA	NA	NA	NA	NA	NA	NA	NA	NA	NA	10	0	10
X	148255686	148300719	10	10	0	1	g	NA	NA	NA	NA	NA	15	0	15	16	0	1	NA	NA	NA	NA	NA	NA	NA	8	0	8	NA	NA	NA	NA	NA	NA	10	0	10
X	148300720	149467049	4	4	0	2	d	3	1	1	0.0401759543534	0.189220186336	4.110212	0.06965073508	4.04056137	4	0	1	NA	NA	NA	NA	NA	NA	NA	4	0	4	NA	NA	NA	NA	NA	NA	4	0	4
X	149467050	149669667	0	0	0	2	e	3	1	1	0.0598683074309	0.1	0.100957	0.05047826646	0.05047827	0	0	1	NA	NA	NA	NA	NA	NA	NA	1	0	1	NA	NA	NA	NA	NA	NA	0	0	0
X	149669668	149675446	4	4	0	1	g	NA	NA	NA	NA	NA	2	0	2	8	0	1	NA	NA	NA	NA	NA	NA	NA	1	0	1	NA	NA	NA	NA	NA	NA	4	0	4
X	149675447	149697427	0	0	0	2	d	2	NA	NA	NA	NA	0.640906	0	0.640906	0	0	1	NA	NA	NA	NA	NA	NA	NA	NA	NA	NA	NA	NA	NA	NA	NA	NA	0	0	0
X	149697428	154745601	4	4	0	2	d	4	4	0	0.0513490064294	0.177323700604	4.142595	0.07504788564	4.06754712	4	0	1	NA	NA	NA	NA	NA	NA	NA	4	0	4	NA	NA	NA	NA	NA	NA	4	0	4
X	154745602	154769161	11	11	0	1	h	1	1	1	0.05	0.1	11.38487	0	11.38487	NA	NA	NA	NA	NA	NA	NA	NA	NA	NA	7	3	4	NA	NA	NA	NA	NA	NA	NA	NA	NA
X	154769162	154903336	6	6	0	1	g	NA	1	1	0.05	0.50982853991	8	0	8	10	0	1	NA	NA	NA	NA	NA	NA	NA	NA	NA	NA	NA	NA	NA	NA	NA	NA	6	0	6
