chromosome	start	end	total_cn	major_cn	minor_cn	star	level	methods_agree	absolute_broad_major_cn	absolute_broad_minor_cn	absolute_broad_het_error	absolute_broad_cov_error	aceseq_copy_number	aceseq_minor_cn	aceseq_major_cn	battenberg_nMaj1_A	battenberg_nMin1_A	battenberg_frac1_A	battenberg_nMaj2_A	battenberg_nMin2_A	battenberg_frac2_A	battenberg_SDfrac_A	battenberg_SDfrac_A_BS	battenberg_frac1_A_0.025	battenberg_frac1_A_0.975	clonehd_copy_number	clonehd_minor_cn	clonehd_major_cn	sclust_nMaj1_A	sclust_nMin1_A	sclust_frac1_A	sclust_nMaj2_A	sclust_nMin2_A	sclust_frac2_A	jabba_copy_number	jabba_minor_cn	jabba_major_cn
1	1	49910022	2	1	1	3	a	6	1	1	0.0391765272057	0.107833705782	2	1	1	1	1	1	NA	NA	NA	NA	NA	NA	NA	2	1	1	1	1	1	NA	NA	NA	2	1	1
1	49910023	49983801	2	1	1	2	e	4	1	1	0.05	0.213352533089	1.113508	0.556753973	0.55675397	0	0	1	NA	NA	NA	NA	NA	NA	NA	1	0	1	1	0	0.154753	1	1	0.845247	2	1	1
1	49983802	69879601	2	1	1	3	a	6	1	1	0.0410872852068	0.0959451950905	2	1	1	1	1	1	NA	NA	NA	NA	NA	NA	NA	2	1	1	1	1	1	NA	NA	NA	2	1	1
1	69879602	69914802	0	0	0	2	d	3	1	1	0.05	0.1	0.249726	0.124862782	0.12486278	0	0	1	NA	NA	NA	NA	NA	NA	NA	0	0	0	0	0	1	NA	NA	NA	2	1	1
1	69914803	71929603	2	1	1	3	a	6	1	1	0.0411751376177	0.108149750131	2	1	1	1	1	1	NA	NA	NA	NA	NA	NA	NA	2	1	1	1	1	1	NA	NA	NA	2	1	1
1	71929604	79653201	2	1	1	2	d	5	1	1	0.0414019487354	0.115437220332	1.830416	0.915207783	0.91520778	1	1	1	NA	NA	NA	NA	NA	NA	NA	2	1	1	1	1	1	NA	NA	NA	2	1	1
1	79653202	83188179	2	1	1	2	d	5	1	1	0.0401249425352	0.116984860595	1.89402	0.947010186	0.94701019	1	1	1	NA	NA	NA	NA	NA	NA	NA	2	1	1	1	1	1	NA	NA	NA	2	1	1
1	83188180	83263001	2	1	1	2	d	3	1	1	0.0559428192089	0.172821700287	1.302229	0.651114725	0.65111472	1	1	1	NA	NA	NA	NA	NA	NA	NA	1	0	1	1	0	0.191365	1	1	0.808635	2	1	1
1	83263002	90614948	2	1	1	3	a	6	1	1	0.0433411710822	0.103533575968	2	1	1	1	1	1	NA	NA	NA	NA	NA	NA	NA	2	1	1	1	1	1	NA	NA	NA	2	1	1
1	90614949	90654090	2	1	1	2	d	5	1	1	0.0396150659388	0.1	1.461241	0.730620731	0.73062073	1	1	1	NA	NA	NA	NA	NA	NA	NA	2	1	1	1	1	1	NA	NA	NA	2	1	1
1	90654091	97793402	2	1	1	3	a	6	1	1	0.0429254420726	0.099526671623	2	1	1	1	1	1	NA	NA	NA	NA	NA	NA	NA	2	1	1	1	1	1	NA	NA	NA	2	1	1
1	97793403	98582801	2	1	1	2	d	5	1	1	0.0485833770915	0.143411506375	1.852192	0.926096037	0.92609604	1	1	1	NA	NA	NA	NA	NA	NA	NA	2	1	1	1	1	1	NA	NA	NA	2	1	1
1	98582802	98678602	4	3	1	2	e	0	1	1	0.0263929517871	0.397301311865	0.668103	0.334051363	0.33405136	0	0	1	NA	NA	NA	NA	NA	NA	NA	1	0	1	1	0	0.0884998	0	0	0.9115	2	1	1
1	98678603	102230602	2	1	1	3	a	6	1	1	0.0409814612733	0.105277181857	2	1	1	1	1	1	NA	NA	NA	NA	NA	NA	NA	2	1	1	1	1	1	NA	NA	NA	2	1	1
1	102230603	103726781	2	1	1	2	d	5	1	1	0.0453124127779	0.116733342304	1.845817	0.922908585	0.92290858	1	1	1	NA	NA	NA	NA	NA	NA	NA	2	1	1	1	1	1	NA	NA	NA	2	1	1
1	103726782	107260600	2	1	1	3	a	6	1	1	0.0395779966623	0.139228969723	2	1	1	1	1	1	NA	NA	NA	NA	NA	NA	NA	2	1	1	1	1	1	NA	NA	NA	2	1	1
1	107260601	117117170	2	1	1	3	a	6	1	1	0.0385840341237	0.0939419629578	2	1	1	1	1	1	NA	NA	NA	NA	NA	NA	NA	2	1	1	1	1	1	NA	NA	NA	2	1	1
1	117117171	117144094	1	1	0	2	d	3	1	0	0.05	0.1	2	1	1	1	0	1	NA	NA	NA	NA	NA	NA	NA	1	0	1	1	0	0.892826	1	1	0.107174	2	1	1
1	117144095	117564149	1	1	0	2	d	5	1	0	0.0737285518484	0.0622962878754	1	0	1	1	0	1	NA	NA	NA	NA	NA	NA	NA	1	0	1	1	0	0.892826	1	1	0.107174	1	0	1
1	117564150	117778244	1	1	0	3	a	6	1	0	0.05	0.116770314407	1	0	1	1	0	1	NA	NA	NA	NA	NA	NA	NA	1	0	1	1	0	1	NA	NA	NA	1	0	1
1	117778245	117786888	2	1	1	2	d	4	1	0	0.05	0.1	NA	NA	NA	1	1	1	NA	NA	NA	NA	NA	NA	NA	2	1	1	1	1	1	NA	NA	NA	2	1	1
1	117786889	117787929	2	1	1	2	d	4	1	1	0.05	0.1	NA	NA	NA	1	1	1	NA	NA	NA	NA	NA	NA	NA	NA	NA	NA	1	1	1	NA	NA	NA	2	1	1
1	117787930	118009915	2	1	1	3	a	6	1	1	0.036537742648	0.0945021976643	2	1	1	1	1	1	NA	NA	NA	NA	NA	NA	NA	2	1	1	1	1	1	NA	NA	NA	2	1	1
1	118009916	118080000	2	1	1	2	d	3	1	1	0.05	0.105083425376	1.289792	0.644895923	0.64489592	1	1	1	NA	NA	NA	NA	NA	NA	NA	1	0	1	1	0	0.267728	1	1	0.732272	2	1	1
1	118080001	121350494	2	1	1	3	a	6	1	1	0.0372406260087	0.100204641068	2	1	1	1	1	1	NA	NA	NA	NA	NA	NA	NA	2	1	1	1	1	1	NA	NA	NA	2	1	1
1	121350495	128899999	2	1	1	2	d	3	NA	NA	NA	NA	2	1	1	1	0	0.603689751762774	1	1	0.396310248237226	NA	0	0.603689751762774	0.603689751762774	NA	NA	NA	1	1	1	NA	NA	NA	2	1	1
1	128900000	152339997	2	1	1	3	a	6	1	1	0.0387165773923	0.153009886345	2	1	1	1	1	1	NA	NA	NA	NA	NA	NA	NA	2	1	1	1	1	1	NA	NA	NA	2	1	1
1	152339998	161268939	2	1	1	3	a	6	1	1	0.0437048952131	0.0911886323818	2	1	1	1	1	1	NA	NA	NA	NA	NA	NA	NA	2	1	1	1	1	1	NA	NA	NA	2	1	1
1	161268940	163743802	2	1	1	3	a	6	1	1	0.0415042613319	0.137060510998	2	1	1	1	1	1	NA	NA	NA	NA	NA	NA	NA	2	1	1	1	1	1	NA	NA	NA	2	1	1
1	163743803	163799965	4	3	1	2	e	0	1	1	0.05	0.272679816898	0.818311	0.409155665	0.40915567	0	0	1	NA	NA	NA	NA	NA	NA	NA	1	0	1	1	0	0.0595283	0	0	0.940472	2	1	1
1	163799966	173229911	2	1	1	3	a	6	1	1	0.0396366710667	0.100864360183	2	1	1	1	1	1	NA	NA	NA	NA	NA	NA	NA	2	1	1	1	1	1	NA	NA	NA	2	1	1
1	173229912	173320020	2	1	1	2	d	3	1	1	0.05	0.11562120209	1.302484	0.651241847	0.65124185	1	1	1	NA	NA	NA	NA	NA	NA	NA	1	0	1	1	0	0.101765	1	1	0.898235	2	1	1
1	173320021	177469785	2	1	1	3	a	6	1	1	0.040524996095	0.0937129013383	2	1	1	1	1	1	NA	NA	NA	NA	NA	NA	NA	2	1	1	1	1	1	NA	NA	NA	2	1	1
1	177469786	190959887	2	1	1	3	a	6	1	1	0.0417496065187	0.0991036240091	2	1	1	1	1	1	NA	NA	NA	NA	NA	NA	NA	2	1	1	1	1	1	NA	NA	NA	2	1	1
1	190959888	191061435	4	3	1	2	e	0	1	1	0.05	0.383386086425	0.945848	0.472924149	0.47292415	0	0	1	NA	NA	NA	NA	NA	NA	NA	1	0	1	1	0	0.0708203	0	0	0.92918	2	1	1
1	191061436	194409987	2	1	1	3	a	6	1	1	0.0409957565357	0.10418891097	2	1	1	1	1	1	NA	NA	NA	NA	NA	NA	NA	2	1	1	1	1	1	NA	NA	NA	2	1	1
1	194409988	194508115	2	1	1	2	d	4	1	1	0.05	0.105341821021	2	1	1	0	0	1	NA	NA	NA	NA	NA	NA	NA	1	0	1	1	1	1	NA	NA	NA	2	1	1
1	194508116	196228767	2	1	1	3	a	6	1	1	0.0371576254627	0.117081006639	2	1	1	1	1	1	NA	NA	NA	NA	NA	NA	NA	2	1	1	1	1	1	NA	NA	NA	2	1	1
1	196228768	197517936	2	1	1	2	d	5	1	1	0.0431607751414	0.153267956245	1.755384	0.877691941	0.87769194	1	1	1	NA	NA	NA	NA	NA	NA	NA	2	1	1	1	1	1	NA	NA	NA	2	1	1
1	197517937	198734002	2	1	1	2	d	5	1	1	0.0405859115051	0.128331387426	1.859801	0.929900496	0.9299005	1	1	1	NA	NA	NA	NA	NA	NA	NA	2	1	1	1	1	1	NA	NA	NA	2	1	1
1	198734003	199325286	2	1	1	2	d	5	1	1	0.05	0.109057506361	1.847288	0.923644151	0.92364415	1	1	1	NA	NA	NA	NA	NA	NA	NA	2	1	1	1	1	1	NA	NA	NA	2	1	1
1	199325287	244760970	2	1	1	3	a	6	1	1	0.0394869138687	0.0894400534086	2	1	1	1	1	1	NA	NA	NA	NA	NA	NA	NA	2	1	1	1	1	1	NA	NA	NA	2	1	1
1	244760971	244764757	2	1	1	3	b	5	1	1	0.05	0.1	2	1	1	1	1	1	NA	NA	NA	NA	NA	NA	NA	NA	NA	NA	1	1	1	NA	NA	NA	2	1	1
1	244764758	245003091	2	1	1	2	d	5	1	1	0.05	0.108196700563	2.137305	1.068652252	1.06865225	1	1	1	NA	NA	NA	NA	NA	NA	NA	2	1	1	1	1	1	NA	NA	NA	2	1	1
1	245003092	246173880	2	1	1	3	a	6	1	1	0.0419857846293	0.0878482397194	2	1	1	1	1	1	NA	NA	NA	NA	NA	NA	NA	2	1	1	1	1	1	NA	NA	NA	2	1	1
1	246173881	246174198	2	1	1	3	b	5	1	1	0.05	0.1	2	1	1	1	1	1	NA	NA	NA	NA	NA	NA	NA	NA	NA	NA	1	1	1	NA	NA	NA	2	1	1
1	246174199	246213076	2	1	1	2	d	4	1	1	0.05	0.1	NA	NA	NA	1	1	1	NA	NA	NA	NA	NA	NA	NA	3	1	2	1	1	1	NA	NA	NA	2	1	1
1	246213077	246218740	2	1	1	2	d	4	1	1	0.05	0.1	NA	NA	NA	1	1	1	NA	NA	NA	NA	NA	NA	NA	NA	NA	NA	1	1	1	NA	NA	NA	2	1	1
1	246218741	246218807	2	1	1	2	d	4	1	1	0.05	0.1	NA	NA	NA	1	1	1	NA	NA	NA	NA	NA	NA	NA	NA	NA	NA	1	1	1	NA	NA	NA	2	1	1
1	246218808	247249600	2	1	1	2	d	5	1	1	0.0381611876574	0.0802948987119	2.190814	1.095406798	1.0954068	1	1	1	NA	NA	NA	NA	NA	NA	NA	2	1	1	1	1	1	NA	NA	NA	2	1	1
1	247249601	249250620	2	1	1	3	b	5	NA	NA	NA	NA	2	1	1	1	1	1	NA	NA	NA	NA	NA	NA	NA	2	1	1	1	1	1	NA	NA	NA	2	1	1
2	20016	22459977	2	1	1	3	a	6	1	1	0.0402307185102	0.0982709938734	2	1	1	1	1	1	NA	NA	NA	NA	NA	NA	NA	2	1	1	1	1	1	NA	NA	NA	2	1	1
2	22459978	22493002	2	1	1	1	g	NA	1	1	0.05	0.1	2	1	1	0	0	1	NA	NA	NA	NA	NA	NA	NA	1	0	1	1	1	1	NA	NA	NA	1	0	1
2	22493003	35277939	2	1	1	3	a	6	1	1	0.0398645335738	0.105780803093	2	1	1	1	1	1	NA	NA	NA	NA	NA	NA	NA	2	1	1	1	1	1	NA	NA	NA	2	1	1
2	35277940	36286454	2	1	1	2	d	5	1	1	0.0442784303468	0.115100278328	1.844366	0.922183228	0.92218323	1	1	1	NA	NA	NA	NA	NA	NA	NA	2	1	1	1	1	1	NA	NA	NA	2	1	1
2	36286455	40749967	2	1	1	3	a	6	1	1	0.0376383927498	0.0970938804611	2	1	1	1	1	1	NA	NA	NA	NA	NA	NA	NA	2	1	1	1	1	1	NA	NA	NA	2	1	1
2	40749968	41016032	2	1	1	2	d	3	1	1	0.05	0.124609190146	1.447995	0.723997673	0.72399767	1	1	1	NA	NA	NA	NA	NA	NA	NA	1	0	1	1	0	0.362295	1	1	0.637705	2	1	1
2	41016033	50626817	2	1	1	3	a	6	1	1	0.0390905125408	0.113390237938	2	1	1	1	1	1	NA	NA	NA	NA	NA	NA	NA	2	1	1	1	1	1	NA	NA	NA	2	1	1
2	50626818	50707112	2	1	1	2	d	4	1	1	0.05	0.143942897982	1.514071	0.757035405	0.75703541	1	1	1	NA	NA	NA	NA	NA	NA	NA	1	0	1	1	1	1	NA	NA	NA	2	1	1
2	50707113	50921400	2	1	1	2	d	5	1	1	0.0411650090103	0.149482833781	1.86069	0.930345096	0.9303451	1	1	1	NA	NA	NA	NA	NA	NA	NA	2	1	1	1	1	1	NA	NA	NA	2	1	1
2	50921401	51119881	2	1	1	2	d	4	1	1	0.0536350804157	0.227569417999	1.503862	0.751930903	0.7519309	1	1	1	NA	NA	NA	NA	NA	NA	NA	1	0	1	1	1	1	NA	NA	NA	2	1	1
2	51119882	53134298	2	1	1	2	d	5	1	1	0.0439618586883	0.0982124481891	1.885712	0.94285614	0.94285614	1	1	1	NA	NA	NA	NA	NA	NA	NA	2	1	1	1	1	1	NA	NA	NA	2	1	1
2	53134299	53375867	2	1	1	2	d	5	1	1	0.0378916530594	0.120312630431	1.648731	0.8243653	0.8243653	1	1	1	NA	NA	NA	NA	NA	NA	NA	2	1	1	1	1	1	NA	NA	NA	2	1	1
2	53375868	53441538	2	1	1	2	d	3	1	1	0.05	0.116150641448	1.159147	0.57957348	0.57957348	1	1	1	NA	NA	NA	NA	NA	NA	NA	1	0	1	1	0	0.27298	1	1	0.72702	2	1	1
2	53441539	56650084	2	1	1	3	a	6	1	1	0.0346889132674	0.104151693688	2	1	1	1	1	1	NA	NA	NA	NA	NA	NA	NA	2	1	1	1	1	1	NA	NA	NA	2	1	1
2	56650085	57530041	2	1	1	2	d	5	1	1	0.0426322910407	0.126665629461	1.700928	0.850464143	0.85046414	1	1	1	NA	NA	NA	NA	NA	NA	NA	2	1	1	1	1	1	NA	NA	NA	2	1	1
2	57530042	57600001	2	1	1	2	d	3	1	1	0.05	0.191556774948	1.307295	0.653647627	0.65364763	1	1	1	NA	NA	NA	NA	NA	NA	NA	1	0	1	1	0	0.37319	1	1	0.62681	2	1	1
2	57600002	57764602	2	1	1	3	a	6	1	1	0.05	0.120044723083	2	1	1	1	1	1	NA	NA	NA	NA	NA	NA	NA	2	1	1	1	1	1	NA	NA	NA	2	1	1
2	57764603	57929995	2	1	1	2	d	3	1	1	0.0396513864878	0.134367545539	1.411465	0.705732517	0.70573252	1	1	1	NA	NA	NA	NA	NA	NA	NA	1	0	1	1	0	0.0931717	1	1	0.906828	2	1	1
2	57929996	60038721	2	1	1	2	d	5	1	1	0.0384089729593	0.113377494515	1.853627	0.926813325	0.92681333	1	1	1	NA	NA	NA	NA	NA	NA	NA	2	1	1	1	1	1	NA	NA	NA	2	1	1
2	60038722	60085409	2	1	1	2	e	4	1	1	0.038265378411	0.1	1.028611	0.514305377	0.51430538	0	0	1	NA	NA	NA	NA	NA	NA	NA	1	0	1	1	0	0.241732	1	1	0.758268	2	1	1
2	60085410	67284491	2	1	1	3	a	6	1	1	0.0388848316323	0.0918030191844	2	1	1	1	1	1	NA	NA	NA	NA	NA	NA	NA	2	1	1	1	1	1	NA	NA	NA	2	1	1
2	67284492	67419977	2	1	1	2	d	3	1	1	0.0545112476055	0.196851050968	1.257986	0.628992911	0.62899291	1	1	1	NA	NA	NA	NA	NA	NA	NA	1	0	1	1	0	0.212413	1	1	0.787587	2	1	1
2	67419978	77074739	2	1	1	3	a	6	1	1	0.04037637396	0.0939379682381	2	1	1	1	1	1	NA	NA	NA	NA	NA	NA	NA	2	1	1	1	1	1	NA	NA	NA	2	1	1
2	77074740	77279120	2	1	1	2	d	3	1	1	0.0419572902716	0.131725794402	1.608606	0.804302972	0.80430297	1	0	0.125209726291537	1	1	0.874790273708463	0.0271331335915072	0.0268332084525698	0.0367212266684583	0.144263466136045	1	0	1	1	1	1	NA	NA	NA	2	1	1
2	77279121	80832608	2	1	1	3	a	6	1	1	0.0406600184332	0.107498457129	2	1	1	1	1	1	NA	NA	NA	NA	NA	NA	NA	2	1	1	1	1	1	NA	NA	NA	2	1	1
2	80832609	81691000	2	1	1	2	d	5	1	1	0.04816625787	0.129598521246	1.734694	0.867346923	0.86734692	1	1	1	NA	NA	NA	NA	NA	NA	NA	2	1	1	1	1	1	NA	NA	NA	2	1	1
2	81691001	90499999	2	1	1	3	a	6	1	1	0.0440818140133	0.120199959743	2	1	1	1	1	1	NA	NA	NA	NA	NA	NA	NA	2	1	1	1	1	1	NA	NA	NA	2	1	1
2	90500000	96799999	2	1	1	2	d	5	1	1	0.0352139460638	0.137585231365	2.111607	1.055803641	1.05580364	1	1	1	NA	NA	NA	NA	NA	NA	NA	2	1	1	1	1	1	NA	NA	NA	2	1	1
2	96800000	97836345	2	1	1	3	a	6	1	1	0.05	0.094220326078	2	1	1	1	1	1	NA	NA	NA	NA	NA	NA	NA	2	1	1	1	1	1	NA	NA	NA	2	1	1
2	97836346	104122888	2	1	1	3	a	6	1	1	0.0376720353867	0.105365050901	2	1	1	1	1	1	NA	NA	NA	NA	NA	NA	NA	2	1	1	1	1	1	NA	NA	NA	2	1	1
2	104122889	104189736	2	1	1	2	d	5	1	1	0.05	0.109768792468	1.890379	0.945189631	0.94518963	1	1	1	NA	NA	NA	NA	NA	NA	NA	2	1	1	1	1	1	NA	NA	NA	2	1	1
2	104189737	117657589	2	1	1	3	a	6	1	1	0.0407256018832	0.096294648631	2	1	1	1	1	1	NA	NA	NA	NA	NA	NA	NA	2	1	1	1	1	1	NA	NA	NA	2	1	1
2	117657590	117789995	2	1	1	2	d	4	1	1	0.0380668719111	0.209258465933	1.284726	0.642363185	0.64236319	1	1	1	NA	NA	NA	NA	NA	NA	NA	1	0	1	1	1	1	NA	NA	NA	2	1	1
2	117789996	123897659	2	1	1	3	a	6	1	1	0.0435196732036	0.0959580179972	2	1	1	1	1	1	NA	NA	NA	NA	NA	NA	NA	2	1	1	1	1	1	NA	NA	NA	2	1	1
2	123897660	124289918	2	1	1	2	d	5	1	1	0.0404129084012	0.1392671025	1.697846	0.848923193	0.84892319	1	1	1	NA	NA	NA	NA	NA	NA	NA	2	1	1	1	1	1	NA	NA	NA	2	1	1
2	124289919	124339951	2	1	1	2	d	3	1	1	0.0534506912946	0.1	1.01863	0.509315153	0.50931515	1	1	1	NA	NA	NA	NA	NA	NA	NA	1	0	1	1	0	0.224602	1	1	0.775398	2	1	1
2	124339952	140978203	2	1	1	3	a	6	1	1	0.0393191805492	0.100303195468	2	1	1	1	1	1	NA	NA	NA	NA	NA	NA	NA	2	1	1	1	1	1	NA	NA	NA	2	1	1
2	140978204	142538401	2	1	1	3	a	6	1	1	0.0460659604184	0.127931393732	2	1	1	1	1	1	NA	NA	NA	NA	NA	NA	NA	2	1	1	1	1	1	NA	NA	NA	2	1	1
2	142538402	142838778	2	1	1	2	d	3	1	1	0.0452167781652	0.145618006929	1.500259	0.75012945	0.75012945	1	1	1	NA	NA	NA	NA	NA	NA	NA	1	0	1	1	0	0.174725	1	1	0.825275	2	1	1
2	142838779	145471852	2	1	1	2	d	5	1	1	0.0405658090562	0.112242415866	1.858693	0.929346557	0.92934656	1	1	1	NA	NA	NA	NA	NA	NA	NA	2	1	1	1	1	1	NA	NA	NA	2	1	1
2	145471853	156224002	2	1	1	3	a	6	1	1	0.0406345197404	0.111922335038	2	1	1	1	1	1	NA	NA	NA	NA	NA	NA	NA	2	1	1	1	1	1	NA	NA	NA	2	1	1
2	156224003	156402202	2	1	1	2	d	3	1	1	0.05	0.169137835872	1.058	0.52900023	0.52900023	1	1	1	NA	NA	NA	NA	NA	NA	NA	1	0	1	1	0	0.0815024	1	1	0.918498	2	1	1
2	156402203	157720002	2	1	1	2	d	5	1	1	0.0422010631136	0.106151626153	1.865837	0.932918342	0.93291834	1	1	1	NA	NA	NA	NA	NA	NA	NA	2	1	1	1	1	1	NA	NA	NA	2	1	1
2	157720003	157764700	2	1	1	2	d	2	1	1	0.05	0.1	0.73243	0.291538057	0.44089203	0	0	0.930802112631735	1	0	0.0691978873682649	0.040436935036537	0.0390585780841932	0.831778348316564	0.985578553031117	1	0	1	1	0	0.0884998	0	0	0.9115	2	1	1
2	157764701	162457833	2	1	1	3	a	6	1	1	0.0386597811262	0.0941810450048	2	1	1	1	1	1	NA	NA	NA	NA	NA	NA	NA	2	1	1	1	1	1	NA	NA	NA	2	1	1
2	162457834	163403002	2	1	1	2	d	4	1	1	0.0428028217806	0.115816893031	1.73534	0.867669834	0.86766983	1	0	0.0878246261656913	1	1	0.912175373834309	0.0284359014537453	0.0278731046110218	0.051909814038123	0.160716216379169	2	1	1	1	1	1	NA	NA	NA	2	1	1
2	163403003	163822114	2	1	1	2	d	5	1	1	0.05	0.119157579774	1.842334	0.921166905	0.92116691	1	1	1	NA	NA	NA	NA	NA	NA	NA	2	1	1	1	1	1	NA	NA	NA	2	1	1
2	163822115	184812457	2	1	1	3	a	6	1	1	0.0386795143583	0.110391507416	2	1	1	1	1	1	NA	NA	NA	NA	NA	NA	NA	2	1	1	1	1	1	NA	NA	NA	2	1	1
2	184812458	184837964	2	1	1	2	d	3	1	1	0.05	0.1	2	1	1	0	0	1	NA	NA	NA	NA	NA	NA	NA	0	0	0	1	0	0.118148	0	0	0.881852	2	1	1
2	184837965	185218339	2	1	1	2	d	4	1	1	0.05	0.1873728997	1.591164	0.795581896	0.7955819	1	1	1	NA	NA	NA	NA	NA	NA	NA	1	0	1	1	1	1	NA	NA	NA	2	1	1
2	185218340	186671998	2	1	1	2	d	5	1	1	0.046242968458	0.150237500421	1.866681	0.933340547	0.93334055	1	1	1	NA	NA	NA	NA	NA	NA	NA	2	1	1	1	1	1	NA	NA	NA	2	1	1
2	186671999	187062154	2	1	1	2	d	5	1	1	0.0445381200204	0.111283421152	1.738454	0.869226922	0.86922692	1	1	1	NA	NA	NA	NA	NA	NA	NA	2	1	1	1	1	1	NA	NA	NA	2	1	1
2	187062155	189501707	2	1	1	3	a	6	1	1	0.0351372170753	0.115706265659	2	1	1	1	1	1	NA	NA	NA	NA	NA	NA	NA	2	1	1	1	1	1	NA	NA	NA	2	1	1
2	189501708	195854055	2	1	1	3	a	6	1	1	0.0410354298373	0.115828698418	2	1	1	1	1	1	NA	NA	NA	NA	NA	NA	NA	2	1	1	1	1	1	NA	NA	NA	2	1	1
2	195854056	196044133	2	1	1	2	d	3	1	1	0.0598103850143	0.252232530987	1.027441	0.513720645	0.51372065	1	1	1	NA	NA	NA	NA	NA	NA	NA	1	0	1	1	0	0.130826	1	1	0.869174	2	1	1
2	196044134	198965494	2	1	1	3	a	6	1	1	0.0365577394896	0.0855514629483	2	1	1	1	1	1	NA	NA	NA	NA	NA	NA	NA	2	1	1	1	1	1	NA	NA	NA	2	1	1
2	198965495	198988802	2	1	1	2	d	4	1	1	0.05	0.1	2	1	1	0	0	1	NA	NA	NA	NA	NA	NA	NA	1	0	1	1	1	1	NA	NA	NA	2	1	1
2	198988803	211396877	2	1	1	3	a	6	1	1	0.0392865343577	0.0999815938964	2	1	1	1	1	1	NA	NA	NA	NA	NA	NA	NA	2	1	1	1	1	1	NA	NA	NA	2	1	1
2	211396878	211514997	2	1	1	2	d	3	1	1	0.05	0.266535310709	1.199621	0.599810519	0.59981052	1	1	1	NA	NA	NA	NA	NA	NA	NA	1	0	1	1	0	0.182598	1	1	0.817402	2	1	1
2	211514998	211806600	2	1	1	2	d	5	1	1	0.0345342857709	0.0868260291753	1.769495	0.884747743	0.88474774	1	1	1	NA	NA	NA	NA	NA	NA	NA	2	1	1	1	1	1	NA	NA	NA	2	1	1
2	211806601	212170597	2	1	1	2	d	5	1	1	0.0455709982971	0.209323432123	1.626293	0.813146725	0.81314672	1	1	1	NA	NA	NA	NA	NA	NA	NA	2	1	1	1	1	1	NA	NA	NA	2	1	1
2	212170598	212191725	2	1	1	2	d	5	1	1	0.05	0.1	1.626293	0.813146725	0.81314672	1	1	1	NA	NA	NA	NA	NA	NA	NA	2	1	1	1	1	1	NA	NA	NA	2	1	1
2	212191726	213250013	2	1	1	2	d	5	1	1	0.0448157726581	0.157739288035	1.815589	0.90779449	0.90779449	1	1	1	NA	NA	NA	NA	NA	NA	NA	2	1	1	1	1	1	NA	NA	NA	2	1	1
2	213250014	242989444	2	1	1	3	a	6	1	1	0.0408380244011	0.0957350399122	2	1	1	1	1	1	NA	NA	NA	NA	NA	NA	NA	2	1	1	1	1	1	NA	NA	NA	2	1	1
3	95536	1665002	2	1	1	2	d	5	1	1	0.0408904788289	0.131600461394	1.806111	0.903055383	0.90305538	1	1	1	NA	NA	NA	NA	NA	NA	NA	2	1	1	1	1	1	NA	NA	NA	2	1	1
3	1665003	3957229	2	1	1	3	a	6	1	1	0.039969873306	0.101416484249	2	1	1	1	1	1	NA	NA	NA	NA	NA	NA	NA	2	1	1	1	1	1	NA	NA	NA	2	1	1
3	3957230	3980124	0	0	0	2	e	4	0.87	0.87	0.0628040478415	0.1	0.251027	0.12551338	0.12551338	0	0	0.964708748750168	1	0	0.0352912512498323	0.024212033410599	0.0252720747082918	0.884896988222511	0.982449331624063	1	0	1	1	0	0.0884998	0	0	0.9115	2	1	1
3	3980125	6136401	2	1	1	3	a	6	1	1	0.0382956091024	0.100839307355	2	1	1	1	1	1	NA	NA	NA	NA	NA	NA	NA	2	1	1	1	1	1	NA	NA	NA	2	1	1
3	6136402	18780010	2	1	1	3	a	6	1	1	0.0390808560649	0.101226684922	2	1	1	1	1	1	NA	NA	NA	NA	NA	NA	NA	2	1	1	1	1	1	NA	NA	NA	2	1	1
3	18780011	18820001	4	3	1	2	e	0	1	1	0.05	0.1	0.629796	0.31489816	0.31489816	0	0	1	NA	NA	NA	NA	NA	NA	NA	1	0	1	1	0	0.0935641	0	0	0.906436	2	1	1
3	18820002	26489995	2	1	1	2	d	5	1	1	0.0436965917338	0.12048688622	1.867656	0.933827796	0.9338278	1	1	1	NA	NA	NA	NA	NA	NA	NA	2	1	1	1	1	1	NA	NA	NA	2	1	1
3	26489996	26880849	2	1	1	2	d	5	1	1	0.0379915522459	0.136977192136	1.721819	0.860909609	0.86090961	1	1	1	NA	NA	NA	NA	NA	NA	NA	2	1	1	1	1	1	NA	NA	NA	2	1	1
3	26880850	26959104	2	1	1	2	e	4	1	1	0.0343650927821	0.220938355481	1.058066	0.529032834	0.52903283	0	0	1	NA	NA	NA	NA	NA	NA	NA	1	0	1	1	0	0.130826	1	1	0.869174	2	1	1
3	26959105	29910003	2	1	1	3	a	6	1	1	0.0477496471188	0.105992402314	2	1	1	1	1	1	NA	NA	NA	NA	NA	NA	NA	2	1	1	1	1	1	NA	NA	NA	2	1	1
3	29910004	30000074	2	1	1	2	e	4	1	1	0.05	0.119838401207	1.078874	0.539437133	0.53943713	0	0	1	NA	NA	NA	NA	NA	NA	NA	1	0	1	1	0	0.321767	1	1	0.678233	2	1	1
3	30000075	30859957	2	1	1	2	d	5	1	1	0.0471627280054	0.134897732506	1.810897	0.905448484	0.90544848	1	1	1	NA	NA	NA	NA	NA	NA	NA	2	1	1	1	1	1	NA	NA	NA	2	1	1
3	30859958	30932665	2	1	1	2	e	4	1	1	0.0310023374738	0.150865383436	1.061683	0.530841697	0.5308417	0	0	1	NA	NA	NA	NA	NA	NA	NA	1	0	1	1	0	0.267728	1	1	0.732272	2	1	1
3	30932666	35366383	2	1	1	3	a	6	1	1	0.0403906346116	0.0956902685336	2	1	1	1	1	1	NA	NA	NA	NA	NA	NA	NA	2	1	1	1	1	1	NA	NA	NA	2	1	1
3	35366384	35400006	0	0	0	1	g	NA	1	1	0.05	0.1	2	1	1	0	0	1	NA	NA	NA	NA	NA	NA	NA	0	0	0	0	0	1	NA	NA	NA	2	1	1
3	35400007	35679957	2	1	1	3	a	6	1	1	0.0241719668166	0.107772829353	2	1	1	1	1	1	NA	NA	NA	NA	NA	NA	NA	2	1	1	1	1	1	NA	NA	NA	2	1	1
3	35679958	35794893	2	1	1	2	d	3	1	1	0.0354834935744	0.217858106823	1.343487	0.671743341	0.67174334	1	1	1	NA	NA	NA	NA	NA	NA	NA	1	0	1	1	0	0.175075	1	1	0.824925	2	1	1
3	35794894	35845401	2	1	1	2	d	5	1	1	0.05	0.0677636048759	1.343487	0.671743341	0.67174334	1	1	1	NA	NA	NA	NA	NA	NA	NA	2	1	1	1	1	1	NA	NA	NA	2	1	1
3	35845402	67733962	2	1	1	3	a	6	1	1	0.0401695621226	0.0954811616043	2	1	1	1	1	1	NA	NA	NA	NA	NA	NA	NA	2	1	1	1	1	1	NA	NA	NA	2	1	1
3	67733963	68278378	2	1	1	2	d	3	1	0.73	0.0514641800269	0.117673148834	1.518238	0.580895733	0.93734213	1	0	0.322472957375833	1	1	0.677527042624167	0.00641592446757705	0.00608394203297546	0.310175151176118	0.334311700781782	2	1	1	1	1	1	NA	NA	NA	2	1	1
3	68278379	74058251	2	1	1	2	d	3	1	0.73	0.0531695391855	0.0927906852989	1.647225	0.666741106	0.98048411	1	0	0.322472957375833	1	1	0.677527042624167	0.00641592446757705	0.00608394203297546	0.310175151176118	0.334311700781782	2	1	1	1	1	1	NA	NA	NA	2	1	1
3	74058252	75300787	2	1	1	2	d	3	0.87	0.87	0.0434350315509	0.107696621765	1.520986	0.595820944	0.92516554	1	0	0.322472957375833	1	1	0.677527042624167	0.00641592446757705	0.00608394203297546	0.310175151176118	0.334311700781782	2	1	1	1	1	1	NA	NA	NA	2	1	1
3	75300788	75301444	2	1	1	2	d	2	NA	NA	NA	NA	1.520986	0.595820944	0.92516554	NA	NA	NA	NA	NA	NA	NA	NA	NA	NA	1	0	1	1	1	1	NA	NA	NA	2	1	1
3	75301445	75307981	2	1	1	2	d	3	1	1	0.05	0.1	NA	NA	NA	NA	NA	NA	NA	NA	NA	NA	NA	NA	NA	NA	NA	NA	1	1	1	NA	NA	NA	2	1	1
3	75307982	76805356	2	1	1	2	d	5	1	1	0.0424745764678	0.119108464936	1.862619	0.931309549	0.93130955	1	1	1	NA	NA	NA	NA	NA	NA	NA	2	1	1	1	1	1	NA	NA	NA	2	1	1
3	76805357	77550066	2	1	1	3	a	6	1	1	0.0382001943547	0.15673938306	2	1	1	1	1	1	NA	NA	NA	NA	NA	NA	NA	2	1	1	1	1	1	NA	NA	NA	2	1	1
3	77550067	77628202	2	1	1	2	d	3	1	1	0.0562740223972	0.157197314643	1.120044	0.560021948	0.56002195	1	1	1	NA	NA	NA	NA	NA	NA	NA	1	0	1	1	0	0.174725	1	1	0.825275	2	1	1
3	77628203	79109089	2	1	1	2	d	5	1	1	0.0367162200454	0.106732000753	1.895187	0.947593435	0.94759344	1	1	1	NA	NA	NA	NA	NA	NA	NA	2	1	1	1	1	1	NA	NA	NA	2	1	1
3	79109090	82396985	2	1	1	3	a	6	1	1	0.0454931158372	0.119465408182	2	1	1	1	1	1	NA	NA	NA	NA	NA	NA	NA	2	1	1	1	1	1	NA	NA	NA	2	1	1
3	82396986	82984600	2	1	1	2	d	5	1	1	0.0375274485516	0.133558549734	1.879223	0.939611548	0.93961155	1	1	1	NA	NA	NA	NA	NA	NA	NA	2	1	1	1	1	1	NA	NA	NA	2	1	1
3	82984601	83111349	4	3	1	2	e	0	1	1	0.05	0.427852012965	0.931401	0.465700387	0.46570039	0	0	1	NA	NA	NA	NA	NA	NA	NA	1	0	1	1	0	0.0424412	0	0	0.957559	2	1	1
3	83111350	83237001	2	1	1	2	d	4	1	1	0.05	0.134585154026	1.637731	0.818865598	0.8188656	1	1	1	NA	NA	NA	NA	NA	NA	NA	1	0	1	1	1	1	NA	NA	NA	2	1	1
3	83237002	86722001	2	1	1	2	d	5	1	1	0.0417644688923	0.119154044858	1.898305	0.949152664	0.94915266	1	1	1	NA	NA	NA	NA	NA	NA	NA	2	1	1	1	1	1	NA	NA	NA	2	1	1
3	86722002	87899999	2	1	1	3	a	6	1	1	0.0369993523627	0.0899618237653	2	1	1	1	1	1	NA	NA	NA	NA	NA	NA	NA	2	1	1	1	1	1	NA	NA	NA	2	1	1
3	87900000	93899999	2	1	1	2	d	5	1	1	0.0444349574181	0.14380591773	1.696471	0.84823538	0.84823538	1	1	1	NA	NA	NA	NA	NA	NA	NA	2	1	1	1	1	1	NA	NA	NA	2	1	1
3	93900000	102139952	2	1	1	3	a	6	1	1	0.0473924072722	0.114325564713	2	1	1	1	1	1	NA	NA	NA	NA	NA	NA	NA	2	1	1	1	1	1	NA	NA	NA	2	1	1
3	102139953	103960025	2	1	1	2	d	5	1	1	0.0451413039707	0.135322249243	1.852368	0.926183969	0.92618397	1	1	1	NA	NA	NA	NA	NA	NA	NA	2	1	1	1	1	1	NA	NA	NA	2	1	1
3	103960026	104019786	2	1	1	2	d	3	1	1	0.0572176419479	0.112332515656	1.088532	0.544265983	0.54426598	1	1	1	NA	NA	NA	NA	NA	NA	NA	1	0	1	1	0	0.25871	1	1	0.74129	2	1	1
3	104019787	104909994	2	1	1	3	a	6	1	1	0.03801548796	0.0948370539181	2	1	1	1	1	1	NA	NA	NA	NA	NA	NA	NA	2	1	1	1	1	1	NA	NA	NA	2	1	1
3	104909995	104991286	2	1	1	2	d	3	1	1	0.0442437725098	0.160075509942	1.1155	0.557750042	0.55775004	1	1	1	NA	NA	NA	NA	NA	NA	NA	1	0	1	1	0	0.247363	1	1	0.752637	2	1	1
3	104991287	105230201	2	1	1	2	d	4	1	1	0.0354233148464	0.139182303616	1.546435	0.773217528	0.77321753	1	1	1	NA	NA	NA	NA	NA	NA	NA	1	0	1	1	1	1	NA	NA	NA	2	1	1
3	105230202	110159400	2	1	1	3	a	6	1	1	0.0431978760394	0.0956142436468	2	1	1	1	1	1	NA	NA	NA	NA	NA	NA	NA	2	1	1	1	1	1	NA	NA	NA	2	1	1
3	110159401	115040015	2	1	1	3	a	6	1	1	0.0401004421119	0.094921191208	2	1	1	1	1	1	NA	NA	NA	NA	NA	NA	NA	2	1	1	1	1	1	NA	NA	NA	2	1	1
3	115040016	115231800	2	1	1	2	d	3	1	1	0.0401344197378	0.104695606634	1.3556	0.677799781	0.67779978	1	1	1	NA	NA	NA	NA	NA	NA	NA	1	0	1	1	0	0.212413	1	1	0.787587	2	1	1
3	115231801	117460128	2	1	1	2	d	5	1	1	0.0434116692859	0.102270329539	1.818913	0.909456306	0.90945631	1	1	1	NA	NA	NA	NA	NA	NA	NA	2	1	1	1	1	1	NA	NA	NA	2	1	1
3	117460129	117950985	2	1	1	2	d	5	1	1	0.0476930217466	0.106415486876	1.622313	0.811156728	0.81115673	1	1	1	NA	NA	NA	NA	NA	NA	NA	2	1	1	1	1	1	NA	NA	NA	2	1	1
3	117950986	161290031	2	1	1	3	a	6	1	1	0.0394235121415	0.0970926478635	2	1	1	1	1	1	NA	NA	NA	NA	NA	NA	NA	2	1	1	1	1	1	NA	NA	NA	2	1	1
3	161290032	161398401	2	1	1	2	d	5	1	1	0.0597035722882	0.0954666609565	1.75678	0.878390128	0.87839013	1	1	1	NA	NA	NA	NA	NA	NA	NA	2	1	1	1	1	1	NA	NA	NA	2	1	1
3	161398402	161541162	2	1	1	2	d	5	1	1	0.0404245102148	0.114184060342	1.708959	0.854479705	0.8544797	1	1	1	NA	NA	NA	NA	NA	NA	NA	2	1	1	1	1	1	NA	NA	NA	2	1	1
3	161541163	161568997	2	1	1	2	d	2	0.73	0.73	0.05	0.1	1.708959	0.854479705	0.8544797	1	1	1	NA	NA	NA	NA	NA	NA	NA	0	0	0	1	0	0.0514011	0	0	0.948599	2	1	1
3	161568998	161749848	2	1	1	2	d	5	1	1	0.031562969642	0.208055047439	1.753132	0.876566115	0.87656612	1	1	1	NA	NA	NA	NA	NA	NA	NA	2	1	1	1	1	1	NA	NA	NA	2	1	1
3	161749849	164790033	2	1	1	3	a	6	1	1	0.0464743283165	0.126248822677	2	1	1	1	1	1	NA	NA	NA	NA	NA	NA	NA	2	1	1	1	1	1	NA	NA	NA	2	1	1
3	164790034	173985001	2	1	1	3	a	6	1	1	0.0402580891422	0.100005526622	2	1	1	1	1	1	NA	NA	NA	NA	NA	NA	NA	2	1	1	1	1	1	NA	NA	NA	2	1	1
3	173985002	174050016	2	1	1	2	d	4	1	1	0.05	0.213306514065	1.213506	0.606753195	0.6067532	1	1	1	NA	NA	NA	NA	NA	NA	NA	1	0	1	1	1	1	NA	NA	NA	2	1	1
3	174050017	192302790	2	1	1	3	a	6	1	1	0.0380208823053	0.0992292190182	2	1	1	1	1	1	NA	NA	NA	NA	NA	NA	NA	2	1	1	1	1	1	NA	NA	NA	2	1	1
3	192302791	192470737	1	1	0	2	d	5	1	0	0.0499737598085	0.0991910592561	1	0	1	1	0	1	NA	NA	NA	NA	NA	NA	NA	1	0	1	1	0	0.895627	1	1	0.104373	1	0	1
3	192470738	198022429	2	1	1	2	d	5	1	1	0.0399221104664	0.13409614843	2.108469	1.054234368	1.05423437	1	1	1	NA	NA	NA	NA	NA	NA	NA	2	1	1	1	1	1	NA	NA	NA	2	1	1
4	9997	23325346	2	1	1	3	a	6	1	1	0.0415335746965	0.104725179695	2	1	1	1	1	1	NA	NA	NA	NA	NA	NA	NA	2	1	1	1	1	1	NA	NA	NA	2	1	1
4	23325347	28969996	2	1	1	3	a	6	1	1	0.0398891927722	0.0972527263464	2	1	1	1	1	1	NA	NA	NA	NA	NA	NA	NA	2	1	1	1	1	1	NA	NA	NA	2	1	1
4	28969997	29339029	2	1	1	2	d	2	1	1	0.0436864853427	0.205509168717	1.432023	0.716011505	0.7160115	1	0	0.0973725973847349	1	1	0.902627402615265	0.0258702254453222	0.0254198996572096	0.0446139582733529	0.144868607267491	1	0	1	1	0	0.212413	1	1	0.787587	2	1	1
4	29339030	29591441	2	1	1	2	d	4	1	1	0.0535646385271	0.158128153582	1.791866	0.895933221	0.89593322	1	0	0.0973725973847349	1	1	0.902627402615265	0.0258702254453222	0.0254198996572096	0.0446139582733529	0.144868607267491	2	1	1	1	1	1	NA	NA	NA	2	1	1
4	29591442	32610027	2	1	1	3	a	6	1	1	0.0386517312654	0.094612492771	2	1	1	1	1	1	NA	NA	NA	NA	NA	NA	NA	2	1	1	1	1	1	NA	NA	NA	2	1	1
4	32610028	36100401	2	1	1	3	a	6	1	1	0.0481152355408	0.11812772915	2	1	1	1	1	1	NA	NA	NA	NA	NA	NA	NA	2	1	1	1	1	1	NA	NA	NA	2	1	1
4	36100402	36149970	2	1	1	2	d	4	1	1	0.05	0.211647017853	2	1	1	1	1	1	NA	NA	NA	NA	NA	NA	NA	1	0	1	1	0	0.050525	1	1	0.949475	2	1	1
4	36149971	44907001	2	1	1	3	a	6	1	1	0.0392289593225	0.0914241405213	2	1	1	1	1	1	NA	NA	NA	NA	NA	NA	NA	2	1	1	1	1	1	NA	NA	NA	2	1	1
4	44907002	48199999	2	1	1	2	d	5	1	1	0.0409422702298	0.115470797886	1.830148	0.915074074	0.91507407	1	1	1	NA	NA	NA	NA	NA	NA	NA	2	1	1	1	1	1	NA	NA	NA	2	1	1
4	48200000	52699999	2	1	1	3	a	6	1	1	0.0347835824714	0.265356422079	2	1	1	1	1	1	NA	NA	NA	NA	NA	NA	NA	2	1	1	1	1	1	NA	NA	NA	2	1	1
4	52700000	58695148	2	1	1	3	a	6	1	1	0.0419705896632	0.100015947999	2	1	1	1	1	1	NA	NA	NA	NA	NA	NA	NA	2	1	1	1	1	1	NA	NA	NA	2	1	1
4	58695149	58800602	2	1	1	3	b	6	1	1	0.05	0.142526939794	2	1	1	1	1	1	NA	NA	NA	NA	NA	NA	NA	1	0	1	1	1	1	NA	NA	NA	2	1	1
4	58800603	59738646	2	1	1	3	a	6	1	1	0.0454940522279	0.105820574224	2	1	1	1	1	1	NA	NA	NA	NA	NA	NA	NA	2	1	1	1	1	1	NA	NA	NA	2	1	1
4	59738647	60025317	2	1	1	2	d	4	1	1	0.0397392028731	0.157834283751	1.578256	0.789127786	0.78912779	1	1	1	NA	NA	NA	NA	NA	NA	NA	1	0	1	1	1	1	NA	NA	NA	2	1	1
4	60025318	63836999	2	1	1	3	a	6	1	1	0.0450440227771	0.115215316694	2	1	1	1	1	1	NA	NA	NA	NA	NA	NA	NA	2	1	1	1	1	1	NA	NA	NA	2	1	1
4	63837000	72368616	2	1	1	3	a	6	1	1	0.0427326882466	0.132812862243	2	1	1	1	1	1	NA	NA	NA	NA	NA	NA	NA	2	1	1	1	1	1	NA	NA	NA	2	1	1
4	72368617	73299224	2	1	1	2	d	5	1	1	0.0396772033094	0.1461498995	1.83195	0.915974965	0.91597497	1	1	1	NA	NA	NA	NA	NA	NA	NA	2	1	1	1	1	1	NA	NA	NA	2	1	1
4	73299225	73338781	0	0	0	2	d	3	0.46	0.46	0.05	0.1	0.113483	0.056741664	0.05674166	0	0	1	NA	NA	NA	NA	NA	NA	NA	0	0	0	0	0	1	NA	NA	NA	2	1	1
4	73338782	80785131	2	1	1	3	a	6	1	1	0.0410234454291	0.106717446276	2	1	1	1	1	1	NA	NA	NA	NA	NA	NA	NA	2	1	1	1	1	1	NA	NA	NA	2	1	1
4	80785132	84916401	2	1	1	3	a	6	1	1	0.0412405586086	0.0940254625828	2	1	1	1	1	1	NA	NA	NA	NA	NA	NA	NA	2	1	1	1	1	1	NA	NA	NA	2	1	1
4	84916402	85016400	2	1	1	2	d	3	1	1	0.05	0.196525542534	1.051532	0.525766012	0.52576601	1	1	1	NA	NA	NA	NA	NA	NA	NA	1	0	1	1	0	0.2326	1	1	0.7674	2	1	1
4	85016401	91889975	2	1	1	3	a	6	1	1	0.0402688484973	0.109187152271	2	1	1	1	1	1	NA	NA	NA	NA	NA	NA	NA	2	1	1	1	1	1	NA	NA	NA	2	1	1
4	91889976	91919206	4	3	1	2	e	0	1	1	0.05	0.1	0.713223	0.35661152	0.35661152	0	0	1	NA	NA	NA	NA	NA	NA	NA	1	0	1	1	0	0.147192	0	0	0.852808	2	1	1
4	91919207	92494404	2	1	1	2	d	5	1	1	0.0391016431122	0.124402854998	1.879113	0.939556714	0.93955671	1	1	1	NA	NA	NA	NA	NA	NA	NA	2	1	1	1	1	1	NA	NA	NA	2	1	1
4	92494405	92579041	2	1	1	2	d	4	1	1	0.0360841898571	0.0890403785678	1.325032	0.662516245	0.66251624	1	1	1	NA	NA	NA	NA	NA	NA	NA	1	0	1	1	1	1	NA	NA	NA	2	1	1
4	92579042	97019989	2	1	1	2	d	5	1	1	0.0392902931791	0.120574748837	1.892271	0.946135477	0.94613548	1	1	1	NA	NA	NA	NA	NA	NA	NA	2	1	1	1	1	1	NA	NA	NA	2	1	1
4	97019990	97882226	2	1	1	2	d	5	1	1	0.0278293325773	0.129490334437	1.870038	0.935018995	0.93501899	1	1	1	NA	NA	NA	NA	NA	NA	NA	2	1	1	1	1	1	NA	NA	NA	2	1	1
4	97882227	97954252	2	1	1	2	e	4	1	1	0.05	0.156823436638	1.235327	0.617663679	0.61766368	0	0	1	NA	NA	NA	NA	NA	NA	NA	1	0	1	1	0	0.303665	1	1	0.696335	2	1	1
4	97954253	98818686	2	1	1	2	d	5	1	1	0.05	0.150098874543	1.728456	0.864227807	0.86422781	1	1	1	NA	NA	NA	NA	NA	NA	NA	2	1	1	1	1	1	NA	NA	NA	2	1	1
4	98818687	98821026	2	1	1	2	d	3	NA	NA	NA	NA	1.728456	0.864227807	0.86422781	1	1	1	NA	NA	NA	NA	NA	NA	NA	NA	NA	NA	1	1	1	NA	NA	NA	2	1	1
4	98821027	104950121	2	1	1	3	a	6	1	1	0.0392279351346	0.110964167718	2	1	1	1	1	1	NA	NA	NA	NA	NA	NA	NA	2	1	1	1	1	1	NA	NA	NA	2	1	1
4	104950122	105487331	2	1	1	2	d	3	1	1	0.05	0.148997043787	1.500274	0.75013686	0.75013686	1	1	1	NA	NA	NA	NA	NA	NA	NA	1	0	1	1	0	0.247363	1	1	0.752637	2	1	1
4	105487332	112443448	2	1	1	3	a	6	1	1	0.0419961302442	0.103936812368	2	1	1	1	1	1	NA	NA	NA	NA	NA	NA	NA	2	1	1	1	1	1	NA	NA	NA	2	1	1
4	112443449	130766002	2	1	1	3	a	6	1	1	0.0388636468585	0.112137458532	2	1	1	1	1	1	NA	NA	NA	NA	NA	NA	NA	2	1	1	1	1	1	NA	NA	NA	2	1	1
4	130766003	133412584	2	1	1	2	d	5	1	1	0.0419429726895	0.125255562269	1.887595	0.943797375	0.94379737	1	1	1	NA	NA	NA	NA	NA	NA	NA	2	1	1	1	1	1	NA	NA	NA	2	1	1
4	133412585	133413601	2	1	1	2	d	4	1	1	0.05	0.1	1.887595	0.943797375	0.94379737	NA	NA	NA	NA	NA	NA	NA	NA	NA	NA	2	1	1	1	1	1	NA	NA	NA	2	1	1
4	133413602	137421671	2	1	1	3	a	6	1	1	0.045775208363	0.12074158457	2	1	1	1	1	1	NA	NA	NA	NA	NA	NA	NA	2	1	1	1	1	1	NA	NA	NA	2	1	1
4	137421672	137458201	2	1	1	2	d	3	1	1	0.05	0.1	1.300333	0.650166739	0.65016674	1	1	1	NA	NA	NA	NA	NA	NA	NA	1	0	1	1	0	0.141317	1	1	0.858683	2	1	1
4	137458202	150116655	2	1	1	3	a	6	1	1	0.0390018733364	0.108273282528	2	1	1	1	1	1	NA	NA	NA	NA	NA	NA	NA	2	1	1	1	1	1	NA	NA	NA	2	1	1
4	150116656	150493949	2	1	1	2	d	5	1	1	0.0371704001988	0.153281799112	1.58177	0.790884779	0.79088478	1	1	1	NA	NA	NA	NA	NA	NA	NA	2	1	1	1	1	1	NA	NA	NA	2	1	1
4	150493950	158541563	2	1	1	3	a	6	1	1	0.0405727580746	0.105377456778	2	1	1	1	1	1	NA	NA	NA	NA	NA	NA	NA	2	1	1	1	1	1	NA	NA	NA	2	1	1
4	158541564	158550005	2	1	1	2	d	5	1	1	0.05	0.1	2	1	1	1	1	0.479898060019761	2	1	0.520101939980239	0.139823800161811	0.135203181992821	0.207576331949227	0.741909982300616	2	1	1	1	1	1	NA	NA	NA	2	1	1
4	158550006	161990398	2	1	1	3	a	6	1	1	0.0437008778996	0.106330138849	2	1	1	1	1	1	NA	NA	NA	NA	NA	NA	NA	2	1	1	1	1	1	NA	NA	NA	2	1	1
4	161990399	162009147	2	1	1	2	d	3	1	1	0.05	0.1	0.627448	0.313724087	0.31372409	1	1	1	NA	NA	NA	NA	NA	NA	NA	1	0	1	1	0	0.0884998	0	0	0.9115	2	1	1
4	162009148	190837050	2	1	1	3	a	6	1	1	0.0424110221828	0.100993644514	2	1	1	1	1	1	NA	NA	NA	NA	NA	NA	NA	2	1	1	1	1	1	NA	NA	NA	2	1	1
5	22500	12102040	2	1	1	3	a	6	1	1	0.0397896142288	0.107456242552	2	1	1	1	1	1	NA	NA	NA	NA	NA	NA	NA	2	1	1	1	1	1	NA	NA	NA	2	1	1
5	12102041	26289995	2	1	1	3	a	6	1	1	0.0386172788469	0.109318077274	2	1	1	1	1	1	NA	NA	NA	NA	NA	NA	NA	2	1	1	1	1	1	NA	NA	NA	2	1	1
5	26289996	26323054	0	0	0	1	g	NA	1	1	0.05	0.1	2	1	1	0	0	1	NA	NA	NA	NA	NA	NA	NA	0	0	0	0	0	1	NA	NA	NA	2	1	1
5	26323055	30769913	2	1	1	3	a	6	1	1	0.0414281615396	0.110133586928	2	1	1	1	1	1	NA	NA	NA	NA	NA	NA	NA	2	1	1	1	1	1	NA	NA	NA	2	1	1
5	30769914	43768001	2	1	1	3	a	6	1	1	0.0408446687871	0.0919543335152	2	1	1	1	1	1	NA	NA	NA	NA	NA	NA	NA	2	1	1	1	1	1	NA	NA	NA	2	1	1
5	43768002	44395000	2	1	1	2	d	5	1	1	0.0473988117139	0.112853581462	1.659587	0.829793372	0.82979337	1	1	1	NA	NA	NA	NA	NA	NA	NA	2	1	1	1	1	1	NA	NA	NA	2	1	1
5	44395001	45935201	2	1	1	2	d	5	1	1	0.05	0.14652564535	1.659587	0.829793372	0.82979337	1	1	1	NA	NA	NA	NA	NA	NA	NA	2	1	1	1	1	1	NA	NA	NA	2	1	1
5	45935202	46099994	2	1	1	1	g	NA	1	1	0.05	0.528264680471	NA	NA	NA	0	0	0.309668695064231	1	0	0.690331304935769	NA	0	0.309668695064231	0.309668695064231	0	0	0	1	1	1	NA	NA	NA	0	0	0
5	46099995	50699999	2	1	1	2	d	3	1	1	0.05	0.382806778896	NA	NA	NA	1	0	0.53783268793411	1	1	0.46216731206589	NA	0	0.53783268793411	0.53783268793411	1	0	1	1	1	1	NA	NA	NA	2	1	1
5	50700000	62431875	2	1	1	3	a	6	1	1	0.0393591850766	0.114696651455	2	1	1	1	1	1	NA	NA	NA	NA	NA	NA	NA	2	1	1	1	1	1	NA	NA	NA	2	1	1
5	62431876	62711912	2	1	1	2	d	4	1	1	0.05	0.153069596219	1.565231	0.782615549	0.78261555	1	0	0.0892502264217894	1	1	0.910749773578211	0.0333841430052544	0.0330383277889112	0.0272926622388464	0.153200210069136	2	1	1	1	1	1	NA	NA	NA	2	1	1
5	62711913	63170488	2	1	1	2	d	4	1	1	0.0326431212976	0.119931648747	1.643402	0.821701158	0.82170116	1	0	0.0892502264217894	1	1	0.910749773578211	0.0333841430052544	0.0330383277889112	0.0272926622388464	0.153200210069136	2	1	1	1	1	1	NA	NA	NA	2	1	1
5	63170489	88540005	2	1	1	3	a	6	1	1	0.0399755899708	0.0978684749059	2	1	1	1	1	1	NA	NA	NA	NA	NA	NA	NA	2	1	1	1	1	1	NA	NA	NA	2	1	1
5	88540006	88830001	2	1	1	2	d	3	1	1	0.0343346514902	0.161892929004	1.350406	0.675202823	0.67520282	1	1	1	NA	NA	NA	NA	NA	NA	NA	1	0	1	1	0	0.0931717	1	1	0.906828	2	1	1
5	88830002	89053220	2	1	1	2	d	5	1	1	0.05	0.113967162271	1.754841	0.877420571	0.87742057	1	1	1	NA	NA	NA	NA	NA	NA	NA	2	1	1	1	1	1	NA	NA	NA	2	1	1
5	89053221	90899824	2	1	1	3	a	6	1	1	0.0391284880731	0.153330789867	2	1	1	1	1	1	NA	NA	NA	NA	NA	NA	NA	2	1	1	1	1	1	NA	NA	NA	2	1	1
5	90899825	90939201	2	1	1	2	d	4	1	1	0.05	0.1	2	1	1	0	0	1	NA	NA	NA	NA	NA	NA	NA	0	0	0	1	1	1	NA	NA	NA	2	1	1
5	90939202	91868557	2	1	1	2	d	5	1	1	0.0455775881315	0.109045187528	1.82187	0.910934848	0.91093485	1	1	1	NA	NA	NA	NA	NA	NA	NA	2	1	1	1	1	1	NA	NA	NA	2	1	1
5	91868558	93638527	2	1	1	2	d	5	1	1	0.053272577354	0.122888418364	1.885154	0.94257703	0.94257703	1	1	1	NA	NA	NA	NA	NA	NA	NA	2	1	1	1	1	1	NA	NA	NA	2	1	1
5	93638528	98499001	2	1	1	3	a	6	1	1	0.040207859803	0.102308231996	2	1	1	1	1	1	NA	NA	NA	NA	NA	NA	NA	2	1	1	1	1	1	NA	NA	NA	2	1	1
5	98499002	98587500	2	1	1	2	d	2	1	1	0.05	0.25108962976	0.432577	0.216288679	0.21628868	0	0	0.901381242152034	1	0	0.0986187578479657	0.0369452164891843	0.0376628046556842	0.811031719493431	0.955315645078692	1	0	1	1	0	0.0884998	0	0	0.9115	2	1	1
5	98587501	98889992	2	1	1	2	d	5	1	1	0.0526096099749	0.120848153492	1.856376	0.928187798	0.9281878	1	1	1	NA	NA	NA	NA	NA	NA	NA	2	1	1	1	1	1	NA	NA	NA	2	1	1
5	98889993	99655434	2	1	1	2	d	5	1	1	0.0625571991018	0.149346295367	1.70872	0.854360157	0.85436016	1	1	1	NA	NA	NA	NA	NA	NA	NA	2	1	1	1	1	1	NA	NA	NA	2	1	1
5	99655435	100721602	2	1	1	2	d	5	1	1	0.05	0.137080447236	1.70872	0.854360157	0.85436016	1	1	1	NA	NA	NA	NA	NA	NA	NA	2	1	1	1	1	1	NA	NA	NA	2	1	1
5	100721603	102249971	2	1	1	2	d	5	1	1	0.0437490894835	0.203162575645	1.795517	0.897758551	0.89775855	1	1	1	NA	NA	NA	NA	NA	NA	NA	2	1	1	1	1	1	NA	NA	NA	2	1	1
5	102249972	104680016	2	1	1	2	d	5	1	1	0.0408261684706	0.138591193523	1.899219	0.949609614	0.94960961	1	1	1	NA	NA	NA	NA	NA	NA	NA	2	1	1	1	1	1	NA	NA	NA	2	1	1
5	104680017	105850002	2	1	1	3	a	6	1	1	0.0522183242502	0.1042147971	2	1	1	1	1	1	NA	NA	NA	NA	NA	NA	NA	2	1	1	1	1	1	NA	NA	NA	2	1	1
5	105850003	106032911	2	1	1	2	d	4	1	1	0.05	0.135135454979	1.639265	0.819632615	0.81963262	1	1	1	NA	NA	NA	NA	NA	NA	NA	1	0	1	1	1	1	NA	NA	NA	2	1	1
5	106032912	106335078	2	1	1	2	d	5	1	1	0.05	0.0898875839984	1.772318	0.886158937	0.88615894	1	1	1	NA	NA	NA	NA	NA	NA	NA	2	1	1	1	1	1	NA	NA	NA	2	1	1
5	106335079	109519997	2	1	1	3	a	6	1	1	0.0436022116754	0.10261757148	2	1	1	1	1	1	NA	NA	NA	NA	NA	NA	NA	2	1	1	1	1	1	NA	NA	NA	2	1	1
5	109519998	110641072	2	1	1	2	d	5	1	1	0.0406227011414	0.106658326387	1.845153	0.922576287	0.92257629	1	1	1	NA	NA	NA	NA	NA	NA	NA	2	1	1	1	1	1	NA	NA	NA	2	1	1
5	110641073	110699987	2	1	1	2	e	4	1	1	0.05	0.1	1.845153	0.922576287	0.92257629	0	0	1	NA	NA	NA	NA	NA	NA	NA	1	0	1	1	0	0.0588104	1	1	0.94119	2	1	1
5	110699988	110869975	2	1	1	3	a	6	1	1	0.0256260468846	0.0662355098535	2	1	1	1	1	1	NA	NA	NA	NA	NA	NA	NA	2	1	1	1	1	1	NA	NA	NA	2	1	1
5	110869976	110915030	2	1	1	2	e	4	1	1	0.05	0.1	0.909345	0.454672496	0.4546725	0	0	1	NA	NA	NA	NA	NA	NA	NA	1	0	1	1	0	0.431769	1	1	0.568231	2	1	1
5	110915031	113931533	2	1	1	3	a	6	1	1	0.0384463478568	0.106288509697	2	1	1	1	1	1	NA	NA	NA	NA	NA	NA	NA	2	1	1	1	1	1	NA	NA	NA	2	1	1
5	113931534	113984006	4	3	1	2	e	0	1	1	0.0612042175838	0.1	0.671647	0.335823341	0.33582334	0	0	1	NA	NA	NA	NA	NA	NA	NA	1	0	1	1	0	0.0884998	0	0	0.9115	2	1	1
5	113984007	116674993	2	1	1	3	a	6	1	1	0.0375261290032	0.101361894306	2	1	1	1	1	1	NA	NA	NA	NA	NA	NA	NA	2	1	1	1	1	1	NA	NA	NA	2	1	1
5	116674994	117428144	2	1	1	2	d	5	1	1	0.0448278946026	0.110863352018	1.79735	0.898674756	0.89867476	1	1	1	NA	NA	NA	NA	NA	NA	NA	2	1	1	1	1	1	NA	NA	NA	2	1	1
5	117428145	117534202	2	1	1	2	d	3	1	1	0.05	0.187465950809	1.79735	0.898674756	0.89867476	0	0	0.816333872998743	1	0	0.183666127001257	0.11508369884342	0.124462652083496	0.457617639408761	0.942401356301474	1	0	1	1	1	1	NA	NA	NA	2	1	1
5	117534203	120996374	2	1	1	3	a	6	1	1	0.0442568012833	0.109542755459	2	1	1	1	1	1	NA	NA	NA	NA	NA	NA	NA	2	1	1	1	1	1	NA	NA	NA	2	1	1
5	120996375	121160017	2	1	1	3	b	6	1	1	0.05	0.142521910523	2	1	1	1	1	1	NA	NA	NA	NA	NA	NA	NA	1	0	1	1	1	1	NA	NA	NA	2	1	1
5	121160018	124819991	2	1	1	3	a	6	1	1	0.0376989047013	0.100633080027	2	1	1	1	1	1	NA	NA	NA	NA	NA	NA	NA	2	1	1	1	1	1	NA	NA	NA	2	1	1
5	124819992	125269161	2	1	1	2	d	5	1	1	0.0486065612303	0.149114324219	1.56966	0.784830151	0.78483015	1	1	1	NA	NA	NA	NA	NA	NA	NA	2	1	1	1	1	1	NA	NA	NA	2	1	1
5	125269162	125324976	2	1	1	2	d	2	1.13	1.27	0.0653545338103	0.444286974934	1.56966	0.784830151	0.78483015	1	1	1	NA	NA	NA	NA	NA	NA	NA	1	0	1	1	0	0.0356687	0	0	0.964331	2	1	1
5	125324977	128551401	2	1	1	3	a	6	1	1	0.0404207856883	0.112565428391	2	1	1	1	1	1	NA	NA	NA	NA	NA	NA	NA	2	1	1	1	1	1	NA	NA	NA	2	1	1
5	128551402	144127045	2	1	1	3	a	6	1	1	0.0387944313734	0.0984724746082	2	1	1	1	1	1	NA	NA	NA	NA	NA	NA	NA	2	1	1	1	1	1	NA	NA	NA	2	1	1
5	144127046	147683001	2	1	1	3	a	6	1	1	0.0383754518574	0.114754877207	2	1	1	1	1	1	NA	NA	NA	NA	NA	NA	NA	2	1	1	1	1	1	NA	NA	NA	2	1	1
5	147683002	147799987	2	1	1	2	d	3	1	1	0.05	0.107639036117	1.323135	0.661567271	0.66156727	1	1	1	NA	NA	NA	NA	NA	NA	NA	1	0	1	1	0	0.109621	1	1	0.890379	2	1	1
5	147799988	152338812	2	1	1	3	a	6	1	1	0.0394115936205	0.097098336465	2	1	1	1	1	1	NA	NA	NA	NA	NA	NA	NA	2	1	1	1	1	1	NA	NA	NA	2	1	1
5	152338813	154858603	2	1	1	3	a	6	1	1	0.040638849366	0.0881423357472	2	1	1	1	1	1	NA	NA	NA	NA	NA	NA	NA	2	1	1	1	1	1	NA	NA	NA	2	1	1
5	154858604	154881631	2	1	1	2	d	3	1	1	0.05	0.1	2	1	1	0	0	1	NA	NA	NA	NA	NA	NA	NA	1	0	1	1	0	0.0884998	0	0	0.9115	2	1	1
5	154881632	170129829	2	1	1	3	a	6	1	1	0.0415182729711	0.100325182448	2	1	1	1	1	1	NA	NA	NA	NA	NA	NA	NA	2	1	1	1	1	1	NA	NA	NA	2	1	1
5	170129830	170131209	2	1	1	3	b	5	1	1	0.05	0.1	2	1	1	1	1	1	NA	NA	NA	NA	NA	NA	NA	NA	NA	NA	1	1	1	NA	NA	NA	2	1	1
5	170131210	180715810	2	1	1	3	a	6	1	1	0.0395334078355	0.0977548624406	2	1	1	1	1	1	NA	NA	NA	NA	NA	NA	NA	2	1	1	1	1	1	NA	NA	NA	2	1	1
6	39681	205799	2	1	1	1	h	1	NA	NA	NA	NA	NA	NA	NA	NA	NA	NA	NA	NA	NA	NA	NA	NA	NA	NA	NA	NA	NA	NA	NA	NA	NA	NA	2	1	1
6	205800	18763400	2	1	1	3	a	6	1	1	0.0402229329845	0.0890225103782	2	1	1	1	1	1	NA	NA	NA	NA	NA	NA	NA	2	1	1	1	1	1	NA	NA	NA	2	1	1
6	18763401	22969435	2	1	1	3	a	6	1	1	0.0421167023	0.0984557163093	2	1	1	1	1	1	NA	NA	NA	NA	NA	NA	NA	2	1	1	1	1	1	NA	NA	NA	2	1	1
6	22969436	32616052	2	1	1	3	a	6	1	1	0.0504092948185	0.121247104436	2	1	1	1	1	1	NA	NA	NA	NA	NA	NA	NA	2	1	1	1	1	1	NA	NA	NA	2	1	1
6	32616053	32620148	2	1	1	3	b	5	1	1	0.05	0.1	2	1	1	1	1	1	NA	NA	NA	NA	NA	NA	NA	NA	NA	NA	1	1	1	NA	NA	NA	2	1	1
6	32620149	33210114	2	1	1	2	d	5	1	1	0.0820483004862	0.0811637909988	2.134209	1.067104715	1.06710471	1	1	1	NA	NA	NA	NA	NA	NA	NA	2	1	1	1	1	1	NA	NA	NA	2	1	1
6	33210115	33667057	1	1	0	2	d	4	1	0	0.0436771055478	0.0653325630967	1	0	1	1	0	1	NA	NA	NA	NA	NA	NA	NA	NA	NA	NA	1	0	0.923279	1	1	0.0767214	1	0	1
6	33667058	42852481	2	1	1	3	a	6	1	1	0.0386152396674	0.0877454154216	2	1	1	1	1	1	NA	NA	NA	NA	NA	NA	NA	2	1	1	1	1	1	NA	NA	NA	2	1	1
6	42852482	43516761	1	1	0	2	d	5	1	0	0.0761583303691	0.060760231556	1	0	1	1	0	1	NA	NA	NA	NA	NA	NA	NA	1	0	1	1	0	0.923279	1	1	0.0767214	1	0	1
6	43516762	48870376	2	1	1	3	a	6	1	1	0.0451898122028	0.0992822314219	2	1	1	1	1	1	NA	NA	NA	NA	NA	NA	NA	2	1	1	1	1	1	NA	NA	NA	2	1	1
6	48870377	57873151	2	1	1	3	a	6	1	1	0.0385888553078	0.108601072571	2	1	1	1	1	1	NA	NA	NA	NA	NA	NA	NA	2	1	1	1	1	1	NA	NA	NA	2	1	1
6	57873152	57997430	2	1	1	2	d	4	1	1	0.05	0.164894250603	2	1	1	1	1	1	NA	NA	NA	NA	NA	NA	NA	1	0	1	1	0	0.281197	1	1	0.718803	2	1	1
6	57997431	58456749	2	1	1	2	d	5	1	1	0.0474535473729	0.122347417573	1.764191	0.882095457	0.88209546	1	1	1	NA	NA	NA	NA	NA	NA	NA	2	1	1	1	1	1	NA	NA	NA	2	1	1
6	58456750	58699999	2	1	1	2	d	3	1	1	0.05	0.156112032087	1.764191	0.882095457	0.88209546	1	0	0.34041394335512	1	1	0.65958605664488	0.102143931740982	0.0967395669761414	0.145727042402321	0.512487878734876	1	0	1	1	1	1	NA	NA	NA	2	1	1
6	58700000	63299999	2	1	1	2	d	3	1	1	0.0478530085909	0.187886785071	1.511389	0.755694689	0.75569469	NA	NA	NA	NA	NA	NA	NA	NA	NA	NA	1	0	1	1	1	1	NA	NA	NA	2	1	1
6	63300000	63579381	2	1	1	2	d	5	1	1	0.0448583873454	0.138058088708	1.803196	0.901597754	0.90159775	1	1	1	NA	NA	NA	NA	NA	NA	NA	2	1	1	1	1	1	NA	NA	NA	2	1	1
6	63579382	63603015	2	1	1	2	d	3	1	1	0.05	0.1	1.803196	0.901597754	0.90159775	1	1	1	NA	NA	NA	NA	NA	NA	NA	0	0	0	0	0	1	NA	NA	NA	2	1	1
6	63603016	67155016	2	1	1	2	d	5	1	1	0.0495917686497	0.15152215711	1.816798	0.908398817	0.90839882	1	1	1	NA	NA	NA	NA	NA	NA	NA	2	1	1	1	1	1	NA	NA	NA	2	1	1
6	67155017	67187074	2	1	1	2	d	3	1	1	0.05	0.1	1.091758	0.545879222	0.54587922	1	1	1	NA	NA	NA	NA	NA	NA	NA	1	0	1	1	0	0.0815024	1	1	0.918498	2	1	1
6	67187075	72359953	2	1	1	3	a	6	1	1	0.0409673891977	0.114413282095	2	1	1	1	1	1	NA	NA	NA	NA	NA	NA	NA	2	1	1	1	1	1	NA	NA	NA	2	1	1
6	72359954	72389988	2	1	1	2	d	3	1	1	0.05	0.1	0.596998	0.298499007	0.29849901	1	1	1	NA	NA	NA	NA	NA	NA	NA	1	0	1	1	0	0.0914078	0	0	0.908592	2	1	1
6	72389989	82390001	2	1	1	2	d	5	1	1	0.0430188655563	0.147189761618	1.895424	0.94771216	0.94771216	1	1	1	NA	NA	NA	NA	NA	NA	NA	2	1	1	1	1	1	NA	NA	NA	2	1	1
6	82390002	82514801	2	1	1	2	d	3	1	1	0.05	0.306550921436	1.895424	0.94771216	0.94771216	1	1	1	NA	NA	NA	NA	NA	NA	NA	1	0	1	1	0	0.117671	0	0	0.882329	2	1	1
6	82514802	82729342	2	1	1	2	d	5	1	1	0.0390205564629	0.145382583582	1.70717	0.853584906	0.85358491	1	1	1	NA	NA	NA	NA	NA	NA	NA	2	1	1	1	1	1	NA	NA	NA	2	1	1
6	82729343	82747483	0	0	0	2	d	3	2	0	0.05	0.1	1.70717	0.853584906	0.85358491	0	0	1	NA	NA	NA	NA	NA	NA	NA	0	0	0	0	0	1	NA	NA	NA	2	1	1
6	82747484	92690202	2	1	1	3	a	6	1	1	0.0389078448001	0.101482344288	2	1	1	1	1	1	NA	NA	NA	NA	NA	NA	NA	2	1	1	1	1	1	NA	NA	NA	2	1	1
6	92690203	93171047	2	1	1	2	d	4	1	1	0.05	0.126561058004	1.623948	0.811973804	0.8119738	1	1	1	NA	NA	NA	NA	NA	NA	NA	1	0	1	1	1	1	NA	NA	NA	2	1	1
6	93171048	93825401	2	1	1	2	d	5	1	1	0.043367428782	0.102978301613	1.878355	0.939177322	0.93917732	1	1	1	NA	NA	NA	NA	NA	NA	NA	2	1	1	1	1	1	NA	NA	NA	2	1	1
6	93825402	96126633	2	1	1	2	d	4	1	1	0.0567051263606	0.159304253658	1.713636	0.856817971	0.85681797	1	1	1	NA	NA	NA	NA	NA	NA	NA	1	0	1	1	1	1	NA	NA	NA	2	1	1
6	96126634	98720012	2	1	1	2	d	5	1	1	0.0396655780589	0.108218075073	1.894455	0.947227546	0.94722755	1	1	1	NA	NA	NA	NA	NA	NA	NA	2	1	1	1	1	1	NA	NA	NA	2	1	1
6	98720013	98893951	2	1	1	2	d	3	1	1	0.0430720578132	0.122627518097	1.262106	0.631052891	0.63105289	1	1	1	NA	NA	NA	NA	NA	NA	NA	1	0	1	1	0	0.162755	1	1	0.837245	2	1	1
6	98893952	102470760	2	1	1	2	d	5	1	1	0.042746906735	0.115942378908	1.886946	0.943473146	0.94347315	1	1	1	NA	NA	NA	NA	NA	NA	NA	2	1	1	1	1	1	NA	NA	NA	2	1	1
6	102470761	103147802	2	1	1	2	d	5	1	1	0.0533764685573	0.149590337709	1.750946	0.875473058	0.87547306	1	1	1	NA	NA	NA	NA	NA	NA	NA	2	1	1	1	1	1	NA	NA	NA	2	1	1
6	103147803	103935203	2	1	1	2	d	5	1	1	0.043238121563	0.131417847332	1.887915	0.943957266	0.94395727	1	1	1	NA	NA	NA	NA	NA	NA	NA	2	1	1	1	1	1	NA	NA	NA	2	1	1
6	103935204	108931320	2	1	1	3	a	6	1	1	0.0387249998436	0.091043084622	2	1	1	1	1	1	NA	NA	NA	NA	NA	NA	NA	2	1	1	1	1	1	NA	NA	NA	2	1	1
6	108931321	109256611	2	1	1	2	d	5	1	0	0.05	0.0761747351187	2	1	1	1	1	1	NA	NA	NA	NA	NA	NA	NA	2	1	1	1	1	1	NA	NA	NA	2	1	1
6	109256612	113090091	2	1	1	3	a	6	1	1	0.0371606759368	0.0888041384794	2	1	1	1	1	1	NA	NA	NA	NA	NA	NA	NA	2	1	1	1	1	1	NA	NA	NA	2	1	1
6	113090092	113194909	2	1	1	2	d	3	1	1	0.05	0.118180188503	1.432352	0.716176171	0.71617617	1	1	1	NA	NA	NA	NA	NA	NA	NA	1	0	1	1	0	0.237229	1	1	0.762771	2	1	1
6	113194910	115932886	2	1	1	2	d	5	1	1	0.0363467873743	0.105911923805	1.8902	0.945099888	0.94509989	1	1	1	NA	NA	NA	NA	NA	NA	NA	2	1	1	1	1	1	NA	NA	NA	2	1	1
6	115932887	115958155	2	1	1	2	d	3	1	1	0.05	0.1	1.8902	0.945099888	0.94509989	1	1	1	NA	NA	NA	NA	NA	NA	NA	0	0	0	0	0	1	NA	NA	NA	2	1	1
6	115958156	128344784	2	1	1	2	d	5	1	1	0.0409120910836	0.110033632338	1.892267	0.946133501	0.9461335	1	1	1	NA	NA	NA	NA	NA	NA	NA	2	1	1	1	1	1	NA	NA	NA	2	1	1
6	128344785	141302667	2	1	1	3	a	6	1	1	0.0354310157526	0.0922369996148	2	1	1	1	1	1	NA	NA	NA	NA	NA	NA	NA	2	1	1	1	1	1	NA	NA	NA	2	1	1
6	141302668	161272682	2	1	1	3	a	6	1	1	0.0403605758233	0.0927795122414	2	1	1	1	1	1	NA	NA	NA	NA	NA	NA	NA	2	1	1	1	1	1	NA	NA	NA	2	1	1
6	161272683	161274222	2	1	1	2	d	4	1	1	0.05	0.1	2	1	1	1	0	0.341864758301616	1	1	0.658135241698384	0.0908859751594578	0.087944717437134	0.135143994551608	0.478803921332547	NA	NA	NA	1	1	1	NA	NA	NA	2	1	1
6	161274223	170915316	2	1	1	2	d	5	1	1	0.0420024957019	0.0892977891607	2.115711	1.057855553	1.05785555	1	1	1	NA	NA	NA	NA	NA	NA	NA	2	1	1	1	1	1	NA	NA	NA	2	1	1
7	40386	8577306	2	1	1	3	a	6	1	1	0.0404074526398	0.0991153048486	2	1	1	1	1	1	NA	NA	NA	NA	NA	NA	NA	2	1	1	1	1	1	NA	NA	NA	2	1	1
7	8577307	8644221	4	3	1	2	e	0	1	1	0.05	0.220306710484	0.718196	0.359097822	0.35909782	0	0	1	NA	NA	NA	NA	NA	NA	NA	1	0	1	1	0	0.0744339	0	0	0.925566	2	1	1
7	8644222	9781822	2	1	1	2	d	5	1	1	0.0434725610696	0.111079441625	1.737043	0.868521325	0.86852133	1	1	1	NA	NA	NA	NA	NA	NA	NA	2	1	1	1	1	1	NA	NA	NA	2	1	1
7	9781823	11709542	2	1	1	2	d	5	1	1	0.0400350071282	0.135275395009	1.87497	0.937485207	0.93748521	1	1	1	NA	NA	NA	NA	NA	NA	NA	2	1	1	1	1	1	NA	NA	NA	2	1	1
7	11709543	14285943	2	1	1	2	d	5	1	1	0.0391804208389	0.134582945558	1.877565	0.938782616	0.93878262	1	1	1	NA	NA	NA	NA	NA	NA	NA	2	1	1	1	1	1	NA	NA	NA	2	1	1
7	14285944	18354769	2	1	1	3	a	6	1	1	0.0405396895202	0.105075186737	2	1	1	1	1	1	NA	NA	NA	NA	NA	NA	NA	2	1	1	1	1	1	NA	NA	NA	2	1	1
7	18354770	18354803	2	1	1	3	b	5	1	1	0.05	0.1	2	1	1	1	1	1	NA	NA	NA	NA	NA	NA	NA	NA	NA	NA	1	1	1	NA	NA	NA	2	1	1
7	18354804	31840401	2	1	1	3	a	6	1	1	0.0391337975076	0.0901711961456	2	1	1	1	1	1	NA	NA	NA	NA	NA	NA	NA	2	1	1	1	1	1	NA	NA	NA	2	1	1
7	31840402	57940600	2	1	1	3	a	6	1	1	0.0405318467822	0.0997020948781	2	1	1	1	1	1	NA	NA	NA	NA	NA	NA	NA	2	1	1	1	1	1	NA	NA	NA	2	1	1
7	57940601	61699999	2	1	1	2	d	3	1	1	0.05	0.760384517914	2	1	1	NA	NA	NA	NA	NA	NA	NA	NA	NA	NA	1	0	1	0	0	1	NA	NA	NA	2	1	1
7	61700000	61848583	2	1	1	2	d	2	1	1	0.05	0.208936707555	NA	NA	NA	1	0	0.291436431885479	1	1	0.708563568114521	0.0746528717208358	0.0732875759640994	0.155628270560216	0.448597396616813	NA	NA	NA	1	0	0.123447	0	0	0.876553	2	1	1
7	61848584	62262087	0	0	0	2	e	4	1	1	0.05	0.458243165685	0.105503	0.052751626	0.05275163	0	0	0.906946872188959	1	0	0.0930531278110409	0.0186982507882499	0.0185576427723767	0.870509685654195	0.940809681451666	0	0	0	0	0	1	NA	NA	NA	1	0	1
7	62262088	62263881	0	0	0	2	f	3	1	1	0.05	0.1	0.105503	0.052751626	0.05275163	0	0	0.906946872188959	1	0	0.0930531278110409	0.0186982507882499	0.0185576427723767	0.870509685654195	0.940809681451666	NA	NA	NA	0	0	1	NA	NA	NA	1	0	1
7	62263882	62350007	0	0	0	2	e	4	1	1	0.05	0.306597760304	0.235894	0.117946947	0.11794695	0	0	0.906946872188959	1	0	0.0930531278110409	0.0186982507882499	0.0185576427723767	0.870509685654195	0.940809681451666	0	0	0	0	0	1	NA	NA	NA	1	0	1
7	62350008	62445165	0	0	0	2	e	4	1	1	0.05	0.564602189563	0.235894	0.117946947	0.11794695	0	0	0.906946872188959	1	0	0.0930531278110409	0.0186982507882499	0.0185576427723767	0.870509685654195	0.940809681451666	0	0	0	0	0	1	NA	NA	NA	1	0	1
7	62445166	62458260	1	1	0	2	d	2	1	1	0.05	0.1	NA	NA	NA	0	0	0.906946872188959	1	0	0.0930531278110409	0.0186982507882499	0.0185576427723767	0.870509685654195	0.940809681451666	1	0	1	1	0	0.30835	1	1	0.69165	1	0	1
7	62458261	84165591	2	1	1	3	a	6	1	1	0.0385169152471	0.112837313456	2	1	1	1	1	1	NA	NA	NA	NA	NA	NA	NA	2	1	1	1	1	1	NA	NA	NA	2	1	1
7	84165592	85222441	2	1	1	2	d	4	1	1	0.0522388960575	0.144308767596	1.661989	0.830994615	0.83099462	1	1	1	NA	NA	NA	NA	NA	NA	NA	1	0	1	1	1	1	NA	NA	NA	2	1	1
7	85222442	88558201	2	1	1	2	d	5	1	1	0.0416599900678	0.193796310453	1.889991	0.944995489	0.94499549	1	1	1	NA	NA	NA	NA	NA	NA	NA	2	1	1	1	1	1	NA	NA	NA	2	1	1
7	88558202	88644079	2	1	1	2	d	3	1	1	0.05	0.31605337637	1.149487	0.574743642	0.57474364	1	1	1	NA	NA	NA	NA	NA	NA	NA	1	0	1	1	0	0.130826	1	1	0.869174	2	1	1
7	88644080	93090248	2	1	1	3	a	6	1	1	0.0428936994119	0.10879380154	2	1	1	1	1	1	NA	NA	NA	NA	NA	NA	NA	2	1	1	1	1	1	NA	NA	NA	2	1	1
7	93090249	109171177	2	1	1	3	a	6	1	1	0.0396461978303	0.101735845872	2	1	1	1	1	1	NA	NA	NA	NA	NA	NA	NA	2	1	1	1	1	1	NA	NA	NA	2	1	1
7	109171178	113480049	2	1	1	3	a	6	1	1	0.0401432274796	0.112519654949	2	1	1	1	1	1	NA	NA	NA	NA	NA	NA	NA	2	1	1	1	1	1	NA	NA	NA	2	1	1
7	113480050	113560073	2	1	1	2	d	4	1	1	0.05	0.0996668573956	1.06583	0.53291518	0.53291518	1	1	1	NA	NA	NA	NA	NA	NA	NA	1	0	1	1	1	1	NA	NA	NA	2	1	1
7	113560074	114960165	2	1	1	3	a	6	1	1	0.0371378444496	0.108641277683	2	1	1	1	1	1	NA	NA	NA	NA	NA	NA	NA	2	1	1	1	1	1	NA	NA	NA	2	1	1
7	114960166	118579913	2	1	1	2	d	5	1	1	0.0380100914182	0.116591827497	1.864825	0.932412651	0.93241265	1	1	1	NA	NA	NA	NA	NA	NA	NA	2	1	1	1	1	1	NA	NA	NA	2	1	1
7	118579914	136145029	2	1	1	3	a	6	1	1	0.0414295861659	0.102460398703	2	1	1	1	1	1	NA	NA	NA	NA	NA	NA	NA	2	1	1	1	1	1	NA	NA	NA	2	1	1
7	136145030	136175797	2	1	1	2	d	2	NA	NA	NA	NA	0.561008	0.280503904	0.2805039	1	1	1	NA	NA	NA	NA	NA	NA	NA	0	0	0	1	0	0.0829626	0	0	0.917037	2	1	1
7	136175798	136757525	2	1	1	2	d	5	1	1	0.0462415349157	0.146882638829	1.622953	0.811476675	0.81147668	1	1	1	NA	NA	NA	NA	NA	NA	NA	2	1	1	1	1	1	NA	NA	NA	2	1	1
7	136757526	158821400	2	1	1	3	a	6	1	1	0.0396348651541	0.0978541304818	2	1	1	1	1	1	NA	NA	NA	NA	NA	NA	NA	2	1	1	1	1	1	NA	NA	NA	2	1	1
8	1	166428	1	1	0	2	d	4	NA	NA	NA	NA	NA	NA	NA	1	0	1	NA	NA	NA	NA	NA	NA	NA	1	0	1	1	0	1	NA	NA	NA	1	0	1
8	166429	20114358	1	1	0	2	d	4	1.13	0	0.0695323196741	0.100578566886	1	0	1	1	0	1	NA	NA	NA	NA	NA	NA	NA	1	0	1	1	0	0.923279	1	1	0.0767214	1	0	1
8	20114359	20115773	1	1	0	2	d	4	1.13	0	0.05	0.1	1	0	1	1	0	1	NA	NA	NA	NA	NA	NA	NA	1	0	1	1	0	0.923279	1	1	0.0767214	1	0	1
8	20115774	42717636	1	1	0	2	d	4	1.13	0	0.0682340225585	0.0773431280972	1	0	1	1	0	1	NA	NA	NA	NA	NA	NA	NA	1	0	1	1	0	0.925912	1	1	0.0740884	1	0	1
8	42717637	42810422	2	1	1	3	a	6	1	1	0.05	0.0821384566676	2	1	1	1	1	1	NA	NA	NA	NA	NA	NA	NA	2	1	1	1	1	1	NA	NA	NA	2	1	1
8	42810423	42810513	2	1	1	3	b	5	1	1	0.05	0.1	2	1	1	1	1	1	NA	NA	NA	NA	NA	NA	NA	NA	NA	NA	1	1	1	NA	NA	NA	2	1	1
8	42810514	43099999	2	1	1	3	a	6	1	1	0.05	0.100519475396	2	1	1	1	1	1	NA	NA	NA	NA	NA	NA	NA	2	1	1	1	1	1	NA	NA	NA	2	1	1
8	43100000	48099999	2	1	1	2	d	2	1	1	0.0486051989206	0.351988717002	1.123593	0.561796725	0.56179673	NA	NA	NA	NA	NA	NA	NA	NA	NA	NA	1	0	1	1	0	0.182598	1	1	0.817402	2	1	1
8	48100000	48690010	2	1	1	2	d	5	1	1	0.0302851353703	0.0864839538496	2.12959	1.064794771	1.06479477	1	1	1	NA	NA	NA	NA	NA	NA	NA	2	1	1	1	1	1	NA	NA	NA	2	1	1
8	48690011	48690144	2	1	1	2	d	4	1	1	0.05	0.1	2.12959	1.064794771	1.06479477	1	1	1	NA	NA	NA	NA	NA	NA	NA	NA	NA	NA	1	1	1	NA	NA	NA	2	1	1
8	48690145	65138919	2	1	1	3	a	6	1	1	0.0389915445069	0.101401424381	2	1	1	1	1	1	NA	NA	NA	NA	NA	NA	NA	2	1	1	1	1	1	NA	NA	NA	2	1	1
8	65138920	65279950	2	1	1	2	d	4	1	1	0.05	0.306301877054	2	1	1	0	0	1	NA	NA	NA	NA	NA	NA	NA	1	0	1	1	1	1	NA	NA	NA	2	1	1
8	65279951	76646402	2	1	1	3	a	6	1	1	0.0420413390932	0.100310164829	2	1	1	1	1	1	NA	NA	NA	NA	NA	NA	NA	2	1	1	1	1	1	NA	NA	NA	2	1	1
8	76646403	78452627	2	1	1	2	d	5	1	1	0.0438263710426	0.149647293091	1.801494	0.900746757	0.90074676	1	1	1	NA	NA	NA	NA	NA	NA	NA	2	1	1	1	1	1	NA	NA	NA	2	1	1
8	78452628	78610812	2	1	1	2	d	3	1	1	0.043085003837	0.117281447006	1.385006	0.692503197	0.6925032	1	1	1	NA	NA	NA	NA	NA	NA	NA	1	0	1	1	0	0.149532	1	1	0.850468	2	1	1
8	78610813	79129981	2	1	1	2	d	5	1	1	0.0389684901618	0.138174415316	1.673935	0.836967405	0.8369674	1	1	1	NA	NA	NA	NA	NA	NA	NA	2	1	1	1	1	1	NA	NA	NA	2	1	1
8	79129982	79347698	2	1	1	2	d	5	1	1	0.05	0.120205110828	1.767968	0.883983855	0.88398385	1	1	1	NA	NA	NA	NA	NA	NA	NA	2	1	1	1	1	1	NA	NA	NA	2	1	1
8	79347699	79458666	2	1	1	2	d	4	1	1	0.05	0.118433669725	1.613554	0.806777089	0.80677709	1	1	1	NA	NA	NA	NA	NA	NA	NA	1	0	1	1	1	1	NA	NA	NA	2	1	1
8	79458667	80006667	2	1	1	2	d	5	1	1	0.0398862071901	0.105120367092	1.807228	0.903614097	0.9036141	1	1	1	NA	NA	NA	NA	NA	NA	NA	2	1	1	1	1	1	NA	NA	NA	2	1	1
8	80006668	80167085	2	1	1	2	d	3	1	1	0.0485919714536	0.208638836589	1.374001	0.687000696	0.6870007	1	1	1	NA	NA	NA	NA	NA	NA	NA	1	0	1	1	0	0.212413	1	1	0.787587	2	1	1
8	80167086	83320557	2	1	1	3	a	6	1	1	0.0353344966935	0.0975646376112	2	1	1	1	1	1	NA	NA	NA	NA	NA	NA	NA	2	1	1	1	1	1	NA	NA	NA	2	1	1
8	83320558	93750051	2	1	1	3	a	6	1	1	0.0418409027773	0.107320925942	2	1	1	1	1	1	NA	NA	NA	NA	NA	NA	NA	2	1	1	1	1	1	NA	NA	NA	2	1	1
8	93750052	108610017	2	1	1	3	a	6	1	1	0.0397399230515	0.114422673249	2	1	1	1	1	1	NA	NA	NA	NA	NA	NA	NA	2	1	1	1	1	1	NA	NA	NA	2	1	1
8	108610018	120350887	2	1	1	3	a	6	1	1	0.0422751826396	0.120341575983	2	1	1	1	1	1	NA	NA	NA	NA	NA	NA	NA	2	1	1	1	1	1	NA	NA	NA	2	1	1
8	120350888	120378477	2	1	1	2	e	4	1	1	0.0551498830453	0.1	0.995316	0.497658235	0.49765824	0	0	1	NA	NA	NA	NA	NA	NA	NA	1	0	1	1	0	0.240148	1	1	0.759852	2	1	1
8	120378478	127435594	2	1	1	3	a	6	1	1	0.0412598178655	0.0956171079353	2	1	1	1	1	1	NA	NA	NA	NA	NA	NA	NA	2	1	1	1	1	1	NA	NA	NA	2	1	1
8	127435595	127436398	2	1	1	3	b	5	1	1	0.05	0.1	2	1	1	1	1	1	NA	NA	NA	NA	NA	NA	NA	NA	NA	NA	1	1	1	NA	NA	NA	2	1	1
8	127436399	128043890	2	1	1	3	a	6	1	1	0.0418138521552	0.088226999628	2	1	1	1	1	1	NA	NA	NA	NA	NA	NA	NA	2	1	1	1	1	1	NA	NA	NA	2	1	1
8	128043891	129504924	2	1	1	3	a	6	1	1	0.0395843450346	0.118880633507	2	1	1	1	1	1	NA	NA	NA	NA	NA	NA	NA	2	1	1	1	1	1	NA	NA	NA	2	1	1
8	129504925	131133018	2	1	1	2	d	5	1	1	0.0417746901777	0.11822685536	1.889233	0.944616262	0.94461626	1	1	1	NA	NA	NA	NA	NA	NA	NA	2	1	1	1	1	1	NA	NA	NA	2	1	1
8	131133019	131295470	1	1	0	2	d	5	1	0	0.05	0.0725419774674	1	0	1	1	0	0.691932556734382	1	1	0.308067443265618	0.128766984270344	0.180433815346008	-0.170717454612434	0.521664749175659	1	0	1	1	0	1	NA	NA	NA	1	0	1
8	131295471	131301119	2	1	1	2	d	3	1	1	0.05	0.1	1	0	1	1	1	0.825138140868715	2	1	0.174861859131285	NA	0	0.825138140868715	0.825138140868715	NA	NA	NA	1	1	1	NA	NA	NA	2	1	1
8	131301120	131301153	2	1	1	2	d	3	1	1	0.05	0.1	NA	NA	NA	NA	NA	NA	NA	NA	NA	NA	NA	NA	NA	NA	NA	NA	1	1	1	NA	NA	NA	2	1	1
8	131301154	132723423	2	1	1	3	a	6	1	1	0.0425953944871	0.107418223104	2	1	1	1	1	1	NA	NA	NA	NA	NA	NA	NA	2	1	1	1	1	1	NA	NA	NA	2	1	1
8	132723424	137148458	2	1	1	3	a	6	1	1	0.0393096815812	0.0958734518495	2	1	1	1	1	1	NA	NA	NA	NA	NA	NA	NA	2	1	1	1	1	1	NA	NA	NA	2	1	1
8	137148459	137171751	2	1	1	2	d	3	1	1	0.05	0.1	2	1	1	0	0	1	NA	NA	NA	NA	NA	NA	NA	1	0	1	1	0	0.0746583	0	0	0.925342	2	1	1
8	137171752	146364021	2	1	1	3	a	6	1	1	0.0410412774388	0.0962324222264	2	1	1	1	1	1	NA	NA	NA	NA	NA	NA	NA	2	1	1	1	1	1	NA	NA	NA	2	1	1
9	1	225833	2	1	1	2	d	4	1	1	0.05	0.1	NA	NA	NA	1	1	1	NA	NA	NA	NA	NA	NA	NA	NA	NA	NA	1	1	1	NA	NA	NA	2	1	1
9	225834	9253816	2	1	1	3	a	6	1	1	0.0411728777091	0.125238267821	2	1	1	1	1	1	NA	NA	NA	NA	NA	NA	NA	2	1	1	1	1	1	NA	NA	NA	2	1	1
9	9253817	10739982	2	1	1	2	d	5	1	1	0.0454638009338	0.177343301166	1.684271	0.842135633	0.84213563	1	1	1	NA	NA	NA	NA	NA	NA	NA	2	1	1	1	1	1	NA	NA	NA	2	1	1
9	10739983	12146581	2	1	1	3	a	6	1	1	0.0380250002963	0.132199827823	2	1	1	1	1	1	NA	NA	NA	NA	NA	NA	NA	2	1	1	1	1	1	NA	NA	NA	2	1	1
9	12146582	12231686	2	1	1	2	d	4	1	1	0.05	0.0934910418611	1.615394	0.807697081	0.80769708	1	1	1	NA	NA	NA	NA	NA	NA	NA	1	0	1	1	1	1	NA	NA	NA	2	1	1
9	12231687	22689666	2	1	1	3	a	6	1	1	0.0408440580674	0.108305026001	2	1	1	1	1	1	NA	NA	NA	NA	NA	NA	NA	2	1	1	1	1	1	NA	NA	NA	2	1	1
9	22689667	22740020	2	1	1	2	d	2	1	1	0.0584620181818	0.1	1.421089	0.710544571	0.71054457	1	0	0.228423149315644	1	1	0.771576850684356	0.0642518170050423	0.0662028708941619	0.0733112723582102	0.335937842588629	1	0	1	1	0	0.279647	1	1	0.720353	2	1	1
9	22740021	22889201	2	1	1	2	d	5	1	1	0.05	0.115369274293	1.421089	0.710544571	0.71054457	1	1	1	NA	NA	NA	NA	NA	NA	NA	2	1	1	1	1	1	NA	NA	NA	2	1	1
9	22889202	24479966	2	1	1	2	d	5	1	1	0.0419007736914	0.118099252709	1.807272	0.903635833	0.90363583	1	1	1	NA	NA	NA	NA	NA	NA	NA	2	1	1	1	1	1	NA	NA	NA	2	1	1
9	24479967	26025573	2	1	1	2	d	5	1	1	0.0499209763093	0.118910722049	1.806669	0.903334658	0.90333466	1	1	1	NA	NA	NA	NA	NA	NA	NA	2	1	1	1	1	1	NA	NA	NA	2	1	1
9	26025574	26109995	2	1	1	2	d	2	1	1	0.0348104978169	0.270854402914	0.913664	0.45683177	0.45683177	0	0	0.929152481846391	1	0	0.0708475181536086	0.0339453645820089	0.0338909130426303	0.85391939362239	0.990249623048574	1	0	1	1	0	0.108286	0	0	0.891714	2	1	1
9	26109996	29434090	2	1	1	2	d	5	1	1	0.0466179055735	0.107961438951	1.864354	0.932177177	0.93217718	1	1	1	NA	NA	NA	NA	NA	NA	NA	2	1	1	1	1	1	NA	NA	NA	2	1	1
9	29434091	30140554	2	1	1	2	d	5	1	1	0.0367472845589	0.12512801178	1.890911	0.945455568	0.94545557	1	1	1	NA	NA	NA	NA	NA	NA	NA	2	1	1	1	1	1	NA	NA	NA	2	1	1
9	30140555	31209939	2	1	1	2	d	5	1	1	0.0449647227736	0.158832616849	1.78582	0.892909941	0.89290994	1	1	1	NA	NA	NA	NA	NA	NA	NA	2	1	1	1	1	1	NA	NA	NA	2	1	1
9	31209940	31426202	2	1	1	2	d	5	1	1	0.05	0.0838199918094	2.111106	1.055552854	1.05555285	1	1	1	NA	NA	NA	NA	NA	NA	NA	2	1	1	1	1	1	NA	NA	NA	2	1	1
9	31426203	31752158	2	1	1	2	d	2	1	1	0.0458448755661	0.302880895368	1.374875	0.687437721	0.68743772	1	0	0.159501918302344	1	1	0.840498081697656	0.0605596476375415	0.0593521437827265	0.0708755708183367	0.297962354575563	1	0	1	1	0	0.298038	1	1	0.701962	2	1	1
9	31752159	45471002	2	1	1	3	a	6	1	1	0.0445062976835	0.102594753673	2	1	1	1	1	1	NA	NA	NA	NA	NA	NA	NA	2	1	1	1	1	1	NA	NA	NA	2	1	1
9	45471003	47299999	2	1	1	2	d	3	NA	NA	NA	NA	2	1	1	NA	NA	NA	NA	NA	NA	NA	NA	NA	NA	1	0	1	1	1	1	NA	NA	NA	2	1	1
9	47300000	50699999	2	1	1	1	h	1	NA	NA	NA	NA	NA	NA	NA	NA	NA	NA	NA	NA	NA	NA	NA	NA	NA	NA	NA	NA	NA	NA	NA	NA	NA	NA	2	1	1
9	50700000	75974642	2	1	1	3	a	6	1	1	0.0405081799418	0.131691878772	2	1	1	1	1	1	NA	NA	NA	NA	NA	NA	NA	2	1	1	1	1	1	NA	NA	NA	2	1	1
9	75974643	76050241	2	1	1	2	d	3	1	1	0.05	0.190637479785	1.144463	0.572231487	0.57223149	0	0	1	NA	NA	NA	NA	NA	NA	NA	1	0	1	1	1	1	NA	NA	NA	2	1	1
9	76050242	77019971	2	1	1	2	d	5	1	1	0.0371166076195	0.122503199545	1.878168	0.939083791	0.93908379	1	1	1	NA	NA	NA	NA	NA	NA	NA	2	1	1	1	1	1	NA	NA	NA	2	1	1
9	77019972	83074475	2	1	1	3	a	6	1	1	0.041335058949	0.100203274433	2	1	1	1	1	1	NA	NA	NA	NA	NA	NA	NA	2	1	1	1	1	1	NA	NA	NA	2	1	1
9	83074476	83278096	2	1	1	2	d	3	1	1	0.0544878265609	0.171295480686	1.360478	0.680238824	0.68023882	1	1	1	NA	NA	NA	NA	NA	NA	NA	1	0	1	1	0	0.25871	1	1	0.74129	2	1	1
9	83278097	106668831	2	1	1	3	a	6	1	1	0.0389937394722	0.0944810086875	2	1	1	1	1	1	NA	NA	NA	NA	NA	NA	NA	2	1	1	1	1	1	NA	NA	NA	2	1	1
9	106668832	106760025	2	1	1	2	e	4	1	1	0.0455997673713	0.230003085607	0.964199	0.482099541	0.48209954	0	0	1	NA	NA	NA	NA	NA	NA	NA	1	0	1	1	0	0.149532	1	1	0.850468	2	1	1
9	106760026	108895527	2	1	1	3	a	6	1	1	0.0383624745929	0.0980091020913	2	1	1	1	1	1	NA	NA	NA	NA	NA	NA	NA	2	1	1	1	1	1	NA	NA	NA	2	1	1
9	108895528	108947801	2	1	1	2	d	4	1	1	0.05	0.1	1.422949	0.711474279	0.71147428	1	1	1	NA	NA	NA	NA	NA	NA	NA	1	0	1	1	1	1	NA	NA	NA	2	1	1
9	108947802	112107234	2	1	1	3	a	6	1	1	0.0423441010009	0.112040611861	2	1	1	1	1	1	NA	NA	NA	NA	NA	NA	NA	2	1	1	1	1	1	NA	NA	NA	2	1	1
9	112107235	112114555	2	1	1	3	b	5	1	1	0.05	0.1	2	1	1	1	1	1	NA	NA	NA	NA	NA	NA	NA	NA	NA	NA	1	1	1	NA	NA	NA	2	1	1
9	112114556	140273200	2	1	1	3	a	6	1	1	0.0383048768311	0.097336058452	2	1	1	1	1	1	NA	NA	NA	NA	NA	NA	NA	2	1	1	1	1	1	NA	NA	NA	2	1	1
10	90127	25622601	2	1	1	3	a	6	1	1	0.0409648164566	0.0902639908204	2	1	1	1	1	1	NA	NA	NA	NA	NA	NA	NA	2	1	1	1	1	1	NA	NA	NA	2	1	1
10	25622602	25670005	2	1	1	2	d	2	1	1	0.05	0.1	1.094818	0.547408811	0.54740881	1	0	0.215891371312551	1	1	0.784108628687449	0.0681996809671808	0.0693036795812181	0.0167953028897161	0.281540485689101	1	0	1	1	0	0.286587	1	1	0.713413	2	1	1
10	25670006	37999999	2	1	1	3	a	6	1	1	0.0415084143084	0.0894123298629	2	1	1	1	1	1	NA	NA	NA	NA	NA	NA	NA	2	1	1	1	1	1	NA	NA	NA	2	1	1
10	38000000	42445848	NA	NA	NA	NA	NA	NA	1	1	0.0370248186837	0.272019867797	0.84386	0.421930176	0.42193018	NA	NA	NA	NA	NA	NA	NA	NA	NA	NA	2	1	1	1	1	1	NA	NA	NA	2	1	1
10	42445849	42499284	0	0	0	2	d	3	1	1	0.05	0.461762273163	0.84386	0.421930176	0.42193018	0	0	1	NA	NA	NA	NA	NA	NA	NA	0	0	0	0	0	1	NA	NA	NA	2	1	1
10	42499285	42798152	2	1	1	2	f	3	1	1	0.05	0.200943929448	NA	NA	NA	0	0	1	NA	NA	NA	NA	NA	NA	NA	1	0	1	1	0	0.281197	1	1	0.718803	2	1	1
10	42798153	45787643	2	1	1	3	a	6	1	1	0.0418632942026	0.0854100512603	2	1	1	1	1	1	NA	NA	NA	NA	NA	NA	NA	2	1	1	1	1	1	NA	NA	NA	2	1	1
10	45787644	45788783	2	1	1	3	b	5	1	1	0.05	0.1	2	1	1	1	1	1	NA	NA	NA	NA	NA	NA	NA	NA	NA	NA	1	1	1	NA	NA	NA	2	1	1
10	45788784	58170171	2	1	1	3	a	6	1	1	0.0462291387241	0.108541947945	2	1	1	1	1	1	NA	NA	NA	NA	NA	NA	NA	2	1	1	1	1	1	NA	NA	NA	2	1	1
10	58170172	62848013	2	1	1	2	d	5	1	1	0.0432777618196	0.102274749854	1.879759	0.939879461	0.93987946	1	1	1	NA	NA	NA	NA	NA	NA	NA	2	1	1	1	1	1	NA	NA	NA	2	1	1
10	62848014	63093202	2	1	1	2	d	3	1	1	0.05	0.205697753422	1.879759	0.939879461	0.93987946	1	1	1	NA	NA	NA	NA	NA	NA	NA	1	0	1	1	0	0.108644	1	1	0.891356	2	1	1
10	63093203	83121279	2	1	1	3	a	6	1	1	0.0415546628648	0.0952767273381	2	1	1	1	1	1	NA	NA	NA	NA	NA	NA	NA	2	1	1	1	1	1	NA	NA	NA	2	1	1
10	83121280	83200486	2	1	1	2	d	3	1	1	0.0405112667771	0.102823782524	1.519455	0.759727541	0.75972754	1	1	1	NA	NA	NA	NA	NA	NA	NA	1	0	1	1	0	0.168965	1	1	0.831035	2	1	1
10	83200487	91998792	2	1	1	2	d	5	1	1	0.0426065552487	0.115547229159	1.870197	0.935098529	0.93509853	1	1	1	NA	NA	NA	NA	NA	NA	NA	2	1	1	1	1	1	NA	NA	NA	2	1	1
10	91998793	92004959	2	1	1	2	d	3	1	1	0.05	0.1	1.870197	0.935098529	0.93509853	0	0	0.395960108181205	1	0	0.604039891818795	NA	0	0.395960108181205	0.395960108181205	NA	NA	NA	1	1	1	NA	NA	NA	2	1	1
10	92004960	107735000	2	1	1	3	a	6	1	1	0.0406041795169	0.0947482506943	2	1	1	1	1	1	NA	NA	NA	NA	NA	NA	NA	2	1	1	1	1	1	NA	NA	NA	2	1	1
10	107735001	107911992	2	1	1	2	d	5	1	1	0.0428044307804	0.135668322004	1.553055	0.776527493	0.77652749	1	1	1	NA	NA	NA	NA	NA	NA	NA	2	1	1	1	1	1	NA	NA	NA	2	1	1
10	107911993	109630929	2	1	1	2	d	5	1	1	0.0437315198809	0.105095495746	1.855492	0.927745997	0.927746	1	1	1	NA	NA	NA	NA	NA	NA	NA	2	1	1	1	1	1	NA	NA	NA	2	1	1
10	109630930	109856275	2	1	1	2	d	5	1	1	0.0421807100541	0.143628846692	1.764524	0.882261935	0.88226194	1	1	1	NA	NA	NA	NA	NA	NA	NA	2	1	1	1	1	1	NA	NA	NA	2	1	1
10	109856276	135235890	2	1	1	3	a	6	1	1	0.0411915558331	0.104351707422	2	1	1	1	1	1	NA	NA	NA	NA	NA	NA	NA	2	1	1	1	1	1	NA	NA	NA	2	1	1
10	135235891	135389924	2	1	1	2	d	4	0.87	0.87	0.0435910130284	0.0845077500518	2	1	1	NA	NA	NA	NA	NA	NA	NA	NA	NA	NA	2	1	1	1	1	1	NA	NA	NA	2	1	1
11	20721	197336	2	1	1	2	d	2	1	1	0.05	0.1	NA	NA	NA	NA	NA	NA	NA	NA	NA	NA	NA	NA	NA	NA	NA	NA	2	0	0.490872	2	1	0.509128	2	1	1
11	197337	21282021	2	1	1	3	a	6	1	1	0.0396953481479	0.102690278975	2	1	1	1	1	1	NA	NA	NA	NA	NA	NA	NA	2	1	1	1	1	1	NA	NA	NA	2	1	1
11	21282022	21425866	2	1	1	2	d	3	1	1	0.0401524558144	0.216216583381	1.369788	0.684894115	0.68489412	1	1	1	NA	NA	NA	NA	NA	NA	NA	1	0	1	1	0	0.19272	1	1	0.80728	2	1	1
11	21425867	21559950	2	1	1	3	a	6	1	1	0.0459468297402	0.134903050602	2	1	1	1	1	1	NA	NA	NA	NA	NA	NA	NA	2	1	1	1	1	1	NA	NA	NA	2	1	1
11	21559951	21633810	2	1	1	2	d	4	1	1	0.043324822732	0.210449617069	1.120539	0.560269442	0.56026944	1	1	1	NA	NA	NA	NA	NA	NA	NA	1	0	1	1	1	1	NA	NA	NA	2	1	1
11	21633811	24520306	2	1	1	2	d	5	1	1	0.0476408184018	0.117991525156	1.890329	0.945164437	0.94516444	1	1	1	NA	NA	NA	NA	NA	NA	NA	2	1	1	1	1	1	NA	NA	NA	2	1	1
11	24520307	24580000	2	1	1	2	d	4	1	1	0.05	0.145864267603	1.890329	0.945164437	0.94516444	1	1	1	NA	NA	NA	NA	NA	NA	NA	1	0	1	1	1	1	NA	NA	NA	2	1	1
11	24580001	25233827	2	1	1	3	a	6	1	1	0.0396177603845	0.121440940141	2	1	1	1	1	1	NA	NA	NA	NA	NA	NA	NA	2	1	1	1	1	1	NA	NA	NA	2	1	1
11	25233828	25265015	0	0	0	2	d	3	0	0	0.05	0.1	0.651703	0.325851622	0.32585162	0	0	1	NA	NA	NA	NA	NA	NA	NA	0	0	0	1	0	0.0697012	0	0	0.930299	2	1	1
11	25265016	25960002	2	1	1	2	d	4	1	1	0.05	0.175214566436	1.65284	0.826419846	0.82641985	1	0	0.0804919669017058	1	1	0.919508033098294	0.0681357276786156	0.064060043850306	0.0238359112530887	0.275415513381253	2	1	1	1	1	1	NA	NA	NA	2	1	1
11	25960003	26759745	2	1	1	2	d	5	1	1	0.0465114131498	0.104700706878	1.850065	0.925032455	0.92503246	1	1	1	NA	NA	NA	NA	NA	NA	NA	2	1	1	1	1	1	NA	NA	NA	2	1	1
11	26759746	26836121	4	3	1	2	e	0	1	1	0.05	0.16992583006	0.923107	0.461553587	0.46155359	0	0	1	NA	NA	NA	NA	NA	NA	NA	1	0	1	1	0	0.0801293	0	0	0.919871	2	1	1
11	26836122	30017801	2	1	1	2	d	5	1	1	0.04168902812	0.121520917223	1.752945	0.876472255	0.87647226	1	1	1	NA	NA	NA	NA	NA	NA	NA	2	1	1	1	1	1	NA	NA	NA	2	1	1
11	30017802	37085247	2	1	1	3	a	6	1	1	0.0384574898907	0.0945773547703	2	1	1	1	1	1	NA	NA	NA	NA	NA	NA	NA	2	1	1	1	1	1	NA	NA	NA	2	1	1
11	37085248	37190973	2	1	1	2	d	3	1	1	0.0595891869016	0.114665836893	1.416532	0.708265914	0.70826591	1	1	1	NA	NA	NA	NA	NA	NA	NA	1	0	1	1	0	0.130826	1	1	0.869174	2	1	1
11	37190974	40991703	2	1	1	3	a	6	1	1	0.0455983556746	0.116996409552	2	1	1	1	1	1	NA	NA	NA	NA	NA	NA	NA	2	1	1	1	1	1	NA	NA	NA	2	1	1
11	40991704	41060404	2	1	1	2	d	4	1	1	0.0507499359601	0.0831482565022	1.521823	0.760911659	0.76091166	1	1	1	NA	NA	NA	NA	NA	NA	NA	1	0	1	1	1	1	NA	NA	NA	2	1	1
11	41060405	41399973	2	1	1	2	d	5	1	1	0.04658970767	0.117179763465	1.883561	0.941780373	0.94178037	1	1	1	NA	NA	NA	NA	NA	NA	NA	2	1	1	1	1	1	NA	NA	NA	2	1	1
11	41399974	41460016	2	1	1	2	e	4	1	1	0.05	0.269369781172	1.883561	0.941780373	0.94178037	0	0	1	NA	NA	NA	NA	NA	NA	NA	1	0	1	1	0	0.182598	1	1	0.817402	2	1	1
11	41460017	48692016	2	1	1	3	a	6	1	1	0.0407534884437	0.0999779502851	2	1	1	1	1	1	NA	NA	NA	NA	NA	NA	NA	2	1	1	1	1	1	NA	NA	NA	2	1	1
11	48692017	48824651	2	1	1	2	d	4	NA	NA	NA	NA	2	1	1	1	1	1	NA	NA	NA	NA	NA	NA	NA	1	0	1	1	1	1	NA	NA	NA	2	1	1
11	48824652	48949327	0	0	0	1	g	NA	NA	NA	NA	NA	NA	NA	NA	0	0	1	NA	NA	NA	NA	NA	NA	NA	1	0	1	1	0	0.130736	0	0	0.869264	2	1	1
11	48949328	50352275	2	1	1	2	d	5	1	1	0.0374867831178	0.135099554703	1.252747	0.626373393	0.62637339	1	1	1	NA	NA	NA	NA	NA	NA	NA	2	1	1	1	1	1	NA	NA	NA	2	1	1
11	50352276	50364972	0	0	0	2	d	3	1	1	0.05	0.1	1.252747	0.626373393	0.62637339	0	0	0.930966869506423	1	0	0.0690331304935772	0.0227880278236505	0.0225978728515044	0.869825382455636	0.958481955612603	0	0	0	0	0	1	NA	NA	NA	0	0	0
11	50364973	50477558	0	0	0	2	d	3	1	1	0.05	0.438888441005	0.196004	0.098001861	0.09800186	0	0	0.930966869506423	1	0	0.0690331304935772	0.0227880278236505	0.0225978728515044	0.869825382455636	0.958481955612603	0	0	0	0	0	1	NA	NA	NA	0	0	0
11	50477559	50518417	0	0	0	2	d	4	1	1	0.05	0.1	0	0	0	0	0	0.930966869506423	1	0	0.0690331304935772	0.0227880278236505	0.0225978728515044	0.869825382455636	0.958481955612603	0	0	0	0	0	1	NA	NA	NA	0	0	0
11	50518418	50653226	0	0	0	2	d	4	0.46	0.46	0.05	0.587187728789	0	0	0	0	0	0.930966869506423	1	0	0.0690331304935772	0.0227880278236505	0.0225978728515044	0.869825382455636	0.958481955612603	0	0	0	0	0	1	NA	NA	NA	0	0	0
11	50653227	50667400	2	1	1	2	d	4	1	1	0.05	0.1	NA	NA	NA	1	1	1	NA	NA	NA	NA	NA	NA	NA	2	1	1	1	1	1	NA	NA	NA	1	0	1
11	50667401	50692401	1	1	0	2	d	2	1	1	0.05	0.1	NA	NA	NA	0	0	0.939861174034224	1	0	0.0601388259657759	0.0153401132947158	0.014948814098402	0.910457045765651	0.97002901337979	1	0	1	1	0	0.192133	0	0	0.807867	1	0	1
11	50692402	51091001	1	1	0	2	d	2	1	1	0.05	0.234111564497	NA	NA	NA	0	0	0.939861174034224	1	0	0.0601388259657759	0.0153401132947158	0.014948814098402	0.910457045765651	0.97002901337979	1	0	1	1	0	0.123447	0	0	0.876553	1	0	1
11	51091002	51287360	0	0	0	2	d	3	1	1	0.05	0.344089607149	0	0	0	0	0	0.939861174034224	1	0	0.0601388259657759	0.0153401132947158	0.014948814098402	0.910457045765651	0.97002901337979	0	0	0	0	0	1	NA	NA	NA	1	0	1
11	51287361	51369704	1	1	0	2	d	2	1	1	0.05	0.181921929275	0.438285	0.219142517	0.21914252	0	0	0.939861174034224	1	0	0.0601388259657759	0.0153401132947158	0.014948814098402	0.910457045765651	0.97002901337979	1	0	1	1	0	0.127477	0	0	0.872523	1	0	1
11	51369705	51371795	1	1	0	2	d	2	1	1	0.05	0.1	0.438285	0.219142517	0.21914252	0	0	0.939861174034224	1	0	0.0601388259657759	0.0153401132947158	0.014948814098402	0.910457045765651	0.97002901337979	1	0	1	1	0	0.0890493	0	0	0.910951	1	0	1
11	51371796	51404004	1	1	0	2	d	2	1	1	0.05	0.1	NA	NA	NA	0	0	0.939861174034224	1	0	0.0601388259657759	0.0153401132947158	0.014948814098402	0.910457045765651	0.97002901337979	1	0	1	1	0	0.0890493	0	0	0.910951	1	0	1
11	51404005	51566227	2	1	1	3	b	5	1	1	0.05	0.126752678633	NA	NA	NA	1	1	1	NA	NA	NA	NA	NA	NA	NA	2	1	1	1	1	1	NA	NA	NA	2	1	1
11	51566228	55699999	2	1	1	2	d	3	1	1	0.038833508601	0.32345169194	1.362872	0.681435951	0.68143595	NA	NA	NA	NA	NA	NA	NA	NA	NA	NA	2	1	1	1	0	0.168965	1	1	0.831035	2	1	1
11	55700000	59165116	2	1	1	3	a	6	1	1	0.0381706115847	0.0996698960224	2	1	1	1	1	1	NA	NA	NA	NA	NA	NA	NA	2	1	1	1	1	1	NA	NA	NA	2	1	1
11	59165117	80623158	2	1	1	3	a	6	1	1	0.0397654989897	0.0919036974544	2	1	1	1	1	1	NA	NA	NA	NA	NA	NA	NA	2	1	1	1	1	1	NA	NA	NA	2	1	1
11	80623159	80644237	4	3	1	2	e	0	1	1	0.05	0.1	0.713537	0.356768447	0.35676845	0	0	1	NA	NA	NA	NA	NA	NA	NA	1	0	1	1	0	0.13569	0	0	0.86431	2	1	1
11	80644238	81789739	2	1	1	2	d	5	1	1	0.0422183584243	0.119957629341	1.784729	0.892364729	0.89236473	1	1	1	NA	NA	NA	NA	NA	NA	NA	2	1	1	1	1	1	NA	NA	NA	2	1	1
11	81789740	81891680	2	1	1	2	d	3	1	1	0.0460843086224	0.186129728035	1.25813	0.629065199	0.6290652	1	1	1	NA	NA	NA	NA	NA	NA	NA	1	0	1	1	0	0.187747	1	1	0.812253	2	1	1
11	81891681	82089996	2	1	1	2	d	4	1	1	0.0429248825407	0.19727299918	1.54956	0.77478005	0.77478005	1	1	1	NA	NA	NA	NA	NA	NA	NA	1	0	1	1	1	1	NA	NA	NA	2	1	1
11	82089997	84402723	2	1	1	3	a	6	1	1	0.0412120922118	0.0943912167796	2	1	1	1	1	1	NA	NA	NA	NA	NA	NA	NA	2	1	1	1	1	1	NA	NA	NA	2	1	1
11	84402724	84796996	2	1	1	2	d	3	1	1	0.0519001914678	0.144057979073	1.527552	0.763776035	0.76377604	1	0	0.102176418700571	1	1	0.897823581299429	0.0286463533877569	0.0281508923640977	0.0480559371952821	0.159722863038254	1	0	1	1	1	1	NA	NA	NA	2	1	1
11	84796997	84816061	2	1	1	2	d	4	1	1	0.05	0.1	1.674559	0.837279283	0.83727928	1	0	0.102176418700571	1	1	0.897823581299429	0.0286463533877569	0.0281508923640977	0.0480559371952821	0.159722863038254	2	1	1	1	1	1	NA	NA	NA	2	1	1
11	84816062	89021800	2	1	1	3	a	6	1	1	0.0380755408194	0.108467551899	2	1	1	1	1	1	NA	NA	NA	NA	NA	NA	NA	2	1	1	1	1	1	NA	NA	NA	2	1	1
11	89021801	90793296	2	1	1	2	d	5	1	1	0.042216121053	0.128816408845	1.895918	0.947958995	0.947959	1	1	1	NA	NA	NA	NA	NA	NA	NA	2	1	1	1	1	1	NA	NA	NA	2	1	1
11	90793297	91129876	2	1	1	2	d	4	1	1	0.0672732755594	0.171504988196	1.537214	0.768607191	0.76860719	1	1	1	NA	NA	NA	NA	NA	NA	NA	1	0	1	1	1	1	NA	NA	NA	2	1	1
11	91129877	91784663	2	1	1	2	d	5	1	1	0.0516171112765	0.11912981486	1.800891	0.900445746	0.90044575	1	1	1	NA	NA	NA	NA	NA	NA	NA	2	1	1	1	1	1	NA	NA	NA	2	1	1
11	91784664	91869585	2	1	1	2	d	3	1	1	0.068735280638	0.150182109267	1.169318	0.584659045	0.58465905	1	1	1	NA	NA	NA	NA	NA	NA	NA	1	0	1	1	0	0.247363	1	1	0.752637	2	1	1
11	91869586	99535827	2	1	1	3	a	6	1	1	0.0405475764936	0.101491152896	2	1	1	1	1	1	NA	NA	NA	NA	NA	NA	NA	2	1	1	1	1	1	NA	NA	NA	2	1	1
11	99535828	99570590	2	1	1	2	d	5	1	1	0.05	0.1	1.665697	0.832848433	0.83284843	1	1	1	NA	NA	NA	NA	NA	NA	NA	2	1	1	1	1	1	NA	NA	NA	2	1	1
11	99570591	100007888	2	1	1	3	a	6	1	1	0.0412845237367	0.0928695919693	2	1	1	1	1	1	NA	NA	NA	NA	NA	NA	NA	2	1	1	1	1	1	NA	NA	NA	2	1	1
11	100007889	100233864	2	1	1	2	d	3	1	1	0.0496459048537	0.11654814087	1.442216	0.721107773	0.72110777	1	1	1	NA	NA	NA	NA	NA	NA	NA	1	0	1	1	0	0.183295	1	1	0.816705	2	1	1
11	100233865	104310125	2	1	1	3	a	6	1	1	0.0423589358944	0.0984812981575	2	1	1	1	1	1	NA	NA	NA	NA	NA	NA	NA	2	1	1	1	1	1	NA	NA	NA	2	1	1
11	104310126	106669879	2	1	1	2	d	5	1	1	0.0391568856101	0.119056479659	1.815034	0.907516862	0.90751686	1	1	1	NA	NA	NA	NA	NA	NA	NA	2	1	1	1	1	1	NA	NA	NA	2	1	1
11	106669880	106789985	2	1	1	2	d	3	1	1	0.05	0.146853824716	1.303412	0.651706043	0.65170604	1	1	1	NA	NA	NA	NA	NA	NA	NA	1	0	1	1	0	0.281197	1	1	0.718803	2	1	1
11	106789986	114474382	2	1	1	3	a	6	1	1	0.0404684843897	0.0930256622592	2	1	1	1	1	1	NA	NA	NA	NA	NA	NA	NA	2	1	1	1	1	1	NA	NA	NA	2	1	1
11	114474383	134452200	2	1	1	3	a	6	1	1	0.0396971717587	0.0903403360666	2	1	1	1	1	1	NA	NA	NA	NA	NA	NA	NA	2	1	1	1	1	1	NA	NA	NA	2	1	1
12	110107	29042000	2	1	1	3	a	6	1	1	0.0418987623885	0.105815212605	2	1	1	1	1	1	NA	NA	NA	NA	NA	NA	NA	2	1	1	1	1	1	NA	NA	NA	2	1	1
12	29042001	29118202	2	1	1	3	b	6	1	1	0.05	0.120340570187	2	1	1	0	0	1	NA	NA	NA	NA	NA	NA	NA	2	1	1	1	1	1	NA	NA	NA	2	1	1
12	29118203	33299999	2	1	1	3	a	6	1	1	0.0407156555729	0.0977113105335	2	1	1	1	1	1	NA	NA	NA	NA	NA	NA	NA	2	1	1	1	1	1	NA	NA	NA	2	1	1
12	33300000	38199999	NA	NA	NA	NA	NA	NA	1	1	0.0453914283917	0.32293564197	1.191272	0.59563589	0.59563589	NA	NA	NA	NA	NA	NA	NA	NA	NA	NA	1	0	1	1	1	1	NA	NA	NA	2	1	1
12	38200000	38294019	0	0	0	2	f	3	1	1	0.05	0.44549592076	0.259047	0.129523343	0.12952334	0	0	1	NA	NA	NA	NA	NA	NA	NA	1	0	1	0	0	1	NA	NA	NA	1	0	1
12	38294020	38366401	0	0	0	2	d	4	1	1	0.05	0.411547859658	0	0	0	0	0	1	NA	NA	NA	NA	NA	NA	NA	0	0	0	0	0	1	NA	NA	NA	1	0	1
12	38366402	38441253	0	0	0	2	d	4	1	1	0.05	0.813659785176	0	0	0	0	0	1	NA	NA	NA	NA	NA	NA	NA	0	0	0	0	0	1	NA	NA	NA	1	0	1
12	38441254	38883614	2	1	1	2	d	5	1	1	0.0466252858629	0.126477866194	1.724961	0.862480693	0.86248069	1	1	1	NA	NA	NA	NA	NA	NA	NA	2	1	1	1	1	1	NA	NA	NA	2	1	1
12	38883615	38969409	2	1	1	2	d	4	1	1	0.05	0.125111248541	1.724961	0.862480693	0.86248069	1	1	1	NA	NA	NA	NA	NA	NA	NA	1	0	1	1	1	1	NA	NA	NA	2	1	1
12	38969410	59819994	2	1	1	3	a	6	1	1	0.0405022383424	0.096740915447	2	1	1	1	1	1	NA	NA	NA	NA	NA	NA	NA	2	1	1	1	1	1	NA	NA	NA	2	1	1
12	59819995	60326162	2	1	1	2	d	5	1	1	0.0405057063443	0.118402814393	1.80326	0.901630029	0.90163003	1	1	1	NA	NA	NA	NA	NA	NA	NA	2	1	1	1	1	1	NA	NA	NA	2	1	1
12	60326163	60414999	2	1	1	2	d	3	1	1	0.05	0.122151519701	1.450636	0.725317971	0.72531797	1	1	1	NA	NA	NA	NA	NA	NA	NA	1	0	1	1	0	0.252237	1	1	0.747763	2	1	1
12	60415000	61060029	2	1	1	3	a	6	1	1	0.0392229696276	0.115367172706	2	1	1	1	1	1	NA	NA	NA	NA	NA	NA	NA	2	1	1	1	1	1	NA	NA	NA	2	1	1
12	61060030	62168822	2	1	1	2	d	5	1	1	0.039114115512	0.114381990863	1.84552	0.922760055	0.92276006	1	1	1	NA	NA	NA	NA	NA	NA	NA	2	1	1	1	1	1	NA	NA	NA	2	1	1
12	62168823	73067258	2	1	1	3	a	6	1	1	0.0388599860623	0.100375142505	2	1	1	1	1	1	NA	NA	NA	NA	NA	NA	NA	2	1	1	1	1	1	NA	NA	NA	2	1	1
12	73067259	73455947	2	1	1	2	d	5	1	1	0.0426698952082	0.12169895403	1.753757	0.876878323	0.87687832	1	1	1	NA	NA	NA	NA	NA	NA	NA	2	1	1	1	1	1	NA	NA	NA	2	1	1
12	73455948	73624921	2	1	1	2	d	5	1	1	0.0343701290954	0.115213218472	1.746095	0.873047683	0.87304768	1	1	1	NA	NA	NA	NA	NA	NA	NA	2	1	1	1	1	1	NA	NA	NA	2	1	1
12	73624922	78720012	2	1	1	2	d	5	1	1	0.0421982577612	0.106258608426	1.896337	0.948168287	0.94816829	1	1	1	NA	NA	NA	NA	NA	NA	NA	2	1	1	1	1	1	NA	NA	NA	2	1	1
12	78720013	78983955	2	1	1	2	d	4	1	1	0.0380512081929	0.12510948112	1.536161	0.768080257	0.76808026	1	1	1	NA	NA	NA	NA	NA	NA	NA	1	0	1	1	1	1	NA	NA	NA	2	1	1
12	78983956	79441601	2	1	1	2	d	5	1	1	0.0550793799127	0.131317229674	1.78105	0.890525073	0.89052507	1	1	1	NA	NA	NA	NA	NA	NA	NA	2	1	1	1	1	1	NA	NA	NA	2	1	1
12	79441602	81622227	2	1	1	2	d	5	1	1	0.0405669107122	0.103160936671	1.894653	0.947326675	0.94732668	1	1	1	NA	NA	NA	NA	NA	NA	NA	2	1	1	1	1	1	NA	NA	NA	2	1	1
12	81622228	83779357	2	1	1	2	d	5	1	1	0.0383045328103	0.110357106337	1.804193	0.902096694	0.90209669	1	1	1	NA	NA	NA	NA	NA	NA	NA	2	1	1	1	1	1	NA	NA	NA	2	1	1
12	83779358	84089953	2	1	1	2	d	5	1	1	0.0439796227371	0.119977691288	1.513976	0.756988146	0.75698815	1	1	1	NA	NA	NA	NA	NA	NA	NA	2	1	1	1	1	1	NA	NA	NA	2	1	1
12	84089954	87959498	2	1	1	2	d	5	1	1	0.0404803343624	0.120645042237	1.824902	0.912450934	0.91245093	1	1	1	NA	NA	NA	NA	NA	NA	NA	2	1	1	1	1	1	NA	NA	NA	2	1	1
12	87959499	88245801	2	1	1	2	d	3	1	1	0.0312864275244	0.14091995138	1.301592	0.650796095	0.65079609	1	1	1	NA	NA	NA	NA	NA	NA	NA	1	0	1	1	0	0.0931717	1	1	0.906828	2	1	1
12	88245802	91442223	2	1	1	2	d	5	1	1	0.0397366971867	0.113548793963	1.858568	0.929283819	0.92928382	1	1	1	NA	NA	NA	NA	NA	NA	NA	2	1	1	1	1	1	NA	NA	NA	2	1	1
12	91442224	91750029	2	1	1	2	d	3	1	1	0.0392631843332	0.146082163102	1.464465	0.732232489	0.73223249	1	1	1	NA	NA	NA	NA	NA	NA	NA	1	0	1	1	0	0.161061	1	1	0.838939	2	1	1
12	91750030	116180217	2	1	1	3	a	6	1	1	0.0409542832697	0.0963890580621	2	1	1	1	1	1	NA	NA	NA	NA	NA	NA	NA	2	1	1	1	1	1	NA	NA	NA	2	1	1
12	116180218	132349400	2	1	1	3	a	6	1	1	0.0406279102602	0.0895130175515	2	1	1	1	1	1	NA	NA	NA	NA	NA	NA	NA	2	1	1	1	1	1	NA	NA	NA	2	1	1
12	132349401	133851894	2	1	1	3	b	5	NA	NA	NA	NA	2	1	1	1	1	1	NA	NA	NA	NA	NA	NA	NA	2	1	1	1	1	1	NA	NA	NA	2	1	1
13	1	16299999	2	1	1	1	h	1	NA	NA	NA	NA	NA	NA	NA	NA	NA	NA	NA	NA	NA	NA	NA	NA	NA	NA	NA	NA	NA	NA	NA	NA	NA	NA	2	1	1
13	16300000	19499999	2	1	1	2	d	3	1	1	0.05	0.103917688935	NA	NA	NA	1	1	1	NA	NA	NA	NA	NA	NA	NA	NA	NA	NA	2	1	0.586153	1	1	0.413847	2	1	1
13	19500000	25295183	2	1	1	2	d	5	1	1	0.0401471359895	0.0859847806193	2.10502	1.052509979	1.05250998	1	1	1	NA	NA	NA	NA	NA	NA	NA	2	1	1	1	1	1	NA	NA	NA	2	1	1
13	25295184	25463603	1	1	0	2	d	4	1	0	0.05	0.0690580120341	2.10502	1.052509979	1.05250998	1	0	0.908573142064241	1	1	0.0914268579357594	0.103326697094189	0.116879124226564	0.501839967651718	0.965912845742617	1	0	1	1	0	1	NA	NA	NA	1	0	1
13	25463604	32503292	2	1	1	2	d	5	1	1	0.0384126910033	0.0837614474646	2.101043	1.050521299	1.0505213	1	1	1	NA	NA	NA	NA	NA	NA	NA	2	1	1	1	1	1	NA	NA	NA	2	1	1
13	32503293	32860004	1	1	0	2	d	4	1	0	0.0619876944988	0.0535926587424	1.125794	0.048926278	1.07686811	1	0	1	NA	NA	NA	NA	NA	NA	NA	1	0	1	1	0	0.919102	1	1	0.0808982	1	0	1
13	32860005	42454161	2	1	1	3	a	6	1	1	0.0392370527202	0.1003926698	2	1	1	1	1	1	NA	NA	NA	NA	NA	NA	NA	2	1	1	1	1	1	NA	NA	NA	2	1	1
13	42454162	51654995	1	1	0	2	d	5	1	0	0.0705197975978	0.0684521259547	1	0	1	1	0	1	NA	NA	NA	NA	NA	NA	NA	1	0	1	1	0	0.921457	1	1	0.0785426	1	0	1
13	51654996	53930227	2	1	1	3	a	6	1	1	0.0410660586222	0.0930532768053	2	1	1	1	1	1	NA	NA	NA	NA	NA	NA	NA	2	1	1	1	1	1	NA	NA	NA	2	1	1
13	53930228	53963193	0	0	0	1	g	NA	1	1	0.05	0.1	2	1	1	0	0	1	NA	NA	NA	NA	NA	NA	NA	1	0	1	0	0	1	NA	NA	NA	2	1	1
13	53963194	56116602	2	1	1	2	d	5	1	1	0.0396732270929	0.105818095857	1.868445	0.934222502	0.9342225	1	1	1	NA	NA	NA	NA	NA	NA	NA	2	1	1	1	1	1	NA	NA	NA	2	1	1
13	56116603	61791402	2	1	1	3	a	6	1	1	0.0434073634304	0.117986928902	2	1	1	1	1	1	NA	NA	NA	NA	NA	NA	NA	2	1	1	1	1	1	NA	NA	NA	2	1	1
13	61791403	61812158	2	1	1	2	d	3	1	1	0.05	0.1	1.008972	0.504485809	0.50448581	1	1	1	NA	NA	NA	NA	NA	NA	NA	1	0	1	1	0	0.182598	1	1	0.817402	2	1	1
13	61812159	63151385	2	1	1	3	a	6	1	1	0.0404085436221	0.116074531567	2	1	1	1	1	1	NA	NA	NA	NA	NA	NA	NA	2	1	1	1	1	1	NA	NA	NA	2	1	1
13	63151386	64210027	2	1	1	3	a	6	1	1	0.0362213412983	0.0983901126226	2	1	1	1	1	1	NA	NA	NA	NA	NA	NA	NA	2	1	1	1	1	1	NA	NA	NA	2	1	1
13	64210028	65128027	2	1	1	2	d	5	1	1	0.0420589126411	0.143090134568	1.789258	0.894629061	0.89462906	1	1	1	NA	NA	NA	NA	NA	NA	NA	2	1	1	1	1	1	NA	NA	NA	2	1	1
13	65128028	65632626	2	1	1	3	a	6	1	1	0.0380300264645	0.0886608312746	2	1	1	1	1	1	NA	NA	NA	NA	NA	NA	NA	2	1	1	1	1	1	NA	NA	NA	2	1	1
13	65632627	68128730	2	1	1	3	a	6	1	1	0.0375413795051	0.104749241483	2	1	1	1	1	1	NA	NA	NA	NA	NA	NA	NA	2	1	1	1	1	1	NA	NA	NA	2	1	1
13	68128731	68157367	2	1	1	2	d	3	1	1	0.0538606177089	0.1	0.324371	0.162185305	0.16218531	1	1	1	NA	NA	NA	NA	NA	NA	NA	0	0	0	0	0	1	NA	NA	NA	2	1	1
13	68157368	70788600	2	1	1	3	a	6	1	1	0.0433994316265	0.111497092418	2	1	1	1	1	1	NA	NA	NA	NA	NA	NA	NA	2	1	1	1	1	1	NA	NA	NA	2	1	1
13	70788601	76730030	2	1	1	3	a	6	1	1	0.0404029782576	0.102886492237	2	1	1	1	1	1	NA	NA	NA	NA	NA	NA	NA	2	1	1	1	1	1	NA	NA	NA	2	1	1
13	76730031	81968728	2	1	1	3	a	6	1	1	0.0409884991372	0.0996105110622	2	1	1	1	1	1	NA	NA	NA	NA	NA	NA	NA	2	1	1	1	1	1	NA	NA	NA	2	1	1
13	81968729	82022116	2	1	1	2	d	2	1	1	0.05	0.174321613947	1.024707	0.512353747	0.51235375	0	0	0.819913572625451	1	0	0.180086427374549	0.0520704211570902	0.0549180601328331	0.661760577034182	0.876346138657005	1	0	1	1	0	0.281197	1	1	0.718803	2	1	1
13	82022117	83819000	2	1	1	3	a	6	1	1	0.044087310838	0.14210881703	2	1	1	1	1	1	NA	NA	NA	NA	NA	NA	NA	2	1	1	1	1	1	NA	NA	NA	2	1	1
13	83819001	94353463	2	1	1	3	a	6	1	1	0.0426032896269	0.104130595615	2	1	1	1	1	1	NA	NA	NA	NA	NA	NA	NA	2	1	1	1	1	1	NA	NA	NA	2	1	1
13	94353464	94378199	2	1	1	2	d	4	1	1	0.05	0.1	2	1	1	1	1	1	NA	NA	NA	NA	NA	NA	NA	1	0	1	1	0	0.0685988	0	0	0.931401	2	1	1
13	94378200	94505320	2	1	1	3	a	6	1	1	0.0460544033144	0.109737023243	2	1	1	1	1	1	NA	NA	NA	NA	NA	NA	NA	2	1	1	1	1	1	NA	NA	NA	2	1	1
13	94505321	114142800	2	1	1	3	a	6	1	1	0.0408398353144	0.160881400554	2	1	1	1	1	1	NA	NA	NA	NA	NA	NA	NA	2	1	1	1	1	1	NA	NA	NA	2	1	1
13	114142801	115169877	2	1	1	2	d	4	NA	NA	NA	NA	2	1	1	1	1	1	NA	NA	NA	NA	NA	NA	NA	1	0	1	1	1	1	NA	NA	NA	2	1	1
14	1	16099999	2	1	1	1	h	1	NA	NA	NA	NA	NA	NA	NA	NA	NA	NA	NA	NA	NA	NA	NA	NA	NA	NA	NA	NA	NA	NA	NA	NA	NA	NA	2	1	1
14	16100000	19099999	2	1	1	1	h	1	NA	NA	NA	NA	NA	NA	NA	NA	NA	NA	NA	NA	NA	NA	NA	NA	NA	NA	NA	NA	NA	NA	NA	NA	NA	NA	2	1	1
14	19100000	19352500	2	1	1	2	d	2	1	1	0.05	0.1	NA	NA	NA	NA	NA	NA	NA	NA	NA	NA	NA	NA	NA	NA	NA	NA	NA	NA	NA	NA	NA	NA	2	1	1
14	19352501	20646215	2	1	1	2	d	3	1	1	0.097670403071	0.168112482194	1.899797	0.949898604	0.9498986	1	1	1	NA	NA	NA	NA	NA	NA	NA	NA	NA	NA	NA	NA	NA	NA	NA	NA	2	1	1
14	20646216	43903102	2	1	1	3	a	6	1	1	0.0411364235083	0.111307048147	2	1	1	1	1	1	NA	NA	NA	NA	NA	NA	NA	2	1	1	1	1	1	NA	NA	NA	2	1	1
14	43903103	43995077	2	1	1	2	d	3	1	1	0.05	0.129593830786	1.399229	0.699614327	0.69961433	1	1	1	NA	NA	NA	NA	NA	NA	NA	1	0	1	1	0	0.247363	1	1	0.752637	2	1	1
14	43995078	46445594	2	1	1	2	d	5	1	1	0.0453116389222	0.125053106115	1.87397	0.936984785	0.93698479	1	1	1	NA	NA	NA	NA	NA	NA	NA	2	1	1	1	1	1	NA	NA	NA	2	1	1
14	46445595	46590260	2	1	1	2	d	5	1	1	0.0327751162204	0.123761457566	1.875735	0.937867728	0.93786773	1	1	1	NA	NA	NA	NA	NA	NA	NA	2	1	1	1	1	1	NA	NA	NA	2	1	1
14	46590261	46626120	2	1	1	2	d	3	1	1	0.05	0.1	0.100477	0.050238648	0.05023865	1	1	1	NA	NA	NA	NA	NA	NA	NA	0	0	0	0	0	1	NA	NA	NA	2	1	1
14	46626121	79616343	2	1	1	3	a	6	1	1	0.0398846485126	0.0967750442838	2	1	1	1	1	1	NA	NA	NA	NA	NA	NA	NA	2	1	1	1	1	1	NA	NA	NA	2	1	1
14	79616344	85049961	2	1	1	2	d	5	1	1	0.0422202490626	0.116412660032	1.861049	0.930524253	0.93052425	1	1	1	NA	NA	NA	NA	NA	NA	NA	2	1	1	1	1	1	NA	NA	NA	2	1	1
14	85049962	106096401	2	1	1	3	a	6	1	1	0.0427952595541	0.098634474837	2	1	1	1	1	1	NA	NA	NA	NA	NA	NA	NA	2	1	1	1	1	1	NA	NA	NA	2	1	1
14	106096402	106115035	2	1	1	3	b	6	1	1	0.05	0.1	2	1	1	1	1	1	NA	NA	NA	NA	NA	NA	NA	1	0	1	1	1	1	NA	NA	NA	2	1	1
14	106115036	106716662	2	1	1	3	b	6	1	1	0.05	0.201857184179	2	1	1	1	1	1	NA	NA	NA	NA	NA	NA	NA	1	0	1	1	1	1	NA	NA	NA	2	1	1
14	106716663	106727638	2	1	1	2	d	3	NA	NA	NA	NA	2	1	1	1	1	1	NA	NA	NA	NA	NA	NA	NA	NA	NA	NA	2	1	0.498696	1	1	0.501304	2	1	1
15	1	15799999	2	1	1	1	h	1	NA	NA	NA	NA	NA	NA	NA	NA	NA	NA	NA	NA	NA	NA	NA	NA	NA	NA	NA	NA	NA	NA	NA	NA	NA	NA	2	1	1
15	15800000	20699999	2	1	1	2	d	3	1	1	0.05	0.232433361678	NA	NA	NA	1	1	1	NA	NA	NA	NA	NA	NA	NA	NA	NA	NA	1	0	0.592208	1	1	0.407792	2	1	1
15	20700000	46509980	2	1	1	3	a	6	1	1	0.0389638033178	0.114286521262	2	1	1	1	1	1	NA	NA	NA	NA	NA	NA	NA	2	1	1	1	1	1	NA	NA	NA	2	1	1
15	46509981	46541246	2	1	1	2	d	3	1	1	0.05	0.1	0.598937	0.299468564	0.29946856	1	1	1	NA	NA	NA	NA	NA	NA	NA	1	0	1	1	0	0.111616	0	0	0.888384	2	1	1
15	46541247	46730801	2	1	1	2	d	5	1	1	0.064424111621	0.14996858882	1.728335	0.864167703	0.8641677	1	1	1	NA	NA	NA	NA	NA	NA	NA	2	1	1	1	1	1	NA	NA	NA	2	1	1
15	46730802	49713601	2	1	1	3	a	6	1	1	0.0367610197823	0.106787045547	2	1	1	1	1	1	NA	NA	NA	NA	NA	NA	NA	2	1	1	1	1	1	NA	NA	NA	2	1	1
15	49713602	49751184	2	1	1	2	d	3	1	1	0.05	0.1	2	1	1	0	0	1	NA	NA	NA	NA	NA	NA	NA	1	0	1	1	0	0.0646458	0	0	0.935354	2	1	1
15	49751185	53756154	2	1	1	3	a	6	1	1	0.0376495422078	0.0920632945537	2	1	1	1	1	1	NA	NA	NA	NA	NA	NA	NA	2	1	1	1	1	1	NA	NA	NA	2	1	1
15	53756155	53918129	2	1	1	2	d	4	1	1	0.0468223042933	0.123702244979	1.523643	0.761821277	0.76182128	1	1	1	NA	NA	NA	NA	NA	NA	NA	2	1	1	1	0	0.0931717	1	1	0.906828	2	1	1
15	53918130	54572638	2	1	1	3	a	6	1	1	0.0306323268419	0.118788959975	2	1	1	1	1	1	NA	NA	NA	NA	NA	NA	NA	2	1	1	1	1	1	NA	NA	NA	2	1	1
15	54572639	54736073	2	1	1	2	d	3	1	1	0.05	0.244433040759	1.455044	0.727522199	0.7275222	1	1	1	NA	NA	NA	NA	NA	NA	NA	1	0	1	1	0	0.240503	1	1	0.759497	2	1	1
15	54736074	58328939	2	1	1	3	a	6	1	1	0.0445523019106	0.0924804584623	2	1	1	1	1	1	NA	NA	NA	NA	NA	NA	NA	2	1	1	1	1	1	NA	NA	NA	2	1	1
15	58328940	58388790	2	1	1	2	d	4	1	1	0.05	0.155376253605	1.445361	0.722680669	0.72268067	1	0	0.237318037514162	1	1	0.762681962485838	0.0763334238703359	0.0747994330000313	0.0878145089734605	0.378035868959767	2	1	1	1	1	1	NA	NA	NA	2	1	1
15	58388791	100338800	2	1	1	3	a	6	1	1	0.0406741809284	0.093655888686	2	1	1	1	1	1	NA	NA	NA	NA	NA	NA	NA	2	1	1	1	1	1	NA	NA	NA	2	1	1
15	100338801	102531391	2	1	1	2	d	4	NA	NA	NA	NA	2.126188	1.063094093	1.06309409	1	1	1	NA	NA	NA	NA	NA	NA	NA	2	1	1	1	1	1	NA	NA	NA	2	1	1
16	9999	115816	2	1	1	2	d	3	1	1	0.05	0.1	NA	NA	NA	NA	NA	NA	NA	NA	NA	NA	NA	NA	NA	NA	NA	NA	1	1	1	NA	NA	NA	2	1	1
16	115817	14247082	2	1	1	3	a	6	1	1	0.0421416610124	0.0930430432818	2	1	1	1	1	1	NA	NA	NA	NA	NA	NA	NA	2	1	1	1	1	1	NA	NA	NA	2	1	1
16	14247083	14321482	1	1	0	2	d	5	1	0	0.05	0.0957598052914	1.246712	0.040765051	1.2059467	1	0	1	NA	NA	NA	NA	NA	NA	NA	1	0	1	1	0	1	NA	NA	NA	1	0	1
16	14321483	32507499	2	1	1	3	a	6	1	1	0.0400198859717	0.104233364367	2	1	1	1	1	1	NA	NA	NA	NA	NA	NA	NA	2	1	1	1	1	1	NA	NA	NA	2	1	1
16	32507500	32520029	2	1	1	2	d	2	NA	NA	NA	NA	2	1	1	1	1	1	NA	NA	NA	NA	NA	NA	NA	NA	NA	NA	1	0	0.717136	1	1	0.282864	NA	NA	NA
16	32520030	34599999	2	1	1	2	d	3	NA	NA	NA	NA	NA	NA	NA	1	1	1	NA	NA	NA	NA	NA	NA	NA	2	1	1	1	0	0.717136	1	1	0.282864	2	1	1
16	34600000	38599999	2	1	1	2	d	4	NA	NA	NA	NA	NA	NA	NA	1	1	1	NA	NA	NA	NA	NA	NA	NA	2	1	1	1	1	1	NA	NA	NA	2	1	1
16	38600000	46437499	2	1	1	2	d	2	NA	NA	NA	NA	NA	NA	NA	NA	NA	NA	NA	NA	NA	NA	NA	NA	NA	NA	NA	NA	1	1	1	NA	NA	NA	2	1	1
16	46437500	49553375	2	1	1	3	a	6	1	1	0.0364448952727	0.097843757306	2	1	1	1	1	1	NA	NA	NA	NA	NA	NA	NA	2	1	1	1	1	1	NA	NA	NA	2	1	1
16	49553376	50294585	1	1	0	3	a	6	1	0	0.0678506441746	0.0650525059523	1	0	1	1	0	1	NA	NA	NA	NA	NA	NA	NA	1	0	1	1	0	1	NA	NA	NA	1	0	1
16	50294586	50359895	2	1	1	3	b	6	1	1	0.05	0.1	1	0	1	1	1	1	NA	NA	NA	NA	NA	NA	NA	2	1	1	1	1	1	NA	NA	NA	2	1	1
16	50359896	50694553	1	1	0	2	d	5	1	0	0.05	0.0733605490019	1	0	1	1	0	1	NA	NA	NA	NA	NA	NA	NA	1	0	1	1	0	0.885381	1	1	0.114619	1	0	1
16	50694554	50695011	1	1	0	2	d	5	1	0	0.05	0.1	1	0	1	1	0	1	NA	NA	NA	NA	NA	NA	NA	1	0	1	1	0	0.885381	1	1	0.114619	1	0	1
16	50695012	50774391	1	1	0	2	d	4	1	0	0.05	0.0505902352076	NA	NA	NA	1	0	1	NA	NA	NA	NA	NA	NA	NA	1	0	1	1	0	0.827088	1	1	0.172912	1	0	1
16	50774392	50775857	1	1	0	2	d	2	NA	NA	NA	NA	NA	NA	NA	NA	NA	NA	NA	NA	NA	NA	NA	NA	NA	1	0	1	1	0	0.827088	1	1	0.172912	1	0	1
16	50775858	50776060	1	1	0	1	g	NA	NA	NA	NA	NA	NA	NA	NA	NA	NA	NA	NA	NA	NA	NA	NA	NA	NA	NA	NA	NA	1	0	0.827088	1	1	0.172912	NA	NA	NA
16	50776061	59822231	2	1	1	3	a	6	1	1	0.0444592847539	0.093674254738	2	1	1	1	1	1	NA	NA	NA	NA	NA	NA	NA	2	1	1	1	1	1	NA	NA	NA	2	1	1
16	59822232	59845016	2	1	1	2	d	3	1	1	0.05	0.1	2	1	1	0	0	0.849594335518662	1	0	0.150405664481338	0.0527044042010696	0.0515799744379664	0.745202686075807	0.955867160411445	1	0	1	1	0	0.162033	0	0	0.837967	2	1	1
16	59845017	61707346	2	1	1	2	d	5	1	1	0.0406918208041	0.118323247996	1.821602	0.910801139	0.91080114	1	1	1	NA	NA	NA	NA	NA	NA	NA	2	1	1	1	1	1	NA	NA	NA	2	1	1
16	61707347	61900061	2	1	1	2	d	3	1	1	0.0446105612402	0.151674354946	1.283452	0.64172609	0.64172609	1	1	1	NA	NA	NA	NA	NA	NA	NA	1	0	1	1	0	0.212413	1	1	0.787587	2	1	1
16	61900062	62568676	2	1	1	3	a	6	1	1	0.0375726798649	0.0991532063919	2	1	1	1	1	1	NA	NA	NA	NA	NA	NA	NA	2	1	1	1	1	1	NA	NA	NA	2	1	1
16	62568677	63669389	2	1	1	2	d	5	1	1	0.029654780361	0.113752295842	1.875708	0.937853896	0.9378539	1	1	1	NA	NA	NA	NA	NA	NA	NA	2	1	1	1	1	1	NA	NA	NA	2	1	1
16	63669390	79009136	1	1	0	3	a	6	1	0	0.0712661104422	0.0959474820497	1	0	1	1	0	1	NA	NA	NA	NA	NA	NA	NA	1	0	1	1	0	1	NA	NA	NA	1	0	1
16	79009137	79506482	1	1	0	2	d	3	1.27	0	0.0593875852687	0.0832490726497	1.278071	0.014569299	1.2635019	1	0	0.734392607617757	2	0	0.265607392382243	0.0353216624356337	0.0335142378206912	0.709275484932806	0.836726492441779	1	0	1	1	0	1	NA	NA	NA	1	0	1
16	79506483	88827200	1	1	0	3	a	6	1	0	0.0728255669591	0.0712890524258	1	0	1	1	0	1	NA	NA	NA	NA	NA	NA	NA	1	0	1	1	0	1	NA	NA	NA	1	0	1
16	88827201	90354752	1	1	0	3	b	5	NA	NA	NA	NA	1	0	1	1	0	1	NA	NA	NA	NA	NA	NA	NA	1	0	1	1	0	1	NA	NA	NA	1	0	1
17	12500	3850045	2	1	1	3	a	6	1	1	0.0401738273246	0.0960097101733	2	1	1	1	1	1	NA	NA	NA	NA	NA	NA	NA	2	1	1	1	1	1	NA	NA	NA	2	1	1
17	3850046	5020283	1	1	0	3	a	6	1	0	0.0755141925154	0.0682322933213	1	0	1	1	0	1	NA	NA	NA	NA	NA	NA	NA	1	0	1	1	0	1	NA	NA	NA	1	0	1
17	5020284	7100894	2	1	1	3	a	6	1	1	0.0367126607984	0.0956405184918	2	1	1	1	1	1	NA	NA	NA	NA	NA	NA	NA	2	1	1	1	1	1	NA	NA	NA	2	1	1
17	7100895	8294250	1	1	0	3	a	6	1	0	0.0674005592974	0.0618708978372	1	0	1	1	0	1	NA	NA	NA	NA	NA	NA	NA	1	0	1	1	0	1	NA	NA	NA	1	0	1
17	8294251	22199999	2	1	1	3	a	6	1	1	0.0441373367298	0.0951478701438	2	1	1	1	1	1	NA	NA	NA	NA	NA	NA	NA	2	1	1	1	1	1	NA	NA	NA	2	1	1
17	22200000	25799999	2	1	1	3	a	6	1	1	0.05	0.156146889571	2	1	1	1	1	1	NA	NA	NA	NA	NA	NA	NA	2	1	1	1	1	1	NA	NA	NA	2	1	1
17	25800000	78774600	2	1	1	3	a	6	1	1	0.0407325767138	0.0991934860724	2	1	1	1	1	1	NA	NA	NA	NA	NA	NA	NA	2	1	1	1	1	1	NA	NA	NA	2	1	1
17	78774601	81195209	2	1	1	3	b	5	NA	NA	NA	NA	2	1	1	1	1	1	NA	NA	NA	NA	NA	NA	NA	2	1	1	1	1	1	NA	NA	NA	2	1	1
18	1	80030	2	1	1	2	d	3	1	1	0.05	0.1	NA	NA	NA	NA	NA	NA	NA	NA	NA	NA	NA	NA	NA	2	1	1	NA	NA	NA	NA	NA	NA	2	1	1
18	80031	15399999	2	1	1	3	a	6	1	1	0.0409004038221	0.0956633398208	2	1	1	1	1	1	NA	NA	NA	NA	NA	NA	NA	2	1	1	1	1	1	NA	NA	NA	2	1	1
18	15400000	18999999	2	1	1	2	d	5	1	1	0.05	0.267928856196	2.238376	1.119188123	1.11918812	1	1	1	NA	NA	NA	NA	NA	NA	NA	2	1	1	1	1	1	NA	NA	NA	2	1	1
18	19000000	26350667	2	1	1	3	a	6	1	1	0.0411566115763	0.0952925828683	2	1	1	1	1	1	NA	NA	NA	NA	NA	NA	NA	2	1	1	1	1	1	NA	NA	NA	2	1	1
18	26350668	26739990	2	1	1	2	d	3	1	1	0.0430053158359	0.166436490165	1.421005	0.710502417	0.71050242	1	1	1	NA	NA	NA	NA	NA	NA	NA	1	0	1	1	0	0.057892	1	1	0.942108	2	1	1
18	26739991	36628200	2	1	1	3	a	6	1	1	0.0400995367059	0.102685321449	2	1	1	1	1	1	NA	NA	NA	NA	NA	NA	NA	2	1	1	1	1	1	NA	NA	NA	2	1	1
18	36628201	38260201	2	1	1	2	d	5	1	1	0.0406914393438	0.122281500126	1.748095	0.874047539	0.87404754	1	1	1	NA	NA	NA	NA	NA	NA	NA	2	1	1	1	1	1	NA	NA	NA	2	1	1
18	38260202	41360281	2	1	1	2	d	5	1	1	0.0393961505342	0.118942532858	1.736832	0.868415774	0.86841577	1	1	1	NA	NA	NA	NA	NA	NA	NA	2	1	1	1	1	1	NA	NA	NA	2	1	1
18	41360282	43206446	2	1	1	2	d	3	0.87	0.87	0.050752104136	0.0932360597432	1.535542	0.641942996	0.8935987	1	0	0.281721884155959	1	1	0.718278115844041	0.0127093118968061	0.0119811385512492	0.251991392243051	0.299840808601065	2	1	1	1	1	1	NA	NA	NA	2	1	1
18	43206447	58468195	2	1	1	3	a	6	1	1	0.0397943810997	0.0998215616506	2	1	1	1	1	1	NA	NA	NA	NA	NA	NA	NA	2	1	1	1	1	1	NA	NA	NA	2	1	1
18	58468196	63106868	2	1	1	3	a	6	1	1	0.040663916779	0.103757386782	2	1	1	1	1	1	NA	NA	NA	NA	NA	NA	NA	2	1	1	1	1	1	NA	NA	NA	2	1	1
18	63106869	63127860	2	1	1	3	a	6	1	1	0.05	0.1	2	1	1	1	1	1	NA	NA	NA	NA	NA	NA	NA	2	1	1	1	1	1	NA	NA	NA	2	1	1
18	63127861	64460020	2	1	1	3	a	6	1	1	0.0393831115163	0.120577190607	2	1	1	1	1	1	NA	NA	NA	NA	NA	NA	NA	2	1	1	1	1	1	NA	NA	NA	2	1	1
18	64460021	64610015	2	1	1	2	d	4	1	1	0.05	0.307062461449	2	1	1	0	0	1	NA	NA	NA	NA	NA	NA	NA	1	0	1	1	1	1	NA	NA	NA	2	1	1
18	64610016	65506176	2	1	1	3	a	6	1	1	0.0370890621572	0.0939241532472	2	1	1	1	1	1	NA	NA	NA	NA	NA	NA	NA	2	1	1	1	1	1	NA	NA	NA	2	1	1
18	65506177	76117000	2	1	1	3	a	6	1	1	0.0410875361115	0.099837191786	2	1	1	1	1	1	NA	NA	NA	NA	NA	NA	NA	2	1	1	1	1	1	NA	NA	NA	2	1	1
18	76117001	78077247	2	1	1	3	b	5	NA	NA	NA	NA	2	1	1	1	1	1	NA	NA	NA	NA	NA	NA	NA	2	1	1	1	1	1	NA	NA	NA	2	1	1
19	102500	260136	2	1	1	2	d	4	1	1	0.05	0.1	NA	NA	NA	1	1	1	NA	NA	NA	NA	NA	NA	NA	NA	NA	NA	1	1	1	NA	NA	NA	2	1	1
19	260137	24394960	2	1	1	3	a	6	1	1	0.0435817703155	0.0943064696731	2	1	1	1	1	1	NA	NA	NA	NA	NA	NA	NA	2	1	1	1	1	1	NA	NA	NA	2	1	1
19	24394961	28599999	2	1	1	2	d	3	1	1	0.0369993946632	0.509578494721	0.618279	0.309139273	0.30913927	NA	NA	NA	NA	NA	NA	NA	NA	NA	NA	2	1	1	1	0	0.00802188	0	0	0.991978	2	1	1
19	28600000	57164934	2	1	1	3	a	6	1	1	0.0423451274482	0.12036081352	2	1	1	1	1	1	NA	NA	NA	NA	NA	NA	NA	2	1	1	1	1	1	NA	NA	NA	2	1	1
19	57164935	59128982	2	1	1	3	a	6	1	1	0.0379851131026	0.0874527253826	2	1	1	1	1	1	NA	NA	NA	NA	NA	NA	NA	2	1	1	1	1	1	NA	NA	NA	2	1	1
20	17500	11007427	2	1	1	3	b	5	1	1	0.0414687838652	0.0947715970571	2	1	1	NA	NA	NA	NA	NA	NA	NA	NA	NA	NA	2	1	1	1	1	1	NA	NA	NA	2	1	1
20	11007428	11032666	2	1	1	2	d	4	1	1	0.05	0.1	2	1	1	NA	NA	NA	NA	NA	NA	NA	NA	NA	NA	1	0	1	1	1	1	NA	NA	NA	2	1	1
20	11032667	23757149	2	1	1	3	a	6	1	1	0.0396374837695	0.0954514382514	2	1	1	1	1	1	NA	NA	NA	NA	NA	NA	NA	2	1	1	1	1	1	NA	NA	NA	2	1	1
20	23757150	23838739	2	1	1	3	a	6	1	1	0.0308754180194	0.0740431452875	2	1	1	1	1	1	NA	NA	NA	NA	NA	NA	NA	2	1	1	1	1	1	NA	NA	NA	2	1	1
20	23838740	25599999	2	1	1	2	d	5	1	1	0.0360854111136	0.0845325758056	2.101819	1.050909583	1.05090958	1	1	1	NA	NA	NA	NA	NA	NA	NA	2	1	1	1	1	1	NA	NA	NA	2	1	1
20	25600000	29850047	2	1	1	2	d	4	1	1	0.0514463418253	0.336465178499	1.457993	0.728996459	0.72899646	NA	NA	NA	NA	NA	NA	NA	NA	NA	NA	2	1	1	1	1	1	NA	NA	NA	2	1	1
20	29850048	62435800	2	1	1	3	a	6	1	1	0.0395841668443	0.0892391326577	2	1	1	1	1	1	NA	NA	NA	NA	NA	NA	NA	2	1	1	1	1	1	NA	NA	NA	2	1	1
21	1	9411193	NA	NA	NA	NA	NA	NA	NA	NA	NA	NA	NA	NA	NA	NA	NA	NA	NA	NA	NA	NA	NA	NA	NA	NA	NA	NA	NA	NA	NA	NA	NA	NA	NA	NA	NA
21	9411194	10670000	NA	NA	NA	NA	NA	NA	1	1	0.05	0.401803788701	NA	NA	NA	NA	NA	NA	NA	NA	NA	NA	NA	NA	NA	NA	NA	NA	1	0	0.685097	1	1	0.314903	NA	NA	NA
21	10670001	14299999	1	1	0	1	g	NA	1	1	0.05	0.364433184717	NA	NA	NA	NA	NA	NA	NA	NA	NA	NA	NA	NA	NA	NA	NA	NA	1	0	1	NA	NA	NA	NA	NA	NA
21	14300000	15849999	2	1	1	3	b	5	1	1	0.0441588288642	0.169943456086	2	1	1	1	1	1	NA	NA	NA	NA	NA	NA	NA	2	1	1	1	1	1	NA	NA	NA	NA	NA	NA
21	15850000	20018601	2	1	1	3	b	5	1	1	0.0382499356168	0.104740922232	2	1	1	1	1	1	NA	NA	NA	NA	NA	NA	NA	2	1	1	1	1	1	NA	NA	NA	NA	NA	NA
21	20018602	23630012	2	1	1	3	b	5	1	1	0.0391035751959	0.097786757946	2	1	1	1	1	1	NA	NA	NA	NA	NA	NA	NA	2	1	1	1	1	1	NA	NA	NA	NA	NA	NA
21	23630013	39872472	2	1	1	3	b	5	1	1	0.0406085218346	0.0932709842107	2	1	1	1	1	1	NA	NA	NA	NA	NA	NA	NA	2	1	1	1	1	1	NA	NA	NA	NA	NA	NA
21	39872473	39872567	2	1	1	2	d	4	1	1	0.05	0.1	2	1	1	1	1	1	NA	NA	NA	NA	NA	NA	NA	NA	NA	NA	1	1	1	NA	NA	NA	NA	NA	NA
21	39872568	42866594	2	1	1	3	a	6	1	1	0.0385083642219	0.0864372415551	2	1	1	1	1	1	NA	NA	NA	NA	NA	NA	NA	2	1	1	1	1	1	NA	NA	NA	2	1	1
21	42866595	42866624	2	1	1	3	b	5	1	1	0.05	0.1	2	1	1	1	1	1	NA	NA	NA	NA	NA	NA	NA	NA	NA	NA	1	1	1	NA	NA	NA	2	1	1
21	42866625	46944200	2	1	1	3	a	6	1	1	0.0460888221647	0.0945314790467	2	1	1	1	1	1	NA	NA	NA	NA	NA	NA	NA	2	1	1	1	1	1	NA	NA	NA	2	1	1
21	46944201	48129894	2	1	1	3	b	5	NA	NA	NA	NA	2	1	1	1	1	1	NA	NA	NA	NA	NA	NA	NA	2	1	1	1	1	1	NA	NA	NA	2	1	1
22	1	12199999	2	1	1	1	h	1	NA	NA	NA	NA	NA	NA	NA	NA	NA	NA	NA	NA	NA	NA	NA	NA	NA	NA	NA	NA	NA	NA	NA	NA	NA	NA	2	1	1
22	12200000	17899999	2	1	1	3	a	6	1	1	0.0413289095277	0.174285047041	2	1	1	1	1	1	NA	NA	NA	NA	NA	NA	NA	2	1	1	1	1	1	NA	NA	NA	2	1	1
22	17900000	49691400	2	1	1	3	a	6	1	1	0.0409791484915	0.0959962070603	2	1	1	1	1	1	NA	NA	NA	NA	NA	NA	NA	2	1	1	1	1	1	NA	NA	NA	2	1	1
22	49691401	51304565	2	1	1	3	b	5	NA	NA	NA	NA	2	1	1	1	1	1	NA	NA	NA	NA	NA	NA	NA	2	1	1	1	1	1	NA	NA	NA	2	1	1
X	1	32576183	1	1	0	3	a	3	1	0	0.0411994772948	0.127827133759	1	0	1	NA	NA	NA	NA	NA	NA	NA	NA	NA	NA	1	0	1	NA	NA	NA	NA	NA	NA	1	0	1
X	32576184	32581087	1	1	0	2	d	2	1	0	0.05	0.1	0.86496	0	0.86496	NA	NA	NA	NA	NA	NA	NA	NA	NA	NA	1	0	1	NA	NA	NA	NA	NA	NA	1	0	1
X	32581088	32582880	1	1	0	2	d	2	1	0	0.05	0.1	0.773149	0	0.773149	NA	NA	NA	NA	NA	NA	NA	NA	NA	NA	1	0	1	NA	NA	NA	NA	NA	NA	1	0	1
X	32582881	32617606	1	1	0	2	d	2	1	0	0.05	0.1	0.772684	0	0.772684	NA	NA	NA	NA	NA	NA	NA	NA	NA	NA	1	0	1	NA	NA	NA	NA	NA	NA	1	0	1
X	32617607	32692068	1	1	0	2	d	2	1	0	0.05	0.1	0.695079	0	0.695079	NA	NA	NA	NA	NA	NA	NA	NA	NA	NA	1	0	1	NA	NA	NA	NA	NA	NA	1	0	1
X	32692069	32693059	1	1	0	2	d	2	1	0	0.05	0.1	0.887501	0	0.887501	NA	NA	NA	NA	NA	NA	NA	NA	NA	NA	1	0	1	NA	NA	NA	NA	NA	NA	1	0	1
X	32693060	58099999	1	1	0	3	a	3	1	0	0.05	0.125533782453	1	0	1	NA	NA	NA	NA	NA	NA	NA	NA	NA	NA	1	0	1	NA	NA	NA	NA	NA	NA	1	0	1
X	58100000	62999999	1	1	0	2	e	2	0	0	0.05	0.463088315852	0.52801	0	0.52801	NA	NA	NA	NA	NA	NA	NA	NA	NA	NA	1	0	1	NA	NA	NA	NA	NA	NA	1	0	1
X	63000000	155270559	1	1	0	3	a	3	1	0	0.05	0.140415878975	1	0	1	NA	NA	NA	NA	NA	NA	NA	NA	NA	NA	1	0	1	NA	NA	NA	NA	NA	NA	1	0	1
Y	1	11599999	1	1	0	1	h	1	NA	NA	NA	NA	0.873503	0	0.873503	NA	NA	NA	NA	NA	NA	NA	NA	NA	NA	NA	NA	NA	NA	NA	NA	NA	NA	NA	2	0	2
Y	11600000	13648201	NA	NA	NA	NA	NA	NA	NA	NA	NA	NA	0.799755	0	0.799755	NA	NA	NA	NA	NA	NA	NA	NA	NA	NA	NA	NA	NA	NA	NA	NA	NA	NA	NA	2	0	2
Y	13648202	13885605	0	0	0	1	h	1	NA	NA	NA	NA	0	0	0	NA	NA	NA	NA	NA	NA	NA	NA	NA	NA	NA	NA	NA	NA	NA	NA	NA	NA	NA	2	0	2
Y	13885606	59373565	1	1	0	1	h	1	NA	NA	NA	NA	1	0	1	NA	NA	NA	NA	NA	NA	NA	NA	NA	NA	NA	NA	NA	NA	NA	NA	NA	NA	NA	2	0	2
