chromosome	start	end	total_cn	major_cn	minor_cn	star	level	methods_agree	absolute_broad_major_cn	absolute_broad_minor_cn	absolute_broad_het_error	absolute_broad_cov_error	aceseq_copy_number	aceseq_minor_cn	aceseq_major_cn	battenberg_nMaj1_A	battenberg_nMin1_A	battenberg_frac1_A	battenberg_nMaj2_A	battenberg_nMin2_A	battenberg_frac2_A	battenberg_SDfrac_A	battenberg_SDfrac_A_BS	battenberg_frac1_A_0.025	battenberg_frac1_A_0.975	clonehd_copy_number	clonehd_minor_cn	clonehd_major_cn	sclust_nMaj1_A	sclust_nMin1_A	sclust_frac1_A	sclust_nMaj2_A	sclust_nMin2_A	sclust_frac2_A	jabba_copy_number	jabba_minor_cn	jabba_major_cn
1	10001	713029	1	1	0	1	h	1	NA	NA	NA	NA	NA	NA	NA	NA	NA	NA	NA	NA	NA	NA	NA	NA	NA	NA	NA	NA	1	0	1	NA	NA	NA	2	1	1
1	713030	121499999	2	1	1	3	a	6	1	1	0.0443548761026	0.0781091233703	2	1	1	1	1	1	NA	NA	NA	NA	NA	NA	NA	2	1	1	1	1	1	NA	NA	NA	2	1	1
1	121500000	128899999	2	1	1	2	d	4	NA	NA	NA	NA	2	1	1	1	1	1	NA	NA	NA	NA	NA	NA	NA	1	0	1	1	1	1	NA	NA	NA	2	1	1
1	128900000	144532499	2	1	1	2	d	4	1	1	0.05	0.29610454955	NA	NA	NA	1	1	1	NA	NA	NA	NA	NA	NA	NA	NA	NA	NA	1	1	1	NA	NA	NA	2	1	1
1	144532500	145798461	2	1	1	3	a	6	1	1	0.0307061948977	0.0910355351045	2	1	1	1	1	1	NA	NA	NA	NA	NA	NA	NA	2	1	1	1	1	1	NA	NA	NA	2	1	1
1	145798462	247247500	2	1	1	3	a	6	1	1	0.0443781191648	0.0783489032826	2	1	1	1	1	1	NA	NA	NA	NA	NA	NA	NA	2	1	1	1	1	1	NA	NA	NA	2	1	1
1	247247501	249250620	2	1	1	3	b	5	NA	NA	NA	NA	2	1	1	1	1	1	NA	NA	NA	NA	NA	NA	NA	2	1	1	1	1	1	NA	NA	NA	2	1	1
2	12154	34908334	2	1	1	3	a	6	1	1	0.0448024679112	0.0741304728558	2	1	1	1	1	1	NA	NA	NA	NA	NA	NA	NA	2	1	1	1	1	1	NA	NA	NA	2	1	1
2	34908335	34908402	2	1	1	3	b	5	1	1	0.05	0.1	2	1	1	1	1	1	NA	NA	NA	NA	NA	NA	NA	NA	NA	NA	1	1	1	NA	NA	NA	2	1	1
2	34908403	90499999	2	1	1	3	a	6	1	1	0.0459254736024	0.0749893737327	2	1	1	1	1	1	NA	NA	NA	NA	NA	NA	NA	2	1	1	1	1	1	NA	NA	NA	2	1	1
2	90500000	96799999	2	1	1	3	a	6	1	1	0.05	0.118940902298	2	1	1	1	1	1	NA	NA	NA	NA	NA	NA	NA	2	1	1	1	1	1	NA	NA	NA	2	1	1
2	96800000	203148958	2	1	1	3	a	6	1	1	0.044709673869	0.0748405708461	2	1	1	1	1	1	NA	NA	NA	NA	NA	NA	NA	2	1	1	1	1	1	NA	NA	NA	2	1	1
2	203148959	203686434	2	1	1	2	d	4	1	1	0.0580641347269	0.0718230089868	1.898715	0.8723825	1.0263323	1	0	0.12392187284416	1	1	0.87607812715584	0.00206883464360293	0.0020554839359651	0.120007422373951	0.127918183570241	2	1	1	1	1	1	NA	NA	NA	2	1	1
2	203686435	242991383	2	1	1	2	d	4	1	1	0.0475932884955	0.0791087413896	1.881916	0.9409581	0.9409581	1	0	0.12392187284416	1	1	0.87607812715584	0.00206883464360293	0.0020554839359651	0.120007422373951	0.127918183570241	2	1	1	1	1	1	NA	NA	NA	2	1	1
3	73214	50137734	2	1	1	3	a	6	1	1	0.0438920434119	0.0865268901423	2	1	1	1	1	1	NA	NA	NA	NA	NA	NA	NA	2	1	1	1	1	1	NA	NA	NA	2	1	1
3	50137735	50345800	4	2	2	2	d	2	2	2	0.05	0.0820298735857	2.462261	1.0351417	1.4271196	1	1	0.584893705168929	2	1	0.415106294831071	0.0483411042055686	0.0521681560507403	0.349841568276749	0.555007909892374	NA	NA	NA	2	2	1	NA	NA	NA	3	1	2
3	50345801	87899999	2	1	1	3	a	6	1	1	0.0441450868554	0.0699136397243	2	1	1	1	1	1	NA	NA	NA	NA	NA	NA	NA	2	1	1	1	1	1	NA	NA	NA	2	1	1
3	87900000	93899999	2	1	1	3	a	6	1	1	0.0445530494589	0.075076325977	2	1	1	1	1	1	NA	NA	NA	NA	NA	NA	NA	2	1	1	1	1	1	NA	NA	NA	2	1	1
3	93900000	197854454	2	1	1	3	a	6	1	1	0.0452234249658	0.0732250945149	2	1	1	1	1	1	NA	NA	NA	NA	NA	NA	NA	2	1	1	1	1	1	NA	NA	NA	2	1	1
4	27500	40302358	2	1	1	3	a	6	1	1	0.0448929770078	0.0918688126129	2	1	1	1	1	1	NA	NA	NA	NA	NA	NA	NA	2	1	1	1	1	1	NA	NA	NA	2	1	1
4	40302359	40302383	2	1	1	3	b	5	1	1	0.05	0.1	2	1	1	1	1	1	NA	NA	NA	NA	NA	NA	NA	NA	NA	NA	1	1	1	NA	NA	NA	2	1	1
4	40302384	48199999	2	1	1	3	a	6	1	1	0.0435635528863	0.070028180371	2	1	1	1	1	1	NA	NA	NA	NA	NA	NA	NA	2	1	1	1	1	1	NA	NA	NA	2	1	1
4	48200000	52699999	2	1	1	3	a	6	1	1	0.0400900003285	0.196520137692	2	1	1	1	1	1	NA	NA	NA	NA	NA	NA	NA	2	1	1	1	1	1	NA	NA	NA	2	1	1
4	52700000	108854831	2	1	1	3	a	6	1	1	0.0448142437814	0.0739218028536	2	1	1	1	1	1	NA	NA	NA	NA	NA	NA	NA	2	1	1	1	1	1	NA	NA	NA	2	1	1
4	108854832	118896560	2	1	1	2	d	5	1	1	0.0478811216245	0.100029173885	2	1	1	1	1	0.904679295261012	2	1	0.0953207047389881	0.00471713860018946	0.00485459526014398	0.90417008312946	0.923547884116171	2	1	1	1	1	1	NA	NA	NA	2	1	1
4	118896561	191154275	2	1	1	2	d	4	1	1	0.0465363374552	0.0817847020923	2.116649	1.0583246	1.0583246	1	1	0.871317048602366	2	1	0.128682951397634	0.00176964217931769	0.00178852471859545	0.867052847253159	0.874135743960133	2	1	1	1	1	1	NA	NA	NA	2	1	1
5	22500	849604	2	1	1	2	d	3	1	1	0.0487424933524	0.456276391228	2	1	1	NA	NA	NA	NA	NA	NA	NA	NA	NA	NA	NA	NA	NA	2	0	0.20679	1	0	0.79321	2	1	1
5	849605	46099999	2	1	1	3	a	6	1	1	0.0447579859457	0.0730806006136	2	1	1	1	1	1	NA	NA	NA	NA	NA	NA	NA	2	1	1	1	1	1	NA	NA	NA	2	1	1
5	46100000	50699999	2	1	1	3	b	5	1	1	0.0318989522143	0.183602283117	2	1	1	NA	NA	NA	NA	NA	NA	NA	NA	NA	NA	2	1	1	1	1	1	NA	NA	NA	2	1	1
5	50700000	180689978	2	1	1	3	a	6	1	1	0.0441601949819	0.0773503125271	2	1	1	1	1	1	NA	NA	NA	NA	NA	NA	NA	2	1	1	1	1	1	NA	NA	NA	2	1	1
6	39681	213746	2	1	1	2	d	4	1	1	0.05	0.1	NA	NA	NA	1	1	1	NA	NA	NA	NA	NA	NA	NA	NA	NA	NA	1	1	1	NA	NA	NA	2	1	1
6	213747	58699999	2	1	1	3	a	6	1	1	0.0466006427841	0.0778327368103	2	1	1	1	1	1	NA	NA	NA	NA	NA	NA	NA	2	1	1	1	1	1	NA	NA	NA	2	1	1
6	58700000	63299999	2	1	1	3	b	5	1	1	0.0441325746033	0.0855682580505	2	1	1	NA	NA	NA	NA	NA	NA	NA	NA	NA	NA	2	1	1	1	1	1	NA	NA	NA	2	1	1
6	63300000	170917850	2	1	1	3	a	6	1	1	0.0452082735164	0.0718863642896	2	1	1	1	1	1	NA	NA	NA	NA	NA	NA	NA	2	1	1	1	1	1	NA	NA	NA	2	1	1
7	40386	57999999	2	1	1	3	a	6	1	1	0.0439138329273	0.0802686473482	2	1	1	1	1	1	NA	NA	NA	NA	NA	NA	NA	2	1	1	1	1	1	NA	NA	NA	2	1	1
7	58000000	61699999	2	1	1	3	b	5	1	1	0.05	0.180369386873	2	1	1	1	1	1	NA	NA	NA	NA	NA	NA	NA	NA	NA	NA	1	1	1	NA	NA	NA	2	1	1
7	61700000	158817500	2	1	1	3	a	6	1	1	0.0456305096273	0.0821996011179	2	1	1	1	1	1	NA	NA	NA	NA	NA	NA	NA	2	1	1	1	1	1	NA	NA	NA	2	1	1
8	10001	122499	2	1	1	2	d	2	NA	NA	NA	NA	NA	NA	NA	1	0	0.395947542761947	1	1	0.604052457238053	NA	0	0.395947542761947	0.395947542761947	NA	NA	NA	1	1	1	NA	NA	NA	2	1	1
8	122500	43099999	2	1	1	3	a	6	1	1	0.0468501361629	0.093763403105	2	1	1	1	1	1	NA	NA	NA	NA	NA	NA	NA	2	1	1	1	1	1	NA	NA	NA	2	1	1
8	43100000	48099999	2	1	1	3	a	6	1	1	0.0383217476637	0.106498397638	2	1	1	1	1	1	NA	NA	NA	NA	NA	NA	NA	2	1	1	1	1	1	NA	NA	NA	2	1	1
8	48100000	146364021	2	1	1	3	a	6	1	1	0.0436220362901	0.0782474078912	2	1	1	1	1	1	NA	NA	NA	NA	NA	NA	NA	2	1	1	1	1	1	NA	NA	NA	2	1	1
9	10001	248446	2	1	1	2	d	4	1	1	0.05	0.11400333995	2	1	1	1	1	1	NA	NA	NA	NA	NA	NA	NA	NA	NA	NA	NA	NA	NA	NA	NA	NA	2	1	1
9	248447	43137135	2	1	1	3	a	6	1	1	0.0461671515076	0.0868795798773	2	1	1	1	1	1	NA	NA	NA	NA	NA	NA	NA	2	1	1	1	1	1	NA	NA	NA	2	1	1
9	43137136	47299999	2	1	1	2	d	4	1	1	0.05	0.388237484185	2	1	1	1	1	1	NA	NA	NA	NA	NA	NA	NA	1	0	1	2	0	1	NA	NA	NA	2	1	1
9	47300000	50699999	NA	NA	NA	NA	NA	NA	1	1	0.05	0.1	NA	NA	NA	NA	NA	NA	NA	NA	NA	NA	NA	NA	NA	1	0	1	2	0	1	NA	NA	NA	2	1	1
9	50700000	67215498	2	1	1	2	d	2	1	1	0.05	0.217581166962	NA	NA	NA	NA	NA	NA	NA	NA	NA	NA	NA	NA	NA	NA	NA	NA	2	0	1	NA	NA	NA	2	1	1
9	67215499	140267500	2	1	1	3	a	6	1	1	0.0436512411486	0.0739268339171	2	1	1	1	1	1	NA	NA	NA	NA	NA	NA	NA	2	1	1	1	1	1	NA	NA	NA	2	1	1
10	95229	37999999	2	1	1	3	a	6	1	1	0.0450620640797	0.070759100324	2	1	1	1	1	1	NA	NA	NA	NA	NA	NA	NA	2	1	1	1	1	1	NA	NA	NA	2	1	1
10	38000000	42299999	2	1	1	3	b	5	1	1	0.0434827868313	0.0889732027452	2	1	1	1	1	1	NA	NA	NA	NA	NA	NA	NA	2	1	1	NA	NA	NA	NA	NA	NA	2	1	1
10	42300000	135389924	2	1	1	3	a	6	1	1	0.0440625133186	0.0767230025213	2	1	1	1	1	1	NA	NA	NA	NA	NA	NA	NA	2	1	1	1	1	1	NA	NA	NA	2	1	1
11	20721	190009	2	1	1	2	d	3	1	1	0.05	0.1	NA	NA	NA	NA	NA	NA	NA	NA	NA	NA	NA	NA	NA	NA	NA	NA	1	1	1	NA	NA	NA	2	1	1
11	190010	51599999	2	1	1	3	a	6	1	1	0.044916130604	0.0885909544919	2	1	1	1	1	1	NA	NA	NA	NA	NA	NA	NA	2	1	1	1	1	1	NA	NA	NA	2	1	1
11	51600000	55699999	2	1	1	3	a	6	1	1	0.0480301186671	0.123062934467	2	1	1	1	1	1	NA	NA	NA	NA	NA	NA	NA	2	1	1	1	1	1	NA	NA	NA	2	1	1
11	55700000	134442500	2	1	1	3	a	6	1	1	0.0441504258218	0.0726635591308	2	1	1	1	1	1	NA	NA	NA	NA	NA	NA	NA	2	1	1	1	1	1	NA	NA	NA	2	1	1
12	110107	33299999	2	1	1	3	a	6	1	1	0.0443225384378	0.0725818759033	2	1	1	1	1	1	NA	NA	NA	NA	NA	NA	NA	2	1	1	1	1	1	NA	NA	NA	2	1	1
12	33300000	38199999	2	1	1	3	a	6	1	1	0.0376129585321	0.150050639796	2	1	1	1	1	1	NA	NA	NA	NA	NA	NA	NA	2	1	1	1	1	1	NA	NA	NA	2	1	1
12	38200000	132342500	2	1	1	3	a	6	1	1	0.0454544936979	0.0758621129413	2	1	1	1	1	1	NA	NA	NA	NA	NA	NA	NA	2	1	1	1	1	1	NA	NA	NA	2	1	1
12	132342501	133851894	2	1	1	2	d	4	NA	NA	NA	NA	2	1	1	1	1	1	NA	NA	NA	NA	NA	NA	NA	3	1	2	1	1	1	NA	NA	NA	2	1	1
13	1	16299999	2	1	1	1	h	1	NA	NA	NA	NA	NA	NA	NA	NA	NA	NA	NA	NA	NA	NA	NA	NA	NA	NA	NA	NA	NA	NA	NA	NA	NA	NA	2	1	1
13	16300000	19499999	2	1	1	2	d	3	1	1	0.05	0.105900980427	NA	NA	NA	1	1	1	NA	NA	NA	NA	NA	NA	NA	NA	NA	NA	NA	NA	NA	NA	NA	NA	2	1	1
13	19500000	114137500	2	1	1	3	a	6	1	1	0.0450611156866	0.0766059422515	2	1	1	1	1	1	NA	NA	NA	NA	NA	NA	NA	2	1	1	1	1	1	NA	NA	NA	2	1	1
13	114137501	115169877	2	1	1	2	d	4	NA	NA	NA	NA	2	1	1	1	1	1	NA	NA	NA	NA	NA	NA	NA	3	1	2	1	1	1	NA	NA	NA	2	1	1
14	1	16099999	2	1	1	1	h	1	NA	NA	NA	NA	NA	NA	NA	NA	NA	NA	NA	NA	NA	NA	NA	NA	NA	NA	NA	NA	NA	NA	NA	NA	NA	NA	2	1	1
14	16100000	19099999	NA	NA	NA	NA	NA	NA	NA	NA	NA	NA	NA	NA	NA	NA	NA	NA	NA	NA	NA	NA	NA	NA	NA	NA	NA	NA	3	0	1	NA	NA	NA	2	1	1
14	19100000	37825723	2	1	1	3	a	6	1	1	0.0447813057064	0.0900860090106	2	1	1	1	1	1	NA	NA	NA	NA	NA	NA	NA	2	1	1	1	1	1	NA	NA	NA	2	1	1
14	37825724	38198898	3	2	1	2	e	4	3	1	0.0571303122499	0.118704262262	2.374085	0.9835496	1.3905356	1	1	0.430937994729305	2	1	0.569062005270695	0.0347921848069379	0.0343212222996742	0.370549267406939	0.508070696526796	3	1	2	2	1	1	NA	NA	NA	2	1	1
14	38198899	106362500	2	1	1	3	a	6	1	1	0.0453265878177	0.0719412253082	2	1	1	1	1	1	NA	NA	NA	NA	NA	NA	NA	2	1	1	1	1	1	NA	NA	NA	2	1	1
15	1	15799999	2	1	1	1	h	1	NA	NA	NA	NA	NA	NA	NA	NA	NA	NA	NA	NA	NA	NA	NA	NA	NA	NA	NA	NA	NA	NA	NA	NA	NA	NA	2	1	1
15	15800000	20699999	2	1	1	2	d	3	1	1	0.05	0.165057967182	NA	NA	NA	1	1	1	NA	NA	NA	NA	NA	NA	NA	NA	NA	NA	2	0	1	NA	NA	NA	2	1	1
15	20700000	100332500	2	1	1	3	a	6	1	1	0.0450447221563	0.0801085473083	2	1	1	1	1	1	NA	NA	NA	NA	NA	NA	NA	2	1	1	1	1	1	NA	NA	NA	2	1	1
15	100332501	102531391	2	1	1	3	b	5	NA	NA	NA	NA	2	1	1	1	1	1	NA	NA	NA	NA	NA	NA	NA	2	1	1	1	1	1	NA	NA	NA	2	1	1
16	85109	34599999	2	1	1	3	b	6	1	1	0.0448194266853	0.0949362984139	2	1	1	1	1	1	NA	NA	NA	NA	NA	NA	NA	3	1	2	1	1	1	NA	NA	NA	2	1	1
16	34600000	38599999	2	1	1	3	a	6	1	1	0.05	0.0873107507473	2	1	1	1	1	1	NA	NA	NA	NA	NA	NA	NA	2	1	1	1	1	1	NA	NA	NA	2	1	1
16	38600000	46430529	2	1	1	2	d	4	NA	NA	NA	NA	2	1	1	1	1	1	NA	NA	NA	NA	NA	NA	NA	NA	NA	NA	1	1	1	NA	NA	NA	2	1	1
16	46430530	88822500	2	1	1	3	a	6	1	1	0.0449451019832	0.137226607947	2	1	1	1	1	1	NA	NA	NA	NA	NA	NA	NA	2	1	1	1	1	1	NA	NA	NA	2	1	1
16	88822501	90354752	2	1	1	2	d	4	NA	NA	NA	NA	2	1	1	1	1	1	NA	NA	NA	NA	NA	NA	NA	5	2	3	1	1	1	NA	NA	NA	2	1	1
17	40008	22199999	2	1	1	3	b	6	1	1	0.0428262926419	0.0810069867194	2	1	1	1	1	1	NA	NA	NA	NA	NA	NA	NA	3	1	2	1	1	1	NA	NA	NA	2	1	1
17	22200000	25799999	2	1	1	3	b	6	1	1	0.0392114165559	0.0710144906004	2	1	1	1	1	1	NA	NA	NA	NA	NA	NA	NA	3	1	2	1	1	1	NA	NA	NA	2	1	1
17	25800000	78772500	2	1	1	3	b	6	1	1	0.0443006564411	0.087319900695	2	1	1	1	1	1	NA	NA	NA	NA	NA	NA	NA	3	1	2	1	1	1	NA	NA	NA	2	1	1
17	78772501	81195209	2	1	1	2	d	4	NA	NA	NA	NA	2	1	1	1	1	1	NA	NA	NA	NA	NA	NA	NA	4	2	2	1	1	1	NA	NA	NA	2	1	1
18	10001	165021	2	1	1	2	d	3	1	1	0.05	0.102459602849	NA	NA	NA	1	1	1	NA	NA	NA	NA	NA	NA	NA	NA	NA	NA	2	0	0.241364	1	0	0.758636	2	1	1
18	165022	15399999	2	1	1	3	a	6	1	1	0.0467662204964	0.0837570029275	2	1	1	1	1	1	NA	NA	NA	NA	NA	NA	NA	2	1	1	1	1	1	NA	NA	NA	2	1	1
18	15400000	18999999	2	1	1	3	a	6	1	1	0.0404128524631	0.15225352423	2	1	1	1	1	1	NA	NA	NA	NA	NA	NA	NA	2	1	1	1	1	1	NA	NA	NA	2	1	1
18	19000000	76112500	2	1	1	3	a	6	1	1	0.0442141224218	0.0714526655221	2	1	1	1	1	1	NA	NA	NA	NA	NA	NA	NA	2	1	1	1	1	1	NA	NA	NA	2	1	1
18	76112501	78077247	2	1	1	2	d	4	NA	NA	NA	NA	2	1	1	1	1	1	NA	NA	NA	NA	NA	NA	NA	3	1	2	1	1	1	NA	NA	NA	2	1	1
19	102500	267212	2	1	1	2	d	3	3	0	0.05	0.1	NA	NA	NA	1	1	1	NA	NA	NA	NA	NA	NA	NA	NA	NA	NA	1	1	1	NA	NA	NA	2	1	1
19	267213	24399999	2	1	1	3	b	6	1	1	0.0461127102393	0.0851536264151	2	1	1	1	1	1	NA	NA	NA	NA	NA	NA	NA	4	2	2	1	1	1	NA	NA	NA	2	1	1
19	24400000	28599999	2	1	1	3	a	6	1	1	0.0235831483143	0.0887754632475	2	1	1	1	1	1	NA	NA	NA	NA	NA	NA	NA	2	1	1	1	1	1	NA	NA	NA	2	1	1
19	28600000	49845483	2	1	1	3	b	6	1	1	0.044185371782	0.0946197749597	2	1	1	1	1	1	NA	NA	NA	NA	NA	NA	NA	3	1	2	1	1	1	NA	NA	NA	2	1	1
19	49845484	50181541	2	1	1	1	g	NA	3	1	0.0446314783285	0.1	2.47659	1.0500387	1.4265516	1	1	0.571056828674561	2	1	0.428943171325439	0.0272816944220646	0.0270183384389629	0.53718645046007	0.639349711753969	6	3	3	3	1	1	NA	NA	NA	3	1	2
19	50181542	59128982	2	1	1	3	b	6	1	1	0.0473111573182	0.109001965074	2	1	1	1	1	1	NA	NA	NA	NA	NA	NA	NA	3	1	2	1	1	1	NA	NA	NA	2	1	1
20	20980	25599999	2	1	1	3	a	6	1	1	0.0447314233242	0.0719079161936	2	1	1	1	1	1	NA	NA	NA	NA	NA	NA	NA	2	1	1	1	1	1	NA	NA	NA	2	1	1
20	25600000	29399999	2	1	1	3	a	6	1	1	0.061678883259	0.080403206087	2	1	1	1	1	1	NA	NA	NA	NA	NA	NA	NA	2	1	1	1	1	1	NA	NA	NA	2	1	1
20	29400000	52296466	2	1	1	3	b	6	1	1	0.0432401044783	0.068481589896	2	1	1	1	1	1	NA	NA	NA	NA	NA	NA	NA	3	1	2	1	1	1	NA	NA	NA	2	1	1
20	52296467	52296503	2	1	1	3	b	5	1	1	0.05	0.1	2	1	1	1	1	1	NA	NA	NA	NA	NA	NA	NA	NA	NA	NA	1	1	1	NA	NA	NA	2	1	1
20	52296504	62432500	2	1	1	3	b	6	1	1	0.0438160903154	0.0713234208216	2	1	1	1	1	1	NA	NA	NA	NA	NA	NA	NA	3	1	2	1	1	1	NA	NA	NA	2	1	1
21	1	9411193	NA	NA	NA	NA	NA	NA	NA	NA	NA	NA	NA	NA	NA	NA	NA	NA	NA	NA	NA	NA	NA	NA	NA	NA	NA	NA	NA	NA	NA	NA	NA	NA	NA	NA	NA
21	9411194	10899999	NA	NA	NA	NA	NA	NA	1	1	0.05	0.14688090262	NA	NA	NA	NA	NA	NA	NA	NA	NA	NA	NA	NA	NA	NA	NA	NA	2	0	1	NA	NA	NA	NA	NA	NA
21	10900000	15294798	2	1	1	2	d	2	1	1	0.0409590198408	0.228804523824	NA	NA	NA	1	1	1	NA	NA	NA	NA	NA	NA	NA	NA	NA	NA	2	0	0.448015	2	1	0.551985	NA	NA	NA
21	15294799	46944200	2	1	1	3	b	5	1	1	0.0450713768581	0.0722458715586	2	1	1	1	1	1	NA	NA	NA	NA	NA	NA	NA	2	1	1	1	1	1	NA	NA	NA	NA	NA	NA
21	46944201	48129894	2	1	1	2	d	3	NA	NA	NA	NA	2	1	1	1	1	1	NA	NA	NA	NA	NA	NA	NA	3	1	2	1	1	1	NA	NA	NA	NA	NA	NA
22	1	12199999	2	1	1	1	h	1	NA	NA	NA	NA	NA	NA	NA	NA	NA	NA	NA	NA	NA	NA	NA	NA	NA	NA	NA	NA	NA	NA	NA	NA	NA	NA	2	1	1
22	12200000	17899999	2	1	1	3	b	6	1	1	0.0469744187517	0.134489609682	2	1	1	1	1	1	NA	NA	NA	NA	NA	NA	NA	3	1	2	1	1	1	NA	NA	NA	2	1	1
22	17900000	29065849	2	1	1	3	b	6	1	1	0.0414644715731	0.0849697320593	2	1	1	1	1	1	NA	NA	NA	NA	NA	NA	NA	3	1	2	1	1	1	NA	NA	NA	2	1	1
22	29065850	29066154	2	1	1	3	b	5	1	1	0.05	0.1	2	1	1	1	1	1	NA	NA	NA	NA	NA	NA	NA	NA	NA	NA	1	1	1	NA	NA	NA	2	1	1
22	29066155	36711976	2	1	1	3	b	6	1	1	0.0457058086423	0.0680399238467	2	1	1	1	1	1	NA	NA	NA	NA	NA	NA	NA	3	1	2	1	1	1	NA	NA	NA	2	1	1
22	36711977	37064768	3	2	1	1	g	NA	3	1	0.0601247245601	0.0810753375936	2.429868	1.0189768	1.4108909	1	1	0.442373877276924	2	1	0.557626122723076	0.0307335351005437	0.0300514818912681	0.401116194084097	0.517191165631261	6	3	3	3	1	1	NA	NA	NA	3	1	2
22	37064769	49687500	2	1	1	3	b	6	1	1	0.0456888228608	0.0757472999647	2	1	1	1	1	1	NA	NA	NA	NA	NA	NA	NA	4	2	2	1	1	1	NA	NA	NA	2	1	1
22	49687501	51304565	2	1	1	2	d	4	NA	NA	NA	NA	2	1	1	1	1	1	NA	NA	NA	NA	NA	NA	NA	4	2	2	1	1	1	NA	NA	NA	2	1	1
X	1	58099999	2	1	1	3	a	5	1	1	0.0455588271299	0.107747820592	2	1	1	1	1	1	NA	NA	NA	NA	NA	NA	NA	2	1	1	NA	NA	NA	NA	NA	NA	2	1	1
X	58100000	62999999	2	1	1	3	a	5	1	1	0.05	0.21492941138	2	1	1	1	1	1	NA	NA	NA	NA	NA	NA	NA	2	1	1	NA	NA	NA	NA	NA	NA	2	1	1
X	63000000	154929638	2	1	1	3	a	5	1	1	0.0454115001307	0.0782716312847	2	1	1	1	1	1	NA	NA	NA	NA	NA	NA	NA	2	1	1	NA	NA	NA	NA	NA	NA	2	1	1
