chromosome	start	end	total_cn	major_cn	minor_cn	star	level	methods_agree	absolute_broad_major_cn	absolute_broad_minor_cn	absolute_broad_het_error	absolute_broad_cov_error	aceseq_copy_number	aceseq_minor_cn	aceseq_major_cn	battenberg_nMaj1_A	battenberg_nMin1_A	battenberg_frac1_A	battenberg_nMaj2_A	battenberg_nMin2_A	battenberg_frac2_A	battenberg_SDfrac_A	battenberg_SDfrac_A_BS	battenberg_frac1_A_0.025	battenberg_frac1_A_0.975	clonehd_copy_number	clonehd_minor_cn	clonehd_major_cn	sclust_nMaj1_A	sclust_nMin1_A	sclust_frac1_A	sclust_nMaj2_A	sclust_nMin2_A	sclust_frac2_A	jabba_copy_number	jabba_minor_cn	jabba_major_cn
1	10001	812500	2	1	1	2	d	4	0.76	0.76	0.05	0.653256820989	NA	NA	NA	1	1	1	NA	NA	NA	NA	NA	NA	NA	2	1	1	1	1	1	NA	NA	NA	2	1	1
1	812501	8331842	2	1	1	3	a	6	1	1	0.0453931652617	0.174593886052	2	1	1	1	1	1	NA	NA	NA	NA	NA	NA	NA	2	1	1	1	1	1	NA	NA	NA	2	1	1
1	8331843	8389863	3	2	1	2	d	3	2	1	0.05	0.1	2	1	1	2	1	1	NA	NA	NA	NA	NA	NA	NA	NA	NA	NA	1	1	1	NA	NA	NA	3	1	2
1	8389864	57387044	2	1	1	3	a	6	1	1	0.0414973480598	0.112471666746	2	1	1	1	1	1	NA	NA	NA	NA	NA	NA	NA	2	1	1	1	1	1	NA	NA	NA	2	1	1
1	57387045	57395287	2	1	1	1	g	NA	1	1	0.05	0.1	2	1	1	2	1	1	NA	NA	NA	NA	NA	NA	NA	3	1	2	1	1	1	NA	NA	NA	3	1	2
1	57395288	81461734	2	1	1	3	a	6	1	1	0.0402615103482	0.101235518196	2	1	1	1	1	1	NA	NA	NA	NA	NA	NA	NA	2	1	1	1	1	1	NA	NA	NA	2	1	1
1	81461735	81471014	2	1	1	2	d	3	1	1	0.05	0.1	2	1	1	0	0	0.693673150011178	1	0	0.306326849988822	0.0777558526651886	0.0878901149043074	0.44089721991406	0.782543057795633	NA	NA	NA	1	1	1	NA	NA	NA	1	0	1
1	81471015	121499999	2	1	1	3	a	6	1	1	0.0423133071087	0.122933854087	2	1	1	1	1	1	NA	NA	NA	NA	NA	NA	NA	2	1	1	1	1	1	NA	NA	NA	2	1	1
1	121500000	128899999	2	1	1	3	b	5	1	1	0.05	0.1	2	1	1	1	1	1	NA	NA	NA	NA	NA	NA	NA	NA	NA	NA	1	1	1	NA	NA	NA	2	1	1
1	128900000	163983438	2	1	1	3	a	6	1	1	0.0407860146585	0.151530700142	2	1	1	1	1	1	NA	NA	NA	NA	NA	NA	NA	2	1	1	1	1	1	NA	NA	NA	2	1	1
1	163983439	247247500	3	2	1	2	d	5	1.67	0.93	0.0542204895377	0.127333236146	3	1	2	2	1	1	NA	NA	NA	NA	NA	NA	NA	3	1	2	2	1	1	NA	NA	NA	3	1	2
1	247247501	249250620	3	2	1	3	b	5	NA	NA	NA	NA	3	1	2	2	1	1	NA	NA	NA	NA	NA	NA	NA	3	1	2	2	1	1	NA	NA	NA	3	1	2
2	20016	90499999	2	1	1	3	a	6	1	1	0.0418291433044	0.113979443799	2	1	1	1	1	1	NA	NA	NA	NA	NA	NA	NA	2	1	1	1	1	1	NA	NA	NA	2	1	1
2	90500000	96799999	2	1	1	3	a	6	1	1	0.05	0.151148571949	2	1	1	1	1	1	NA	NA	NA	NA	NA	NA	NA	2	1	1	1	1	1	NA	NA	NA	2	1	1
2	96800000	242959499	2	1	1	3	a	6	1	1	0.0424500657669	0.110834156154	2	1	1	1	1	1	NA	NA	NA	NA	NA	NA	NA	2	1	1	1	1	1	NA	NA	NA	2	1	1
3	100074	78783739	2	1	1	3	a	6	1	1	0.0413505751503	0.109058872287	2	1	1	1	1	1	NA	NA	NA	NA	NA	NA	NA	2	1	1	1	1	1	NA	NA	NA	2	1	1
3	78783740	79007842	1	1	0	3	a	6	1	0	0.05	0.0616003815857	1	0	1	1	0	1	NA	NA	NA	NA	NA	NA	NA	1	0	1	1	0	1	NA	NA	NA	1	0	1
3	79007843	87899999	2	1	1	3	a	6	1	1	0.038689496698	0.114651302577	2	1	1	1	1	1	NA	NA	NA	NA	NA	NA	NA	2	1	1	1	1	1	NA	NA	NA	2	1	1
3	87900000	93899999	2	1	1	2	d	5	1	1	0.0388887877789	0.135210785516	2.102752	1.05137584921	1.0513758	1	1	1	NA	NA	NA	NA	NA	NA	NA	2	1	1	1	1	1	NA	NA	NA	2	1	1
3	93900000	198022429	2	1	1	3	a	6	1	1	0.0416501045022	0.112745440116	2	1	1	1	1	1	NA	NA	NA	NA	NA	NA	NA	2	1	1	1	1	1	NA	NA	NA	2	1	1
4	38165	48199999	2	1	1	3	a	6	1	1	0.0433841969199	0.115597373646	2	1	1	1	1	1	NA	NA	NA	NA	NA	NA	NA	2	1	1	1	1	1	NA	NA	NA	2	1	1
4	48200000	52699999	2	1	1	3	a	6	1	1	0.040753174724	0.28185748716	2	1	1	1	1	1	NA	NA	NA	NA	NA	NA	NA	2	1	1	1	1	1	NA	NA	NA	2	1	1
4	52700000	92544948	2	1	1	3	a	6	1	1	0.0421693462226	0.108159191435	2	1	1	1	1	1	NA	NA	NA	NA	NA	NA	NA	2	1	1	1	1	1	NA	NA	NA	2	1	1
4	92544949	92618486	2	1	1	2	d	2	2	2	0.05	0.360597582391	2.184102	0.71216156937	1.4719407	2	0	0.0919999161636495	2	1	0.908000083836351	0.0272835688194988	0.0274226045204977	0.0123595827237705	0.120651419718814	NA	NA	NA	1	1	1	NA	NA	NA	2	1	1
4	92618487	100309545	2	1	1	3	a	6	1	1	0.036725009712	0.136273990697	2	1	1	1	1	1	NA	NA	NA	NA	NA	NA	NA	2	1	1	1	1	1	NA	NA	NA	2	1	1
4	100309546	100364636	3	2	1	2	d	5	2	1	0.05	0.122491689988	3	1	2	1	1	0.497950321781627	2	1	0.502049678218373	0.157183034730705	0.114055539173022	0.686880936987502	1.13600900611077	3	1	2	2	1	1	NA	NA	NA	3	1	2
4	100364637	190749943	2	1	1	3	a	6	1	1	0.0423242477846	0.109322418759	2	1	1	1	1	1	NA	NA	NA	NA	NA	NA	NA	2	1	1	1	1	1	NA	NA	NA	2	1	1
5	22500	45999994	2	1	1	3	a	6	1	1	0.0413136993064	0.11280479889	2	1	1	1	1	1	NA	NA	NA	NA	NA	NA	NA	2	1	1	1	1	1	NA	NA	NA	2	1	1
5	45999995	46099999	2	1	1	2	d	2	1	1	0.05	0.0763998209562	3.328731	1.66436549666	1.6643655	2	2	1	NA	NA	NA	NA	NA	NA	NA	NA	NA	NA	2	1	0.102655	1	1	0.897345	2	1	1
5	46100000	50699999	2	1	1	2	d	5	1	1	0.0400176428817	0.124314497133	2.3606	1.18029992919	1.1802999	1	1	1	NA	NA	NA	NA	NA	NA	NA	2	1	1	1	1	1	NA	NA	NA	2	1	1
5	50700000	180662500	2	1	1	3	a	6	1	1	0.042342927942	0.10803777025	2	1	1	1	1	1	NA	NA	NA	NA	NA	NA	NA	2	1	1	1	1	1	NA	NA	NA	2	1	1
6	39681	201975	2	1	1	1	h	1	NA	NA	NA	NA	NA	NA	NA	NA	NA	NA	NA	NA	NA	NA	NA	NA	NA	NA	NA	NA	NA	NA	NA	NA	NA	NA	2	1	1
6	201976	58699999	2	1	1	3	a	6	1	1	0.0458592999951	0.137239886859	2	1	1	1	1	1	NA	NA	NA	NA	NA	NA	NA	2	1	1	1	1	1	NA	NA	NA	2	1	1
6	58700000	63299999	2	1	1	2	d	4	1	1	0.0406221375912	0.123576587566	2.131443	1.06572135557	1.0657214	NA	NA	NA	NA	NA	NA	NA	NA	NA	NA	2	1	1	1	1	1	NA	NA	NA	2	1	1
6	63300000	157224658	2	1	1	3	a	6	1	1	0.0405319977553	0.109781662748	2	1	1	1	1	1	NA	NA	NA	NA	NA	NA	NA	2	1	1	1	1	1	NA	NA	NA	2	1	1
6	157224659	157523576	1	1	0	3	a	6	1	0	0.0422216863571	0.0717588357237	1	0	1	1	0	1	NA	NA	NA	NA	NA	NA	NA	1	0	1	1	0	1	NA	NA	NA	1	0	1
6	157523577	170877053	2	1	1	3	a	6	1	1	0.0449223736908	0.108331592123	2	1	1	1	1	1	NA	NA	NA	NA	NA	NA	NA	2	1	1	1	1	1	NA	NA	NA	2	1	1
7	40386	35293814	2	1	1	3	a	6	1	1	0.0426015097863	0.11192574058	2	1	1	1	1	1	NA	NA	NA	NA	NA	NA	NA	2	1	1	1	1	1	NA	NA	NA	2	1	1
7	35293815	35294477	2	1	1	3	b	5	1	1	0.05	0.1	2	1	1	1	1	1	NA	NA	NA	NA	NA	NA	NA	NA	NA	NA	1	1	1	NA	NA	NA	2	1	1
7	35294478	57999999	2	1	1	3	a	6	1	1	0.0436572481048	0.106569431888	2	1	1	1	1	1	NA	NA	NA	NA	NA	NA	NA	2	1	1	1	1	1	NA	NA	NA	2	1	1
7	58000000	62431602	2	1	1	2	d	4	1	1	0.05	0.376508377649	2.441483	1.22074170296	1.2207417	1	1	1	NA	NA	NA	NA	NA	NA	NA	3	1	2	1	1	1	NA	NA	NA	2	1	1
7	62431603	158817500	2	1	1	3	a	6	1	1	0.0422484558373	0.10905412829	2	1	1	1	1	1	NA	NA	NA	NA	NA	NA	NA	2	1	1	1	1	1	NA	NA	NA	2	1	1
8	10001	191225	1	1	0	2	d	3	1.07	0.14	0.05	0.1	NA	NA	NA	1	0	1	NA	NA	NA	NA	NA	NA	NA	1	0	1	1	0	0.909578	1	1	0.0904224	1	0	1
8	191226	39505205	1	1	0	2	d	2	1.07	0.14	0.0635995915765	0.11057547272	1.112962	0.10309662031	1.0098651	1	0	0.904900301278571	1	1	0.0950996987214292	0.000742281351525875	0.00078660574644033	0.89599329912324	0.899171522876125	1	0	1	1	0	0.909578	1	1	0.0904224	1	0	1
8	39505206	43099999	2	1	1	3	a	6	1	1	0.0413814408954	0.113035492812	2	1	1	1	1	1	NA	NA	NA	NA	NA	NA	NA	2	1	1	1	1	1	NA	NA	NA	2	1	1
8	43100000	48099999	2	1	1	2	d	5	1	1	0.0464214623851	0.138833457883	2.410951	1.20547541442	1.2054754	1	1	1	NA	NA	NA	NA	NA	NA	NA	2	1	1	1	1	1	NA	NA	NA	2	1	1
8	48100000	146364021	2	1	1	3	a	6	1	1	0.04223151415	0.11138151238	2	1	1	1	1	1	NA	NA	NA	NA	NA	NA	NA	2	1	1	1	1	1	NA	NA	NA	2	1	1
9	10001	17223057	2	1	1	2	d	5	1.07	1.07	0.0425959517922	0.126770033833	2	1	1	1	1	1	NA	NA	NA	NA	NA	NA	NA	2	1	1	1	1	1	NA	NA	NA	2	1	1
9	17223058	17421016	1	1	0	2	d	5	1.07	0	0.0694186261485	0.0687768776582	1	0	1	1	0	1	NA	NA	NA	NA	NA	NA	NA	1	0	1	1	0	1	NA	NA	NA	1	0	1
9	17421017	21992005	2	1	1	2	d	5	1.07	1.07	0.041032453318	0.11374930174	2	1	1	1	1	1	NA	NA	NA	NA	NA	NA	NA	2	1	1	1	1	1	NA	NA	NA	2	1	1
9	21992006	22113521	4	3	1	2	e	0	1.07	1.07	0.05	0.0997352833827	2	1	1	1	0	1	NA	NA	NA	NA	NA	NA	NA	NA	NA	NA	1	1	1	NA	NA	NA	1	0	1
9	22113522	43851327	2	1	1	2	d	4	1.07	1.07	0.0412571119783	0.124237109773	2	1	1	1	1	1	NA	NA	NA	NA	NA	NA	NA	2	1	1	1	1	1	NA	NA	NA	2	0	2
9	43851328	47299999	2	1	1	2	d	3	1	1	0.05	0.295032232137	2	1	1	1	1	1	NA	NA	NA	NA	NA	NA	NA	1	0	1	2	1	0.357974	1	1	0.642026	2	0	2
9	47300000	50699999	NA	NA	NA	NA	NA	NA	NA	NA	NA	NA	NA	NA	NA	NA	NA	NA	NA	NA	NA	NA	NA	NA	NA	1	0	1	2	1	0.357974	1	1	0.642026	2	0	2
9	50700000	66527500	2	2	0	2	d	2	2	0	0.05	0.294700258663	NA	NA	NA	NA	NA	NA	NA	NA	NA	NA	NA	NA	NA	NA	NA	NA	2	1	0.357974	1	1	0.642026	2	0	2
9	66527501	94984350	2	2	0	3	a	6	2	0	0.0320515631055	0.127582880835	2	0	2	2	0	1	NA	NA	NA	NA	NA	NA	NA	2	0	2	2	0	1	NA	NA	NA	2	0	2
9	94984351	95203151	1	1	0	2	d	4	NA	NA	NA	NA	2	0	2	1	0	1	NA	NA	NA	NA	NA	NA	NA	1	0	1	1	0	1	NA	NA	NA	1	0	1
9	95203152	104088565	2	2	0	3	a	6	2	0	0.0289520111145	0.103576321898	2	0	2	2	0	1	NA	NA	NA	NA	NA	NA	NA	2	0	2	2	0	1	NA	NA	NA	2	0	2
9	104088566	104116795	3	3	0	2	d	4	3	0	0.05	0.1	2	0	2	3	0	1	NA	NA	NA	NA	NA	NA	NA	3	0	3	2	0	1	NA	NA	NA	3	0	3
9	104116796	137126632	2	2	0	3	a	6	2	0	0.0300198328355	0.108864862938	2	0	2	2	0	1	NA	NA	NA	NA	NA	NA	NA	2	0	2	2	0	1	NA	NA	NA	2	0	2
9	137126633	137150729	2	2	0	2	d	3	2	0	0.05	0.1	2.733311	0.02361222194	2.7096989	2	0	1	NA	NA	NA	NA	NA	NA	NA	2	0	2	3	0	1	NA	NA	NA	3	0	3
9	137150730	140280001	2	2	0	3	a	6	2	0	0.0361875266038	0.126087367253	2	0	2	2	0	1	NA	NA	NA	NA	NA	NA	NA	2	0	2	2	0	1	NA	NA	NA	2	0	2
10	95353	37999999	2	1	1	3	a	6	1	1	0.0432755499034	0.117468535295	2	1	1	1	1	1	NA	NA	NA	NA	NA	NA	NA	2	1	1	1	1	1	NA	NA	NA	2	1	1
10	38000000	42299999	2	1	1	2	d	4	1	1	0.0378799597581	0.122167225744	2	1	1	1	0	0.0456446320058457	1	1	0.954355367994154	0.0118450058751713	0.011947430446457	0.0111492734312821	0.0586808965033091	2	1	1	NA	NA	NA	NA	NA	NA	2	1	1
10	42300000	98003421	2	1	1	3	a	6	1	1	0.0435088073968	0.109549479937	2	1	1	1	1	1	NA	NA	NA	NA	NA	NA	NA	2	1	1	1	1	1	NA	NA	NA	2	1	1
10	98003422	98070108	3	2	1	3	a	6	2	1	0.0478566663425	0.148072024571	3	1	2	2	1	1	NA	NA	NA	NA	NA	NA	NA	3	1	2	2	1	1	NA	NA	NA	3	1	2
10	98070109	135389924	2	1	1	3	a	6	1	1	0.0429868862395	0.103792129979	2	1	1	1	1	1	NA	NA	NA	NA	NA	NA	NA	2	1	1	1	1	1	NA	NA	NA	2	1	1
11	20721	235109	2	1	1	2	d	3	1	1	0.05	0.1	NA	NA	NA	NA	NA	NA	NA	NA	NA	NA	NA	NA	NA	NA	NA	NA	1	1	1	NA	NA	NA	2	1	1
11	235110	51599999	2	1	1	3	a	6	1	1	0.0425483285671	0.112849636083	2	1	1	1	1	1	NA	NA	NA	NA	NA	NA	NA	2	1	1	1	1	1	NA	NA	NA	2	1	1
11	51600000	55699999	2	1	1	2	d	5	1	1	0.0362662832688	0.256059096084	2.147275	1.07363766854	1.0736377	1	1	1	NA	NA	NA	NA	NA	NA	NA	2	1	1	1	1	1	NA	NA	NA	2	1	1
11	55700000	134442500	2	1	1	3	a	6	1	1	0.0420188842541	0.104479146853	2	1	1	1	1	1	NA	NA	NA	NA	NA	NA	NA	2	1	1	1	1	1	NA	NA	NA	2	1	1
12	110107	33299999	2	1	1	3	a	6	1	1	0.0424975749148	0.10664082284	2	1	1	1	1	1	NA	NA	NA	NA	NA	NA	NA	2	1	1	1	1	1	NA	NA	NA	2	1	1
12	33300000	38199999	2	1	1	2	d	5	1	1	0.051143718018	0.190428091998	2.271471	1.13573541496	1.1357354	1	1	1	NA	NA	NA	NA	NA	NA	NA	2	1	1	1	1	1	NA	NA	NA	2	1	1
12	38200000	122278811	2	1	1	3	a	6	1	1	0.0423239725886	0.104452586701	2	1	1	1	1	1	NA	NA	NA	NA	NA	NA	NA	2	1	1	1	1	1	NA	NA	NA	2	1	1
12	122278812	122462624	3	2	1	3	a	6	2	1	0.0495799365366	0.158089934806	3	1	2	2	1	1	NA	NA	NA	NA	NA	NA	NA	3	1	2	2	1	1	NA	NA	NA	3	1	2
12	122462625	132362488	2	1	1	3	a	6	1	1	0.0447551494799	0.10896926788	2	1	1	1	1	1	NA	NA	NA	NA	NA	NA	NA	2	1	1	1	1	1	NA	NA	NA	2	1	1
12	132362489	133851894	2	1	1	3	b	5	NA	NA	NA	NA	2	1	1	1	1	1	NA	NA	NA	NA	NA	NA	NA	2	1	1	1	1	1	NA	NA	NA	2	1	1
13	1	16299999	2	1	1	1	h	1	NA	NA	NA	NA	NA	NA	NA	NA	NA	NA	NA	NA	NA	NA	NA	NA	NA	NA	NA	NA	NA	NA	NA	NA	NA	NA	2	1	1
13	16300000	19499999	2	1	1	2	d	4	1	1	0.05	0.213334135112	NA	NA	NA	1	1	1	NA	NA	NA	NA	NA	NA	NA	2	1	1	1	0	0.300251	1	1	0.699749	2	1	1
13	19500000	38574321	2	1	1	3	a	6	1	1	0.0425106699716	0.108214266256	2	1	1	1	1	1	NA	NA	NA	NA	NA	NA	NA	2	1	1	1	1	1	NA	NA	NA	2	1	1
13	38574322	58358593	1	1	0	2	d	5	1.07	0	0.0503181442057	0.0863938248752	1	0	1	1	0	1	NA	NA	NA	NA	NA	NA	NA	1	0	1	1	0	1	NA	NA	NA	1	0	1
13	58358594	58590002	1	1	0	3	b	5	NA	NA	NA	NA	1	0	1	1	0	1	NA	NA	NA	NA	NA	NA	NA	1	0	1	1	0	1	NA	NA	NA	1	0	1
13	58590003	60999877	1	1	0	2	d	5	1.07	0	0.048137097363	0.0970239673817	1	0	1	1	0	1	NA	NA	NA	NA	NA	NA	NA	1	0	1	1	0	1	NA	NA	NA	1	0	1
13	60999878	61078517	1	1	0	2	d	5	1.07	0	0.05	0.0718057909805	1	0	1	1	0	1	NA	NA	NA	NA	NA	NA	NA	1	0	1	1	0	1	NA	NA	NA	1	0	1
13	61078518	86263080	1	1	0	2	d	5	1.07	0	0.0532037031772	0.131389299013	1	0	1	1	0	1	NA	NA	NA	NA	NA	NA	NA	1	0	1	1	0	1	NA	NA	NA	1	0	1
13	86263081	114137500	2	1	1	3	a	6	1	1	0.0415125833134	0.111597451904	2	1	1	1	1	1	NA	NA	NA	NA	NA	NA	NA	2	1	1	1	1	1	NA	NA	NA	2	1	1
13	114137501	115169877	2	1	1	3	b	5	NA	NA	NA	NA	2	1	1	1	1	1	NA	NA	NA	NA	NA	NA	NA	2	1	1	1	1	1	NA	NA	NA	2	1	1
14	1	16099999	2	1	1	1	h	1	NA	NA	NA	NA	NA	NA	NA	NA	NA	NA	NA	NA	NA	NA	NA	NA	NA	NA	NA	NA	NA	NA	NA	NA	NA	NA	2	1	1
14	16100000	19099999	2	1	1	2	d	2	1	1	0.05	0.0931753210975	NA	NA	NA	NA	NA	NA	NA	NA	NA	NA	NA	NA	NA	NA	NA	NA	1	0	0.72442	1	1	0.27558	2	1	1
14	19100000	20378591	2	1	1	2	d	2	1	1	0.05	0.381738303176	NA	NA	NA	NA	NA	NA	NA	NA	NA	NA	NA	NA	NA	NA	NA	NA	1	0	0.72442	1	1	0.27558	2	1	1
14	20378592	70262855	2	1	1	3	a	6	1	1	0.0409484015685	0.109897417824	2	1	1	1	1	1	NA	NA	NA	NA	NA	NA	NA	2	1	1	1	1	1	NA	NA	NA	2	1	1
14	70262856	70288667	3	2	1	3	a	6	2	1	0.05	0.1	3	1	2	2	1	1	NA	NA	NA	NA	NA	NA	NA	3	1	2	2	1	1	NA	NA	NA	3	1	2
14	70288668	106362500	2	1	1	3	a	6	1	1	0.0417666487624	0.111691084816	2	1	1	1	1	1	NA	NA	NA	NA	NA	NA	NA	2	1	1	1	1	1	NA	NA	NA	2	1	1
15	1	15799999	2	1	1	1	h	1	NA	NA	NA	NA	NA	NA	NA	NA	NA	NA	NA	NA	NA	NA	NA	NA	NA	NA	NA	NA	NA	NA	NA	NA	NA	NA	2	1	1
15	15800000	20699999	2	1	1	2	d	3	1	1	0.05	0.165266631152	NA	NA	NA	1	1	1	NA	NA	NA	NA	NA	NA	NA	NA	NA	NA	1	0	0.700887	1	1	0.299113	2	1	1
15	20700000	100332500	2	1	1	3	a	6	1	1	0.0413290081147	0.115667497522	2	1	1	1	1	1	NA	NA	NA	NA	NA	NA	NA	2	1	1	1	1	1	NA	NA	NA	2	1	1
15	100332501	102531391	2	1	1	3	b	5	NA	NA	NA	NA	2	1	1	1	1	1	NA	NA	NA	NA	NA	NA	NA	2	1	1	1	1	1	NA	NA	NA	2	1	1
16	90538	20581815	2	1	1	3	a	6	1	1	0.042646677155	0.113086595162	2	1	1	1	1	1	NA	NA	NA	NA	NA	NA	NA	2	1	1	1	1	1	NA	NA	NA	2	1	1
16	20581816	34599999	2	1	1	3	a	6	1	1	0.0420884539171	0.158193903362	2	1	1	1	1	1	NA	NA	NA	NA	NA	NA	NA	2	1	1	1	1	1	NA	NA	NA	2	1	1
16	34600000	38599999	2	1	1	2	d	5	1	1	0.05	0.236511438168	2.15308	1.0765401762	1.0765402	1	1	1	NA	NA	NA	NA	NA	NA	NA	2	1	1	1	1	1	NA	NA	NA	2	1	1
16	38600000	68010934	2	1	1	3	a	6	1	1	0.0437554950524	0.119901811662	2	1	1	1	1	1	NA	NA	NA	NA	NA	NA	NA	2	1	1	1	1	1	NA	NA	NA	2	1	1
16	68010935	68048083	3	2	1	1	g	NA	1	1	0.05	0.1	2	1	1	2	1	1	NA	NA	NA	NA	NA	NA	NA	2	1	1	2	1	1	NA	NA	NA	3	1	2
16	68048084	88827200	2	1	1	3	a	6	1	1	0.0438005980686	0.11794069789	2	1	1	1	1	1	NA	NA	NA	NA	NA	NA	NA	2	1	1	1	1	1	NA	NA	NA	2	1	1
16	88827201	90354752	2	1	1	3	b	5	NA	NA	NA	NA	2	1	1	1	1	1	NA	NA	NA	NA	NA	NA	NA	2	1	1	1	1	1	NA	NA	NA	2	1	1
17	7	22199999	2	1	1	3	a	6	1	1	0.0437906633213	0.158887778425	2	1	1	1	1	1	NA	NA	NA	NA	NA	NA	NA	2	1	1	1	1	1	NA	NA	NA	2	1	1
17	22200000	25799999	2	1	1	2	d	5	1	1	0.0348757863026	0.125684920952	2.108242	1.05412111684	1.0541211	1	1	1	NA	NA	NA	NA	NA	NA	NA	2	1	1	1	1	1	NA	NA	NA	2	1	1
17	25800000	78772500	2	1	1	3	a	6	1	1	0.0423105299728	0.114321901145	2	1	1	1	1	1	NA	NA	NA	NA	NA	NA	NA	2	1	1	1	1	1	NA	NA	NA	2	1	1
17	78772501	81195209	2	1	1	3	b	5	NA	NA	NA	NA	2	1	1	1	1	1	NA	NA	NA	NA	NA	NA	NA	2	1	1	1	1	1	NA	NA	NA	2	1	1
18	27500	15399999	2	1	1	3	a	6	1	1	0.0422093011166	0.119457850055	2	1	1	1	1	1	NA	NA	NA	NA	NA	NA	NA	2	1	1	1	1	1	NA	NA	NA	2	1	1
18	15400000	18999999	2	1	1	3	a	6	1	1	0.05	0.0974332886175	2	1	1	1	1	1	NA	NA	NA	NA	NA	NA	NA	2	1	1	1	1	1	NA	NA	NA	2	1	1
18	19000000	72193868	2	1	1	3	a	6	1	1	0.0419934185468	0.107106223763	2	1	1	1	1	1	NA	NA	NA	NA	NA	NA	NA	2	1	1	1	1	1	NA	NA	NA	2	1	1
18	72193869	72208080	2	1	1	2	d	3	1	1	0.05	0.1	2	1	1	2	0	0.0589090096132363	2	1	0.941090990386764	NA	0	0.0589090096132363	0.0589090096132363	NA	NA	NA	1	1	1	NA	NA	NA	3	1	2
18	72208081	76117000	2	1	1	3	a	6	1	1	0.0423099516465	0.102271450726	2	1	1	1	1	1	NA	NA	NA	NA	NA	NA	NA	2	1	1	1	1	1	NA	NA	NA	2	1	1
18	76117001	78077247	2	1	1	3	b	5	NA	NA	NA	NA	2	1	1	1	1	1	NA	NA	NA	NA	NA	NA	NA	2	1	1	1	1	1	NA	NA	NA	2	1	1
19	102500	293670	2	1	1	2	d	4	1	1	0.05	0.1	NA	NA	NA	1	1	1	NA	NA	NA	NA	NA	NA	NA	NA	NA	NA	1	1	1	NA	NA	NA	2	1	1
19	293671	1063585	2	1	1	3	a	6	1	1	0.0479479606456	0.118492632138	2	1	1	1	1	1	NA	NA	NA	NA	NA	NA	NA	2	1	1	1	1	1	NA	NA	NA	2	1	1
19	1063586	1091641	2	1	1	2	d	3	1	1	0.05	0.1	2	1	1	1	1	0.145197985297401	2	1	0.854802014702599	0.280222667454696	0.204107101924685	0.138587963085082	0.939185602677887	2	1	1	2	1	1	NA	NA	NA	3	1	2
19	1091642	16338531	2	1	1	3	a	6	1	1	0.0430370016015	0.11433482553	2	1	1	1	1	1	NA	NA	NA	NA	NA	NA	NA	2	1	1	1	1	1	NA	NA	NA	2	1	1
19	16338532	16393356	3	2	1	2	d	4	2	1	0.05	0.1	2.881412	1.00129534253	1.8801163	2	1	1	NA	NA	NA	NA	NA	NA	NA	2	1	1	2	1	1	NA	NA	NA	3	1	2
19	16393357	24399999	2	1	1	3	a	6	1	1	0.0422136830038	0.111595005356	2	1	1	1	1	1	NA	NA	NA	NA	NA	NA	NA	2	1	1	1	1	1	NA	NA	NA	2	1	1
19	24400000	28599999	2	1	1	2	d	5	1	1	0.0349679423876	0.216083028456	2.533745	1.26687258302	1.2668726	1	1	1	NA	NA	NA	NA	NA	NA	NA	2	1	1	1	1	1	NA	NA	NA	2	1	1
19	28600000	58924216	2	1	1	3	a	6	1	1	0.0433470372674	0.143615707409	2	1	1	1	1	1	NA	NA	NA	NA	NA	NA	NA	2	1	1	1	1	1	NA	NA	NA	2	1	1
20	17500	14946315	2	1	1	2	d	4	1	1	0.0407005976897	0.109032324339	2	1	1	NA	NA	NA	NA	NA	NA	NA	NA	NA	NA	2	1	1	1	1	1	NA	NA	NA	NA	NA	NA
20	14946316	14969198	2	1	1	1	g	NA	2	1	0.05	0.1	2	1	1	NA	NA	NA	NA	NA	NA	NA	NA	NA	NA	3	1	2	1	1	1	NA	NA	NA	NA	NA	NA
20	14969199	14997511	2	1	1	2	d	2	1	1	0.05	0.1	NA	NA	NA	NA	NA	NA	NA	NA	NA	NA	NA	NA	NA	NA	NA	NA	1	1	1	NA	NA	NA	NA	NA	NA
20	14997512	15001902	2	1	1	2	d	2	1	1	0.05	0.1	NA	NA	NA	NA	NA	NA	NA	NA	NA	NA	NA	NA	NA	NA	NA	NA	1	1	1	NA	NA	NA	NA	NA	NA
20	15001903	25599999	2	1	1	3	a	6	1	1	0.0435246492477	0.110867299139	2	1	1	1	1	1	NA	NA	NA	NA	NA	NA	NA	2	1	1	1	1	1	NA	NA	NA	2	1	1
20	25600000	29399999	2	1	1	3	a	6	1	1	0.05	0.125392601058	2	1	1	1	1	1	NA	NA	NA	NA	NA	NA	NA	2	1	1	1	1	1	NA	NA	NA	2	1	1
20	29400000	62432500	2	1	1	3	a	6	1	1	0.0448854563561	0.11261188961	2	1	1	1	1	1	NA	NA	NA	NA	NA	NA	NA	2	1	1	1	1	1	NA	NA	NA	2	1	1
21	1	9417499	NA	NA	NA	NA	NA	NA	1	1	0.05	0.1	NA	NA	NA	NA	NA	NA	NA	NA	NA	NA	NA	NA	NA	NA	NA	NA	1	0	0.718878	1	1	0.281122	NA	NA	NA
21	9417500	10899999	NA	NA	NA	NA	NA	NA	1	1	0.05	0.248296815899	NA	NA	NA	NA	NA	NA	NA	NA	NA	NA	NA	NA	NA	NA	NA	NA	1	0	0.718878	1	1	0.281122	NA	NA	NA
21	10900000	15223743	2	1	1	2	d	3	1	1	0.0278799595159	0.224193155146	NA	NA	NA	NA	NA	NA	NA	NA	NA	NA	NA	NA	NA	2	1	1	1	1	1	NA	NA	NA	NA	NA	NA
21	15223744	46937500	2	1	1	3	b	5	1	1	0.0417925210844	0.107905040094	2	1	1	1	1	1	NA	NA	NA	NA	NA	NA	NA	2	1	1	1	1	1	NA	NA	NA	NA	NA	NA
21	46937501	48129894	2	1	1	2	d	4	NA	NA	NA	NA	2	1	1	1	1	1	NA	NA	NA	NA	NA	NA	NA	2	1	1	1	1	1	NA	NA	NA	NA	NA	NA
22	1	12199999	2	1	1	1	h	1	NA	NA	NA	NA	NA	NA	NA	NA	NA	NA	NA	NA	NA	NA	NA	NA	NA	NA	NA	NA	NA	NA	NA	NA	NA	NA	2	1	1
22	12200000	17899999	2	1	1	3	a	6	1	1	0.0417746957483	0.217431710077	2	1	1	1	1	1	NA	NA	NA	NA	NA	NA	NA	2	1	1	1	1	1	NA	NA	NA	2	1	1
22	17900000	49687500	2	1	1	3	a	6	1	1	0.0448453046015	0.116072079695	2	1	1	1	1	1	NA	NA	NA	NA	NA	NA	NA	2	1	1	1	1	1	NA	NA	NA	2	1	1
22	49687501	51304565	2	1	1	3	b	5	NA	NA	NA	NA	2	1	1	1	1	1	NA	NA	NA	NA	NA	NA	NA	2	1	1	1	1	1	NA	NA	NA	2	1	1
X	1	2201354	1	1	0	3	b	2	1	0	0.0504159650992	0.161080282596	NA	NA	NA	NA	NA	NA	NA	NA	NA	NA	NA	NA	NA	1	0	1	NA	NA	NA	NA	NA	NA	1	0	1
X	2201355	2296988	1	1	0	2	e	2	0.5	0	0.05	0.0638130564385	NA	NA	NA	NA	NA	NA	NA	NA	NA	NA	NA	NA	NA	1	0	1	NA	NA	NA	NA	NA	NA	1	0	1
X	2296989	58099999	1	1	0	3	a	3	1	0	0.10549292795	0.122961374785	1	0	1	NA	NA	NA	NA	NA	NA	NA	NA	NA	NA	1	0	1	NA	NA	NA	NA	NA	NA	1	0	1
X	58100000	62999999	1	1	0	2	d	2	1	0	0.05	0.284608075509	1.164685	0	1.164685	NA	NA	NA	NA	NA	NA	NA	NA	NA	NA	1	0	1	NA	NA	NA	NA	NA	NA	1	0	1
X	63000000	149727319	1	1	0	3	a	3	1	0	0.05	0.141318061291	1	0	1	NA	NA	NA	NA	NA	NA	NA	NA	NA	NA	1	0	1	NA	NA	NA	NA	NA	NA	1	0	1
X	149727320	149736984	1	1	0	2	d	2	1	0	0.05	0.1	1.444123	0	1.444123	NA	NA	NA	NA	NA	NA	NA	NA	NA	NA	1	0	1	NA	NA	NA	NA	NA	NA	1	0	1
X	149736985	155270559	1	1	0	3	a	3	1	0	0.05	0.130961606065	1	0	1	NA	NA	NA	NA	NA	NA	NA	NA	NA	NA	1	0	1	NA	NA	NA	NA	NA	NA	1	0	1
Y	1	11599999	1	1	0	1	h	1	NA	NA	NA	NA	1	0	1	NA	NA	NA	NA	NA	NA	NA	NA	NA	NA	NA	NA	NA	NA	NA	NA	NA	NA	NA	2	0	2
Y	11600000	13399999	1	1	0	1	h	1	NA	NA	NA	NA	0.864833	0	0.864833	NA	NA	NA	NA	NA	NA	NA	NA	NA	NA	NA	NA	NA	NA	NA	NA	NA	NA	NA	2	0	2
Y	13400000	59373565	1	1	0	1	h	1	NA	NA	NA	NA	1	0	1	NA	NA	NA	NA	NA	NA	NA	NA	NA	NA	NA	NA	NA	NA	NA	NA	NA	NA	NA	2	0	2
