chromosome	start	end	total_cn	major_cn	minor_cn	star	level	methods_agree	absolute_broad_major_cn	absolute_broad_minor_cn	absolute_broad_het_error	absolute_broad_cov_error	aceseq_copy_number	aceseq_minor_cn	aceseq_major_cn	battenberg_nMaj1_A	battenberg_nMin1_A	battenberg_frac1_A	battenberg_nMaj2_A	battenberg_nMin2_A	battenberg_frac2_A	battenberg_SDfrac_A	battenberg_SDfrac_A_BS	battenberg_frac1_A_0.025	battenberg_frac1_A_0.975	clonehd_copy_number	clonehd_minor_cn	clonehd_major_cn	sclust_nMaj1_A	sclust_nMin1_A	sclust_frac1_A	sclust_nMaj2_A	sclust_nMin2_A	sclust_frac2_A	jabba_copy_number	jabba_minor_cn	jabba_major_cn
1	1	121499999	2	1	1	2	d	5	1	1	0.0574283654711	0.0854624923741	2	1	1	1	1	0.93935718617344	2	1	0.0606428138265603	0.00180708665825058	0.00182177012910338	0.9425123810293	0.949674363867741	2	1	1	1	1	1	NA	NA	NA	2	1	1
1	121500000	128899999	2	1	1	2	d	3	NA	NA	NA	NA	2	1	1	NA	NA	NA	NA	NA	NA	NA	NA	NA	NA	NA	NA	NA	1	1	1	NA	NA	NA	2	1	1
1	128900000	249250620	2	1	1	2	d	4	1	1	0.0578294793563	0.0864447060947	1.899231	0.9496157	0.9496157	1	0	0.147275405007362	1	1	0.852724594992638	0.00143293122334205	0.00144004184727594	0.138997144032275	0.144694117755149	2	1	1	1	1	1	NA	NA	NA	2	1	1
2	26844	90499999	2	1	1	2	d	5	1	1	0.0566616830977	0.0835055167033	2	1	1	1	1	0.883393950706805	2	1	0.116606049293195	0.00206011657279909	0.00208632772333409	0.879266451513141	0.88756019835997	2	1	1	1	1	1	NA	NA	NA	2	1	1
2	90500000	96799999	2	1	1	3	b	5	1	1	0.0616661632009	0.205496240906	2	1	1	NA	NA	NA	NA	NA	NA	NA	NA	NA	NA	2	1	1	1	1	1	NA	NA	NA	2	1	1
2	96800000	243000547	2	1	1	2	d	5	1	1	0.056175263741	0.0900132157845	2	1	1	1	1	0.879109398144674	2	1	0.120890601855326	0.00165581076204085	0.00169991088392087	0.875795156979993	0.882415598418592	2	1	1	1	1	1	NA	NA	NA	2	1	1
3	103167	87899999	2	1	1	2	d	5	1	1	0.0562087232278	0.0832600017853	2	1	1	1	1	0.910460452674822	2	1	0.089539547325178	0.00197847717938499	0.00201930247649563	0.906688655399317	0.914452362886848	2	1	1	1	1	1	NA	NA	NA	2	1	1
3	87900000	93899999	2	1	1	3	b	5	1	1	0.0535002496105	0.0835279806199	2	1	1	NA	NA	NA	NA	NA	NA	NA	NA	NA	NA	2	1	1	1	1	1	NA	NA	NA	2	1	1
3	93900000	198022429	2	1	1	2	d	5	1	1	0.0565227917462	0.0810878234171	2	1	1	1	1	0.893214466028928	2	1	0.106785533971072	0.00186570482448678	0.00180546967390949	0.889620950501005	0.896629896839184	2	1	1	1	1	1	NA	NA	NA	2	1	1
4	61659	48199999	2	1	1	3	a	6	1	1	0.0550089329964	0.0834385878813	2	1	1	1	1	1	NA	NA	NA	NA	NA	NA	NA	2	1	1	1	1	1	NA	NA	NA	2	1	1
4	48200000	52699999	2	1	1	3	a	6	1	1	0.0417971514714	0.155912781698	2	1	1	1	1	1	NA	NA	NA	NA	NA	NA	NA	2	1	1	1	1	1	NA	NA	NA	2	1	1
4	52700000	191154275	2	1	1	3	a	6	1	1	0.0538939169458	0.0812634542289	2	1	1	1	1	1	NA	NA	NA	NA	NA	NA	NA	2	1	1	1	1	1	NA	NA	NA	2	1	1
5	22500	46099999	2	1	1	2	d	5	1	1	0.0603213322632	0.0838478144471	2	1	1	1	0	0.167150807353493	1	1	0.832849192646507	0.00209898777136869	0.00207760819817812	0.162977185270136	0.170891956853963	2	1	1	1	1	1	NA	NA	NA	2	1	1
5	46100000	50699999	2	1	1	3	b	5	1	1	0.0556575225235	0.0985219845104	2	1	1	NA	NA	NA	NA	NA	NA	NA	NA	NA	NA	2	1	1	1	1	1	NA	NA	NA	2	1	1
5	50700000	180689978	2	1	1	2	d	5	1	1	0.055211337627	0.0814207725465	2	1	1	1	1	0.942726231386028	2	1	0.0572737686139723	0.00165833260627729	0.00161535273590563	0.946291015739664	0.952545894835244	2	1	1	1	1	1	NA	NA	NA	2	1	1
6	203878	58699999	2	1	1	3	a	6	1	1	0.0573834583593	0.0834139410232	2	1	1	1	1	1	NA	NA	NA	NA	NA	NA	NA	2	1	1	1	1	1	NA	NA	NA	2	1	1
6	58700000	63299999	2	1	1	3	a	6	1	1	0.045197354464	0.134721331239	2	1	1	1	1	1	NA	NA	NA	NA	NA	NA	NA	2	1	1	1	1	1	NA	NA	NA	2	1	1
6	63300000	170909751	2	1	1	3	a	6	1	1	0.0540176850616	0.0795789592426	2	1	1	1	1	1	NA	NA	NA	NA	NA	NA	NA	2	1	1	1	1	1	NA	NA	NA	2	1	1
7	60758	57999999	2	1	1	2	d	5	1	1	0.0563741286765	0.0837076450724	2	1	1	1	0	0.114547537227948	1	1	0.885452462772052	0.00187921368354042	0.00186216007376372	0.110277713555663	0.117561340313609	2	1	1	1	1	1	NA	NA	NA	2	1	1
7	58000000	61699999	2	1	1	2	d	4	1	1	0.05	0.0893631991418	2	1	1	NA	NA	NA	NA	NA	NA	NA	NA	NA	NA	NA	NA	NA	1	1	1	NA	NA	NA	2	1	1
7	61700000	159138662	2	1	1	2	d	5	1	1	0.0557371442257	0.0841939239705	2	1	1	1	0	0.0863395651093973	1	1	0.913660434890603	0.00176078266314082	0.00179181664556861	0.0827798681324781	0.0896787877066839	2	1	1	1	1	1	NA	NA	NA	2	1	1
8	203231	43099999	2	1	1	2	d	5	1	1	0.0560893789901	0.0895241105928	2	1	1	1	1	0.906279287722585	2	1	0.0937207122774153	0.00251432226215847	0.00260444984275888	0.897557322074803	0.907418181188614	2	1	1	1	1	1	NA	NA	NA	2	1	1
8	43100000	48099999	2	1	1	3	b	5	1	1	0.0537041255087	0.122206307667	2	1	1	NA	NA	NA	NA	NA	NA	NA	NA	NA	NA	2	1	1	1	1	1	NA	NA	NA	2	1	1
8	48100000	146364021	2	1	1	2	d	3	1	1	0.0531135993036	0.0777249300073	1.72907	0.8645347	0.8645347	1	0	0.093720712277414	1	1	0.906279287722586	0.00156644446912813	0.00158431545639427	0.0923086232958494	0.098669812784649	1	0	1	1	1	1	NA	NA	NA	2	1	1
9	10001	47299999	2	1	1	2	d	5	1	1	0.0541716807271	0.0899654455369	2	1	1	1	1	0.914089347079038	2	1	0.0859106529209622	0.00277031657766263	0.00276219391874257	0.908880874536536	0.919751721861468	2	1	1	1	1	1	NA	NA	NA	2	1	1
9	47300000	50699999	2	1	1	2	d	4	1	1	0.05	0.1	2	1	1	NA	NA	NA	NA	NA	NA	NA	NA	NA	NA	NA	NA	NA	1	1	1	NA	NA	NA	2	1	1
9	50700000	141213430	2	1	1	2	d	5	1	1	0.0583998544122	0.0849188693033	2	1	1	1	0	0.114547537227948	1	1	0.885452462772052	0.00189221637958167	0.00188870026743739	0.113186009487395	0.120625987434796	2	1	1	1	1	1	NA	NA	NA	2	1	1
10	95353	37999999	2	1	1	3	a	6	1	1	0.0543535916704	0.0810100621011	2	1	1	1	1	1	NA	NA	NA	NA	NA	NA	NA	2	1	1	1	1	1	NA	NA	NA	2	1	1
10	38000000	42397372	2	1	1	3	b	5	1	1	0.0532321041473	0.0882736270708	2	1	1	1	0	0.0750022995988089	1	1	0.924997700401191	0.0133811637732481	0.0127753923460544	0.0577433280048225	0.109698061481528	2	1	1	1	1	1	NA	NA	NA	2	1	1
10	42397373	135534746	2	1	1	3	a	6	1	1	0.0559788464991	0.0827447110512	2	1	1	1	1	1	NA	NA	NA	NA	NA	NA	NA	2	1	1	1	1	1	NA	NA	NA	2	1	1
11	190010	51599999	2	1	1	2	d	5	1	1	0.0575685267385	0.0853819497371	2	1	1	1	1	0.914089347079038	2	1	0.0859106529209622	0.00251708782016968	0.00242605932132007	0.909174404985606	0.918446522275422	2	1	1	1	1	1	NA	NA	NA	2	1	1
11	51600000	55699999	2	1	1	3	b	5	1	1	0.0375871660476	0.0957205988946	2	1	1	1	1	0.888471052518696	2	1	0.111528947481304	0.0162838861804029	0.0167349100956834	0.855668605896803	0.921485610784368	2	1	1	1	1	1	NA	NA	NA	2	1	1
11	55700000	135006515	2	1	1	2	d	4	1	1	0.0544203454221	0.0807520492601	1.893135	0.9465677	0.9465677	1	0	0.0448229493500666	1	1	0.955177050649933	0.00185908403080684	0.00183585988642277	0.0344031304036991	0.041662218009584	2	1	1	1	1	1	NA	NA	NA	2	1	1
12	110107	33299999	2	1	1	2	d	5	1	1	0.0552525095545	0.0849006734074	2	1	1	1	1	0.945706181086773	2	1	0.054293818913227	0.00295275769488473	0.00292707558788033	0.939835796368082	0.95132629311194	2	1	1	1	1	1	NA	NA	NA	2	1	1
12	33300000	38199999	2	1	1	3	b	5	1	1	0.0546708550894	0.120108214848	2	1	1	NA	NA	NA	NA	NA	NA	NA	NA	NA	NA	2	1	1	1	1	1	NA	NA	NA	2	1	1
12	38200000	133851894	2	1	1	2	d	5	1	1	0.0548667256174	0.0877451287857	2	1	1	1	0	0.0535962530507313	1	1	0.946403746949269	0.00176811544565224	0.00183173531558229	0.0501226486018239	0.0571691461358091	2	1	1	1	1	1	NA	NA	NA	2	1	1
13	1	16299999	2	1	1	1	h	1	NA	NA	NA	NA	NA	NA	NA	NA	NA	NA	NA	NA	NA	NA	NA	NA	NA	NA	NA	NA	NA	NA	NA	NA	NA	NA	2	1	1
13	16300000	19499999	2	1	1	2	d	3	1	1	0.05	0.114186687099	NA	NA	NA	1	0	0.0533616039870413	1	1	0.946638396012959	0.00160698305889153	0.00160158634330838	0.0504236909471	0.0564622006796588	3	1	2	1	1	1	NA	NA	NA	2	1	1
13	19500000	115169877	2	1	1	2	d	5	1	1	0.0528438606162	0.0805637106236	2	1	1	1	0	0.0533616039870413	1	1	0.946638396012959	0.00160698305889153	0.00160158634330838	0.0504236909471	0.0564622006796588	2	1	1	1	1	1	NA	NA	NA	2	1	1
14	1	16099999	2	1	1	1	h	1	NA	NA	NA	NA	NA	NA	NA	NA	NA	NA	NA	NA	NA	NA	NA	NA	NA	NA	NA	NA	NA	NA	NA	NA	NA	NA	2	1	1
14	16100000	19099999	2	1	1	2	d	3	1	1	0.05	0.0584352540009	NA	NA	NA	NA	NA	NA	NA	NA	NA	NA	NA	NA	NA	NA	NA	NA	1	1	1	NA	NA	NA	2	1	1
14	19100000	107349539	2	1	1	3	a	6	1	1	0.0555957783228	0.0833981747357	2	1	1	1	1	1	NA	NA	NA	NA	NA	NA	NA	2	1	1	1	1	1	NA	NA	NA	2	1	1
15	1	15799999	2	1	1	1	h	1	NA	NA	NA	NA	NA	NA	NA	NA	NA	NA	NA	NA	NA	NA	NA	NA	NA	NA	NA	NA	NA	NA	NA	NA	NA	NA	2	1	1
15	15800000	20699999	2	1	1	2	d	3	1	1	0.05	0.258102629646	NA	NA	NA	1	1	1	NA	NA	NA	NA	NA	NA	NA	NA	NA	NA	2	0	1	NA	NA	NA	2	1	1
15	20700000	102531391	2	1	1	3	a	6	1	1	0.0551219254429	0.0842932102224	2	1	1	1	1	1	NA	NA	NA	NA	NA	NA	NA	2	1	1	1	1	1	NA	NA	NA	2	1	1
16	100010	34599999	2	1	1	2	d	5	1	1	0.0580531119227	0.126611946979	2	1	1	1	0	0.0644329896907233	1	1	0.935567010309277	0.00302912572492883	0.00299209121692892	0.0555518501888024	0.0672352888682922	2	1	1	1	1	1	NA	NA	NA	2	1	1
16	34600000	38599999	2	1	1	3	a	6	1	1	0.05	0.0962488585809	2	1	1	1	1	1	NA	NA	NA	NA	NA	NA	NA	2	1	1	1	1	1	NA	NA	NA	2	1	1
16	38600000	90354752	2	1	1	3	a	6	1	1	0.0586874119427	0.0866179599452	2	1	1	1	1	1	NA	NA	NA	NA	NA	NA	NA	2	1	1	1	1	1	NA	NA	NA	2	1	1
17	828	22199999	2	1	1	2	d	5	1	1	0.0581106330075	0.0958910962385	2	1	1	1	1	0.862960212507553	2	1	0.137039787492447	0.00435601534262614	0.00441025537851031	0.854642257311595	0.87158461594722	2	1	1	1	1	1	NA	NA	NA	2	1	1
17	22200000	25799999	2	1	1	2	d	3	1	1	0.0674318727727	0.113138455999	1.876848	0.9384241	0.9384241	NA	NA	NA	NA	NA	NA	NA	NA	NA	NA	1	0	1	1	1	1	NA	NA	NA	2	1	1
17	25800000	81195209	2	1	1	2	d	5	1	1	0.0579480363791	0.085539601036	2	1	1	1	1	0.926362297496317	2	1	0.0736377025036825	0.00276656342670906	0.00275903816322727	0.918278106630773	0.929032442775788	2	1	1	1	1	1	NA	NA	NA	2	1	1
18	75371	15399999	2	1	1	3	a	6	1	1	0.0546486788715	0.0908623911206	2	1	1	1	1	1	NA	NA	NA	NA	NA	NA	NA	2	1	1	1	1	1	NA	NA	NA	2	1	1
18	15400000	18999999	2	1	1	3	a	6	1	1	0.05	0.0899213544295	2	1	1	1	1	1	NA	NA	NA	NA	NA	NA	NA	2	1	1	1	1	1	NA	NA	NA	2	1	1
18	19000000	78077247	2	1	1	3	a	6	1	1	0.054038769382	0.0824930083043	2	1	1	1	1	1	NA	NA	NA	NA	NA	NA	NA	2	1	1	1	1	1	NA	NA	NA	2	1	1
19	102500	295294	2	1	1	2	d	4	1	1	0.05	0.1	NA	NA	NA	1	1	1	NA	NA	NA	NA	NA	NA	NA	NA	NA	NA	1	1	1	NA	NA	NA	2	1	1
19	295295	24399999	2	1	1	2	d	5	1	1	0.0612682930767	0.0877814234354	2	1	1	1	1	0.906279287722585	2	1	0.0937207122774153	0.00404370430468692	0.00415768421183569	0.891337814651123	0.907230799625764	2	1	1	1	1	1	NA	NA	NA	2	1	1
19	24400000	28599999	2	1	1	2	d	4	1	1	0.0589632443707	0.114375916104	2	1	1	NA	NA	NA	NA	NA	NA	NA	NA	NA	NA	NA	NA	NA	1	1	1	NA	NA	NA	2	1	1
19	28600000	59128982	2	1	1	2	d	5	1	1	0.058029992322	0.137916425386	2	1	1	1	0	0.13745704467354	1	1	0.86254295532646	0.00278466358338378	0.00282365104705749	0.131906949796918	0.143037236556115	2	1	1	1	1	1	NA	NA	NA	2	1	1
20	65900	25599999	2	1	1	2	d	4	1	1	0.0532857268771	0.0777991625866	1.856086	0.9280429	0.9280429	1	0	0.0429090916735477	1	1	0.957090908326452	0.00632514674835119	0.00646090225628949	0.0299827495192106	0.0552287367111298	2	1	1	1	1	1	NA	NA	NA	2	1	1
20	25600000	29399999	2	1	1	2	d	4	1	1	0.0588872442859	0.146958410073	1.83484	0.9174199	0.9174199	1	0	0.0429090916735477	1	1	0.957090908326452	0.00632514674835119	0.00646090225628949	0.0299827495192106	0.0552287367111298	2	1	1	1	1	1	NA	NA	NA	2	1	1
20	29400000	63025519	2	1	1	2	d	3	1	1	0.0546462915551	0.0817586918946	1.773036	0.8865183	0.8865183	1	0	0.0824742268041226	1	1	0.917525773195877	0.00297759592082206	0.00299646361611034	0.0805012261781199	0.0922348945638016	1	0	1	1	1	1	NA	NA	NA	2	1	1
21	1	10899999	NA	NA	NA	NA	NA	NA	1	1	0.05	0.181228685082	NA	NA	NA	NA	NA	NA	NA	NA	NA	NA	NA	NA	NA	NA	NA	NA	2	0	1	NA	NA	NA	NA	NA	NA
21	10900000	14299999	2	1	1	2	d	2	1	1	0.05	0.0974054923859	NA	NA	NA	NA	NA	NA	NA	NA	NA	NA	NA	NA	NA	NA	NA	NA	1	1	1	NA	NA	NA	NA	NA	NA
21	14300000	15311827	2	1	1	2	d	2	1	1	0.0856192220024	0.0981831679362	NA	NA	NA	1	1	0.95765481296802	2	1	0.0423451870319803	0.00286887383405832	0.00283578678849407	0.951670002174398	0.963111222091402	NA	NA	NA	1	1	1	NA	NA	NA	NA	NA	NA
21	15311828	48129894	2	1	1	2	d	4	1	1	0.0533708591738	0.0906411219445	2	1	1	1	1	0.95765481296802	2	1	0.0423451870319803	0.00286887383405832	0.00283578678849407	0.951670002174398	0.963111222091402	2	1	1	1	1	1	NA	NA	NA	NA	NA	NA
22	1	12199999	2	1	1	1	h	1	NA	NA	NA	NA	NA	NA	NA	NA	NA	NA	NA	NA	NA	NA	NA	NA	NA	NA	NA	NA	NA	NA	NA	NA	NA	NA	2	1	1
22	12200000	17899999	2	1	1	3	b	5	1	1	0.0618216362253	0.0951193176901	2	1	1	1	1	0.931271477663228	2	1	0.0687285223367716	0.00349781948322964	0.00344297288419277	0.932724483674612	0.946128264359708	2	1	1	1	1	1	NA	NA	NA	2	1	1
22	17900000	51304565	2	1	1	2	d	5	1	1	0.0599635749472	0.0904070362369	2	1	1	1	1	0.931271477663228	2	1	0.0687285223367716	0.00349781948322964	0.00344297288419277	0.932724483674612	0.946128264359708	2	1	1	1	1	1	NA	NA	NA	2	1	1
X	1	58099999	1	1	0	3	a	3	1	0	0.0786318714803	0.120755871646	1	0	1	NA	NA	NA	NA	NA	NA	NA	NA	NA	NA	1	0	1	NA	NA	NA	NA	NA	NA	1	0	1
X	58100000	62999999	1	1	0	3	a	3	1	0	0.05	0.244734598319	1	0	1	NA	NA	NA	NA	NA	NA	NA	NA	NA	NA	1	0	1	NA	NA	NA	NA	NA	NA	1	0	1
X	63000000	155270559	1	1	0	3	a	3	1	0	0.05	0.107976685184	1	0	1	NA	NA	NA	NA	NA	NA	NA	NA	NA	NA	1	0	1	NA	NA	NA	NA	NA	NA	1	0	1
Y	1	11599999	1	1	0	1	h	1	NA	NA	NA	NA	1	0	1	NA	NA	NA	NA	NA	NA	NA	NA	NA	NA	NA	NA	NA	NA	NA	NA	NA	NA	NA	2	0	2
Y	11600000	13399999	1	1	0	1	h	1	NA	NA	NA	NA	1.10886	0	1.10886	NA	NA	NA	NA	NA	NA	NA	NA	NA	NA	NA	NA	NA	NA	NA	NA	NA	NA	NA	2	0	2
Y	13400000	59373565	1	1	0	1	h	1	NA	NA	NA	NA	1	0	1	NA	NA	NA	NA	NA	NA	NA	NA	NA	NA	NA	NA	NA	NA	NA	NA	NA	NA	NA	2	0	2
