chromosome	start	end	total_cn	major_cn	minor_cn	star	level	methods_agree	absolute_broad_major_cn	absolute_broad_minor_cn	absolute_broad_het_error	absolute_broad_cov_error	aceseq_copy_number	aceseq_minor_cn	aceseq_major_cn	battenberg_nMaj1_A	battenberg_nMin1_A	battenberg_frac1_A	battenberg_nMaj2_A	battenberg_nMin2_A	battenberg_frac2_A	battenberg_SDfrac_A	battenberg_SDfrac_A_BS	battenberg_frac1_A_0.025	battenberg_frac1_A_0.975	clonehd_copy_number	clonehd_minor_cn	clonehd_major_cn	sclust_nMaj1_A	sclust_nMin1_A	sclust_frac1_A	sclust_nMaj2_A	sclust_nMin2_A	sclust_frac2_A	jabba_copy_number	jabba_minor_cn	jabba_major_cn
1	1	13131810	1	1	0	2	d	5	1.06	0	0.0566756646788	0.198059339559	1	0	1	1	0	1	NA	NA	NA	NA	NA	NA	NA	1	0	1	1	0	1	NA	NA	NA	1	0	1
1	13131811	25611601	1	1	0	2	d	5	1.06	0	0.0624256280661	0.11398570579	1	0	1	1	0	1	NA	NA	NA	NA	NA	NA	NA	1	0	1	1	0	1	NA	NA	NA	1	0	1
1	25611602	67027704	1	1	0	3	a	6	1	0	0.0571432008862	0.0904807318191	1	0	1	1	0	1	NA	NA	NA	NA	NA	NA	NA	1	0	1	1	0	1	NA	NA	NA	1	0	1
1	67027705	121499999	2	1	1	3	a	6	1	1	0.0385619086261	0.135011169914	2	1	1	1	1	1	NA	NA	NA	NA	NA	NA	NA	2	1	1	1	1	1	NA	NA	NA	2	1	1
1	121500000	128899999	2	1	1	2	d	4	1	1	0.05	0.1	2	1	1	NA	NA	NA	NA	NA	NA	NA	NA	NA	NA	1	0	1	1	1	1	NA	NA	NA	2	1	1
1	128900000	142917500	2	1	1	2	d	3	1	1	0.05	0.305916030617	NA	NA	NA	NA	NA	NA	NA	NA	NA	NA	NA	NA	NA	1	0	1	1	1	1	NA	NA	NA	2	1	1
1	142917501	144810801	2	2	0	1	g	NA	1.6	0.87	0.05	0.434900978514	NA	NA	NA	NA	NA	NA	NA	NA	NA	NA	NA	NA	NA	NA	NA	NA	2	0	0.505839	2	1	0.494161	2	1	1
1	144810802	148902742	3	2	1	2	d	4	1.6	0.87	0.0487684402885	0.184344449893	3	1	2	2	1	1	NA	NA	NA	NA	NA	NA	NA	3	1	2	2	1	1	NA	NA	NA	2	1	1
1	148902743	167836921	3	2	1	2	d	5	1.72	0.87	0.0500219568152	0.18759226815	3	1	2	2	1	1	NA	NA	NA	NA	NA	NA	NA	3	1	2	2	1	1	NA	NA	NA	3	1	2
1	167836922	188633648	2	2	0	3	a	6	2	0	0.0339192237307	0.113817736716	2	0	2	2	0	1	NA	NA	NA	NA	NA	NA	NA	2	0	2	2	0	1	NA	NA	NA	2	0	2
1	188633649	247247500	3	2	1	2	d	5	1.72	0.87	0.049991321821	0.162801796985	3	1	2	2	1	1	NA	NA	NA	NA	NA	NA	NA	3	1	2	2	1	1	NA	NA	NA	3	1	2
1	247247501	249250620	3	2	1	3	b	5	NA	NA	NA	NA	3	1	2	2	1	1	NA	NA	NA	NA	NA	NA	NA	3	1	2	2	1	1	NA	NA	NA	3	1	2
2	20016	90499999	2	1	1	3	a	6	1	1	0.0388696693985	0.129477940569	2	1	1	1	1	1	NA	NA	NA	NA	NA	NA	NA	2	1	1	1	1	1	NA	NA	NA	2	1	1
2	90500000	96799999	2	1	1	3	a	6	1	1	0.0294932681929	0.154431711052	2	1	1	1	1	1	NA	NA	NA	NA	NA	NA	NA	2	1	1	1	1	1	NA	NA	NA	2	1	1
2	96800000	242975695	2	1	1	3	a	6	1	1	0.0381274158612	0.127536614073	2	1	1	1	1	1	NA	NA	NA	NA	NA	NA	NA	2	1	1	1	1	1	NA	NA	NA	2	1	1
3	67500	56941628	2	1	1	3	a	6	1	1	0.0381148997349	0.131644533955	2	1	1	1	1	1	NA	NA	NA	NA	NA	NA	NA	2	1	1	1	1	1	NA	NA	NA	2	1	1
3	56941629	56973676	3	2	1	3	a	6	2	1	0.05	0.1	3	1	2	2	1	1	NA	NA	NA	NA	NA	NA	NA	3	1	2	2	1	1	NA	NA	NA	3	1	2
3	56973677	85073830	2	1	1	3	a	6	1	1	0.0376511848134	0.127195268742	2	1	1	1	1	1	NA	NA	NA	NA	NA	NA	NA	2	1	1	1	1	1	NA	NA	NA	2	1	1
3	85073831	85077116	2	1	1	3	b	5	1	1	0.05	0.1	2	1	1	1	1	1	NA	NA	NA	NA	NA	NA	NA	NA	NA	NA	1	1	1	NA	NA	NA	2	1	1
3	85077117	87899999	2	1	1	3	a	6	1	1	0.0347406326396	0.120381810061	2	1	1	1	1	1	NA	NA	NA	NA	NA	NA	NA	2	1	1	1	1	1	NA	NA	NA	2	1	1
3	87900000	93899999	2	1	1	3	a	6	1	1	0.0339552773013	0.135061767871	2	1	1	1	1	1	NA	NA	NA	NA	NA	NA	NA	2	1	1	1	1	1	NA	NA	NA	2	1	1
3	93900000	197847500	2	1	1	3	a	6	1	1	0.0385304909188	0.131851995259	2	1	1	1	1	1	NA	NA	NA	NA	NA	NA	NA	2	1	1	1	1	1	NA	NA	NA	2	1	1
4	27500	48199999	2	1	1	3	a	6	1	1	0.0384244058024	0.131046613685	2	1	1	1	1	1	NA	NA	NA	NA	NA	NA	NA	2	1	1	1	1	1	NA	NA	NA	2	1	1
4	48200000	52699999	2	1	1	2	d	5	1	1	0.0270985776537	0.189040326679	2	1	1	1	1	1	NA	NA	NA	NA	NA	NA	NA	2	1	1	1	0	0.280896	1	1	0.719104	2	1	1
4	52700000	189425001	2	1	1	3	a	6	1	1	0.0381920727626	0.130051758678	2	1	1	1	1	1	NA	NA	NA	NA	NA	NA	NA	2	1	1	1	1	1	NA	NA	NA	2	1	1
4	189425002	189794998	1	1	0	2	d	5	1	0	0.0789632543709	0.151080948578	1	0	1	1	0	0.979446484395053	1	1	0.0205535156049474	0.00874916279335414	0.00929461101639682	0.911722240404985	0.948368274490456	1	0	1	1	0	1	NA	NA	NA	1	0	1
4	189794999	190804104	2	1	1	3	a	6	1	1	0.0389861788579	0.23108351299	2	1	1	1	1	1	NA	NA	NA	NA	NA	NA	NA	2	1	1	1	1	1	NA	NA	NA	2	1	1
4	190804105	190987500	2	1	1	3	b	5	1	1	0.05	0.112083774295	2	1	1	NA	NA	NA	NA	NA	NA	NA	NA	NA	NA	2	1	1	1	1	1	NA	NA	NA	2	1	1
5	46736	8165478	3	2	1	2	d	5	1.78	0.94	0.0497354803428	0.186954780453	3	1	2	2	1	1	NA	NA	NA	NA	NA	NA	NA	3	1	2	2	1	1	NA	NA	NA	3	1	2
5	8165479	46099999	2	1	1	3	a	6	1	1	0.0367942013755	0.126182833902	2	1	1	1	1	1	NA	NA	NA	NA	NA	NA	NA	2	1	1	1	1	1	NA	NA	NA	2	1	1
5	46100000	50699999	2	1	1	3	a	6	1	1	0.0386820093396	0.156186258998	2	1	1	1	1	1	NA	NA	NA	NA	NA	NA	NA	2	1	1	1	1	1	NA	NA	NA	2	1	1
5	50700000	133309472	2	1	1	3	a	6	1	1	0.0373175818173	0.134145186056	2	1	1	1	1	1	NA	NA	NA	NA	NA	NA	NA	2	1	1	1	1	1	NA	NA	NA	2	1	1
5	133309473	133420679	3	2	1	3	a	6	2	1	0.0568180165428	0.173972331157	3	1	2	2	1	1	NA	NA	NA	NA	NA	NA	NA	3	1	2	2	1	1	NA	NA	NA	3	1	2
5	133420680	180685900	2	1	1	3	a	6	1	1	0.039491242114	0.141843970444	2	1	1	1	1	1	NA	NA	NA	NA	NA	NA	NA	2	1	1	1	1	1	NA	NA	NA	2	1	1
6	39681	212499	2	1	1	2	d	4	1	1	0.05	0.1	NA	NA	NA	1	1	1	NA	NA	NA	NA	NA	NA	NA	NA	NA	NA	1	1	1	NA	NA	NA	2	1	1
6	212500	41197243	2	1	1	3	a	6	1	1	0.0468621009571	0.141105508884	2	1	1	1	1	1	NA	NA	NA	NA	NA	NA	NA	2	1	1	1	1	1	NA	NA	NA	2	1	1
6	41197244	41197392	2	1	1	2	d	3	NA	NA	NA	NA	2	1	1	NA	NA	NA	NA	NA	NA	NA	NA	NA	NA	NA	NA	NA	1	1	1	NA	NA	NA	2	1	1
6	41197393	41892253	3	2	1	2	d	3	2	1	0.0553185425789	0.19577741037	2.719002	1.003973734	1.7150284	1	1	0.325957523193448	2	1	0.674042476806552	0.0265544250647357	0.0259239199644174	0.257267157381143	0.356550175681201	3	1	2	2	1	0.700541	1	1	0.299459	3	1	2
6	41892254	44098236	4	3	1	2	d	4	3	1	0.0486357437194	0.251758282797	3.724861	1.020217663	2.7046435	2	1	0.312734954553984	3	1	0.687265045446016	0.027094150692909	0.0267161118419834	0.261864315332412	0.364969101516484	4	1	3	3	1	1	NA	NA	NA	4	1	3
6	44098237	44142914	4	3	1	2	d	2	3	1	0.05	0.1	3.724861	1.020217663	2.7046435	2	1	0.312734954553984	3	1	0.687265045446016	0.027094150692909	0.0267161118419834	0.261864315332412	0.364969101516484	NA	NA	NA	3	1	0.524314	2	1	0.475686	4	1	3
6	44142915	44635244	2	1	1	3	a	6	1	1	0.0370379075837	0.126130660864	2	1	1	1	1	1	NA	NA	NA	NA	NA	NA	NA	2	1	1	1	1	1	NA	NA	NA	2	1	1
6	44635245	44674725	4	3	1	2	d	4	3	1	0.0335112646353	0.1	3.473318	0.87565555	2.5976623	2	1	0.252607612962625	3	1	0.747392387037375	0.0648438692651791	0.0648403039809431	0.1259429387573	0.37542522729895	4	1	3	3	1	1	NA	NA	NA	4	1	3
6	44674726	44759649	4	3	1	2	d	3	3	1	0.0610991522828	0.129976032554	3.751949	1.007535556	2.7444139	2	1	0.252607612962625	3	1	0.747392387037375	0.0648438692651791	0.0648403039809431	0.1259429387573	0.37542522729895	4	1	3	3	1	1	NA	NA	NA	3	1	2
6	44759650	45435877	5	4	1	2	d	3	4.72	1	0.0379190979567	0.310650674222	5.442029	1.015338315	4.4266912	4	1	0.605427304194102	5	1	0.394572695805898	0.0628685869800284	0.0622967606421912	0.441256788323164	0.683531872428257	5	1	4	4	1	1	NA	NA	NA	5	1	4
6	45435878	45436713	5	4	1	2	f	2	NA	NA	NA	NA	5.442029	1.015338315	4.4266912	2	1	0.642755793877589	3	1	0.357244206122411	NA	0	0.642755793877589	0.642755793877589	NA	NA	NA	4	1	1	NA	NA	NA	4	1	3
6	45436714	45443711	5	4	1	2	d	3	3	1	0.05	0.1	NA	NA	NA	4	1	1	NA	NA	NA	NA	NA	NA	NA	5	1	4	3	1	0.633639	2	1	0.366361	5	1	4
6	45443712	45443781	4	3	1	2	f	2	3	1	0.05	0.1	NA	NA	NA	NA	NA	NA	NA	NA	NA	NA	NA	NA	NA	NA	NA	NA	3	1	0.633639	2	1	0.366361	5	1	4
6	45443782	45848404	4	3	1	2	d	3	3	1	0.0467491120292	0.22585617501	3.667966	1.020441397	2.6475242	2	1	0.400178156160536	3	1	0.599821843839464	0.0390577319872076	0.0396044865165442	0.327605654067759	0.478583734560563	4	1	3	3	1	0.633639	2	1	0.366361	4	1	3
6	45848405	45885862	5	4	1	2	d	4	4.6	1	0.05	0.1	3.667966	1.020441397	2.6475242	4	1	1	NA	NA	NA	NA	NA	NA	NA	5	1	4	4	1	1	NA	NA	NA	5	1	4
6	45885863	46059547	1	1	0	2	d	5	1	0	0.0601310913336	1.07161006188	1.569233	0.092944876	1.4762881	1	0	1	NA	NA	NA	NA	NA	NA	NA	1	0	1	1	0	1	NA	NA	NA	1	0	1
6	46059548	48252047	2	1	1	3	a	6	1	1	0.0348251835722	0.138933287603	2	1	1	1	1	1	NA	NA	NA	NA	NA	NA	NA	2	1	1	1	1	1	NA	NA	NA	2	1	1
6	48252048	50732489	1	1	0	2	d	5	1.06	0	0.0483983403593	0.0983224981666	1	0	1	1	0	1	NA	NA	NA	NA	NA	NA	NA	1	0	1	1	0	1	NA	NA	NA	1	0	1
6	50732490	51410600	2	1	1	3	a	6	1	1	0.0388543914803	0.134435554574	2	1	1	1	1	1	NA	NA	NA	NA	NA	NA	NA	2	1	1	1	1	1	NA	NA	NA	2	1	1
6	51410601	53626540	1	1	0	3	a	6	1	0	0.0594524630889	0.0838749704918	1	0	1	1	0	1	NA	NA	NA	NA	NA	NA	NA	1	0	1	1	0	1	NA	NA	NA	1	0	1
6	53626541	55232087	2	1	1	3	a	6	1	1	0.0339761028484	0.132391368829	2	1	1	1	1	1	NA	NA	NA	NA	NA	NA	NA	2	1	1	1	1	1	NA	NA	NA	2	1	1
6	55232088	55235437	2	1	1	1	g	NA	NA	NA	NA	NA	2	1	1	3	1	1	NA	NA	NA	NA	NA	NA	NA	NA	NA	NA	1	1	1	NA	NA	NA	3	1	2
6	55235438	55235630	2	1	1	1	g	NA	NA	NA	NA	NA	NA	NA	NA	2	0	0.542415555819391	2	1	0.457584444180609	NA	0	0.542415555819391	0.542415555819391	NA	NA	NA	1	1	1	NA	NA	NA	3	1	2
6	55235631	55329898	5	4	1	2	d	4	4	1	0.0342138865587	0.197391242065	4.652026	0.993207754	3.6588179	3	1	0.338242359276821	4	1	0.661757640723179	0.0718145780872631	0.0715210682457595	0.193325116488097	0.472219233284119	5	1	4	4	1	1	NA	NA	NA	5	1	4
6	55329899	55330216	5	4	1	1	g	NA	NA	NA	NA	NA	4.652026	0.993207754	3.6588179	4	2	1	NA	NA	NA	NA	NA	NA	NA	4	1	3	4	1	1	NA	NA	NA	6	2	4
6	55330217	55330336	5	4	1	1	g	NA	NA	NA	NA	NA	NA	NA	NA	NA	NA	NA	NA	NA	NA	NA	NA	NA	NA	1	0	1	4	1	1	NA	NA	NA	6	2	4
6	55330337	55330368	5	4	1	1	g	NA	NA	NA	NA	NA	NA	NA	NA	NA	NA	NA	NA	NA	NA	NA	NA	NA	NA	1	0	1	4	1	1	NA	NA	NA	6	2	4
6	55330369	55331099	5	4	1	1	g	NA	NA	NA	NA	NA	NA	NA	NA	NA	NA	NA	NA	NA	NA	NA	NA	NA	NA	1	0	1	4	1	1	NA	NA	NA	6	2	4
6	55331100	55331229	5	4	1	1	g	NA	NA	NA	NA	NA	NA	NA	NA	NA	NA	NA	NA	NA	NA	NA	NA	NA	NA	1	0	1	4	1	1	NA	NA	NA	NA	NA	NA
6	55331230	55331241	5	4	1	1	g	NA	NA	NA	NA	NA	NA	NA	NA	NA	NA	NA	NA	NA	NA	NA	NA	NA	NA	1	0	1	4	1	1	NA	NA	NA	NA	NA	NA
6	55331242	55331427	5	4	1	1	g	NA	NA	NA	NA	NA	NA	NA	NA	NA	NA	NA	NA	NA	NA	NA	NA	NA	NA	1	0	1	4	1	1	NA	NA	NA	NA	NA	NA
6	55331428	55331739	5	4	1	1	g	NA	NA	NA	NA	NA	NA	NA	NA	NA	NA	NA	NA	NA	NA	NA	NA	NA	NA	NA	NA	NA	4	1	1	NA	NA	NA	NA	NA	NA
6	55331740	55333642	2	1	1	1	g	NA	1	1	0.05	0.1	NA	NA	NA	2	1	1	NA	NA	NA	NA	NA	NA	NA	NA	NA	NA	1	1	1	NA	NA	NA	3	1	2
6	55333643	56438864	2	1	1	3	a	6	1	1	0.0470332114703	0.138698553531	2	1	1	1	1	1	NA	NA	NA	NA	NA	NA	NA	2	1	1	1	1	1	NA	NA	NA	2	1	1
6	56438865	56439038	2	1	1	1	g	NA	2	2	0.05	0.1	2	1	1	NA	NA	NA	NA	NA	NA	NA	NA	NA	NA	NA	NA	NA	1	1	1	NA	NA	NA	3	1	2
6	56439039	57350002	2	1	1	1	g	NA	2	2	0.05	0.42648713835	NA	NA	NA	2	2	1	NA	NA	NA	NA	NA	NA	NA	NA	NA	NA	1	1	1	NA	NA	NA	3	1	2
6	57350003	57490009	2	1	1	1	g	NA	1	1	0.05	0.239957941572	NA	NA	NA	3	0	1	NA	NA	NA	NA	NA	NA	NA	1	0	1	1	1	1	NA	NA	NA	2	0	2
6	57490010	58087800	1	1	0	3	a	6	1	0	0.0643221616959	0.105618312365	1	0	1	1	0	1	NA	NA	NA	NA	NA	NA	NA	1	0	1	1	0	1	NA	NA	NA	1	0	1
6	58087801	58348023	1	1	0	1	g	NA	NA	NA	NA	NA	1	0	1	NA	NA	1	NA	NA	NA	NA	NA	NA	NA	5	2	3	1	0	1	NA	NA	NA	3	0	3
6	58348024	58351364	1	1	0	1	g	NA	NA	NA	NA	NA	NA	NA	NA	NA	NA	NA	NA	NA	NA	NA	NA	NA	NA	5	2	3	1	0	1	NA	NA	NA	3	0	3
6	58351365	58471894	5	4	1	2	d	2	NA	NA	NA	NA	NA	NA	NA	4	1	1	NA	NA	NA	NA	NA	NA	NA	NA	NA	NA	1	0	1	NA	NA	NA	5	1	4
6	58471895	58688810	4	3	1	2	d	3	NA	NA	NA	NA	NA	NA	NA	3	1	1	NA	NA	NA	NA	NA	NA	NA	4	1	3	1	0	1	NA	NA	NA	4	1	3
6	58688811	58699999	1	1	0	1	g	NA	NA	NA	NA	NA	NA	NA	NA	NA	NA	NA	NA	NA	NA	NA	NA	NA	NA	NA	NA	NA	1	0	1	NA	NA	NA	4	1	3
6	58700000	63299999	1	1	0	2	d	3	1	0	0.0490052583611	0.805947113824	1.110133	0.026450319	1.0836828	NA	NA	NA	NA	NA	NA	NA	NA	NA	NA	1	0	1	1	0	1	NA	NA	NA	2	0	2
6	63300000	78986001	1	1	0	3	a	6	1	0	0.0540295105197	0.0857845566492	1	0	1	1	0	1	NA	NA	NA	NA	NA	NA	NA	1	0	1	1	0	1	NA	NA	NA	1	0	1
6	78986002	103738115	1	1	0	3	a	6	1	0	0.0536417150609	0.084790991542	1	0	1	1	0	1	NA	NA	NA	NA	NA	NA	NA	1	0	1	1	0	1	NA	NA	NA	1	0	1
6	103738116	119305973	1	1	0	3	a	6	1	0	0.0548471659506	0.0818571848814	1	0	1	1	0	1	NA	NA	NA	NA	NA	NA	NA	1	0	1	1	0	1	NA	NA	NA	1	0	1
6	119305974	119327692	1	1	0	2	d	5	1.13	0	0.05	0.1	1	0	1	1	0	1	NA	NA	NA	NA	NA	NA	NA	1	0	1	1	0	1	NA	NA	NA	1	0	1
6	119327693	170904973	1	1	0	3	a	6	1	0	0.0547983313179	0.0832321093979	1	0	1	1	0	1	NA	NA	NA	NA	NA	NA	NA	1	0	1	1	0	1	NA	NA	NA	1	0	1
7	40386	57999999	2	1	1	3	a	6	1	1	0.0393535268024	0.125232085645	2	1	1	1	1	1	NA	NA	NA	NA	NA	NA	NA	2	1	1	1	1	1	NA	NA	NA	2	1	1
7	58000000	61699999	2	1	1	3	b	5	1	1	0.05	0.221515856145	2	1	1	1	1	1	NA	NA	NA	NA	NA	NA	NA	NA	NA	NA	1	1	1	NA	NA	NA	2	1	1
7	61700000	146329811	2	1	1	3	a	6	1	1	0.0386603086771	0.128593810489	2	1	1	1	1	1	NA	NA	NA	NA	NA	NA	NA	2	1	1	1	1	1	NA	NA	NA	2	1	1
7	146329812	146329867	2	1	1	1	g	NA	NA	NA	NA	NA	2	1	1	NA	NA	NA	NA	NA	NA	NA	NA	NA	NA	1	0	1	1	1	1	NA	NA	NA	1	0	1
7	146329868	146330474	1	1	0	2	d	2	NA	NA	NA	NA	NA	NA	NA	NA	NA	NA	NA	NA	NA	NA	NA	NA	NA	1	0	1	1	1	1	NA	NA	NA	1	0	1
7	146330475	146330659	1	1	0	2	d	2	NA	NA	NA	NA	NA	NA	NA	NA	NA	NA	NA	NA	NA	NA	NA	NA	NA	1	0	1	1	1	1	NA	NA	NA	1	0	1
7	146330660	146330697	1	1	0	2	d	2	NA	NA	NA	NA	NA	NA	NA	NA	NA	NA	NA	NA	NA	NA	NA	NA	NA	1	0	1	1	1	1	NA	NA	NA	1	0	1
7	146330698	146330920	1	1	0	2	d	2	NA	NA	NA	NA	NA	NA	NA	NA	NA	NA	NA	NA	NA	NA	NA	NA	NA	1	0	1	1	1	1	NA	NA	NA	1	0	1
7	146330921	146330945	1	1	0	2	d	2	NA	NA	NA	NA	NA	NA	NA	NA	NA	NA	NA	NA	NA	NA	NA	NA	NA	1	0	1	1	1	1	NA	NA	NA	1	0	1
7	146330946	146331608	1	1	0	2	d	2	NA	NA	NA	NA	NA	NA	NA	NA	NA	NA	NA	NA	NA	NA	NA	NA	NA	1	0	1	1	1	1	NA	NA	NA	1	0	1
7	146331609	146331764	1	1	0	2	d	2	NA	NA	NA	NA	NA	NA	NA	NA	NA	NA	NA	NA	NA	NA	NA	NA	NA	1	0	1	1	1	1	NA	NA	NA	1	0	1
7	146331765	146331781	1	1	0	2	d	2	NA	NA	NA	NA	NA	NA	NA	NA	NA	NA	NA	NA	NA	NA	NA	NA	NA	1	0	1	1	1	1	NA	NA	NA	1	0	1
7	146331782	146378280	1	1	0	2	d	2	NA	NA	NA	NA	NA	NA	NA	0	0	0.24447389538701	1	0	0.75552610461299	NA	0	0.24447389538701	0.24447389538701	1	0	1	2	1	0.725669	1	1	0.274331	1	0	1
7	146378281	146378299	1	1	0	2	d	2	NA	NA	NA	NA	NA	NA	NA	NA	NA	NA	NA	NA	NA	NA	NA	NA	NA	1	0	1	2	1	0.725669	1	1	0.274331	1	0	1
7	146378300	146378451	3	2	1	1	g	NA	NA	NA	NA	NA	NA	NA	NA	NA	NA	NA	NA	NA	NA	NA	NA	NA	NA	NA	NA	NA	2	1	0.725669	1	1	0.274331	1	0	1
7	146378452	146380255	3	2	1	1	g	NA	NA	NA	NA	NA	NA	NA	NA	NA	NA	NA	NA	NA	NA	NA	NA	NA	NA	NA	NA	NA	2	1	0.725669	1	1	0.274331	1	0	1
7	146380256	146380469	3	2	1	2	f	2	NA	NA	NA	NA	NA	NA	NA	NA	NA	NA	NA	NA	NA	NA	NA	NA	NA	1	0	1	2	1	0.725669	1	1	0.274331	3	1	2
7	146380470	146382412	3	2	1	2	f	2	NA	NA	NA	NA	NA	NA	NA	NA	NA	NA	NA	NA	NA	NA	NA	NA	NA	1	0	1	2	1	0.725669	1	1	0.274331	3	1	2
7	146382413	146382429	3	2	1	2	f	2	NA	NA	NA	NA	NA	NA	NA	NA	NA	NA	NA	NA	NA	NA	NA	NA	NA	1	0	1	2	1	0.725669	1	1	0.274331	3	1	2
7	146382430	146382443	3	2	1	2	f	2	NA	NA	NA	NA	NA	NA	NA	NA	NA	NA	NA	NA	NA	NA	NA	NA	NA	NA	NA	NA	2	1	0.725669	1	1	0.274331	3	1	2
7	146382444	158817500	3	2	1	2	d	2	1.6	1	0.0537943733844	0.169101339103	2.720415	1.010735675	1.7096798	1	1	0.297067197444023	2	1	0.702932802555977	0.00618587180033417	0.00624110682622134	0.284511054620083	0.308908158648639	3	1	2	2	1	0.725669	1	1	0.274331	3	1	2
7	158817501	159072204	3	2	1	2	d	2	NA	NA	NA	NA	2.779481	1.051046386	1.7284345	1	1	0.297067197444023	2	1	0.702932802555977	0.00618587180033417	0.00624110682622134	0.284511054620083	0.308908158648639	3	1	2	2	1	0.638122	1	1	0.361878	3	1	2
8	163226	43099999	2	1	1	2	d	5	0.94	0.94	0.0402041143814	0.139639755742	2	1	1	1	1	1	NA	NA	NA	NA	NA	NA	NA	2	1	1	1	1	1	NA	NA	NA	2	1	1
8	43100000	48099999	2	1	1	2	d	5	0.94	0.94	0.0293892834686	0.152901923435	2	1	1	1	1	1	NA	NA	NA	NA	NA	NA	NA	2	1	1	1	1	1	NA	NA	NA	2	1	1
8	48100000	146364021	2	1	1	2	d	5	0.94	0.94	0.0388425514763	0.12462471657	2	1	1	1	1	1	NA	NA	NA	NA	NA	NA	NA	2	1	1	1	1	1	NA	NA	NA	2	1	1
9	47500	203936	2	1	1	2	d	3	1	1	0.05	0.1	NA	NA	NA	NA	NA	NA	NA	NA	NA	NA	NA	NA	NA	2	1	1	1	0	0.496006	1	1	0.503994	2	1	1
9	203937	7724624	2	1	1	3	a	6	1	1	0.0395481863609	0.134429845337	2	1	1	1	1	1	NA	NA	NA	NA	NA	NA	NA	2	1	1	1	1	1	NA	NA	NA	2	1	1
9	7724625	7812858	1	1	0	3	a	6	1	0	0.0560084025953	0.102305520644	1	0	1	1	0	1	NA	NA	NA	NA	NA	NA	NA	1	0	1	1	0	1	NA	NA	NA	1	0	1
9	7812859	21431768	2	1	1	3	a	6	1	1	0.037179747894	0.134021439092	2	1	1	1	1	1	NA	NA	NA	NA	NA	NA	NA	2	1	1	1	1	1	NA	NA	NA	2	1	1
9	21431769	24082268	1	1	0	3	a	6	1	0	0.0640657767107	0.0849302839593	1	0	1	1	0	1	NA	NA	NA	NA	NA	NA	NA	1	0	1	1	0	1	NA	NA	NA	1	0	1
9	24082269	47299999	2	1	1	3	a	6	1	1	0.0379435719497	0.16614462142	2	1	1	1	1	1	NA	NA	NA	NA	NA	NA	NA	2	1	1	1	1	1	NA	NA	NA	2	1	1
9	47300000	50699999	2	1	1	2	d	4	1	1	0.05	0.1	2	1	1	NA	NA	NA	NA	NA	NA	NA	NA	NA	NA	NA	NA	NA	1	1	1	NA	NA	NA	2	1	1
9	50700000	140273200	2	1	1	3	a	6	1	1	0.038209130332	0.140036998295	2	1	1	1	1	1	NA	NA	NA	NA	NA	NA	NA	2	1	1	1	1	1	NA	NA	NA	2	1	1
9	140273201	141008424	2	1	1	3	b	5	NA	NA	NA	NA	2	1	1	1	1	1	NA	NA	NA	NA	NA	NA	NA	2	1	1	1	1	1	NA	NA	NA	2	1	1
10	102500	37999999	2	1	1	3	a	6	1	1	0.0380065471956	0.138265029799	2	1	1	1	1	1	NA	NA	NA	NA	NA	NA	NA	2	1	1	1	1	1	NA	NA	NA	2	1	1
10	38000000	42299999	2	1	1	3	b	5	1	1	0.035878564025	0.242415216535	2	1	1	1	1	1	NA	NA	NA	NA	NA	NA	NA	2	1	1	NA	NA	NA	NA	NA	NA	2	1	1
10	42300000	135389924	2	1	1	3	a	6	1	1	0.0397052789783	0.137772508098	2	1	1	1	1	1	NA	NA	NA	NA	NA	NA	NA	2	1	1	1	1	1	NA	NA	NA	2	1	1
11	20721	190009	2	1	1	2	d	3	1	1	0.05	0.1	NA	NA	NA	NA	NA	NA	NA	NA	NA	NA	NA	NA	NA	NA	NA	NA	1	1	1	NA	NA	NA	2	1	1
11	190010	51599999	2	1	1	3	a	6	1	1	0.0382798526837	0.142388888817	2	1	1	1	1	1	NA	NA	NA	NA	NA	NA	NA	2	1	1	1	1	1	NA	NA	NA	2	1	1
11	51600000	55699999	2	1	1	3	a	6	1	1	0.0323611328506	0.218375191992	2	1	1	1	1	1	NA	NA	NA	NA	NA	NA	NA	2	1	1	1	1	1	NA	NA	NA	2	1	1
11	55700000	134452200	2	1	1	3	a	6	1	1	0.0388169587334	0.139704309411	2	1	1	1	1	1	NA	NA	NA	NA	NA	NA	NA	2	1	1	1	1	1	NA	NA	NA	2	1	1
12	110107	14645527	1	1	0	3	a	6	1	0	0.0581572378853	0.096702583899	1	0	1	1	0	1	NA	NA	NA	NA	NA	NA	NA	1	0	1	1	0	1	NA	NA	NA	1	0	1
12	14645528	31215543	2	1	1	3	a	6	1	1	0.0377981768768	0.128274892103	2	1	1	1	1	1	NA	NA	NA	NA	NA	NA	NA	2	1	1	1	1	1	NA	NA	NA	2	1	1
12	31215544	31417499	2	1	1	2	d	3	0.87	0.87	0.05	0.204601554676	1.454821	0.727410552	0.7274106	1	1	1	NA	NA	NA	NA	NA	NA	NA	2	1	1	1	0	0.232127	1	1	0.767873	2	1	1
12	31417500	33299999	2	1	1	3	a	6	1	1	0.0400925971676	0.131090292759	2	1	1	1	1	1	NA	NA	NA	NA	NA	NA	NA	2	1	1	1	1	1	NA	NA	NA	2	1	1
12	33300000	38199999	2	1	1	3	a	6	1	1	0.0422875611868	0.154165961153	2	1	1	1	1	1	NA	NA	NA	NA	NA	NA	NA	2	1	1	1	1	1	NA	NA	NA	2	1	1
12	38200000	132349400	2	1	1	3	a	6	1	1	0.0392496424415	0.130546180846	2	1	1	1	1	1	NA	NA	NA	NA	NA	NA	NA	2	1	1	1	1	1	NA	NA	NA	2	1	1
12	132349401	133851894	2	1	1	3	b	5	NA	NA	NA	NA	2	1	1	1	1	1	NA	NA	NA	NA	NA	NA	NA	2	1	1	1	1	1	NA	NA	NA	2	1	1
13	1	16299999	2	1	1	1	h	1	NA	NA	NA	NA	NA	NA	NA	NA	NA	NA	NA	NA	NA	NA	NA	NA	NA	NA	NA	NA	NA	NA	NA	NA	NA	NA	2	1	1
13	16300000	19499999	2	1	1	2	d	4	1	1	0.05	0.171446089246	NA	NA	NA	1	1	1	NA	NA	NA	NA	NA	NA	NA	NA	NA	NA	1	1	1	NA	NA	NA	2	1	1
13	19500000	67434570	2	1	1	2	d	5	0.87	0.87	0.0381875271843	0.128162800971	2	1	1	1	1	1	NA	NA	NA	NA	NA	NA	NA	2	1	1	1	1	1	NA	NA	NA	2	1	1
13	67434571	67437201	2	1	1	2	d	4	0.87	0.87	0.05	0.1	2	1	1	1	1	1	NA	NA	NA	NA	NA	NA	NA	NA	NA	NA	1	1	1	NA	NA	NA	2	1	1
13	67437202	88796482	2	1	1	2	d	5	0.87	0.87	0.0363905760016	0.112575878166	2	1	1	1	1	1	NA	NA	NA	NA	NA	NA	NA	2	1	1	1	1	1	NA	NA	NA	2	1	1
13	88796483	88799844	3	2	1	2	d	2	1.44	1	0.05	0.1	2	1	1	1	1	0.205103284312042	2	1	0.794896715687958	0.0475235728499904	0.049260354375083	0.0943661186900334	0.292790575596679	NA	NA	NA	2	1	1	NA	NA	NA	3	1	2
13	88799845	88799950	3	2	1	2	d	2	1.44	1	0.05	0.1	NA	NA	NA	1	1	0.205103284312042	2	1	0.794896715687958	0.0475235728499904	0.049260354375083	0.0943661186900334	0.292790575596679	NA	NA	NA	2	1	1	NA	NA	NA	3	1	2
13	88799951	88859123	3	2	1	2	d	3	1.44	1	0.05	0.159323419872	2.669465	0.931888414	1.7375768	1	1	0.205103284312042	2	1	0.794896715687958	0.0475235728499904	0.049260354375083	0.0943661186900334	0.292790575596679	3	1	2	2	1	1	NA	NA	NA	3	1	2
13	88859124	88859144	3	2	1	2	d	2	1.44	1	0.05	0.1	2.669465	0.931888414	1.7375768	1	1	0.205103284312042	2	1	0.794896715687958	0.0475235728499904	0.049260354375083	0.0943661186900334	0.292790575596679	1	0	1	2	1	1	NA	NA	NA	3	1	2
13	88859145	88859186	3	2	1	2	d	2	1.44	1	0.05	0.1	NA	NA	NA	1	1	0.205103284312042	2	1	0.794896715687958	0.0475235728499904	0.049260354375083	0.0943661186900334	0.292790575596679	NA	NA	NA	2	1	1	NA	NA	NA	3	1	2
13	88859187	88994633	3	2	1	2	d	2	1.44	1	0.05	0.163262806155	2.717419	0.997894987	1.7195235	1	1	0.205103284312042	2	1	0.794896715687958	0.0475235728499904	0.049260354375083	0.0943661186900334	0.292790575596679	3	1	2	2	1	0.725669	1	1	0.274331	3	1	2
13	88994634	88994858	3	2	1	2	f	3	NA	NA	NA	NA	2.717419	0.997894987	1.7195235	NA	NA	NA	NA	NA	NA	NA	NA	NA	NA	1	0	1	2	1	0.725669	1	1	0.274331	3	1	2
13	88994859	88995045	3	2	1	2	f	2	NA	NA	NA	NA	NA	NA	NA	NA	NA	NA	NA	NA	NA	NA	NA	NA	NA	1	0	1	2	1	0.725669	1	1	0.274331	3	1	2
13	88995046	88996357	3	2	1	2	f	2	NA	NA	NA	NA	NA	NA	NA	NA	NA	NA	NA	NA	NA	NA	NA	NA	NA	1	0	1	2	1	0.725669	1	1	0.274331	3	1	2
13	88996358	88996559	3	2	1	2	f	2	NA	NA	NA	NA	NA	NA	NA	NA	NA	NA	NA	NA	NA	NA	NA	NA	NA	1	0	1	2	1	0.725669	1	1	0.274331	3	1	2
13	88996560	88996638	3	2	1	2	f	2	NA	NA	NA	NA	NA	NA	NA	NA	NA	NA	NA	NA	NA	NA	NA	NA	NA	1	0	1	2	1	0.725669	1	1	0.274331	3	1	2
13	88996639	88996657	3	2	1	1	g	NA	NA	NA	NA	NA	NA	NA	NA	NA	NA	NA	NA	NA	NA	NA	NA	NA	NA	1	0	1	2	1	0.725669	1	1	0.274331	5	1	4
13	88996658	88997101	3	2	1	1	g	NA	NA	NA	NA	NA	NA	NA	NA	NA	NA	NA	NA	NA	NA	NA	NA	NA	NA	1	0	1	2	1	0.725669	1	1	0.274331	5	1	4
13	88997102	88997113	3	2	1	1	g	NA	NA	NA	NA	NA	NA	NA	NA	NA	NA	NA	NA	NA	NA	NA	NA	NA	NA	1	0	1	2	1	0.725669	1	1	0.274331	5	1	4
13	88997114	88997189	3	2	1	1	g	NA	NA	NA	NA	NA	NA	NA	NA	NA	NA	NA	NA	NA	NA	NA	NA	NA	NA	1	0	1	2	1	0.725669	1	1	0.274331	5	1	4
13	88997190	88997256	3	2	1	1	g	NA	NA	NA	NA	NA	NA	NA	NA	NA	NA	NA	NA	NA	NA	NA	NA	NA	NA	NA	NA	NA	2	1	0.725669	1	1	0.274331	5	1	4
13	88997257	89083809	5	4	1	2	d	4	3.52	1	0.0355575198748	0.271425795444	4.755751	0.950241399	3.8055091	4	1	1	NA	NA	NA	NA	NA	NA	NA	5	1	4	4	1	1	NA	NA	NA	5	1	4
13	89083810	89083913	5	4	1	2	d	2	1.44	0.87	0.05	0.1	4.755751	0.950241399	3.8055091	NA	NA	NA	NA	NA	NA	NA	NA	NA	NA	1	0	1	4	1	1	NA	NA	NA	5	1	4
13	89083914	89083928	5	4	1	2	d	2	1.44	0.87	0.05	0.1	NA	NA	NA	NA	NA	NA	NA	NA	NA	NA	NA	NA	NA	1	0	1	4	1	1	NA	NA	NA	5	1	4
13	89083929	89083960	5	4	1	2	d	2	1.44	0.87	0.05	0.1	NA	NA	NA	NA	NA	NA	NA	NA	NA	NA	NA	NA	NA	1	0	1	4	1	1	NA	NA	NA	5	1	4
13	89083961	89084282	5	4	1	2	d	2	1.44	0.87	0.05	0.1	NA	NA	NA	NA	NA	NA	NA	NA	NA	NA	NA	NA	NA	1	0	1	4	1	1	NA	NA	NA	5	1	4
13	89084283	89084440	1	1	0	2	f	2	1.44	0.87	0.05	0.1	NA	NA	NA	NA	NA	NA	NA	NA	NA	NA	NA	NA	NA	1	0	1	4	1	1	NA	NA	NA	3	1	2
13	89084441	89084491	1	1	0	2	f	2	1.44	0.87	0.05	0.1	NA	NA	NA	NA	NA	NA	NA	NA	NA	NA	NA	NA	NA	1	0	1	4	1	1	NA	NA	NA	3	1	2
13	89084492	89084598	1	1	0	2	f	2	1.44	0.87	0.05	0.1	NA	NA	NA	2	1	0.701690457084033	2	2	0.298309542915967	NA	0	0.701690457084033	0.701690457084033	1	0	1	4	1	1	NA	NA	NA	3	1	2
13	89084599	96989973	3	2	1	2	d	2	1.44	0.87	0.0505852514667	0.137334092668	2.710659	0.985397198	1.7252615	1	1	0.249024805068292	2	1	0.750975194931708	0.00663553887391412	0.00666103015612836	0.236197467135319	0.26207083535004	3	1	2	2	1	0.757111	1	1	0.242889	3	1	2
13	96989974	101662471	4	3	1	2	e	4	3	0.87	0.0372701235791	0.20288177794	4.412423	0.993885215	3.4185375	3	1	0.513004224576824	4	1	0.486995775423176	0.0175897887320491	0.0186643639477966	0.455400173014113	0.528321661946279	5	1	4	4	1	0.494448	3	1	0.505552	4	1	3
13	101662472	109288359	3	2	1	2	d	2	1.44	0.87	0.0496161989512	0.134464948775	2.685637	0.982409715	1.7032273	1	1	0.240084624176252	2	1	0.759915375823748	0.00650135830311523	0.0068436591098258	0.240037388807099	0.266726591508624	3	1	2	2	1	0.757111	1	1	0.242889	3	1	2
13	109288360	112379993	5	4	1	2	d	4	3.13	0.82	0.0360390181566	0.221417092589	4.682966	0.987409885	3.6955565	4	1	1	NA	NA	NA	NA	NA	NA	NA	5	1	4	4	1	1	NA	NA	NA	5	1	4
13	112379994	114142800	3	2	1	2	d	2	1.44	0.87	0.0584462046315	0.131486499025	2.717724	1.000518312	1.7172055	1	1	0.23533321844782	2	1	0.76466678155218	0.0175728749897634	0.0169299732714108	0.201100533293436	0.269614391024229	NA	NA	NA	2	1	1	NA	NA	NA	3	1	2
13	114142801	115169877	3	2	1	2	d	2	NA	NA	NA	NA	2.700567	0.995611076	1.7049563	1	1	0.23533321844782	2	1	0.76466678155218	0.0175728749897634	0.0169299732714108	0.201100533293436	0.269614391024229	NA	NA	NA	2	1	1	NA	NA	NA	3	1	2
14	1	16099999	2	1	1	1	h	1	NA	NA	NA	NA	NA	NA	NA	NA	NA	NA	NA	NA	NA	NA	NA	NA	NA	NA	NA	NA	NA	NA	NA	NA	NA	NA	2	1	1
14	16100000	19099999	2	1	1	2	d	2	1	1	0.05	0.187699986116	NA	NA	NA	NA	NA	NA	NA	NA	NA	NA	NA	NA	NA	NA	NA	NA	2	0	0.494327	2	1	0.505673	2	1	1
14	19100000	22423592	2	1	1	3	a	6	1	1	0.0381782876956	0.167644543151	2	1	1	1	1	1	NA	NA	NA	NA	NA	NA	NA	2	1	1	1	1	1	NA	NA	NA	2	1	1
14	22423593	22476990	1	1	0	2	d	3	NA	NA	NA	NA	2	1	1	1	0	1	NA	NA	NA	NA	NA	NA	NA	1	0	1	1	1	1	NA	NA	NA	1	0	1
14	22476991	42047414	2	1	1	3	a	6	1	1	0.0378332622554	0.136770813869	2	1	1	1	1	1	NA	NA	NA	NA	NA	NA	NA	2	1	1	1	1	1	NA	NA	NA	2	1	1
14	42047415	42078539	1	1	0	2	d	3	1	0	0.05	0.1	2	1	1	1	0	0.560902657880011	2	0	0.439097342119989	0.34234603181313	0.23187659530288	0.314589582010298	1.23524638689184	1	0	1	1	1	1	NA	NA	NA	1	0	1
14	42078540	47752369	2	1	1	3	a	6	1	1	0.0360997071339	0.13137904046	2	1	1	1	1	1	NA	NA	NA	NA	NA	NA	NA	2	1	1	1	1	1	NA	NA	NA	2	1	1
14	47752370	47752567	2	1	1	3	b	5	1	1	0.05	0.1	2	1	1	1	1	1	NA	NA	NA	NA	NA	NA	NA	NA	NA	NA	1	1	1	NA	NA	NA	2	1	1
14	47752568	60152206	2	1	1	3	a	6	1	1	0.0378747599116	0.125160149754	2	1	1	1	1	1	NA	NA	NA	NA	NA	NA	NA	2	1	1	1	1	1	NA	NA	NA	2	1	1
14	60152207	60185442	2	1	1	2	d	4	NA	NA	NA	NA	2	1	1	1	1	1	NA	NA	NA	NA	NA	NA	NA	NA	NA	NA	1	1	1	NA	NA	NA	2	1	1
14	60185443	106368400	2	1	1	3	a	6	1	1	0.0390710602553	0.133479217084	2	1	1	1	1	1	NA	NA	NA	NA	NA	NA	NA	2	1	1	1	1	1	NA	NA	NA	2	1	1
15	1	15799999	2	1	1	1	h	1	NA	NA	NA	NA	NA	NA	NA	NA	NA	NA	NA	NA	NA	NA	NA	NA	NA	NA	NA	NA	NA	NA	NA	NA	NA	NA	2	1	1
15	15800000	20699999	2	1	1	2	d	4	1	1	0.05	0.416366779183	NA	NA	NA	1	1	1	NA	NA	NA	NA	NA	NA	NA	NA	NA	NA	1	1	1	NA	NA	NA	2	1	1
15	20700000	82323657	2	1	1	3	a	6	1	1	0.0373175703361	0.139994189839	2	1	1	1	1	1	NA	NA	NA	NA	NA	NA	NA	2	1	1	1	1	1	NA	NA	NA	2	1	1
15	82323658	85298734	4	3	1	3	a	6	3	1	0.0409454431707	0.26572788258	4	1	3	3	1	1	NA	NA	NA	NA	NA	NA	NA	4	1	3	3	1	1	NA	NA	NA	4	1	3
15	85298735	87465015	2	1	1	3	a	6	1	1	0.0347483836383	0.142094440863	2	1	1	1	1	1	NA	NA	NA	NA	NA	NA	NA	2	1	1	1	1	1	NA	NA	NA	2	1	1
15	87465016	87466800	2	1	1	2	d	3	1	1	0.05	0.1	2	1	1	1	0	0.488947790774017	2	0	0.511052209225983	NA	0	0.488947790774017	0.488947790774017	1	0	1	1	1	1	NA	NA	NA	1	0	1
15	87466801	87467280	2	1	1	2	d	4	1	1	0.05	0.1	NA	NA	NA	1	1	1	NA	NA	NA	NA	NA	NA	NA	1	0	1	1	1	1	NA	NA	NA	2	1	1
15	87467281	87467451	2	1	1	1	g	NA	1	1	0.05	0.1	NA	NA	NA	NA	NA	NA	NA	NA	NA	NA	NA	NA	NA	1	0	1	1	1	1	NA	NA	NA	1	0	1
15	87467452	87468973	1	1	0	2	d	3	1	1	0.05	0.1	NA	NA	NA	1	0	1	NA	NA	NA	NA	NA	NA	NA	1	0	1	1	1	1	NA	NA	NA	1	0	1
15	87468974	87469160	2	1	1	2	d	2	1	1	0.05	0.1	NA	NA	NA	NA	NA	NA	NA	NA	NA	NA	NA	NA	NA	NA	NA	NA	1	1	1	NA	NA	NA	1	0	1
15	87469161	98402337	2	1	1	3	a	6	1	1	0.0398736972645	0.12270903866	2	1	1	1	1	1	NA	NA	NA	NA	NA	NA	NA	2	1	1	1	1	1	NA	NA	NA	2	1	1
15	98402338	100338800	4	3	1	3	a	6	3	1	0.0445546936761	0.239180116506	4	1	3	3	1	1	NA	NA	NA	NA	NA	NA	NA	4	1	3	3	1	1	NA	NA	NA	4	1	3
15	100338801	102431166	4	3	1	3	b	5	NA	NA	NA	NA	4	1	3	3	1	1	NA	NA	NA	NA	NA	NA	NA	4	1	3	3	1	1	NA	NA	NA	4	1	3
16	85363	32126447	1	1	0	3	a	6	1	0	0.0601737248451	0.119181636915	1	0	1	1	0	1	NA	NA	NA	NA	NA	NA	NA	1	0	1	1	0	1	NA	NA	NA	1	0	1
16	32126448	34599999	1	1	0	2	d	3	2	0	0.05	0.433449681218	1	0	1	1	0	0.911898450988498	1	1	0.0881015490115018	0.122870285710898	0.180141482700244	0.202328905615366	0.910201259370004	1	0	1	1	0	0.213649	0	0	0.786351	1	0	1
16	34600000	38599999	1	1	0	3	a	6	1	0	0.05	0.149904161273	1	0	1	1	0	1	NA	NA	NA	NA	NA	NA	NA	1	0	1	1	0	1	NA	NA	NA	1	0	1
16	38600000	46447499	1	1	0	2	d	4	NA	NA	NA	NA	1	0	1	NA	NA	NA	NA	NA	NA	NA	NA	NA	NA	1	0	1	1	0	1	NA	NA	NA	1	0	1
16	46447500	69257488	1	1	0	3	a	6	1	0	0.0564986405348	0.0904118409286	1	0	1	1	0	1	NA	NA	NA	NA	NA	NA	NA	1	0	1	1	0	1	NA	NA	NA	1	0	1
16	69257489	69257615	1	1	0	2	d	5	1.06	0	0.05	0.1	1	0	1	1	0	1	NA	NA	NA	NA	NA	NA	NA	1	0	1	1	0	1	NA	NA	NA	1	0	1
16	69257616	76169104	1	1	0	2	d	5	1.06	0	0.0585768080828	0.112969543176	1	0	1	1	0	1	NA	NA	NA	NA	NA	NA	NA	1	0	1	1	0	1	NA	NA	NA	1	0	1
16	76169105	88827200	1	1	0	2	d	5	1.06	0	0.0569576012586	0.107529464469	1	0	1	1	0	1	NA	NA	NA	NA	NA	NA	NA	1	0	1	1	0	1	NA	NA	NA	1	0	1
16	88827201	90354752	1	1	0	3	b	5	NA	NA	NA	NA	1	0	1	1	0	1	NA	NA	NA	NA	NA	NA	NA	1	0	1	1	0	1	NA	NA	NA	1	0	1
17	1389	16713536	1	1	0	2	d	5	1.06	0	0.0571400930765	0.152743245797	1	0	1	1	0	1	NA	NA	NA	NA	NA	NA	NA	1	0	1	1	0	1	NA	NA	NA	1	0	1
17	16713537	18330801	1	1	0	2	d	5	1.06	0	0.0693980080836	0.231428554211	1	0	1	1	0	1	NA	NA	NA	NA	NA	NA	NA	1	0	1	1	0	1	NA	NA	NA	1	0	1
17	18330802	21532499	1	1	0	2	d	5	1.06	0	0.0550762025502	0.0991370215454	1	0	1	1	0	1	NA	NA	NA	NA	NA	NA	NA	1	0	1	1	0	1	NA	NA	NA	1	0	1
17	21532500	21706377	2	1	1	2	d	2	NA	NA	NA	NA	1	0	1	1	1	1	NA	NA	NA	NA	NA	NA	NA	NA	NA	NA	2	1	0.689503	1	1	0.310497	2	1	1
17	21706378	21836916	2	1	1	2	d	3	NA	NA	NA	NA	NA	NA	NA	1	1	1	NA	NA	NA	NA	NA	NA	NA	2	1	1	2	1	0.689503	1	1	0.310497	2	1	1
17	21836917	21837760	2	1	1	2	f	3	1.6	1	0.05	0.1	NA	NA	NA	NA	NA	NA	NA	NA	NA	NA	NA	NA	NA	NA	NA	NA	2	1	0.689503	1	1	0.310497	2	1	1
17	21837761	26267071	NA	NA	NA	NA	NA	NA	1.6	1	0.0480184543292	0.225077175578	2.676073	0.991854668	1.6842184	NA	NA	NA	NA	NA	NA	NA	NA	NA	NA	3	1	2	2	1	0.689503	1	1	0.310497	2	1	1
17	26267072	26291418	1	1	0	2	d	4	1	0	0.05	0.1	2.676073	0.991854668	1.6842184	1	0	1	NA	NA	NA	NA	NA	NA	NA	1	0	1	1	1	1	NA	NA	NA	1	0	1
17	26291419	29912202	2	1	1	3	a	6	1	1	0.0439328586589	0.133296062508	2	1	1	1	1	1	NA	NA	NA	NA	NA	NA	NA	2	1	1	1	1	1	NA	NA	NA	2	1	1
17	29912203	32693318	4	3	1	3	a	6	3	1	0.0429694165543	0.228266084781	4	1	3	3	1	1	NA	NA	NA	NA	NA	NA	NA	4	1	3	3	1	1	NA	NA	NA	4	1	3
17	32693319	34412500	2	1	1	3	a	6	1	1	0.041452250708	0.134319829576	2	1	1	1	1	1	NA	NA	NA	NA	NA	NA	NA	2	1	1	1	1	1	NA	NA	NA	2	1	1
17	34412501	49430016	2	1	1	3	a	6	1	1	0.0454481850551	0.163210879048	2	1	1	1	1	1	NA	NA	NA	NA	NA	NA	NA	2	1	1	1	1	1	NA	NA	NA	2	1	1
17	49430017	51019885	4	3	1	3	a	6	3	1	0.0417992082778	0.215284049283	4	1	3	3	1	1	NA	NA	NA	NA	NA	NA	NA	4	1	3	3	1	1	NA	NA	NA	4	1	3
17	51019886	57651137	2	1	1	3	a	6	1	1	0.0387275428762	0.127103158013	2	1	1	1	1	1	NA	NA	NA	NA	NA	NA	NA	2	1	1	1	1	1	NA	NA	NA	2	1	1
17	57651138	60235973	4	3	1	2	d	3	2.78	1	0.0448398695471	0.225785602144	3.749065	0.998563704	2.7505012	2	1	0.243751131429555	3	1	0.756248868570445	0.0319396162922242	0.0311467894099536	0.19074708714229	0.313369856308191	4	1	3	3	1	1	NA	NA	NA	4	1	3
17	60235974	60236911	4	3	1	2	d	2	NA	NA	NA	NA	3.749065	0.998563704	2.7505012	NA	NA	NA	NA	NA	NA	NA	NA	NA	NA	1	0	1	3	1	1	NA	NA	NA	4	1	3
17	60236912	60236969	4	3	1	1	g	NA	NA	NA	NA	NA	NA	NA	NA	NA	NA	NA	NA	NA	NA	NA	NA	NA	NA	1	0	1	3	1	1	NA	NA	NA	NA	NA	NA
17	60236970	60237129	4	3	1	1	g	NA	NA	NA	NA	NA	NA	NA	NA	NA	NA	NA	NA	NA	NA	NA	NA	NA	NA	1	0	1	3	1	1	NA	NA	NA	NA	NA	NA
17	60237130	60237143	4	3	1	1	g	NA	NA	NA	NA	NA	NA	NA	NA	NA	NA	NA	NA	NA	NA	NA	NA	NA	NA	1	0	1	3	1	1	NA	NA	NA	NA	NA	NA
17	60237144	60237177	4	3	1	1	g	NA	NA	NA	NA	NA	NA	NA	NA	NA	NA	NA	NA	NA	NA	NA	NA	NA	NA	1	0	1	3	1	1	NA	NA	NA	NA	NA	NA
17	60237178	60237247	4	3	1	1	g	NA	NA	NA	NA	NA	NA	NA	NA	NA	NA	NA	NA	NA	NA	NA	NA	NA	NA	1	0	1	3	1	1	NA	NA	NA	NA	NA	NA
17	60237248	60237449	4	3	1	1	g	NA	NA	NA	NA	NA	NA	NA	NA	NA	NA	NA	NA	NA	NA	NA	NA	NA	NA	1	0	1	3	1	1	NA	NA	NA	NA	NA	NA
17	60237450	60237475	4	3	1	1	g	NA	NA	NA	NA	NA	NA	NA	NA	NA	NA	NA	NA	NA	NA	NA	NA	NA	NA	1	0	1	3	1	1	NA	NA	NA	NA	NA	NA
17	60237476	60237651	2	1	1	2	d	2	1	1	0.05	0.1	NA	NA	NA	NA	NA	NA	NA	NA	NA	NA	NA	NA	NA	NA	NA	NA	3	1	1	NA	NA	NA	2	1	1
17	60237652	70828622	2	1	1	3	a	6	1	1	0.0387747262146	0.131311333311	2	1	1	1	1	1	NA	NA	NA	NA	NA	NA	NA	2	1	1	1	1	1	NA	NA	NA	2	1	1
17	70828623	70829241	2	1	1	2	d	3	NA	NA	NA	NA	2	1	1	1	1	0.742089326993152	2	1	0.257910673006848	NA	0	0.742089326993152	0.742089326993152	1	0	1	1	1	1	NA	NA	NA	2	1	1
17	70829242	70829827	2	1	1	1	g	NA	NA	NA	NA	NA	NA	NA	NA	1	1	0.463589146477351	2	1	0.536410853522649	NA	0	0.463589146477351	0.463589146477351	1	0	1	1	1	1	NA	NA	NA	4	2	2
17	70829828	70829847	2	1	1	1	g	NA	NA	NA	NA	NA	NA	NA	NA	NA	NA	NA	NA	NA	NA	NA	NA	NA	NA	1	0	1	1	1	1	NA	NA	NA	4	2	2
17	70829848	70830088	2	1	1	1	g	NA	NA	NA	NA	NA	NA	NA	NA	NA	NA	NA	NA	NA	NA	NA	NA	NA	NA	1	0	1	1	1	1	NA	NA	NA	3	1	2
17	70830089	70830122	2	1	1	1	g	NA	NA	NA	NA	NA	NA	NA	NA	NA	NA	NA	NA	NA	NA	NA	NA	NA	NA	NA	NA	NA	1	1	1	NA	NA	NA	3	1	2
17	70830123	70832567	3	2	1	2	d	3	3	1	0.05	0.1	NA	NA	NA	2	1	1	NA	NA	NA	NA	NA	NA	NA	3	1	2	3	1	1	NA	NA	NA	3	1	2
17	70832568	70832753	4	3	1	2	d	3	3	1	0.05	0.1	NA	NA	NA	NA	NA	NA	NA	NA	NA	NA	NA	NA	NA	NA	NA	NA	3	1	1	NA	NA	NA	4	1	3
17	70832754	74127221	4	3	1	3	a	6	3	1	0.0465035273334	0.224328591318	4	1	3	3	1	1	NA	NA	NA	NA	NA	NA	NA	4	1	3	3	1	1	NA	NA	NA	4	1	3
17	74127222	78774600	2	1	1	3	a	6	1	1	0.0399737304036	0.142362277934	2	1	1	1	1	1	NA	NA	NA	NA	NA	NA	NA	2	1	1	1	1	1	NA	NA	NA	2	1	1
17	78774601	81195209	2	1	1	3	b	5	NA	NA	NA	NA	2	1	1	1	1	1	NA	NA	NA	NA	NA	NA	NA	2	1	1	1	1	1	NA	NA	NA	2	1	1
18	10001	75370	2	1	1	2	d	3	1	1	0.05	0.1	NA	NA	NA	NA	NA	NA	NA	NA	NA	NA	NA	NA	NA	2	1	1	2	1	0.508901	1	1	0.491099	2	1	1
18	75371	15399999	2	1	1	3	a	6	1	1	0.0385410569487	0.133990928149	2	1	1	1	1	1	NA	NA	NA	NA	NA	NA	NA	2	1	1	1	1	1	NA	NA	NA	2	1	1
18	15400000	18999999	2	1	1	3	a	6	1	1	0.05	0.141199110691	2	1	1	1	1	1	NA	NA	NA	NA	NA	NA	NA	2	1	1	1	1	1	NA	NA	NA	2	1	1
18	19000000	60900834	2	1	1	3	a	6	1	1	0.0380158142914	0.127729511504	2	1	1	1	1	1	NA	NA	NA	NA	NA	NA	NA	2	1	1	1	1	1	NA	NA	NA	2	1	1
18	60900835	61061896	1	1	0	3	a	6	1	0	0.0695173587199	0.070959511546	1	0	1	1	0	1	NA	NA	NA	NA	NA	NA	NA	1	0	1	1	0	1	NA	NA	NA	1	0	1
18	61061897	76117000	2	1	1	3	a	6	1	1	0.0383248444468	0.138703712743	2	1	1	1	1	1	NA	NA	NA	NA	NA	NA	NA	2	1	1	1	1	1	NA	NA	NA	2	1	1
18	76117001	78077247	2	1	1	3	b	5	NA	NA	NA	NA	2	1	1	1	1	1	NA	NA	NA	NA	NA	NA	NA	2	1	1	1	1	1	NA	NA	NA	2	1	1
19	102500	260136	3	2	1	2	d	4	NA	NA	NA	NA	NA	NA	NA	2	1	1	NA	NA	NA	NA	NA	NA	NA	3	1	2	2	1	1	NA	NA	NA	3	1	2
19	260137	3513841	3	2	1	2	d	5	2.13	1.06	0.0552095300801	0.248025778182	3	1	2	2	1	1	NA	NA	NA	NA	NA	NA	NA	3	1	2	2	1	1	NA	NA	NA	3	1	2
19	3513842	24399999	2	1	1	3	a	6	1	1	0.0443647404888	0.156652596297	2	1	1	1	1	1	NA	NA	NA	NA	NA	NA	NA	2	1	1	1	1	1	NA	NA	NA	2	1	1
19	24400000	28599999	2	1	1	3	a	6	1	1	0.0367742808717	0.304356436665	2	1	1	1	1	1	NA	NA	NA	NA	NA	NA	NA	2	1	1	1	1	1	NA	NA	NA	2	1	1
19	28600000	32892374	2	1	1	3	a	6	1	1	0.0364931716428	0.117844812622	2	1	1	1	1	1	NA	NA	NA	NA	NA	NA	NA	2	1	1	1	1	1	NA	NA	NA	2	1	1
19	32892375	32893417	2	1	1	3	b	5	1	1	0.05	0.1	2	1	1	1	1	1	NA	NA	NA	NA	NA	NA	NA	NA	NA	NA	1	1	1	NA	NA	NA	2	1	1
19	32893418	48176097	2	1	1	3	a	6	1	1	0.0404065088548	0.177648502157	2	1	1	1	1	1	NA	NA	NA	NA	NA	NA	NA	2	1	1	1	1	1	NA	NA	NA	2	1	1
19	48176098	59128982	3	2	1	3	a	6	2	1	0.0564753662145	0.337939039799	3	1	2	2	1	1	NA	NA	NA	NA	NA	NA	NA	3	1	2	2	1	1	NA	NA	NA	3	1	2
20	76529	25599999	3	2	1	2	d	5	1.6	0.82	0.0501372087379	0.143402828886	3	1	2	2	1	1	NA	NA	NA	NA	NA	NA	NA	3	1	2	2	1	1	NA	NA	NA	3	1	2
20	25600000	29466406	3	2	1	2	d	4	1.6	0.82	0.0435182004095	0.166227418917	3	1	2	NA	NA	NA	NA	NA	NA	NA	NA	NA	NA	3	1	2	2	1	1	NA	NA	NA	3	1	2
20	29466407	62432500	3	2	1	2	d	5	1.6	0.82	0.051569038192	0.163958552447	3	1	2	2	1	1	NA	NA	NA	NA	NA	NA	NA	3	1	2	2	1	1	NA	NA	NA	3	1	2
21	1	9417499	NA	NA	NA	NA	NA	NA	NA	NA	NA	NA	NA	NA	NA	NA	NA	NA	NA	NA	NA	NA	NA	NA	NA	NA	NA	NA	1	0	0.704929	1	1	0.295071	NA	NA	NA
21	9417500	10899999	NA	NA	NA	NA	NA	NA	NA	NA	NA	NA	NA	NA	NA	NA	NA	NA	NA	NA	NA	NA	NA	NA	NA	NA	NA	NA	1	0	0.704929	1	1	0.295071	NA	NA	NA
21	10900000	14350615	1	1	0	1	g	NA	NA	NA	NA	NA	NA	NA	NA	NA	NA	NA	NA	NA	NA	NA	NA	NA	NA	NA	NA	NA	1	0	0.721648	1	1	0.278352	NA	NA	NA
21	14350616	14407499	1	1	0	1	g	NA	NA	NA	NA	NA	NA	NA	NA	NA	NA	NA	NA	NA	NA	NA	NA	NA	NA	NA	NA	NA	1	0	0.721648	1	1	0.278352	NA	NA	NA
21	14407500	15310106	1	1	0	2	d	2	1	0	0.0452154163217	0.382130912324	NA	NA	NA	1	0	1	NA	NA	NA	NA	NA	NA	NA	NA	NA	NA	1	0	0.955833	1	1	0.044167	NA	NA	NA
21	15310107	46937500	1	1	0	2	d	4	1	0	0.0578211395436	0.0812145771757	1	0	1	1	0	1	NA	NA	NA	NA	NA	NA	NA	NA	NA	NA	1	0	1	NA	NA	NA	NA	NA	NA
21	46937501	48129894	1	1	0	2	d	3	NA	NA	NA	NA	1	0	1	1	0	1	NA	NA	NA	NA	NA	NA	NA	NA	NA	NA	1	0	1	NA	NA	NA	NA	NA	NA
22	1	12199999	2	1	1	1	h	1	NA	NA	NA	NA	NA	NA	NA	NA	NA	NA	NA	NA	NA	NA	NA	NA	NA	NA	NA	NA	NA	NA	NA	NA	NA	NA	2	1	1
22	12200000	17899999	2	1	1	2	d	5	1.06	1.06	0.0405684390541	0.168839776685	2	1	1	1	1	1	NA	NA	NA	NA	NA	NA	NA	2	1	1	1	1	1	NA	NA	NA	2	1	1
22	17900000	49687500	2	1	1	2	d	5	1.06	1.06	0.0440180795801	0.157332075169	2	1	1	1	1	1	NA	NA	NA	NA	NA	NA	NA	2	1	1	1	1	1	NA	NA	NA	2	1	1
22	49687501	51304565	2	1	1	3	b	5	NA	NA	NA	NA	2	1	1	1	1	1	NA	NA	NA	NA	NA	NA	NA	2	1	1	1	1	1	NA	NA	NA	2	1	1
X	1	58099999	2	1	1	3	a	5	1	1	0.0387567194826	0.17935691549	2	1	1	1	1	1	NA	NA	NA	NA	NA	NA	NA	2	1	1	NA	NA	NA	NA	NA	NA	2	1	1
X	58100000	62999999	2	1	1	3	a	5	1	1	0.05	0.381018314441	2	1	1	1	1	1	NA	NA	NA	NA	NA	NA	NA	2	1	1	NA	NA	NA	NA	NA	NA	2	1	1
X	63000000	154913600	2	1	1	3	a	5	1	1	0.0383836870774	0.15153927296	2	1	1	1	1	1	NA	NA	NA	NA	NA	NA	NA	2	1	1	NA	NA	NA	NA	NA	NA	2	1	1
