chromosome	start	end	total_cn	major_cn	minor_cn	star	level	methods_agree	absolute_broad_major_cn	absolute_broad_minor_cn	absolute_broad_het_error	absolute_broad_cov_error	aceseq_copy_number	aceseq_minor_cn	aceseq_major_cn	battenberg_nMaj1_A	battenberg_nMin1_A	battenberg_frac1_A	battenberg_nMaj2_A	battenberg_nMin2_A	battenberg_frac2_A	battenberg_SDfrac_A	battenberg_SDfrac_A_BS	battenberg_frac1_A_0.025	battenberg_frac1_A_0.975	clonehd_copy_number	clonehd_minor_cn	clonehd_major_cn	sclust_nMaj1_A	sclust_nMin1_A	sclust_frac1_A	sclust_nMaj2_A	sclust_nMin2_A	sclust_frac2_A	jabba_copy_number	jabba_minor_cn	jabba_major_cn
1	10001	796297	1	1	0	2	d	3	1	0	0.05	1.93806714363	NA	NA	NA	NA	NA	NA	NA	NA	NA	NA	NA	NA	NA	1	0	1	1	0	0.619745	1	1	0.380255	1	0	1
1	796298	121485202	1	1	0	3	a	6	1	0	0.0522100910345	0.148573733849	1	0	1	1	0	1	NA	NA	NA	NA	NA	NA	NA	1	0	1	1	0	1	NA	NA	NA	1	0	1
1	121485203	128899999	1	1	0	3	b	5	1	0	0.05	0.1	1	0	1	NA	NA	NA	NA	NA	NA	NA	NA	NA	NA	1	0	1	1	0	1	NA	NA	NA	1	0	1
1	128900000	144519889	1	1	0	2	d	3	1	1	0.05	0.381332883936	NA	NA	NA	NA	NA	NA	NA	NA	NA	NA	NA	NA	NA	1	0	1	1	0	1	NA	NA	NA	1	0	1
1	144519890	149042499	1	1	0	2	d	5	1.16	0	0.0591896488731	0.276374383847	1	0	1	1	0	1	NA	NA	NA	NA	NA	NA	NA	1	0	1	1	0	1	NA	NA	NA	1	0	1
1	149042500	149410742	1	1	0	2	d	3	NA	NA	NA	NA	1	0	1	0	0	0.354870812110213	1	0	0.645129187889787	0.452051664943213	0.119708851838037	0.536168950727451	0.994785110154225	1	0	1	1	0	0.65708	0	0	0.34292	1	0	1
1	149410743	196757601	1	1	0	2	d	5	1.11	0	0.0540479459592	0.151180981857	1	0	1	1	0	1	NA	NA	NA	NA	NA	NA	NA	1	0	1	1	0	1	NA	NA	NA	1	0	1
1	196757602	247247500	1	1	0	2	d	5	1.11	0	0.0526969199982	0.152646030016	1	0	1	1	0	1	NA	NA	NA	NA	NA	NA	NA	1	0	1	1	0	1	NA	NA	NA	1	0	1
1	247247501	249250620	1	1	0	3	b	5	NA	NA	NA	NA	1	0	1	1	0	1	NA	NA	NA	NA	NA	NA	NA	1	0	1	1	0	1	NA	NA	NA	1	0	1
2	20016	90499999	1	1	0	2	d	5	1.05	0	0.0525514508313	0.169162637219	1	0	1	1	0	1	NA	NA	NA	NA	NA	NA	NA	1	0	1	1	0	1	NA	NA	NA	1	0	1
2	90500000	96799999	1	1	0	2	d	4	1.05	0	0.0582562195835	0.168469351139	1	0	1	NA	NA	NA	NA	NA	NA	NA	NA	NA	NA	1	0	1	1	0	1	NA	NA	NA	1	0	1
2	96800000	212850767	1	1	0	2	d	5	1.05	0	0.0527693550431	0.163399618518	1	0	1	1	0	1	NA	NA	NA	NA	NA	NA	NA	1	0	1	1	0	1	NA	NA	NA	1	0	1
2	212850768	213115202	0	0	0	2	d	2	0.48	0	0.0738083775152	0.0893347328045	0.382984	0.00666874	0.3763155	0	0	0.657284763349667	1	0	0.342715236650333	0.0182557424457175	0.018036718456131	0.615581895280139	0.687025630344416	1	0	1	0	0	1	NA	NA	NA	0	0	0
2	213115203	242954809	1	1	0	2	d	5	1.16	0	0.0519112208911	0.155267793328	1	0	1	1	0	1	NA	NA	NA	NA	NA	NA	NA	1	0	1	1	0	1	NA	NA	NA	1	0	1
3	62226	87899999	2	1	1	3	a	6	1	1	0.0373892178114	0.240281409168	2	1	1	1	1	1	NA	NA	NA	NA	NA	NA	NA	2	1	1	1	1	1	NA	NA	NA	2	1	1
3	87900000	93899999	2	1	1	3	b	5	1	1	0.05	0.257535522243	2	1	1	NA	NA	NA	NA	NA	NA	NA	NA	NA	NA	NA	NA	NA	1	1	1	NA	NA	NA	2	1	1
3	93900000	193903347	2	1	1	3	a	6	1	1	0.0372644212397	0.224874312971	2	1	1	1	1	1	NA	NA	NA	NA	NA	NA	NA	2	1	1	1	1	1	NA	NA	NA	2	1	1
3	193903348	198022429	2	1	1	3	a	6	1	1	0.0379095879643	0.266469951481	2	1	1	1	1	1	NA	NA	NA	NA	NA	NA	NA	2	1	1	1	1	1	NA	NA	NA	2	1	1
4	31303	9457500	2	1	1	3	a	6	1	1	0.0388827447897	0.252170521322	2	1	1	1	1	1	NA	NA	NA	NA	NA	NA	NA	2	1	1	1	1	1	NA	NA	NA	2	1	1
4	9457501	48199999	2	1	1	3	a	6	1	1	0.0370450909819	0.219259514074	2	1	1	1	1	1	NA	NA	NA	NA	NA	NA	NA	2	1	1	1	1	1	NA	NA	NA	2	1	1
4	48200000	52699999	2	1	1	3	b	5	1	1	0.0457942584876	0.399578233298	2	1	1	NA	NA	NA	NA	NA	NA	NA	NA	NA	NA	2	1	1	1	1	1	NA	NA	NA	2	1	1
4	52700000	190800801	2	1	1	3	a	6	1	1	0.0373619014702	0.22538244536	2	1	1	1	1	1	NA	NA	NA	NA	NA	NA	NA	2	1	1	1	1	1	NA	NA	NA	2	1	1
5	19602	46099999	2	1	1	3	a	6	1	1	0.0376827667086	0.226850990676	2	1	1	1	1	1	NA	NA	NA	NA	NA	NA	NA	2	1	1	1	1	1	NA	NA	NA	2	1	1
5	46100000	50699999	2	1	1	3	a	6	1	1	0.0362006704958	0.310380142045	2	1	1	1	1	1	NA	NA	NA	NA	NA	NA	NA	2	1	1	1	1	1	NA	NA	NA	2	1	1
5	50700000	180689978	2	1	1	3	a	6	1	1	0.0371394117925	0.230849973265	2	1	1	1	1	1	NA	NA	NA	NA	NA	NA	NA	2	1	1	1	1	1	NA	NA	NA	2	1	1
6	39681	242500	1	1	0	2	d	3	1.16	0	0.05	0.1	0.987594	0.493797099	0.4937971	1	0	1	NA	NA	NA	NA	NA	NA	NA	NA	NA	NA	1	0	1	NA	NA	NA	1	0	1
6	242501	393867	1	1	0	2	d	2	2	1	0.05	0.788736945461	0.987594	0.493797099	0.4937971	1	0	1	NA	NA	NA	NA	NA	NA	NA	NA	NA	NA	1	0	0.76995	1	1	0.23005	1	0	1
6	393868	32493757	1	1	0	2	d	5	1.16	0	0.0537400830351	0.153135435302	1	0	1	1	0	1	NA	NA	NA	NA	NA	NA	NA	1	0	1	1	0	1	NA	NA	NA	1	0	1
6	32493758	33373578	1	1	0	2	d	5	1.16	0	0.0848471831634	0.354251988393	1	0	1	1	0	1	NA	NA	NA	NA	NA	NA	NA	1	0	1	1	0	1	NA	NA	NA	1	0	1
6	33373579	58699999	1	1	0	2	d	5	1.05	0	0.0529715131704	0.150504998499	1	0	1	1	0	1	NA	NA	NA	NA	NA	NA	NA	1	0	1	1	0	1	NA	NA	NA	1	0	1
6	58700000	63299999	1	1	0	2	d	4	1.05	0	0.0529939595855	0.529455330528	1	0	1	NA	NA	NA	NA	NA	NA	NA	NA	NA	NA	1	0	1	1	0	1	NA	NA	NA	1	0	1
6	63300000	159042904	1	1	0	2	d	5	1.05	0	0.0527264092183	0.145620972051	1	0	1	1	0	1	NA	NA	NA	NA	NA	NA	NA	1	0	1	1	0	1	NA	NA	NA	1	0	1
6	159042905	159157782	1	1	0	2	d	3	0.84	0	0.0605043449338	0.0945075096531	0.697061	0.002026219	0.6950349	0	0	0.349933598937584	1	0	0.650066401062416	0.0385510722029836	0.0366766192180856	0.297848567823725	0.441197650330967	1	0	1	1	0	1	NA	NA	NA	1	0	1
6	159157783	170915316	1	1	0	2	d	5	1.05	0	0.0518907718083	0.25739732303	1	0	1	1	0	1	NA	NA	NA	NA	NA	NA	NA	1	0	1	1	0	1	NA	NA	NA	1	0	1
7	42038	57999999	2	1	1	3	a	6	1	1	0.0366658635232	0.241700219143	2	1	1	1	1	1	NA	NA	NA	NA	NA	NA	NA	2	1	1	1	1	1	NA	NA	NA	2	1	1
7	58000000	61862499	2	1	1	3	b	5	1	1	0.05	0.40380015052	2	1	1	1	1	1	NA	NA	NA	NA	NA	NA	NA	NA	NA	NA	1	1	1	NA	NA	NA	2	1	1
7	61862500	158817500	2	1	1	3	a	6	1	1	0.0371117567988	0.242612873853	2	1	1	1	1	1	NA	NA	NA	NA	NA	NA	NA	2	1	1	1	1	1	NA	NA	NA	2	1	1
8	10001	170011	2	1	1	2	d	4	1	1	0.05	0.1	NA	NA	NA	NA	NA	1	NA	NA	NA	NA	NA	NA	NA	2	1	1	1	1	1	NA	NA	NA	2	1	1
8	170012	43099999	2	1	1	3	a	6	1	1	0.0391174848262	0.266422276187	2	1	1	1	1	1	NA	NA	NA	NA	NA	NA	NA	2	1	1	1	1	1	NA	NA	NA	2	1	1
8	43100000	48099999	2	1	1	3	a	6	1	1	0.0355893151395	0.273159616904	2	1	1	1	1	1	NA	NA	NA	NA	NA	NA	NA	2	1	1	1	1	1	NA	NA	NA	2	1	1
8	48100000	146364021	2	1	1	3	a	6	1	1	0.0367964943414	0.237731740007	2	1	1	1	1	1	NA	NA	NA	NA	NA	NA	NA	2	1	1	1	1	1	NA	NA	NA	2	1	1
9	10001	166899	2	1	1	2	d	2	NA	NA	NA	NA	NA	NA	NA	NA	NA	NA	NA	NA	NA	NA	NA	NA	NA	NA	NA	NA	1	1	1	NA	NA	NA	2	1	1
9	166900	43141403	2	1	1	2	d	5	0.95	0.95	0.0354693154529	0.220613820022	2	1	1	1	1	1	NA	NA	NA	NA	NA	NA	NA	2	1	1	1	1	1	NA	NA	NA	2	1	1
9	43141404	45112741	2	1	1	2	d	4	0.95	0.95	0.05	1.21819128017	2	1	1	1	1	1	NA	NA	NA	NA	NA	NA	NA	2	1	1	2	1	0.624672	1	1	0.375328	2	1	1
9	45112742	47299999	2	1	1	2	f	2	NA	NA	NA	NA	NA	NA	NA	NA	NA	NA	NA	NA	NA	NA	NA	NA	NA	NA	NA	NA	1	0	0.7563	1	1	0.2437	2	1	1
9	47300000	50699999	2	1	1	2	f	2	NA	NA	NA	NA	NA	NA	NA	NA	NA	NA	NA	NA	NA	NA	NA	NA	NA	NA	NA	NA	1	0	0.7563	1	1	0.2437	2	1	1
9	50700000	140267500	2	1	1	3	a	6	1	1	0.0375218870485	0.228326959997	2	1	1	1	1	1	NA	NA	NA	NA	NA	NA	NA	2	1	1	1	1	1	NA	NA	NA	2	1	1
10	95353	37999999	1	1	0	3	a	6	1	0	0.0530855821701	0.127706269679	1	0	1	1	0	1	NA	NA	NA	NA	NA	NA	NA	1	0	1	1	0	1	NA	NA	NA	1	0	1
10	38000000	42411055	1	1	0	2	d	3	0.89	0	0.0563971683141	0.248587693138	1.183318	0.053941112	1.1293772	NA	NA	NA	NA	NA	NA	NA	NA	NA	NA	1	0	1	1	0	1	NA	NA	NA	1	0	1
10	42411056	135389924	1	1	0	3	a	6	1	0	0.0521230134404	0.140623680598	1	0	1	1	0	1	NA	NA	NA	NA	NA	NA	NA	1	0	1	1	0	1	NA	NA	NA	1	0	1
11	20721	199255	2	1	1	2	d	3	1	1	0.05	0.1	NA	NA	NA	1	1	1	NA	NA	NA	NA	NA	NA	NA	NA	NA	NA	1	0	0.536955	1	1	0.463045	2	1	1
11	199256	51599999	2	1	1	3	a	6	1	1	0.0384377873455	0.246553264686	2	1	1	1	1	1	NA	NA	NA	NA	NA	NA	NA	2	1	1	1	1	1	NA	NA	NA	2	1	1
11	51600000	55699999	2	1	1	3	a	6	1	1	0.0447678910672	0.527199016729	2	1	1	1	1	1	NA	NA	NA	NA	NA	NA	NA	2	1	1	1	1	1	NA	NA	NA	2	1	1
11	55700000	134442500	2	1	1	3	a	6	1	1	0.0379580555747	0.240375161887	2	1	1	1	1	1	NA	NA	NA	NA	NA	NA	NA	2	1	1	1	1	1	NA	NA	NA	2	1	1
12	110107	33299999	2	1	1	3	a	6	1	1	0.0391897606531	0.238653643743	2	1	1	1	1	1	NA	NA	NA	NA	NA	NA	NA	2	1	1	1	1	1	NA	NA	NA	2	1	1
12	33300000	38199999	2	1	1	3	a	6	1	1	0.0384934416146	0.480584022284	2	1	1	1	1	1	NA	NA	NA	NA	NA	NA	NA	2	1	1	1	1	1	NA	NA	NA	2	1	1
12	38200000	132342500	2	1	1	3	a	6	1	1	0.0383873313832	0.217688809001	2	1	1	1	1	1	NA	NA	NA	NA	NA	NA	NA	2	1	1	1	1	1	NA	NA	NA	2	1	1
12	132342501	133851894	2	1	1	2	d	4	NA	NA	NA	NA	2	1	1	1	0	0.0474293302978557	1	1	0.952570669702144	0.0142646338311952	0.0140360279202158	0.0454211355520234	0.0995713444610287	2	1	1	1	1	1	NA	NA	NA	2	1	1
13	1	16299999	1	1	0	1	h	1	NA	NA	NA	NA	NA	NA	NA	NA	NA	NA	NA	NA	NA	NA	NA	NA	NA	NA	NA	NA	NA	NA	NA	NA	NA	NA	1	0	1
13	16300000	19499999	1	1	0	2	d	3	1.05	0	0.05	0.4952397141	NA	NA	NA	1	0	1	NA	NA	NA	NA	NA	NA	NA	NA	NA	NA	1	0	1	NA	NA	NA	1	0	1
13	19500000	114137500	1	1	0	2	d	4	1.05	0	0.0529463220543	0.147235613545	1	0	1	1	0	1	NA	NA	NA	NA	NA	NA	NA	NA	NA	NA	1	0	1	NA	NA	NA	1	0	1
13	114137501	115169877	1	1	0	2	d	4	NA	NA	NA	NA	1	0	1	1	0	1	NA	NA	NA	NA	NA	NA	NA	NA	NA	NA	1	0	1	NA	NA	NA	1	0	1
14	1	16099999	2	1	1	1	h	1	NA	NA	NA	NA	NA	NA	NA	NA	NA	NA	NA	NA	NA	NA	NA	NA	NA	NA	NA	NA	NA	NA	NA	NA	NA	NA	2	1	1
14	16100000	19099999	2	1	1	2	d	2	NA	NA	NA	NA	NA	NA	NA	NA	NA	NA	NA	NA	NA	NA	NA	NA	NA	NA	NA	NA	1	1	1	NA	NA	NA	2	1	1
14	19100000	106091024	2	1	1	3	a	6	1	1	0.037524039063	0.228682455066	2	1	1	1	1	1	NA	NA	NA	NA	NA	NA	NA	2	1	1	1	1	1	NA	NA	NA	2	1	1
14	106091025	106134551	2	1	1	2	d	2	NA	NA	NA	NA	2	1	1	NA	NA	NA	NA	NA	NA	NA	NA	NA	NA	NA	NA	NA	2	1	0.979385	1	1	0.0206152	2	1	1
14	106134552	106406410	2	1	1	2	d	2	NA	NA	NA	NA	1.869992	0.934996094	0.9349961	NA	NA	NA	NA	NA	NA	NA	NA	NA	NA	3	1	2	1	1	1	NA	NA	NA	2	1	1
15	1	15799999	2	1	1	1	h	1	NA	NA	NA	NA	NA	NA	NA	NA	NA	NA	NA	NA	NA	NA	NA	NA	NA	NA	NA	NA	NA	NA	NA	NA	NA	NA	2	1	1
15	15800000	20699999	2	1	1	2	d	3	1	1	0.05	0.536435466213	NA	NA	NA	1	1	1	NA	NA	NA	NA	NA	NA	NA	NA	NA	NA	2	0	0.467844	2	1	0.532156	2	1	1
15	20700000	100376484	2	1	1	3	a	6	1	1	0.0366007942002	0.241705291033	2	1	1	1	1	1	NA	NA	NA	NA	NA	NA	NA	2	1	1	1	1	1	NA	NA	NA	2	1	1
15	100376485	102531391	2	1	1	3	b	5	NA	NA	NA	NA	2	1	1	1	1	1	NA	NA	NA	NA	NA	NA	NA	2	1	1	1	1	1	NA	NA	NA	2	1	1
16	9999	33377500	2	1	1	3	a	6	1	1	0.0375531740606	0.278217835838	2	1	1	1	1	1	NA	NA	NA	NA	NA	NA	NA	2	1	1	1	1	1	NA	NA	NA	2	1	1
16	33377501	34599999	2	1	1	2	d	4	0.84	0.84	0.05	0.330278556023	2	1	1	1	1	1	NA	NA	NA	NA	NA	NA	NA	2	1	1	2	1	0.496168	1	1	0.503832	2	1	1
16	34600000	38599999	2	1	1	2	d	5	0.84	0.84	0.05	0.326606536522	2	1	1	1	1	1	NA	NA	NA	NA	NA	NA	NA	2	1	1	1	1	1	NA	NA	NA	2	1	1
16	38600000	88822500	2	1	1	3	a	6	1	1	0.0375952436551	0.226012878377	2	1	1	1	1	1	NA	NA	NA	NA	NA	NA	NA	2	1	1	1	1	1	NA	NA	NA	2	1	1
16	88822501	90354752	2	1	1	2	d	4	NA	NA	NA	NA	2	1	1	1	1	1	NA	NA	NA	NA	NA	NA	NA	3	1	2	1	1	1	NA	NA	NA	2	1	1
17	30316	22199999	1	1	0	3	a	6	1	0	0.0532792386121	0.145572493724	1	0	1	1	0	1	NA	NA	NA	NA	NA	NA	NA	1	0	1	1	0	1	NA	NA	NA	1	0	1
17	22200000	25799999	1	1	0	3	a	6	1	0	0.0354450979435	0.203269213381	1	0	1	1	0	1	NA	NA	NA	NA	NA	NA	NA	1	0	1	1	0	1	NA	NA	NA	1	0	1
17	25800000	44410339	1	1	0	3	a	6	1	0	0.0511400489294	0.196506667189	1	0	1	1	0	1	NA	NA	NA	NA	NA	NA	NA	1	0	1	1	0	1	NA	NA	NA	1	0	1
17	44410340	78772500	1	1	0	3	a	6	1	0	0.0524930877965	0.139497345166	1	0	1	1	0	1	NA	NA	NA	NA	NA	NA	NA	1	0	1	1	0	1	NA	NA	NA	1	0	1
17	78772501	81195209	1	1	0	3	b	5	NA	NA	NA	NA	1	0	1	1	0	1	NA	NA	NA	NA	NA	NA	NA	1	0	1	1	0	1	NA	NA	NA	1	0	1
18	27500	136629	2	1	1	2	d	2	0.95	1	0.05	0.47216400814	NA	NA	NA	1	1	1	NA	NA	NA	NA	NA	NA	NA	NA	NA	NA	1	0	0.536007	1	1	0.463993	2	1	1
18	136630	14120855	2	1	1	2	d	3	0.95	1	0.0403261155483	0.200772670974	1.868833	0.934416318	0.9344163	1	0	0.0743561238870751	1	1	0.925643876112925	0.00321400312902115	0.00317471684769019	0.0675968598499851	0.0803716370276396	2	1	1	1	1	1	NA	NA	NA	2	1	1
18	14120856	15399999	2	1	1	2	d	3	0.89	0.95	0.0478968286927	0.286653659848	1.868833	0.934416318	0.9344163	1	0	0.0743561238870751	1	1	0.925643876112925	0.00321400312902115	0.00317471684769019	0.0675968598499851	0.0803716370276396	2	1	1	1	1	1	NA	NA	NA	2	1	1
18	15400000	18999999	2	1	1	2	d	3	0.89	0.95	0.05	0.303063655598	NA	NA	NA	1	0	0.0837751435787577	1	1	0.916224856421242	0.00167551897367017	0.0016439885928732	0.0805024825020551	0.0869723526172734	2	1	1	1	1	1	NA	NA	NA	2	1	1
18	19000000	76112500	2	1	1	2	d	3	0.95	0.95	0.0399335994213	0.212660768325	1.883607	0.941803734	0.9418037	1	0	0.0837751435787577	1	1	0.916224856421242	0.00167551897367017	0.0016439885928732	0.0805024825020551	0.0869723526172734	2	1	1	1	1	1	NA	NA	NA	2	1	1
18	76112501	78077247	2	1	1	2	d	3	NA	NA	NA	NA	1.840157	0.920078593	0.9200786	1	0	0.0837751435787577	1	1	0.916224856421242	0.00167551897367017	0.0016439885928732	0.0805024825020551	0.0869723526172734	2	1	1	1	1	1	NA	NA	NA	2	1	1
19	102500	256858	2	1	1	2	d	3	NA	NA	NA	NA	NA	NA	NA	1	1	1	NA	NA	NA	NA	NA	NA	NA	NA	NA	NA	1	1	1	NA	NA	NA	2	1	1
19	256859	24399999	2	1	1	3	b	6	1	1	0.0391977757752	0.311355124011	2	1	1	1	1	1	NA	NA	NA	NA	NA	NA	NA	3	1	2	1	1	1	NA	NA	NA	2	1	1
19	24400000	28599999	2	1	1	2	d	3	0.84	0.84	0.0312284954457	0.283341117071	2	1	1	NA	NA	NA	NA	NA	NA	NA	NA	NA	NA	NA	NA	NA	1	1	1	NA	NA	NA	2	1	1
19	28600000	59128982	2	1	1	3	a	6	1	1	0.0369722122783	0.365755971099	2	1	1	1	1	1	NA	NA	NA	NA	NA	NA	NA	2	1	1	1	1	1	NA	NA	NA	2	1	1
20	37416	23963377	2	1	1	2	d	5	1.11	1.11	0.0366521971453	0.239161158004	2	1	1	1	1	1	NA	NA	NA	NA	NA	NA	NA	2	1	1	1	1	1	NA	NA	NA	2	1	1
20	23963378	25599999	2	1	1	2	d	5	1.11	1.11	0.0344547096519	0.236877866255	2	1	1	1	1	1	NA	NA	NA	NA	NA	NA	NA	2	1	1	1	1	1	NA	NA	NA	2	1	1
20	25600000	29513208	2	1	1	2	d	5	1.11	1.11	0.0440036933231	0.502481511248	2	1	1	1	1	1	NA	NA	NA	NA	NA	NA	NA	2	1	1	1	1	1	NA	NA	NA	2	1	1
20	29513209	62432500	2	1	1	2	d	5	1.16	1.16	0.0377285536964	0.24819397291	2	1	1	1	1	1	NA	NA	NA	NA	NA	NA	NA	2	1	1	1	1	1	NA	NA	NA	2	1	1
21	1	10899999	NA	NA	NA	NA	NA	NA	1	1	0.05	0.465755606985	NA	NA	NA	NA	NA	NA	NA	NA	NA	NA	NA	NA	NA	NA	NA	NA	NA	NA	NA	NA	NA	NA	NA	NA	NA
21	10900000	15273816	2	1	1	2	d	3	1	1	0.0370493487295	0.529135862938	NA	NA	NA	NA	NA	NA	NA	NA	NA	NA	NA	NA	NA	2	1	1	1	1	1	NA	NA	NA	NA	NA	NA
21	15273817	46982332	2	1	1	3	b	5	1	1	0.0376167037468	0.226928445842	2	1	1	1	1	1	NA	NA	NA	NA	NA	NA	NA	2	1	1	1	1	1	NA	NA	NA	NA	NA	NA
21	46982333	48129894	2	1	1	2	d	3	NA	NA	NA	NA	2	1	1	1	1	1	NA	NA	NA	NA	NA	NA	NA	3	1	2	1	1	1	NA	NA	NA	NA	NA	NA
22	1	12199999	2	1	1	1	h	1	NA	NA	NA	NA	NA	NA	NA	NA	NA	NA	NA	NA	NA	NA	NA	NA	NA	NA	NA	NA	NA	NA	NA	NA	NA	NA	2	1	1
22	12200000	17899999	2	1	1	3	a	6	1	1	0.0418131866914	0.362746141075	2	1	1	1	1	1	NA	NA	NA	NA	NA	NA	NA	2	1	1	1	1	1	NA	NA	NA	2	1	1
22	17900000	24642470	2	1	1	3	b	6	1	1	0.0393601334719	0.356400018163	2	1	1	1	1	1	NA	NA	NA	NA	NA	NA	NA	3	1	2	1	1	1	NA	NA	NA	2	1	1
22	24642471	49687500	2	1	1	3	b	6	1	1	0.0391967224507	0.2217920766	2	1	1	1	1	1	NA	NA	NA	NA	NA	NA	NA	3	1	2	1	1	1	NA	NA	NA	2	1	1
22	49687501	51304565	2	1	1	2	d	4	NA	NA	NA	NA	2	1	1	1	1	1	NA	NA	NA	NA	NA	NA	NA	3	1	2	1	1	1	NA	NA	NA	2	1	1
X	137500	2700026	1	1	0	2	d	2	0.76	0	0.0578328153648	0.211016897907	1	0	1	NA	NA	NA	NA	NA	NA	NA	NA	NA	NA	1	0	1	NA	NA	NA	NA	NA	NA	1	0	1
X	2700027	58099999	1	1	0	3	a	3	1	0	0.05	0.2273632226	1	0	1	NA	NA	NA	NA	NA	NA	NA	NA	NA	NA	1	0	1	NA	NA	NA	NA	NA	NA	1	0	1
X	58100000	62999999	1	1	0	3	a	3	1	0	0.05	0.460363935919	1	0	1	NA	NA	NA	NA	NA	NA	NA	NA	NA	NA	1	0	1	NA	NA	NA	NA	NA	NA	1	0	1
X	63000000	155270559	1	1	0	3	a	3	1	0	0.05	0.222026897112	1	0	1	NA	NA	NA	NA	NA	NA	NA	NA	NA	NA	1	0	1	NA	NA	NA	NA	NA	NA	1	0	1
Y	1	11599999	0	0	0	1	h	1	NA	NA	NA	NA	0	0	0	NA	NA	NA	NA	NA	NA	NA	NA	NA	NA	NA	NA	NA	NA	NA	NA	NA	NA	NA	2	0	2
Y	11600000	13399999	0	0	0	1	h	1	NA	NA	NA	NA	0.249234	0	0.249234	NA	NA	NA	NA	NA	NA	NA	NA	NA	NA	NA	NA	NA	NA	NA	NA	NA	NA	NA	2	0	2
Y	13400000	59373565	NA	NA	NA	NA	NA	NA	NA	NA	NA	NA	0	0	0	NA	NA	NA	NA	NA	NA	NA	NA	NA	NA	NA	NA	NA	NA	NA	NA	NA	NA	NA	2	0	2
