chromosome	start	end	total_cn	major_cn	minor_cn	star	level	methods_agree	absolute_broad_major_cn	absolute_broad_minor_cn	absolute_broad_het_error	absolute_broad_cov_error	aceseq_copy_number	aceseq_minor_cn	aceseq_major_cn	battenberg_nMaj1_A	battenberg_nMin1_A	battenberg_frac1_A	battenberg_nMaj2_A	battenberg_nMin2_A	battenberg_frac2_A	battenberg_SDfrac_A	battenberg_SDfrac_A_BS	battenberg_frac1_A_0.025	battenberg_frac1_A_0.975	clonehd_copy_number	clonehd_minor_cn	clonehd_major_cn	sclust_nMaj1_A	sclust_nMin1_A	sclust_frac1_A	sclust_nMaj2_A	sclust_nMin2_A	sclust_frac2_A	jabba_copy_number	jabba_minor_cn	jabba_major_cn
1	10001	3036085	2	2	0	2	d	4	NA	NA	NA	NA	2	0	2	2	0	1	NA	NA	NA	NA	NA	NA	NA	NA	NA	NA	2	0	1	NA	NA	NA	2	0	2
1	3036086	3259768	1	1	0	2	d	3	NA	NA	NA	NA	1.069757	0.105123709	0.9646334	1	0	1	NA	NA	NA	NA	NA	NA	NA	NA	NA	NA	0	0	1	NA	NA	NA	1	0	1
1	3259769	117876264	2	2	0	3	b	5	NA	NA	NA	NA	2	0	2	2	0	1	NA	NA	NA	NA	NA	NA	NA	NA	NA	NA	2	0	1	NA	NA	NA	2	0	2
1	117876265	118307678	5	3	2	2	d	4	NA	NA	NA	NA	2	0	2	3	2	1	NA	NA	NA	NA	NA	NA	NA	NA	NA	NA	3	2	1	NA	NA	NA	5	2	3
1	118307679	121499999	3	2	1	2	d	4	NA	NA	NA	NA	3	1	2	2	0	0.0964244689769936	2	1	0.903575531023006	0.0186055352248129	0.0185193397817982	0.0806188681933954	0.151287977631871	NA	NA	NA	2	1	1	NA	NA	NA	3	1	2
1	121500000	128899999	3	2	1	2	d	3	NA	NA	NA	NA	3	1	2	NA	NA	NA	NA	NA	NA	NA	NA	NA	NA	NA	NA	NA	2	1	1	NA	NA	NA	3	1	2
1	128900000	143392499	3	2	1	2	d	2	NA	NA	NA	NA	NA	NA	NA	NA	NA	NA	NA	NA	NA	NA	NA	NA	NA	NA	NA	NA	2	1	1	NA	NA	NA	3	1	2
1	143392500	145110047	5	4	1	1	h	1	NA	NA	NA	NA	NA	NA	NA	4	0	0.835744000023723	4	1	0.164255999976277	NA	0	0.835744000023723	0.835744000023723	NA	NA	NA	4	1	1	NA	NA	NA	3	1	2
1	145110048	149059742	5	4	1	2	d	3	NA	NA	NA	NA	4.474964	0.971691569	3.503272	4	1	1	NA	NA	NA	NA	NA	NA	NA	NA	NA	NA	4	1	1	NA	NA	NA	3	1	2
1	149059743	156789237	5	4	1	2	d	4	NA	NA	NA	NA	4.437968	0.890457024	3.5475111	4	1	1	NA	NA	NA	NA	NA	NA	NA	NA	NA	NA	4	1	1	NA	NA	NA	5	1	4
1	156789238	156791828	5	4	1	2	f	2	NA	NA	NA	NA	4.437968	0.890457024	3.5475111	3	1	1	NA	NA	NA	NA	NA	NA	NA	NA	NA	NA	4	1	1	NA	NA	NA	4	0	4
1	156791829	161701745	5	4	1	2	d	4	NA	NA	NA	NA	4.382779	0.895248202	3.4875305	4	1	1	NA	NA	NA	NA	NA	NA	NA	NA	NA	NA	4	1	1	NA	NA	NA	5	1	4
1	161701746	161701785	5	4	1	2	d	3	NA	NA	NA	NA	4.382779	0.895248202	3.4875305	4	1	1	NA	NA	NA	NA	NA	NA	NA	NA	NA	NA	4	1	1	NA	NA	NA	5	1	4
1	161701786	165504274	5	4	1	2	d	4	NA	NA	NA	NA	4.479107	0.922220136	3.5568869	4	1	1	NA	NA	NA	NA	NA	NA	NA	NA	NA	NA	4	1	1	NA	NA	NA	5	1	4
1	165504275	165530419	5	4	1	2	d	3	NA	NA	NA	NA	4.479107	0.922220136	3.5568869	4	1	1	NA	NA	NA	NA	NA	NA	NA	NA	NA	NA	4	1	1	NA	NA	NA	5	1	4
1	165530420	179271513	5	4	1	2	d	4	NA	NA	NA	NA	4.435755	0.928027219	3.5077274	4	1	1	NA	NA	NA	NA	NA	NA	NA	NA	NA	NA	4	1	1	NA	NA	NA	5	1	4
1	179271514	179304482	6	4	2	2	d	4	NA	NA	NA	NA	5.725108	1.829142543	3.8959653	4	2	1	NA	NA	NA	NA	NA	NA	NA	NA	NA	NA	4	2	1	NA	NA	NA	6	2	4
1	179304483	199653041	5	4	1	2	d	3	NA	NA	NA	NA	4.457134	0.93595402	3.5211799	4	1	1	NA	NA	NA	NA	NA	NA	NA	NA	NA	NA	4	1	1	NA	NA	NA	4	1	3
1	199653042	199661744	3	2	1	2	f	0	NA	NA	NA	NA	4.457134	0.93595402	3.5211799	3	0	0.334344160018147	3	1	0.665655839981853	NA	0	0.334344160018147	0.334344160018147	NA	NA	NA	4	1	1	NA	NA	NA	3	0	3
1	199661745	199775783	5	4	1	2	d	3	NA	NA	NA	NA	4.489072	0.900191686	3.5888804	4	1	1	NA	NA	NA	NA	NA	NA	NA	NA	NA	NA	4	1	1	NA	NA	NA	4	1	3
1	199775784	199775841	5	4	1	2	d	2	NA	NA	NA	NA	4.489072	0.900191686	3.5888804	4	1	1	NA	NA	NA	NA	NA	NA	NA	NA	NA	NA	4	1	1	NA	NA	NA	4	1	3
1	199775842	204010947	5	4	1	2	d	4	NA	NA	NA	NA	4.360382	0.888977183	3.471405	4	1	1	NA	NA	NA	NA	NA	NA	NA	NA	NA	NA	4	1	1	NA	NA	NA	5	1	4
1	204010948	204018935	5	4	1	2	f	3	NA	NA	NA	NA	4.360382	0.888977183	3.471405	5	2	1	NA	NA	NA	NA	NA	NA	NA	NA	NA	NA	4	1	1	NA	NA	NA	6	1	5
1	204018936	227482337	5	4	1	2	d	4	NA	NA	NA	NA	4.430779	0.90868826	3.5220906	4	1	1	NA	NA	NA	NA	NA	NA	NA	NA	NA	NA	4	1	1	NA	NA	NA	5	1	4
1	227482338	227493865	4	3	1	2	d	4	NA	NA	NA	NA	4.430779	0.90868826	3.5220906	3	1	1	NA	NA	NA	NA	NA	NA	NA	NA	NA	NA	3	1	1	NA	NA	NA	4	1	3
1	227493866	238096174	5	4	1	2	d	4	NA	NA	NA	NA	4.460501	0.921199299	3.5393013	4	1	1	NA	NA	NA	NA	NA	NA	NA	NA	NA	NA	4	1	1	NA	NA	NA	5	1	4
1	238096175	238297568	4	4	0	2	d	3	NA	NA	NA	NA	3.820483	0.065499379	3.7549834	4	0	1	NA	NA	NA	NA	NA	NA	NA	NA	NA	NA	4	0	1	NA	NA	NA	3	0	3
1	238297569	246129391	5	4	1	2	d	3	NA	NA	NA	NA	4.502265	0.94438543	3.5578799	4	1	1	NA	NA	NA	NA	NA	NA	NA	NA	NA	NA	4	1	1	NA	NA	NA	4	1	3
1	246129392	246254959	4	3	1	2	d	3	NA	NA	NA	NA	3.846381	0.919099465	2.927282	3	0	0.127841464395963	3	1	0.872158535604037	0.0458747926684107	0.0475241400844048	0.0135481636122652	0.200222056793556	NA	NA	NA	3	1	1	NA	NA	NA	4	1	3
1	246254960	246383131	3	2	1	2	d	2	NA	NA	NA	NA	2.978582	0.884178174	2.094404	2	1	0.592219248460762	3	1	0.407780751539238	0.0772033851378001	0.0798915987839088	0.426607179201464	0.755047209522025	NA	NA	NA	2	0	0.207806	2	1	0.792194	3	1	2
1	246383132	246402027	3	2	1	2	d	2	NA	NA	NA	NA	3.499734	0.95905014	2.5406835	2	1	0.592219248460762	3	1	0.407780751539238	0.0772033851378001	0.0798915987839088	0.426607179201464	0.755047209522025	NA	NA	NA	3	1	1	NA	NA	NA	3	1	2
1	246402028	246404265	4	3	1	2	d	3	NA	NA	NA	NA	3.499734	0.95905014	2.5406835	3	0	0.414838786225672	3	1	0.585161213774328	0.0884999870892599	0.0858336996634425	0.143334574716643	0.483720931560457	NA	NA	NA	3	1	1	NA	NA	NA	4	1	3
1	246404266	247247500	5	4	1	2	d	4	NA	NA	NA	NA	4.493427	0.960528153	3.5328993	4	1	1	NA	NA	NA	NA	NA	NA	NA	NA	NA	NA	4	1	1	NA	NA	NA	5	1	4
1	247247501	249250620	5	4	1	2	d	2	NA	NA	NA	NA	4.477372	0.955940994	3.5214314	4	1	1	NA	NA	NA	NA	NA	NA	NA	NA	NA	NA	4	1	0.775921	3	1	0.224079	5	1	4
2	13133	6638088	4	3	1	1	g	NA	NA	NA	NA	NA	4.358086	0.762904939	3.5951813	4	0	0.204168910364649	4	1	0.795831089635351	0.0109608879793962	0.011104666916745	0.150680376360659	0.193848775193782	NA	NA	NA	NA	NA	NA	NA	NA	NA	4	0	4
2	6638089	6640173	5	4	1	2	f	2	NA	NA	NA	NA	4.358086	0.762904939	3.5951813	NA	NA	NA	NA	NA	NA	NA	NA	NA	NA	NA	NA	NA	4	1	1	NA	NA	NA	4	0	4
2	6640174	53496250	5	4	1	2	d	3	NA	NA	NA	NA	4.457314	0.77975038	3.6775635	4	0	0.213805508591309	4	1	0.786194491408691	0.00437852659035221	0.00454105521756082	0.174501395943896	0.192370643380317	NA	NA	NA	4	1	1	NA	NA	NA	5	1	4
2	53496251	53496823	5	4	1	2	d	2	NA	NA	NA	NA	4.457314	0.77975038	3.6775635	NA	NA	NA	NA	NA	NA	NA	NA	NA	NA	NA	NA	NA	4	1	1	NA	NA	NA	5	1	4
2	53496824	67228298	5	4	1	2	d	2	NA	NA	NA	NA	4.487086	0.771832301	3.7152532	4	0	0.260382400020166	4	1	0.739617599979834	0.00811644262158226	0.00815036154440903	0.196208332092223	0.228178772008891	NA	NA	NA	4	0	0.234445	4	1	0.765555	5	1	4
2	67228299	67230452	6	4	2	2	f	0	NA	NA	NA	NA	4.487086	0.771832301	3.7152532	3	0	1	NA	NA	NA	NA	NA	NA	NA	NA	NA	NA	4	1	1	NA	NA	NA	4	0	4
2	67230453	74088785	5	4	1	2	d	4	NA	NA	NA	NA	4.556548	0.899792191	3.6567558	4	1	1	NA	NA	NA	NA	NA	NA	NA	NA	NA	NA	4	1	1	NA	NA	NA	5	1	4
2	74088786	74211376	6	4	2	2	d	3	NA	NA	NA	NA	5.39984	1.82902499	3.5708148	4	2	1	NA	NA	NA	NA	NA	NA	NA	NA	NA	NA	4	1	1	NA	NA	NA	6	2	4
2	74211377	90499999	5	4	1	2	d	4	NA	NA	NA	NA	4.754226	1.015591827	3.7386346	4	1	1	NA	NA	NA	NA	NA	NA	NA	NA	NA	NA	4	1	1	NA	NA	NA	5	1	4
2	90500000	96799999	5	4	1	2	d	3	NA	NA	NA	NA	4.414207	1.022507848	3.3916996	NA	NA	NA	NA	NA	NA	NA	NA	NA	NA	NA	NA	NA	4	1	1	NA	NA	NA	5	1	4
2	96800000	116206948	5	4	1	2	d	4	NA	NA	NA	NA	4.641318	0.97195497	3.6693627	4	1	1	NA	NA	NA	NA	NA	NA	NA	NA	NA	NA	4	1	1	NA	NA	NA	5	1	4
2	116206949	116365518	8	6	2	2	f	1	NA	NA	NA	NA	6.396529	1.015457625	5.3810718	6	1	1	NA	NA	NA	NA	NA	NA	NA	NA	NA	NA	6	1	1	NA	NA	NA	6	0	6
2	116365519	126545500	5	4	1	2	d	4	NA	NA	NA	NA	4.618872	0.973923767	3.6449479	4	1	1	NA	NA	NA	NA	NA	NA	NA	NA	NA	NA	4	1	1	NA	NA	NA	5	1	4
2	126545501	127152918	4	4	0	2	d	4	NA	NA	NA	NA	3.909117	0.072071597	3.8370449	4	0	1	NA	NA	NA	NA	NA	NA	NA	NA	NA	NA	4	0	1	NA	NA	NA	4	0	4
2	127152919	128235547	5	4	1	2	d	4	NA	NA	NA	NA	4.612878	0.959676054	3.6532021	4	1	1	NA	NA	NA	NA	NA	NA	NA	NA	NA	NA	4	1	1	NA	NA	NA	5	1	4
2	128235548	141145927	4	4	0	2	d	4	NA	NA	NA	NA	3.60377	0.077888311	3.5258817	4	0	1	NA	NA	NA	NA	NA	NA	NA	NA	NA	NA	4	0	1	NA	NA	NA	4	0	4
2	141145928	141154596	3	3	0	2	d	3	NA	NA	NA	NA	3.60377	0.077888311	3.5258817	3	0	1	NA	NA	NA	NA	NA	NA	NA	NA	NA	NA	3	0	1	NA	NA	NA	3	0	3
2	141154597	141761383	3	3	0	2	d	2	NA	NA	NA	NA	3.540082	0.102966538	3.4371152	3	0	0.536658222104588	4	0	0.463341777895412	0.0972542653102598	0.0994612286226685	0.336528475711611	0.724002458778046	NA	NA	NA	3	0	1	NA	NA	NA	3	0	3
2	141761384	142056123	2	2	0	2	d	2	NA	NA	NA	NA	2.689089	0.12016845	2.5689208	2	0	0.439600899913031	3	0	0.560399100086969	0.0918614640952523	0.0873288361470285	0.378735192656913	0.721297026059361	NA	NA	NA	2	0	1	NA	NA	NA	2	0	2
2	142056124	142075620	3	3	0	2	d	4	NA	NA	NA	NA	2.689089	0.12016845	2.5689208	3	0	1	NA	NA	NA	NA	NA	NA	NA	NA	NA	NA	3	0	1	NA	NA	NA	3	0	3
2	142075621	142218904	3	3	0	2	d	4	NA	NA	NA	NA	3.020616	0.101614492	2.9190018	3	0	1	NA	NA	NA	NA	NA	NA	NA	NA	NA	NA	3	0	1	NA	NA	NA	3	0	3
2	142218905	154349821	4	4	0	2	d	3	NA	NA	NA	NA	3.511097	0.082258826	3.428838	4	0	1	NA	NA	NA	NA	NA	NA	NA	NA	NA	NA	4	0	1	NA	NA	NA	3	0	3
2	154349822	154353267	4	4	0	2	d	2	NA	NA	NA	NA	3.511097	0.082258826	3.428838	5	0	1	NA	NA	NA	NA	NA	NA	NA	NA	NA	NA	4	0	1	NA	NA	NA	4	0	4
2	154353268	180482270	4	4	0	2	d	4	NA	NA	NA	NA	3.584055	0.074678948	3.5093764	4	0	1	NA	NA	NA	NA	NA	NA	NA	NA	NA	NA	4	0	1	NA	NA	NA	4	0	4
2	180482271	180482298	3	3	0	2	f	2	NA	NA	NA	NA	3.584055	0.074678948	3.5093764	3	0	0.553188925019852	3	1	0.446811074980148	NA	0	0.553188925019852	0.553188925019852	NA	NA	NA	4	0	1	NA	NA	NA	3	0	3
2	180482299	180498025	3	3	0	2	d	2	NA	NA	NA	NA	NA	NA	NA	3	0	0.592217424222692	4	0	0.407782575777308	0.0408380796557644	0.0408047523011883	0.510507465359694	0.672690683364629	NA	NA	NA	3	0	1	NA	NA	NA	3	0	3
2	180498026	186397236	4	4	0	2	d	2	NA	NA	NA	NA	3.559946	0.090400326	3.4695455	3	0	0.592217424222692	4	0	0.407782575777308	0.0408380796557644	0.0408047523011883	0.510507465359694	0.672690683364629	NA	NA	NA	4	0	1	NA	NA	NA	3	0	3
2	186397237	186864498	3	3	0	2	d	4	NA	NA	NA	NA	3.007991	0.117024333	2.8909671	3	0	1	NA	NA	NA	NA	NA	NA	NA	NA	NA	NA	3	0	1	NA	NA	NA	3	0	3
2	186864499	211819707	4	4	0	2	d	4	NA	NA	NA	NA	3.557734	0.074678701	3.4830557	4	0	1	NA	NA	NA	NA	NA	NA	NA	NA	NA	NA	4	0	1	NA	NA	NA	4	0	4
2	211819708	211826359	4	4	0	2	d	3	NA	NA	NA	NA	3.557734	0.074678701	3.4830557	4	0	1	NA	NA	NA	NA	NA	NA	NA	NA	NA	NA	4	0	1	NA	NA	NA	4	0	4
2	211826360	220543425	4	4	0	2	d	3	NA	NA	NA	NA	3.467856	0.075052097	3.3928043	4	0	1	NA	NA	NA	NA	NA	NA	NA	NA	NA	NA	4	0	1	NA	NA	NA	3	0	3
2	220543426	220554616	3	3	0	2	d	3	NA	NA	NA	NA	3.467856	0.075052097	3.3928043	8	0	1	NA	NA	NA	NA	NA	NA	NA	NA	NA	NA	3	0	1	NA	NA	NA	3	0	3
2	220554617	222904329	3	3	0	2	d	3	NA	NA	NA	NA	3.516557	0.083168936	3.4333885	4	0	1	NA	NA	NA	NA	NA	NA	NA	NA	NA	NA	3	0	1	NA	NA	NA	3	0	3
2	222904330	222908395	4	4	0	1	g	NA	NA	NA	NA	NA	3.516557	0.083168936	3.4333885	5	0	1	NA	NA	NA	NA	NA	NA	NA	NA	NA	NA	4	0	1	NA	NA	NA	3	0	3
2	222908396	224008002	4	4	0	2	d	3	NA	NA	NA	NA	3.41153	0.065664403	3.3458659	4	0	1	NA	NA	NA	NA	NA	NA	NA	NA	NA	NA	4	0	1	NA	NA	NA	3	0	3
2	224008003	224013584	4	4	0	2	d	3	NA	NA	NA	NA	3.41153	0.065664403	3.3458659	6	0	1	NA	NA	NA	NA	NA	NA	NA	NA	NA	NA	4	0	1	NA	NA	NA	4	0	4
2	224013585	224013625	4	4	0	1	h	1	NA	NA	NA	NA	NA	NA	NA	NA	NA	NA	NA	NA	NA	NA	NA	NA	NA	NA	NA	NA	4	0	1	NA	NA	NA	NA	NA	NA
2	224013626	242980952	4	4	0	2	d	3	NA	NA	NA	NA	3.476628	0.054057232	3.4225706	4	0	1	NA	NA	NA	NA	NA	NA	NA	NA	NA	NA	4	0	1	NA	NA	NA	4	0	4
3	100074	1165579	1	1	0	2	d	3	NA	NA	NA	NA	1.522383	0.137130159	1.3852527	1	0	0.66413959995463	2	0	0.33586040004537	0.042848800921731	0.0407374758029194	0.686355661656163	0.839066578276039	NA	NA	NA	1	0	1	NA	NA	NA	1	0	1
3	1165580	1352951	3	2	1	2	d	2	NA	NA	NA	NA	3.491084	1.41637604	2.0747077	2	1	0.670532711735951	2	2	0.329467288264049	0.0760594885706201	0.0715417394561265	0.634401905759909	0.921378498660242	NA	NA	NA	2	2	0.271496	2	1	0.728504	3	1	2
3	1352952	1446767	4	3	1	2	d	2	NA	NA	NA	NA	4.190653	1.250967205	2.9396857	3	1	0.706993060701827	3	2	0.293006939298173	0.0885145707434357	0.0874534118587278	0.554519802374928	0.90717134834515	NA	NA	NA	3	2	0.377665	3	1	0.622335	4	1	3
3	1446768	1455352	3	2	1	2	d	3	NA	NA	NA	NA	4.190653	1.250967205	2.9396857	2	1	1	NA	NA	NA	NA	NA	NA	NA	NA	NA	NA	1	1	1	NA	NA	NA	3	1	2
3	1455353	60010398	2	1	1	2	d	3	NA	NA	NA	NA	2.30323	1.15161478	1.1516148	1	1	0.684904399994963	2	1	0.315095600005037	0.00516392404952803	0.00521391381748624	0.670860049730952	0.690857491107935	NA	NA	NA	1	1	1	NA	NA	NA	2	1	1
3	60010399	60016696	1	1	0	2	d	3	NA	NA	NA	NA	2.30323	1.15161478	1.1516148	1	0	1	NA	NA	NA	NA	NA	NA	NA	NA	NA	NA	1	1	1	NA	NA	NA	1	0	1
3	60016697	60384461	2	1	1	2	d	3	NA	NA	NA	NA	2.288398	1.144198851	1.1441989	1	1	0.842452199997479	2	1	0.157547800002521	0.0941076234817572	0.0999581702470991	0.529101068900927	0.931470007020567	NA	NA	NA	1	1	1	NA	NA	NA	2	1	1
3	60384462	60504549	1	1	0	2	d	2	NA	NA	NA	NA	2.288398	1.144198851	1.1441989	0	0	0.617136583164568	1	0	0.382863416835432	0.122758021270439	0.116817531495808	0.338089353565431	0.802094755548834	NA	NA	NA	1	1	1	NA	NA	NA	1	0	1
3	60504550	73452965	2	1	1	2	d	3	NA	NA	NA	NA	2.264413	1.132206548	1.1322065	1	1	0.729918057138538	2	1	0.270081942861462	0.0100980552642277	0.0104345815171225	0.70384197539455	0.745022008179615	NA	NA	NA	1	1	1	NA	NA	NA	2	1	1
3	73452966	73456334	2	1	1	2	f	2	NA	NA	NA	NA	2.264413	1.132206548	1.1322065	3	0	0.269501266684308	3	1	0.730498733315692	NA	0	0.269501266684308	0.269501266684308	NA	NA	NA	1	1	1	NA	NA	NA	3	0	3
3	73456335	87899999	2	1	1	2	d	3	NA	NA	NA	NA	2.386391	1.193195314	1.1931953	1	1	0.747923519995966	2	1	0.252076480004034	0.00893839069606644	0.00894305238486979	0.733030606988292	0.768015012781175	NA	NA	NA	1	1	1	NA	NA	NA	2	1	1
3	87900000	93899999	2	1	1	2	d	3	NA	NA	NA	NA	2.379965	1.189982354	1.1899824	NA	NA	NA	NA	NA	NA	NA	NA	NA	NA	NA	NA	NA	1	1	1	NA	NA	NA	2	1	1
3	93900000	101126361	2	1	1	2	d	3	NA	NA	NA	NA	2.260285	1.130142305	1.1301423	1	1	0.756020911310203	2	1	0.243979088689797	0.0131661595878412	0.0129361641225841	0.732155734960732	0.781940010781245	NA	NA	NA	1	1	1	NA	NA	NA	2	1	1
3	101126362	101129962	2	1	1	2	d	2	NA	NA	NA	NA	2.260285	1.130142305	1.1301423	2	1	1	NA	NA	NA	NA	NA	NA	NA	NA	NA	NA	1	1	1	NA	NA	NA	2	1	1
3	101129963	140607045	2	1	1	2	d	3	NA	NA	NA	NA	2.209279	1.10463932	1.1046393	1	1	0.74911472278215	2	1	0.25088527721785	0.0046181372588967	0.00458845220438334	0.739795598141234	0.758171384091012	NA	NA	NA	1	1	1	NA	NA	NA	2	1	1
3	140607046	140613216	2	1	1	2	d	2	NA	NA	NA	NA	2.209279	1.10463932	1.1046393	1	1	0.74911472278215	2	1	0.25088527721785	0.0046181372588967	0.00458845220438334	0.739795598141234	0.758171384091012	NA	NA	NA	1	1	1	NA	NA	NA	2	1	1
3	140613217	168910511	2	1	1	2	d	3	NA	NA	NA	NA	2.293661	1.146830455	1.1468305	1	1	0.74911472278215	2	1	0.25088527721785	0.0046181372588967	0.00458845220438334	0.739795598141234	0.758171384091012	NA	NA	NA	1	1	1	NA	NA	NA	2	1	1
3	168910512	168910927	2	1	1	2	d	2	NA	NA	NA	NA	2.293661	1.146830455	1.1468305	1	1	0.74911472278215	2	1	0.25088527721785	0.0046181372588967	0.00458845220438334	0.739795598141234	0.758171384091012	NA	NA	NA	1	1	1	NA	NA	NA	2	1	1
3	168910928	174638125	2	1	1	2	d	3	NA	NA	NA	NA	2.289636	1.144818199	1.1448182	1	1	0.74911472278215	2	1	0.25088527721785	0.0046181372588967	0.00458845220438334	0.739795598141234	0.758171384091012	NA	NA	NA	1	1	1	NA	NA	NA	2	1	1
3	174638126	175147852	1	1	0	2	e	4	NA	NA	NA	NA	1.684757	0.416574643	1.2681824	1	0	0.850758120013614	1	1	0.149241879986386	0.0249921313117782	0.025595667397352	0.80410160855168	0.902079029113936	NA	NA	NA	1	0	0.826764	1	1	0.173236	1	0	1
3	175147853	188596734	2	1	1	2	d	3	NA	NA	NA	NA	2.287463	1.143731466	1.1437315	1	1	0.805973673088259	2	1	0.194026326911741	0.0110604321955474	0.0110404340750554	0.763797988446464	0.808139891693503	NA	NA	NA	1	1	1	NA	NA	NA	2	1	1
3	188596735	188597407	2	1	1	2	d	2	NA	NA	NA	NA	2.287463	1.143731466	1.1437315	NA	NA	NA	NA	NA	NA	NA	NA	NA	NA	NA	NA	NA	1	1	1	NA	NA	NA	2	1	1
3	188597408	197847500	2	1	1	2	d	3	NA	NA	NA	NA	2.272975	1.136487496	1.1364875	1	1	0.729918057138538	2	1	0.270081942861462	0.0129796485153032	0.0128741280043693	0.708400832826127	0.757209957948289	NA	NA	NA	1	1	1	NA	NA	NA	2	1	1
4	31303	42189138	2	1	1	2	d	3	NA	NA	NA	NA	2.100518	1.05025893	1.0502589	1	1	0.888789788233517	2	1	0.111210211766483	0.00540212743897101	0.00549819494953509	0.891776306162945	0.912898257260484	NA	NA	NA	1	1	1	NA	NA	NA	2	1	1
4	42189139	42189628	2	1	1	2	d	2	NA	NA	NA	NA	2.100518	1.05025893	1.0502589	NA	NA	NA	NA	NA	NA	NA	NA	NA	NA	NA	NA	NA	1	1	1	NA	NA	NA	2	1	1
4	42189629	48199999	2	1	1	2	d	4	NA	NA	NA	NA	2.117589	1.058794333	1.0587943	1	1	1	NA	NA	NA	NA	NA	NA	NA	NA	NA	NA	1	1	1	NA	NA	NA	2	1	1
4	48200000	52699999	2	1	1	2	d	4	NA	NA	NA	NA	2	1	1	NA	NA	NA	NA	NA	NA	NA	NA	NA	NA	NA	NA	NA	1	1	1	NA	NA	NA	2	1	1
4	52700000	68508437	2	1	1	2	d	4	NA	NA	NA	NA	2.126952	1.063475933	1.0634759	1	1	1	NA	NA	NA	NA	NA	NA	NA	NA	NA	NA	1	1	1	NA	NA	NA	2	1	1
4	68508438	107708861	2	1	1	3	b	5	NA	NA	NA	NA	2	1	1	1	1	1	NA	NA	NA	NA	NA	NA	NA	NA	NA	NA	1	1	1	NA	NA	NA	2	1	1
4	107708862	109467832	2	1	1	2	d	3	NA	NA	NA	NA	2	1	1	1	0	0.126038240002018	1	1	0.873961759997982	0.0259839195327124	0.0261484532512977	0.0828331276987105	0.187538953987433	NA	NA	NA	1	0	0.261149	1	1	0.738851	2	1	1
4	109467833	109475647	3	2	1	2	d	4	NA	NA	NA	NA	2	1	1	2	1	1	NA	NA	NA	NA	NA	NA	NA	NA	NA	NA	2	1	1	NA	NA	NA	3	1	2
4	109475648	109493840	3	2	1	2	d	3	NA	NA	NA	NA	NA	NA	NA	NA	NA	NA	NA	NA	NA	NA	NA	NA	NA	NA	NA	NA	2	1	1	NA	NA	NA	3	1	2
4	109493841	114271757	3	2	1	2	d	3	NA	NA	NA	NA	2.865996	1.027926815	1.838069	1	1	0.140648363622609	2	1	0.859351636377391	0.0215528699495256	0.0212573743166923	0.127611921807742	0.207579587519141	NA	NA	NA	2	1	1	NA	NA	NA	3	1	2
4	114271758	125902489	3	2	1	3	b	5	NA	NA	NA	NA	3	1	2	2	1	1	NA	NA	NA	NA	NA	NA	NA	NA	NA	NA	2	1	1	NA	NA	NA	3	1	2
4	125902490	127036852	2	1	1	3	b	5	NA	NA	NA	NA	2	1	1	1	1	1	NA	NA	NA	NA	NA	NA	NA	NA	NA	NA	1	1	1	NA	NA	NA	2	1	1
4	127036853	139112789	3	2	1	3	b	5	NA	NA	NA	NA	3	1	2	2	1	1	NA	NA	NA	NA	NA	NA	NA	NA	NA	NA	2	1	1	NA	NA	NA	3	1	2
4	139112790	148356945	2	1	1	2	d	4	NA	NA	NA	NA	2	1	1	1	1	0.888789788233517	2	1	0.111210211766483	0.0123605490389659	0.0120189442178963	0.896002408843034	0.942831673750682	NA	NA	NA	1	1	1	NA	NA	NA	2	1	1
4	148356946	156275002	3	2	1	3	b	5	NA	NA	NA	NA	3	1	2	2	1	1	NA	NA	NA	NA	NA	NA	NA	NA	NA	NA	2	1	1	NA	NA	NA	3	1	2
4	156275003	156275858	3	2	1	2	d	4	NA	NA	NA	NA	3	1	2	2	1	1	NA	NA	NA	NA	NA	NA	NA	NA	NA	NA	2	1	1	NA	NA	NA	3	1	2
4	156275859	156275893	3	2	1	2	d	2	NA	NA	NA	NA	NA	NA	NA	2	1	1	NA	NA	NA	NA	NA	NA	NA	NA	NA	NA	2	1	1	NA	NA	NA	NA	NA	NA
4	156275894	158102496	3	2	1	3	b	5	NA	NA	NA	NA	3	1	2	2	1	1	NA	NA	NA	NA	NA	NA	NA	NA	NA	NA	2	1	1	NA	NA	NA	3	1	2
4	158102497	158102684	3	2	1	2	d	3	NA	NA	NA	NA	3	1	2	2	1	1	NA	NA	NA	NA	NA	NA	NA	NA	NA	NA	3	2	1	NA	NA	NA	3	1	2
4	158102685	158104754	1	1	0	1	g	NA	NA	NA	NA	NA	NA	NA	NA	2	1	1	NA	NA	NA	NA	NA	NA	NA	NA	NA	NA	3	2	1	NA	NA	NA	NA	NA	NA
4	158104755	158104949	5	3	2	2	d	2	NA	NA	NA	NA	NA	NA	NA	2	1	1	NA	NA	NA	NA	NA	NA	NA	NA	NA	NA	3	2	1	NA	NA	NA	5	2	3
4	158104950	158359031	5	3	2	2	d	3	NA	NA	NA	NA	NA	NA	NA	2	1	1	NA	NA	NA	NA	NA	NA	NA	NA	NA	NA	3	2	1	NA	NA	NA	5	2	3
4	158359032	158680297	5	3	2	1	g	NA	NA	NA	NA	NA	NA	NA	NA	2	1	1	NA	NA	NA	NA	NA	NA	NA	NA	NA	NA	3	2	1	NA	NA	NA	4	1	3
4	158680298	158680952	5	3	2	1	h	1	NA	NA	NA	NA	NA	NA	NA	NA	NA	NA	NA	NA	NA	NA	NA	NA	NA	NA	NA	NA	3	2	1	NA	NA	NA	4	1	3
4	158680953	158788784	4	4	0	1	g	NA	NA	NA	NA	NA	NA	NA	NA	4	1	1	NA	NA	NA	NA	NA	NA	NA	NA	NA	NA	3	2	1	NA	NA	NA	4	0	4
4	158788785	159791545	5	3	2	2	d	3	NA	NA	NA	NA	NA	NA	NA	3	3	1	NA	NA	NA	NA	NA	NA	NA	NA	NA	NA	3	2	1	NA	NA	NA	5	2	3
4	159791546	161971894	4	3	1	3	b	5	NA	NA	NA	NA	4	1	3	3	1	1	NA	NA	NA	NA	NA	NA	NA	NA	NA	NA	3	1	1	NA	NA	NA	4	1	3
4	161971895	161987953	5	3	2	2	d	3	NA	NA	NA	NA	4	1	3	3	2	1	NA	NA	NA	NA	NA	NA	NA	NA	NA	NA	2	2	1	NA	NA	NA	5	2	3
4	161987954	161987987	4	2	2	2	d	2	NA	NA	NA	NA	NA	NA	NA	NA	NA	NA	NA	NA	NA	NA	NA	NA	NA	NA	NA	NA	2	2	1	NA	NA	NA	4	2	2
4	161987988	164610085	4	2	2	3	b	5	NA	NA	NA	NA	4	2	2	2	2	1	NA	NA	NA	NA	NA	NA	NA	NA	NA	NA	2	2	1	NA	NA	NA	4	2	2
4	164610086	164610410	4	2	2	2	d	3	NA	NA	NA	NA	4	2	2	NA	NA	NA	NA	NA	NA	NA	NA	NA	NA	NA	NA	NA	2	2	1	NA	NA	NA	4	2	2
4	164610411	164611127	4	2	2	2	d	2	NA	NA	NA	NA	NA	NA	NA	2	1	0.152135452633166	2	2	0.847864547366834	NA	0	0.152135452633166	0.152135452633166	NA	NA	NA	2	2	1	NA	NA	NA	4	2	2
4	164611128	166416258	5	3	2	2	d	4	NA	NA	NA	NA	4.807546	1.935897518	2.8716483	3	2	1	NA	NA	NA	NA	NA	NA	NA	NA	NA	NA	3	2	1	NA	NA	NA	5	2	3
4	166416259	166416272	5	3	2	1	g	1	NA	NA	NA	NA	4.807546	1.935897518	2.8716483	NA	NA	NA	NA	NA	NA	NA	NA	NA	NA	NA	NA	NA	3	2	1	NA	NA	NA	3	1	2
4	166416273	166439879	3	2	1	2	d	2	NA	NA	NA	NA	NA	NA	NA	2	2	0.807295093331312	3	2	0.192704906668688	NA	0	0.807295093331312	0.807295093331312	NA	NA	NA	2	2	1	NA	NA	NA	3	1	2
4	166439880	166439947	4	2	2	2	d	2	NA	NA	NA	NA	NA	NA	NA	NA	NA	NA	NA	NA	NA	NA	NA	NA	NA	NA	NA	NA	2	2	1	NA	NA	NA	4	2	2
4	166439948	166801783	4	2	2	2	d	4	NA	NA	NA	NA	4.19545	2.097725094	2.0977251	2	2	1	NA	NA	NA	NA	NA	NA	NA	NA	NA	NA	2	2	1	NA	NA	NA	4	2	2
4	166801784	166801961	4	2	2	2	d	3	NA	NA	NA	NA	4.19545	2.097725094	2.0977251	2	2	1	NA	NA	NA	NA	NA	NA	NA	NA	NA	NA	2	2	1	NA	NA	NA	4	2	2
4	166801962	167111052	4	2	2	2	d	4	NA	NA	NA	NA	3.844032	1.922015762	1.9220158	2	2	1	NA	NA	NA	NA	NA	NA	NA	NA	NA	NA	2	2	1	NA	NA	NA	4	2	2
4	167111053	167111166	4	2	2	2	d	3	NA	NA	NA	NA	3.844032	1.922015762	1.9220158	2	2	1	NA	NA	NA	NA	NA	NA	NA	NA	NA	NA	2	2	1	NA	NA	NA	4	2	2
4	167111167	167929206	4	2	2	3	b	5	NA	NA	NA	NA	4	2	2	2	2	1	NA	NA	NA	NA	NA	NA	NA	NA	NA	NA	2	2	1	NA	NA	NA	4	2	2
4	167929207	167931437	4	2	2	2	d	3	NA	NA	NA	NA	4	2	2	NA	NA	NA	NA	NA	NA	NA	NA	NA	NA	NA	NA	NA	2	2	1	NA	NA	NA	4	2	2
4	167931438	191154275	2	2	0	2	d	4	NA	NA	NA	NA	2.037344	0.132143113	1.9052013	2	0	1	NA	NA	NA	NA	NA	NA	NA	NA	NA	NA	2	0	1	NA	NA	NA	2	0	2
5	22500	3418072	2	2	0	2	d	3	NA	NA	NA	NA	2.126971	0.084631718	2.0423396	2	0	0.773565999924372	3	0	0.226434000075628	0.0372528919387	0.0348831019535912	0.813812285408216	0.950038527855266	NA	NA	NA	2	0	1	NA	NA	NA	2	0	2
5	3418073	3601517	3	3	0	2	d	4	NA	NA	NA	NA	3.151711	0.092974588	3.0587365	3	0	1	NA	NA	NA	NA	NA	NA	NA	NA	NA	NA	3	0	1	NA	NA	NA	3	0	3
5	3601518	16322147	2	2	0	2	d	4	NA	NA	NA	NA	2.159723	0.092189861	2.0675335	2	0	1	NA	NA	NA	NA	NA	NA	NA	NA	NA	NA	2	0	1	NA	NA	NA	2	0	2
5	16322148	16326053	2	2	0	2	f	3	NA	NA	NA	NA	2.159723	0.092189861	2.0675335	4	0	1	NA	NA	NA	NA	NA	NA	NA	NA	NA	NA	2	0	1	NA	NA	NA	2	0	2
5	16326054	46099999	2	2	0	2	d	4	NA	NA	NA	NA	2.220418	0.123070584	2.0973478	2	0	1	NA	NA	NA	NA	NA	NA	NA	NA	NA	NA	2	0	1	NA	NA	NA	2	0	2
5	46100000	50699999	2	2	0	2	d	3	NA	NA	NA	NA	2.220418	0.123070584	2.0973478	NA	NA	NA	NA	NA	NA	NA	NA	NA	NA	NA	NA	NA	2	0	1	NA	NA	NA	2	0	2
5	50700000	54358153	2	2	0	2	d	4	NA	NA	NA	NA	2.145549	0.12265101	2.0228978	2	0	1	NA	NA	NA	NA	NA	NA	NA	NA	NA	NA	2	0	1	NA	NA	NA	2	0	2
5	54358154	59284786	2	2	0	2	d	4	NA	NA	NA	NA	2.101328	0.095049351	2.0062788	2	0	1	NA	NA	NA	NA	NA	NA	NA	NA	NA	NA	2	0	1	NA	NA	NA	2	0	2
5	59284787	59353417	1	1	0	2	d	3	NA	NA	NA	NA	2.101328	0.095049351	2.0062788	1	0	1	NA	NA	NA	NA	NA	NA	NA	NA	NA	NA	1	0	1	NA	NA	NA	1	0	1
5	59353418	59463959	3	3	0	1	h	1	NA	NA	NA	NA	NA	NA	NA	3	0	1	NA	NA	NA	NA	NA	NA	NA	NA	NA	NA	1	0	1	NA	NA	NA	2	0	2
5	59463960	59769985	2	2	0	2	d	2	NA	NA	NA	NA	1.848988	0.12923511	1.719753	1	0	0.382189442739813	2	0	0.617810557260187	0.111046185614079	0.111096380876058	0.168637793227661	0.590355827801428	NA	NA	NA	1	0	1	NA	NA	NA	2	0	2
5	59769986	66302339	2	2	0	3	b	5	NA	NA	NA	NA	2	0	2	2	0	1	NA	NA	NA	NA	NA	NA	NA	NA	NA	NA	2	0	1	NA	NA	NA	2	0	2
5	66302340	77404165	2	2	0	3	b	5	NA	NA	NA	NA	2	0	2	2	0	1	NA	NA	NA	NA	NA	NA	NA	NA	NA	NA	2	0	1	NA	NA	NA	2	0	2
5	77404166	77404379	2	2	0	2	d	2	NA	NA	NA	NA	2	0	2	NA	NA	NA	NA	NA	NA	NA	NA	NA	NA	NA	NA	NA	2	0	1	NA	NA	NA	4	2	2
5	77404380	77605932	4	2	2	2	d	3	NA	NA	NA	NA	NA	NA	NA	2	2	0.704639906297553	3	2	0.295360093702447	0.0920072596893119	0.089843033235002	0.525654334563667	0.877071108292703	NA	NA	NA	2	2	1	NA	NA	NA	4	2	2
5	77605933	77618703	4	2	2	2	d	2	NA	NA	NA	NA	NA	NA	NA	2	2	0.704639906297553	3	2	0.295360093702447	0.0920072596893119	0.089843033235002	0.525654334563667	0.877071108292703	NA	NA	NA	2	2	1	NA	NA	NA	4	2	2
5	77618704	77755616	4	2	2	2	d	3	NA	NA	NA	NA	3.875255	1.937627426	1.9376274	2	2	0.704639906297553	3	2	0.295360093702447	0.0920072596893119	0.089843033235002	0.525654334563667	0.877071108292703	NA	NA	NA	2	2	1	NA	NA	NA	4	2	2
5	77755617	77820762	5	3	2	2	d	2	NA	NA	NA	NA	4.214908	1.842378099	2.3725303	2	2	0.704639906297553	3	2	0.295360093702447	0.0920072596893119	0.089843033235002	0.525654334563667	0.877071108292703	NA	NA	NA	3	2	1	NA	NA	NA	4	2	2
5	77820763	77962375	6	4	2	1	g	NA	NA	NA	NA	NA	4.214908	1.842378099	2.3725303	4	2	1	NA	NA	NA	NA	NA	NA	NA	NA	NA	NA	3	3	1	NA	NA	NA	5	2	3
5	77962376	77962392	6	3	3	1	h	1	NA	NA	NA	NA	NA	NA	NA	NA	NA	NA	NA	NA	NA	NA	NA	NA	NA	NA	NA	NA	3	3	1	NA	NA	NA	5	2	3
5	77962393	77965228	5	3	2	1	g	NA	NA	NA	NA	NA	NA	NA	NA	NA	NA	NA	NA	NA	NA	NA	NA	NA	NA	NA	NA	NA	3	3	1	NA	NA	NA	6	2	4
5	77965229	78002398	5	3	2	1	g	NA	NA	NA	NA	NA	NA	NA	NA	3	2	1	NA	NA	NA	NA	NA	NA	NA	NA	NA	NA	3	3	1	NA	NA	NA	6	2	4
5	78002399	78153340	5	3	2	2	d	3	NA	NA	NA	NA	4.590567	1.897500578	2.6930665	3	2	1	NA	NA	NA	NA	NA	NA	NA	NA	NA	NA	3	3	1	NA	NA	NA	5	2	3
5	78153341	78587161	5	3	2	2	d	2	NA	NA	NA	NA	5.089026	1.96657276	3.1224529	3	2	1	NA	NA	NA	NA	NA	NA	NA	NA	NA	NA	3	3	0.0345662	3	2	0.965434	6	2	4
5	78587162	82936446	2	2	0	2	d	4	NA	NA	NA	NA	2.118832	0.082753487	2.0360789	2	0	1	NA	NA	NA	NA	NA	NA	NA	NA	NA	NA	2	0	1	NA	NA	NA	2	0	2
5	82936447	83453657	4	2	2	3	b	5	NA	NA	NA	NA	4	2	2	2	2	1	NA	NA	NA	NA	NA	NA	NA	NA	NA	NA	2	2	1	NA	NA	NA	4	2	2
5	83453658	83666358	4	2	2	3	b	5	NA	NA	NA	NA	4	2	2	2	2	1	NA	NA	NA	NA	NA	NA	NA	NA	NA	NA	2	2	1	NA	NA	NA	4	2	2
5	83666359	84010729	4	2	2	2	d	3	NA	NA	NA	NA	3.83718	1.918589853	1.9185899	2	1	0.437830313451251	2	2	0.562169686548749	0.103347613366123	0.104952812883648	0.220441764867463	0.641022374783199	NA	NA	NA	2	2	1	NA	NA	NA	4	2	2
5	84010730	84026099	4	2	2	2	d	3	NA	NA	NA	NA	3.83718	1.918589853	1.9185899	2	2	1	NA	NA	NA	NA	NA	NA	NA	NA	NA	NA	2	2	1	NA	NA	NA	4	2	2
5	84026100	84146881	4	2	2	3	b	5	NA	NA	NA	NA	4	2	2	2	2	1	NA	NA	NA	NA	NA	NA	NA	NA	NA	NA	2	2	1	NA	NA	NA	4	2	2
5	84146882	84563691	3	2	1	2	d	2	NA	NA	NA	NA	3.540159	1.54058272	1.9995765	2	1	0.550585447624806	2	2	0.449414552375194	0.0405978883185318	0.0396410424863568	0.45805957541293	0.61695484601827	NA	NA	NA	2	2	0.429156	2	1	0.570844	3	1	2
5	84563692	93454620	2	2	0	2	d	4	NA	NA	NA	NA	2.12497	0.110790769	2.0141796	2	0	1	NA	NA	NA	NA	NA	NA	NA	NA	NA	NA	2	0	1	NA	NA	NA	2	0	2
5	93454621	93462685	2	2	0	2	d	3	NA	NA	NA	NA	2.12497	0.110790769	2.0141796	2	0	1	NA	NA	NA	NA	NA	NA	NA	NA	NA	NA	2	0	1	NA	NA	NA	2	0	2
5	93462686	113378007	2	2	0	3	b	5	NA	NA	NA	NA	2	0	2	2	0	1	NA	NA	NA	NA	NA	NA	NA	NA	NA	NA	2	0	1	NA	NA	NA	2	0	2
5	113378008	113400466	3	2	1	1	g	NA	NA	NA	NA	NA	2	0	2	2	1	1	NA	NA	NA	NA	NA	NA	NA	NA	NA	NA	2	0	1	NA	NA	NA	4	2	2
5	113400467	118127777	2	2	0	2	d	4	NA	NA	NA	NA	2.099083	0.111499269	1.9875839	2	0	1	NA	NA	NA	NA	NA	NA	NA	NA	NA	NA	2	0	1	NA	NA	NA	2	0	2
5	118127778	118253207	2	2	0	2	d	2	NA	NA	NA	NA	2.099083	0.111499269	1.9875839	6	0	1	NA	NA	NA	NA	NA	NA	NA	NA	NA	NA	2	0	1	NA	NA	NA	2	0	2
5	118253208	118343257	3	3	0	1	g	NA	NA	NA	NA	NA	NA	NA	NA	2	0	1	NA	NA	NA	NA	NA	NA	NA	NA	NA	NA	2	0	1	NA	NA	NA	3	0	3
5	118343258	118733421	2	2	0	2	d	3	NA	NA	NA	NA	2.150273	0.189883601	1.960389	2	0	0.927049066686833	2	1	0.0729509333131672	0.0405161653323088	0.0413070481086949	0.76660378194614	0.92489756590236	NA	NA	NA	2	0	1	NA	NA	NA	2	0	2
5	118733422	118804640	3	2	1	2	d	2	NA	NA	NA	NA	2.150273	0.189883601	1.960389	2	1	0.782465899607695	2	2	0.217534100392305	0.0581404039237548	0.0592134853852155	0.665292218248558	0.898540455462611	NA	NA	NA	2	2	0.416518	2	1	0.583482	3	1	2
5	118804641	118819006	3	2	1	2	d	2	NA	NA	NA	NA	NA	NA	NA	2	1	0.782465899607695	2	2	0.217534100392305	0.0581404039237548	0.0592134853852155	0.665292218248558	0.898540455462611	NA	NA	NA	2	1	1	NA	NA	NA	4	2	2
5	118819007	118945118	3	2	1	2	d	3	NA	NA	NA	NA	3.184047	1.122741673	2.0613055	2	1	0.782465899607695	2	2	0.217534100392305	0.0581404039237548	0.0592134853852155	0.665292218248558	0.898540455462611	NA	NA	NA	2	1	1	NA	NA	NA	3	1	2
5	118945119	119165141	5	3	2	2	d	2	NA	NA	NA	NA	4.462621	2.231310526	2.2313105	2	2	0.555024711540847	3	2	0.444975288459153	0.0684287555704913	0.0682296593336902	0.388814395882945	0.66043100889373	NA	NA	NA	3	2	1	NA	NA	NA	4	2	2
5	119165142	119196858	4	2	2	2	d	3	NA	NA	NA	NA	4.462621	2.231310526	2.2313105	2	2	1	NA	NA	NA	NA	NA	NA	NA	NA	NA	NA	2	0	1	NA	NA	NA	4	2	2
5	119196859	119256945	4	2	2	1	h	1	NA	NA	NA	NA	NA	NA	NA	2	2	1	NA	NA	NA	NA	NA	NA	NA	NA	NA	NA	2	0	1	NA	NA	NA	3	1	2
5	119256946	119446886	2	2	0	2	d	3	NA	NA	NA	NA	NA	NA	NA	3	0	1	NA	NA	NA	NA	NA	NA	NA	NA	NA	NA	2	0	1	NA	NA	NA	2	0	2
5	119446887	119447349	1	1	0	1	g	NA	NA	NA	NA	NA	NA	NA	NA	NA	NA	NA	NA	NA	NA	NA	NA	NA	NA	NA	NA	NA	2	0	1	NA	NA	NA	3	1	2
5	119447350	119447577	2	2	0	1	h	1	NA	NA	NA	NA	NA	NA	NA	NA	NA	NA	NA	NA	NA	NA	NA	NA	NA	NA	NA	NA	2	0	1	NA	NA	NA	3	1	2
5	119447578	119687719	3	2	1	2	d	3	NA	NA	NA	NA	NA	NA	NA	2	1	1	NA	NA	NA	NA	NA	NA	NA	NA	NA	NA	2	0	1	NA	NA	NA	3	1	2
5	119687720	119688560	2	2	0	2	d	2	NA	NA	NA	NA	NA	NA	NA	3	0	1	NA	NA	NA	NA	NA	NA	NA	NA	NA	NA	2	0	1	NA	NA	NA	2	0	2
5	119688561	119690400	2	2	0	1	h	1	NA	NA	NA	NA	NA	NA	NA	1	0	0.812568533293001	2	0	0.187431466706999	NA	0	0.812568533293001	0.812568533293001	NA	NA	NA	2	0	1	NA	NA	NA	3	0	3
5	119690401	120551127	2	2	0	2	d	4	NA	NA	NA	NA	2.236701	0.137393281	2.0993076	2	0	1	NA	NA	NA	NA	NA	NA	NA	NA	NA	NA	2	0	1	NA	NA	NA	2	0	2
5	120551128	120552623	2	2	0	2	d	3	NA	NA	NA	NA	2.236701	0.137393281	2.0993076	2	0	1	NA	NA	NA	NA	NA	NA	NA	NA	NA	NA	2	0	1	NA	NA	NA	2	0	2
5	120552624	121927717	2	2	0	2	d	4	NA	NA	NA	NA	2.306852	0.126142558	2.1807091	2	0	1	NA	NA	NA	NA	NA	NA	NA	NA	NA	NA	2	0	1	NA	NA	NA	2	0	2
5	121927718	121978178	2	2	0	2	e	4	NA	NA	NA	NA	2.306852	0.126142558	2.1807091	2	0	0.491908954854323	2	1	0.508091045145677	0.0975214830269892	0.0968619250564847	0.184010812483435	0.576188316639341	NA	NA	NA	2	0	0.421806	2	1	0.578194	2	0	2
5	121978179	122064260	3	2	1	2	d	3	NA	NA	NA	NA	3.267265	1.109433411	2.1578318	2	1	1	NA	NA	NA	NA	NA	NA	NA	NA	NA	NA	2	2	0.0389317	2	1	0.961068	3	1	2
5	122064261	137744897	2	2	0	2	d	4	NA	NA	NA	NA	2.105147	0.088861721	2.016285	2	0	1	NA	NA	NA	NA	NA	NA	NA	NA	NA	NA	2	0	1	NA	NA	NA	2	0	2
5	137744898	137903555	3	2	1	2	d	2	NA	NA	NA	NA	3.156438	0.986737007	2.1697009	2	1	0.722643400007558	2	2	0.277356599992442	0.168563479566152	0.168788695959663	0.282533665844691	0.92749338967583	NA	NA	NA	2	2	0.0784766	2	1	0.921523	3	1	2
5	137903556	137918016	3	2	1	1	h	1	NA	NA	NA	NA	3.156438	0.986737007	2.1697009	2	1	0.321174844447803	2	2	0.678825155552197	NA	0	0.321174844447803	0.321174844447803	NA	NA	NA	2	2	0.0784766	2	1	0.921523	5	2	3
5	137918017	138271537	5	3	2	2	f	2	NA	NA	NA	NA	5.307557	2.06105444	3.246503	3	2	1	NA	NA	NA	NA	NA	NA	NA	NA	NA	NA	NA	NA	NA	NA	NA	NA	6	2	4
5	138271538	140328393	2	2	0	2	d	4	NA	NA	NA	NA	2.030102	0.101673964	1.9284282	2	0	1	NA	NA	NA	NA	NA	NA	NA	NA	NA	NA	2	0	1	NA	NA	NA	2	0	2
5	140328394	140330140	2	2	0	2	d	3	NA	NA	NA	NA	2.030102	0.101673964	1.9284282	2	0	1	NA	NA	NA	NA	NA	NA	NA	NA	NA	NA	2	0	1	NA	NA	NA	2	0	2
5	140330141	141953093	2	2	0	2	d	4	NA	NA	NA	NA	2.118843	0.082756025	2.0360873	2	0	1	NA	NA	NA	NA	NA	NA	NA	NA	NA	NA	2	0	1	NA	NA	NA	2	0	2
5	141953094	141969889	3	3	0	1	g	NA	NA	NA	NA	NA	2.118843	0.082756025	2.0360873	4	0	1	NA	NA	NA	NA	NA	NA	NA	NA	NA	NA	2	0	1	NA	NA	NA	3	0	3
5	141969890	156817672	2	2	0	3	b	5	NA	NA	NA	NA	2	0	2	2	0	1	NA	NA	NA	NA	NA	NA	NA	NA	NA	NA	2	0	1	NA	NA	NA	2	0	2
5	156817673	180715810	3	2	1	3	b	5	NA	NA	NA	NA	3	1	2	2	1	1	NA	NA	NA	NA	NA	NA	NA	NA	NA	NA	2	1	1	NA	NA	NA	3	1	2
6	39681	205799	4	2	2	1	h	1	NA	NA	NA	NA	NA	NA	NA	NA	NA	NA	NA	NA	NA	NA	NA	NA	NA	NA	NA	NA	NA	NA	NA	NA	NA	NA	4	2	2
6	205800	2393937	4	2	2	2	d	4	NA	NA	NA	NA	3.854892	1.927446178	1.9274462	2	2	1	NA	NA	NA	NA	NA	NA	NA	NA	NA	NA	2	2	1	NA	NA	NA	4	2	2
6	2393938	2396973	4	2	2	2	d	3	NA	NA	NA	NA	3.854892	1.927446178	1.9274462	2	2	1	NA	NA	NA	NA	NA	NA	NA	NA	NA	NA	2	2	1	NA	NA	NA	4	2	2
6	2396974	8337577	4	2	2	2	d	4	NA	NA	NA	NA	3.781415	1.890707453	1.8907075	2	2	1	NA	NA	NA	NA	NA	NA	NA	NA	NA	NA	2	2	1	NA	NA	NA	4	2	2
6	8337578	8350763	5	3	2	2	d	2	NA	NA	NA	NA	3.781415	1.890707453	1.8907075	2	1	0.321174844447803	2	2	0.678825155552197	NA	0	0.321174844447803	0.321174844447803	NA	NA	NA	3	2	1	NA	NA	NA	5	2	3
6	8350764	8351030	5	3	2	1	h	1	NA	NA	NA	NA	NA	NA	NA	2	2	0.211661745446294	3	2	0.788338254553706	NA	0	0.211661745446294	0.211661745446294	NA	NA	NA	3	2	1	NA	NA	NA	4	2	2
6	8351031	9334495	5	3	2	2	d	4	NA	NA	NA	NA	4.825292	1.980777984	2.844514	3	2	1	NA	NA	NA	NA	NA	NA	NA	NA	NA	NA	3	2	1	NA	NA	NA	5	2	3
6	9334496	13143652	4	2	2	2	d	4	NA	NA	NA	NA	3.791296	1.89564824	1.8956482	2	2	1	NA	NA	NA	NA	NA	NA	NA	NA	NA	NA	2	2	1	NA	NA	NA	4	2	2
6	13143653	13144761	6	4	2	2	d	2	NA	NA	NA	NA	3.791296	1.89564824	1.8956482	4	2	1	NA	NA	NA	NA	NA	NA	NA	NA	NA	NA	2	2	1	NA	NA	NA	6	2	4
6	13144762	13295305	8	6	2	2	d	3	NA	NA	NA	NA	7.199862	1.846894175	5.3529674	6	2	1	NA	NA	NA	NA	NA	NA	NA	NA	NA	NA	7	2	0.0704521	6	2	0.929548	8	2	6
6	13295306	13297580	7	5	2	2	d	2	NA	NA	NA	NA	7.199862	1.846894175	5.3529674	5	2	1	NA	NA	NA	NA	NA	NA	NA	NA	NA	NA	7	2	0.0704521	6	2	0.929548	7	2	5
6	13297581	13894563	6	4	2	2	d	3	NA	NA	NA	NA	5.705775	1.969596923	3.7361777	4	2	1	NA	NA	NA	NA	NA	NA	NA	NA	NA	NA	NA	NA	NA	NA	NA	NA	6	2	4
6	13894564	17684865	5	3	2	2	d	4	NA	NA	NA	NA	4.725498	1.890455811	2.8350422	3	2	1	NA	NA	NA	NA	NA	NA	NA	NA	NA	NA	3	2	1	NA	NA	NA	5	2	3
6	17684866	17879394	3	3	0	2	d	4	NA	NA	NA	NA	3	0	3	3	0	0.437705599879011	4	0	0.562294400120989	0.21527727478469	0.207175710184768	0.153244907569118	0.936367933269385	NA	NA	NA	3	0	1	NA	NA	NA	3	0	3
6	17879395	25813353	5	3	2	2	d	4	NA	NA	NA	NA	4.878663	2.000978054	2.8776848	3	2	1	NA	NA	NA	NA	NA	NA	NA	NA	NA	NA	3	2	1	NA	NA	NA	5	2	3
6	25813354	25815837	5	3	2	2	d	4	NA	NA	NA	NA	4.878663	2.000978054	2.8776848	3	2	1	NA	NA	NA	NA	NA	NA	NA	NA	NA	NA	3	2	1	NA	NA	NA	5	2	3
6	25815838	27982026	5	3	2	2	d	4	NA	NA	NA	NA	4.667753	1.916543586	2.7512091	3	2	1	NA	NA	NA	NA	NA	NA	NA	NA	NA	NA	3	2	1	NA	NA	NA	5	2	3
6	27982027	28991613	4	2	2	2	d	4	NA	NA	NA	NA	3.742211	1.871105519	1.8711055	2	2	1	NA	NA	NA	NA	NA	NA	NA	NA	NA	NA	2	2	1	NA	NA	NA	4	2	2
6	28991614	56465478	5	3	2	2	d	3	NA	NA	NA	NA	4.565062	1.918101133	2.6469613	2	2	0.211661745446294	3	2	0.788338254553706	0.0094533797532501	0.00908005977825883	0.189667167226649	0.225561494682647	NA	NA	NA	3	2	1	NA	NA	NA	5	2	3
6	56465479	56469531	5	3	2	2	e	3	NA	NA	NA	NA	4.565062	1.918101133	2.6469613	2	2	1	NA	NA	NA	NA	NA	NA	NA	NA	NA	NA	3	2	1	NA	NA	NA	4	2	2
6	56469532	58699999	5	3	2	2	d	2	NA	NA	NA	NA	4.550504	1.959527885	2.5909766	2	2	0.264915871042279	3	2	0.735084128957721	0.0416506599815336	0.041572703226879	0.179400056600613	0.348695615846484	NA	NA	NA	3	2	1	NA	NA	NA	4	1	3
6	58700000	63299999	5	3	2	2	d	2	NA	NA	NA	NA	4.709886	2.021800747	2.6880856	NA	NA	NA	NA	NA	NA	NA	NA	NA	NA	NA	NA	NA	3	2	1	NA	NA	NA	4	1	3
6	63300000	65654613	5	3	2	2	d	3	NA	NA	NA	NA	4.760013	2.031740888	2.7282726	2	2	0.210638919976111	3	2	0.789361080023889	0.0268586994576463	0.0267066297530589	0.1601848541349	0.26525005943905	NA	NA	NA	3	2	1	NA	NA	NA	5	2	3
6	65654614	65663946	5	3	2	2	d	3	NA	NA	NA	NA	4.760013	2.031740888	2.7282726	3	2	1	NA	NA	NA	NA	NA	NA	NA	NA	NA	NA	3	2	1	NA	NA	NA	5	2	3
6	65663947	66890840	5	3	2	2	d	3	NA	NA	NA	NA	4.688167	1.999808956	2.6883577	2	2	0.251549830674071	3	2	0.748450169325929	0.0116783310879453	0.01198325280776	0.2276396896195	0.274199770073856	NA	NA	NA	3	2	1	NA	NA	NA	5	2	3
6	66890841	66890999	5	3	2	2	d	2	NA	NA	NA	NA	4.688167	1.999808956	2.6883577	2	2	0.251549830674071	3	2	0.748450169325929	0.0116783310879453	0.01198325280776	0.2276396896195	0.274199770073856	NA	NA	NA	3	2	1	NA	NA	NA	5	2	3
6	66891000	82305121	5	3	2	2	d	3	NA	NA	NA	NA	4.595259	1.942744187	2.6525153	2	2	0.251549830674071	3	2	0.748450169325929	0.0116783310879453	0.01198325280776	0.2276396896195	0.274199770073856	NA	NA	NA	3	2	1	NA	NA	NA	5	2	3
6	82305122	82357092	5	3	2	2	d	3	NA	NA	NA	NA	4.595259	1.942744187	2.6525153	3	2	0.572143176475041	3	3	0.427856823524959	0.222921523133605	0.22122224536402	-0.0940753491506956	0.752583003627055	NA	NA	NA	3	2	1	NA	NA	NA	5	2	3
6	82357093	83659555	5	3	2	2	d	3	NA	NA	NA	NA	4.409812	1.75307917	2.6567324	3	2	1	NA	NA	NA	NA	NA	NA	NA	NA	NA	NA	3	2	1	NA	NA	NA	4	1	3
6	83659556	86192010	4	2	2	2	d	3	NA	NA	NA	NA	3.676218	1.838108876	1.8381089	2	1	0.144528680001514	2	2	0.855471319998486	0.0280230453339018	0.0276556650208837	0.0977254315559245	0.205125457902446	NA	NA	NA	2	2	1	NA	NA	NA	4	2	2
6	86192011	86196934	5	3	2	2	e	2	NA	NA	NA	NA	3.676218	1.838108876	1.8381089	3	2	1	NA	NA	NA	NA	NA	NA	NA	NA	NA	NA	2	2	1	NA	NA	NA	4	2	2
6	86196935	87388420	4	2	2	2	d	4	NA	NA	NA	NA	3.863517	1.931758368	1.9317584	2	2	1	NA	NA	NA	NA	NA	NA	NA	NA	NA	NA	2	2	1	NA	NA	NA	4	2	2
6	87388421	87432002	2	2	0	2	d	3	NA	NA	NA	NA	3.863517	1.931758368	1.9317584	2	0	1	NA	NA	NA	NA	NA	NA	NA	NA	NA	NA	2	2	1	NA	NA	NA	2	0	2
6	87432003	116489200	4	2	2	3	b	5	NA	NA	NA	NA	4	2	2	2	2	1	NA	NA	NA	NA	NA	NA	NA	NA	NA	NA	2	2	1	NA	NA	NA	4	2	2
6	116489201	121692495	3	2	1	3	b	5	NA	NA	NA	NA	3	1	2	2	1	1	NA	NA	NA	NA	NA	NA	NA	NA	NA	NA	2	1	1	NA	NA	NA	3	1	2
6	121692496	147849583	4	3	1	2	d	4	NA	NA	NA	NA	3.97247	1.072694835	2.8997756	3	1	1	NA	NA	NA	NA	NA	NA	NA	NA	NA	NA	3	1	1	NA	NA	NA	4	1	3
6	147849584	147860617	4	3	1	2	d	3	NA	NA	NA	NA	3.97247	1.072694835	2.8997756	3	1	1	NA	NA	NA	NA	NA	NA	NA	NA	NA	NA	3	1	1	NA	NA	NA	4	1	3
6	147860618	150782781	4	3	1	2	d	4	NA	NA	NA	NA	3.887169	1.080233926	2.806935	3	1	1	NA	NA	NA	NA	NA	NA	NA	NA	NA	NA	3	1	1	NA	NA	NA	4	1	3
6	150782782	150790217	3	2	1	2	d	3	NA	NA	NA	NA	3.887169	1.080233926	2.806935	2	1	1	NA	NA	NA	NA	NA	NA	NA	NA	NA	NA	3	1	1	NA	NA	NA	3	1	2
6	150790218	165204116	4	3	1	2	d	4	NA	NA	NA	NA	3.934166	1.09621289	2.837953	3	1	1	NA	NA	NA	NA	NA	NA	NA	NA	NA	NA	3	1	1	NA	NA	NA	4	1	3
6	165204117	170899934	5	4	1	2	d	3	NA	NA	NA	NA	4.657083	1.095370447	3.5617123	3	1	0.382282707650414	4	1	0.617717292349586	0.0274825622507776	0.026024509074025	0.407134383964598	0.506930608384246	NA	NA	NA	4	1	1	NA	NA	NA	5	1	4
7	40386	835281	4	3	1	2	d	2	NA	NA	NA	NA	4.119977	1.255881592	2.8640956	3	1	0.795649353860115	3	2	0.204350646139885	0.031223461030959	0.0312661458206055	0.678816408151552	0.801399260718139	NA	NA	NA	3	2	0.212712	3	1	0.787288	4	1	3
7	835282	838431	5	3	2	2	f	2	NA	NA	NA	NA	4.119977	1.255881592	2.8640956	4	1	1	NA	NA	NA	NA	NA	NA	NA	NA	NA	NA	3	2	0.212712	3	1	0.787288	4	0	4
7	838432	7433561	4	3	1	1	g	NA	NA	NA	NA	NA	4.24283	1.337105482	2.9057241	3	1	0.702125950013234	3	2	0.297874049986766	0.0130991936037207	0.0132362205615158	0.65232899931828	0.703335778758561	NA	NA	NA	3	2	0.303059	3	1	0.696941	5	1	4
7	7433562	7459052	5	3	2	2	f	2	NA	NA	NA	NA	4.24283	1.337105482	2.9057241	6	2	1	NA	NA	NA	NA	NA	NA	NA	NA	NA	NA	3	0	0.392247	3	1	0.607753	5	1	4
7	7459053	7607276	4	3	1	2	f	2	NA	NA	NA	NA	NA	NA	NA	3	1	1	NA	NA	NA	NA	NA	NA	NA	NA	NA	NA	3	0	0.392247	3	1	0.607753	5	1	4
7	7607277	8054234	4	3	1	2	d	2	NA	NA	NA	NA	3.667714	0.661996505	3.0057173	3	0	0.414838786225672	3	1	0.585161213774328	0.0437586508504555	0.0444194482498392	0.304653866429391	0.482814935582481	NA	NA	NA	3	0	0.392247	3	1	0.607753	4	1	3
7	8054235	17449112	4	3	1	2	d	2	NA	NA	NA	NA	4.354146	1.386044281	2.9681014	3	1	0.667388685727247	3	2	0.332611314272753	0.00942692855361882	0.00968919704930549	0.637087925213209	0.675191297724017	NA	NA	NA	3	2	0.348886	3	1	0.651114	4	1	3
7	17449113	17465338	3	2	1	2	d	3	NA	NA	NA	NA	4.354146	1.386044281	2.9681014	2	1	1	NA	NA	NA	NA	NA	NA	NA	NA	NA	NA	2	2	1	NA	NA	NA	3	1	2
7	17465339	33346925	4	3	1	2	d	2	NA	NA	NA	NA	4.197284	1.309506511	2.8877772	3	1	0.691553739143588	3	2	0.308446260856412	0.00810075929730608	0.00828964972419961	0.650823709194256	0.683178656537907	NA	NA	NA	3	2	0.331647	3	1	0.668353	4	1	3
7	33346926	33546208	4	2	2	1	g	NA	NA	NA	NA	NA	4.064063	1.309627145	2.7544363	3	1	0.55460158494933	3	2	0.44539841505067	0.0793021769697855	0.0805281417586833	0.344830364076268	0.663579499996643	NA	NA	NA	3	2	0.489803	3	1	0.510197	4	1	3
7	33546209	33969261	4	3	1	2	d	2	NA	NA	NA	NA	4.083006	1.242677515	2.8403283	3	1	0.685915226679779	3	2	0.314084773320221	0.0420534889236711	0.0436735077131965	0.623834537644155	0.796199171609424	NA	NA	NA	3	2	0.321339	3	1	0.678661	4	1	3
7	33969262	42110927	5	3	2	2	d	4	NA	NA	NA	NA	4.792216	1.946037253	2.8461783	3	2	1	NA	NA	NA	NA	NA	NA	NA	NA	NA	NA	3	2	1	NA	NA	NA	5	2	3
7	42110928	42112359	5	3	2	2	d	3	NA	NA	NA	NA	4.792216	1.946037253	2.8461783	3	2	1	NA	NA	NA	NA	NA	NA	NA	NA	NA	NA	3	2	1	NA	NA	NA	5	2	3
7	42112360	57999999	5	3	2	2	d	4	NA	NA	NA	NA	4.805752	1.951838471	2.8539133	3	2	1	NA	NA	NA	NA	NA	NA	NA	NA	NA	NA	3	2	1	NA	NA	NA	5	2	3
7	58000000	61699999	NA	NA	NA	NA	NA	NA	NA	NA	NA	NA	4.805752	1.951838471	2.8539133	NA	NA	NA	NA	NA	NA	NA	NA	NA	NA	NA	NA	NA	3	2	1	NA	NA	NA	4	2	2
7	61700000	64513373	4	2	2	2	d	4	NA	NA	NA	NA	4.143284	2.071642002	2.071642	2	2	1	NA	NA	NA	NA	NA	NA	NA	NA	NA	NA	2	2	1	NA	NA	NA	4	2	2
7	64513374	65215988	4	2	2	3	b	5	NA	NA	NA	NA	4	2	2	2	2	1	NA	NA	NA	NA	NA	NA	NA	NA	NA	NA	2	2	1	NA	NA	NA	4	2	2
7	65215989	65218552	4	2	2	2	d	4	NA	NA	NA	NA	4	2	2	2	2	1	NA	NA	NA	NA	NA	NA	NA	NA	NA	NA	2	2	1	NA	NA	NA	4	2	2
7	65218553	69489378	4	2	2	3	b	5	NA	NA	NA	NA	4	2	2	2	2	1	NA	NA	NA	NA	NA	NA	NA	NA	NA	NA	2	2	1	NA	NA	NA	4	2	2
7	69489379	69542367	3	2	1	2	d	4	NA	NA	NA	NA	4	2	2	2	1	1	NA	NA	NA	NA	NA	NA	NA	NA	NA	NA	2	1	1	NA	NA	NA	3	1	2
7	69542368	70377113	4	2	2	3	b	5	NA	NA	NA	NA	4	2	2	2	2	1	NA	NA	NA	NA	NA	NA	NA	NA	NA	NA	2	2	1	NA	NA	NA	4	2	2
7	70377114	71843450	5	3	2	2	d	2	NA	NA	NA	NA	4.641918	1.963360529	2.678557	2	2	0.229180373325261	3	2	0.770819626674739	0.039949653299711	0.0401674174008857	0.171402908434784	0.328741588291721	NA	NA	NA	3	2	1	NA	NA	NA	5	2	3
7	71843451	71854015	5	3	2	2	d	2	NA	NA	NA	NA	4.641918	1.963360529	2.678557	NA	NA	NA	NA	NA	NA	NA	NA	NA	NA	NA	NA	NA	3	3	1	NA	NA	NA	5	2	3
7	71854016	76986383	5	3	2	2	d	2	NA	NA	NA	NA	4.687978	2.023467536	2.6645107	3	2	0.741061638100995	3	3	0.258938361899005	0.0338224868410175	0.0345430929615913	0.672216746890046	0.804710123171883	NA	NA	NA	3	3	1	NA	NA	NA	5	2	3
7	76986384	76986554	6	3	3	2	f	2	NA	NA	NA	NA	4.687978	2.023467536	2.6645107	NA	NA	NA	NA	NA	NA	NA	NA	NA	NA	NA	NA	NA	3	3	1	NA	NA	NA	5	2	3
7	76986555	77999576	5	3	2	2	d	3	NA	NA	NA	NA	4.636652	2.048789998	2.5878623	2	2	0.421885279993957	3	2	0.578114720006043	0.0486606453527389	0.0475212085632711	0.342884885237602	0.527908905492233	NA	NA	NA	3	2	1	NA	NA	NA	5	2	3
7	77999577	80181878	5	3	2	2	d	3	NA	NA	NA	NA	4.650136	2.031786663	2.6183493	2	2	0.308542712425105	3	2	0.691457287574895	0.033111641176019	0.0342547627369376	0.237618540178916	0.371763816650752	NA	NA	NA	3	2	1	NA	NA	NA	5	2	3
7	80181879	80218256	4	2	2	2	f	3	NA	NA	NA	NA	4.34536	2.17267993	2.1726799	2	2	0.308542712425105	3	2	0.691457287574895	0.033111641176019	0.0342547627369376	0.237618540178916	0.371763816650752	NA	NA	NA	2	2	1	NA	NA	NA	4	1	3
7	80218257	90330292	5	3	2	2	d	3	NA	NA	NA	NA	4.595794	2.00720331	2.5885905	2	2	0.380591371422084	3	2	0.619408628577916	0.0162929816984386	0.0163544546470211	0.362613712270811	0.426040240513107	NA	NA	NA	3	2	1	NA	NA	NA	5	2	3
7	90330293	99838025	5	3	2	2	d	3	NA	NA	NA	NA	4.570157	1.958586412	2.6115702	2	2	0.277356599992431	3	2	0.722643400007569	0.0188211902507732	0.0182172403243726	0.262136782543619	0.33358291016258	NA	NA	NA	3	2	1	NA	NA	NA	5	2	3
7	99838026	99890745	5	3	2	2	f	2	NA	NA	NA	NA	4.570157	1.958586412	2.6115702	4	3	1	NA	NA	NA	NA	NA	NA	NA	NA	NA	NA	3	2	1	NA	NA	NA	6	2	4
7	99890746	107081556	5	3	2	2	d	3	NA	NA	NA	NA	4.539906	1.981920747	2.5579853	2	2	0.367687024993387	3	2	0.632312975006613	0.0203743201997341	0.020499620657577	0.326027595057203	0.405818230026576	NA	NA	NA	3	2	1	NA	NA	NA	5	2	3
7	107081557	107197337	6	3	3	2	d	3	NA	NA	NA	NA	5.238788	2.619393934	2.6193939	3	3	1	NA	NA	NA	NA	NA	NA	NA	NA	NA	NA	3	3	1	NA	NA	NA	6	2	4
7	107197338	109820454	5	3	2	2	d	3	NA	NA	NA	NA	4.619726	2.009446415	2.6102795	2	2	0.391458189467311	3	2	0.608541810532689	0.0303036173040226	0.0286517586576799	0.32888437636058	0.444820305717066	NA	NA	NA	3	2	1	NA	NA	NA	5	2	3
7	109820455	109917341	3	2	1	2	d	2	NA	NA	NA	NA	3.393536	1.451652468	1.9418832	2	1	0.541982550005668	2	2	0.458017449994332	0.152154121846946	0.142080467852131	0.371161306776803	0.937719216013284	NA	NA	NA	3	2	1	NA	NA	NA	3	1	2
7	109917342	110212072	4	2	2	2	d	3	NA	NA	NA	NA	4.376041	2.188020411	2.1880204	2	2	0.518237733328298	3	2	0.481762266671702	0.0884297580308164	0.0933130545213968	0.267021393840441	0.63201219100115	NA	NA	NA	2	2	1	NA	NA	NA	4	2	2
7	110212073	110232395	4	2	2	2	f	2	NA	NA	NA	NA	4.376041	2.188020411	2.1880204	NA	NA	NA	NA	NA	NA	NA	NA	NA	NA	NA	NA	NA	2	0	0.581721	1	0	0.418279	4	2	2
7	110232396	110284316	4	2	2	2	d	3	NA	NA	NA	NA	NA	NA	NA	2	2	1	NA	NA	NA	NA	NA	NA	NA	NA	NA	NA	2	0	0.581721	1	0	0.418279	4	2	2
7	110284317	110436085	2	2	0	2	d	3	NA	NA	NA	NA	2.189248	0.156111258	2.0331363	2	0	1	NA	NA	NA	NA	NA	NA	NA	NA	NA	NA	2	0	0.581721	1	0	0.418279	2	0	2
7	110436086	117674041	5	3	2	2	d	3	NA	NA	NA	NA	4.546256	1.976312682	2.5699428	2	2	0.361500957275977	3	2	0.638499042724023	0.0127213002519157	0.0128780718752454	0.335812313351523	0.386813777893424	NA	NA	NA	3	2	1	NA	NA	NA	5	2	3
7	117674042	117677141	5	3	2	2	d	3	NA	NA	NA	NA	4.546256	1.976312682	2.5699428	2	2	0.361500957275977	3	2	0.638499042724023	0.0127213002519157	0.0128780718752454	0.335812313351523	0.386813777893424	NA	NA	NA	3	2	1	NA	NA	NA	5	2	3
7	117677142	130543182	5	3	2	2	d	3	NA	NA	NA	NA	4.5737	1.997208598	2.5764917	2	2	0.361500957275977	3	2	0.638499042724023	0.0127213002519157	0.0128780718752454	0.335812313351523	0.386813777893424	NA	NA	NA	3	2	1	NA	NA	NA	5	2	3
7	130543183	130778397	4	3	1	2	d	2	NA	NA	NA	NA	3.90376	1.29864352	2.6051168	3	1	0.475734813804581	3	2	0.52426518619542	0.0705642685076071	0.0707075675683831	0.31905956030651	0.600368013419231	NA	NA	NA	3	2	0.418622	3	1	0.581378	4	1	3
7	130778398	158821400	5	3	2	2	d	3	NA	NA	NA	NA	4.540774	1.967909862	2.5728645	2	2	0.365558726325551	3	2	0.634441273674449	0.00978625897053778	0.00956969568929634	0.347006049455118	0.384535447171556	NA	NA	NA	3	2	1	NA	NA	NA	5	2	3
8	10001	164049	1	1	0	2	d	2	NA	NA	NA	NA	NA	NA	NA	NA	NA	NA	NA	NA	NA	NA	NA	NA	NA	NA	NA	NA	1	0	0.411389	1	1	0.588611	1	0	1
8	164050	13221791	2	1	1	2	e	4	NA	NA	NA	NA	1.673341	0.836670653	0.8366707	1	0	0.315095600005038	1	1	0.684904399994962	0.00643780781688943	0.00619716956715599	0.318745095357312	0.344710444371438	NA	NA	NA	1	0	0.411389	1	1	0.588611	1	0	1
8	13221792	13222088	2	1	1	2	f	3	NA	NA	NA	NA	1.673341	0.836670653	0.8366707	NA	NA	NA	NA	NA	NA	NA	NA	NA	NA	NA	NA	NA	1	0	0.411389	1	1	0.588611	2	1	1
8	13222089	18762519	2	1	1	3	b	5	NA	NA	NA	NA	2	1	1	1	1	1	NA	NA	NA	NA	NA	NA	NA	NA	NA	NA	1	1	1	NA	NA	NA	2	1	1
8	18762520	18767143	1	1	0	2	d	3	NA	NA	NA	NA	2	1	1	1	0	1	NA	NA	NA	NA	NA	NA	NA	NA	NA	NA	1	1	1	NA	NA	NA	1	0	1
8	18767144	43099999	2	1	1	3	b	5	NA	NA	NA	NA	2	1	1	1	1	1	NA	NA	NA	NA	NA	NA	NA	NA	NA	NA	1	1	1	NA	NA	NA	2	1	1
8	43100000	48099999	NA	NA	NA	NA	NA	NA	NA	NA	NA	NA	4.112489	0.995314685	3.1171739	NA	NA	NA	NA	NA	NA	NA	NA	NA	NA	NA	NA	NA	3	1	1	NA	NA	NA	3	1	2
8	48100000	50782350	6	5	1	2	d	4	NA	NA	NA	NA	5.424023	0.978812733	4.4452101	5	1	1	NA	NA	NA	NA	NA	NA	NA	NA	NA	NA	5	1	1	NA	NA	NA	6	1	5
8	50782351	50784570	1	1	0	1	g	NA	NA	NA	NA	NA	5.424023	0.978812733	4.4452101	4	1	1	NA	NA	NA	NA	NA	NA	NA	NA	NA	NA	5	1	1	NA	NA	NA	5	1	4
8	50784571	67612809	6	5	1	2	d	4	NA	NA	NA	NA	5.516132	1.00183995	4.5142918	5	1	1	NA	NA	NA	NA	NA	NA	NA	NA	NA	NA	5	1	1	NA	NA	NA	6	1	5
8	67612810	67618066	6	5	1	2	d	3	NA	NA	NA	NA	5.516132	1.00183995	4.5142918	5	1	1	NA	NA	NA	NA	NA	NA	NA	NA	NA	NA	5	1	1	NA	NA	NA	6	1	5
8	67618067	73785626	6	5	1	2	d	4	NA	NA	NA	NA	5.528412	0.97606903	4.5523427	5	1	1	NA	NA	NA	NA	NA	NA	NA	NA	NA	NA	5	1	1	NA	NA	NA	6	1	5
8	73785627	99177713	6	5	1	2	d	4	NA	NA	NA	NA	5.602695	0.96217513	4.6405203	5	1	1	NA	NA	NA	NA	NA	NA	NA	NA	NA	NA	5	1	1	NA	NA	NA	6	1	5
8	99177714	99181842	6	5	1	2	d	2	NA	NA	NA	NA	5.602695	0.96217513	4.6405203	5	1	0.272540888905689	5	2	0.727459111094311	0.18478790400896	0.163245353211492	0.204386372730473	0.847267598561674	NA	NA	NA	5	1	1	NA	NA	NA	6	1	5
8	99181843	107496977	6	5	1	2	d	4	NA	NA	NA	NA	5.464358	0.944196955	4.520161	5	1	1	NA	NA	NA	NA	NA	NA	NA	NA	NA	NA	5	1	1	NA	NA	NA	6	1	5
8	107496978	107511176	7	6	1	2	f	3	NA	NA	NA	NA	5.968196	0.803315723	5.1648804	6	1	1	NA	NA	NA	NA	NA	NA	NA	NA	NA	NA	6	1	1	NA	NA	NA	6	0	6
8	107511177	110249494	6	5	1	2	d	3	NA	NA	NA	NA	5.502313	0.965314143	4.536999	5	1	1	NA	NA	NA	NA	NA	NA	NA	NA	NA	NA	5	1	1	NA	NA	NA	5	1	4
8	110249495	110254594	6	5	1	2	d	2	NA	NA	NA	NA	5.502313	0.965314143	4.536999	5	1	1	NA	NA	NA	NA	NA	NA	NA	NA	NA	NA	5	1	1	NA	NA	NA	5	1	4
8	110254595	112366159	6	5	1	2	d	3	NA	NA	NA	NA	5.57026	0.991128864	4.5791316	5	1	1	NA	NA	NA	NA	NA	NA	NA	NA	NA	NA	5	1	1	NA	NA	NA	5	1	4
8	112366160	113847309	5	4	1	3	b	5	NA	NA	NA	NA	5	1	4	4	1	1	NA	NA	NA	NA	NA	NA	NA	NA	NA	NA	4	1	1	NA	NA	NA	5	1	4
8	113847310	114296581	6	5	1	2	d	3	NA	NA	NA	NA	5.525821	1.06715131	4.4586695	5	1	1	NA	NA	NA	NA	NA	NA	NA	NA	NA	NA	5	1	1	NA	NA	NA	5	1	4
8	114296582	114572000	5	4	1	2	d	4	NA	NA	NA	NA	5	1	4	5	1	1	NA	NA	NA	NA	NA	NA	NA	NA	NA	NA	4	1	1	NA	NA	NA	5	1	4
8	114572001	118288889	6	5	1	2	d	3	NA	NA	NA	NA	5.455945	0.986793272	4.4691517	5	1	1	NA	NA	NA	NA	NA	NA	NA	NA	NA	NA	5	1	1	NA	NA	NA	5	1	4
8	118288890	118300660	6	5	1	2	d	3	NA	NA	NA	NA	5.455945	0.986793272	4.4691517	6	1	1	NA	NA	NA	NA	NA	NA	NA	NA	NA	NA	5	1	1	NA	NA	NA	6	1	5
8	118300661	120847483	6	5	1	2	d	4	NA	NA	NA	NA	5.389394	0.937616967	4.4517769	5	1	1	NA	NA	NA	NA	NA	NA	NA	NA	NA	NA	5	1	1	NA	NA	NA	6	1	5
8	120847484	120882286	6	5	1	2	f	2	NA	NA	NA	NA	5.389394	0.937616967	4.4517769	8	1	1	NA	NA	NA	NA	NA	NA	NA	NA	NA	NA	5	1	1	NA	NA	NA	7	0	7
8	120882287	127316026	6	5	1	2	d	4	NA	NA	NA	NA	5.557314	0.984958292	4.5723558	5	1	1	NA	NA	NA	NA	NA	NA	NA	NA	NA	NA	5	1	1	NA	NA	NA	6	1	5
8	127316027	127317769	6	5	1	2	f	3	NA	NA	NA	NA	5.557314	0.984958292	4.5723558	NA	NA	NA	NA	NA	NA	NA	NA	NA	NA	NA	NA	NA	5	2	0.458917	5	1	0.541083	6	1	5
8	127317770	131114104	6	5	1	2	d	2	NA	NA	NA	NA	5.38618	1.215600203	4.1705795	4	1	1	NA	NA	NA	NA	NA	NA	NA	NA	NA	NA	5	2	0.458917	5	1	0.541083	6	1	5
8	131114105	131135553	5	4	1	2	f	3	NA	NA	NA	NA	5.38618	1.215600203	4.1705795	4	2	1	NA	NA	NA	NA	NA	NA	NA	NA	NA	NA	4	2	1	NA	NA	NA	5	1	4
8	131135554	131139808	6	4	2	2	d	2	NA	NA	NA	NA	NA	NA	NA	4	2	1	NA	NA	NA	NA	NA	NA	NA	NA	NA	NA	4	2	1	NA	NA	NA	5	1	4
8	131139809	131141708	4	3	1	1	g	NA	NA	NA	NA	NA	NA	NA	NA	4	1	0.815784800017415	4	2	0.184215199982585	NA	0	0.815784800017415	0.815784800017415	NA	NA	NA	4	2	1	NA	NA	NA	5	1	4
8	131141709	138011057	5	4	1	2	d	3	NA	NA	NA	NA	5.368268	1.210482603	4.1577855	4	1	1	NA	NA	NA	NA	NA	NA	NA	NA	NA	NA	4	2	1	NA	NA	NA	5	1	4
8	138011058	138014451	5	4	1	2	d	2	NA	NA	NA	NA	5.368268	1.210482603	4.1577855	4	1	1	NA	NA	NA	NA	NA	NA	NA	NA	NA	NA	NA	NA	NA	NA	NA	NA	5	1	4
8	138014452	144155851	5	4	1	2	d	3	NA	NA	NA	NA	5.251567	1.177139366	4.0744274	4	1	1	NA	NA	NA	NA	NA	NA	NA	NA	NA	NA	NA	NA	NA	NA	NA	NA	5	1	4
8	144155852	144159559	5	4	1	2	f	2	NA	NA	NA	NA	5.251567	1.177139366	4.0744274	4	1	1	NA	NA	NA	NA	NA	NA	NA	NA	NA	NA	5	2	0.388057	5	1	0.611943	6	1	5
8	144159560	146364021	6	5	1	2	d	2	NA	NA	NA	NA	5.347585	1.153279729	4.1943049	4	1	1	NA	NA	NA	NA	NA	NA	NA	NA	NA	NA	5	2	0.388057	5	1	0.611943	6	1	5
9	88207	9030983	2	1	1	2	d	3	NA	NA	NA	NA	2.306473	1.153236631	1.1532366	1	1	0.684904399994963	2	1	0.315095600005037	0.010936263976512	0.0108712890225706	0.651433863487757	0.694293845212431	NA	NA	NA	1	1	1	NA	NA	NA	2	1	1
9	9030984	12257744	1	1	0	2	d	2	NA	NA	NA	NA	1.513398	0.454482047	1.0589161	1	0	0.630191200010083	1	1	0.369808799989917	0.0129099080067068	0.0130240931470495	0.604938597292631	0.655693133604096	NA	NA	NA	1	0	0.45866	0	0	0.54134	1	0	1
9	12257745	12259803	2	1	1	2	d	2	NA	NA	NA	NA	1.513398	0.454482047	1.0589161	1	0	1	NA	NA	NA	NA	NA	NA	NA	NA	NA	NA	1	1	1	NA	NA	NA	2	1	1
9	12259804	12260319	2	1	1	2	d	2	NA	NA	NA	NA	NA	NA	NA	NA	NA	NA	NA	NA	NA	NA	NA	NA	NA	NA	NA	NA	1	1	1	NA	NA	NA	2	1	1
9	12260320	23426584	2	1	1	2	d	2	NA	NA	NA	NA	2.3375	1.16875007	1.1687501	1	1	0.684904399994963	2	1	0.315095600005037	0.0123958470257133	0.0124921112707429	0.656871207155898	0.705183367204394	NA	NA	NA	1	1	1	NA	NA	NA	2	0	2
9	23426585	23427010	2	1	1	2	f	2	NA	NA	NA	NA	2.3375	1.16875007	1.1687501	NA	NA	NA	NA	NA	NA	NA	NA	NA	NA	NA	NA	NA	1	1	1	NA	NA	NA	2	0	2
9	23427011	47299999	2	1	1	2	d	4	NA	NA	NA	NA	2	1	1	1	1	1	NA	NA	NA	NA	NA	NA	NA	NA	NA	NA	1	1	1	NA	NA	NA	2	0	2
9	47300000	50699999	NA	NA	NA	NA	NA	NA	NA	NA	NA	NA	2	1	1	NA	NA	NA	NA	NA	NA	NA	NA	NA	NA	NA	NA	NA	1	1	1	NA	NA	NA	2	0	2
9	50700000	66486485	2	1	1	1	h	1	NA	NA	NA	NA	NA	NA	NA	NA	NA	NA	NA	NA	NA	NA	NA	NA	NA	NA	NA	NA	1	1	1	NA	NA	NA	2	0	2
9	66486486	104506044	2	2	0	3	b	5	NA	NA	NA	NA	2	0	2	2	0	1	NA	NA	NA	NA	NA	NA	NA	NA	NA	NA	2	0	1	NA	NA	NA	2	0	2
9	104506045	104508283	2	2	0	3	b	5	NA	NA	NA	NA	2	0	2	2	0	1	NA	NA	NA	NA	NA	NA	NA	NA	NA	NA	2	0	1	NA	NA	NA	2	0	2
9	104508284	140273200	2	2	0	3	b	5	NA	NA	NA	NA	2	0	2	2	0	1	NA	NA	NA	NA	NA	NA	NA	NA	NA	NA	2	0	1	NA	NA	NA	2	0	2
10	94426	8320554	4	3	1	2	d	4	NA	NA	NA	NA	3.47205	0.861015875	2.6110345	3	1	1	NA	NA	NA	NA	NA	NA	NA	NA	NA	NA	3	1	1	NA	NA	NA	4	1	3
10	8320555	8336404	4	3	1	2	d	4	NA	NA	NA	NA	3.47205	0.861015875	2.6110345	3	1	1	NA	NA	NA	NA	NA	NA	NA	NA	NA	NA	3	1	1	NA	NA	NA	4	1	3
10	8336405	37999999	4	3	1	2	d	4	NA	NA	NA	NA	3.58203	0.900124627	2.6819053	3	1	1	NA	NA	NA	NA	NA	NA	NA	NA	NA	NA	3	1	1	NA	NA	NA	4	1	3
10	38000000	42299999	4	3	1	2	d	2	NA	NA	NA	NA	3.382503	0.822947413	2.5595555	3	1	1	NA	NA	NA	NA	NA	NA	NA	NA	NA	NA	NA	NA	NA	NA	NA	NA	4	1	3
10	42300000	48310176	4	3	1	2	d	3	NA	NA	NA	NA	3.465398	0.903670526	2.561727	3	1	1	NA	NA	NA	NA	NA	NA	NA	NA	NA	NA	3	1	1	NA	NA	NA	4	1	3
10	48310177	54112094	4	3	1	2	d	3	NA	NA	NA	NA	3.411719	0.850121859	2.5615969	3	1	1	NA	NA	NA	NA	NA	NA	NA	NA	NA	NA	3	1	1	NA	NA	NA	4	1	3
10	54112095	54124283	3	2	1	2	d	3	NA	NA	NA	NA	3.411719	0.850121859	2.5615969	2	1	1	NA	NA	NA	NA	NA	NA	NA	NA	NA	NA	3	1	1	NA	NA	NA	3	1	2
10	54124284	64922523	4	3	1	2	d	3	NA	NA	NA	NA	3.586339	0.907063197	2.6792756	3	1	1	NA	NA	NA	NA	NA	NA	NA	NA	NA	NA	3	1	1	NA	NA	NA	3	1	2
10	64922524	65150189	3	2	1	2	d	4	NA	NA	NA	NA	2.839282	0.936524038	1.9027583	2	1	1	NA	NA	NA	NA	NA	NA	NA	NA	NA	NA	2	1	1	NA	NA	NA	3	1	2
10	65150190	65556613	4	3	1	2	d	4	NA	NA	NA	NA	3.571555	0.866994959	2.70456	3	1	1	NA	NA	NA	NA	NA	NA	NA	NA	NA	NA	3	1	1	NA	NA	NA	4	1	3
10	65556614	80759020	3	3	0	2	d	4	NA	NA	NA	NA	2.7085	0.08906852	2.619432	3	0	1	NA	NA	NA	NA	NA	NA	NA	NA	NA	NA	3	0	1	NA	NA	NA	3	0	3
10	80759021	80764566	2	2	0	2	f	3	NA	NA	NA	NA	2.7085	0.08906852	2.619432	1	0	1	NA	NA	NA	NA	NA	NA	NA	NA	NA	NA	3	0	1	NA	NA	NA	2	0	2
10	80764567	90630631	3	3	0	2	d	3	NA	NA	NA	NA	2.694601	0.086288703	2.6083127	2	0	0.328279199909251	3	0	0.671720800090749	0.0289463448811208	0.0282876523310709	0.340737953947519	0.458213146282617	NA	NA	NA	3	0	1	NA	NA	NA	3	0	3
10	90630632	91865525	3	3	0	2	d	2	NA	NA	NA	NA	3.317091	0.067037594	3.2500539	3	0	0.48764430642276	4	0	0.51235569357724	0.0747498900714447	0.0696536442414362	0.423901968932258	0.696883915882475	NA	NA	NA	3	0	1	NA	NA	NA	3	0	3
10	91865526	91968716	3	3	0	2	f	3	NA	NA	NA	NA	3.317091	0.067037594	3.2500539	2	0	1	NA	NA	NA	NA	NA	NA	NA	NA	NA	NA	3	0	1	NA	NA	NA	2	0	2
10	91968717	107049166	2	2	0	3	b	5	NA	NA	NA	NA	2	0	2	2	0	1	NA	NA	NA	NA	NA	NA	NA	NA	NA	NA	2	0	1	NA	NA	NA	2	0	2
10	107049167	107051675	2	2	0	2	d	3	NA	NA	NA	NA	2	0	2	NA	NA	NA	NA	NA	NA	NA	NA	NA	NA	NA	NA	NA	2	0	1	NA	NA	NA	2	0	2
10	107051676	112259133	2	2	0	2	d	4	NA	NA	NA	NA	2.114185	0.115123579	1.9990609	2	0	1	NA	NA	NA	NA	NA	NA	NA	NA	NA	NA	2	0	1	NA	NA	NA	2	0	2
10	112259134	112281318	2	2	0	2	d	2	NA	NA	NA	NA	2.114185	0.115123579	1.9990609	4	0	1	NA	NA	NA	NA	NA	NA	NA	NA	NA	NA	2	0	1	NA	NA	NA	2	0	2
10	112281319	122385192	2	2	0	3	b	5	NA	NA	NA	NA	2	0	2	2	0	1	NA	NA	NA	NA	NA	NA	NA	NA	NA	NA	2	0	1	NA	NA	NA	2	0	2
10	122385193	126512745	3	2	1	2	d	3	NA	NA	NA	NA	2.827146	0.871583389	1.955563	2	0	0.18250738183056	2	1	0.81749261816944	0.0126650454275985	0.012932892748477	0.129510301505185	0.180315564084928	NA	NA	NA	2	1	1	NA	NA	NA	3	1	2
10	126512746	126558050	4	3	1	2	d	4	NA	NA	NA	NA	2.827146	0.871583389	1.955563	3	1	1	NA	NA	NA	NA	NA	NA	NA	NA	NA	NA	3	1	1	NA	NA	NA	4	1	3
10	126558051	131814649	3	2	1	2	d	3	NA	NA	NA	NA	2.835508	0.874719118	1.9607892	2	0	0.190236188247752	2	1	0.809763811752248	0.0120413069995833	0.0119779446526804	0.148055488964693	0.194479163127126	NA	NA	NA	2	1	1	NA	NA	NA	3	1	2
10	131814650	131821322	4	3	1	2	e	0	NA	NA	NA	NA	2.835508	0.874719118	1.9607892	2	1	1	NA	NA	NA	NA	NA	NA	NA	NA	NA	NA	2	1	1	NA	NA	NA	2	1	1
10	131821323	135389304	3	2	1	2	d	3	NA	NA	NA	NA	2.780253	0.853998521	1.9262548	2	0	0.18250738183056	2	1	0.81749261816944	0.0148470102272968	0.0155392368900677	0.123922302835322	0.185294692569281	NA	NA	NA	2	1	1	NA	NA	NA	3	1	2
11	20721	199255	1	1	0	1	g	NA	NA	NA	NA	NA	NA	NA	NA	NA	NA	NA	NA	NA	NA	NA	NA	NA	NA	NA	NA	NA	2	0	1	NA	NA	NA	3	0	3
11	199256	1128754	3	3	0	2	d	3	NA	NA	NA	NA	2.874665	0.030377729	2.8442874	3	0	1	NA	NA	NA	NA	NA	NA	NA	NA	NA	NA	3	0	1	NA	NA	NA	3	0	3
11	1128755	1132530	3	3	0	2	d	3	NA	NA	NA	NA	2.874665	0.030377729	2.8442874	3	0	1	NA	NA	NA	NA	NA	NA	NA	NA	NA	NA	3	0	1	NA	NA	NA	3	0	3
11	1132531	2139727	3	3	0	2	d	4	NA	NA	NA	NA	2.881755	0.034783094	2.8469718	3	0	1	NA	NA	NA	NA	NA	NA	NA	NA	NA	NA	3	0	1	NA	NA	NA	3	0	3
11	2139728	2237818	4	4	0	2	d	3	NA	NA	NA	NA	3.519878	0.0837223	3.4361554	4	0	1	NA	NA	NA	NA	NA	NA	NA	NA	NA	NA	4	0	1	NA	NA	NA	4	0	4
11	2237819	5780020	3	3	0	2	d	4	NA	NA	NA	NA	2.802448	0.08390688	2.7185415	3	0	1	NA	NA	NA	NA	NA	NA	NA	NA	NA	NA	3	0	1	NA	NA	NA	3	0	3
11	5780021	5832500	3	3	0	2	e	2	NA	NA	NA	NA	1.873107	0	1.8731067	3	0	1	NA	NA	NA	NA	NA	NA	NA	NA	NA	NA	2	0	1	NA	NA	NA	3	0	3
11	5832501	40459984	3	3	0	2	d	4	NA	NA	NA	NA	2.874429	0.074868309	2.7995609	3	0	1	NA	NA	NA	NA	NA	NA	NA	NA	NA	NA	3	0	1	NA	NA	NA	3	0	3
11	40459985	40476324	3	3	0	2	d	3	NA	NA	NA	NA	3.611728	0.05411396	3.5576136	4	0	1	NA	NA	NA	NA	NA	NA	NA	NA	NA	NA	3	0	1	NA	NA	NA	3	0	3
11	40476325	51599999	3	3	0	2	d	4	NA	NA	NA	NA	2.907993	0.086902685	2.8210908	3	0	1	NA	NA	NA	NA	NA	NA	NA	NA	NA	NA	3	0	1	NA	NA	NA	3	0	3
11	51600000	55699999	3	3	0	2	d	3	NA	NA	NA	NA	2.907993	0.086902685	2.8210908	2	0	0.576676509107409	2	1	0.423323490892591	0.319224592145486	0.583639461395834	-2.28225593573358	0.123661620956984	NA	NA	NA	3	0	1	NA	NA	NA	3	0	3
11	55700000	63875050	3	3	0	2	d	4	NA	NA	NA	NA	2.854683	0.06376185	2.7909212	3	0	1	NA	NA	NA	NA	NA	NA	NA	NA	NA	NA	3	0	1	NA	NA	NA	3	0	3
11	63875051	63877315	3	3	0	2	d	3	NA	NA	NA	NA	2.854683	0.06376185	2.7909212	3	0	1	NA	NA	NA	NA	NA	NA	NA	NA	NA	NA	3	0	1	NA	NA	NA	3	0	3
11	63877316	65110134	3	3	0	2	d	4	NA	NA	NA	NA	2.785837	0.050853208	2.7349838	3	0	1	NA	NA	NA	NA	NA	NA	NA	NA	NA	NA	3	0	1	NA	NA	NA	3	0	3
11	65110135	65111782	1	1	0	1	g	NA	NA	NA	NA	NA	2.785837	0.050853208	2.7349838	6	0	1	NA	NA	NA	NA	NA	NA	NA	NA	NA	NA	3	0	1	NA	NA	NA	4	0	4
11	65111783	65202399	5	5	0	2	d	2	NA	NA	NA	NA	NA	NA	NA	5	0	1	NA	NA	NA	NA	NA	NA	NA	NA	NA	NA	6	0	1	NA	NA	NA	5	0	5
11	65202400	103825222	4	4	0	2	d	4	NA	NA	NA	NA	3.796024	0.083213364	3.7128105	4	0	1	NA	NA	NA	NA	NA	NA	NA	NA	NA	NA	4	0	1	NA	NA	NA	4	0	4
11	103825223	109762191	5	5	0	2	d	4	NA	NA	NA	NA	4.724087	0.095549319	4.6285375	5	0	1	NA	NA	NA	NA	NA	NA	NA	NA	NA	NA	5	0	1	NA	NA	NA	5	0	5
11	109762192	109846199	5	5	0	2	d	3	NA	NA	NA	NA	4.696281	0.02124567	4.6750355	6	0	1	NA	NA	NA	NA	NA	NA	NA	NA	NA	NA	5	0	1	NA	NA	NA	5	0	5
11	109846200	111403737	5	5	0	2	d	4	NA	NA	NA	NA	4.497743	0.031213156	4.4665303	5	0	1	NA	NA	NA	NA	NA	NA	NA	NA	NA	NA	5	0	1	NA	NA	NA	5	0	5
11	111403738	111410004	5	5	0	2	d	3	NA	NA	NA	NA	4.497743	0.031213156	4.4665303	5	0	1	NA	NA	NA	NA	NA	NA	NA	NA	NA	NA	5	0	1	NA	NA	NA	5	0	5
11	111410005	112937983	5	5	0	2	d	4	NA	NA	NA	NA	4.596751	0.059683706	4.5370669	5	0	1	NA	NA	NA	NA	NA	NA	NA	NA	NA	NA	5	0	1	NA	NA	NA	5	0	5
11	112937984	129981691	5	5	0	2	d	4	NA	NA	NA	NA	4.597681	0.059807742	4.5378731	5	0	1	NA	NA	NA	NA	NA	NA	NA	NA	NA	NA	5	0	1	NA	NA	NA	5	0	5
11	129981692	129994172	4	4	0	2	d	3	NA	NA	NA	NA	4.597681	0.059807742	4.5378731	4	0	1	NA	NA	NA	NA	NA	NA	NA	NA	NA	NA	5	0	1	NA	NA	NA	4	0	4
11	129994173	134452200	4	4	0	2	f	3	NA	NA	NA	NA	4.516314	0.067216711	4.4490976	5	0	1	NA	NA	NA	NA	NA	NA	NA	NA	NA	NA	5	0	1	NA	NA	NA	4	0	4
12	110107	207856	3	3	0	2	d	2	NA	NA	NA	NA	NA	NA	NA	NA	NA	NA	NA	NA	NA	NA	NA	NA	NA	NA	NA	NA	3	0	1	NA	NA	NA	3	0	3
12	207857	11033657	3	3	0	2	d	4	NA	NA	NA	NA	2.89046	0.064075751	2.826384	3	0	1	NA	NA	NA	NA	NA	NA	NA	NA	NA	NA	3	0	1	NA	NA	NA	3	0	3
12	11033658	11085073	3	3	0	2	d	3	NA	NA	NA	NA	2.89046	0.064075751	2.826384	2	0	1	NA	NA	NA	NA	NA	NA	NA	NA	NA	NA	3	0	1	NA	NA	NA	3	0	3
12	11085074	16980892	3	3	0	3	b	5	NA	NA	NA	NA	3	0	3	3	0	1	NA	NA	NA	NA	NA	NA	NA	NA	NA	NA	3	0	1	NA	NA	NA	3	0	3
12	16980893	16982613	3	3	0	2	d	3	NA	NA	NA	NA	3	0	3	4	0	1	NA	NA	NA	NA	NA	NA	NA	NA	NA	NA	3	0	1	NA	NA	NA	3	0	3
12	16982614	27242360	3	3	0	2	d	4	NA	NA	NA	NA	3.058709	0.115610395	2.9430986	3	0	1	NA	NA	NA	NA	NA	NA	NA	NA	NA	NA	3	0	1	NA	NA	NA	3	0	3
12	27242361	27252143	3	3	0	2	d	3	NA	NA	NA	NA	3.058709	0.115610395	2.9430986	3	0	1	NA	NA	NA	NA	NA	NA	NA	NA	NA	NA	3	0	1	NA	NA	NA	3	0	3
12	27252144	30424478	3	3	0	2	d	4	NA	NA	NA	NA	2.991448	0.102798875	2.8886496	3	0	1	NA	NA	NA	NA	NA	NA	NA	NA	NA	NA	3	0	1	NA	NA	NA	3	0	3
12	30424479	30426631	3	3	0	2	d	3	NA	NA	NA	NA	2.991448	0.102798875	2.8886496	3	0	1	NA	NA	NA	NA	NA	NA	NA	NA	NA	NA	3	0	1	NA	NA	NA	3	0	3
12	30426632	31763438	3	3	0	2	d	4	NA	NA	NA	NA	2.945686	0.068342905	2.8773433	3	0	1	NA	NA	NA	NA	NA	NA	NA	NA	NA	NA	3	0	1	NA	NA	NA	3	0	3
12	31763439	31764657	3	3	0	2	d	3	NA	NA	NA	NA	2.945686	0.068342905	2.8773433	3	0	1	NA	NA	NA	NA	NA	NA	NA	NA	NA	NA	3	0	1	NA	NA	NA	3	0	3
12	31764658	32440307	3	3	0	2	d	4	NA	NA	NA	NA	3.124293	0.079565785	3.0447276	3	0	1	NA	NA	NA	NA	NA	NA	NA	NA	NA	NA	3	0	1	NA	NA	NA	3	0	3
12	32440308	32508372	2	2	0	2	d	2	NA	NA	NA	NA	3.124293	0.079565785	3.0447276	2	0	1	NA	NA	NA	NA	NA	NA	NA	NA	NA	NA	3	0	1	NA	NA	NA	2	0	2
12	32508373	33299999	3	3	0	2	d	4	NA	NA	NA	NA	3.074181	0.104917645	2.969263	3	0	1	NA	NA	NA	NA	NA	NA	NA	NA	NA	NA	3	0	1	NA	NA	NA	3	0	3
12	33300000	38720487	3	3	0	2	d	3	NA	NA	NA	NA	3.156649	0.145704529	3.0109444	NA	NA	NA	NA	NA	NA	NA	NA	NA	NA	NA	NA	NA	3	0	1	NA	NA	NA	3	0	3
12	38720488	55876707	3	3	0	2	d	4	NA	NA	NA	NA	2.968706	0.092704373	2.8760012	3	0	1	NA	NA	NA	NA	NA	NA	NA	NA	NA	NA	3	0	1	NA	NA	NA	3	0	3
12	55876708	55899677	2	2	0	2	f	3	NA	NA	NA	NA	2.968706	0.092704373	2.8760012	3	0	1	NA	NA	NA	NA	NA	NA	NA	NA	NA	NA	3	0	1	NA	NA	NA	2	0	2
12	55899678	57331263	3	3	0	2	d	3	NA	NA	NA	NA	2.925839	0.041569861	2.8842692	3	0	0.660348999886567	4	0	0.339651000113433	0.102766843439853	0.0994025508595487	0.528863273079327	0.918338626916151	NA	NA	NA	3	0	1	NA	NA	NA	3	0	3
12	57331264	107880318	2	2	0	2	d	3	NA	NA	NA	NA	2.387732	0.097974226	2.2897576	2	0	0.662244299920592	3	0	0.337755700079408	0.0118470536024251	0.0110988692356688	0.749737220761678	0.793077653918577	NA	NA	NA	2	0	1	NA	NA	NA	2	0	2
12	107880319	107899985	2	2	0	2	d	2	NA	NA	NA	NA	2.387732	0.097974226	2.2897576	1	0	0.859351636377387	1	1	0.140648363622613	NA	0	0.859351636377387	0.859351636377387	NA	NA	NA	2	0	1	NA	NA	NA	2	0	2
12	107899986	120745545	2	2	0	2	d	3	NA	NA	NA	NA	2.312997	0.050197001	2.2628002	2	0	0.506393919915296	3	0	0.493606080084704	0.0262790793181216	0.0239632321942648	0.614513772698924	0.71036461958972	NA	NA	NA	2	0	1	NA	NA	NA	2	0	2
12	120745546	120820326	4	4	0	2	d	3	NA	NA	NA	NA	3.279199	0	3.2791988	4	0	1	NA	NA	NA	NA	NA	NA	NA	NA	NA	NA	4	0	1	NA	NA	NA	4	0	4
12	120820327	132349400	2	2	0	2	d	3	NA	NA	NA	NA	2.352817	0.073097351	2.2797195	2	0	0.647653917189219	3	0	0.352346082810781	0.0209490296533568	0.0216238243660284	0.603442217126523	0.687911644985183	NA	NA	NA	2	0	1	NA	NA	NA	2	0	2
12	132349401	133851894	2	2	0	2	d	3	NA	NA	NA	NA	2.36299	0.106005659	2.2569847	2	0	0.647653917189219	3	0	0.352346082810781	0.0209490296533568	0.0216238243660284	0.603442217126523	0.687911644985183	NA	NA	NA	2	0	1	NA	NA	NA	2	0	2
13	1	16299999	7	5	2	1	h	1	NA	NA	NA	NA	NA	NA	NA	NA	NA	NA	NA	NA	NA	NA	NA	NA	NA	NA	NA	NA	NA	NA	NA	NA	NA	NA	7	2	5
13	16300000	19499999	NA	NA	NA	NA	NA	NA	NA	NA	NA	NA	NA	NA	NA	4	2	1	NA	NA	NA	NA	NA	NA	NA	NA	NA	NA	NA	NA	NA	NA	NA	NA	7	2	5
13	19500000	21733319	7	5	2	2	d	4	NA	NA	NA	NA	6.319128	1.895057073	4.4240709	5	2	1	NA	NA	NA	NA	NA	NA	NA	NA	NA	NA	5	2	1	NA	NA	NA	7	2	5
13	21733320	21768003	5	5	0	2	f	2	NA	NA	NA	NA	6.319128	1.895057073	4.4240709	4	0	1	NA	NA	NA	NA	NA	NA	NA	NA	NA	NA	6	0	1	NA	NA	NA	5	0	5
13	21768004	33370287	7	5	2	2	d	3	NA	NA	NA	NA	6.284351	1.924500042	4.359851	4	2	0.331778215356701	5	2	0.668221784643299	0.0205402611760129	0.0199490426894304	0.34319007611276	0.422529843533774	NA	NA	NA	5	2	1	NA	NA	NA	7	2	5
13	33370288	33373586	7	5	2	2	f	2	NA	NA	NA	NA	6.284351	1.924500042	4.359851	NA	NA	NA	NA	NA	NA	NA	NA	NA	NA	NA	NA	NA	5	2	1	NA	NA	NA	5	0	0
13	33373587	39306071	6	4	2	2	d	2	NA	NA	NA	NA	6.109073	1.900317418	4.2087551	4	2	0.494836213307127	5	2	0.505163786692874	0.0280885757989839	0.0273885900139271	0.509547244851565	0.618368248925193	NA	NA	NA	5	2	1	NA	NA	NA	6	2	4
13	39306072	39311229	7	5	2	2	f	2	NA	NA	NA	NA	6.109073	1.900317418	4.2087551	4	2	0.189598983791138	4	3	0.810401016208862	NA	0	0.189598983791138	0.189598983791138	NA	NA	NA	5	2	1	NA	NA	NA	7	3	4
13	39311230	43372251	7	5	2	2	d	2	NA	NA	NA	NA	6.065772	1.910731238	4.1550405	4	2	0.522365485688358	5	2	0.477634514311642	0.0119588676573857	0.0117520657689509	0.562675810599839	0.608794630202821	NA	NA	NA	5	2	1	NA	NA	NA	6	2	4
13	43372252	80950505	6	4	2	2	d	2	NA	NA	NA	NA	6.239152	1.9737563	4.2653958	4	2	0.522365485688358	5	2	0.477634514311642	0.0119588676573857	0.0117520657689509	0.562675810599839	0.608794630202821	NA	NA	NA	5	2	1	NA	NA	NA	6	2	4
13	80950506	80957441	6	4	2	1	g	1	NA	NA	NA	NA	6.239152	1.9737563	4.2653958	4	2	1	NA	NA	NA	NA	NA	NA	NA	NA	NA	NA	5	2	1	NA	NA	NA	6	2	4
13	80957442	83290245	6	4	2	2	d	2	NA	NA	NA	NA	6.307048	1.970686001	4.3363624	4	2	0.494836213307127	5	2	0.505163786692874	0.0445764517534921	0.0432607157607537	0.451220826101684	0.623791946960949	NA	NA	NA	5	2	1	NA	NA	NA	6	2	4
13	83290246	83634703	6	4	2	2	d	2	NA	NA	NA	NA	5.533249	2.001187257	3.5320613	3	2	0.423323490892595	4	2	0.576676509107405	0.0647893248424707	0.0643890174483246	0.307530042748612	0.554251581553199	NA	NA	NA	4	2	1	NA	NA	NA	5	2	3
13	83634704	84955004	6	4	2	2	d	3	NA	NA	NA	NA	6.167639	1.935724768	4.2319144	4	2	0.470748099973537	5	2	0.529251900026463	0.0694119038968558	0.0713136202885779	0.437063135589521	0.72395217692119	NA	NA	NA	4	2	1	NA	NA	NA	6	2	4
13	84955005	84962496	6	4	2	1	g	NA	NA	NA	NA	NA	6.167639	1.935724768	4.2319144	3	2	1	NA	NA	NA	NA	NA	NA	NA	NA	NA	NA	5	2	1	NA	NA	NA	5	2	3
13	84962497	85705471	6	4	2	2	d	2	NA	NA	NA	NA	6.287166	1.952536861	4.3346289	4	2	0.486457739104143	5	2	0.513542260895857	0.0669905898573424	0.0640621088762008	0.460208520423744	0.714667034475854	NA	NA	NA	5	2	1	NA	NA	NA	6	2	4
13	85705472	85705553	7	5	2	2	f	2	NA	NA	NA	NA	6.287166	1.952536861	4.3346289	NA	NA	NA	NA	NA	NA	NA	NA	NA	NA	NA	NA	NA	5	2	1	NA	NA	NA	6	2	4
13	85705554	85903145	7	5	2	1	g	NA	NA	NA	NA	NA	6.610093	2.177426542	4.4326669	5	2	0.546159149545784	5	3	0.453840850454216	0.0695307261732763	0.07442698300224	0.305735017868901	0.59834984684952	NA	NA	NA	5	2	0.245765	4	2	0.754235	6	2	4
13	85903146	103855553	6	4	2	2	d	2	NA	NA	NA	NA	6.147857	1.942835601	4.2050214	4	2	0.554130030743627	5	2	0.445869969256373	0.018059295854864	0.0182869352993024	0.590206527900752	0.662568256659826	NA	NA	NA	5	2	1	NA	NA	NA	6	2	4
13	103855554	103874091	6	4	2	2	d	3	NA	NA	NA	NA	6.147857	1.942835601	4.2050214	4	2	1	NA	NA	NA	NA	NA	NA	NA	NA	NA	NA	5	2	1	NA	NA	NA	6	2	4
13	103874092	113541274	6	4	2	2	d	2	NA	NA	NA	NA	6.206754	1.962348364	4.2444052	4	2	0.522365485688358	5	2	0.477634514311642	0.024334840524314	0.0223703306599572	0.566702925955396	0.656834835554362	NA	NA	NA	5	2	1	NA	NA	NA	6	2	4
13	113541275	113542066	7	5	2	2	f	2	NA	NA	NA	NA	6.206754	1.962348364	4.2444052	NA	NA	NA	NA	NA	NA	NA	NA	NA	NA	NA	NA	NA	5	2	1	NA	NA	NA	6	2	4
13	113542067	114142800	7	5	2	2	e	4	NA	NA	NA	NA	6.086155	1.914101942	4.1720532	4	2	0.420732329632089	5	2	0.579267670367911	0.0582513105915484	0.0582510834462017	0.304007310604282	0.532333909747574	NA	NA	NA	5	3	0.284697	5	2	0.715303	7	2	5
13	114142801	115169877	7	5	2	2	d	2	NA	NA	NA	NA	5.915885	1.850756825	4.0651282	4	2	0.420732329632089	5	2	0.579267670367911	0.0582513105915484	0.0582510834462017	0.304007310604282	0.532333909747574	NA	NA	NA	5	2	1	NA	NA	NA	7	2	5
14	1	16099999	3	2	1	1	h	1	NA	NA	NA	NA	NA	NA	NA	NA	NA	NA	NA	NA	NA	NA	NA	NA	NA	NA	NA	NA	NA	NA	NA	NA	NA	NA	3	1	2
14	16100000	19099999	NA	NA	NA	NA	NA	NA	NA	NA	NA	NA	NA	NA	NA	NA	NA	NA	NA	NA	NA	NA	NA	NA	NA	NA	NA	NA	1	0	0.726056	1	1	0.273944	3	1	2
14	19100000	20920703	2	1	1	2	d	3	NA	NA	NA	NA	2	1	1	1	1	1	NA	NA	NA	NA	NA	NA	NA	NA	NA	NA	1	0	0.726056	1	1	0.273944	3	1	2
14	20920704	20921920	2	1	1	2	f	2	NA	NA	NA	NA	2	1	1	NA	NA	NA	NA	NA	NA	NA	NA	NA	NA	NA	NA	NA	1	0	0.726056	1	1	0.273944	3	1	2
14	20921921	38151758	3	2	1	3	b	5	NA	NA	NA	NA	3	1	2	2	1	1	NA	NA	NA	NA	NA	NA	NA	NA	NA	NA	2	1	1	NA	NA	NA	3	1	2
14	38151759	38162725	3	2	1	2	d	2	NA	NA	NA	NA	3	1	2	3	0	0.269501266684308	3	1	0.730498733315692	NA	0	0.269501266684308	0.269501266684308	NA	NA	NA	2	1	1	NA	NA	NA	4	1	3
14	38162726	39506588	3	2	1	2	d	4	NA	NA	NA	NA	2.871162	0.974535336	1.8966267	2	1	1	NA	NA	NA	NA	NA	NA	NA	NA	NA	NA	2	1	1	NA	NA	NA	3	1	2
14	39506589	39510172	3	2	1	2	d	4	NA	NA	NA	NA	2.871162	0.974535336	1.8966267	2	1	1	NA	NA	NA	NA	NA	NA	NA	NA	NA	NA	2	1	1	NA	NA	NA	3	1	2
14	39510173	40224863	3	2	1	3	b	5	NA	NA	NA	NA	3	1	2	2	1	1	NA	NA	NA	NA	NA	NA	NA	NA	NA	NA	2	1	1	NA	NA	NA	3	1	2
14	40224864	40317962	5	4	1	2	d	4	NA	NA	NA	NA	4.622079	0.997285837	3.6247935	4	1	1	NA	NA	NA	NA	NA	NA	NA	NA	NA	NA	4	1	1	NA	NA	NA	5	1	4
14	40317963	50603936	3	2	1	3	b	5	NA	NA	NA	NA	3	1	2	2	1	1	NA	NA	NA	NA	NA	NA	NA	NA	NA	NA	2	1	1	NA	NA	NA	3	1	2
14	50603937	50604765	3	2	1	2	d	2	NA	NA	NA	NA	3	1	2	2	0	0.328279199909251	3	0	0.671720800090749	NA	0	0.328279199909251	0.328279199909251	NA	NA	NA	2	1	1	NA	NA	NA	2	0	2
14	50604766	67178353	3	2	1	2	d	4	NA	NA	NA	NA	2.896909	1.00788629	1.8890224	2	1	1	NA	NA	NA	NA	NA	NA	NA	NA	NA	NA	2	1	1	NA	NA	NA	3	1	2
14	67178354	67179632	3	2	1	2	d	4	NA	NA	NA	NA	2.896909	1.00788629	1.8890224	2	1	1	NA	NA	NA	NA	NA	NA	NA	NA	NA	NA	2	1	1	NA	NA	NA	3	1	2
14	67179633	67844642	3	2	1	3	b	5	NA	NA	NA	NA	3	1	2	2	1	1	NA	NA	NA	NA	NA	NA	NA	NA	NA	NA	2	1	1	NA	NA	NA	3	1	2
14	67844643	67944015	4	3	1	2	d	4	NA	NA	NA	NA	3.542448	0.817104716	2.7253434	3	1	1	NA	NA	NA	NA	NA	NA	NA	NA	NA	NA	3	1	1	NA	NA	NA	4	1	3
14	67944016	68593462	3	2	1	3	b	5	NA	NA	NA	NA	3	1	2	2	1	1	NA	NA	NA	NA	NA	NA	NA	NA	NA	NA	2	1	1	NA	NA	NA	3	1	2
14	68593463	68775463	4	3	1	2	d	3	NA	NA	NA	NA	3	1	2	2	1	1	NA	NA	NA	NA	NA	NA	NA	NA	NA	NA	3	1	1	NA	NA	NA	4	1	3
14	68775464	106329989	3	2	1	3	b	5	NA	NA	NA	NA	3	1	2	2	1	1	NA	NA	NA	NA	NA	NA	NA	NA	NA	NA	2	1	1	NA	NA	NA	3	1	2
14	106329990	107349539	3	2	1	2	d	2	NA	NA	NA	NA	3.329863	1.080958448	2.2489049	1	1	0.434663428340467	2	1	0.565336571659533	0.180108767391205	0.175624971071295	0.0579563758237918	0.759590834116671	NA	NA	NA	3	1	0.360472	2	1	0.639528	3	1	2
15	1	15799999	0	0	0	1	h	1	NA	NA	NA	NA	NA	NA	NA	NA	NA	NA	NA	NA	NA	NA	NA	NA	NA	NA	NA	NA	NA	NA	NA	NA	NA	NA	0	0	0
15	15800000	20699999	NA	NA	NA	NA	NA	NA	NA	NA	NA	NA	NA	NA	NA	2	0	1	NA	NA	NA	NA	NA	NA	NA	NA	NA	NA	2	0	1	NA	NA	NA	0	0	0
15	20700000	24506339	2	2	0	2	d	3	NA	NA	NA	NA	2.355698	0.118236315	2.2374619	2	0	1	NA	NA	NA	NA	NA	NA	NA	NA	NA	NA	2	0	1	NA	NA	NA	0	0	0
15	24506340	24670602	2	2	0	2	d	2	NA	NA	NA	NA	2.355698	0.118236315	2.2374619	2	0	1	NA	NA	NA	NA	NA	NA	NA	NA	NA	NA	2	0	1	NA	NA	NA	0	0	0
15	24670603	33129764	2	2	0	2	d	4	NA	NA	NA	NA	2.28498	0.102267593	2.1827119	2	0	1	NA	NA	NA	NA	NA	NA	NA	NA	NA	NA	2	0	1	NA	NA	NA	2	0	2
15	33129765	33187449	3	3	0	2	d	4	NA	NA	NA	NA	2.958069	0.110163831	2.8479049	3	0	1	NA	NA	NA	NA	NA	NA	NA	NA	NA	NA	3	0	1	NA	NA	NA	3	0	3
15	33187450	36566753	2	2	0	2	d	3	NA	NA	NA	NA	2.22628	0.075625678	2.1506548	2	0	0.709953599922218	3	0	0.290046400077782	0.0395775528648246	0.0368172469401054	0.735165531435129	0.878959283566936	NA	NA	NA	2	0	1	NA	NA	NA	2	0	2
15	36566754	42858890	3	3	0	2	d	3	NA	NA	NA	NA	2.625986	0.072565674	2.5534206	2	0	0.328279199909251	3	0	0.671720800090749	0.0319854314104707	0.0317692424032168	0.303865694588893	0.426887556447423	NA	NA	NA	3	0	1	NA	NA	NA	3	0	3
15	42858891	75117570	3	3	0	2	d	3	NA	NA	NA	NA	3.231402	0.069992115	3.1614099	3	0	0.586134533217366	4	0	0.413865466782634	0.0204154820171674	0.0190197158732892	0.703596372767746	0.776112096081626	NA	NA	NA	3	0	1	NA	NA	NA	3	0	3
15	75117571	85495135	4	4	0	2	d	4	NA	NA	NA	NA	3.952389	0.054674973	3.8977144	4	0	1	NA	NA	NA	NA	NA	NA	NA	NA	NA	NA	4	0	1	NA	NA	NA	4	0	4
15	85495136	85631033	6	6	0	2	d	3	NA	NA	NA	NA	5.387898	0.098011471	5.2898868	6	0	1	NA	NA	NA	NA	NA	NA	NA	NA	NA	NA	7	0	1	NA	NA	NA	6	0	6
15	85631034	100674633	4	4	0	3	b	5	NA	NA	NA	NA	4	0	4	4	0	1	NA	NA	NA	NA	NA	NA	NA	NA	NA	NA	4	0	1	NA	NA	NA	4	0	4
15	100674634	100680624	4	4	0	2	d	4	NA	NA	NA	NA	4	0	4	4	0	1	NA	NA	NA	NA	NA	NA	NA	NA	NA	NA	4	0	1	NA	NA	NA	4	0	4
15	100680625	102429114	4	4	0	2	d	4	NA	NA	NA	NA	3.905319	0.062835302	3.8424837	4	0	1	NA	NA	NA	NA	NA	NA	NA	NA	NA	NA	4	0	1	NA	NA	NA	4	0	4
16	34170	103233	3	3	0	2	d	4	NA	NA	NA	NA	NA	NA	NA	3	0	1	NA	NA	NA	NA	NA	NA	NA	NA	NA	NA	3	0	1	NA	NA	NA	3	0	3
16	103234	153344	3	3	0	2	d	3	NA	NA	NA	NA	2.639302	0.011593595	2.6277084	3	0	1	NA	NA	NA	NA	NA	NA	NA	NA	NA	NA	3	0	1	NA	NA	NA	3	0	3
16	153345	193075	4	4	0	2	d	3	NA	NA	NA	NA	2.639302	0.011593595	2.6277084	5	0	1	NA	NA	NA	NA	NA	NA	NA	NA	NA	NA	4	0	1	NA	NA	NA	4	0	4
16	193076	8759332	3	3	0	2	d	4	NA	NA	NA	NA	2.854204	0.071041951	2.7831622	3	0	1	NA	NA	NA	NA	NA	NA	NA	NA	NA	NA	3	0	1	NA	NA	NA	3	0	3
16	8759333	8900827	4	4	0	2	d	3	NA	NA	NA	NA	3.827797	0.007980955	3.8198156	5	0	1	NA	NA	NA	NA	NA	NA	NA	NA	NA	NA	4	0	1	NA	NA	NA	4	0	4
16	8900828	34599999	3	3	0	2	d	4	NA	NA	NA	NA	2.862762	0.058922598	2.803839	3	0	1	NA	NA	NA	NA	NA	NA	NA	NA	NA	NA	3	0	1	NA	NA	NA	3	0	3
16	34600000	38599999	3	3	0	2	d	4	NA	NA	NA	NA	3.086316	0.164631556	2.9216841	3	0	1	NA	NA	NA	NA	NA	NA	NA	NA	NA	NA	3	0	1	NA	NA	NA	3	0	3
16	38600000	46415802	3	3	0	2	d	2	NA	NA	NA	NA	3.086316	0.164631556	2.9216841	NA	NA	NA	NA	NA	NA	NA	NA	NA	NA	NA	NA	NA	3	0	1	NA	NA	NA	3	0	3
16	46415803	50626578	3	3	0	2	d	3	NA	NA	NA	NA	3.133657	0.058039018	3.0756175	3	0	0.660348999886567	4	0	0.339651000113433	0.0642724756754154	0.0585290673218601	0.657659978658237	0.882269686501599	NA	NA	NA	3	0	1	NA	NA	NA	3	0	3
16	50626579	58537014	4	4	0	2	d	4	NA	NA	NA	NA	4.10754	0.082085993	4.0254538	4	0	1	NA	NA	NA	NA	NA	NA	NA	NA	NA	NA	4	0	1	NA	NA	NA	4	0	4
16	58537015	58602532	5	5	0	1	g	NA	NA	NA	NA	NA	4.709127	0.101153273	4.6079742	4	0	1	NA	NA	NA	NA	NA	NA	NA	NA	NA	NA	6	0	1	NA	NA	NA	5	0	5
16	58602533	58648666	4	4	0	2	d	3	NA	NA	NA	NA	4.709127	0.101153273	4.6079742	4	0	1	NA	NA	NA	NA	NA	NA	NA	NA	NA	NA	5	0	1	NA	NA	NA	4	0	4
16	58648667	61972965	4	4	0	2	d	4	NA	NA	NA	NA	4.08517	0.115782824	3.9693875	4	0	1	NA	NA	NA	NA	NA	NA	NA	NA	NA	NA	4	0	1	NA	NA	NA	4	0	4
16	61972966	75069418	4	4	0	2	d	3	NA	NA	NA	NA	3.529024	0.101088801	3.4279351	3	0	0.437705599879011	4	0	0.562294400120989	0.029459615291365	0.0285339859797149	0.458540836149465	0.568702646569273	NA	NA	NA	4	0	1	NA	NA	NA	4	0	4
16	75069419	88827200	2	2	0	2	d	3	NA	NA	NA	NA	2.537493	0.074438015	2.4630545	2	0	0.328279199909251	3	0	0.671720800090749	0.0194115597058818	0.0182139651495586	0.392195982007014	0.462869141625753	NA	NA	NA	2	0	1	NA	NA	NA	2	0	2
16	88827201	90354752	2	2	0	2	d	2	NA	NA	NA	NA	2.466755	0.097512638	2.3692422	2	0	0.506393919915296	3	0	0.493606080084704	0.0660907646333461	0.0618836186203907	0.478781133669726	0.718253555539632	NA	NA	NA	3	0	1	NA	NA	NA	2	0	2
17	12500	2529846	3	3	0	2	d	4	NA	NA	NA	NA	2.855474	0.039113274	2.8163606	3	0	1	NA	NA	NA	NA	NA	NA	NA	NA	NA	NA	3	0	1	NA	NA	NA	3	0	3
17	2529847	2532788	3	3	0	2	d	2	NA	NA	NA	NA	2.855474	0.039113274	2.8163606	4	1	0.903778075017959	4	2	0.0962219249820411	NA	0	0.903778075017959	0.903778075017959	NA	NA	NA	3	0	1	NA	NA	NA	3	0	3
17	2532789	21532499	3	3	0	2	d	4	NA	NA	NA	NA	2.792467	0.059361915	2.733105	3	0	1	NA	NA	NA	NA	NA	NA	NA	NA	NA	NA	3	0	1	NA	NA	NA	3	0	3
17	21532500	22199999	3	3	0	2	d	2	NA	NA	NA	NA	2.919917	0.186460493	2.7334561	2	0	0.328279199909251	3	0	0.671720800090749	0.119433384181722	0.114314699558798	0.200358290275997	0.648084041906073	NA	NA	NA	2	0	1	NA	NA	NA	3	0	3
17	22200000	25799999	3	3	0	2	d	3	NA	NA	NA	NA	2.85332	0.038721643	2.8145983	NA	NA	NA	NA	NA	NA	NA	NA	NA	NA	NA	NA	NA	3	0	1	NA	NA	NA	3	0	3
17	25800000	34473206	3	3	0	3	b	5	NA	NA	NA	NA	3	0	3	3	0	1	NA	NA	NA	NA	NA	NA	NA	NA	NA	NA	3	0	1	NA	NA	NA	3	0	3
17	34473207	42253012	3	3	0	3	b	5	NA	NA	NA	NA	3	0	3	3	0	1	NA	NA	NA	NA	NA	NA	NA	NA	NA	NA	3	0	1	NA	NA	NA	3	0	3
17	42253013	42254571	3	3	0	2	d	4	NA	NA	NA	NA	3	0	3	3	0	1	NA	NA	NA	NA	NA	NA	NA	NA	NA	NA	3	0	1	NA	NA	NA	3	0	3
17	42254572	51160843	3	3	0	3	b	5	NA	NA	NA	NA	3	0	3	3	0	1	NA	NA	NA	NA	NA	NA	NA	NA	NA	NA	3	0	1	NA	NA	NA	3	0	3
17	51160844	51162844	3	3	0	1	h	1	NA	NA	NA	NA	3	0	3	13	0	1	NA	NA	NA	NA	NA	NA	NA	NA	NA	NA	3	0	1	NA	NA	NA	2	0	2
17	51162845	62709416	3	3	0	3	b	5	NA	NA	NA	NA	3	0	3	3	0	1	NA	NA	NA	NA	NA	NA	NA	NA	NA	NA	3	0	1	NA	NA	NA	3	0	3
17	62709417	62714153	3	3	0	2	d	3	NA	NA	NA	NA	3	0	3	7	0	1	NA	NA	NA	NA	NA	NA	NA	NA	NA	NA	3	0	1	NA	NA	NA	5	0	5
17	62714154	69296508	3	3	0	2	d	4	NA	NA	NA	NA	3.10543	0.05988496	3.045545	3	0	1	NA	NA	NA	NA	NA	NA	NA	NA	NA	NA	3	0	1	NA	NA	NA	3	0	3
17	69296509	69298827	3	3	0	2	d	3	NA	NA	NA	NA	3.10543	0.05988496	3.045545	3	0	1	NA	NA	NA	NA	NA	NA	NA	NA	NA	NA	3	0	1	NA	NA	NA	3	0	3
17	69298828	69427612	3	3	0	2	d	4	NA	NA	NA	NA	3.384043	0.092870599	3.2911724	3	0	1	NA	NA	NA	NA	NA	NA	NA	NA	NA	NA	3	0	1	NA	NA	NA	3	0	3
17	69427613	72577856	2	2	0	2	d	3	NA	NA	NA	NA	2.471694	0.02229025	2.4494034	3	0	1	NA	NA	NA	NA	NA	NA	NA	NA	NA	NA	2	0	1	NA	NA	NA	2	0	2
17	72577857	72580199	2	2	0	2	d	2	NA	NA	NA	NA	2.471694	0.02229025	2.4494034	3	0	1	NA	NA	NA	NA	NA	NA	NA	NA	NA	NA	2	0	1	NA	NA	NA	2	0	2
17	72580200	78774600	3	3	0	2	d	3	NA	NA	NA	NA	2.455685	0.038505342	2.4171793	3	0	1	NA	NA	NA	NA	NA	NA	NA	NA	NA	NA	3	0	1	NA	NA	NA	3	0	3
17	78774601	81195209	3	3	0	2	d	3	NA	NA	NA	NA	2.401649	0.027698197	2.3739507	3	0	1	NA	NA	NA	NA	NA	NA	NA	NA	NA	NA	3	0	1	NA	NA	NA	3	0	3
18	27500	149798	3	2	1	1	h	1	NA	NA	NA	NA	NA	NA	NA	NA	NA	NA	NA	NA	NA	NA	NA	NA	NA	NA	NA	NA	NA	NA	NA	NA	NA	NA	3	1	2
18	149799	2780429	3	2	1	2	d	4	NA	NA	NA	NA	2.84784	0.988258912	1.8595814	2	1	1	NA	NA	NA	NA	NA	NA	NA	NA	NA	NA	2	1	1	NA	NA	NA	3	1	2
18	2780430	2879571	4	3	1	2	d	4	NA	NA	NA	NA	3.693627	1.099988457	2.593639	3	1	1	NA	NA	NA	NA	NA	NA	NA	NA	NA	NA	3	1	1	NA	NA	NA	4	1	3
18	2879572	4816180	3	2	1	3	b	5	NA	NA	NA	NA	3	1	2	2	1	1	NA	NA	NA	NA	NA	NA	NA	NA	NA	NA	2	1	1	NA	NA	NA	3	1	2
18	4816181	4848353	4	2	2	1	g	NA	NA	NA	NA	NA	3	1	2	3	1	1	NA	NA	NA	NA	NA	NA	NA	NA	NA	NA	2	1	1	NA	NA	NA	4	1	3
18	4848354	15399999	3	2	1	2	d	4	NA	NA	NA	NA	2.83458	1.003637443	1.8309426	2	1	1	NA	NA	NA	NA	NA	NA	NA	NA	NA	NA	2	1	1	NA	NA	NA	3	1	2
18	15400000	18999999	3	2	1	2	d	4	NA	NA	NA	NA	2.83458	1.003637443	1.8309426	2	1	1	NA	NA	NA	NA	NA	NA	NA	NA	NA	NA	2	1	1	NA	NA	NA	3	1	2
18	19000000	37590691	3	2	1	2	d	4	NA	NA	NA	NA	2.868039	0.996338327	1.8717005	2	1	1	NA	NA	NA	NA	NA	NA	NA	NA	NA	NA	2	1	1	NA	NA	NA	3	1	2
18	37590692	66175120	2	1	1	2	d	2	NA	NA	NA	NA	1.815957	0.907978385	0.9079784	1	0	0.189057360003023	1	1	0.810942639996977	0.00633590434272488	0.00649803891435242	0.182671754002608	0.208562365948969	NA	NA	NA	1	0	0.328854	1	1	0.671146	2	1	1
18	66175121	76117000	2	1	1	2	d	2	NA	NA	NA	NA	2.574648	0.935305197	1.6393432	1	1	0.189754171415609	2	1	0.810245828584391	0.0138432875785788	0.013501251025929	0.176927941320112	0.230399211797571	NA	NA	NA	2	1	0.840662	1	1	0.159338	2	1	1
18	76117001	78077247	2	1	1	2	d	2	NA	NA	NA	NA	2.579908	0.975440196	1.6044679	1	1	0.243770559987904	2	1	0.756229440012096	0.0366816241482147	0.0357461513660562	0.212692458257472	0.353624052984536	NA	NA	NA	2	1	0.840662	1	1	0.159338	2	1	1
19	102500	245630	3	3	0	1	h	1	NA	NA	NA	NA	NA	NA	NA	NA	NA	NA	NA	NA	NA	NA	NA	NA	NA	NA	NA	NA	4	0	0.0666594	3	0	0.933341	3	1	2
19	245631	1576923	3	3	0	2	d	2	NA	NA	NA	NA	2.954428	0.095747274	2.8586803	3	0	1	NA	NA	NA	NA	NA	NA	NA	NA	NA	NA	4	0	0.0666594	3	0	0.933341	3	1	2
19	1576924	4811592	3	2	1	3	b	5	NA	NA	NA	NA	3	1	2	2	1	1	NA	NA	NA	NA	NA	NA	NA	NA	NA	NA	2	1	1	NA	NA	NA	3	1	2
19	4811593	4813260	3	2	1	2	d	4	NA	NA	NA	NA	3	1	2	2	1	1	NA	NA	NA	NA	NA	NA	NA	NA	NA	NA	2	1	1	NA	NA	NA	3	1	2
19	4813261	22080506	3	2	1	3	b	5	NA	NA	NA	NA	3	1	2	2	1	1	NA	NA	NA	NA	NA	NA	NA	NA	NA	NA	2	1	1	NA	NA	NA	3	1	2
19	22080507	24399999	4	2	2	2	d	4	NA	NA	NA	NA	4	2	2	2	1	0.158110192832657	2	2	0.841889807167343	0.02120761692921	0.0208479190888024	0.116820004655725	0.198473428280668	NA	NA	NA	2	2	1	NA	NA	NA	4	2	2
19	24400000	28599999	4	2	2	2	d	3	NA	NA	NA	NA	4.106345	2.05317229	2.0531723	NA	NA	NA	NA	NA	NA	NA	NA	NA	NA	NA	NA	NA	2	2	1	NA	NA	NA	4	2	2
19	28600000	38447485	4	2	2	2	d	4	NA	NA	NA	NA	3.875883	1.937941599	1.9379416	2	2	1	NA	NA	NA	NA	NA	NA	NA	NA	NA	NA	2	2	1	NA	NA	NA	4	2	2
19	38447486	38487955	4	2	2	2	d	3	NA	NA	NA	NA	3.875883	1.937941599	1.9379416	2	2	1	NA	NA	NA	NA	NA	NA	NA	NA	NA	NA	3	2	1	NA	NA	NA	4	2	2
19	38487956	42790604	4	2	2	2	d	2	NA	NA	NA	NA	3.850122	1.925060764	1.9250608	2	2	0.866866442551916	3	2	0.133133557448084	0.0116673568238184	0.0115912357146286	0.843764850016098	0.890013718037531	NA	NA	NA	3	2	1	NA	NA	NA	4	2	2
19	42790605	42793468	4	2	2	2	f	3	NA	NA	NA	NA	3.850122	1.925060764	1.9250608	2	2	0.866866442551916	3	2	0.133133557448084	0.0116673568238184	0.0115912357146286	0.843764850016098	0.890013718037531	NA	NA	NA	3	2	1	NA	NA	NA	4	2	2
19	42793469	55388263	4	2	2	2	d	3	NA	NA	NA	NA	4	2	2	2	2	0.866866442551916	3	2	0.133133557448084	0.0116673568238184	0.0115912357146286	0.843764850016098	0.890013718037531	NA	NA	NA	3	2	1	NA	NA	NA	4	2	2
19	55388264	57153430	3	2	1	2	d	4	NA	NA	NA	NA	3	1	2	2	1	0.885469346117495	2	2	0.114530653882505	0.0172636268987231	0.0173476628233108	0.8513463924823	0.919598613930416	NA	NA	NA	2	1	1	NA	NA	NA	3	1	2
19	57153431	57163411	3	2	1	2	d	4	NA	NA	NA	NA	3	1	2	2	1	0.885469346117495	2	2	0.114530653882505	0.0172636268987231	0.0173476628233108	0.8513463924823	0.919598613930416	NA	NA	NA	2	1	1	NA	NA	NA	3	1	2
19	57163412	59023749	3	2	1	2	d	4	NA	NA	NA	NA	3	1	2	2	1	0.885469346117495	2	2	0.114530653882505	0.0172636268987231	0.0173476628233108	0.8513463924823	0.919598613930416	NA	NA	NA	2	1	1	NA	NA	NA	3	1	2
19	59023750	59024675	3	2	1	2	d	3	NA	NA	NA	NA	3	1	2	2	1	0.885469346117495	2	2	0.114530653882505	0.0172636268987231	0.0173476628233108	0.8513463924823	0.919598613930416	NA	NA	NA	2	1	1	NA	NA	NA	3	1	2
20	17500	3707342	5	5	0	2	d	2	NA	NA	NA	NA	4.388451	0.031910462	4.3565408	NA	NA	NA	NA	NA	NA	NA	NA	NA	NA	NA	NA	NA	5	0	1	NA	NA	NA	NA	NA	NA
20	3707343	3709418	4	4	0	1	h	1	NA	NA	NA	NA	4.388451	0.031910462	4.3565408	NA	NA	NA	NA	NA	NA	NA	NA	NA	NA	NA	NA	NA	5	0	1	NA	NA	NA	NA	NA	NA
20	3709419	4449132	7	7	0	2	f	2	NA	NA	NA	NA	6.165612	0	6.1656117	NA	NA	NA	NA	NA	NA	NA	NA	NA	NA	NA	NA	NA	8	0	1	NA	NA	NA	NA	NA	NA
20	4449133	13384087	6	6	0	2	d	2	NA	NA	NA	NA	5.396571	0.058007333	5.3385638	NA	NA	NA	NA	NA	NA	NA	NA	NA	NA	NA	NA	NA	6	0	1	NA	NA	NA	NA	NA	NA
20	13384088	13384884	5	5	0	1	h	1	NA	NA	NA	NA	5.396571	0.058007333	5.3385638	NA	NA	NA	NA	NA	NA	NA	NA	NA	NA	NA	NA	NA	6	0	1	NA	NA	NA	NA	NA	NA
20	13384885	16711994	6	6	0	2	d	2	NA	NA	NA	NA	5.755249	0.05272747	5.7025215	NA	NA	NA	NA	NA	NA	NA	NA	NA	NA	NA	NA	NA	6	0	1	NA	NA	NA	NA	NA	NA
20	16711995	17386844	8	8	0	2	d	2	NA	NA	NA	NA	7.246109	0.064560163	7.1815486	NA	NA	NA	NA	NA	NA	NA	NA	NA	NA	NA	NA	NA	8	0	1	NA	NA	NA	NA	NA	NA
20	17386845	18054509	7	7	0	2	f	2	NA	NA	NA	NA	6.373519	0	6.3735186	NA	NA	NA	NA	NA	NA	NA	NA	NA	NA	NA	NA	NA	8	0	1	NA	NA	NA	NA	NA	NA
20	18054510	18838766	8	8	0	1	g	NA	NA	NA	NA	NA	7.286468	0.030903297	7.2555645	NA	NA	NA	NA	NA	NA	NA	NA	NA	NA	NA	NA	NA	9	0	1	NA	NA	NA	NA	NA	NA
20	18838767	18849527	7	7	0	1	h	1	NA	NA	NA	NA	7.286468	0.030903297	7.2555645	NA	NA	NA	NA	NA	NA	NA	NA	NA	NA	NA	NA	NA	8	0	1	NA	NA	NA	NA	NA	NA
20	18849528	25599999	7	7	0	2	d	3	NA	NA	NA	NA	7	0	7	8	0	1	NA	NA	NA	NA	NA	NA	NA	NA	NA	NA	8	0	1	NA	NA	NA	7	0	7
20	25600000	29522499	NA	NA	NA	NA	NA	NA	NA	NA	NA	NA	7	0	7	NA	NA	NA	NA	NA	NA	NA	NA	NA	NA	NA	NA	NA	9	0	1	NA	NA	NA	7	0	7
20	29522500	33571196	8	8	0	2	d	3	NA	NA	NA	NA	7.313108	0.047603143	7.2655051	8	0	1	NA	NA	NA	NA	NA	NA	NA	NA	NA	NA	9	0	1	NA	NA	NA	8	0	8
20	33571197	33572024	8	8	0	2	d	2	NA	NA	NA	NA	7.313108	0.047603143	7.2655051	8	0	1	NA	NA	NA	NA	NA	NA	NA	NA	NA	NA	9	0	1	NA	NA	NA	8	0	8
20	33572025	35580646	8	8	0	2	d	3	NA	NA	NA	NA	7.374306	0.06559048	7.3087157	8	0	1	NA	NA	NA	NA	NA	NA	NA	NA	NA	NA	9	0	1	NA	NA	NA	8	0	8
20	35580647	39779688	8	8	0	1	g	NA	NA	NA	NA	NA	7.508851	0.015411129	7.49344	9	0	1	NA	NA	NA	NA	NA	NA	NA	NA	NA	NA	9	0	1	NA	NA	NA	8	0	8
20	39779689	39800248	8	8	0	1	g	NA	NA	NA	NA	NA	7.508851	0.015411129	7.49344	14	0	1	NA	NA	NA	NA	NA	NA	NA	NA	NA	NA	10	0	1	NA	NA	NA	9	0	9
20	39800249	39804335	10	10	0	2	d	2	NA	NA	NA	NA	NA	NA	NA	18	0	1	NA	NA	NA	NA	NA	NA	NA	NA	NA	NA	10	0	1	NA	NA	NA	10	0	10
20	39804336	41136504	8	8	0	1	g	NA	NA	NA	NA	NA	8.287592	0.033827213	8.2537646	10	0	1	NA	NA	NA	NA	NA	NA	NA	NA	NA	NA	10	0	1	NA	NA	NA	9	0	9
20	41136505	50970998	8	8	0	2	f	2	NA	NA	NA	NA	8.503746	0.040258295	8.4634875	10	0	1	NA	NA	NA	NA	NA	NA	NA	NA	NA	NA	11	0	1	NA	NA	NA	9	0	9
20	50970999	50972856	13	13	0	1	g	1	NA	NA	NA	NA	8.503746	0.040258295	8.4634875	13	0	1	NA	NA	NA	NA	NA	NA	NA	NA	NA	NA	11	0	1	NA	NA	NA	9	0	9
20	50972857	54838836	8	8	0	1	g	NA	NA	NA	NA	NA	8.717592	0.063723127	8.6538686	10	0	1	NA	NA	NA	NA	NA	NA	NA	NA	NA	NA	10	0	1	NA	NA	NA	9	0	9
20	54838837	54844578	9	9	0	1	h	1	NA	NA	NA	NA	8.717592	0.063723127	8.6538686	9	0	0.821322400026981	9	1	0.178677599973019	NA	0	0.821322400026981	0.821322400026981	NA	NA	NA	10	0	1	NA	NA	NA	7	0	7
20	54844579	56273946	8	8	0	1	g	NA	NA	NA	NA	NA	8.395708	0.042526237	8.3531821	10	0	1	NA	NA	NA	NA	NA	NA	NA	NA	NA	NA	10	0	1	NA	NA	NA	9	0	9
20	56273947	56279040	10	10	0	2	d	2	NA	NA	NA	NA	8.395708	0.042526237	8.3531821	10	0	1	NA	NA	NA	NA	NA	NA	NA	NA	NA	NA	10	0	1	NA	NA	NA	8	0	8
20	56279041	62385800	8	8	0	1	g	NA	NA	NA	NA	NA	8.369198	0.042224498	8.3269733	10	0	1	NA	NA	NA	NA	NA	NA	NA	NA	NA	NA	10	0	1	NA	NA	NA	9	0	9
21	1	10899999	NA	NA	NA	NA	NA	NA	NA	NA	NA	NA	NA	NA	NA	NA	NA	NA	NA	NA	NA	NA	NA	NA	NA	NA	NA	NA	NA	NA	NA	NA	NA	NA	NA	NA	NA
21	10900000	14424086	4	3	1	1	h	1	NA	NA	NA	NA	NA	NA	NA	NA	NA	NA	NA	NA	NA	NA	NA	NA	NA	NA	NA	NA	3	0	0.460685	3	1	0.539315	NA	NA	NA
21	14424087	16309700	4	2	2	2	d	4	NA	NA	NA	NA	4	2	2	2	2	1	NA	NA	NA	NA	NA	NA	NA	NA	NA	NA	2	2	1	NA	NA	NA	NA	NA	NA
21	16309701	16315604	4	2	2	1	h	1	NA	NA	NA	NA	4	2	2	2	1	1	NA	NA	NA	NA	NA	NA	NA	NA	NA	NA	2	2	1	NA	NA	NA	3	1	2
21	16315605	25620048	4	2	2	2	d	4	NA	NA	NA	NA	4	2	2	2	2	0.855471319998482	3	2	0.144528680001518	0.0141608660545351	0.0142906939965504	0.865336230728018	0.922199430843287	NA	NA	NA	2	2	1	NA	NA	NA	4	2	2
21	25620049	29781562	3	2	1	2	d	3	NA	NA	NA	NA	3.031241	1.120836852	1.9104044	2	1	0.885078269096268	2	2	0.114921730903732	0.00691005269881817	0.00663301494579063	0.871277357209028	0.897077683424046	NA	NA	NA	2	1	1	NA	NA	NA	3	1	2
21	29781563	29785617	3	2	1	2	d	3	NA	NA	NA	NA	3.031241	1.120836852	1.9104044	2	1	0.885078269096268	2	2	0.114921730903732	0.00691005269881817	0.00663301494579063	0.871277357209028	0.897077683424046	NA	NA	NA	2	1	1	NA	NA	NA	3	1	2
21	29785618	46937500	3	2	1	2	d	3	NA	NA	NA	NA	2.962185	1.07464194	1.8875432	2	1	0.885078269096268	2	2	0.114921730903732	0.00691005269881817	0.00663301494579063	0.871277357209028	0.897077683424046	NA	NA	NA	2	1	1	NA	NA	NA	3	1	2
21	46937501	48129894	3	2	1	2	d	3	NA	NA	NA	NA	2.891289	1.057403866	1.8338852	2	1	0.885078269096268	2	2	0.114921730903732	0.00691005269881817	0.00663301494579063	0.871277357209028	0.897077683424046	NA	NA	NA	2	1	1	NA	NA	NA	3	1	2
22	1	12199999	3	3	0	1	h	1	NA	NA	NA	NA	NA	NA	NA	NA	NA	NA	NA	NA	NA	NA	NA	NA	NA	NA	NA	NA	NA	NA	NA	NA	NA	NA	3	0	3
22	12200000	17899999	3	3	0	2	d	3	NA	NA	NA	NA	3.140781	0.041060249	3.099721	3	0	0.657622151587258	4	0	0.342377848412742	0.0230545935217036	0.0242301233851961	0.606321288877125	0.701564300272044	NA	NA	NA	3	0	1	NA	NA	NA	3	0	3
22	17900000	29066291	3	3	0	2	d	3	NA	NA	NA	NA	3.122421	0.062883341	3.0595375	3	0	0.657622151587258	4	0	0.342377848412742	0.0230545935217036	0.0242301233851961	0.606321288877125	0.701564300272044	NA	NA	NA	3	0	1	NA	NA	NA	3	0	3
22	29066292	34038405	3	3	0	2	d	3	NA	NA	NA	NA	3.136903	0.046592428	3.0903103	3	0	0.657622151587258	4	0	0.342377848412742	0.0230545935217036	0.0242301233851961	0.606321288877125	0.701564300272044	NA	NA	NA	3	0	1	NA	NA	NA	3	0	3
22	34038406	39895571	3	3	0	2	d	4	NA	NA	NA	NA	3	0	3	3	0	0.660348999886567	4	0	0.339651000113433	0.0401479787048213	0.0380309044365377	0.680228333621234	0.828459915113668	NA	NA	NA	3	0	1	NA	NA	NA	3	0	3
22	39895572	39896766	3	3	0	1	h	1	NA	NA	NA	NA	3	0	3	7	0	1	NA	NA	NA	NA	NA	NA	NA	NA	NA	NA	3	0	1	NA	NA	NA	4	0	4
22	39896767	41413831	3	3	0	2	d	2	NA	NA	NA	NA	3.24077	0.076783913	3.1639863	3	0	0.437705599879011	4	0	0.562294400120989	0.0912262763518122	0.0849036379821053	0.4497511383238	0.771344590555358	NA	NA	NA	4	0	1	NA	NA	NA	3	0	3
22	41413832	41631319	7	7	0	1	g	NA	NA	NA	NA	NA	6.469537	0.043444928	6.4260921	7	0	1	NA	NA	NA	NA	NA	NA	NA	NA	NA	NA	8	0	1	NA	NA	NA	8	0	8
22	41631320	49687500	3	3	0	3	b	5	NA	NA	NA	NA	3	0	3	3	0	1	NA	NA	NA	NA	NA	NA	NA	NA	NA	NA	3	0	1	NA	NA	NA	3	0	3
22	49687501	51304565	3	3	0	3	b	5	NA	NA	NA	NA	3	0	3	3	0	1	NA	NA	NA	NA	NA	NA	NA	NA	NA	NA	3	0	1	NA	NA	NA	3	0	3
X	1	11731571	2	2	0	3	b	2	NA	NA	NA	NA	2	0	2	NA	NA	NA	NA	NA	NA	NA	NA	NA	NA	NA	NA	NA	NA	NA	NA	NA	NA	NA	3	1	2
X	11731572	11732735	2	2	0	1	g	NA	NA	NA	NA	NA	2.166282	0	2.166282	NA	NA	NA	NA	NA	NA	NA	NA	NA	NA	NA	NA	NA	NA	NA	NA	NA	NA	NA	3	1	2
X	11732736	38623945	2	2	0	3	b	2	NA	NA	NA	NA	2	0	2	NA	NA	NA	NA	NA	NA	NA	NA	NA	NA	NA	NA	NA	NA	NA	NA	NA	NA	NA	3	1	2
X	38623946	38627819	2	2	0	3	b	2	NA	NA	NA	NA	2	0	2	NA	NA	NA	NA	NA	NA	NA	NA	NA	NA	NA	NA	NA	NA	NA	NA	NA	NA	NA	3	1	2
X	38627820	58099999	2	2	0	3	b	2	NA	NA	NA	NA	2	0	2	NA	NA	NA	NA	NA	NA	NA	NA	NA	NA	NA	NA	NA	NA	NA	NA	NA	NA	NA	3	1	2
X	58100000	62999999	2	2	0	3	b	2	NA	NA	NA	NA	2	0	2	NA	NA	NA	NA	NA	NA	NA	NA	NA	NA	NA	NA	NA	NA	NA	NA	NA	NA	NA	3	1	2
X	63000000	64814559	2	2	0	3	b	2	NA	NA	NA	NA	2	0	2	NA	NA	NA	NA	NA	NA	NA	NA	NA	NA	NA	NA	NA	NA	NA	NA	NA	NA	NA	3	1	2
X	64814560	64816957	2	2	0	1	g	NA	NA	NA	NA	NA	1.62889	0	1.62889	NA	NA	NA	NA	NA	NA	NA	NA	NA	NA	NA	NA	NA	NA	NA	NA	NA	NA	NA	3	1	2
X	64816958	121794351	2	2	0	3	b	2	NA	NA	NA	NA	2	0	2	NA	NA	NA	NA	NA	NA	NA	NA	NA	NA	NA	NA	NA	NA	NA	NA	NA	NA	NA	NA	NA	NA
X	121794352	121915327	2	2	0	1	g	NA	NA	NA	NA	NA	1.139585	0	1.139585	NA	NA	NA	NA	NA	NA	NA	NA	NA	NA	NA	NA	NA	NA	NA	NA	NA	NA	NA	NA	NA	NA
X	121915328	123987849	2	2	0	3	b	2	NA	NA	NA	NA	2	0	2	NA	NA	NA	NA	NA	NA	NA	NA	NA	NA	NA	NA	NA	NA	NA	NA	NA	NA	NA	NA	NA	NA
X	123987850	123989638	2	2	0	1	g	NA	NA	NA	NA	NA	1.777895	0	1.777895	NA	NA	NA	NA	NA	NA	NA	NA	NA	NA	NA	NA	NA	NA	NA	NA	NA	NA	NA	NA	NA	NA
X	123989639	139011710	2	2	0	3	b	2	NA	NA	NA	NA	2	0	2	NA	NA	NA	NA	NA	NA	NA	NA	NA	NA	NA	NA	NA	NA	NA	NA	NA	NA	NA	NA	NA	NA
X	139011711	139063608	2	2	0	1	g	NA	NA	NA	NA	NA	2.579176	0	2.579176	NA	NA	NA	NA	NA	NA	NA	NA	NA	NA	NA	NA	NA	NA	NA	NA	NA	NA	NA	NA	NA	NA
X	139063609	140251897	2	2	0	3	b	2	NA	NA	NA	NA	2	0	2	NA	NA	NA	NA	NA	NA	NA	NA	NA	NA	NA	NA	NA	NA	NA	NA	NA	NA	NA	NA	NA	NA
X	140251898	140273911	3	3	0	1	g	NA	NA	NA	NA	NA	3.623118	0	3.623118	NA	NA	NA	NA	NA	NA	NA	NA	NA	NA	NA	NA	NA	NA	NA	NA	NA	NA	NA	NA	NA	NA
X	140273912	140317373	2	2	0	3	b	2	NA	NA	NA	NA	2	0	2	NA	NA	NA	NA	NA	NA	NA	NA	NA	NA	NA	NA	NA	NA	NA	NA	NA	NA	NA	NA	NA	NA
X	140317374	140334653	3	3	0	1	g	NA	NA	NA	NA	NA	1.8166	0	1.8166	NA	NA	NA	NA	NA	NA	NA	NA	NA	NA	NA	NA	NA	NA	NA	NA	NA	NA	NA	NA	NA	NA
X	140334654	155270559	2	2	0	3	b	2	NA	NA	NA	NA	2	0	2	NA	NA	NA	NA	NA	NA	NA	NA	NA	NA	NA	NA	NA	NA	NA	NA	NA	NA	NA	3	1	2
Y	1	11599999	2	2	0	1	h	1	NA	NA	NA	NA	1.726285	0	1.726285	NA	NA	NA	NA	NA	NA	NA	NA	NA	NA	NA	NA	NA	NA	NA	NA	NA	NA	NA	4	0	4
Y	11600000	13399999	2	2	0	1	h	1	NA	NA	NA	NA	1.639472	0	1.639472	NA	NA	NA	NA	NA	NA	NA	NA	NA	NA	NA	NA	NA	NA	NA	NA	NA	NA	NA	4	0	4
Y	13400000	59373565	2	2	0	1	h	1	NA	NA	NA	NA	1.767044	0	1.767044	NA	NA	NA	NA	NA	NA	NA	NA	NA	NA	NA	NA	NA	NA	NA	NA	NA	NA	NA	4	0	4
