chromosome	start	end	total_cn	major_cn	minor_cn	star	level	methods_agree	absolute_broad_major_cn	absolute_broad_minor_cn	absolute_broad_het_error	absolute_broad_cov_error	aceseq_copy_number	aceseq_minor_cn	aceseq_major_cn	battenberg_nMaj1_A	battenberg_nMin1_A	battenberg_frac1_A	battenberg_nMaj2_A	battenberg_nMin2_A	battenberg_frac2_A	battenberg_SDfrac_A	battenberg_SDfrac_A_BS	battenberg_frac1_A_0.025	battenberg_frac1_A_0.975	clonehd_copy_number	clonehd_minor_cn	clonehd_major_cn	sclust_nMaj1_A	sclust_nMin1_A	sclust_frac1_A	sclust_nMaj2_A	sclust_nMin2_A	sclust_frac2_A	jabba_copy_number	jabba_minor_cn	jabba_major_cn
1	10001	28579003	2	1	1	2	d	3	1	0.83	0.0495413816786	0.209941369551	1.815021	0.79312221	1.0218986	1	0	0.297088532382647	1	1	0.702911467617352	0.00396941544489793	0.0040125169803815	0.285703874174028	0.301269963008004	2	1	1	1	1	1	NA	NA	NA	2	1	1
1	28579004	29581908	2	1	1	2	d	5	1	0.83	0.0404986727727	0.102668495309	2	1	1	1	1	1	NA	NA	NA	NA	NA	NA	NA	2	1	1	1	1	1	NA	NA	NA	2	1	1
1	29581909	34486565	2	1	1	3	a	6	1	1	0.0404844877681	0.121144849643	2	1	1	1	1	1	NA	NA	NA	NA	NA	NA	NA	2	1	1	1	1	1	NA	NA	NA	2	1	1
1	34486566	34747885	2	1	1	2	d	4	1	1	0.0335584958756	0.137990048743	2.219161	0.97335593	1.2458049	1	1	0.610968147219855	2	1	0.389031852780145	0.0687197495655831	0.0685818276912711	0.476578696179012	0.74421591088439	2	1	1	1	1	1	NA	NA	NA	2	1	1
1	34747886	39691190	2	1	1	3	a	6	1	1	0.0365133985657	0.128379440643	2	1	1	1	1	1	NA	NA	NA	NA	NA	NA	NA	2	1	1	1	1	1	NA	NA	NA	2	1	1
1	39691191	39910797	2	1	1	2	d	4	1	1	0.05	0.100002573573	2.247472	1.12373578	1.1237358	1	1	0.807293924940981	2	1	0.192706075059019	0.0584100385156687	0.0608875988830411	0.660021072070177	0.897426133629611	2	1	1	1	1	1	NA	NA	NA	2	1	1
1	39910798	121499999	2	1	1	3	a	6	1	1	0.038179324849	0.145005199544	2	1	1	1	1	1	NA	NA	NA	NA	NA	NA	NA	2	1	1	1	1	1	NA	NA	NA	2	1	1
1	121500000	128899999	2	1	1	2	d	2	NA	NA	NA	NA	2	1	1	NA	NA	NA	NA	NA	NA	NA	NA	NA	NA	1	0	1	NA	NA	NA	NA	NA	NA	2	1	1
1	128900000	143743295	2	1	1	1	g	NA	NA	NA	NA	NA	NA	NA	NA	NA	NA	NA	NA	NA	NA	NA	NA	NA	NA	NA	NA	NA	1	0	0.881823	1	1	0.118177	2	1	1
1	143743296	149821413	2	1	1	1	g	NA	1.44	0.83	0.0475442037665	0.215815123383	2.440849	0.95220556	1.4886433	1	1	0.339803261371889	2	1	0.660196738628111	0.0280609628983509	0.0271928741506096	0.335480319297146	0.44125676769189	3	1	2	2	1	0.801695	1	1	0.198305	2	1	1
1	149821414	169687438	3	2	1	2	d	3	1.44	0.83	0.0507449668789	0.194992876261	2.652163	1.02925983	1.6229035	1	1	0.242424242424246	2	1	0.757575757575754	0.0067230345179362	0.00677571575745763	0.234261484076505	0.26118485572645	3	1	2	2	1	1	NA	NA	NA	3	1	2
1	169687439	169687651	4	2	2	1	g	NA	1.44	0.83	0.05	0.1	2.652163	1.02925983	1.6229035	2	2	0.241127856101118	3	2	0.758872143898882	NA	0	0.241127856101118	0.241127856101118	1	0	1	2	1	1	NA	NA	NA	4	2	2
1	169687652	171357402	3	2	1	2	d	3	1.44	0.83	0.0485178495647	0.122871419989	2.628298	1.03610207	1.5921961	1	1	0.268705151058096	2	1	0.731294848941904	0.0201160354989332	0.0199066364499055	0.230975681313629	0.309589552401747	3	1	2	2	1	1	NA	NA	NA	3	1	2
1	171357403	171428054	3	2	1	2	d	4	1.44	0.83	0.0445271514248	0.102833087288	2.797765	1.03271257	1.7650527	2	1	1	NA	NA	NA	NA	NA	NA	NA	3	1	2	2	1	1	NA	NA	NA	3	1	2
1	171428055	172689555	3	2	1	2	d	3	1.44	0.83	0.0461069558504	0.128647095856	2.629761	1.0336758	1.5960851	1	1	0.260901699926089	2	1	0.739098300073911	0.0205941862678274	0.0207126391960445	0.234424384909234	0.316603320328048	3	1	2	2	1	1	NA	NA	NA	3	1	2
1	172689556	176979430	3	2	1	2	d	2	2.09	0.83	0.0502776906832	0.148712481582	3.115177	1.00145218	2.113725	2	1	0.602880955822135	3	1	0.397119044177865	0.0188284364781941	0.0183720700896147	0.613059251508963	0.683901455979992	3	1	2	3	1	0.524499	2	1	0.475501	3	1	2
1	176979431	176980702	3	2	1	2	f	2	NA	NA	NA	NA	3.115177	1.00145218	2.113725	3	1	0.400937479368855	3	2	0.599062520631145	NA	0	0.400937479368855	0.400937479368855	1	0	1	3	1	0.524499	2	1	0.475501	2	1	1
1	176980703	176981697	3	2	1	2	f	2	NA	NA	NA	NA	NA	NA	NA	2	1	0.495989304812839	3	1	0.504010695187161	NA	0	0.495989304812839	0.495989304812839	NA	NA	NA	3	1	0.524499	2	1	0.475501	3	1	2
1	176981698	179157624	3	2	1	2	d	3	1.56	0.91	0.0483069483633	0.135046030923	2.626988	1.0363618	1.590626	1	1	0.346405228758173	2	1	0.653594771241827	0.0205097420882844	0.0207486033590594	0.287973444867766	0.371089183188829	3	1	2	2	1	1	NA	NA	NA	3	1	2
1	179157625	179431625	3	2	1	2	d	4	1.68	0.77	0.0528938934263	0.148098550869	2.806827	1.00060255	1.8062241	2	1	1	NA	NA	NA	NA	NA	NA	NA	3	1	2	2	1	1	NA	NA	NA	3	1	2
1	179431626	183116888	3	2	1	2	d	3	1.44	0.83	0.0540327701519	0.126997421519	2.606878	1.0153831	1.5914947	1	1	0.236058059587472	2	1	0.763941940412528	0.017289964714763	0.0172162660369551	0.216748008023893	0.285766360465119	3	1	2	2	1	1	NA	NA	NA	3	1	2
1	183116889	183118977	3	2	1	2	f	3	2	0.83	0.05	0.1	2.606878	1.0153831	1.5914947	NA	NA	NA	NA	NA	NA	NA	NA	NA	NA	1	0	1	3	1	0.465647	2	1	0.534353	3	1	2
1	183118978	183118999	3	2	1	2	e	3	2	0.83	0.05	0.1	NA	NA	NA	NA	NA	NA	NA	NA	NA	NA	NA	NA	NA	NA	NA	NA	3	1	0.465647	2	1	0.534353	3	1	2
1	183119000	183123633	3	2	1	2	d	2	2	0.83	0.05	0.1	NA	NA	NA	4	1	0.255910940705613	4	2	0.744089059294387	NA	0	0.255910940705613	0.255910940705613	3	1	2	3	1	0.465647	2	1	0.534353	3	1	2
1	183123634	183131653	3	2	1	2	d	3	2	0.83	0.05	0.1	NA	NA	NA	2	1	1	NA	NA	NA	NA	NA	NA	NA	3	1	2	3	1	0.465647	2	1	0.534353	3	1	2
1	183131654	184795627	3	2	1	2	d	2	2	0.83	0.0548201170335	0.139519890206	3.133583	1.03674738	2.0968359	2	1	0.6448097166507	3	1	0.3551902833493	0.0282879139955599	0.0288350108800559	0.60208531717494	0.717875731881728	3	1	2	3	1	0.465647	2	1	0.534353	3	1	2
1	184795628	188325570	3	2	1	2	d	3	1.44	0.91	0.0479473595471	0.121176940316	2.60577	1.01726066	1.5885089	1	1	0.270116861124618	2	1	0.729883138875382	0.0113287793069446	0.0118703818937185	0.247023415096314	0.293569732369329	3	1	2	2	1	1	NA	NA	NA	3	1	2
1	188325571	188326234	3	2	1	2	d	2	NA	NA	NA	NA	2.60577	1.01726066	1.5885089	1	1	0.270116861124618	2	1	0.729883138875382	0.0113287793069446	0.0118703818937185	0.247023415096314	0.293569732369329	NA	NA	NA	2	1	1	NA	NA	NA	3	1	2
1	188326235	191814531	3	2	1	2	d	3	1.44	0.83	0.0548108677109	0.137107128389	2.591536	1.00901786	1.5825181	1	1	0.270116861124618	2	1	0.729883138875382	0.0113287793069446	0.0118703818937185	0.247023415096314	0.293569732369329	3	1	2	2	1	1	NA	NA	NA	3	1	2
1	191814532	196209558	3	2	1	2	d	2	2.09	0.83	0.0468087117572	0.148000167082	3.114557	1.01060244	2.103955	2	1	0.623747290606859	3	1	0.376252709393141	0.0162547750491593	0.0154488238451984	0.61194606760571	0.671218906503796	3	1	2	3	1	0.502888	2	1	0.497112	3	1	2
1	196209559	197442348	3	2	1	2	d	3	1.44	0.83	0.0471546771002	0.132643411051	2.614866	1.00388073	1.6109854	1	1	0.25248691852107	2	1	0.74751308147893	0.0263521315548476	0.0263576664369904	0.19452006374719	0.295690945350932	3	1	2	2	1	1	NA	NA	NA	3	1	2
1	197442349	197447566	4	3	1	1	g	NA	1.44	0.83	0.05	0.1	2.614866	1.00388073	1.6109854	3	1	1	NA	NA	NA	NA	NA	NA	NA	3	1	2	2	1	1	NA	NA	NA	4	1	3
1	197447567	209400906	3	2	1	2	d	3	1.44	0.83	0.0510457033088	0.132092211408	2.621127	1.02732162	1.5938058	1	1	0.278950505951346	2	1	0.721049494048654	0.00578258458507974	0.00581084687613375	0.268316985563978	0.290941608948771	3	1	2	2	1	1	NA	NA	NA	3	1	2
1	209400907	209407444	3	2	1	2	d	3	1.44	0.83	0.05	0.1	2.621127	1.02732162	1.5938058	1	1	0.278950505951346	2	1	0.721049494048654	0.00578258458507974	0.00581084687613375	0.268316985563978	0.290941608948771	3	1	2	2	1	1	NA	NA	NA	3	1	2
1	209407445	209678557	3	2	1	2	d	3	1.44	0.83	0.0479635766339	0.126372578598	2.541561	0.98408053	1.557481	1	1	0.278950505951346	2	1	0.721049494048654	0.00578258458507974	0.00581084687613375	0.268316985563978	0.290941608948771	3	1	2	2	1	1	NA	NA	NA	3	1	2
1	209678558	209680956	3	2	1	2	d	3	1.44	0.83	0.05	0.1	2.541561	0.98408053	1.557481	1	1	0.278950505951346	2	1	0.721049494048654	0.00578258458507974	0.00581084687613375	0.268316985563978	0.290941608948771	3	1	2	2	1	1	NA	NA	NA	3	1	2
1	209680957	209685814	3	2	1	2	d	2	1.44	0.83	0.05	0.1	NA	NA	NA	1	1	0.278950505951346	2	1	0.721049494048654	0.00578258458507974	0.00581084687613375	0.268316985563978	0.290941608948771	3	1	2	2	1	1	NA	NA	NA	NA	NA	NA
1	209685815	220434608	3	2	1	2	d	3	1.44	0.83	0.0509383064762	0.130470633481	2.5979	1.01078245	1.5871177	1	1	0.278950505951346	2	1	0.721049494048654	0.00578258458507974	0.00581084687613375	0.268316985563978	0.290941608948771	3	1	2	2	1	1	NA	NA	NA	3	1	2
1	220434609	220467874	3	2	1	2	d	3	1.68	0.83	0.05	0.1	2.5979	1.01078245	1.5871177	2	1	0.695632798573972	2	2	0.304367201426028	NA	0	0.695632798573972	0.695632798573972	3	1	2	2	1	1	NA	NA	NA	3	1	2
1	220467875	223026459	3	2	1	2	d	4	1.68	0.83	0.0538965675031	0.132453642861	2.831545	1.02507249	1.8064722	2	1	1	NA	NA	NA	NA	NA	NA	NA	3	1	2	2	1	1	NA	NA	NA	3	1	2
1	223026460	223036574	3	2	1	2	d	3	1.68	0.83	0.05	0.1	2.831545	1.02507249	1.8064722	2	1	1	NA	NA	NA	NA	NA	NA	NA	4	1	3	2	1	1	NA	NA	NA	3	1	2
1	223036575	248436052	3	2	1	2	d	4	1.68	0.83	0.0528200436454	0.13877597594	2.810179	1.01041425	1.7997647	2	1	1	NA	NA	NA	NA	NA	NA	NA	3	1	2	2	1	1	NA	NA	NA	3	1	2
1	248436053	248439801	3	2	1	2	d	2	NA	NA	NA	NA	2.810179	1.01041425	1.7997647	3	1	1	NA	NA	NA	NA	NA	NA	NA	NA	NA	NA	2	1	1	NA	NA	NA	3	1	2
2	16496	17303118	2	1	1	3	a	6	1	1	0.0404785552192	0.127696154424	2	1	1	1	1	1	NA	NA	NA	NA	NA	NA	NA	2	1	1	1	1	1	NA	NA	NA	2	1	1
2	17303119	17464395	2	1	1	2	d	4	1	1	0.0443034576128	0.142526587893	2.170784	0.9658559	1.2049285	1	1	0.665775401069517	2	1	0.334224598930483	0.0409104341582257	0.0405378685370839	0.570754475177072	0.728291112039486	2	1	1	1	1	1	NA	NA	NA	2	1	1
2	17464396	66722843	2	1	1	3	a	6	1	1	0.0396474538231	0.140608309084	2	1	1	1	1	1	NA	NA	NA	NA	NA	NA	NA	2	1	1	1	1	1	NA	NA	NA	2	1	1
2	66722844	66882641	3	2	1	2	d	5	2	1	0.0491839680799	0.152568768422	2.813212	1.03254466	1.7806676	2	1	1	NA	NA	NA	NA	NA	NA	NA	3	1	2	2	1	1	NA	NA	NA	3	1	2
2	66882642	70054887	2	1	1	3	a	6	1	1	0.0347197259686	0.137567787377	2	1	1	1	1	1	NA	NA	NA	NA	NA	NA	NA	2	1	1	1	1	1	NA	NA	NA	2	1	1
2	70054888	70081700	2	1	1	3	a	6	1	1	0.05	0.1	2	1	1	1	1	1	NA	NA	NA	NA	NA	NA	NA	2	1	1	1	1	1	NA	NA	NA	2	1	1
2	70081701	72906919	2	1	1	3	a	6	1	1	0.0357818342976	0.126377590081	2	1	1	1	1	1	NA	NA	NA	NA	NA	NA	NA	2	1	1	1	1	1	NA	NA	NA	2	1	1
2	72906920	73287316	3	2	1	2	d	5	2	1	0.0510545540169	0.134456323513	2.735844	1.00111544	1.7347288	2	1	1	NA	NA	NA	NA	NA	NA	NA	3	1	2	2	1	1	NA	NA	NA	3	1	2
2	73287317	90499999	2	1	1	3	a	6	1	1	0.0430139870076	0.152881408599	2	1	1	1	1	1	NA	NA	NA	NA	NA	NA	NA	2	1	1	1	1	1	NA	NA	NA	2	1	1
2	90500000	96799999	2	1	1	3	a	6	1	1	0.031463105142	0.204341007179	2	1	1	1	1	1	NA	NA	NA	NA	NA	NA	NA	2	1	1	1	1	1	NA	NA	NA	2	1	1
2	96800000	152988664	2	1	1	3	a	6	1	1	0.0390539306339	0.142431541953	2	1	1	1	1	1	NA	NA	NA	NA	NA	NA	NA	2	1	1	1	1	1	NA	NA	NA	2	1	1
2	152988665	153105314	2	1	1	3	b	5	1	1	0.05	0.111224960222	2	1	1	1	1	1	NA	NA	NA	NA	NA	NA	NA	NA	NA	NA	1	1	1	NA	NA	NA	2	1	1
2	153105315	198319461	2	1	1	3	a	6	1	1	0.0376629955328	0.127612567045	2	1	1	1	1	1	NA	NA	NA	NA	NA	NA	NA	2	1	1	1	1	1	NA	NA	NA	2	1	1
2	198319462	198434364	2	1	1	2	d	4	1	1	0.05	0.09828966292	2.083549	0.93172366	1.1518258	1	1	0.883534756906387	2	1	0.116465243093613	0.0925063472545756	0.0983834531615263	0.510572201289481	0.899567050187889	2	1	1	1	1	1	NA	NA	NA	2	1	1
2	198434365	203818459	2	1	1	3	a	6	1	1	0.0403152526817	0.1112160786	2	1	1	1	1	1	NA	NA	NA	NA	NA	NA	NA	2	1	1	1	1	1	NA	NA	NA	2	1	1
2	203818460	204145584	3	2	1	2	d	5	2	1	0.05	0.136154625399	2.733552	1.01047946	1.7230729	2	1	1	NA	NA	NA	NA	NA	NA	NA	3	1	2	2	1	1	NA	NA	NA	3	1	2
2	204145585	223309024	2	1	1	3	a	6	1	1	0.0409203882591	0.120558731465	2	1	1	1	1	1	NA	NA	NA	NA	NA	NA	NA	2	1	1	1	1	1	NA	NA	NA	2	1	1
2	223309025	223676327	2	1	1	2	d	4	1	1	0.0343457893932	0.113407261375	2.215335	0.98889305	1.2264417	1	1	0.643493761140823	2	1	0.356506238859177	0.0386714958437471	0.0371475219844874	0.604699207280605	0.74868471420342	2	1	1	1	1	1	NA	NA	NA	2	1	1
2	223676328	232660866	2	1	1	3	a	6	1	1	0.0383616123021	0.127748701839	2	1	1	1	1	1	NA	NA	NA	NA	NA	NA	NA	2	1	1	1	1	1	NA	NA	NA	2	1	1
2	232660867	232663584	3	2	1	1	g	NA	1	1	0.05	0.1	2	1	1	2	1	1	NA	NA	NA	NA	NA	NA	NA	1	0	1	1	1	1	NA	NA	NA	3	1	2
2	232663585	232665090	3	2	1	1	g	NA	1	1	0.05	0.1	NA	NA	NA	NA	NA	NA	NA	NA	NA	NA	NA	NA	NA	1	0	1	1	1	1	NA	NA	NA	3	1	2
2	232665091	232666140	2	1	1	2	d	3	1	1	0.05	0.1	NA	NA	NA	1	0	0.385412150118035	1	1	0.614587849881965	NA	0	0.385412150118035	0.385412150118035	NA	NA	NA	1	1	1	NA	NA	NA	2	1	1
2	232666141	242985493	2	1	1	2	d	4	1	1	0.0452765026266	0.126105910521	1.86515	0.93257509	0.9325751	1	0	0.209709552270106	1	1	0.790290447729894	0.00534847110983991	0.00536654794031884	0.195124261679916	0.215709556557608	2	1	1	1	1	1	NA	NA	NA	2	1	1
3	100074	10055551	2	2	0	2	d	2	1.78	0.22	0.0586487879247	0.147381973334	1.935852	0.39388906	1.5419634	1	0	0.826203208556152	2	0	0.173796791443848	0.00755643948350493	0.00719085843108976	0.840611952123502	0.868579462970495	2	0	2	2	0	0.384585	1	0	0.615415	2	0	2
3	10055552	10311026	3	2	1	2	f	3	2	1	0.0606628970449	0.14395590224	2.261297	0.72543835	1.5358582	2	0	0.145748138827726	2	1	0.854251861172274	0.04675297926238	0.0449427311546466	0.0518823843861792	0.228223126420156	NA	NA	NA	2	0	0.384585	1	0	0.615415	2	0	2
3	10311027	23721968	2	2	0	2	d	2	1.68	0.22	0.0574841829984	0.129888455775	1.933903	0.39071944	1.5431839	1	0	0.809191660854068	2	0	0.190808339145932	0.00667089293838485	0.00633037826071255	0.820763738393782	0.845224836537937	2	0	2	2	0	0.406559	1	0	0.593441	2	0	2
3	23721969	28740781	1	1	0	2	d	2	0.77	0.22	0.0633991644389	0.0953704763418	1.174728	0.38591508	0.7888131	0	0	0.590102707749769	1	0	0.409897292250231	0.00652369483675058	0.00669996282799276	0.583469835879035	0.609058332697501	1	0	1	1	0	0.475233	0	0	0.524767	1	0	1
3	28740782	30633181	0	0	0	2	d	4	0	0	0.0822591605086	0.0603475434956	0.412275	0.02019164	0.392083	0	0	0.217468805704098	1	0	0.782531194295902	0.0201190244414633	0.0183392780018635	0.258046344522487	0.332864803753212	0	0	0	0	0	1	NA	NA	NA	0	0	0
3	30633182	30668559	0	0	0	2	d	5	0	0	0.05	0.1	0.412275	0.02019164	0.392083	0	0	1	NA	NA	NA	NA	NA	NA	NA	0	0	0	0	0	1	NA	NA	NA	0	0	0
3	30668560	31569676	0	0	0	2	d	4	0	0	0.0850534501288	0.0611607744945	0.419903	0.02174458	0.3981586	0	0	0.295721925133693	1	0	0.704278074866307	0.0218788819982162	0.0217107708239448	0.284695765012423	0.368347786343021	0	0	0	0	0	1	NA	NA	NA	0	0	0
3	31569677	60376739	1	1	0	2	d	2	0.77	0.22	0.0636638356724	0.0959767997326	1.180547	0.38768825	0.7928589	0	0	0.590102707749769	1	0	0.409897292250231	0.00344696387354171	0.00342726263902619	0.593058181490095	0.6071214027762	1	0	1	1	0	0.487243	0	0	0.512757	1	0	1
3	60376740	60562693	1	1	0	2	d	3	1	0	0.0789279946616	0.102845095421	0.838747	0.0410847	0.7976623	1	0	0.669696969696966	2	0	0.330303030303034	0.0659602121119733	0.0660020895263172	0.553660605685538	0.809681209516668	1	0	1	0	0	1	NA	NA	NA	1	0	1
3	60562694	76660304	1	1	0	2	d	2	0.83	0.22	0.0643462658521	0.100025703806	1.187698	0.39052377	0.7971739	0	0	0.588141476686367	1	0	0.411858523313633	0.00416319454980812	0.00413702064245465	0.59057170468394	0.606768366318146	1	0	1	1	0	0.48218	0	0	0.51782	1	0	1
3	76660305	76789153	2	2	0	2	d	3	2	0	0.063943226807	0.131464145779	1.960813	0.38873564	1.5720773	2	0	0.646804176215942	2	1	0.353195823784058	0.0271294787696215	0.0273906172272931	0.593636371743902	0.702230065464373	2	0	2	2	0	0.362596	1	0	0.637404	2	0	2
3	76789154	77367670	1	1	0	2	d	2	0.83	0.22	0.0635004177224	0.095238214079	1.177789	0.36939199	0.8083967	0	0	0.545241005184029	1	0	0.454758994815971	0.0205587764307167	0.0198786914619866	0.536702448836346	0.615345907676703	1	0	1	1	0	0.547232	0	0	0.452768	1	0	1
3	77367671	77367698	1	1	0	2	d	2	NA	NA	NA	NA	1.177789	0.36939199	0.8083967	NA	NA	NA	NA	NA	NA	NA	NA	NA	NA	1	0	1	1	0	0.547232	0	0	0.452768	1	0	1
3	77367699	79610518	1	1	0	2	d	2	0.77	0	0.0694214477634	0.0814422271943	1.012012	0.23753751	0.7744744	0	0	0.339443418907514	1	0	0.660556581092486	0.0157191811563476	0.0154987954396726	0.296740685791078	0.358030179328093	1	0	1	1	0	0.547232	0	0	0.452768	1	0	1
3	79610519	79717516	1	1	0	2	d	2	0.59	0.59	0.05	0.0682963596654	1.234184	0.45825277	0.7759309	1	0	0.49910873440285	1	1	0.50089126559715	0.0465307541508491	0.0461453027821924	0.400440426566422	0.578266064866408	1	0	1	1	0	0.285323	0	0	0.714677	1	0	1
3	79717517	86991236	1	1	0	2	d	3	0.77	0	0.0684584854204	0.0927447236584	1.019902	0.23639118	0.7835112	0	0	0.304416716181421	1	0	0.695583283818579	0.00720437591828302	0.00697349506558104	0.298344010475982	0.326006165775518	1	0	1	1	0	1	NA	NA	NA	1	0	1
3	86991237	86992530	1	1	0	2	d	2	1	1	0.05	0.1	1.019902	0.23639118	0.7835112	NA	NA	NA	NA	NA	NA	NA	NA	NA	NA	NA	NA	NA	1	0	1	NA	NA	NA	1	0	1
3	86992531	87000963	2	1	1	2	d	2	1	1	0.05	0.1	NA	NA	NA	NA	NA	NA	NA	NA	NA	NA	NA	NA	NA	NA	NA	NA	1	1	1	NA	NA	NA	NA	NA	NA
3	87000964	87029235	2	1	1	2	d	2	1	1	0.05	0.1	NA	NA	NA	NA	NA	NA	NA	NA	NA	NA	NA	NA	NA	1	0	1	1	1	1	NA	NA	NA	NA	NA	NA
3	87029236	87030010	2	1	1	2	d	2	1	1	0.05	0.1	NA	NA	NA	NA	NA	NA	NA	NA	NA	NA	NA	NA	NA	NA	NA	NA	1	1	1	NA	NA	NA	NA	NA	NA
3	87030011	87899999	2	1	1	2	d	3	0.91	0.91	0.0482744851028	0.120145428658	1.788919	0.78188494	1.0070338	1	0	0.281452293836196	1	1	0.718547706163804	0.0174405887140447	0.0176478582164475	0.227591938818752	0.297798306459144	2	1	1	1	1	1	NA	NA	NA	2	1	1
3	87900000	93899999	2	1	1	2	d	2	1.09	1.09	0.04733531586	0.576255526874	2.380892	1.05396023	1.3269317	NA	NA	NA	NA	NA	NA	NA	NA	NA	NA	2	1	1	2	1	0.310637	1	1	0.689363	2	1	1
3	93900000	107796105	2	1	1	2	d	3	1.09	1.09	0.0432858190935	0.134958495752	2.222123	1.11106156	1.1110616	1	1	0.737863059662365	2	1	0.262136940337635	0.00538553939308217	0.00528970795341926	0.722408680930697	0.743591743881814	2	1	1	1	1	1	NA	NA	NA	2	1	1
3	107796106	108890007	2	1	1	2	e	4	1.09	1.09	0.030519099623	0.124742869115	2.479169	1.23958456	1.2395846	1	1	1	NA	NA	NA	NA	NA	NA	NA	3	1	2	1	1	1	NA	NA	NA	3	1	2
3	108890008	109563436	2	1	1	2	d	3	1.41	1	0.0537373757293	0.120025419749	2.216583	1.00285636	1.2137269	1	1	0.720014162390424	2	1	0.279985837609576	0.0304731951133655	0.02991190764258	0.628944052360159	0.745712545023509	2	1	1	1	1	1	NA	NA	NA	2	1	1
3	109563437	109765505	2	1	1	2	d	4	1.41	1	0.05	0.142421350662	2.216583	1.00285636	1.2137269	1	1	1	NA	NA	NA	NA	NA	NA	NA	2	1	1	1	1	1	NA	NA	NA	2	1	1
3	109765506	117792135	2	1	1	2	d	3	1.17	1.17	0.0416447540608	0.147842649263	2.2343	1.11714983	1.1171498	1	1	0.735697995561323	2	1	0.264302004438677	0.00872494671402757	0.00844562318560557	0.719115948077905	0.753296413908226	2	1	1	1	1	1	NA	NA	NA	2	1	1
3	117792136	117813121	2	1	1	2	d	3	1.17	1.17	0.05	0.1	2.2343	1.11714983	1.1171498	1	1	0.735697995561323	2	1	0.264302004438677	0.00872494671402757	0.00844562318560557	0.719115948077905	0.753296413908226	2	1	1	1	1	1	NA	NA	NA	2	1	1
3	117813122	117816973	2	1	1	2	d	4	1.17	1.17	0.05	0.1	NA	NA	NA	1	1	1	NA	NA	NA	NA	NA	NA	NA	2	1	1	1	1	1	NA	NA	NA	2	1	1
3	117816974	123777195	2	1	1	2	d	3	1.17	1.17	0.0362130761291	0.133666270579	2.354248	1.17712414	1.1771241	1	1	1	NA	NA	NA	NA	NA	NA	NA	2	1	1	NA	NA	NA	NA	NA	NA	2	1	1
3	123777196	123983585	2	1	1	2	d	2	1.23	1.23	0.05	0.112677601621	2.354248	1.17712414	1.1771241	1	1	1	NA	NA	NA	NA	NA	NA	NA	NA	NA	NA	NA	NA	NA	NA	NA	NA	2	1	1
3	123983586	137286868	2	1	1	2	d	3	1.23	1.23	0.0370839073852	0.133546864566	2.360504	1.18025211	1.1802521	1	1	1	NA	NA	NA	NA	NA	NA	NA	2	1	1	NA	NA	NA	NA	NA	NA	2	1	1
3	137286869	137441092	3	2	1	2	d	2	2	2	0.05	0.159667709021	2.360504	1.18025211	1.1802521	2	1	0.840275984596026	2	2	0.159724015403974	0.00456774879033228	0.00468265881157951	0.831359810309666	0.849060219409668	3	1	2	2	2	0.0872083	2	1	0.912792	3	1	2
3	137441093	137441714	3	2	1	2	f	3	NA	NA	NA	NA	NA	NA	NA	2	1	0.840275984596026	2	2	0.159724015403974	0.00456774879033228	0.00468265881157951	0.831359810309666	0.849060219409668	NA	NA	NA	2	2	0.12854	2	1	0.87146	3	1	2
3	137441715	156292795	3	2	1	2	d	2	2.17	1.28	0.0498875349957	0.164114182414	3.138641	1.2216009	1.9170397	2	1	0.840275984596026	2	2	0.159724015403974	0.00456774879033228	0.00468265881157951	0.831359810309666	0.849060219409668	3	1	2	2	2	0.12854	2	1	0.87146	3	1	2
3	156292796	156594106	4	2	2	2	d	4	2	2	0.0313441366198	0.174290104212	3.616312	1.8081559	1.8081559	2	2	0.721746880570408	3	2	0.278253119429592	0.0629282392092169	0.0642537684193114	0.604398041939633	0.846822264682621	4	2	2	2	2	1	NA	NA	NA	4	2	2
3	156594107	170001108	3	2	1	2	d	2	2.17	1.28	0.0472269297214	0.168171045059	3.138172	1.22356096	1.9146109	2	1	0.844696969696968	2	2	0.155303030303032	0.00500675575631654	0.00491620292548885	0.827363310181355	0.846148219416651	3	1	2	2	2	0.13743	2	1	0.86257	3	1	2
3	170001109	170220266	5	3	2	2	f	3	3.56	1	0.0376379739052	0.264516949266	4.084605	1.30510252	2.7795025	3	1	0.741955155267853	3	2	0.258044844732147	0.0660969788751289	0.0651938101356112	0.616271872160284	0.877893717402664	5	2	3	2	2	0.13743	2	1	0.86257	5	1	4
3	170220267	174786127	3	2	1	2	d	2	2.23	1.28	0.0480884051097	0.177644461048	3.173312	1.23313726	1.9401743	2	1	0.843670890754226	2	2	0.156329109245774	0.00901177092617561	0.00895388841314547	0.825791270507035	0.860918181504486	3	1	2	2	2	0.12854	2	1	0.87146	3	1	2
3	174786128	174790923	3	2	1	2	d	2	2.23	1.28	0.05	0.1	3.173312	1.23313726	1.9401743	2	1	0.843670890754226	2	2	0.156329109245774	0.00901177092617561	0.00895388841314547	0.825791270507035	0.860918181504486	3	1	2	2	2	0.0983022	2	1	0.901698	3	1	2
3	174790924	174954852	3	2	1	2	d	2	2.23	1.28	0.0496055897982	0.123516824202	3.112265	1.1914408	1.9208237	2	1	0.843670890754226	2	2	0.156329109245774	0.00901177092617561	0.00895388841314547	0.825791270507035	0.860918181504486	3	1	2	2	2	0.0983022	2	1	0.901698	3	1	2
3	174954853	175899350	2	2	0	2	d	2	2.17	0.22	0.0616626482705	0.188352042477	2.357693	0.46623941	1.8914532	2	0	0.749660851798898	2	1	0.250339148201102	0.0140685794848227	0.0142316758546061	0.727009327308861	0.78391826532527	2	0	2	2	2	0.0983022	2	1	0.901698	2	0	2
3	175899351	176229692	3	2	1	2	d	2	2.17	0.83	0.0459745913451	0.131135702344	2.763319	0.88590612	1.8774133	2	1	0.590784768988858	3	1	0.409215231011142	0.045311950269646	0.0452524246057332	0.466848628699352	0.648417167196699	3	1	2	3	1	0.588154	2	1	0.411846	3	1	2
3	176229693	177054899	2	2	0	2	d	2	2.23	0.32	0.0528756762601	0.140202274495	2.393651	0.46689343	1.9267574	2	0	0.751964085297421	2	1	0.248035914702579	0.0112786951817387	0.0111067372639733	0.729004899458024	0.77242844604656	2	0	2	3	1	0.588154	2	1	0.411846	2	0	2
3	177054900	195357801	3	2	1	2	d	2	2.17	1.23	0.0500718291294	0.178739577358	3.155113	1.22640556	1.9287075	2	1	0.846857320003102	2	2	0.153142679996898	0.00476551253527085	0.00468437352691595	0.828884811222908	0.847060283306762	3	1	2	2	2	0.119538	2	1	0.880462	3	1	2
3	195357802	197850113	4	2	2	2	d	3	2	1.68	0.045988876701	0.333256367343	3.388402	1.45797417	1.9304275	2	1	0.556506238859185	2	2	0.443493761140815	0.0140792212668515	0.0140385446889721	0.5390727523936	0.594135633720208	4	2	2	2	2	1	NA	NA	NA	4	2	2
4	27500	92230	1	1	0	2	d	3	NA	NA	NA	NA	NA	NA	NA	NA	NA	NA	NA	NA	NA	NA	NA	NA	NA	1	0	1	1	0	1	NA	NA	NA	1	0	1
4	92231	48199999	1	1	0	2	d	5	1	0	0.0670339570947	0.107073533685	1.246361	0.24158057	1.0047804	1	0	1	NA	NA	NA	NA	NA	NA	NA	1	0	1	1	0	1	NA	NA	NA	1	0	1
4	48200000	52699999	1	1	0	2	d	4	1	0	0.0441678011844	0.295733203053	1.25985	0.24347829	1.0163715	NA	NA	NA	NA	NA	NA	NA	NA	NA	NA	1	0	1	1	0	1	NA	NA	NA	1	0	1
4	52700000	56752184	1	1	0	2	d	5	1	0	0.0721089899629	0.092804286925	1.244195	0.24297753	1.0012172	1	0	1	NA	NA	NA	NA	NA	NA	NA	1	0	1	1	0	1	NA	NA	NA	1	0	1
4	56752185	56808716	1	1	0	2	d	5	1	0	0.05	0.0918080133933	1.273985	0.28881467	0.9851706	1	0	1	NA	NA	NA	NA	NA	NA	NA	1	0	1	1	0	1	NA	NA	NA	1	0	1
4	56808717	57431922	1	1	0	2	d	2	1	0.32	0.0595733641302	0.101748600145	1.484634	0.48522479	0.9994093	1	0	0.72415329768271	1	1	0.27584670231729	0.0189754497159921	0.0195043305505171	0.637212119577083	0.713730850612205	1	0	1	1	0	0.76596	1	1	0.23404	1	0	1
4	57431923	57484828	2	2	0	2	d	2	2	0	0.05	0.1	1.484634	0.48522479	0.9994093	2	0	0.712326888797476	2	1	0.287673111202524	0.0771869924975592	0.071785551470763	0.60042380561763	0.883768427148353	NA	NA	NA	2	0	0.759363	2	1	0.240637	2	0	2
4	57484829	62311968	1	1	0	2	d	2	1	0.32	0.0664662614187	0.107651011239	1.458348	0.45929673	0.9990512	1	0	0.700280112044817	1	1	0.299719887955183	0.0056544062170904	0.0056476118171939	0.672142788519737	0.694285388474825	1	0	1	1	0	0.755465	1	1	0.244535	1	0	1
4	62311969	81760984	1	1	0	2	d	5	1	0	0.0672323701487	0.104385785411	1.250912	0.23903889	1.0118731	1	0	1	NA	NA	NA	NA	NA	NA	NA	1	0	1	1	0	1	NA	NA	NA	1	0	1
4	81760985	82414557	2	2	0	2	d	5	2	0	0.0545120267306	0.126706657771	2.031849	0.24426637	1.7875823	2	0	1	NA	NA	NA	NA	NA	NA	NA	2	0	2	2	0	1	NA	NA	NA	2	0	2
4	82414558	87011078	1	1	0	2	d	5	1	0	0.0642212708205	0.0906390039502	1.245805	0.23911957	1.0066855	1	0	1	NA	NA	NA	NA	NA	NA	NA	1	0	1	1	0	1	NA	NA	NA	1	0	1
4	87011079	87011499	1	1	0	2	d	5	1	0	0.05	0.1	1.245805	0.23911957	1.0066855	1	0	1	NA	NA	NA	NA	NA	NA	NA	1	0	1	1	0	1	NA	NA	NA	1	0	1
4	87011500	87023839	1	1	0	3	b	5	1	0	0.05	0.1	NA	NA	NA	1	0	1	NA	NA	NA	NA	NA	NA	NA	1	0	1	1	0	1	NA	NA	NA	1	0	1
4	87023840	87066906	1	1	0	2	d	4	1	0	0.05	0.1	1.384839	0.18226387	1.2025756	1	0	0.57303135157807	2	0	0.42696864842193	0.138989701953811	0.130118899865381	0.317445624093378	0.827678259574322	1	0	1	1	0	1	NA	NA	NA	1	0	1
4	87066907	88676630	1	1	0	2	d	5	1	0	0.0719732673073	0.0968797779389	1.253054	0.25242638	1.0006275	1	0	1	NA	NA	NA	NA	NA	NA	NA	1	0	1	1	0	1	NA	NA	NA	1	0	1
4	88676631	89299349	1	1	0	2	d	4	1	0	0.05	0.10480312794	1.454671	0.23123583	1.2234354	1	0	0.780355248935854	2	0	0.219644751064146	0.115824938827903	0.117647618074231	0.547528121104467	1.00710035237414	1	0	1	1	0	1	NA	NA	NA	1	0	1
4	89299350	91915534	1	1	0	2	d	5	1	0	0.0643836174928	0.0969663746363	1.260147	0.24074268	1.0194043	1	0	1	NA	NA	NA	NA	NA	NA	NA	1	0	1	1	0	1	NA	NA	NA	1	0	1
4	91915535	92065605	1	1	0	2	d	3	1.44	0	0.036322611309	0.11020849791	1.434904	0.20323731	1.231667	1	0	0.687653067923019	2	0	0.312346932076981	0.0615979030675461	0.0631411766408534	0.568695664751306	0.81992686612136	1	0	1	1	0	1	NA	NA	NA	1	0	1
4	92065606	97312101	1	1	0	2	d	5	1	0	0.0602403185476	0.0932499327618	1.243731	0.22635294	1.0173782	1	0	1	NA	NA	NA	NA	NA	NA	NA	1	0	1	1	0	1	NA	NA	NA	1	0	1
4	97312102	97591084	1	1	0	2	d	3	1.44	0	0.0764421295269	0.110814601675	1.47157	0.21670467	1.2548651	1	0	0.695781342840169	2	0	0.304218657159831	0.0412551709978587	0.040390024417377	0.685545687539904	0.843932156197607	1	0	1	1	0	1	NA	NA	NA	1	0	1
4	97591085	97764585	2	2	0	2	d	3	2.44	0	0.0280270581696	0.114731778018	2.275717	0.22830695	2.0474105	2	0	0.675558227594425	3	0	0.324441772405575	0.0860105782949176	0.0885114051001706	0.529095333252544	0.871837794973981	2	0	2	2	0	1	NA	NA	NA	2	0	2
4	97764586	110602278	2	2	0	2	d	5	2	0	0.052645724385	0.121629156136	2.019752	0.23687445	1.782878	2	0	1	NA	NA	NA	NA	NA	NA	NA	2	0	2	2	0	1	NA	NA	NA	2	0	2
4	110602279	110682705	3	3	0	2	d	4	2.68	0	0.05	0.160246595713	2.520376	0.2629667	2.2574097	3	0	1	NA	NA	NA	NA	NA	NA	NA	3	0	3	3	0	1	NA	NA	NA	3	0	3
4	110682706	110731328	2	2	0	2	d	4	2	0	0.05	0.1	2.520376	0.2629667	2.2574097	2	0	1	NA	NA	NA	NA	NA	NA	NA	2	0	2	3	0	1	NA	NA	NA	2	0	2
4	110731329	110824580	3	3	0	2	d	3	2.56	0	0.0401255337528	0.160455229246	2.441002	0.21754794	2.2234544	2	0	0.456773618538315	3	0	0.543226381461685	0.0980738416927177	0.0979520738995869	0.273718884122256	0.656494151179267	3	0	3	3	0	1	NA	NA	NA	3	0	3
4	110824581	115757296	2	2	0	2	d	5	2	0	0.0497863613634	0.144191096508	2.015901	0.23728043	1.7786203	2	0	1	NA	NA	NA	NA	NA	NA	NA	2	0	2	2	0	1	NA	NA	NA	2	0	2
4	115757297	115864373	2	2	0	2	d	5	2	0	0.05	0.131135598519	2.015901	0.23728043	1.7786203	2	0	1	NA	NA	NA	NA	NA	NA	NA	2	0	2	2	0	1	NA	NA	NA	2	0	2
4	115864374	116350535	2	2	0	2	d	5	2	0	0.0530060377122	0.219963861967	1.998612	0.2429075	1.7557044	2	0	1	NA	NA	NA	NA	NA	NA	NA	2	0	2	2	0	1	NA	NA	NA	2	0	2
4	116350536	116384512	2	2	0	2	d	4	2	0	0.05	0.1	2.181836	0.36952376	1.8123124	2	0	0.765561651866974	2	1	0.234438348133026	0.0469097647178735	0.0456990967250383	0.748077696557511	0.924359009087436	2	0	2	2	0	1	NA	NA	NA	2	0	2
4	116384513	119183597	2	2	0	2	d	4	2.09	0	0.0543358038825	0.127148264742	2.015127	0.24586227	1.769265	2	0	1	NA	NA	NA	NA	NA	NA	NA	2	0	2	2	0	1	NA	NA	NA	2	0	2
4	119183598	119254829	2	2	0	2	d	3	2.09	0	0.05	0.123719753261	2.194422	0.40648844	1.7879333	2	0	0.806204459455232	2	1	0.193795540544768	0.0509485885814336	0.0495857291890677	0.714606425430577	0.906706890691527	2	0	2	2	0	1	NA	NA	NA	2	0	2
4	119254830	119254840	2	2	0	2	d	2	2.09	0	0.05	0.1	2.194422	0.40648844	1.7879333	NA	NA	NA	NA	NA	NA	NA	NA	NA	NA	1	0	1	2	0	1	NA	NA	NA	2	0	2
4	119254841	119255417	2	2	0	2	d	2	2.09	0	0.05	0.1	NA	NA	NA	NA	NA	NA	NA	NA	NA	NA	NA	NA	NA	1	0	1	2	0	1	NA	NA	NA	2	0	2
4	119255418	119255490	2	2	0	2	d	2	2.09	0	0.05	0.1	NA	NA	NA	NA	NA	NA	NA	NA	NA	NA	NA	NA	NA	1	0	1	2	0	1	NA	NA	NA	2	0	2
4	119255491	119255876	2	2	0	2	d	2	2.09	0	0.05	0.1	NA	NA	NA	NA	NA	NA	NA	NA	NA	NA	NA	NA	NA	NA	NA	NA	2	0	1	NA	NA	NA	2	0	2
4	119255877	119321261	2	2	0	2	d	2	2.09	0	0.05	0.136472815867	NA	NA	NA	2	0	0.604808688803215	2	1	0.395191311196785	0.0992275426992282	0.0925020125761215	0.436183940745184	0.791127930274565	NA	NA	NA	2	0	1	NA	NA	NA	2	0	2
4	119321262	119321618	2	2	0	2	d	2	2.09	0	0.05	0.1	NA	NA	NA	NA	NA	NA	NA	NA	NA	NA	NA	NA	NA	1	0	1	2	0	1	NA	NA	NA	2	0	2
4	119321619	119322392	2	2	0	2	d	2	2.09	0	0.05	0.1	NA	NA	NA	NA	NA	NA	NA	NA	NA	NA	NA	NA	NA	1	0	1	2	0	1	NA	NA	NA	2	0	2
4	119322393	119322645	2	2	0	2	d	2	2.09	0	0.05	0.1	NA	NA	NA	NA	NA	NA	NA	NA	NA	NA	NA	NA	NA	NA	NA	NA	2	0	1	NA	NA	NA	2	0	2
4	119322646	133744191	2	2	0	2	d	5	2	0	0.0525470519365	0.126886544093	2.01022	0.23841072	1.7718098	2	0	1	NA	NA	NA	NA	NA	NA	NA	2	0	2	2	0	1	NA	NA	NA	2	0	2
4	133744192	133819652	2	2	0	2	d	4	2	0	0.05	0.0941651900696	2.212839	0.1954845	2.0173545	2	0	0.786668114407743	3	0	0.213331885592257	0.0971601954257544	0.114532903604558	0.278074667018052	0.72932614894302	2	0	2	2	0	1	NA	NA	NA	2	0	2
4	133819653	191154275	2	2	0	2	d	5	2	0	0.0520459111154	0.132434480872	2.001199	0.23398524	1.7672139	2	0	1	NA	NA	NA	NA	NA	NA	NA	2	0	2	2	0	1	NA	NA	NA	2	0	2
5	22500	19512712	2	1	1	3	a	6	1	1	0.0416051590776	0.128135315126	2	1	1	1	1	1	NA	NA	NA	NA	NA	NA	NA	2	1	1	1	1	1	NA	NA	NA	2	1	1
5	19512713	19684487	2	1	1	2	d	4	1	1	0.0341537147968	0.126348717285	2.155107	0.95678763	1.1983193	1	1	0.680058503587917	2	1	0.319941496412083	0.0377952803252758	0.036877022603588	0.602087891956344	0.747840782466497	2	1	1	1	1	1	NA	NA	NA	2	1	1
5	19684488	22801015	2	1	1	3	a	6	1	1	0.0386278712211	0.140709053832	2	1	1	1	1	1	NA	NA	NA	NA	NA	NA	NA	2	1	1	1	1	1	NA	NA	NA	2	1	1
5	22801016	24555230	1	1	0	2	d	2	1	0.32	0.0571251924686	0.0918970695114	1.462528	0.46650073	0.9960276	1	0	0.687802197952763	1	1	0.312197802047237	0.0108952149016173	0.0105147585309154	0.652883894785163	0.695359841621219	1	0	1	1	0	0.751704	1	1	0.248296	1	0	1
5	24555231	42212104	2	1	1	3	a	6	1	1	0.0385906252575	0.121597559921	2	1	1	1	1	1	NA	NA	NA	NA	NA	NA	NA	2	1	1	1	1	1	NA	NA	NA	2	1	1
5	42212105	42212343	1	1	0	1	g	NA	NA	NA	NA	NA	2	1	1	NA	NA	NA	NA	NA	NA	NA	NA	NA	NA	1	0	1	1	1	1	NA	NA	NA	1	0	1
5	42212344	43481678	1	1	0	2	d	2	1	0.32	0.0605126230547	0.0975586052856	1.452728	0.46899785	0.9837299	1	0	0.668449197860961	1	1	0.331550802139039	0.0118712422264938	0.0120199462412063	0.627407496776568	0.675277303964833	1	0	1	1	0	0.721984	1	1	0.278016	1	0	1
5	43481679	46099999	2	1	1	3	a	6	1	1	0.0383884865573	0.132023514297	2	1	1	1	1	1	NA	NA	NA	NA	NA	NA	NA	2	1	1	1	1	1	NA	NA	NA	2	1	1
5	46100000	51051625	NA	NA	NA	NA	NA	NA	1	1	0.03495184114	0.171614411471	2	1	1	1	1	1	NA	NA	NA	NA	NA	NA	NA	2	1	1	1	1	1	NA	NA	NA	2	1	1
5	51051626	52172995	1	1	0	2	d	2	1	0.32	0.0777359580505	0.104579293148	1.473863	0.49489576	0.9789669	1	0	0.654408246886443	1	1	0.345591753113557	0.00458488574925014	0.00466699016576922	0.645590944993643	0.663804379982325	1	0	1	1	0	0.698778	1	1	0.301222	1	0	1
5	52172996	52175091	1	1	0	2	d	2	1	0.32	0.05	0.1	1.473863	0.49489576	0.9789669	1	0	0.654408246886443	1	1	0.345591753113557	0.00458488574925014	0.00466699016576922	0.645590944993643	0.663804379982325	1	0	1	1	0	0.698778	1	1	0.301222	1	0	1
5	52175092	63622048	1	1	0	2	d	2	1	0.32	0.0598748348496	0.0995705896063	1.473607	0.48261473	0.9909918	1	0	0.654408246886443	1	1	0.345591753113557	0.00458488574925014	0.00466699016576922	0.645590944993643	0.663804379982325	1	0	1	1	0	0.715747	1	1	0.284253	1	0	1
5	63622049	63624584	1	1	0	2	d	2	NA	NA	NA	NA	1.473607	0.48261473	0.9909918	1	1	1	NA	NA	NA	NA	NA	NA	NA	1	0	1	1	0	0.715747	1	1	0.284253	1	0	1
5	63624585	63627490	1	1	0	2	d	2	NA	NA	NA	NA	NA	NA	NA	1	0	1	NA	NA	NA	NA	NA	NA	NA	NA	NA	NA	1	1	1	NA	NA	NA	1	0	1
5	63627491	84690030	2	1	1	3	a	6	1	1	0.03834000166	0.125288288578	2	1	1	1	1	1	NA	NA	NA	NA	NA	NA	NA	2	1	1	1	1	1	NA	NA	NA	2	1	1
5	84690031	86679879	1	1	0	2	d	2	1	0.32	0.0669357677907	0.101523321577	1.468412	0.47175242	0.99666	1	0	0.676132521974309	1	1	0.323867478025691	0.0106544562713813	0.010840209929118	0.651012348684448	0.692601560957802	1	0	1	1	0	0.735171	1	1	0.264829	1	0	1
5	86679880	88226158	2	1	1	3	a	6	1	1	0.0309291645942	0.123121213734	2	1	1	1	1	1	NA	NA	NA	NA	NA	NA	NA	2	1	1	1	1	1	NA	NA	NA	2	1	1
5	88226159	88262101	2	1	1	3	a	6	1	1	0.05	0.1	2	1	1	1	1	1	NA	NA	NA	NA	NA	NA	NA	2	1	1	1	1	1	NA	NA	NA	2	1	1
5	88262102	89849828	2	1	1	3	a	6	1	1	0.0348266116747	0.113690803259	2	1	1	1	1	1	NA	NA	NA	NA	NA	NA	NA	2	1	1	1	1	1	NA	NA	NA	2	1	1
5	89849829	90256729	1	1	0	2	d	2	1	0.32	0.0593743205532	0.089313035789	1.462299	0.46761113	0.9946881	1	0	0.67900293425863	1	1	0.32099706574137	0.0114575597385217	0.011712571735876	0.656585049553273	0.701761575756663	1	0	1	1	0	0.751704	1	1	0.248296	1	0	1
5	90256730	90256836	1	1	0	2	d	2	1	0.32	0.05	0.1	1.462299	0.46761113	0.9946881	1	0	0.67900293425863	1	1	0.32099706574137	0.0114575597385217	0.011712571735876	0.656585049553273	0.701761575756663	1	0	1	1	0	0.751704	1	1	0.248296	1	0	1
5	90256837	90493778	1	1	0	2	d	2	1	0.32	0.042869382013	0.0961124555988	1.493888	0.49250098	1.0013866	1	0	0.67900293425863	1	1	0.32099706574137	0.0114575597385217	0.011712571735876	0.656585049553273	0.701761575756663	1	0	1	1	0	0.735171	1	1	0.264829	1	0	1
5	90493779	90502362	1	1	0	2	d	2	1	0.32	0.05	0.1	1.493888	0.49250098	1.0013866	1	0	0.67900293425863	1	1	0.32099706574137	0.0114575597385217	0.011712571735876	0.656585049553273	0.701761575756663	1	0	1	1	0	0.753867	1	1	0.246133	1	0	1
5	90502363	91606321	1	1	0	2	d	2	1	0.32	0.0641329073551	0.105956510822	1.457473	0.45779698	0.9996759	1	0	0.67900293425863	1	1	0.32099706574137	0.0114575597385217	0.011712571735876	0.656585049553273	0.701761575756663	1	0	1	1	0	0.753867	1	1	0.246133	1	0	1
5	91606322	116704156	2	1	1	3	a	6	1	1	0.0391319683324	0.123894935912	2	1	1	1	1	1	NA	NA	NA	NA	NA	NA	NA	2	1	1	1	1	1	NA	NA	NA	2	1	1
5	116704157	119422231	1	1	0	2	d	2	1	0.32	0.057594079846	0.0973384103005	1.436279	0.46267152	0.9736078	1	0	0.674471262706558	1	1	0.325528737293442	0.00934638881964972	0.00945364858091945	0.649518734405356	0.686517789667438	1	0	1	1	0	0.724475	1	1	0.275525	1	0	1
5	119422232	119428626	1	1	0	2	d	2	1	0.32	0.05	0.1	1.436279	0.46267152	0.9736078	NA	NA	NA	NA	NA	NA	NA	NA	NA	NA	1	0	1	1	1	1	NA	NA	NA	1	0	1
5	119428627	119431669	1	1	0	1	g	NA	NA	NA	NA	NA	NA	NA	NA	1	0	0.297088532382647	1	1	0.702911467617352	NA	0	0.297088532382647	0.297088532382647	NA	NA	NA	1	1	1	NA	NA	NA	1	0	1
5	119431670	126819150	2	1	1	3	a	6	1	1	0.0355465315304	0.124697097935	2	1	1	1	1	1	NA	NA	NA	NA	NA	NA	NA	2	1	1	1	1	1	NA	NA	NA	2	1	1
5	126819151	127328974	1	1	0	2	d	2	1	0.32	0.0672196236844	0.0995580838099	1.48665	0.47914161	1.007508	1	0	0.674471262706558	1	1	0.325528737293442	0.0171472049078694	0.0173234322311209	0.638277520367561	0.704792681919588	1	0	1	1	0	0.724475	1	1	0.275525	1	0	1
5	127328975	139867157	2	1	1	3	a	6	1	1	0.0400761679292	0.125242121243	2	1	1	1	1	1	NA	NA	NA	NA	NA	NA	NA	2	1	1	1	1	1	NA	NA	NA	2	1	1
5	139867158	140658353	3	2	1	2	d	5	2	1	0.0478240601446	0.261217253248	2.662858	0.95114816	1.7117097	2	1	1	NA	NA	NA	NA	NA	NA	NA	3	1	2	2	1	1	NA	NA	NA	3	1	2
5	140658354	160949591	2	1	1	3	a	6	1	1	0.0384518378291	0.142821760026	2	1	1	1	1	1	NA	NA	NA	NA	NA	NA	NA	2	1	1	1	1	1	NA	NA	NA	2	1	1
5	160949592	161166819	1	1	0	2	d	2	1	0.32	0.05	0.090212766901	1.451226	0.45659542	0.9946309	1	0	0.653846518906251	1	1	0.346153481093749	0.0237800005975422	0.0243603725600599	0.603532465522563	0.698235224648237	1	0	1	1	0	0.798984	1	1	0.201016	1	0	1
5	161166820	161170115	1	1	0	2	d	2	1	0.32	0.05	0.1	1.451226	0.45659542	0.9946309	1	0	0.653846518906251	1	1	0.346153481093749	0.0237800005975422	0.0243603725600599	0.603532465522563	0.698235224648237	1	0	1	1	0	0.69569	1	1	0.30431	1	0	1
5	161170116	162199115	1	1	0	2	d	2	1	0.32	0.0673265710916	0.0915817158261	1.453739	0.47239833	0.9813408	1	0	0.653846518906251	1	1	0.346153481093749	0.0237800005975422	0.0243603725600599	0.603532465522563	0.698235224648237	1	0	1	1	0	0.69569	1	1	0.30431	1	0	1
5	162199116	180715810	2	1	1	3	a	6	1	1	0.0394287848701	0.126503039753	2	1	1	1	1	1	NA	NA	NA	NA	NA	NA	NA	2	1	1	1	1	1	NA	NA	NA	2	1	1
6	39681	217333	2	1	1	2	f	2	1	0.77	0.05	0.1	NA	NA	NA	NA	NA	NA	NA	NA	NA	NA	NA	NA	NA	NA	NA	NA	NA	NA	NA	NA	NA	NA	2	1	1
6	217334	11078114	2	1	1	2	d	3	1	0.77	0.0491961986963	0.121144920802	1.807248	0.79768017	1.0095675	1	0	0.267379679144388	1	1	0.732620320855612	0.0049931377833124	0.00514664643705963	0.253441681456117	0.274152722122623	2	1	1	1	1	1	NA	NA	NA	2	1	1
6	11078115	11403366	3	2	1	2	d	2	2	0.72	0.0574663783804	0.129440458884	2.634496	0.81172594	1.82277	2	0	0.298514557338086	2	1	0.701485442661914	0.0296978356103441	0.0302953137764898	0.198628225346223	0.317355979107749	3	1	2	2	0	0.383706	2	1	0.616294	3	1	2
6	11403367	21807300	2	1	1	2	d	3	0.91	0.91	0.0456020274539	0.166215315813	1.878852	0.93942595	0.9394259	1	0	0.178253119429588	1	1	0.821746880570412	0.00632546549826039	0.00649390980177468	0.158534915506121	0.184314149394519	2	1	1	1	1	1	NA	NA	NA	2	1	1
6	21807301	22616903	2	1	1	2	d	5	0.91	0.91	0.0396850028976	0.135138121059	2	1	1	1	1	1	NA	NA	NA	NA	NA	NA	NA	2	1	1	1	1	1	NA	NA	NA	2	1	1
6	22616904	22768982	3	2	1	2	d	5	2	1	0.0535277240084	0.148674276029	2.794935	0.98245542	1.8124796	2	1	1	NA	NA	NA	NA	NA	NA	NA	3	1	2	2	1	1	NA	NA	NA	3	1	2
6	22768983	33001633	2	1	1	3	a	6	1	1	0.064351958394	0.187362560577	2	1	1	1	1	1	NA	NA	NA	NA	NA	NA	NA	2	1	1	1	1	1	NA	NA	NA	2	1	1
6	33001634	33067731	2	1	1	2	d	4	1	1	0.123720688321	0.0990130042127	2.274615	1.13730769	1.1373077	1	1	0.818786506076427	2	1	0.181213493923573	0.0350907328253113	0.0347956044492875	0.749357411711557	0.884646891030382	2	1	1	1	1	1	NA	NA	NA	2	1	1
6	33067732	33069986	2	1	1	2	d	4	1	1	0.05	0.1	2.274615	1.13730769	1.1373077	1	1	0.818786506076427	2	1	0.181213493923573	0.0350907328253113	0.0347956044492875	0.749357411711557	0.884646891030382	2	1	1	1	1	1	NA	NA	NA	2	1	1
6	33069987	33148285	2	1	1	2	d	4	1	1	0.0352569240659	0.1	2.295201	1.01481748	1.2803835	1	1	0.60255381585691	2	1	0.39744618414309	0.0488807228159701	0.0495855711399232	0.494364286213913	0.685445521761181	2	1	1	1	1	1	NA	NA	NA	2	1	1
6	33148286	37084206	2	1	1	3	a	6	1	1	0.0388945079715	0.126431182808	2	1	1	1	1	1	NA	NA	NA	NA	NA	NA	NA	2	1	1	1	1	1	NA	NA	NA	2	1	1
6	37084207	38206000	2	1	1	2	d	4	1	1	0.0521779419598	0.124323098382	2.243774	0.99598914	1.2477851	1	1	0.675903419218925	2	1	0.324096580781075	0.0223715739818672	0.022376890772299	0.619384603782964	0.70639965593347	2	1	1	1	1	1	NA	NA	NA	2	1	1
6	38206001	52879000	2	1	1	2	d	5	1.17	1.17	0.0414079078755	0.155819875297	2	1	1	1	1	1	NA	NA	NA	NA	NA	NA	NA	2	1	1	1	1	1	NA	NA	NA	2	1	1
6	52879001	53754819	2	1	1	2	d	3	1.17	1.17	0.0406243746265	0.145288369958	2.215347	1.10767335	1.1076734	1	1	0.735921304548753	2	1	0.264078695451247	0.0218291255470472	0.0214739215557055	0.718991183075085	0.80080773620329	2	1	1	1	1	1	NA	NA	NA	2	1	1
6	53754820	58699999	2	1	1	2	d	5	1.17	1.17	0.0362618272319	0.152100741988	2	1	1	1	1	1	NA	NA	NA	NA	NA	NA	NA	2	1	1	1	1	1	NA	NA	NA	2	1	1
6	58700000	63941502	NA	NA	NA	NA	NA	NA	1.17	1.17	0.0368762876682	0.157711396112	2	1	1	NA	NA	NA	NA	NA	NA	NA	NA	NA	NA	2	1	1	1	1	1	NA	NA	NA	2	1	1
6	63941503	64489426	3	2	1	2	d	5	2	1	0.033103446109	0.141459343837	2.763083	1.00098153	1.762101	2	1	1	NA	NA	NA	NA	NA	NA	NA	3	1	2	2	1	1	NA	NA	NA	3	1	2
6	64489427	73632686	2	1	1	3	a	6	1	1	0.0406091128089	0.124753648323	2	1	1	1	1	1	NA	NA	NA	NA	NA	NA	NA	2	1	1	1	1	1	NA	NA	NA	2	1	1
6	73632687	73707125	2	1	1	3	a	6	1	1	0.05	0.116633344867	2	1	1	1	1	1	NA	NA	NA	NA	NA	NA	NA	2	1	1	1	1	1	NA	NA	NA	2	1	1
6	73707126	74181392	2	1	1	3	a	6	1	1	0.0414777072566	0.106370434602	2	1	1	1	1	1	NA	NA	NA	NA	NA	NA	NA	2	1	1	1	1	1	NA	NA	NA	2	1	1
6	74181393	74505476	2	1	1	2	d	4	1	1	0.0310273867936	0.130197671702	2.178452	0.97552492	1.2029272	1	1	0.648451496447339	2	1	0.351548503552661	0.0510008155961712	0.0524277823288307	0.577244130104931	0.781098710088233	2	1	1	1	1	1	NA	NA	NA	2	1	1
6	74505477	80768920	2	1	1	3	a	6	1	1	0.0380686802318	0.131629864915	2	1	1	1	1	1	NA	NA	NA	NA	NA	NA	NA	2	1	1	1	1	1	NA	NA	NA	2	1	1
6	80768921	81061886	2	1	1	2	e	5	1.68	1	0.0445183486114	0.132130210441	2.413946	1.00324581	1.4106999	1	1	0.454511846270577	2	1	0.545488153729423	0.0315927865892524	0.0320302985943621	0.374609051387823	0.49866536511145	3	1	2	2	1	0.49529	1	1	0.50471	2	1	1
6	81061887	111713135	2	1	1	3	a	6	1	1	0.0399237619864	0.129445139401	2	1	1	1	1	1	NA	NA	NA	NA	NA	NA	NA	2	1	1	1	1	1	NA	NA	NA	2	1	1
6	111713136	112089756	3	2	1	2	d	3	1.68	1	0.0534169742344	0.127064007189	2.569103	0.96450546	1.6045974	1	1	0.173948958740924	2	1	0.826051041259076	0.0477789970084007	0.0463417580661384	0.103617729760066	0.287035928957557	3	1	2	2	1	1	NA	NA	NA	3	1	2
6	112089757	123270916	2	1	1	3	a	6	1	1	0.0378649993657	0.120945183785	2	1	1	1	1	1	NA	NA	NA	NA	NA	NA	NA	2	1	1	1	1	1	NA	NA	NA	2	1	1
6	123270917	123363236	2	1	1	2	d	4	1	1	0.05	0.108421285315	2.146389	1.07319473	1.0731947	1	1	0.777713242912815	2	1	0.222286757087185	0.0596983816495743	0.0610254455918273	0.628631652971657	0.868823694394704	2	1	1	1	1	1	NA	NA	NA	2	1	1
6	123363237	131467393	2	1	1	3	a	6	1	1	0.0377412765913	0.126427290136	2	1	1	1	1	1	NA	NA	NA	NA	NA	NA	NA	2	1	1	1	1	1	NA	NA	NA	2	1	1
6	131467394	143602096	2	1	1	3	a	6	1	1	0.0376217717522	0.123028900289	2	1	1	1	1	1	NA	NA	NA	NA	NA	NA	NA	2	1	1	1	1	1	NA	NA	NA	2	1	1
6	143602097	143684103	3	2	1	2	d	5	2	1	0.0360313476344	0.12932484086	2.706165	0.96924573	1.736919	2	1	1	NA	NA	NA	NA	NA	NA	NA	3	1	2	2	1	1	NA	NA	NA	3	1	2
6	143684104	149839890	2	1	1	3	a	6	1	1	0.0380915886097	0.121216600522	2	1	1	1	1	1	NA	NA	NA	NA	NA	NA	NA	2	1	1	1	1	1	NA	NA	NA	2	1	1
6	149839891	150383705	3	2	1	3	b	6	2	1	0.0582745817645	0.158712446132	2	1	1	2	1	1	NA	NA	NA	NA	NA	NA	NA	3	1	2	2	1	1	NA	NA	NA	3	1	2
6	150383706	156775807	2	1	1	3	a	6	1	1	0.0371525180358	0.117649327712	2	1	1	1	1	1	NA	NA	NA	NA	NA	NA	NA	2	1	1	1	1	1	NA	NA	NA	2	1	1
6	156775808	157730054	3	2	1	2	d	5	2	1	0.0495858013128	0.122305398466	2.78631	1.02543181	1.7608786	2	1	1	NA	NA	NA	NA	NA	NA	NA	3	1	2	2	1	1	NA	NA	NA	3	1	2
6	157730055	162546712	2	1	1	3	a	6	1	1	0.0454752822431	0.115564816849	2	1	1	1	1	1	NA	NA	NA	NA	NA	NA	NA	2	1	1	1	1	1	NA	NA	NA	2	1	1
6	162546713	163029998	2	1	1	2	d	4	1	1	0.0445463022192	0.13191999075	1.768279	0.7517918	1.0164874	1	0	0.314564328405161	1	1	0.685435671594839	0.0227399849979484	0.0229560377873702	0.23972769306882	0.329587806294977	2	1	1	1	1	1	NA	NA	NA	2	1	1
6	163029999	170898626	2	1	1	3	a	6	1	1	0.0387495107797	0.133048265938	2	1	1	1	1	1	NA	NA	NA	NA	NA	NA	NA	2	1	1	1	1	1	NA	NA	NA	2	1	1
7	40386	5562243	2	1	1	3	a	6	1	1	0.0446658692181	0.135690507785	2	1	1	1	1	1	NA	NA	NA	NA	NA	NA	NA	2	1	1	1	1	1	NA	NA	NA	2	1	1
7	5562244	5705607	2	1	1	2	d	4	1	1	0.05	0.1	2.225741	1.11287058	1.1128706	1	1	1	NA	NA	NA	NA	NA	NA	NA	NA	NA	NA	1	1	1	NA	NA	NA	2	1	1
7	5705608	19691313	2	1	1	3	a	6	1	1	0.0406830752302	0.121719316768	2	1	1	1	1	1	NA	NA	NA	NA	NA	NA	NA	2	1	1	1	1	1	NA	NA	NA	2	1	1
7	19691314	19846760	2	1	1	3	a	6	1	1	0.05	0.136507972118	2	1	1	1	1	1	NA	NA	NA	NA	NA	NA	NA	2	1	1	1	1	1	NA	NA	NA	2	1	1
7	19846761	38746066	2	1	1	3	a	6	1	1	0.0398486661629	0.12173612488	2	1	1	1	1	1	NA	NA	NA	NA	NA	NA	NA	2	1	1	1	1	1	NA	NA	NA	2	1	1
7	38746067	39105460	3	2	1	2	d	5	2	1	0.0515566211126	0.143294498029	2.751099	0.99498453	1.7561149	2	1	1	NA	NA	NA	NA	NA	NA	NA	3	1	2	2	1	1	NA	NA	NA	3	1	2
7	39105461	57999999	2	1	1	3	a	6	1	1	0.0419434379322	0.164207550244	2	1	1	1	1	1	NA	NA	NA	NA	NA	NA	NA	2	1	1	1	1	1	NA	NA	NA	2	1	1
7	58000000	61699999	2	1	1	2	d	4	1	1	0.05	0.140763224671	2	1	1	NA	NA	NA	NA	NA	NA	NA	NA	NA	NA	NA	NA	NA	1	1	1	NA	NA	NA	2	1	1
7	61700000	77162154	2	1	1	3	a	6	1	1	0.0400268795714	0.159657268224	2	1	1	1	1	1	NA	NA	NA	NA	NA	NA	NA	2	1	1	1	1	1	NA	NA	NA	2	1	1
7	77162155	77205493	3	2	1	2	d	5	2	1	0.05	0.1	2.658321	0.95668096	1.7016401	2	1	1	NA	NA	NA	NA	NA	NA	NA	3	1	2	2	1	1	NA	NA	NA	3	1	2
7	77205494	93194760	2	1	1	3	a	6	1	1	0.036551529794	0.127295700575	2	1	1	1	1	1	NA	NA	NA	NA	NA	NA	NA	2	1	1	1	1	1	NA	NA	NA	2	1	1
7	93194761	93277024	2	1	1	3	b	5	1	1	0.05	0.116433595558	2	1	1	1	1	1	NA	NA	NA	NA	NA	NA	NA	NA	NA	NA	1	1	1	NA	NA	NA	2	1	1
7	93277025	101414679	2	1	1	3	a	6	1	1	0.0370975058878	0.12368724692	2	1	1	1	1	1	NA	NA	NA	NA	NA	NA	NA	2	1	1	1	1	1	NA	NA	NA	2	1	1
7	101414680	101823977	3	2	1	2	d	4	2	1	0.0709087557656	0.183608270201	2.763274	1.00143822	1.7618359	2	1	1	NA	NA	NA	NA	NA	NA	NA	NA	NA	NA	2	1	1	NA	NA	NA	3	1	2
7	101823978	135453165	2	1	1	3	a	6	1	1	0.0384011615636	0.129241903268	2	1	1	1	1	1	NA	NA	NA	NA	NA	NA	NA	2	1	1	1	1	1	NA	NA	NA	2	1	1
7	135453166	136098024	3	2	1	2	d	5	2	1	0.0517733283436	0.129287484387	2.748777	1.02173287	1.7270437	2	1	1	NA	NA	NA	NA	NA	NA	NA	3	1	2	2	1	1	NA	NA	NA	3	1	2
7	136098025	151723609	2	1	1	3	a	6	1	1	0.0405461802953	0.131706412504	2	1	1	1	1	1	NA	NA	NA	NA	NA	NA	NA	2	1	1	1	1	1	NA	NA	NA	2	1	1
7	151723610	151748581	2	1	1	2	d	3	1	1	0.05	0.1	2	1	1	2	1	0.908581614463966	2	2	0.0914183855360339	NA	0	0.908581614463966	0.908581614463966	3	1	2	1	1	1	NA	NA	NA	3	1	2
7	151748582	158821400	2	1	1	3	a	6	1	1	0.0386507541813	0.129278868088	2	1	1	1	1	1	NA	NA	NA	NA	NA	NA	NA	2	1	1	1	1	1	NA	NA	NA	2	1	1
8	10001	159285	2	1	1	2	d	2	NA	NA	NA	NA	NA	NA	NA	NA	NA	NA	NA	NA	NA	NA	NA	NA	NA	NA	NA	NA	1	1	1	NA	NA	NA	2	1	1
8	159286	38817609	2	1	1	3	a	6	1	1	0.0428449260141	0.150933808196	2	1	1	1	1	1	NA	NA	NA	NA	NA	NA	NA	2	1	1	1	1	1	NA	NA	NA	2	1	1
8	38817610	38904453	2	1	1	2	d	3	1	1	0.05	0.10975664892	2.272977	0.95344303	1.3195335	1	1	0.472681334536782	2	1	0.527318665463218	0.0799685184340138	0.0740069223130364	0.425528855040007	0.720466604452408	2	1	1	2	1	0.452239	1	1	0.547761	2	1	1
8	38904454	43099999	2	1	1	3	a	6	1	1	0.0409100501079	0.128603749188	2	1	1	1	1	1	NA	NA	NA	NA	NA	NA	NA	2	1	1	1	1	1	NA	NA	NA	2	1	1
8	43100000	48099999	2	1	1	3	a	6	1	1	0.0446657682072	0.215932621595	2	1	1	1	1	1	NA	NA	NA	NA	NA	NA	NA	2	1	1	1	1	1	NA	NA	NA	2	1	1
8	48100000	58831614	2	1	1	3	a	6	1	1	0.0390368313862	0.128126908684	2	1	1	1	1	1	NA	NA	NA	NA	NA	NA	NA	2	1	1	1	1	1	NA	NA	NA	2	1	1
8	58831615	59000880	2	1	1	2	d	4	1	1	0.05	0.11943189993	2.230496	0.92533159	1.3051641	1	1	0.643493761140823	2	1	0.356506238859177	0.120488895776009	0.120259524533554	0.306559523050438	0.777906590546855	2	1	1	1	1	1	NA	NA	NA	2	1	1
8	59000881	78094012	2	1	1	3	a	6	1	1	0.037622890548	0.120265125052	2	1	1	1	1	1	NA	NA	NA	NA	NA	NA	NA	2	1	1	1	1	1	NA	NA	NA	2	1	1
8	78094013	79316521	1	1	0	2	d	5	1	0	0.0634711059976	0.0912259798869	1.241306	0.23606564	1.0052404	1	0	1	NA	NA	NA	NA	NA	NA	NA	1	0	1	1	0	1	NA	NA	NA	1	0	1
8	79316522	79606583	1	1	0	2	d	5	1	0	0.05	0.0740177683936	1.46919	0.28886018	1.1803296	1	0	1	NA	NA	NA	NA	NA	NA	NA	1	0	1	1	0	1	NA	NA	NA	1	0	1
8	79606584	80600309	1	1	0	2	d	5	1	0	0.0822927306886	0.0829232479335	1.243662	0.22075168	1.0229103	1	0	1	NA	NA	NA	NA	NA	NA	NA	1	0	1	1	0	1	NA	NA	NA	1	0	1
8	80600310	120708632	2	1	1	3	a	6	1	1	0.0380771373588	0.12258075817	2	1	1	1	1	1	NA	NA	NA	NA	NA	NA	NA	2	1	1	1	1	1	NA	NA	NA	2	1	1
8	120708633	121259958	1	1	0	2	d	2	1	0.32	0.0644858515922	0.0910324065066	1.456889	0.4730542	0.9838353	1	0	0.662083015024191	1	1	0.337916984975809	0.0150804607230027	0.0155466915198345	0.632369909079898	0.692033667969826	1	0	1	1	0	0.708489	1	1	0.291511	1	0	1
8	121259959	121360164	1	1	0	2	d	3	1	0.32	0.05	0.0623021817645	1.456889	0.4730542	0.9838353	1	0	1	NA	NA	NA	NA	NA	NA	NA	1	0	1	1	1	1	NA	NA	NA	1	0	1
8	121360165	121479021	2	1	1	2	d	4	1	1	0.05	0.115281101821	NA	NA	NA	1	1	1	NA	NA	NA	NA	NA	NA	NA	NA	NA	NA	1	1	1	NA	NA	NA	2	1	1
8	121479022	122228072	2	1	1	3	a	6	1	1	0.0288919001608	0.12188343113	2	1	1	1	1	1	NA	NA	NA	NA	NA	NA	NA	2	1	1	1	1	1	NA	NA	NA	2	1	1
8	122228073	122811269	2	1	1	2	d	5	1	1	0.0387955100127	0.142856190719	2.135036	1.06751823	1.0675182	1	1	1	NA	NA	NA	NA	NA	NA	NA	2	1	1	1	1	1	NA	NA	NA	2	1	1
8	122811270	123267592	2	1	1	3	a	6	1	1	0.0317364724082	0.0968364350857	2	1	1	1	1	1	NA	NA	NA	NA	NA	NA	NA	2	1	1	1	1	1	NA	NA	NA	2	1	1
8	123267593	123885225	2	1	1	3	a	6	1	1	0.0304136197998	0.10905974288	2	1	1	1	1	1	NA	NA	NA	NA	NA	NA	NA	2	1	1	1	1	1	NA	NA	NA	2	1	1
8	123885226	126761502	2	1	1	2	d	4	1	1	0.0437103250493	0.111415431306	2.255069	1.12753469	1.1275347	1	1	0.752426223014462	2	1	0.247573776985538	0.0143833142375244	0.014429394328981	0.707569545547303	0.765213100311715	2	1	1	1	1	1	NA	NA	NA	2	1	1
8	126761503	127187551	2	1	1	3	a	6	1	1	0.0375833324781	0.104535023976	2	1	1	1	1	1	NA	NA	NA	NA	NA	NA	NA	2	1	1	1	1	1	NA	NA	NA	2	1	1
8	127187552	127443382	2	1	1	3	a	6	1	1	0.0376751575595	0.0730537540356	2	1	1	1	1	1	NA	NA	NA	NA	NA	NA	NA	2	1	1	1	1	1	NA	NA	NA	2	1	1
8	127443383	128463152	2	1	1	2	d	4	1	1	0.0515717637071	0.115489169309	2.272635	0.99396471	1.2786699	1	1	0.62473027488507	2	1	0.37526972511493	0.0233338061667694	0.0236305985896606	0.56960397659474	0.662985874415537	2	1	1	1	1	1	NA	NA	NA	2	1	1
8	128463153	129044998	2	1	1	2	d	4	1	1	0.0381071980865	0.11101837281	2.256133	1.01137751	1.2447552	1	1	0.735437843782267	2	1	0.264562156217733	0.0274876128019086	0.0266843515435341	0.679470274649965	0.787740101288104	2	1	1	1	1	1	NA	NA	NA	2	1	1
8	129044999	129115318	2	1	1	2	d	4	1	1	0.0309931221896	0.106630764849	2.154494	1.07724681	1.0772468	1	1	0.735437843782267	2	1	0.264562156217733	0.0274876128019086	0.0266843515435341	0.679470274649965	0.787740101288104	2	1	1	1	1	1	NA	NA	NA	2	1	1
8	129115319	129174350	2	1	1	2	d	5	1	1	0.05	0.112966038328	2.123222	1.0616111	1.0616111	1	1	1	NA	NA	NA	NA	NA	NA	NA	2	1	1	1	1	1	NA	NA	NA	2	1	1
8	129174351	130537532	2	1	1	3	a	6	1	1	0.0524629579307	0.119315736041	2	1	1	1	1	1	NA	NA	NA	NA	NA	NA	NA	2	1	1	1	1	1	NA	NA	NA	2	1	1
8	130537533	131428568	2	1	1	3	a	6	1	1	0.0373440723974	0.131932578267	2	1	1	1	1	1	NA	NA	NA	NA	NA	NA	NA	2	1	1	1	1	1	NA	NA	NA	2	1	1
8	131428569	131827777	2	1	1	2	d	4	1	1	0.044110272147	0.124964994812	2.163619	0.98743045	1.1761886	1	1	0.832887700534755	2	1	0.167112299465245	0.0299436707926233	0.0308405672807453	0.717861135624835	0.835522428092955	2	1	1	1	1	1	NA	NA	NA	2	1	1
8	131827778	132704145	2	1	1	3	a	6	1	1	0.05127582835	0.121775817105	2	1	1	1	1	1	NA	NA	NA	NA	NA	NA	NA	2	1	1	1	1	1	NA	NA	NA	2	1	1
8	132704146	133614719	1	1	0	2	d	5	1	0	0.0650265422007	0.103716568222	1.300386	0.23939323	1.0609929	1	0	1	NA	NA	NA	NA	NA	NA	NA	1	0	1	1	0	1	NA	NA	NA	1	0	1
8	133614720	137715329	1	1	0	2	d	5	1	0	0.06850406051	0.0942418584931	1.25037	0.23799327	1.0123771	1	0	1	NA	NA	NA	NA	NA	NA	NA	1	0	1	1	0	1	NA	NA	NA	1	0	1
8	137715330	138653258	1	1	0	2	d	4	1	0	0.0655145750809	0.144723418453	1.306451	0.21822156	1.088229	1	0	0.856300562182915	2	0	0.143699437817085	0.0275249385258757	0.0267211542751331	0.832385386306337	0.938916221518156	1	0	1	1	0	1	NA	NA	NA	1	0	1
8	138653259	138919293	2	1	1	2	d	4	1	1	0.0376963853597	0.13150907454	2.14026	1.07012985	1.0701298	1	1	0.832887700534763	2	1	0.167112299465237	0.028513272679025	0.0295878239107019	0.780635299887784	0.896344070795272	2	1	1	1	1	1	NA	NA	NA	2	1	1
8	138919294	140299408	2	1	1	3	a	6	1	1	0.0391242543618	0.117263490554	2	1	1	1	1	1	NA	NA	NA	NA	NA	NA	NA	2	1	1	1	1	1	NA	NA	NA	2	1	1
8	140299409	146364021	2	1	1	3	a	6	1	1	0.0434149540279	0.135984751007	2	1	1	1	1	1	NA	NA	NA	NA	NA	NA	NA	2	1	1	1	1	1	NA	NA	NA	2	1	1
9	47500	212907	1	1	0	2	d	4	1	0	0.05	0.1	NA	NA	NA	NA	NA	NA	NA	NA	NA	NA	NA	NA	NA	1	0	1	1	0	1	NA	NA	NA	1	0	1
9	212908	3136711	1	1	0	3	b	6	1	0	0.0685379161995	0.0961382157714	1	0	1	2	0	1	NA	NA	NA	NA	NA	NA	NA	1	0	1	1	0	1	NA	NA	NA	1	0	1
9	3136712	3199455	1	1	0	2	d	4	1	0	0.0837088473039	0.0885081959991	1.234238	0.27009458	0.9641432	1	0	0.944054440100303	1	1	0.0559455598996965	0.0384434532331973	0.0378102325246299	0.847064574391782	0.997464789906702	1	0	1	1	0	1	NA	NA	NA	1	0	1
9	3199456	4907248	1	1	0	3	b	6	1	0	0.0626690568115	0.0924932678557	1	0	1	2	0	1	NA	NA	NA	NA	NA	NA	NA	1	0	1	1	0	1	NA	NA	NA	1	0	1
9	4907249	5248103	1	1	0	2	d	5	1	0	0.0756727538054	0.103418336096	1.265204	0.22400558	1.0411982	1	0	1	NA	NA	NA	NA	NA	NA	NA	1	0	1	1	0	1	NA	NA	NA	1	0	1
9	5248104	14165075	1	1	0	3	b	6	1	0	0.0665707394394	0.109558756645	1	0	1	2	0	1	NA	NA	NA	NA	NA	NA	NA	1	0	1	1	0	1	NA	NA	NA	1	0	1
9	14165076	14198786	1	1	0	2	d	4	2	0	0.05	0.1	1	0	1	3	0	1	NA	NA	NA	NA	NA	NA	NA	1	0	1	1	0	1	NA	NA	NA	1	0	1
9	14198787	14996725	1	1	0	3	b	6	1	0	0.0568140624776	0.0958284905584	1	0	1	2	0	1	NA	NA	NA	NA	NA	NA	NA	1	0	1	1	0	1	NA	NA	NA	1	0	1
9	14996726	15046724	1	1	0	3	b	6	1	0	0.05	0.1	1	0	1	2	0	1	NA	NA	NA	NA	NA	NA	NA	1	0	1	1	0	1	NA	NA	NA	1	0	1
9	15046725	19476843	1	1	0	2	d	4	1.23	0	0.0689368176746	0.103794891225	1.221032	0.21944454	1.0015875	1	0	1	NA	NA	NA	NA	NA	NA	NA	1	0	1	1	0	1	NA	NA	NA	1	0	1
9	19476844	20623282	1	1	0	3	b	6	1	0	0.0645274082294	0.0866517051889	1	0	1	2	0	1	NA	NA	NA	NA	NA	NA	NA	1	0	1	1	0	1	NA	NA	NA	1	0	1
9	20623283	21104320	1	1	0	2	d	4	1.17	0	0.0579747397221	0.0974385092464	1.221364	0.22418123	0.9971827	1	0	1	NA	NA	NA	NA	NA	NA	NA	1	0	1	1	0	1	NA	NA	NA	1	0	1
9	21104321	29817257	1	1	0	3	b	6	1	0	0.0614994411779	0.101525501716	1	0	1	2	0	1	NA	NA	NA	NA	NA	NA	NA	1	0	1	1	0	1	NA	NA	NA	1	0	1
9	29817258	29875332	1	1	0	2	d	3	1.23	0	0.05	0.1	1.249037	0.25796691	0.9910701	1	0	0.938174312787318	1	1	0.0618256872126824	0.0529466033423408	0.0552614868056589	0.73715402311483	0.953635928811134	1	0	1	1	0	1	NA	NA	NA	1	0	1
9	29875333	35018523	1	1	0	2	d	4	1.23	0	0.0650322342321	0.110128239301	1.236138	0.23359427	1.0025441	1	0	1	NA	NA	NA	NA	NA	NA	NA	1	0	1	1	0	1	NA	NA	NA	1	0	1
9	35018524	35019820	4	3	1	2	d	2	7	1.17	0.05	0.1	1.236138	0.23359427	1.0025441	3	1	1	NA	NA	NA	NA	NA	NA	NA	NA	NA	NA	6	1	1	NA	NA	NA	4	1	3
9	35019821	37069894	7	6	1	2	d	3	7	1.17	0.0377793628655	0.321685122168	5.868753	1.02098119	4.8477714	6	1	1	NA	NA	NA	NA	NA	NA	NA	6	1	5	6	1	1	NA	NA	NA	7	1	6
9	37069895	38802836	6	5	1	2	d	4	5.68	1.17	0.038647915421	0.28064788739	5	1	4	5	1	1	NA	NA	NA	NA	NA	NA	NA	6	1	5	5	1	1	NA	NA	NA	6	1	5
9	38802837	40814616	2	1	1	1	g	NA	NA	NA	NA	NA	5	1	4	NA	NA	NA	NA	NA	NA	NA	NA	NA	NA	4	0	4	5	1	1	NA	NA	NA	2	1	1
9	40814617	47299999	2	1	1	2	d	2	1	1	0.05	0.694405633756	NA	NA	NA	0	0	0.60873440285205	1	0	0.39126559714795	NA	0	0.60873440285205	0.60873440285205	NA	NA	NA	2	0	0.430138	2	1	0.569862	2	1	1
9	47300000	50699999	2	1	1	2	d	2	1	1	0.05	0.1	NA	NA	NA	NA	NA	NA	NA	NA	NA	NA	NA	NA	NA	1	0	1	2	0	0.430138	2	1	0.569862	2	1	1
9	50700000	66664201	2	1	1	2	d	2	1	1	0.05	0.370510846816	NA	NA	NA	NA	NA	NA	NA	NA	NA	NA	NA	NA	NA	1	0	1	2	0	0.430138	2	1	0.569862	2	1	1
9	66664202	110241060	1	1	0	2	d	2	1	0.22	0.0643547887582	0.127661924104	1.383833	0.38602806	0.9978046	1	0	0.792236086353734	1	1	0.207763913646266	0.00232485196009274	0.0023163002503095	0.779245808179097	0.788219390338565	1	0	1	1	0	0.864306	1	1	0.135694	1	0	1
9	110241061	112111858	2	1	1	2	d	3	1.09	1.09	0.0394413230307	0.131830175262	2.19425	1.09712483	1.0971248	1	1	0.804454580584904	2	1	0.195545419415096	0.00433274725100891	0.00440972789070332	0.795952681558152	0.812967741430295	2	1	1	1	1	1	NA	NA	NA	2	1	1
9	112111859	112247925	2	1	1	2	d	2	1.09	1.09	0.0334138687307	0.105691262684	2.344116	1.17205803	1.172058	1	1	0.804454580584904	2	1	0.195545419415096	0.00433274725100891	0.00440972789070332	0.795952681558152	0.812967741430295	2	1	1	1	1	1	NA	NA	NA	3	1	2
9	112247926	140273200	2	1	1	2	d	3	1.09	1.09	0.044380164648	0.135178521409	2.152022	1.07601097	1.076011	1	1	0.804454580584904	2	1	0.195545419415096	0.00433274725100891	0.00440972789070332	0.795952681558152	0.812967741430295	2	1	1	1	1	1	NA	NA	NA	2	1	1
10	93528	37999999	2	1	1	2	d	3	1.09	1	0.0472468921599	0.161434052473	1.823219	0.80893851	1.0142803	1	0	0.24088259382377	1	1	0.75911740617623	0.00286552261264256	0.00281877217091114	0.239233627266141	0.250301886917976	2	1	1	1	1	1	NA	NA	NA	2	1	1
10	38000000	42299999	2	1	1	2	d	4	1.09	1	0.033267796432	0.219547910018	2	1	1	1	1	1	NA	NA	NA	NA	NA	NA	NA	2	1	1	NA	NA	NA	NA	NA	NA	2	1	1
10	42300000	74793146	2	1	1	3	a	6	1	1	0.0417016907989	0.148054090394	2	1	1	1	1	1	NA	NA	NA	NA	NA	NA	NA	2	1	1	1	1	1	NA	NA	NA	2	1	1
10	74793147	74934030	2	1	1	3	b	5	1	1	0.05	0.133732900812	2	1	1	1	1	1	NA	NA	NA	NA	NA	NA	NA	NA	NA	NA	1	1	1	NA	NA	NA	2	1	1
10	74934031	80186998	2	1	1	3	a	6	1	1	0.0393276497761	0.137129379674	2	1	1	1	1	1	NA	NA	NA	NA	NA	NA	NA	2	1	1	1	1	1	NA	NA	NA	2	1	1
10	80186999	110332213	2	1	1	3	a	6	1	1	0.0391470084563	0.12628417207	2	1	1	1	1	1	NA	NA	NA	NA	NA	NA	NA	2	1	1	1	1	1	NA	NA	NA	2	1	1
10	110332214	110334358	2	1	1	3	b	5	1	1	0.05	0.1	2	1	1	1	1	1	NA	NA	NA	NA	NA	NA	NA	NA	NA	NA	1	1	1	NA	NA	NA	2	1	1
10	110334359	115582049	2	1	1	3	a	6	1	1	0.0366359630831	0.131670919513	2	1	1	1	1	1	NA	NA	NA	NA	NA	NA	NA	2	1	1	1	1	1	NA	NA	NA	2	1	1
10	115582050	115657982	2	1	1	3	a	6	1	1	0.05	0.150288716856	2	1	1	1	1	1	NA	NA	NA	NA	NA	NA	NA	2	1	1	1	1	1	NA	NA	NA	2	1	1
10	115657983	135389924	2	1	1	3	a	6	1	1	0.040899154392	0.131801295762	2	1	1	1	1	1	NA	NA	NA	NA	NA	NA	NA	2	1	1	1	1	1	NA	NA	NA	2	1	1
11	20721	196943	1	1	0	2	d	3	1.09	0	0.05	0.1	NA	NA	NA	NA	NA	NA	NA	NA	NA	NA	NA	NA	NA	1	0	1	1	0	1	NA	NA	NA	1	0	1
11	196944	1702321	1	1	0	2	d	4	1.09	0	0.0746612112198	0.133570685942	1.236105	0.22646426	1.009641	1	0	1	NA	NA	NA	NA	NA	NA	NA	1	0	1	1	0	1	NA	NA	NA	1	0	1
11	1702322	1777394	1	1	0	2	d	4	1.09	0	0.05	0.1	1.509966	0.29028512	1.2196811	1	0	1	NA	NA	NA	NA	NA	NA	NA	1	0	1	1	0	1	NA	NA	NA	1	0	1
11	1777395	25242612	1	1	0	2	d	5	1	0	0.0683973919646	0.112422050284	1.236141	0.23612047	1.0000208	1	0	1	NA	NA	NA	NA	NA	NA	NA	1	0	1	1	0	1	NA	NA	NA	1	0	1
11	25242613	33625772	1	1	0	2	d	5	1	0	0.0663607379161	0.119196515845	1.262633	0.2363984	1.026235	1	0	1	NA	NA	NA	NA	NA	NA	NA	1	0	1	1	0	1	NA	NA	NA	1	0	1
11	33625773	34339587	1	1	0	2	d	3	1.44	0	0.0614501169838	0.13059730702	1.487702	0.23300761	1.2546947	1	0	0.648355209852532	2	0	0.351644790147468	0.0484265777667553	0.045690450448311	0.650589374658322	0.829559022335553	1	0	1	1	0	1	NA	NA	NA	1	0	1
11	34339588	51593038	1	1	0	2	d	5	1	0	0.0665178989964	0.131372164099	1.231983	0.22949904	1.002484	1	0	1	NA	NA	NA	NA	NA	NA	NA	1	0	1	1	0	1	NA	NA	NA	1	0	1
11	51593039	55699999	1	1	0	2	d	4	1	0	0.0564187705706	0.24836828315	1.290398	0.26110921	1.0292888	1	0	0.958153393726723	1	1	0.0418466062732765	0.015716487109859	0.0156627688924343	0.913787705108204	0.974600639267452	1	0	1	1	0	1	NA	NA	NA	1	0	1
11	55700000	59254679	1	1	0	2	d	5	1	0	0.0624300496338	0.0965605458165	1.231306	0.23615937	0.9951466	1	0	1	NA	NA	NA	NA	NA	NA	NA	1	0	1	1	0	1	NA	NA	NA	1	0	1
11	59254680	59262693	1	1	0	2	d	3	1	0	0.05	0.1	1.231306	0.23615937	0.9951466	1	0	0.869527411851658	1	1	0.130472588148342	NA	0	0.869527411851658	0.869527411851658	1	0	1	1	0	1	NA	NA	NA	2	0	2
11	59262694	68651928	1	1	0	2	d	5	1	0	0.0648834034986	0.104765567792	1.253234	0.23975769	1.0134766	1	0	1	NA	NA	NA	NA	NA	NA	NA	1	0	1	1	0	1	NA	NA	NA	1	0	1
11	68651929	70251024	1	1	0	2	d	2	1	0.32	0.0743584353653	0.102806341831	1.480751	0.44320081	1.0375506	1	0	0.747513081478927	1	1	0.252486918521073	0.0107425441983909	0.0106538399463256	0.712221747917584	0.753368602330777	1	0	1	1	0	0.809931	1	1	0.190069	1	0	1
11	70251025	111013205	1	1	0	2	d	5	1	0	0.0685860768555	0.0997804504702	1.234287	0.23302209	1.0012651	1	0	1	NA	NA	NA	NA	NA	NA	NA	1	0	1	1	0	1	NA	NA	NA	1	0	1
11	111013206	111018629	1	1	0	2	d	5	1	0	0.05	0.1	1.234287	0.23302209	1.0012651	1	0	1	NA	NA	NA	NA	NA	NA	NA	1	0	1	1	0	1	NA	NA	NA	1	0	1
11	111018630	119443008	1	1	0	2	d	5	1	0	0.0701094639989	0.094357813156	1.252668	0.24124934	1.0114183	1	0	1	NA	NA	NA	NA	NA	NA	NA	1	0	1	1	0	1	NA	NA	NA	1	0	1
11	119443009	119844253	2	2	0	2	d	4	2.17	0	0.048616609579	0.125446116844	2.070027	0.23019904	1.8398277	2	0	1	NA	NA	NA	NA	NA	NA	NA	2	0	2	2	0	1	NA	NA	NA	2	0	2
11	119844254	121291349	1	1	0	2	d	5	1	0	0.0718789959352	0.099782810934	1.268233	0.25522571	1.0130076	1	0	1	NA	NA	NA	NA	NA	NA	NA	1	0	1	1	0	1	NA	NA	NA	1	0	1
11	121291350	123237848	1	1	0	2	d	2	1	0.32	0.0646646391594	0.105456766524	1.444629	0.44451362	1.0001153	1	0	0.733983432945372	1	1	0.266016567054628	0.0117685589992715	0.0118372553281873	0.689393295114609	0.736161458536737	1	0	1	1	0	0.793314	1	1	0.206686	1	0	1
11	123237849	132453286	1	1	0	2	d	4	1.09	0	0.066950581683	0.10068842717	1.250981	0.24072584	1.0102549	1	0	1	NA	NA	NA	NA	NA	NA	NA	1	0	1	1	0	1	NA	NA	NA	1	0	1
11	132453287	132735368	1	1	0	2	d	2	1	0.32	0.0571893554553	0.109545840618	1.479779	0.46232105	1.017458	1	0	0.722376619076764	1	1	0.277623380923236	0.0219797724808525	0.0223456837049802	0.674642352704689	0.76108985424354	1	0	1	1	0	0.778378	1	1	0.221622	1	0	1
11	132735369	134452200	1	1	0	2	d	4	1.17	0	0.0728822936338	0.106774945189	1.246274	0.23672704	1.0095467	1	0	1	NA	NA	NA	NA	NA	NA	NA	1	0	1	1	0	1	NA	NA	NA	1	0	1
12	110107	33299999	2	1	1	3	a	6	1	1	0.0381746396417	0.133135303813	2	1	1	1	1	1	NA	NA	NA	NA	NA	NA	NA	2	1	1	1	1	1	NA	NA	NA	2	1	1
12	33300000	38199999	2	1	1	3	a	6	1	1	0.0445516698218	0.234881177522	2	1	1	1	1	1	NA	NA	NA	NA	NA	NA	NA	2	1	1	1	1	1	NA	NA	NA	2	1	1
12	38200000	50682493	2	1	1	3	a	6	1	1	0.0382507361285	0.123503075648	2	1	1	1	1	1	NA	NA	NA	NA	NA	NA	NA	2	1	1	1	1	1	NA	NA	NA	2	1	1
12	50682494	50713246	2	1	1	2	d	3	1	1	0.05	0.1	2	1	1	1	1	0.815600221279736	2	1	0.184399778720264	NA	0	0.815600221279736	0.815600221279736	NA	NA	NA	1	1	1	NA	NA	NA	3	1	2
12	50713247	53848336	2	1	1	3	a	6	1	1	0.0351649546045	0.138984705283	2	1	1	1	1	1	NA	NA	NA	NA	NA	NA	NA	2	1	1	1	1	1	NA	NA	NA	2	1	1
12	53848337	54632838	2	1	1	2	d	4	1	1	0.04070252483	0.123682222176	2.251765	1.12588267	1.1258827	1	1	0.748315998943477	2	1	0.251684001056523	0.0275580048661008	0.0281467471730238	0.671438711114744	0.783289958609151	2	1	1	1	1	1	NA	NA	NA	2	1	1
12	54632839	85042551	2	1	1	3	a	6	1	1	0.0385817817163	0.126183336864	2	1	1	1	1	1	NA	NA	NA	NA	NA	NA	NA	2	1	1	1	1	1	NA	NA	NA	2	1	1
12	85042552	85211549	1	1	0	2	d	2	1	0.32	0.0491282191666	0.0845681627432	1.499117	0.44996716	1.04915	1	0	0.73263977895598	1	1	0.26736022104402	0.0256217616919381	0.0264818446068381	0.684407473090401	0.787029640887018	1	0	1	1	0	0.76596	1	1	0.23404	1	0	1
12	85211550	109263595	2	1	1	3	a	6	1	1	0.0375976902264	0.127593546609	2	1	1	1	1	1	NA	NA	NA	NA	NA	NA	NA	2	1	1	1	1	1	NA	NA	NA	2	1	1
12	109263596	110443496	2	1	1	2	d	4	1	1	0.0428820865752	0.132803794658	2.24149	1.0046195	1.2368709	1	1	0.787793905440968	2	1	0.212206094559032	0.0287210224358197	0.0288755953624884	0.71601252964219	0.830183112438972	2	1	1	1	1	1	NA	NA	NA	2	1	1
12	110443497	131749748	2	1	1	3	a	6	1	1	0.040980684697	0.132589220256	2	1	1	1	1	1	NA	NA	NA	NA	NA	NA	NA	2	1	1	1	1	1	NA	NA	NA	2	1	1
12	131749749	132349400	1	1	0	2	d	2	1	0.32	0.0779437794224	0.118053790882	1.371856	0.42666921	0.945187	1	0	0.72415329768271	1	1	0.27584670231729	0.0201893918594204	0.0210330550449402	0.660653392600595	0.745112807437978	1	0	1	1	0	0.831744	1	1	0.168256	1	0	1
12	132349401	133851894	1	1	0	2	d	2	NA	NA	NA	NA	1.395039	0.40928887	0.9857506	1	0	0.779857397504456	1	1	0.220142602495544	0.0140616862222228	0.0140648781183845	0.732484263748084	0.787183874506	1	0	1	1	0	0.856335	1	1	0.143665	1	0	1
13	1	16299999	2	1	1	1	g	NA	NA	NA	NA	NA	NA	NA	NA	NA	NA	NA	NA	NA	NA	NA	NA	NA	NA	NA	NA	NA	NA	NA	NA	NA	NA	NA	2	1	1
13	16300000	19499999	2	1	1	3	b	5	1	1	0.05	0.1843182845	NA	NA	NA	1	1	1	NA	NA	NA	NA	NA	NA	NA	2	1	1	1	1	1	NA	NA	NA	2	1	1
13	19500000	28933739	2	1	1	2	d	5	0.91	0.91	0.0423266593374	0.122313579419	2	1	1	1	1	1	NA	NA	NA	NA	NA	NA	NA	2	1	1	1	1	1	NA	NA	NA	2	1	1
13	28933740	39029037	2	1	1	2	d	3	0.91	0.91	0.0420948608943	0.124064149434	1.800087	0.90004368	0.9000437	1	0	0.144529556294261	1	1	0.855470443705739	0.00584973121055067	0.00601185469145823	0.135769736729554	0.158830146103807	2	1	1	1	1	1	NA	NA	NA	2	1	1
13	39029038	39375126	3	2	1	2	d	3	1	1	0.05	0.163090639142	2.505747	0.78896435	1.7167825	2	1	1	NA	NA	NA	NA	NA	NA	NA	3	1	2	2	0	0.274243	2	1	0.725757	3	1	2
13	39375127	49018193	2	1	1	2	d	4	1	1	0.0427049213151	0.114627017346	1.807302	0.90365105	0.903651	1	0	0.14260249554367	1	1	0.85739750445633	0.00652225562037005	0.00652910570283731	0.131223090599376	0.156935250594599	2	1	1	1	1	1	NA	NA	NA	2	1	1
13	49018194	49150633	2	1	1	2	d	5	1	1	0.05	0.0977383427059	1.807302	0.90365105	0.903651	1	1	1	NA	NA	NA	NA	NA	NA	NA	2	1	1	1	1	1	NA	NA	NA	2	1	1
13	49150634	114142800	2	1	1	2	d	5	1	1	0.0399084578969	0.132859433736	1.891574	0.94578713	0.9457871	1	1	1	NA	NA	NA	NA	NA	NA	NA	2	1	1	1	1	1	NA	NA	NA	2	1	1
13	114142801	115169877	2	1	1	2	d	4	NA	NA	NA	NA	2	1	1	1	0	0.09642542899271	1	1	0.90357457100729	0.0310348294432142	0.0303462855861742	0.0669776485442741	0.187345234607285	2	1	1	1	1	1	NA	NA	NA	2	1	1
14	1	16099999	2	1	1	1	g	NA	NA	NA	NA	NA	NA	NA	NA	NA	NA	NA	NA	NA	NA	NA	NA	NA	NA	NA	NA	NA	NA	NA	NA	NA	NA	NA	2	1	1
14	16100000	19099999	2	1	1	2	d	2	1	1	0.05	0.102080735556	NA	NA	NA	NA	NA	NA	NA	NA	NA	NA	NA	NA	NA	NA	NA	NA	2	0	1	NA	NA	NA	2	1	1
14	19100000	56951375	2	1	1	3	a	6	1	1	0.0394592204477	0.144947682004	2	1	1	1	1	1	NA	NA	NA	NA	NA	NA	NA	2	1	1	1	1	1	NA	NA	NA	2	1	1
14	56951376	57151675	2	1	1	2	d	4	1	1	0.048188121973	0.125858708705	2.231663	0.99034135	1.2413217	1	1	0.702911467617353	2	1	0.297088532382647	0.0446091620985965	0.0444597480110507	0.570002135745898	0.743007612652146	2	1	1	1	1	1	NA	NA	NA	2	1	1
14	57151676	84873081	2	1	1	3	a	6	1	1	0.0377371671731	0.121796140328	2	1	1	1	1	1	NA	NA	NA	NA	NA	NA	NA	2	1	1	1	1	1	NA	NA	NA	2	1	1
14	84873082	84986923	2	1	1	2	d	3	1.17	1.17	0.05	0.127280296189	2.235857	1.11792856	1.1179286	1	1	0.790290447729892	2	1	0.209709552270108	0.0478674042667504	0.0481841614205446	0.657698315434631	0.847050086897463	2	1	1	1	1	1	NA	NA	NA	2	1	1
14	84986924	104139616	2	1	1	3	a	6	1	1	0.039681065276	0.128999614543	2	1	1	1	1	1	NA	NA	NA	NA	NA	NA	NA	2	1	1	1	1	1	NA	NA	NA	2	1	1
14	104139617	104448496	3	2	1	2	d	4	2	1	0.0725910668803	0.163179307422	2.76836	1.01090233	1.7574576	2	1	1	NA	NA	NA	NA	NA	NA	NA	1	0	1	2	1	1	NA	NA	NA	3	1	2
14	104448497	104602470	3	2	1	2	d	2	1.41	1.41	0.05	0.27528216261	2.688923	1.05793791	1.6309855	1	1	0.42517198483357	2	1	0.57482801516643	0.0723072270083798	0.0707854889695432	0.210708062338911	0.492579869275533	1	0	1	2	1	1	NA	NA	NA	3	1	2
14	104602471	104604084	3	2	1	2	d	2	NA	NA	NA	NA	2.688923	1.05793791	1.6309855	NA	NA	NA	NA	NA	NA	NA	NA	NA	NA	1	0	1	2	1	1	NA	NA	NA	3	1	2
14	104604085	106368400	2	1	1	3	b	5	1	1	0.0396108843735	0.35855340184	2	1	1	1	1	1	NA	NA	NA	NA	NA	NA	NA	NA	NA	NA	1	1	1	NA	NA	NA	2	1	1
15	1	15799999	2	1	1	1	g	NA	NA	NA	NA	NA	NA	NA	NA	NA	NA	NA	NA	NA	NA	NA	NA	NA	NA	NA	NA	NA	NA	NA	NA	NA	NA	NA	2	1	1
15	15800000	20699999	2	1	1	2	d	2	1	1	0.05	0.217386129805	NA	NA	NA	1	0	0.110050363394038	1	1	0.889949636605962	0.00313126258369501	0.00308706481605141	0.103789962271987	0.115722140760377	NA	NA	NA	1	0	0.726136	1	1	0.273864	2	1	1
15	20700000	62302286	2	1	1	2	d	5	1	1	0.0415751640697	0.143801725019	2	1	1	1	0	0.110050363394038	1	1	0.889949636605962	0.00313126258369501	0.00308706481605141	0.103789962271987	0.115722140760377	2	1	1	1	1	1	NA	NA	NA	2	1	1
15	62302287	62798099	3	2	1	2	d	5	2	1	0.0560504274113	0.132037111996	2.599589	0.94537963	1.6542098	2	1	1	NA	NA	NA	NA	NA	NA	NA	3	1	2	2	1	1	NA	NA	NA	3	1	2
15	62798100	91014613	2	1	1	2	d	5	1	1	0.0405851735837	0.12547765358	2	1	1	1	0	0.101858925388336	1	1	0.898141074611664	0.00428125333222077	0.00421647551329394	0.0965353186378654	0.113618721832186	2	1	1	1	1	1	NA	NA	NA	2	1	1
15	91014614	91489272	3	2	1	2	d	4	1.68	1	0.047235988911	0.137565300151	2.539888	0.92673709	1.6131506	2	1	1	NA	NA	NA	NA	NA	NA	NA	3	1	2	2	1	1	NA	NA	NA	3	1	2
15	91489273	98352072	2	1	1	2	d	5	1	1	0.0428638491677	0.149297969422	2	1	1	1	0	0.101858925388336	1	1	0.898141074611664	0.00694738210031395	0.00715489677458692	0.0848835176520649	0.112735546983076	2	1	1	1	1	1	NA	NA	NA	2	1	1
15	98352073	98524872	2	1	1	2	d	4	1	1	0.05	0.13907326343	2.143341	0.90440749	1.2389338	1	1	0.500891265597146	2	1	0.499108734402854	0.0712852512065923	0.0716131259588575	0.359880687488748	0.640598955921687	2	1	1	1	1	1	NA	NA	NA	2	1	1
15	98524873	100338800	2	1	1	3	a	6	1	1	0.0397151810376	0.118758982415	2	1	1	1	1	1	NA	NA	NA	NA	NA	NA	NA	2	1	1	1	1	1	NA	NA	NA	2	1	1
15	100338801	102531391	2	1	1	2	d	3	NA	NA	NA	NA	1.871453	0.9357264	0.9357264	1	0	0.0810241451952668	1	1	0.918975854804733	0.0137038089152498	0.0132339466662976	0.0685153389839112	0.120021744698965	2	1	1	1	1	1	NA	NA	NA	2	1	1
16	83807	26289544	2	1	1	3	a	6	1	1	0.0420861528262	0.160607124703	2	1	1	1	1	1	NA	NA	NA	NA	NA	NA	NA	2	1	1	1	1	1	NA	NA	NA	2	1	1
16	26289545	26376341	2	1	1	2	d	4	1	1	0.0363500252436	0.118187770935	2.206026	1.10301288	1.1030129	1	1	0.728994186734456	2	1	0.271005813265544	0.0666820005471063	0.0641284887184424	0.625873273987398	0.876394576121592	2	1	1	1	1	1	NA	NA	NA	2	1	1
16	26376342	34599999	2	1	1	3	a	6	1	1	0.0470796734672	0.16317818087	2	1	1	1	1	1	NA	NA	NA	NA	NA	NA	NA	2	1	1	1	1	1	NA	NA	NA	2	1	1
16	34600000	38599999	2	1	1	3	a	6	1	1	0.05	0.200923232371	2	1	1	1	1	1	NA	NA	NA	NA	NA	NA	NA	2	1	1	1	1	1	NA	NA	NA	2	1	1
16	38600000	46442499	2	1	1	2	d	4	NA	NA	NA	NA	2	1	1	1	1	1	NA	NA	NA	NA	NA	NA	NA	NA	NA	NA	1	1	1	NA	NA	NA	2	1	1
16	46442500	48688487	2	1	1	3	a	6	1	1	0.0453447429314	0.122404728265	2	1	1	1	1	1	NA	NA	NA	NA	NA	NA	NA	2	1	1	1	1	1	NA	NA	NA	2	1	1
16	48688488	48899300	2	1	1	2	d	5	1.09	1.09	0.05	0.136571701562	2	1	1	1	1	1	NA	NA	NA	NA	NA	NA	NA	2	1	1	1	1	1	NA	NA	NA	2	1	1
16	48899301	68165789	2	1	1	2	d	5	1.09	1.09	0.0398387156174	0.138400094756	2	1	1	1	1	1	NA	NA	NA	NA	NA	NA	NA	2	1	1	1	1	1	NA	NA	NA	2	1	1
16	68165790	68811425	3	2	1	2	d	4	2.17	1	0.0523578397049	0.163227206589	2.787403	1.02306372	1.7643388	2	1	1	NA	NA	NA	NA	NA	NA	NA	3	1	2	2	1	1	NA	NA	NA	3	1	2
16	68811426	76636777	2	1	1	3	a	6	1	1	0.0409774754923	0.154286919639	2	1	1	1	1	1	NA	NA	NA	NA	NA	NA	NA	2	1	1	1	1	1	NA	NA	NA	2	1	1
16	76636778	77417141	1	1	0	2	d	2	1	0.44	0.0578502935341	0.112943196694	1.501428	0.51329685	0.9881314	1	0	0.632878252891775	1	1	0.367121747108225	0.0271466677059741	0.0271474497779205	0.566849940650783	0.677652565338049	1	0	1	1	0	0.67051	1	1	0.32949	1	0	1
16	77417142	77457902	2	1	1	2	d	5	1	1	0.0336804238979	0.1	2	1	1	1	0	0.0981463472625145	1	1	0.901853652737486	0.0493250470047152	0.0475370449367349	0.0244214898282532	0.204180910444372	2	1	1	1	1	1	NA	NA	NA	2	1	1
16	77457903	77846077	1	1	0	2	d	2	1.17	0.44	0.0626429127249	0.112891397853	1.49676	0.48593321	1.0108265	1	0	0.668449197860961	1	1	0.331550802139039	0.0141780379291552	0.0141212763669077	0.627303198208481	0.682417955987689	1	0	1	1	0	0.715747	1	1	0.284253	1	0	1
16	77846078	88544450	2	1	1	2	d	5	1.09	1.09	0.0422587354415	0.165609982967	2	1	1	1	1	1	NA	NA	NA	NA	NA	NA	NA	2	1	1	1	1	1	NA	NA	NA	2	1	1
16	88544451	88605878	2	1	1	2	d	4	1.09	1.09	0.05	0.1	2	1	1	1	1	1	NA	NA	NA	NA	NA	NA	NA	1	0	1	1	1	1	NA	NA	NA	2	1	1
16	88605879	88827200	2	1	1	2	d	4	1.09	1.09	0.0466087283192	0.13497465839	2	1	1	1	1	1	NA	NA	NA	NA	NA	NA	NA	NA	NA	NA	1	1	1	NA	NA	NA	2	1	1
16	88827201	90354752	2	1	1	3	b	5	NA	NA	NA	NA	2	1	1	1	1	1	NA	NA	NA	NA	NA	NA	NA	2	1	1	1	1	1	NA	NA	NA	2	1	1
17	12500	22199999	1	1	0	3	b	6	1	0	0.0665524687592	0.11485627971	1	0	1	2	0	1	NA	NA	NA	NA	NA	NA	NA	1	0	1	1	0	1	NA	NA	NA	1	0	1
17	22200000	25799999	NA	NA	NA	NA	NA	NA	1	1	0.0459099726104	0.235362168707	2	1	1	NA	NA	NA	NA	NA	NA	NA	NA	NA	NA	2	1	1	1	1	1	NA	NA	NA	2	1	1
17	25800000	43152323	2	1	1	3	a	6	1	1	0.0398767766698	0.150286628582	2	1	1	1	1	1	NA	NA	NA	NA	NA	NA	NA	2	1	1	1	1	1	NA	NA	NA	2	1	1
17	43152324	43289340	2	1	1	2	d	4	1	1	0.0521479446137	0.1	2.235698	0.98763689	1.2480607	1	1	0.669901630685946	2	1	0.330098369314054	0.0573107023328922	0.0566241538728648	0.546252492247993	0.772059098096509	2	1	1	1	1	1	NA	NA	NA	2	1	1
17	43289341	67254797	2	1	1	3	a	6	1	1	0.0394080895912	0.138122031554	2	1	1	1	1	1	NA	NA	NA	NA	NA	NA	NA	2	1	1	1	1	1	NA	NA	NA	2	1	1
17	67254798	67461268	2	1	1	2	d	5	1	1	0.021382729628	0.139370947105	2.268502	1.13425096	1.134251	1	1	1	NA	NA	NA	NA	NA	NA	NA	2	1	1	1	1	1	NA	NA	NA	2	1	1
17	67461269	70514769	2	1	1	2	d	4	1	1	0.0377608563887	0.142257990063	2.170755	1.08537753	1.0853775	1	1	0.89196780640631	2	1	0.10803219359369	0.0135860469776992	0.0136787955320805	0.861896391731645	0.915182990661828	2	1	1	1	1	1	NA	NA	NA	2	1	1
17	70514770	70673600	2	1	1	2	d	3	1	1	0.0449247948704	0.125974216946	2.364291	1.03350694	1.3307839	1	1	0.55436720142602	2	1	0.44563279857398	0.055195880285956	0.0529713867666376	0.562655394553044	0.765948856971137	2	1	1	1	1	1	NA	NA	NA	3	1	2
17	70673601	72901183	2	1	1	3	a	6	1	1	0.0500920774177	0.130773345526	2	1	1	1	1	1	NA	NA	NA	NA	NA	NA	NA	2	1	1	1	1	1	NA	NA	NA	2	1	1
17	72901184	73051638	2	1	1	2	d	4	1	1	0.05	0.1	2.302279	1.06396817	1.238311	1	1	1	NA	NA	NA	NA	NA	NA	NA	3	1	2	1	1	1	NA	NA	NA	2	1	1
17	73051639	78774600	2	1	1	3	a	6	1	1	0.0420412667459	0.166573278421	2	1	1	1	1	1	NA	NA	NA	NA	NA	NA	NA	2	1	1	1	1	1	NA	NA	NA	2	1	1
17	78774601	81195209	2	1	1	3	b	5	NA	NA	NA	NA	2	1	1	1	1	1	NA	NA	NA	NA	NA	NA	NA	2	1	1	1	1	1	NA	NA	NA	2	1	1
18	27500	12826441	1	1	0	2	d	3	0.91	0	0.0702818788128	0.0979649564574	1.030826	0.2312038	0.7996221	0	0	0.269637551990494	1	0	0.730362448009506	0.00578577458900112	0.00564113653192117	0.272096386019783	0.293828206088406	1	0	1	1	0	1	NA	NA	NA	1	0	1
18	12826442	15399999	1	1	0	2	d	5	1	0	0.075218311462	0.205813952518	1.257846	0.24030393	1.0175421	1	0	1	NA	NA	NA	NA	NA	NA	NA	1	0	1	1	0	1	NA	NA	NA	1	0	1
18	15400000	18999999	NA	NA	NA	NA	NA	NA	1.44	0.32	0.05	0.164994095877	1.257846	0.24030393	1.0175421	1	0	0.869507145259384	1	1	0.130492854740616	0.0141903350987868	0.014306642932921	0.839433096877939	0.896185148874381	2	0	2	1	0	1	NA	NA	NA	2	0	2
18	19000000	20720152	2	2	0	2	d	2	1.44	0.32	0.0636868482689	0.108144912619	1.712663	0.45692126	1.255742	1	0	0.869507145259384	1	1	0.130492854740616	0.0141903350987868	0.014306642932921	0.839433096877939	0.896185148874381	2	0	2	NA	NA	NA	NA	NA	NA	2	0	2
18	20720153	24057443	1	1	0	2	d	4	1.17	0	0.0685768420033	0.117451334333	1.277619	0.23507079	1.042548	1	0	1	NA	NA	NA	NA	NA	NA	NA	1	0	1	1	0	1	NA	NA	NA	1	0	1
18	24057444	24081212	1	1	0	2	d	5	1	0	0.05	0.1	1.277619	0.23507079	1.042548	1	0	1	NA	NA	NA	NA	NA	NA	NA	1	0	1	1	0	1	NA	NA	NA	1	0	1
18	24081213	24092430	1	1	0	3	b	5	1	0	0.05	0.1	NA	NA	NA	1	0	1	NA	NA	NA	NA	NA	NA	NA	1	0	1	1	0	1	NA	NA	NA	1	0	1
18	24092431	24380053	1	1	0	2	d	3	1.44	0	0.0737838680871	0.101783745719	1.447605	0.21460469	1.2330001	1	0	0.57303135157807	2	0	0.42696864842193	0.0671545246388062	0.0676755060814661	0.417443052539133	0.684091322281535	1	0	1	1	0	1	NA	NA	NA	1	0	1
18	24380054	29659191	1	1	0	2	d	3	0.91	0	0.0723001302011	0.0904023414747	1.035712	0.22846922	0.8072424	0	0	0.258654658035461	1	0	0.741345341964539	0.0104099055148639	0.0105224446118637	0.233375644823946	0.274407794894276	1	0	1	1	0	1	NA	NA	NA	1	0	1
18	29659192	31895818	1	1	0	2	d	3	1.44	0	0.0627851422972	0.111864383479	1.47833	0.23348578	1.2448446	1	0	0.695781342840169	2	0	0.304218657159831	0.020534369328057	0.0202812002952659	0.67398654722346	0.754451130808716	1	0	1	1	0	1	NA	NA	NA	1	0	1
18	31895819	49274579	1	1	0	2	d	3	0.91	0	0.0732300312612	0.0939426330678	1.020765	0.22338096	0.7973839	0	0	0.260942760942761	1	0	0.739057239057239	0.00586206246660201	0.00569317657505608	0.270329822923615	0.293066146652781	1	0	1	1	0	1	NA	NA	NA	1	0	1
18	49274580	49360724	1	1	0	2	d	2	0.91	0	0.05	0.0931032382641	1.020765	0.22338096	0.7973839	0	0	0.956526044761341	1	0	0.0434739552386593	NA	0	0.956526044761341	0.956526044761341	1	0	1	1	0	0.498593	0	0	0.501407	1	0	1
18	49360725	49376602	1	1	0	2	d	3	0.91	0	0.05	0.1	NA	NA	NA	1	0	1	NA	NA	NA	NA	NA	NA	NA	1	0	1	1	0	0.498593	0	0	0.501407	1	0	1
18	49376603	49377828	1	1	0	2	d	2	0.91	0	0.05	0.1	NA	NA	NA	NA	NA	NA	NA	NA	NA	NA	NA	NA	NA	1	0	1	1	0	0.498593	0	0	0.501407	1	0	1
18	49377829	49378411	1	1	0	2	d	2	0.91	0	0.05	0.1	NA	NA	NA	NA	NA	NA	NA	NA	NA	NA	NA	NA	NA	1	0	1	1	0	0.498593	0	0	0.501407	1	0	1
18	49378412	49455927	1	1	0	2	d	2	0.91	0	0.05	0.120559361514	NA	NA	NA	0	0	0.588141476686367	1	0	0.411858523313633	0.0821002994929262	0.0702680740552267	0.545369837605029	0.821940226424952	1	0	1	1	0	0.498593	0	0	0.501407	1	0	1
18	49455928	72649945	1	1	0	2	d	3	0.91	0	0.0711629892317	0.0966987688022	1.025933	0.22701242	0.7989208	0	0	0.266377005347596	1	0	0.733622994652404	0.00456933725365144	0.00449586529855165	0.266123272840869	0.284242484452557	1	0	1	1	0	1	NA	NA	NA	1	0	1
18	72649946	77122262	2	1	1	2	d	4	1	1	0.0513414489686	0.118599236792	1.78218	0.79556926	0.9866109	1	0	0.260887981409133	1	1	0.739112018590867	0.0071233768562288	0.00713172187394099	0.247769736486902	0.275208085847826	2	1	1	1	1	1	NA	NA	NA	2	1	1
18	77122263	77139303	1	1	0	2	f	3	NA	NA	NA	NA	1.946607	0.80107218	1.1455346	1	0	0.260887981409133	1	1	0.739112018590867	0.0071233768562288	0.00713172187394099	0.247769736486902	0.275208085847826	1	0	1	1	1	1	NA	NA	NA	251	97	154
18	77139304	77209083	4	2	2	2	f	1	NA	NA	NA	NA	2.622895	1.02369842	1.599197	1	1	0.227569815805109	2	1	0.772430184194891	0.0949263375588859	0.0863783156801345	0.12949512212332	0.465596395436862	NA	NA	NA	2	1	1	NA	NA	NA	500	148	352
19	102500	272443	2	1	1	2	d	3	1	1	0.05	0.1	NA	NA	NA	NA	NA	NA	NA	NA	NA	NA	NA	NA	NA	NA	NA	NA	1	1	1	NA	NA	NA	2	1	1
19	272444	19003636	2	1	1	2	d	5	1	1	0.0477535287882	0.154906431794	2	1	1	1	0	0.178253119429588	1	1	0.821746880570412	0.00461715070396745	0.00470687577625708	0.170814269021264	0.189093684475917	2	1	1	1	1	1	NA	NA	NA	2	1	1
19	19003637	19024700	2	1	1	2	d	5	1	1	0.05	0.1	2	1	1	1	1	0.57219251336898	2	1	0.42780748663102	0.10074789563203	0.100380838583556	0.265248710807548	0.666081708059626	2	1	1	1	1	1	NA	NA	NA	2	1	1
19	19024701	24399999	2	1	1	3	a	6	1	1	0.0388481815452	0.145109161382	2	1	1	1	1	1	NA	NA	NA	NA	NA	NA	NA	2	1	1	1	1	1	NA	NA	NA	2	1	1
19	24400000	28599999	2	1	1	3	b	5	1	1	0.0383593247913	0.236947734495	2	1	1	NA	NA	NA	NA	NA	NA	NA	NA	NA	NA	2	1	1	1	1	1	NA	NA	NA	2	1	1
19	28600000	33937971	2	1	1	2	d	4	1	1	0.0444692754255	0.155081922455	1.879191	0.93959548	0.9395955	1	0	0.138922915616527	1	1	0.861077084383473	0.00840867412323976	0.00802594687037902	0.127684798933429	0.159661864647623	2	1	1	1	1	1	NA	NA	NA	2	1	1
19	33937972	34327254	3	2	1	2	d	5	2	1	0.0600533205724	0.166834878897	2.662265	0.98712816	1.6751367	2	1	1	NA	NA	NA	NA	NA	NA	NA	3	1	2	2	1	1	NA	NA	NA	3	1	2
19	34327255	35008649	2	1	1	2	d	4	1	1	0.0587551847048	0.104793170801	1.810491	0.78759687	1.022894	1	0	0.297088532382647	1	1	0.702911467617352	0.0188219750758693	0.018588943069657	0.238468433588946	0.313279501363821	2	1	1	1	1	1	NA	NA	NA	2	1	1
19	35008650	35010952	2	1	1	2	d	4	1	1	0.05	0.1	1.810491	0.78759687	1.022894	1	1	1	NA	NA	NA	NA	NA	NA	NA	1	0	1	1	1	1	NA	NA	NA	2	1	1
19	35010953	35034030	2	1	1	3	b	5	1	1	0.05	0.1	NA	NA	NA	1	1	1	NA	NA	NA	NA	NA	NA	NA	2	1	1	1	1	1	NA	NA	NA	2	1	1
19	35034031	35035364	2	1	1	2	d	2	NA	NA	NA	NA	NA	NA	NA	NA	NA	NA	NA	NA	NA	NA	NA	NA	NA	NA	NA	NA	1	1	1	NA	NA	NA	2	1	1
19	35035365	36885690	2	1	1	2	d	4	1	1	0.0387486787282	0.245119983834	2.265345	0.98349963	1.281845	1	1	0.614472182293226	2	1	0.385527817706774	0.0230234911861292	0.0236001069262773	0.568115657295756	0.660508570006499	2	1	1	1	1	1	NA	NA	NA	2	1	1
19	36885691	36887781	2	1	1	2	d	3	1	1	0.05	0.1	2.265345	0.98349963	1.281845	1	1	0.614472182293226	2	1	0.385527817706774	0.0230234911861292	0.0236001069262773	0.568115657295756	0.660508570006499	NA	NA	NA	1	1	1	NA	NA	NA	2	1	1
19	36887782	37162693	2	1	1	2	d	4	1	1	0.05	0.148323204744	NA	NA	NA	1	1	0.614472182293226	2	1	0.385527817706774	0.0230234911861292	0.0236001069262773	0.568115657295756	0.660508570006499	2	1	1	1	1	1	NA	NA	NA	2	1	1
19	37162694	37280717	2	1	1	2	d	4	1	1	0.05	0.0713099632948	NA	NA	NA	1	1	0.614472182293226	2	1	0.385527817706774	0.0230234911861292	0.0236001069262773	0.568115657295756	0.660508570006499	2	1	1	1	1	1	NA	NA	NA	2	1	1
19	37280718	37283639	2	1	1	2	d	3	1	1	0.05	0.1	NA	NA	NA	1	1	0.614472182293226	2	1	0.385527817706774	0.0230234911861292	0.0236001069262773	0.568115657295756	0.660508570006499	NA	NA	NA	1	1	1	NA	NA	NA	2	1	1
19	37283640	37938122	2	1	1	3	a	6	1	1	0.0449476244427	0.243672230413	2	1	1	1	1	1	NA	NA	NA	NA	NA	NA	NA	2	1	1	1	1	1	NA	NA	NA	2	1	1
19	37938123	38296383	2	1	1	2	d	4	1	1	0.0388757998412	0.131685695258	1.875295	0.83983932	1.0354554	1	0	0.227667264293236	1	1	0.772332735706764	0.0361790156803305	0.0378446035044481	0.127503049379809	0.273136572272996	2	1	1	1	1	1	NA	NA	NA	2	1	1
19	38296384	38461365	2	1	1	2	d	4	1	1	0.05	0.0912562814171	2.230432	0.97847916	1.2519528	1	1	0.539567588189251	2	1	0.460432411810749	0.076701016912381	0.0767589873736675	0.362637472760729	0.663560500882984	2	1	1	1	1	1	NA	NA	NA	2	1	1
19	38461366	38464458	2	1	1	2	d	3	NA	NA	NA	NA	2.230432	0.97847916	1.2519528	1	1	1	NA	NA	NA	NA	NA	NA	NA	2	1	1	2	1	1	NA	NA	NA	2	1	1
19	38464459	40515791	3	2	1	2	d	3	1.68	1	0.0609712496514	0.188808331982	2.538417	1.01013078	1.5282862	1	1	0.306793424440486	2	1	0.693206575559514	0.0242108456256871	0.0236907382791334	0.285326948040117	0.374028820769601	3	1	2	2	1	1	NA	NA	NA	3	1	2
19	40515792	41720078	2	1	1	2	d	4	1	1	0.0517265449143	0.141334408783	2.229436	1.11471815	1.1147182	1	1	0.711718084729724	2	1	0.288281915270276	0.0277384608963194	0.0274773948007165	0.658786362087111	0.765002980122865	2	1	1	1	1	1	NA	NA	NA	2	1	1
19	41720079	41722732	2	1	1	2	d	3	NA	NA	NA	NA	2.229436	1.11471815	1.1147182	1	1	1	NA	NA	NA	NA	NA	NA	NA	1	0	1	1	1	1	NA	NA	NA	2	1	1
19	41722733	45028364	2	1	1	2	d	4	1	1	0.0622543956401	0.233227680646	1.824709	0.80569524	1.0190138	1	0	0.264078695451245	1	1	0.735921304548755	0.0149916872870874	0.0151820185646606	0.217008918298713	0.277795792617598	2	1	1	1	1	1	NA	NA	NA	2	1	1
19	45028365	45631553	2	1	1	2	d	3	1	1	0.0426011446283	0.135696100219	2.038414	0.81805036	1.2203634	1	1	0.382969971205262	2	1	0.617030028794738	0.0417035073356636	0.0418869730869214	0.285388260580943	0.450712887587437	2	1	1	2	1	0.660035	1	1	0.339965	2	1	1
19	45631554	49219458	2	1	1	2	d	3	0.91	0.91	0.0460538803328	0.149705694495	1.808121	0.79631476	1.0118063	1	0	0.262136940337634	1	1	0.737863059662366	0.0108632128000684	0.0110917508159026	0.23961996519033	0.282963694737903	2	1	1	1	1	1	NA	NA	NA	2	1	1
19	49219459	56222363	2	1	1	2	d	2	1.28	0.72	0.0539666277544	0.194661384612	2.009408	0.78879507	1.2206125	1	0	0.47534165181224	1	1	0.52465834818776	0.00591288957620931	0.00587632368685616	0.460576466757509	0.483755991737045	2	1	1	2	1	0.738586	1	1	0.261414	2	1	1
19	56222364	56247494	2	1	1	2	e	3	1.28	0.72	0.05	0.1	2.009408	0.78879507	1.2206125	2	0	1	NA	NA	NA	NA	NA	NA	NA	3	1	2	2	1	0.717977	1	1	0.282023	2	1	1
19	56247495	59128982	2	1	1	2	d	2	1.28	0.72	0.0559715272128	0.134138450082	1.99124	0.78941656	1.2018235	1	0	0.482768865121805	1	1	0.517231134878195	0.00924401179656198	0.00958563074271716	0.456514151956853	0.494349101827194	2	1	1	2	1	0.717977	1	1	0.282023	2	1	1
20	24347	19935860	1	1	0	2	d	4	1	0	0.0678380281569	0.10094169583	1.25219	0.23943458	1.0127558	NA	NA	NA	NA	NA	NA	NA	NA	NA	NA	1	0	1	1	0	1	NA	NA	NA	1	0	1
20	19935861	20499966	1	1	0	2	d	2	1.44	0	0.0618559059368	0.137463747782	1.577886	0.3697147	1.2081713	1	0	0.940780352545059	1	1	0.0592196474549413	0.0180443172690312	0.0175294631079217	0.893888307261275	0.961804670535231	2	0	2	1	0	1	NA	NA	NA	1	0	1
20	20499967	21374836	1	1	0	2	d	3	1.44	0	0.060491861026	0.0954750190688	1.447108	0.23564047	1.2114676	1	0	0.765657949762871	2	0	0.234342050237129	0.0513525258890307	0.0500187390419046	0.708838808744912	0.900859274673723	1	0	1	1	0	1	NA	NA	NA	1	0	1
20	21374837	22003516	1	1	0	2	d	4	0.56	0.56	0.0950548365262	0.091100134216	1.245199	0.20610441	1.039095	1	0	1	NA	NA	NA	NA	NA	NA	NA	1	0	1	1	0	1	NA	NA	NA	1	0	1
20	22003517	22005588	1	1	0	2	d	2	NA	NA	NA	NA	1.245199	0.20610441	1.039095	NA	NA	NA	NA	NA	NA	NA	NA	NA	NA	NA	NA	NA	1	0	1	NA	NA	NA	1	0	1
20	22005589	23382150	3	2	1	2	d	4	2.28	1.09	0.0502517105878	0.160534800423	2.837374	1.0191174	1.8182561	2	1	1	NA	NA	NA	NA	NA	NA	NA	3	1	2	2	1	1	NA	NA	NA	3	1	2
20	23382151	25599999	2	1	1	3	a	6	1	1	0.0432513308438	0.139182167288	2	1	1	1	1	1	NA	NA	NA	NA	NA	NA	NA	2	1	1	1	1	1	NA	NA	NA	2	1	1
20	25600000	29399999	2	1	1	3	a	6	1	1	0.05	0.312873859699	2	1	1	1	1	1	NA	NA	NA	NA	NA	NA	NA	2	1	1	1	1	1	NA	NA	NA	2	1	1
20	29400000	33076960	2	1	1	3	a	6	1	1	0.0446249212766	0.129102073934	2	1	1	1	1	1	NA	NA	NA	NA	NA	NA	NA	2	1	1	1	1	1	NA	NA	NA	2	1	1
20	33076961	33094245	3	2	1	1	g	NA	1	1	0.05	0.1	2	1	1	2	1	1	NA	NA	NA	NA	NA	NA	NA	3	1	2	1	1	1	NA	NA	NA	3	1	2
20	33094246	43046919	2	1	1	3	a	6	1	1	0.0378970609318	0.125041564803	2	1	1	1	1	1	NA	NA	NA	NA	NA	NA	NA	2	1	1	1	1	1	NA	NA	NA	2	1	1
20	43046920	43194012	2	1	1	3	a	6	1	1	0.05	0.100056759714	2	1	1	1	1	1	NA	NA	NA	NA	NA	NA	NA	2	1	1	1	1	1	NA	NA	NA	2	1	1
20	43194013	56717083	2	1	1	3	a	6	1	1	0.040388556198	0.131583839097	2	1	1	1	1	1	NA	NA	NA	NA	NA	NA	NA	2	1	1	1	1	1	NA	NA	NA	2	1	1
20	56717084	57154778	2	1	1	3	a	6	1	1	0.0338074083464	0.0982436634625	2	1	1	1	1	1	NA	NA	NA	NA	NA	NA	NA	2	1	1	1	1	1	NA	NA	NA	2	1	1
20	57154779	62432500	2	1	1	3	a	6	1	1	0.0420734753372	0.140053907042	2	1	1	1	1	1	NA	NA	NA	NA	NA	NA	NA	2	1	1	1	1	1	NA	NA	NA	2	1	1
21	1	10899999	NA	NA	NA	NA	NA	NA	1	0.72	0.05	0.225136502184	NA	NA	NA	NA	NA	NA	NA	NA	NA	NA	NA	NA	NA	NA	NA	NA	2	0	1	NA	NA	NA	NA	NA	NA
21	10900000	14753495	2	1	1	2	f	1	1	0.72	0.05	0.214326282688	NA	NA	NA	NA	NA	NA	NA	NA	NA	NA	NA	NA	NA	NA	NA	NA	2	0	0.363554	1	0	0.636446	NA	NA	NA
21	14753496	20827659	2	1	1	2	e	4	1	0.72	0.0528846939575	0.128575451807	1.709709	0.69488604	1.0148234	1	0	0.40250704387327	1	1	0.59749295612673	0.00638364418661391	0.00632133111465937	0.386204709581878	0.41089453904154	2	1	1	1	0	0.432501	1	1	0.567499	NA	NA	NA
21	20827660	46937500	2	1	1	2	d	4	1	1	0.0431069297852	0.127566863924	2	1	1	1	0	0.131272255763703	1	1	0.868727744236297	0.00357549854593481	0.00368931500433907	0.124515800745433	0.138718939607249	2	1	1	1	1	1	NA	NA	NA	NA	NA	NA
21	46937501	48129894	2	1	1	2	d	2	NA	NA	NA	NA	1.879175	0.93958748	0.9395875	1	0	0.131272255763703	1	1	0.868727744236297	0.00357549854593481	0.00368931500433907	0.124515800745433	0.138718939607249	2	1	1	1	1	1	NA	NA	NA	NA	NA	NA
22	1	12199999	2	1	1	1	g	NA	NA	NA	NA	NA	NA	NA	NA	NA	NA	NA	NA	NA	NA	NA	NA	NA	NA	NA	NA	NA	NA	NA	NA	NA	NA	NA	2	1	1
22	12200000	17899999	2	1	1	3	a	6	1	1	0.0347570810278	0.187494699543	2	1	1	1	1	1	NA	NA	NA	NA	NA	NA	NA	2	1	1	1	1	1	NA	NA	NA	2	1	1
22	17900000	31935574	2	1	1	3	a	6	1	1	0.0393369663686	0.149629951689	2	1	1	1	1	1	NA	NA	NA	NA	NA	NA	NA	2	1	1	1	1	1	NA	NA	NA	2	1	1
22	31935575	32048105	2	1	1	2	d	4	1	1	0.05	0.1	2.240359	1.00756257	1.2327967	1	1	0.742548927248718	2	1	0.257451072751282	0.0763734377210498	0.0752306634121039	0.6470130375582	0.946321697580698	2	1	1	1	1	1	NA	NA	NA	2	1	1
22	32048106	40787947	2	1	1	3	a	6	1	1	0.0391009674967	0.142332223956	2	1	1	1	1	1	NA	NA	NA	NA	NA	NA	NA	2	1	1	1	1	1	NA	NA	NA	2	1	1
22	40787948	41529871	2	1	1	2	d	4	1	1	0.0334755920154	0.144857215257	2.238797	0.9724812	1.2663158	1	1	0.617195858928718	2	1	0.382804141071282	0.0438583354479321	0.0434322647165711	0.575816475900494	0.740723193112784	2	1	1	1	1	1	NA	NA	NA	2	1	1
22	41529872	49687500	2	1	1	3	a	6	1	1	0.0517699350267	0.14379455387	2	1	1	1	1	1	NA	NA	NA	NA	NA	NA	NA	2	1	1	1	1	1	NA	NA	NA	2	1	1
22	49687501	51304565	2	1	1	3	b	5	NA	NA	NA	NA	2	1	1	1	1	1	NA	NA	NA	NA	NA	NA	NA	2	1	1	1	1	1	NA	NA	NA	2	1	1
X	1	7809410	1	1	0	2	d	2	1.46	0.54	0.0631401402288	0.166680419016	1.397981	0.41446828	0.9835129	1	0	0.739432597590229	1	1	0.260567402409771	0.00549660065468133	0.00551552303845875	0.728788966649864	0.750119816862581	1	0	1	NA	NA	NA	NA	NA	NA	1	0	1
X	7809411	12037743	1	1	0	2	d	2	1.46	0.54	0.0629861847106	0.162451075285	1.391893	0.41294609	0.9789473	1	0	0.739432597590229	1	1	0.260567402409771	0.00549660065468133	0.00551552303845875	0.728788966649864	0.750119816862581	1	0	1	NA	NA	NA	NA	NA	NA	1	0	1
X	12037744	43345741	2	1	1	2	d	2	1.3	1	0.0440631033994	0.138037061876	1.778492	0.78834059	0.9901514	1	0	0.260858223555496	1	1	0.739141776444504	0.00467912243923035	0.00463357084094707	0.248880092212774	0.266911637280474	2	1	1	NA	NA	NA	NA	NA	NA	2	1	1
X	43345742	44519486	2	1	1	2	d	2	1.71	1.71	0.0421131505681	0.162607245918	2.354325	1.02560932	1.3287161	1	1	0.603881956823133	2	1	0.396118043176867	0.0322842218519464	0.0322993078213206	0.574741049878231	0.704384082931171	2	1	1	NA	NA	NA	NA	NA	NA	2	1	1
X	44519487	49062862	2	1	1	2	d	2	1.19	1.19	0.0456122083754	0.149348360104	1.794651	0.79014082	1.0045099	1	0	0.26765302754001	1	1	0.73234697245999	0.0131540042401399	0.0130714663370478	0.240917762770756	0.293051840144536	2	1	1	NA	NA	NA	NA	NA	NA	2	1	1
X	49062863	51011432	2	1	1	2	d	2	1.19	1.19	0.0479555432161	0.155488553105	1.793983	0.77697609	1.0170071	1	0	0.26765302754001	1	1	0.73234697245999	0.0131540042401399	0.0130714663370478	0.240917762770756	0.293051840144536	2	1	1	NA	NA	NA	NA	NA	NA	2	1	1
X	51011433	51280363	2	1	1	2	d	4	1.19	1.19	0.0332294765497	0.1	2	1	1	1	1	1	NA	NA	NA	NA	NA	NA	NA	2	1	1	NA	NA	NA	NA	NA	NA	2	1	1
X	51280364	58099999	2	1	1	2	d	2	1.19	1.19	0.0444890684218	0.141211274793	1.79239	0.89619487	0.8961949	1	0	0.229669997187087	1	1	0.770330002812913	0.0137198803856712	0.0142798349112715	0.202041403554869	0.257753820229234	2	1	1	NA	NA	NA	NA	NA	NA	2	1	1
X	58100000	62999999	2	1	1	2	d	3	1	1	0.0497287851861	0.37529056709	1.774727	0.88736359	0.8873636	NA	NA	NA	NA	NA	NA	NA	NA	NA	NA	2	1	1	NA	NA	NA	NA	NA	NA	2	1	1
X	63000000	72518846	2	1	1	2	d	2	1.2	1.2	0.0444845216124	0.188115622366	1.788004	0.78313473	1.0048689	1	0	0.273286967321858	1	1	0.726713032678142	0.0124754936980342	0.0123604718621773	0.249241913482028	0.295752047983762	2	1	1	NA	NA	NA	NA	NA	NA	2	1	1
X	72518847	115353102	1	1	0	2	d	2	1.46	0.54	0.0627547822298	0.137423948805	1.413481	0.42092424	0.992557	1	0	0.726216412490922	1	1	0.273783587509078	0.00537771473547355	0.00514427150188647	0.705484125724237	0.725784407339464	1	0	1	NA	NA	NA	NA	NA	NA	1	0	1
X	115353103	115613059	2	1	1	2	d	3	1	1	0.0412646827913	0.1	1.65402	0.63337134	1.0206488	1	0	0.473595060101226	1	1	0.526404939898774	0.0278460165754847	0.0288373133597638	0.411771626063264	0.527075879171009	2	1	1	NA	NA	NA	NA	NA	NA	2	1	1
X	115613060	148176982	1	1	0	2	d	2	1.45	0.55	0.0654388652194	0.140589926274	1.391048	0.40532897	0.9857189	1	0	0.763941940412527	1	1	0.236058059587473	0.0041126778994956	0.00400195816086973	0.738321385779725	0.753908843062873	1	0	1	NA	NA	NA	NA	NA	NA	1	0	1
X	148176983	148208644	1	1	0	2	d	2	1.46	0.54	0.05	0.1	1.275702	0	1.275702	NA	NA	NA	NA	NA	NA	NA	NA	NA	NA	1	0	1	NA	NA	NA	NA	NA	NA	1	0	1
X	148208645	149929723	1	1	0	2	d	3	1	0	0.0727585024553	0.100446467339	1.169503	0.18104706	0.9884563	1	0	0.826203208556152	2	0	0.173796791443848	0.0382948252491464	0.0358688584341906	0.808443580425907	0.95085913094903	1	0	1	NA	NA	NA	NA	NA	NA	1	0	1
X	149929724	150320005	1	1	0	2	d	2	1.42	0.58	0.0605435577156	0.1	1.372966	0.41763992	0.9553258	1	0	0.755751529745338	1	1	0.244248470254662	0.0319571224193241	0.0319964548724641	0.696123996936842	0.822641830736572	1	0	1	NA	NA	NA	NA	NA	NA	1	0	1
X	150320006	151320000	1	1	0	2	d	2	1.64	0.36	0.0726138971335	0.114135422963	1.340476	0.3478951	0.9925811	1	0	0.841600340974556	1	1	0.158399659025444	0.0172481773708096	0.0168672520457195	0.796841906169269	0.862246863044822	1	0	1	NA	NA	NA	NA	NA	NA	1	0	1
X	151320001	154929638	2	1	1	2	d	4	1.36	1.36	0.0417261739219	0.156966888284	2	1	1	1	1	1	NA	NA	NA	NA	NA	NA	NA	2	1	1	NA	NA	NA	NA	NA	NA	2	1	1
