chromosome	start	end	total_cn	major_cn	minor_cn	star	level	methods_agree	absolute_broad_major_cn	absolute_broad_minor_cn	absolute_broad_het_error	absolute_broad_cov_error	aceseq_copy_number	aceseq_minor_cn	aceseq_major_cn	battenberg_nMaj1_A	battenberg_nMin1_A	battenberg_frac1_A	battenberg_nMaj2_A	battenberg_nMin2_A	battenberg_frac2_A	battenberg_SDfrac_A	battenberg_SDfrac_A_BS	battenberg_frac1_A_0.025	battenberg_frac1_A_0.975	clonehd_copy_number	clonehd_minor_cn	clonehd_major_cn	sclust_nMaj1_A	sclust_nMin1_A	sclust_frac1_A	sclust_nMaj2_A	sclust_nMin2_A	sclust_frac2_A	jabba_copy_number	jabba_minor_cn	jabba_major_cn
1	802501	12865919	2	1	1	2	e	4	0.91	0.91	0.0646716802205	0.188717737028	1.880867	0.94043370243	0.9404337	1	0	0.143899799691479	1	1	0.856100200308521	0.0112770886207019	0.0111519885516108	0.145412465383877	0.187851278940456	2	1	1	NA	NA	NA	NA	NA	NA	NA	NA	NA
1	12865920	54913634	2	1	1	2	d	2	0.91	0.91	0.0617681997402	0.170351616011	2	1	1	1	0	0.110041023293483	1	1	0.889958976706517	0.00605286168458027	0.0061319458474731	0.101243639971255	0.125165702880003	2	1	1	NA	NA	NA	NA	NA	NA	NA	NA	NA
1	54913635	55357499	3	2	1	2	f	2	2.72	1	0.0856782197012	0.266621964529	1.834323	0.39903145667	1.43529181	1	0	0.903095294615487	1	1	0.0969047053845128	0.0223087545495066	0.024144634425088	0.760087964469058	0.858234693938124	2	0	2	NA	NA	NA	NA	NA	NA	NA	NA	NA
1	55357500	121499999	2	1	1	2	d	4	1	1	0.0530967608945	0.152432734562	2	1	1	1	1	1	NA	NA	NA	NA	NA	NA	NA	2	1	1	NA	NA	NA	NA	NA	NA	NA	NA	NA
1	121500000	128899999	2	1	1	1	h	1	NA	NA	NA	NA	2	1	1	NA	NA	NA	NA	NA	NA	NA	NA	NA	NA	NA	NA	NA	NA	NA	NA	NA	NA	NA	NA	NA	NA
1	128900000	143747499	2	1	1	2	f	1	1.4	0.78	0.05	0.506626326668	NA	NA	NA	NA	NA	NA	NA	NA	NA	NA	NA	NA	NA	2	0	2	NA	NA	NA	NA	NA	NA	NA	NA	NA
1	143747500	249250620	3	2	1	2	f	3	1.4	0.78	0.0650949538983	0.166910799873	2.79365	0.98797478348	1.80567551	1	1	0.168578935115898	2	1	0.831421064884102	0.00422754084907051	0.00402109529043122	0.167979408826819	0.183519501946205	3	1	2	NA	NA	NA	NA	NA	NA	NA	NA	NA
2	32933	90499999	2	1	1	2	e	3	1.09	0.78	0.0661262955198	0.146456955619	1.777493	0.67117173838	1.10632134	1	0	0.41571053244205	1	1	0.58428946755795	0.00279198692898858	0.00285549900604862	0.410789304357142	0.42154905876615	2	1	1	NA	NA	NA	NA	NA	NA	NA	NA	NA
2	90500000	96799999	2	1	1	2	f	2	1.09	0.78	0.097648786158	0.208125111509	1.717933	0.56399800692	1.15393545	NA	NA	NA	NA	NA	NA	NA	NA	NA	NA	2	1	1	NA	NA	NA	NA	NA	NA	NA	NA	NA
2	96800000	130509814	2	1	1	2	e	3	1.09	0.78	0.0674597975507	0.158325157711	1.752103	0.66533166322	1.08677153	1	0	0.41571053244205	1	1	0.58428946755795	0.00230995197528902	0.002355754629704	0.406804499229671	0.415776489585492	2	1	1	NA	NA	NA	NA	NA	NA	NA	NA	NA
2	130509815	242985493	2	1	1	2	e	3	1.09	0.78	0.0647582938512	0.162286732805	1.777069	0.67629218521	1.10077664	1	0	0.41571053244205	1	1	0.58428946755795	0.00230995197528902	0.002355754629704	0.406804499229671	0.415776489585492	2	1	1	NA	NA	NA	NA	NA	NA	NA	NA	NA
3	100074	87899999	2	1	1	2	d	4	1	1	0.0547154217032	0.15770760702	2	1	1	1	1	1	NA	NA	NA	NA	NA	NA	NA	2	1	1	NA	NA	NA	NA	NA	NA	NA	NA	NA
3	87900000	93899999	2	1	1	2	d	2	1	1	0.0465201527697	0.131511866446	2.387834	1.19391712941	1.19391713	NA	NA	NA	NA	NA	NA	NA	NA	NA	NA	2	1	1	NA	NA	NA	NA	NA	NA	NA	NA	NA
3	93900000	197847500	2	1	1	2	d	4	1	1	0.0532035333275	0.149720874561	2	1	1	1	1	1	NA	NA	NA	NA	NA	NA	NA	2	1	1	NA	NA	NA	NA	NA	NA	NA	NA	NA
4	27500	37470236	1	1	0	2	d	3	1.15	0	0.0909455366163	0.133897197499	1	0	1	1	0	1	NA	NA	NA	NA	NA	NA	NA	1	0	1	NA	NA	NA	NA	NA	NA	NA	NA	NA
4	37470237	37536366	0	0	0	2	d	2	0	0	0.05	0.082722523797	0.146179	0.07308952387	0.07308952	0	0	1	NA	NA	NA	NA	NA	NA	NA	1	0	1	NA	NA	NA	NA	NA	NA	NA	NA	NA
4	37536367	48199999	1	1	0	2	d	2	1.15	0	0.0865505096402	0.120948563885	1.112616	0.03327709721	1.07933858	1	0	1	NA	NA	NA	NA	NA	NA	NA	1	0	1	NA	NA	NA	NA	NA	NA	NA	NA	NA
4	48200000	52699999	1	1	0	2	f	3	1.22	0	0.064258457915	0.58685287113	1.101248	0.01377875242	1.08746894	NA	NA	NA	NA	NA	NA	NA	NA	NA	NA	1	0	1	NA	NA	NA	NA	NA	NA	NA	NA	NA
4	52700000	176992500	1	1	0	2	d	2	1.22	0	0.0844897178787	0.126765569858	1.107314	0.02659118523	1.08072283	1	0	1	NA	NA	NA	NA	NA	NA	NA	1	0	1	NA	NA	NA	NA	NA	NA	NA	NA	NA
4	176992501	185638493	1	1	0	2	d	3	1.22	0	0.0866442411473	0.147107635738	1	0	1	1	0	1	NA	NA	NA	NA	NA	NA	NA	1	0	1	NA	NA	NA	NA	NA	NA	NA	NA	NA
4	185638494	185835607	0	0	0	2	d	2	0	0	0.0668309231258	0.164061603398	0.155758	0	0.15575789	0	0	1	NA	NA	NA	NA	NA	NA	NA	1	0	1	NA	NA	NA	NA	NA	NA	NA	NA	NA
4	185835608	190749943	1	1	0	2	d	3	1.22	0	0.0895147334914	0.127872485936	1	0	1	1	0	1	NA	NA	NA	NA	NA	NA	NA	1	0	1	NA	NA	NA	NA	NA	NA	NA	NA	NA
5	1	38177561	3	2	1	2	d	3	1.81	0.91	0.067809481593	0.180044469776	3	1	2	2	1	1	NA	NA	NA	NA	NA	NA	NA	3	1	2	NA	NA	NA	NA	NA	NA	NA	NA	NA
5	38177562	45910794	3	2	1	2	f	3	2.22	0.91	0.0631275182845	0.168290869624	3.543818	1.06797301541	2.47584458	2	1	0.621591392428987	3	1	0.378408607571013	0.0209445376069294	0.0203790357560247	0.598995335183592	0.678043007560089	4	1	3	NA	NA	NA	NA	NA	NA	NA	NA	NA
5	45910795	50699999	NA	NA	NA	NA	NA	NA	1.09	0	0.0847677441396	0.465179472406	4.616918	1.18705841303	3.4298597	NA	NA	NA	NA	NA	NA	NA	NA	NA	NA	1	0	1	NA	NA	NA	NA	NA	NA	NA	NA	NA
5	50700000	180712500	1	1	0	2	d	3	1.09	0	0.0870814861145	0.149886559633	1	0	1	1	0	1	NA	NA	NA	NA	NA	NA	NA	1	0	1	NA	NA	NA	NA	NA	NA	NA	NA	NA
6	212500	47877449	2	1	1	2	d	3	0.91	0.91	0.0604187999361	0.168839226876	2	1	1	1	1	1	NA	NA	NA	NA	NA	NA	NA	2	1	1	NA	NA	NA	NA	NA	NA	NA	NA	NA
6	47877450	53209414	4	3	1	2	d	3	2.81	1	0.0617876107947	0.19246681578	4	1	3	3	1	1	NA	NA	NA	NA	NA	NA	NA	4	1	3	NA	NA	NA	NA	NA	NA	NA	NA	NA
6	53209415	58699999	2	1	1	2	d	4	1	1	0.0548341126627	0.139919642868	2	1	1	1	1	1	NA	NA	NA	NA	NA	NA	NA	2	1	1	NA	NA	NA	NA	NA	NA	NA	NA	NA
6	58700000	63299999	2	1	1	2	d	2	1	1	0.0562539533725	0.266106564447	2.53807	1.2690351883	1.26903519	NA	NA	NA	NA	NA	NA	NA	NA	NA	NA	2	1	1	NA	NA	NA	NA	NA	NA	NA	NA	NA
6	63300000	170897500	2	1	1	2	d	4	1	1	0.0545883011046	0.14320466217	2	1	1	1	1	1	NA	NA	NA	NA	NA	NA	NA	2	1	1	NA	NA	NA	NA	NA	NA	NA	NA	NA
7	40386	57999999	2	1	1	2	d	3	0.91	0.91	0.0526977377111	0.143375592094	2	1	1	1	1	1	NA	NA	NA	NA	NA	NA	NA	2	1	1	NA	NA	NA	NA	NA	NA	NA	NA	NA
7	58000000	62460063	NA	NA	NA	NA	NA	NA	1	1	0.05	0.242587507252	4.427624	2.21381218365	2.21381218	NA	NA	NA	NA	NA	NA	NA	NA	NA	NA	4	2	2	NA	NA	NA	NA	NA	NA	NA	NA	NA
7	62460064	159138662	2	1	1	2	d	4	1	1	0.0550538500034	0.149316820503	2	1	1	1	1	1	NA	NA	NA	NA	NA	NA	NA	2	1	1	NA	NA	NA	NA	NA	NA	NA	NA	NA
8	1	41840042	1	1	0	2	d	4	1	0	0.0895422226246	0.13547983468	1	0	1	1	0	1	NA	NA	NA	NA	NA	NA	NA	1	0	1	NA	NA	NA	NA	NA	NA	NA	NA	NA
8	41840043	41980003	1	1	0	2	f	3	2	0	0.05	0.211045608792	1.774056	0.08446818731	1.68958825	1	0	0.313887582370071	2	0	0.686112417629929	0.124412811916925	0.120303935263381	0.122825986478463	0.591958698896808	1	0	1	NA	NA	NA	NA	NA	NA	NA	NA	NA
8	41980004	43099999	1	1	0	2	d	2	0.85	0	0.0803266311572	0.104251831963	1	0	1	1	0	0.935348697994614	1	1	0.0646513020053865	0.0233103019295268	0.0230165891322866	0.90729853922656	0.999039797358876	1	0	1	NA	NA	NA	NA	NA	NA	NA	NA	NA
8	43100000	48099999	NA	NA	NA	NA	NA	NA	1.4	0.6	0.0748508387689	0.530840504698	3.311901	1.04443844794	2.26746285	NA	NA	NA	NA	NA	NA	NA	NA	NA	NA	2	1	1	NA	NA	NA	NA	NA	NA	NA	NA	NA
8	48100000	146364021	3	2	1	2	d	3	1.4	0.6	0.0674869407798	0.16777052931	3	1	2	2	1	1	NA	NA	NA	NA	NA	NA	NA	3	1	2	NA	NA	NA	NA	NA	NA	NA	NA	NA
9	150860	42152499	1	1	0	2	d	3	1.15	0	0.0860018581798	0.130171936974	1	0	1	1	0	1	NA	NA	NA	NA	NA	NA	NA	1	0	1	NA	NA	NA	NA	NA	NA	NA	NA	NA
9	42152500	47299999	2	1	1	2	d	3	1	1	0.05	0.655123345427	1	0	1	1	1	1	NA	NA	NA	NA	NA	NA	NA	2	1	1	NA	NA	NA	NA	NA	NA	NA	NA	NA
9	47300000	50699999	2	1	1	2	d	2	1	1	0.05	0.1	NA	NA	NA	1	1	1	NA	NA	NA	NA	NA	NA	NA	NA	NA	NA	NA	NA	NA	NA	NA	NA	NA	NA	NA
9	50700000	141019790	2	1	1	2	d	4	1	1	0.0577873066551	0.157837778742	2	1	1	1	1	1	NA	NA	NA	NA	NA	NA	NA	2	1	1	NA	NA	NA	NA	NA	NA	NA	NA	NA
10	99761	37999999	3	3	0	2	d	2	2.72	0	0.0790271291033	0.16710419754	2.829756	0.0386490691	2.79110646	3	0	1	NA	NA	NA	NA	NA	NA	NA	3	0	3	NA	NA	NA	NA	NA	NA	NA	NA	NA
10	38000000	42299999	NA	NA	NA	NA	NA	NA	2	1	0.05	0.209464915751	3.891576	1.25957426654	2.63200124	1	1	0.172739823065731	2	1	0.827260176934269	0.089767727537228	0.0891417261515024	0.0339245353078787	0.382943867816372	3	1	2	NA	NA	NA	NA	NA	NA	NA	NA	NA
10	42300000	134125105	1	1	0	2	d	2	1.09	0	0.0886919460211	0.131992756932	1.115327	0.05426528956	1.06106211	1	0	1	NA	NA	NA	NA	NA	NA	NA	1	0	1	NA	NA	NA	NA	NA	NA	NA	NA	NA
10	134125106	134682309	0	0	0	2	d	2	0	0	0.0857340314253	0.107906996756	0	0	0	0	0	0.825860520802157	1	0	0.174139479197843	0.0579874361678967	0.0580715883235926	0.713319393834426	0.938476750168635	1	0	1	NA	NA	NA	NA	NA	NA	NA	NA	NA
11	187500	48680609	2	1	1	2	d	3	1	1	0.0573968905389	0.153160558171	2	1	1	1	0	0.0984577576836401	1	1	0.90154224231636	0.0043877034239502	0.00428792950636931	0.0954335923202495	0.112036287070424	2	1	1	NA	NA	NA	NA	NA	NA	NA	NA	NA
11	48680610	48940295	2	1	1	2	d	2	1	1	0.05	0.230138558231	2	1	1	2	1	0.302178673262027	2	2	0.697821326737973	0.0955868039915518	0.0948327269283616	0.10559642051715	0.468213764875279	3	1	2	NA	NA	NA	NA	NA	NA	NA	NA	NA
11	48940296	51599999	2	1	1	2	d	2	1	1	0.0533084374213	0.153096244904	3.887106	1.94355285996	1.94355286	1	0	0.0836172061007214	1	1	0.916382793899279	0.00353793243684677	0.00364776931290105	0.0765769949381554	0.0910761667426929	2	1	1	NA	NA	NA	NA	NA	NA	NA	NA	NA
11	51600000	55699999	2	1	1	2	d	2	1	1	0.0598589487437	0.18961823851	2.392983	1.19649153193	1.19649153	1	0	0.0836172061007214	1	1	0.916382793899279	0.00353793243684677	0.00364776931290105	0.0765769949381554	0.0910761667426929	2	1	1	NA	NA	NA	NA	NA	NA	NA	NA	NA
11	55700000	135006515	2	1	1	2	d	2	0.85	0.85	0.0575057192972	0.15158173943	2	1	1	1	0	0.0836172061007214	1	1	0.916382793899279	0.00353793243684677	0.00364776931290105	0.0765769949381554	0.0910761667426929	2	1	1	NA	NA	NA	NA	NA	NA	NA	NA	NA
12	110107	217869	2	1	1	2	f	1	0.91	0.85	0.05	0.167558531405	NA	NA	NA	1	0	1	NA	NA	NA	NA	NA	NA	NA	NA	NA	NA	NA	NA	NA	NA	NA	NA	NA	NA	NA
12	217870	33299999	2	1	1	2	e	4	0.85	0.85	0.0631929911973	0.133659716241	1.613555	0.80677761861	0.80677762	1	0	0.291137644180353	1	1	0.708862355819647	0.00467356414267772	0.00455049798760713	0.281666346125617	0.300067624936597	2	1	1	NA	NA	NA	NA	NA	NA	NA	NA	NA
12	33300000	38444055	2	1	1	2	e	3	0.85	0.85	0.0634244351067	0.17177613192	2.967828	1.48391377998	1.48391378	NA	NA	NA	NA	NA	NA	NA	NA	NA	NA	2	1	1	NA	NA	NA	NA	NA	NA	NA	NA	NA
12	38444056	133851894	2	1	1	2	e	4	0.85	0.85	0.0622106608857	0.143017419104	1.582332	0.79116623793	0.79116624	1	0	0.311782899331534	1	1	0.688217100668466	0.00294502037178698	0.00308980147267688	0.311333192801301	0.323405992768496	2	1	1	NA	NA	NA	NA	NA	NA	NA	NA	NA
13	1	16299999	NA	NA	NA	NA	NA	NA	NA	NA	NA	NA	NA	NA	NA	NA	NA	NA	NA	NA	NA	NA	NA	NA	NA	NA	NA	NA	NA	NA	NA	NA	NA	NA	NA	NA	NA
13	16300000	19499999	1	1	0	1	h	1	1	0	0.05	0.0814038515641	NA	NA	NA	1	0	0.873549738272422	2	0	0.126450261727578	0.00818171855637612	0.00791622702253189	0.857224766363753	0.889223375639172	NA	NA	NA	NA	NA	NA	NA	NA	NA	NA	NA	NA
13	19500000	46030041	1	1	0	2	f	3	1	0	0.0889077516942	0.115242084609	1.180568	0.02216980506	1.15839796	1	0	0.873549738272422	2	0	0.126450261727578	0.00818171855637612	0.00791622702253189	0.857224766363753	0.889223375639172	NA	NA	NA	NA	NA	NA	NA	NA	NA	NA	NA	NA
13	46030042	46720010	2	1	1	2	d	2	1	1	0.0511007798566	0.152849905599	2.166888	1.08344403896	1.08344404	1	1	0.812930260401076	2	1	0.187069739598924	0.041157936134713	0.0400834209916829	0.775635769494063	0.932736458231326	2	1	1	NA	NA	NA	NA	NA	NA	NA	NA	NA
13	46720011	48807800	1	1	0	2	e	4	1.09	0	0.0845642548784	0.137496025774	1.235337	0.03876656062	1.1965705	1	0	0.839070138681033	2	0	0.160929861318967	0.0276775219105522	0.0275523139083057	0.809553936395273	0.915025809049504	1	0	1	NA	NA	NA	NA	NA	NA	NA	NA	NA
13	48807801	48948599	2	1	1	2	d	2	1.09	0	0.05	0.246176211968	1.235337	0.03876656062	1.1965705	1	1	1	NA	NA	NA	NA	NA	NA	NA	2	1	1	NA	NA	NA	NA	NA	NA	NA	NA	NA
13	48948600	51909186	1	1	0	2	d	2	1.09	0	0.0860788112404	0.114830445709	1.175369	0.02438780403	1.15098165	1	0	1	NA	NA	NA	NA	NA	NA	NA	1	0	1	NA	NA	NA	NA	NA	NA	NA	NA	NA
13	51909187	52432499	1	1	0	2	d	2	1.09	0	0.104304419102	0.173338894891	1.284563	0.02338800757	1.26117492	1	0	1	NA	NA	NA	NA	NA	NA	NA	1	0	1	NA	NA	NA	NA	NA	NA	NA	NA	NA
13	52432500	52754761	2	1	1	2	d	3	1	1	0.0642042900684	0.243615968222	2.116057	1.05802868013	1.05802868	1	1	1	NA	NA	NA	NA	NA	NA	NA	2	1	1	NA	NA	NA	NA	NA	NA	NA	NA	NA
13	52754762	53231523	2	1	1	2	f	2	2	0	0.05	0.314746708994	2.116057	1.05802868013	1.05802868	1	0	0.91325384686088	1	1	0.0867461531391199	0.0714060088839533	0.0742058242082427	0.66018989049051	0.937754761204584	2	1	1	NA	NA	NA	NA	NA	NA	NA	NA	NA
13	53231524	53799989	1	1	0	2	d	3	1	0	0.0942994405549	0.120566560346	1.214686	0.05385535538	1.16083083	1	0	1	NA	NA	NA	NA	NA	NA	NA	1	0	1	NA	NA	NA	NA	NA	NA	NA	NA	NA
13	53799990	56229908	2	1	1	2	d	3	1	1	0.043940950403	0.138986733774	2.255925	1.127962339	1.12796234	1	1	1	NA	NA	NA	NA	NA	NA	NA	2	1	1	NA	NA	NA	NA	NA	NA	NA	NA	NA
13	56229909	56810081	1	1	0	2	d	2	1	0	0.0960491138749	0.112047190494	1.234047	0.03501627462	1.19903069	1	0	0.802791080514812	2	0	0.197208919485188	0.0625574527739044	0.065730144034841	0.623275317398222	0.88977543923052	1	0	1	NA	NA	NA	NA	NA	NA	NA	NA	NA
13	56810082	58469573	2	1	1	2	f	3	1	1	0.0511418391639	0.156365513966	2.333473	1.16673629563	1.1667363	1	1	0.812930260401076	2	1	0.187069739598924	0.0263169945694766	0.0260964538332018	0.732387246256005	0.835236204044311	3	1	2	NA	NA	NA	NA	NA	NA	NA	NA	NA
13	58469574	58754927	1	1	0	2	d	2	1	0	0.0824980366345	0.120660883316	1.260596	0.0087512189	1.25184454	1	0	0.756146577158253	2	0	0.243853422841747	0.0566763766127424	0.0551177352393128	0.665443783704799	0.884780768032855	1	0	1	NA	NA	NA	NA	NA	NA	NA	NA	NA
13	58754928	115169877	2	1	1	2	d	2	1	1	0.05365129219	0.139718774955	2.272282	1.13614087322	1.13614087	1	1	0.829936600364612	2	1	0.170063399635388	0.00413935123410231	0.00418923033775925	0.823127327828302	0.839267710299846	2	1	1	NA	NA	NA	NA	NA	NA	NA	NA	NA
14	1	16099999	NA	NA	NA	NA	NA	NA	NA	NA	NA	NA	NA	NA	NA	NA	NA	NA	NA	NA	NA	NA	NA	NA	NA	NA	NA	NA	NA	NA	NA	NA	NA	NA	NA	NA	NA
14	16100000	19099999	2	1	1	1	h	1	1	1	0.05	0.11665506863	NA	NA	NA	NA	NA	NA	NA	NA	NA	NA	NA	NA	NA	NA	NA	NA	NA	NA	NA	NA	NA	NA	NA	NA	NA
14	19100000	107349539	2	1	1	2	d	3	1	1	0.0564838598687	0.155973892312	2	1	1	1	0	0.103927633110511	1	1	0.896072366889489	0.00321044672647653	0.00315211105034288	0.105031827001633	0.117494265948632	2	1	1	NA	NA	NA	NA	NA	NA	NA	NA	NA
15	1	15799999	NA	NA	NA	NA	NA	NA	NA	NA	NA	NA	NA	NA	NA	NA	NA	NA	NA	NA	NA	NA	NA	NA	NA	NA	NA	NA	NA	NA	NA	NA	NA	NA	NA	NA	NA
15	15800000	20699999	2	1	1	2	f	2	0.91	0.91	0.05	0.748846090578	NA	NA	NA	1	1	1	NA	NA	NA	NA	NA	NA	NA	NA	NA	NA	NA	NA	NA	NA	NA	NA	NA	NA	NA
15	20700000	102531391	2	1	1	2	d	2	0.91	0.91	0.056984216817	0.165126454551	2	1	1	1	0	0.133621242570656	1	1	0.866378757429344	0.00349488131513354	0.00362011169222556	0.132883228932775	0.147075485442463	2	1	1	NA	NA	NA	NA	NA	NA	NA	NA	NA
16	100010	34599999	2	1	1	2	d	3	1	1	0.0604577048361	0.203850233255	2	1	1	1	0	0.103242626052626	1	1	0.896757373947374	0.0060813087937014	0.00638217248442653	0.0907005720133468	0.115209523248285	2	1	1	NA	NA	NA	NA	NA	NA	NA	NA	NA
16	34600000	38599999	2	1	1	2	d	2	1	1	0.05	0.332008605112	2.443727	1.221863707	1.22186371	1	0	0.103242626052626	1	1	0.896757373947374	0.0060813087937014	0.00638217248442653	0.0907005720133468	0.115209523248285	2	1	1	NA	NA	NA	NA	NA	NA	NA	NA	NA
16	38600000	90354752	2	1	1	2	d	3	1	1	0.05992735873	0.171963921521	2	1	1	1	0	0.0779457248328813	1	1	0.922054275167119	0.0048848569750977	0.0049544787125903	0.0737428441187917	0.0932889962030563	2	1	1	NA	NA	NA	NA	NA	NA	NA	NA	NA
17	6409	22199999	2	2	0	2	d	2	1.81	0	0.0825026250278	0.16976176689	1.905182	0.03032017211	1.87486168	2	0	1	NA	NA	NA	NA	NA	NA	NA	2	0	2	NA	NA	NA	NA	NA	NA	NA	NA	NA
17	22200000	25799999	2	2	0	1	g	NA	1.81	0	0.0805568815333	0.178340288643	2.176649	0.0932966937	2.08335236	NA	NA	NA	NA	NA	NA	NA	NA	NA	NA	2	0	2	NA	NA	NA	NA	NA	NA	NA	NA	NA
17	25800000	81195209	2	2	0	2	d	3	1.81	0	0.0805719216448	0.17882381789	2	0	2	2	0	1	NA	NA	NA	NA	NA	NA	NA	2	0	2	NA	NA	NA	NA	NA	NA	NA	NA	NA
18	75371	15380546	2	1	1	2	d	4	1	1	0.0553859853303	0.166034535047	2	1	1	1	1	1	NA	NA	NA	NA	NA	NA	NA	2	1	1	NA	NA	NA	NA	NA	NA	NA	NA	NA
18	15380547	18999999	NA	NA	NA	NA	NA	NA	1	0	0.05	0.160908858943	1	0	1	1	0	1	NA	NA	NA	NA	NA	NA	NA	1	0	1	NA	NA	NA	NA	NA	NA	NA	NA	NA
18	19000000	75332676	1	1	0	2	d	4	1	0	0.0855180183221	0.114725798708	1	0	1	1	0	1	NA	NA	NA	NA	NA	NA	NA	1	0	1	NA	NA	NA	NA	NA	NA	NA	NA	NA
18	75332677	78077247	3	2	1	2	e	3	2.4	1	0.0726357937879	0.260684899835	3.403641	0.9721996809	2.43144091	2	1	0.441085503342309	3	1	0.558914496657691	0.0364965552914214	0.0365944908480945	0.413207565208344	0.558277148858236	3	1	2	NA	NA	NA	NA	NA	NA	NA	NA	NA
19	102500	24387061	2	1	1	2	d	2	0.85	0.85	0.0681728214658	0.175085963197	2	1	1	1	0	0.124713159732616	1	1	0.875286840267384	0.00770676900409853	0.00775153406219104	0.124160622741311	0.153813584391179	2	1	1	NA	NA	NA	NA	NA	NA	NA	NA	NA
19	24387062	24399999	2	1	1	2	f	2	0.85	0.85	0.05	0.1	2	1	1	4	3	0.665276760003714	5	3	0.334723239996286	NA	0	0.665276760003714	0.665276760003714	3	1	2	NA	NA	NA	NA	NA	NA	NA	NA	NA
19	24400000	28599999	2	1	1	2	f	1	0.85	0.85	0.0650813039266	0.289656533725	4.325566	2.16278307365	2.16278307	NA	NA	NA	NA	NA	NA	NA	NA	NA	NA	3	1	2	NA	NA	NA	NA	NA	NA	NA	NA	NA
19	28600000	59128982	2	1	1	2	d	2	0.85	0.85	0.0624002274449	0.170335961292	2	1	1	1	0	0.0748278958395683	1	1	0.925172104160432	0.00652739874352002	0.00650348227751614	0.0814648202276667	0.106364730101729	2	1	1	NA	NA	NA	NA	NA	NA	NA	NA	NA
20	74347	25599999	2	1	1	2	d	2	0.78	0.78	0.0550085620016	0.132890097671	2	1	1	1	1	0.920870779594557	2	1	0.0791292204054431	0.0165044043205076	0.0164666780899638	0.88644495497564	0.952445666206294	2	1	1	NA	NA	NA	NA	NA	NA	NA	NA	NA
20	25600000	29399999	2	1	1	2	f	2	0.78	0.78	0.05	0.160264742539	2	1	1	1	1	0.920870779594557	2	1	0.0791292204054431	0.0165044043205076	0.0164666780899638	0.88644495497564	0.952445666206294	NA	NA	NA	NA	NA	NA	NA	NA	NA	NA	NA	NA
20	29400000	63025519	2	1	1	2	d	3	0.78	0.78	0.0604115153108	0.134843647133	2	1	1	1	1	1	NA	NA	NA	NA	NA	NA	NA	2	1	1	NA	NA	NA	NA	NA	NA	NA	NA	NA
21	1	9411193	NA	NA	NA	NA	NA	NA	NA	NA	NA	NA	NA	NA	NA	NA	NA	NA	NA	NA	NA	NA	NA	NA	NA	NA	NA	NA	NA	NA	NA	NA	NA	NA	NA	NA	NA
21	9411194	10899999	NA	NA	NA	NA	NA	NA	1	1	0.05	0.461792127564	NA	NA	NA	NA	NA	NA	NA	NA	NA	NA	NA	NA	NA	NA	NA	NA	NA	NA	NA	NA	NA	NA	NA	NA	NA
21	10900000	15273816	2	1	1	2	d	2	1	1	0.05	0.260645082416	NA	NA	NA	NA	NA	NA	NA	NA	NA	NA	NA	NA	NA	2	1	1	NA	NA	NA	NA	NA	NA	NA	NA	NA
21	15273817	48129894	2	1	1	2	d	4	1	1	0.0567773088381	0.16952914773	2	1	1	1	1	1	NA	NA	NA	NA	NA	NA	NA	2	1	1	NA	NA	NA	NA	NA	NA	NA	NA	NA
22	1	12199999	NA	NA	NA	NA	NA	NA	NA	NA	NA	NA	NA	NA	NA	NA	NA	NA	NA	NA	NA	NA	NA	NA	NA	NA	NA	NA	NA	NA	NA	NA	NA	NA	NA	NA	NA
22	12200000	17899999	3	2	1	2	d	2	1.72	1	0.0736165283614	0.220774036928	3.187925	1.07905402612	2.10887049	2	1	1	NA	NA	NA	NA	NA	NA	NA	3	1	2	NA	NA	NA	NA	NA	NA	NA	NA	NA
22	17900000	51304565	3	2	1	2	d	3	1.72	1	0.074819354517	0.209767112409	3	1	2	2	1	1	NA	NA	NA	NA	NA	NA	NA	3	1	2	NA	NA	NA	NA	NA	NA	NA	NA	NA
X	1	58099999	1	1	0	3	a	3	1	0	0.102802734876	0.237873415846	1	0	1	NA	NA	NA	NA	NA	NA	NA	NA	NA	NA	1	0	1	NA	NA	NA	NA	NA	NA	NA	NA	NA
X	58100000	62999999	1	1	0	2	d	2	1	0	0.05	0.347375753303	1.644487	0	1.644487	NA	NA	NA	NA	NA	NA	NA	NA	NA	NA	1	0	1	NA	NA	NA	NA	NA	NA	NA	NA	NA
X	63000000	155270559	1	1	0	2	d	2	1	0	0.137485490863	0.169615484746	1.11927	0	1.11927	NA	NA	NA	NA	NA	NA	NA	NA	NA	NA	1	0	1	NA	NA	NA	NA	NA	NA	NA	NA	NA
Y	1	11599999	0	0	0	1	h	1	NA	NA	NA	NA	0	0	0	NA	NA	NA	NA	NA	NA	NA	NA	NA	NA	NA	NA	NA	NA	NA	NA	NA	NA	NA	NA	NA	NA
Y	11600000	13399999	0	0	0	1	h	1	NA	NA	NA	NA	0	0	0	NA	NA	NA	NA	NA	NA	NA	NA	NA	NA	NA	NA	NA	NA	NA	NA	NA	NA	NA	NA	NA	NA
Y	13400000	59373565	0	0	0	1	h	1	NA	NA	NA	NA	0.197453	0	0.197453	NA	NA	NA	NA	NA	NA	NA	NA	NA	NA	NA	NA	NA	NA	NA	NA	NA	NA	NA	NA	NA	NA
