chromosome	start	end	total_cn	major_cn	minor_cn	star	level	methods_agree	absolute_broad_major_cn	absolute_broad_minor_cn	absolute_broad_het_error	absolute_broad_cov_error	aceseq_copy_number	aceseq_minor_cn	aceseq_major_cn	battenberg_nMaj1_A	battenberg_nMin1_A	battenberg_frac1_A	battenberg_nMaj2_A	battenberg_nMin2_A	battenberg_frac2_A	battenberg_SDfrac_A	battenberg_SDfrac_A_BS	battenberg_frac1_A_0.025	battenberg_frac1_A_0.975	clonehd_copy_number	clonehd_minor_cn	clonehd_major_cn	sclust_nMaj1_A	sclust_nMin1_A	sclust_frac1_A	sclust_nMaj2_A	sclust_nMin2_A	sclust_frac2_A	jabba_copy_number	jabba_minor_cn	jabba_major_cn
1	10001	1608959	2	1	1	2	d	2	1	1	0.0416463286909	0.681412481915	1.651194	0.825597272	0.8255973	1	0	0.0625940475564559	1	1	0.937405952443544	0.0119319567247645	0.0118136788340289	0.0428201632198628	0.0883741666800436	NA	NA	NA	1	1	1	NA	NA	NA	3	1	2
1	1608960	1627713	2	1	1	2	f	3	1	1	0.05	0.1	1.651194	0.825597272	0.8255973	1	0	1	NA	NA	NA	NA	NA	NA	NA	NA	NA	NA	1	1	1	NA	NA	NA	2	0	2
1	1627714	66131934	2	1	1	2	d	3	1	1	0.0478116716768	0.544977052136	1.766238	0.883118818	0.8831188	1	1	1	NA	NA	NA	NA	NA	NA	NA	NA	NA	NA	1	1	1	NA	NA	NA	3	1	2
1	66131935	70569983	2	1	1	2	d	2	1	1	0.0690479176999	0.650252002018	1.880209	0.940104585	0.9401046	1	0	0.11949772715323	1	1	0.88050227284677	0.00961477603503144	0.0091417299620772	0.122980516124666	0.157458698946375	NA	NA	NA	1	1	1	NA	NA	NA	1	0	1
1	70569984	72522499	2	1	1	2	d	3	1	1	0.0763715450136	0.794891469747	2.227218	1.113608962	1.113609	1	1	1	NA	NA	NA	NA	NA	NA	NA	NA	NA	NA	1	1	1	NA	NA	NA	1	0	1
1	72522500	72536962	2	1	1	2	f	3	1	1	0.05	0.1	2.227218	1.113608962	1.113609	0	0	1	NA	NA	NA	NA	NA	NA	NA	NA	NA	NA	1	1	1	NA	NA	NA	1	0	1
1	72536963	80263712	2	1	1	2	d	2	1	1	0.0700580526734	0.613646677129	1.843862	0.921930792	0.9219308	1	0	0.109539583223796	1	1	0.890460416776204	0.00776039865434554	0.00761794536326493	0.107478594633617	0.136711014022075	NA	NA	NA	1	1	1	NA	NA	NA	1	0	1
1	80263713	80333680	2	1	1	1	g	NA	1	1	0.0883769139194	0.696354603317	2.844421	0.9440812	1.9003399	2	1	1	NA	NA	NA	NA	NA	NA	NA	NA	NA	NA	1	1	1	NA	NA	NA	1	0	1
1	80333681	98567500	2	1	1	2	d	3	1	1	0.0627264803192	0.73962784926	2.123753	1.061876513	1.0618765	1	0	0.0795148974483881	1	1	0.920485102551612	0.0030130241380836	0.00307182217847656	0.0735375553495017	0.0851615070150004	NA	NA	NA	1	1	1	NA	NA	NA	2	1	1
1	98567501	121499999	2	1	1	2	d	4	1	1	0.0669379765449	0.621984914817	2	1	1	1	0	0.0795148974483881	1	1	0.920485102551612	0.0030130241380836	0.00307182217847656	0.0735375553495017	0.0851615070150004	NA	NA	NA	1	1	1	NA	NA	NA	2	1	1
1	121500000	128899999	2	1	1	2	d	4	1	1	0.05	0.1	2	1	1	NA	NA	NA	NA	NA	NA	NA	NA	NA	NA	NA	NA	NA	1	1	1	NA	NA	NA	2	1	1
1	128900000	238865864	2	1	1	2	d	4	1	1	0.0602452323622	0.54083078802	2	1	1	1	0	0.0571510868993699	1	1	0.94284891310063	0.00187836857896702	0.00187161190251194	0.0716210161558182	0.0788981326218662	NA	NA	NA	1	1	1	NA	NA	NA	2	1	1
1	238865865	243044002	2	1	1	2	d	3	0.89	0.89	0.0616987954055	0.531220399695	2	1	1	1	0	0.0796651514354863	1	1	0.920334848564514	0.00815665772371033	0.00791084516884546	0.0830103059141785	0.114373294366412	NA	NA	NA	1	1	1	NA	NA	NA	2	1	1
1	243044003	243503037	2	1	1	2	d	2	1	1	0.05	0.534373222976	3.296175	1.648087762	1.6480878	2	2	1	NA	NA	NA	NA	NA	NA	NA	NA	NA	NA	2	1	0.211139	1	1	0.788861	2	1	1
1	243503038	247247500	2	1	1	2	d	3	1	1	0.0464680093182	0.473328853281	2.42268	1.211339997	1.21134	1	1	1	NA	NA	NA	NA	NA	NA	NA	NA	NA	NA	2	1	0.211139	1	1	0.788861	2	1	1
1	247247501	247886715	2	1	1	2	f	3	NA	NA	NA	NA	2.465856	1.23292794	1.2329279	1	1	0.899548400845956	2	1	0.100451599154044	0.0239296632993369	0.0242914220177534	0.851944813042719	0.943665933740343	NA	NA	NA	NA	NA	NA	NA	NA	NA	2	1	1
1	247886716	247922715	2	1	1	2	d	2	NA	NA	NA	NA	1.893886	0.946942907	0.9469429	1	1	0.899548400845956	2	1	0.100451599154044	0.0239296632993369	0.0242914220177534	0.851944813042719	0.943665933740343	NA	NA	NA	1	1	1	NA	NA	NA	2	1	1
1	247922716	249250620	2	1	1	2	d	2	NA	NA	NA	NA	2.153074	1.076537018	1.076537	1	1	0.845355882507584	2	1	0.154644117492416	0.018411773686644	0.0195861492391739	0.751217476865724	0.826944664847095	NA	NA	NA	1	1	1	NA	NA	NA	2	1	1
2	54980	87500	2	1	1	2	d	4	1	1	0.05	0.1	2	1	1	1	1	1	NA	NA	NA	NA	NA	NA	NA	NA	NA	NA	1	1	1	NA	NA	NA	3	1	2
2	87501	590061	2	1	1	2	d	3	1	1	0.0372639495883	0.455356258269	2.631129	1.315564443	1.3155644	1	1	1	NA	NA	NA	NA	NA	NA	NA	NA	NA	NA	1	1	1	NA	NA	NA	3	1	2
2	590062	2691245	2	1	1	2	d	3	1	1	0.0468889794765	0.414369242746	2.26245	1.131225078	1.1312251	1	1	1	NA	NA	NA	NA	NA	NA	NA	NA	NA	NA	1	1	1	NA	NA	NA	3	1	2
2	2691246	2691935	2	1	1	2	d	2	1	1	0.05	0.1	2.26245	1.131225078	1.1312251	1	0	0.932853224873598	1	1	0.0671467751264015	NA	0	0.932853224873598	0.932853224873598	NA	NA	NA	1	1	1	NA	NA	NA	2	0	2
2	2691936	90499999	2	1	1	2	d	4	1	1	0.06243290619	0.659429993486	2	1	1	1	0	0.0685950973278898	1	1	0.93140490267211	0.00185028179331047	0.00188199461385484	0.0649547027388292	0.0722774180568513	NA	NA	NA	1	1	1	NA	NA	NA	2	1	1
2	90500000	96799999	2	1	1	2	d	4	1	1	0.05	0.622962696176	2	1	1	NA	NA	NA	NA	NA	NA	NA	NA	NA	NA	NA	NA	NA	1	1	1	NA	NA	NA	2	1	1
2	96800000	180773590	2	1	1	2	d	4	1	1	0.0641122759885	0.622354778342	2	1	1	1	0	0.0728434472824597	1	1	0.92715655271754	0.00205855336419872	0.00196987338237859	0.0690939222793321	0.0767037568190861	NA	NA	NA	1	1	1	NA	NA	NA	2	1	1
2	180773591	180822672	2	1	1	2	e	4	1	1	0.05	0.634100309452	1.61336	0.806680273	0.8066803	1	0	0.481140189855612	1	1	0.518859810144388	0.058654119978064	0.0570904307496374	0.333233657936136	0.55604422012953	NA	NA	NA	1	0	0.451281	1	1	0.548719	1	0	1
2	180822673	184510661	2	1	1	2	d	2	0.93	0.93	0.0766980520159	0.60891375143	2	1	1	1	0	0.0876316665790357	1	1	0.912368333420964	0.0114782498289328	0.0114950298319586	0.0897175698052346	0.133189747588404	NA	NA	NA	1	1	1	NA	NA	NA	1	0	1
2	184510662	242985493	2	1	1	2	d	4	0.93	0.93	0.0620529821122	0.585662173573	2	1	1	1	1	1	NA	NA	NA	NA	NA	NA	NA	NA	NA	NA	1	1	1	NA	NA	NA	2	1	1
3	101192	239566	1	1	0	2	d	2	1.11	0	0.145490940274	0.233708947083	0.74501	0.074259154	0.670751	1	0	1	NA	NA	NA	NA	NA	NA	NA	NA	NA	NA	0	0	1	NA	NA	NA	1	0	1
3	239567	2693688	1	1	0	2	d	2	1.11	0	0.104684546321	0.593250272559	1.239528	0.19243661	1.0470914	0	0	0.0958843787791139	1	0	0.904115621220886	0.0327330272184774	0.021377543285274	0.34537669048874	0.430407893683767	NA	NA	NA	1	0	1	NA	NA	NA	1	0	1
3	2693689	2883942	1	1	0	2	d	3	1.07	0	0.0673963987729	0.31037874567	1.66867	0.225340581	1.4433297	1	0	1	NA	NA	NA	NA	NA	NA	NA	NA	NA	NA	1	0	1	NA	NA	NA	1	0	1
3	2883943	85642500	1	1	0	2	d	3	1.07	0	0.0888749773681	0.422476562287	1.041014	0.101799398	0.939215	1	0	1	NA	NA	NA	NA	NA	NA	NA	NA	NA	NA	1	0	1	NA	NA	NA	1	0	1
3	85642501	87899999	1	1	0	2	d	3	1.07	0	0.102853192724	0.406283745486	1.363027	0.182950306	1.1800771	1	0	1	NA	NA	NA	NA	NA	NA	NA	NA	NA	NA	1	0	1	NA	NA	NA	1	0	1
3	87900000	93899999	NA	NA	NA	NA	NA	NA	1.07	0	0.0978162201189	0.691767675975	1.342842	0.178913332	1.1639292	NA	NA	NA	NA	NA	NA	NA	NA	NA	NA	NA	NA	NA	1	0	1	NA	NA	NA	1	0	1
3	93900000	93920253	4	2	2	2	f	0	2	1	0.05	0.1	1.342842	0.178913332	1.1639292	4	2	1	NA	NA	NA	NA	NA	NA	NA	NA	NA	NA	3	2	1	NA	NA	NA	1	0	1
3	93920254	94083320	3	2	1	1	g	NA	2	1	0.0620433434489	0.602660656294	1.524936	0.542355841	0.9825802	1	0	0.536801308363724	1	1	0.463198691636276	0.024630752259479	0.0245583893273051	0.484981835714109	0.580202687188773	NA	NA	NA	1	0	0.526407	1	1	0.473593	1	0	1
3	94083321	94321642	2	1	1	2	e	3	1.61	1.61	0.05	1.05309079904	2.733492	0.982892975	1.7505994	1	1	0.144693813327329	2	1	0.855306186672671	0.0306475931638144	0.0318112932914685	0.0798297793621543	0.206084671523299	NA	NA	NA	2	1	0.81003	1	1	0.18997	1	0	1
3	94321643	94926388	3	2	1	2	d	2	2	1	0.0768454914888	0.732386276358	2.859632	1.035005811	1.8246265	1	1	0.144693813327329	2	1	0.855306186672671	0.0306475931638144	0.0318112932914685	0.0798297793621543	0.206084671523299	NA	NA	NA	2	1	1	NA	NA	NA	1	0	1
3	94926389	94969847	1	1	0	2	e	4	2	1	0.05	0.1	1.763589	0.640803096	1.1227864	1	0	0.573831725314494	1	1	0.426168274685506	0.0465208794035414	0.0459392479471034	0.453015996769112	0.628764136172395	NA	NA	NA	1	0	0.48959	1	1	0.51041	1	0	1
3	94969848	95550438	3	2	1	2	e	3	2.27	1	0.0519315777305	0.931727429365	3.58512	1.255415008	2.3297046	3	1	0.402277884059263	3	2	0.597722115940737	0.0563311063835671	0.0562172743886603	0.22531646038241	0.446540911490847	NA	NA	NA	2	1	1	NA	NA	NA	2	1	1
3	95550439	95660000	3	2	1	2	f	2	2.27	1	0.05	1.21720608459	3.58512	1.255415008	2.3297046	4	4	1	NA	NA	NA	NA	NA	NA	NA	NA	NA	NA	3	2	1	NA	NA	NA	2	1	1
3	95660001	95907869	3	2	1	2	d	2	2.27	1	0.05	0.99573624608	3.389726	1.133557717	2.2561678	2	1	1	NA	NA	NA	NA	NA	NA	NA	NA	NA	NA	2	1	1	NA	NA	NA	2	1	1
3	95907870	95953863	3	2	1	2	f	3	2	1	0.05	0.1	3.389726	1.133557717	2.2561678	4	2	1	NA	NA	NA	NA	NA	NA	NA	NA	NA	NA	2	1	1	NA	NA	NA	2	1	1
3	95953864	96160231	3	2	1	2	d	2	2	1	0.05	0.698775947969	2.500776	0.892296104	1.6084796	2	1	1	NA	NA	NA	NA	NA	NA	NA	NA	NA	NA	NA	NA	NA	NA	NA	NA	2	1	1
3	96160232	96219993	7	4	3	2	f	2	2	1	0.05	0.693800011341	6.303733	2.374458652	3.9292745	5	3	1	NA	NA	NA	NA	NA	NA	NA	NA	NA	NA	4	3	0.448542	4	2	0.551458	2	1	1
3	96219994	96503619	3	2	1	2	e	4	2.27	1	0.05	0.782245402666	3.334236	1.20246185	2.1317738	2	1	0.890182691802124	2	2	0.109817308197876	0.0298547624234242	0.0288565036822232	0.841794901213655	0.953285203951374	NA	NA	NA	2	1	1	NA	NA	NA	2	1	1
3	96503620	96559998	3	2	1	2	f	2	2.27	1	0.05	3.68507652247	3.334236	1.20246185	2.1317738	5	3	1	NA	NA	NA	NA	NA	NA	NA	NA	NA	NA	3	2	1	NA	NA	NA	2	1	1
3	96559999	96971074	3	2	1	2	e	4	2.27	1	0.0510715539087	1.0850610054	2.552954	0.901239601	1.6517145	2	1	1	NA	NA	NA	NA	NA	NA	NA	NA	NA	NA	2	1	0.937142	1	1	0.0628576	2	1	1
3	96971075	97069110	3	2	1	2	d	3	2	1	0.05	0.861154601687	3.859392	1.352633864	2.5067584	2	1	1	NA	NA	NA	NA	NA	NA	NA	NA	NA	NA	2	1	1	NA	NA	NA	2	1	1
3	97069111	97312721	3	2	1	2	d	3	2	1	0.084595193592	1.01218224346	3.150082	1.176722959	1.9733587	2	1	1	NA	NA	NA	NA	NA	NA	NA	NA	NA	NA	2	1	1	NA	NA	NA	2	1	1
3	97312722	97390303	2	1	1	2	d	2	3	1	0.05	0.696975404104	2.668997	1.051386648	1.6176104	1	1	1	NA	NA	NA	NA	NA	NA	NA	NA	NA	NA	2	1	0.616764	1	1	0.383236	2	1	1
3	97390304	97628199	3	2	1	2	e	4	2.22	1.22	0.0609457938451	0.854102625851	3.347772	1.201175752	2.1465965	1	1	0.300346550176308	2	1	0.699653449823692	0.050716341327714	0.0505024514322527	0.196119222194815	0.401010305046126	NA	NA	NA	2	1	1	NA	NA	NA	2	1	1
3	97628200	97889933	3	2	1	2	e	4	2.22	1.22	0.084293929278	0.922753378017	2.548701	0.918406556	1.6302945	1	1	0.300346550176308	2	1	0.699653449823692	0.050716341327714	0.0505024514322527	0.196119222194815	0.401010305046126	NA	NA	NA	2	1	0.899382	1	1	0.100618	2	1	1
3	97889934	97992425	2	1	1	2	e	4	1.46	1.46	0.05	0.502993541917	2.144713	0.781456208	1.3632571	1	0	0.492928124507071	1	1	0.507071875492929	0.0205406026679187	0.0208376068250564	0.456881710654495	0.53917221734291	NA	NA	NA	1	0	0.526407	1	1	0.473593	2	1	1
3	97992426	98184093	3	2	1	2	d	2	2	1	0.0772319101055	0.707185693281	2.541205	0.883321996	1.6578825	2	1	1	NA	NA	NA	NA	NA	NA	NA	NA	NA	NA	2	1	0.987086	1	1	0.0129135	2	1	1
3	98184094	98308944	4	2	2	2	f	0	2	1	0.05	0.581074507218	4.665257	1.637653417	3.0276035	3	2	1	NA	NA	NA	NA	NA	NA	NA	NA	NA	NA	3	2	0.498776	3	1	0.501224	2	1	1
3	98308945	98486990	3	2	1	2	d	3	2	1	0.05	0.732231264885	3.260207	1.132191065	2.1280164	2	1	1	NA	NA	NA	NA	NA	NA	NA	NA	NA	NA	2	1	1	NA	NA	NA	2	1	1
3	98486991	98582799	3	2	1	2	d	2	2	1	0.05	0.756347561699	2.884158	1.067607293	1.8165504	2	1	0.921803820789712	2	2	0.0781961792102877	0.0462661409895704	0.046331427670562	0.792790877745581	0.980974498427101	NA	NA	NA	2	1	1	NA	NA	NA	2	1	1
3	98582800	98736554	3	2	1	1	g	NA	2	1	0.106730330347	0.718541844293	3.726816	1.053046603	2.6737696	3	1	1	NA	NA	NA	NA	NA	NA	NA	NA	NA	NA	3	1	1	NA	NA	NA	2	1	1
3	98736555	98758773	3	2	1	2	d	2	2	1	0.05	0.1	2.716736	1.027388956	1.689347	2	1	1	NA	NA	NA	NA	NA	NA	NA	NA	NA	NA	2	1	0.899382	1	1	0.100618	2	1	1
3	98758774	98782500	3	2	1	2	f	2	3	3	0.05	0.1	2.765656	0.872076875	1.893579	2	0	0.157237499342764	2	1	0.842762500657236	0.0642745617088669	0.063596933721991	0.00854738110443883	0.264436841273251	NA	NA	NA	2	1	0.899382	1	1	0.100618	2	1	1
3	98782501	99455610	3	2	1	1	g	NA	2	1	0.0888965478645	0.831047828168	1.909288	0.65881001	1.2504779	1	0	0.575082811924917	1	1	0.424917188075083	0.0161085980594434	0.0163762006575768	0.513793407105879	0.576887410717825	NA	NA	NA	1	0	0.597129	1	1	0.402871	2	1	1
3	99455611	99674403	3	2	1	2	f	3	2	2	0.05	0.922384101675	3.53109	1.394905431	2.1361842	2	1	1	NA	NA	NA	NA	NA	NA	NA	NA	NA	NA	2	1	1	NA	NA	NA	2	1	1
3	99674404	99911402	3	2	1	2	d	2	2.27	1	0.0551284631811	0.669202531675	2.469588	0.857612407	1.6119752	2	1	1	NA	NA	NA	NA	NA	NA	NA	NA	NA	NA	2	1	1	NA	NA	NA	2	1	1
3	99911403	100168350	3	2	1	2	e	4	2.27	1	0.05	0.922820890883	2.469588	0.857612407	1.6119752	2	1	1	NA	NA	NA	NA	NA	NA	NA	NA	NA	NA	2	2	0.0445363	2	1	0.955464	2	1	1
3	100168351	100303067	3	2	1	2	d	3	2	1	0.0808514442398	0.726023912877	2.603803	0.880548424	1.7232542	2	1	1	NA	NA	NA	NA	NA	NA	NA	NA	NA	NA	2	1	1	NA	NA	NA	2	1	1
3	100303068	100318236	3	2	1	2	f	3	2	1	0.05	0.1	2.603803	0.880548424	1.7232542	3	2	1	NA	NA	NA	NA	NA	NA	NA	NA	NA	NA	2	1	1	NA	NA	NA	2	1	1
3	100318237	100451779	2	1	1	1	g	NA	1.61	1.61	0.0542050500454	0.77168558727	3.668767	1.425952206	2.2428146	2	1	0.86792812450707	2	2	0.13207187549293	0.0482625272093626	0.0451040958269752	0.776652594138117	0.955424476854572	NA	NA	NA	2	2	0.211433	2	1	0.788567	2	1	1
3	100451780	101137576	3	2	1	2	d	2	2	1	0.0773072625262	0.967031421948	2.345388	0.820128974	1.5252593	2	1	1	NA	NA	NA	NA	NA	NA	NA	NA	NA	NA	2	1	0.987086	1	1	0.0129135	2	1	1
3	101137577	101586860	3	2	1	1	g	NA	2	1	0.05	0.932936671951	3.955076	1.434153242	2.5209228	3	1	0.341573213753664	3	2	0.658426786246336	0.0343071744138149	0.035107826190334	0.242631997048348	0.374613770132032	NA	NA	NA	2	1	0.987086	1	1	0.0129135	2	1	1
3	101586861	101959970	3	2	1	1	g	NA	2	1	0.0692839612944	0.525720366915	2.176096	0.757049203	1.4190472	1	0	0.622646052008931	1	1	0.377353947991069	0.0265048323452898	0.0284659110858707	0.512972385756764	0.624342493293804	NA	NA	NA	NA	NA	NA	NA	NA	NA	2	1	1
3	101959971	101973695	3	2	1	1	g	NA	2	1	0.05	0.1	2.176096	0.757049203	1.4190472	3	2	0.747906967924222	4	2	0.252093032075778	0.215441381874154	0.232980254123637	0.0175869249373205	0.903855700945673	NA	NA	NA	4	3	0.47407	4	2	0.52593	2	1	1
3	101973696	102249999	3	2	1	2	f	3	2	1	0.05	1.08655329465	3.514151	1.319045405	2.1951058	1	1	1	NA	NA	NA	NA	NA	NA	NA	NA	NA	NA	2	1	1	NA	NA	NA	2	1	1
3	102250000	102465694	2	1	1	2	e	4	2	1	0.0748550983657	0.541144685348	1.492697	0.51411073	0.9785859	1	0	0.535526851316325	1	1	0.464473148683675	0.0310484951009433	0.0310528500227736	0.472880797584549	0.59533789723418	NA	NA	NA	1	0	0.567188	1	1	0.432812	2	1	1
3	102465695	102763716	3	2	1	1	g	NA	2	1	0.095216947882	0.949041918952	2.259948	0.828938859	1.4310091	1	0	0.511184721711038	1	1	0.488815278288962	0.0236462576376408	0.0246818690289457	0.444961367956003	0.541988793278528	NA	NA	NA	1	0	0.526407	1	1	0.473593	2	1	1
3	102763717	102863085	3	2	1	2	d	3	2	1	0.105612410934	0.823518361156	3.053772	1.127764295	1.9260078	2	1	1	NA	NA	NA	NA	NA	NA	NA	NA	NA	NA	2	1	1	NA	NA	NA	2	1	1
3	102863086	102916655	5	3	2	2	f	3	2.27	1.17	0.05	0.1	4.592198	1.776064384	2.8161333	3	2	0.561361028189508	4	2	0.438638971810492	0.101518138021547	0.106869498901076	0.342379116951838	0.77209674058139	NA	NA	NA	3	2	1	NA	NA	NA	2	1	1
3	102916656	102984234	5	3	2	2	f	3	2.27	1.17	0.05	0.1	4.592198	1.776064384	2.8161333	3	2	0.561361028189508	4	2	0.438638971810492	0.101518138021547	0.106869498901076	0.342379116951838	0.77209674058139	NA	NA	NA	3	2	1	NA	NA	NA	2	1	1
3	102984235	103190392	3	2	1	2	f	3	2.27	1.17	0.05	1.22081553101	4.038324	1.389572241	2.648752	3	1	0.47309999941579	3	2	0.52690000058421	0.0559844025466936	0.0555277162058253	0.327084753068594	0.542728197844014	NA	NA	NA	2	1	1	NA	NA	NA	2	1	1
3	103190393	103459550	3	2	1	2	d	2	2.27	1.17	0.106126661285	1.52011328888	2.944431	1.080785062	1.8636462	2	1	1	NA	NA	NA	NA	NA	NA	NA	NA	NA	NA	2	1	1	NA	NA	NA	2	1	1
3	103459551	103499970	3	2	1	1	g	NA	2.27	1.17	0.05	0.1	2.944431	1.080785062	1.8636462	5	3	1	NA	NA	NA	NA	NA	NA	NA	NA	NA	NA	2	1	1	NA	NA	NA	2	1	1
3	103499971	103689622	3	2	1	2	d	2	2.27	1.17	0.05	1.20268475005	3.465848	1.17929188	2.2865562	2	1	1	NA	NA	NA	NA	NA	NA	NA	NA	NA	NA	2	1	1	NA	NA	NA	2	1	1
3	103689623	103800354	3	2	1	2	d	2	2.27	1.17	0.05	0.767311614593	3.545826	1.26496979	2.2808565	2	1	1	NA	NA	NA	NA	NA	NA	NA	NA	NA	NA	2	1	1	NA	NA	NA	2	1	1
3	103800355	103892996	3	2	1	2	d	2	2.27	1.17	0.0815137797321	0.666533888819	3.345403	1.217169621	2.1282329	2	1	1	NA	NA	NA	NA	NA	NA	NA	NA	NA	NA	2	1	1	NA	NA	NA	2	1	1
3	103892997	103920007	8	5	3	2	f	2	2.27	1.17	0.05	0.1	6.976115	2.393511757	4.5826029	7	3	0.186503959823398	7	4	0.813496040176602	0.159237456481818	0.151508715509611	0.0390507877731034	0.646767050685214	NA	NA	NA	5	3	1	NA	NA	NA	2	1	1
3	103920008	104090320	4	3	1	2	e	0	2.27	1.17	0.0804758244106	0.903918496619	2.442931	0.860704644	1.582226	2	1	1	NA	NA	NA	NA	NA	NA	NA	NA	NA	NA	1	0	0.564151	1	1	0.435849	2	1	1
3	104090321	104121324	1	1	0	1	g	1	3	0	0.05	0.1	2.442931	0.860704644	1.582226	1	0	0.792962389695147	1	1	0.207037610304853	0.0665525429309535	0.0708362348921375	0.585162281667826	0.871784254372517	NA	NA	NA	1	0	0.665603	1	1	0.334397	2	1	1
3	104121325	104139003	3	2	1	2	f	2	2.17	1.17	0.05	0.1	NA	NA	NA	3	2	1	NA	NA	NA	NA	NA	NA	NA	NA	NA	NA	2	1	0.946717	1	1	0.0532828	2	1	1
3	104139004	104618135	3	2	1	2	e	4	2.17	1.17	0.0742740215439	0.772583479292	2.641325	0.927948841	1.713376	2	1	1	NA	NA	NA	NA	NA	NA	NA	NA	NA	NA	2	1	0.946717	1	1	0.0532828	2	1	1
3	104618136	104662667	3	2	1	2	f	2	2.17	1.17	0.05	0.1	4.217575	1.413952737	2.8036221	4	2	1	NA	NA	NA	NA	NA	NA	NA	NA	NA	NA	3	2	0.475484	3	1	0.524516	2	1	1
3	104662668	105050039	3	2	1	2	e	4	2.17	1.17	0.0920794993538	1.1762953527	3.280345	1.214077821	2.0662673	2	1	0.909258035197883	2	2	0.0907419648021166	0.0474455091662886	0.0489669164355014	0.770884816572009	0.95916423571974	NA	NA	NA	2	1	1	NA	NA	NA	2	1	1
3	105050040	105127898	6	4	2	2	f	3	2.17	1.17	0.05	0.944224115631	4.902361	1.785124607	3.1172359	4	2	0.797697916118968	4	3	0.202302083881032	0.125227510659246	0.126813575888677	0.400699314244126	0.899824543658249	NA	NA	NA	4	2	0.682979	3	2	0.317021	2	1	1
3	105127899	105851060	3	2	1	2	e	4	2.17	1.17	0.0773483538633	1.06474145165	3.546439	1.318139694	2.2282993	2	1	1	NA	NA	NA	NA	NA	NA	NA	NA	NA	NA	2	2	0.036913	2	1	0.963087	2	1	1
3	105851061	106176639	3	2	1	2	d	2	2.17	1.17	0.0863377117455	1.52014555317	3.415373	1.327626339	2.0877465	2	1	1	NA	NA	NA	NA	NA	NA	NA	NA	NA	NA	2	1	1	NA	NA	NA	2	1	1
3	106176640	106286158	3	2	1	2	e	4	2.17	1.17	0.05	0.808962732302	4.240036	1.44759034	2.7924456	2	1	1	NA	NA	NA	NA	NA	NA	NA	NA	NA	NA	3	1	0.0814536	2	1	0.918546	2	1	1
3	106286159	106299021	3	2	1	2	f	2	2.17	1.17	0.05	0.1	4.240036	1.44759034	2.7924456	3	3	1	NA	NA	NA	NA	NA	NA	NA	NA	NA	NA	1	0	0.633186	1	1	0.366814	2	1	1
3	106299022	106351610	2	1	1	2	e	4	2.17	1.17	0.05	0.527475898404	1.77216	0.886080094	0.8860801	1	0	0.508379734590957	1	1	0.491620265409043	0.0378802428617461	0.0358685439565198	0.424200984079599	0.567193168302726	NA	NA	NA	1	0	0.633186	1	1	0.366814	2	1	1
3	106351611	106486633	4	2	2	2	f	1	2	2	0.05	0.543081264967	4.825723	1.757392773	3.0683302	4	2	1	NA	NA	NA	NA	NA	NA	NA	NA	NA	NA	3	2	0.650529	3	1	0.349471	2	1	1
3	106486634	106689792	3	2	1	2	f	3	2	1	0.0807796476548	0.824369226772	3.969925	1.451365608	2.5185595	3	1	0.350341666131139	3	2	0.649658333868861	0.0473658507483066	0.0485284753062829	0.2268458930761	0.413744249310014	NA	NA	NA	2	2	0.0820307	2	1	0.917969	2	1	1
3	106689793	106973556	3	2	1	2	d	2	2	1.07	0.0820826658545	0.886857364987	2.739944	0.962328808	1.7776151	2	1	1	NA	NA	NA	NA	NA	NA	NA	NA	NA	NA	2	1	1	NA	NA	NA	2	1	1
3	106973557	107002934	3	2	1	2	e	3	2	1.07	0.05	0.1	2.739944	0.962328808	1.7776151	1	0	0.5842111105269	1	1	0.4157888894731	0.0655002848521063	0.0599813945070041	0.461153602463581	0.687857445801562	NA	NA	NA	2	1	0.682167	1	1	0.317833	2	1	1
3	107002935	107105416	3	2	1	2	e	4	2	1.07	0.0841025784614	0.916855159521	2.345977	0.880363828	1.4656128	1	1	0.215593486932501	2	1	0.784406513067499	0.0309179842270939	0.0300968934528157	0.151476535599709	0.271445660832207	NA	NA	NA	2	1	0.682167	1	1	0.317833	2	1	1
3	107105417	108290713	3	2	1	2	e	4	2	1.07	0.0687031830097	0.82667634981	2.577797	0.952269506	1.6255274	1	1	0.215593486932501	2	1	0.784406513067499	0.0309179842270939	0.0300968934528157	0.151476535599709	0.271445660832207	NA	NA	NA	2	1	0.840916	1	1	0.159084	2	1	1
3	108290714	108317758	3	2	1	2	f	2	2	1	0.05	0.1	2.577797	0.952269506	1.6255274	3	3	1	NA	NA	NA	NA	NA	NA	NA	NA	NA	NA	3	2	0.394209	3	1	0.605791	2	1	1
3	108317759	108605043	3	2	1	2	d	3	2	1	0.0587994288596	0.630272850498	2.761647	0.998261402	1.7633859	2	1	1	NA	NA	NA	NA	NA	NA	NA	NA	NA	NA	2	1	1	NA	NA	NA	2	1	1
3	108605044	108624403	3	2	1	1	g	NA	2	1	0.05	0.1	4.854227	1.807439578	3.0467873	3	2	0.485000461239887	4	2	0.514999538760113	0.141156335685206	0.144285288447555	0.0495401902650821	0.61677628283791	NA	NA	NA	3	2	0.631403	3	1	0.368597	2	1	1
3	108624404	110296050	3	2	1	2	d	2	2	1	0.106479462886	1.07642739874	2.855042	1.022020346	1.8330212	1	1	0.132071668008718	2	1	0.867928331991282	0.00399023373124519	0.00394324969765905	0.124456234928576	0.139472456071549	NA	NA	NA	2	1	1	NA	NA	NA	2	1	1
3	110296051	110327500	2	1	1	2	e	4	2	1	0.05	0.1	2.794341	1.019113721	1.7752272	1	1	0.132071668008718	2	1	0.867928331991282	0.00399023373124519	0.00394324969765905	0.124456234928576	0.139472456071549	NA	NA	NA	2	1	0.92711	1	1	0.0728899	2	1	1
3	110327501	117353443	3	2	1	2	e	3	2.07	1.11	0.0806114206109	1.15972412668	2.863341	1.013144975	1.8501956	1	1	0.132071668008718	2	1	0.867928331991282	0.00399023373124519	0.00394324969765905	0.124456234928576	0.139472456071549	NA	NA	NA	2	1	1	NA	NA	NA	2	1	1
3	117353444	180207966	3	2	1	2	e	3	2.07	1.07	0.0714726480111	0.898168343219	2.939533	1.046285565	1.8932474	1	1	0.132071668008718	2	1	0.867928331991282	0.00399023373124519	0.00394324969765905	0.124456234928576	0.139472456071549	NA	NA	NA	2	1	1	NA	NA	NA	2	1	1
3	180207967	180232289	2	1	1	2	d	2	4	0	0.05	0.1	2.939533	1.046285565	1.8932474	1	1	1	NA	NA	NA	NA	NA	NA	NA	NA	NA	NA	1	0	0.567188	1	1	0.432812	2	1	1
3	180232290	190559968	3	2	1	2	d	4	2	1	0.066080569694	0.832366608169	2.917067	1.035386638	1.8816809	2	1	1	NA	NA	NA	NA	NA	NA	NA	NA	NA	NA	2	1	1	NA	NA	NA	3	1	2
3	190559969	196817500	3	2	1	2	d	4	2	1	0.0623909568999	0.796534321319	3.169798	1.130270242	2.0395276	2	1	1	NA	NA	NA	NA	NA	NA	NA	NA	NA	NA	2	1	1	NA	NA	NA	3	1	2
3	196817501	197008692	3	2	1	2	d	3	2	1	0.063977317716	0.700544710291	4.294392	1.533594874	2.7607971	2	1	1	NA	NA	NA	NA	NA	NA	NA	NA	NA	NA	3	2	0.570115	3	1	0.429885	3	1	2
3	197008693	197822500	3	2	1	2	d	3	2	1	0.0506463588512	0.70458300775	3.10443	1.091396936	2.013033	2	1	1	NA	NA	NA	NA	NA	NA	NA	NA	NA	NA	3	1	0.00753885	2	1	0.992461	3	1	2
4	273887	30840014	1	1	0	2	d	4	1.11	0	0.0831737141967	0.405229622732	1	0	1	1	0	1	NA	NA	NA	NA	NA	NA	NA	NA	NA	NA	1	0	1	NA	NA	NA	1	0	1
4	30840015	30980227	1	1	0	2	d	3	1.11	0	0.05	0.276056621351	1.175847	0.069348581	1.1064988	1	0	1	NA	NA	NA	NA	NA	NA	NA	NA	NA	NA	1	0	1	NA	NA	NA	1	0	1
4	30980228	48199999	1	1	0	2	d	3	1.11	0	0.0862774341823	0.423457255167	1.258465	0.103112445	1.155353	1	0	1	NA	NA	NA	NA	NA	NA	NA	NA	NA	NA	1	0	1	NA	NA	NA	1	0	1
4	48200000	52705387	1	1	0	2	d	3	1	0	0.0857070165143	0.62332227773	1.125429	0.084063233	1.0413662	NA	NA	NA	NA	NA	NA	NA	NA	NA	NA	NA	NA	NA	1	0	1	NA	NA	NA	1	0	1
4	52705388	74969458	1	1	0	2	d	2	1.17	0	0.101215184828	0.480722811103	1.152979	0.09804559	1.054933	0	0	0.106793372766714	1	0	0.893206627233286	0.0105240113441583	0.0107960120204051	0.0849730503937965	0.128429541226809	NA	NA	NA	1	0	1	NA	NA	NA	1	0	1
4	74969459	86402500	1	1	0	2	d	3	1.17	0	0.0890565265283	0.438733888104	1	0	1	1	0	0.663481255586518	2	0	0.336518744413482	0.0160343158432202	0.0138953715369645	0.776937731902465	0.832351227085096	NA	NA	NA	1	0	1	NA	NA	NA	1	0	1
4	86402501	86473894	1	1	0	2	e	4	0.54	0	0.119907845509	0.329373087511	1.333279	0.458845023	0.8744334	0	0	0.779867500920132	1	0	0.220132499079868	0.0370058220364063	0.0494695084191188	0.551640357176985	0.744018156958173	NA	NA	NA	1	0	0.726893	1	1	0.273107	1	0	1
4	86473895	184440575	1	1	0	2	d	2	1.17	0	0.0923316141659	0.483726699356	1.226592	0.104815199	1.1217771	1	0	0.742100005257903	2	0	0.257899994742097	0.00549822267860534	0.00467726496620003	0.860179956585834	0.878653627809794	NA	NA	NA	1	0	1	NA	NA	NA	1	0	1
4	184440576	188319983	1	1	0	2	d	2	1	0	0.0625166939117	0.318039315525	1.474446	0.138136279	1.3363095	1	0	0.882177579068705	2	0	0.117822420931295	0.0155235724836499	0.01547614034914	0.850192687882677	0.911138106891707	NA	NA	NA	1	0	1	NA	NA	NA	2	0	2
4	188319984	190258731	1	1	0	2	e	4	1.17	0	0.067203438215	0.325986041558	1.776209	0.196418036	1.5797913	1	0	0.882177579068705	2	0	0.117822420931295	0.0155235724836499	0.01547614034914	0.850192687882677	0.911138106891707	NA	NA	NA	2	0	0.400002	1	0	0.599998	2	0	2
4	190258732	190379163	1	1	0	2	d	3	1	0	0.0814412036318	0.2910185273	1.440467	0.142690835	1.297776	1	0	1	NA	NA	NA	NA	NA	NA	NA	NA	NA	NA	1	0	1	NA	NA	NA	2	0	2
4	190379164	190789625	1	1	0	2	d	2	1.27	0	0.0919223042816	0.357880092033	1.529915	0.155368999	1.3745461	1	0	1	NA	NA	NA	NA	NA	NA	NA	NA	NA	NA	1	0	1	NA	NA	NA	2	0	2
5	1	36499359	5	4	1	2	d	3	3.61	0.89	0.0539211628984	1.22386106659	5	1	4	4	1	1	NA	NA	NA	NA	NA	NA	NA	NA	NA	NA	4	1	1	NA	NA	NA	4	1	3
5	36499360	36558290	4	3	1	2	d	2	3	1	0.05	1.0463529289	2.807628	0.652670707	2.1549571	2	0	0.356761206125999	2	1	0.643238793874001	0.0652759063714716	0.067912665281385	0.0993591634933479	0.359756356133864	NA	NA	NA	2	0	0.386239	2	1	0.613761	4	1	3
5	36558291	36798657	5	4	1	2	d	3	4	1	0.0397752489438	1.75405052661	4.692964	1.00484168	3.6881224	4	1	1	NA	NA	NA	NA	NA	NA	NA	NA	NA	NA	4	1	1	NA	NA	NA	4	1	3
5	36798658	36839580	4	3	1	2	e	4	4	1	0.05	0.1	4.692964	1.00484168	3.6881224	3	0	0.482110609261734	3	1	0.517889390738266	0.0578213761486438	0.0583882037405916	0.316875582267628	0.546292452849057	NA	NA	NA	3	0	0.42539	3	1	0.57461	4	1	3
5	36839581	38778204	5	4	1	2	d	2	4	1	0.0528440552131	1.25704590983	4.844614	1.034302696	3.8103118	4	1	1	NA	NA	NA	NA	NA	NA	NA	NA	NA	NA	5	1	0.179461	4	1	0.820539	4	1	3
5	38778205	39942536	5	4	1	2	d	2	4	1	0.0539449101682	1.19446635028	5.58083	1.207423974	4.3734056	4	1	1	NA	NA	NA	NA	NA	NA	NA	NA	NA	NA	5	1	0.111065	4	1	0.888935	4	1	3
5	39942537	39987641	5	4	1	2	d	2	4	1	0.05	0.1	5.58083	1.207423974	4.3734056	4	1	1	NA	NA	NA	NA	NA	NA	NA	NA	NA	NA	5	1	0.111065	4	1	0.888935	3	0	3
5	39987642	40031266	3	2	1	2	f	1	4	1	0.05	0.1	3.495791	0.715674328	2.7801166	3	0	0.278701561596299	3	1	0.721298438403701	0.0536908990203242	0.0538799555628612	0.19291404462366	0.398687753535617	NA	NA	NA	2	0	0.618429	2	1	0.381571	3	0	3
5	40031267	40114744	6	5	1	2	f	3	NA	NA	NA	NA	6.810072	1.737510984	5.0725611	5	1	0.542983332457018	5	2	0.457016667542982	0.0504295565412322	0.0490261664403702	0.414916764035232	0.611196271300793	NA	NA	NA	5	2	0.468506	5	1	0.531494	3	0	3
5	40114745	40277499	5	4	1	2	d	2	4.42	1	0.0461224188681	1.71297419334	4.90898	1.090534348	3.8184455	4	1	1	NA	NA	NA	NA	NA	NA	NA	NA	NA	NA	4	1	1	NA	NA	NA	3	0	3
5	40277500	40862500	5	4	1	2	d	2	3.61	1	0.0490992624818	1.01431920684	4.199637	0.897803374	3.3018341	4	1	1	NA	NA	NA	NA	NA	NA	NA	NA	NA	NA	4	1	1	NA	NA	NA	3	0	3
5	40862501	41625035	3	3	0	2	e	4	3.61	0.78	0.0706325609583	1.25315980522	3.856754	0.753967038	3.1027871	3	0	0.400814922977732	3	1	0.599185077022268	0.0163455172723169	0.0161092734522282	0.402222776156879	0.46488294852266	NA	NA	NA	3	0	0.435893	3	1	0.564107	3	0	3
5	41625036	41656528	5	4	1	2	d	2	4	1	0.05	0.1	3.856754	0.753967038	3.1027871	1	0	0.87631666579035	1	1	0.12368333420965	0.15541005529926	0.243434197422878	-0.128304110999254	0.834799171124124	NA	NA	NA	4	1	1	NA	NA	NA	3	0	3
5	41656529	42038763	5	4	1	2	d	3	4	1	0.0356224268139	0.990797377959	4.804366	1.051331472	3.7530342	4	1	1	NA	NA	NA	NA	NA	NA	NA	NA	NA	NA	4	1	1	NA	NA	NA	3	0	3
5	42038764	43177500	5	4	1	2	f	3	4	1	0.0657867682849	1.16675185829	5.325001	1.169561666	4.1554397	5	1	0.697026086042108	5	2	0.302973913957892	0.0281752241580251	0.0290525446382377	0.628000089212085	0.736446444054602	NA	NA	NA	5	1	0.033634	4	1	0.966366	3	0	3
5	43177501	43348120	5	4	1	2	f	3	3	1	0.0474718247922	1.59256502604	4.146694	0.91944871	3.2272448	4	1	1	NA	NA	NA	NA	NA	NA	NA	NA	NA	NA	4	1	0.909034	3	1	0.0909661	3	0	3
5	43348121	43626037	5	4	1	1	g	NA	4.42	1	0.0361946932524	0.819181576975	6.858745	1.44584534	5.4128995	5	1	0.783906199064092	5	2	0.216093800935908	0.0379515290027933	0.0388279702188381	0.638581758822456	0.793940511561386	NA	NA	NA	6	2	0.513897	6	1	0.486103	3	0	3
5	43626038	44068654	3	3	0	2	f	3	4	1	0.05	1.508027777	4.162265	0.880062804	3.2822017	3	0	0.320132499079866	3	1	0.679867500920134	0.0303739019307623	0.0314892834443409	0.143818063498422	0.264481460936698	NA	NA	NA	6	2	0.513897	6	1	0.486103	3	0	3
5	44068655	44453755	4	3	1	1	g	NA	3.61	0.78	0.0543481574373	1.15319873196	3.274795	0.67526218	2.5995329	3	0	0.320132499079866	3	1	0.679867500920134	0.0303739019307623	0.0314892834443409	0.143818063498422	0.264481460936698	NA	NA	NA	2	0	0.647054	2	1	0.352946	2	0	2
5	44453756	44713921	5	4	1	2	d	2	4	1	0.05	0.915294284545	4.286891	0.901645161	3.3852457	4	1	1	NA	NA	NA	NA	NA	NA	NA	NA	NA	NA	2	0	0.647054	2	1	0.352946	2	0	2
5	44713922	44840760	3	3	0	2	f	3	4	1	0.05	1.88324918559	3.833451	0.77399738	3.0594542	3	0	0.367482141918232	3	1	0.632517858081768	0.0388077232952459	0.0396315862088292	0.282003955694332	0.436832523985337	NA	NA	NA	3	0	0.380947	3	1	0.619053	2	0	2
5	44840761	44876718	8	6	2	2	f	2	4	1	0.05	0.1	6.85372	1.587627553	5.2660924	6	1	0.303819030911146	6	2	0.696180969088854	0.0815427560029638	0.0823070163492167	0.205036772942648	0.531848494803865	NA	NA	NA	3	0	0.380947	3	1	0.619053	2	0	2
5	44876719	44898002	5	4	1	1	g	NA	4	1	0.05	0.1	6.85372	1.587627553	5.2660924	11	3	1	NA	NA	NA	NA	NA	NA	NA	NA	NA	NA	7	2	1	NA	NA	NA	2	0	2
5	44898003	45506260	5	4	1	2	e	3	4	0.78	0.0574343863483	1.18434476633	4.836569	0.991779077	3.84479	4	1	1	NA	NA	NA	NA	NA	NA	NA	NA	NA	NA	7	2	1	NA	NA	NA	2	0	2
5	45506261	46099999	2	2	0	2	f	3	4	1	0.0678923012398	1.66093690761	3.043719	0.60636582	2.4373537	2	0	0.613719430542118	2	1	0.386280569457882	0.012358821832616	0.012542282027636	0.587675265889608	0.638044816572347	NA	NA	NA	NA	NA	NA	NA	NA	NA	2	0	2
5	46100000	50699999	NA	NA	NA	NA	NA	NA	1	0	0.0855083409453	2.43974340557	1.667327	0.219233002	1.448094	NA	NA	NA	NA	NA	NA	NA	NA	NA	NA	NA	NA	NA	1	0	1	NA	NA	NA	2	0	2
5	50700000	83949965	1	1	0	2	d	2	1.17	0	0.0855657985938	0.429090882916	1.111902	0.078115522	1.0337869	1	0	0.833556282281624	2	0	0.166443717718376	0.00503836387766671	0.00513238482119601	0.823116658833404	0.843612369032918	NA	NA	NA	1	0	1	NA	NA	NA	1	0	1
5	83949966	99619957	1	1	0	2	d	2	1.17	0	0.0885519224194	0.489799486483	1.169952	0.095375111	1.0745767	1	0	0.833556282281624	2	0	0.166443717718376	0.00503836387766671	0.00513238482119601	0.823116658833404	0.843612369032918	NA	NA	NA	1	0	1	NA	NA	NA	1	0	1
5	99619958	140190676	1	1	0	2	d	3	1.17	0	0.0887606554809	0.445914541071	1	0	1	1	0	0.833556282281624	2	0	0.166443717718376	0.00503836387766671	0.00513238482119601	0.823116658833404	0.843612369032918	NA	NA	NA	1	0	1	NA	NA	NA	1	0	1
5	140190677	143722758	1	1	0	2	d	3	1	0	0.0795763302923	0.350481433678	1.155403	0.078692951	1.0767102	1	0	0.647757505652245	2	0	0.352242494347755	0.0494860040691431	0.0280527758351267	1.09483869808402	1.2043017454405	NA	NA	NA	1	0	1	NA	NA	NA	1	0	1
5	143722759	180729006	1	1	0	2	d	3	1.11	0	0.0828390600761	0.409819440414	1	0	1	1	0	0.710652505389346	2	0	0.289347494610654	0.0118820276706678	0.00836690027996653	1.02768938346256	1.05975898652591	NA	NA	NA	1	0	1	NA	NA	NA	1	0	1
6	202452	512950	2	1	1	2	d	2	1	1	0.0364657875022	0.838390526505	2.375262	1.187630834	1.1876308	1	1	1	NA	NA	NA	NA	NA	NA	NA	NA	NA	NA	2	1	0.0591872	1	1	0.940813	3	1	2
6	512951	670465	2	1	1	2	d	2	1	1	0.0215779325475	0.345264031002	4.348064	2.174031896	2.1740319	1	1	1	NA	NA	NA	NA	NA	NA	NA	NA	NA	NA	2	1	0.0591872	1	1	0.940813	3	1	2
6	670466	23747731	2	1	1	3	b	5	1	1	0.058449507832	0.557325826754	2	1	1	1	1	1	NA	NA	NA	NA	NA	NA	NA	NA	NA	NA	1	1	1	NA	NA	NA	2	1	1
6	23747732	23809526	2	1	1	2	e	4	NA	NA	NA	NA	1.571329	0.645049584	0.9262796	1	0	0.328618749671379	1	1	0.671381250328621	0.0457142928064462	0.0431625925384972	0.318913467926408	0.486677882597273	NA	NA	NA	1	0	0.462409	1	1	0.537591	2	1	1
6	23809527	32425019	2	1	1	2	d	2	1	1	0.0537809255264	0.608419903323	2.431294	1.215647149	1.2156471	1	1	1	NA	NA	NA	NA	NA	NA	NA	NA	NA	NA	1	0	0.462409	1	1	0.537591	3	1	2
6	32425020	32644990	3	2	1	2	d	2	1	0.39	0.155319959685	0.781320651782	2.906897	1.212468532	1.6944285	1	0	0.47689334051048	1	1	0.52310665948952	0.0261900180093053	0.0266536416747926	0.426688639027991	0.526723558123278	NA	NA	NA	2	1	1	NA	NA	NA	3	1	2
6	32644991	32697499	2	1	1	2	e	3	1	0.39	0.05	0.1	3.221071	1.326485915	1.8945848	NA	NA	NA	NA	NA	NA	NA	NA	NA	NA	NA	NA	NA	2	2	0.318228	2	1	0.681772	2	1	1
6	32697500	32782604	2	1	1	2	d	2	1	1	0.0692558852335	0.856558704236	2.472669	0.937445191	1.535224	0	0	0.811315000788686	1	0	0.188684999211314	0.0218218868360129	0.0195492820050603	0.800752241286114	0.878354012429708	NA	NA	NA	2	1	0.773679	1	1	0.226321	2	1	1
6	32782605	58699999	2	1	1	2	d	4	1	1	0.0602967110661	0.605750357356	1.823063	0.911531465	0.9115315	1	1	1	NA	NA	NA	NA	NA	NA	NA	NA	NA	NA	1	1	1	NA	NA	NA	2	1	1
6	58700000	63299999	2	1	1	2	d	2	1	1	0.0721129285396	0.746429506573	1.676364	0.838182095	0.8381821	NA	NA	NA	NA	NA	NA	NA	NA	NA	NA	NA	NA	NA	1	0	0.210729	1	1	0.789271	2	1	1
6	63300000	81768875	2	1	1	2	d	3	1	1	0.068850938309	0.704465492887	2	1	1	1	0	0.12845264016649	1	1	0.87154735983351	0.00445022205027677	0.00440811500393552	0.119946137966002	0.137684402182359	NA	NA	NA	1	1	1	NA	NA	NA	1	0	1
6	81768876	93487111	2	1	1	2	d	2	1	1	0.0762036567503	0.663750072686	1.885836	0.942917808	0.9429178	1	0	0.0857266303490578	1	1	0.914273369650942	0.00575523482297603	0.00554360669908771	0.0931708954845898	0.114871792301267	NA	NA	NA	1	1	1	NA	NA	NA	1	0	1
6	93487112	95582669	2	1	1	2	d	3	1	1	0.0941661242303	0.774662225282	2	1	1	1	1	0.880502272846767	2	1	0.119497727153233	0.0186846389201392	0.0195676421557222	0.753234081391462	0.829006320283708	NA	NA	NA	1	1	1	NA	NA	NA	1	0	1
6	95582670	121202500	2	1	1	2	d	4	1	1	0.0659715795824	0.742685008036	2	1	1	1	0	0.0710527026316503	1	1	0.92894729736835	0.00392947456644593	0.00389199164955979	0.0884710275475476	0.10387040358955	NA	NA	NA	1	1	1	NA	NA	NA	2	1	1
6	121202501	121330660	1	1	0	1	g	1	NA	NA	NA	NA	1.730885	0.625858378	1.1050268	1	0	0.618576469969659	1	1	0.381423530030341	0.0422540089508422	0.0415950153252209	0.556321225351409	0.726246861466137	NA	NA	NA	1	0	0.717501	1	1	0.282499	2	1	1
6	121330661	170100095	2	1	1	2	d	3	1	1	0.0584441679738	0.620041090237	2.103815	1.051907618	1.0519076	1	1	0.946347959237325	2	1	0.0536520407626746	0.00265794477166204	0.00260738826814917	0.919509253406872	0.929721790294761	NA	NA	NA	1	1	1	NA	NA	NA	2	1	1
6	170100096	170202171	4	2	2	2	f	3	1	1	0.0357952929839	0.348307574239	3.021904	1.510951779	1.5109518	2	2	1	NA	NA	NA	NA	NA	NA	NA	NA	NA	NA	2	2	1	NA	NA	NA	3	1	2
6	170202172	170858247	2	1	1	2	d	4	1	1	0.0358702974535	0.624784127385	2	1	1	1	1	1	NA	NA	NA	NA	NA	NA	NA	NA	NA	NA	1	1	1	NA	NA	NA	3	1	2
6	170858248	170915126	2	1	1	2	d	3	1	1	0.05	0.1	3.56187	1.780934787	1.7809348	1	1	1	NA	NA	NA	NA	NA	NA	NA	NA	NA	NA	1	1	1	NA	NA	NA	3	1	2
7	40386	42537841	1	1	0	2	d	4	1	0	0.0868263136698	0.385270154781	1.126031	0.120146858	1.0058839	1	0	1	NA	NA	NA	NA	NA	NA	NA	NA	NA	NA	1	0	1	NA	NA	NA	1	0	1
7	42537842	42572540	4	4	0	1	g	NA	4	0	0.05	0.1	1.875909	0.022266292	1.8536431	4	0	1	NA	NA	NA	NA	NA	NA	NA	NA	NA	NA	2	0	1	NA	NA	NA	1	0	1
7	42572541	42574653	1	1	0	2	d	2	0.73	0.6	0.05	0.1	1.875909	0.022266292	1.8536431	1	0	1	NA	NA	NA	NA	NA	NA	NA	NA	NA	NA	2	0	1	NA	NA	NA	1	0	1
7	42574654	57999999	1	1	0	2	d	4	1	0	0.0826901881755	0.374811026052	1.109223	0.119985474	0.9892372	1	0	1	NA	NA	NA	NA	NA	NA	NA	NA	NA	NA	1	0	1	NA	NA	NA	1	0	1
7	58000000	61699999	1	1	0	2	d	2	1	0	0.05	0.827537578491	1.109223	0.119985474	0.9892372	NA	NA	NA	NA	NA	NA	NA	NA	NA	NA	NA	NA	NA	0	0	1	NA	NA	NA	1	0	1
7	61700000	63905815	1	1	0	2	d	4	1	0	0.069657051989	0.734937772653	0.553264	0.007715701	0.5455484	1	0	1	NA	NA	NA	NA	NA	NA	NA	NA	NA	NA	1	0	1	NA	NA	NA	1	0	1
7	63905816	89597499	1	1	0	2	d	3	1.17	0	0.0874068670205	0.452086139008	1.246121	0.13668055	1.1094404	1	0	1	NA	NA	NA	NA	NA	NA	NA	NA	NA	NA	1	0	1	NA	NA	NA	1	0	1
7	89597500	89608817	1	1	0	2	d	2	1.17	0	0.05	0.1	0.796734	0.398367162	0.3983672	0	0	1	NA	NA	NA	NA	NA	NA	NA	NA	NA	NA	1	0	1	NA	NA	NA	1	0	1
7	89608818	120753286	1	1	0	2	d	2	1.27	0	0.0886713711959	0.517240803516	1.272556	0.118048147	1.1545077	1	0	0.742100005257903	2	0	0.257899994742097	0.00899866127346283	0.00775989703903479	0.842555071545394	0.873131977475735	NA	NA	NA	1	0	1	NA	NA	NA	1	0	1
7	120753287	120919825	1	1	0	2	e	3	1.27	0	0.05	0.346943461815	0.628051	0.128645179	0.4994058	0	0	0.869744083384694	1	0	0.130255916615306	0.0458181461135589	0.0442445075104378	0.788273906083951	0.961218438170172	NA	NA	NA	0	0	1	NA	NA	NA	1	0	1
7	120919826	126183384	1	1	0	2	d	2	1.27	0	0.100948421323	0.520883742016	1.286579	0.126301546	1.1602772	1	0	0.84692500481974	2	0	0.15307499518026	0.0167964348989729	0.0158477147812166	0.883506594933386	0.946432033270197	NA	NA	NA	1	0	1	NA	NA	NA	1	0	1
7	126183385	127280511	0	0	0	2	d	3	0	0	0.110964445228	0.182300330632	0.244907	0.122453321	0.1224533	0	0	0.942822727511722	1	0	0.0571772724882778	0.0130921382611304	0.0129987046156018	0.918229426910804	0.96902960530366	NA	NA	NA	0	0	1	NA	NA	NA	0	0	0
7	127280512	158767500	1	1	0	2	d	3	1.27	0	0.0712158664784	0.40628174512	1.266089	0.12183091	1.1442581	1	0	1	NA	NA	NA	NA	NA	NA	NA	NA	NA	NA	1	0	1	NA	NA	NA	1	0	1
8	170012	2370171	2	1	1	2	d	2	0.93	0.93	0.0333539723717	0.385807421395	2.198836	1.099417999	1.099418	1	1	1	NA	NA	NA	NA	NA	NA	NA	NA	NA	NA	1	1	1	NA	NA	NA	3	1	2
8	2370172	2470987	2	1	1	2	e	4	0.93	0.93	0.05	0.42550527086	3.456396	1.728198215	1.7281982	1	1	0.853947222368276	2	1	0.146052777631724	0.044391178023184	0.0439588432621205	0.789268340908861	0.956197173391034	NA	NA	NA	1	1	1	NA	NA	NA	3	1	2
8	2470988	2790064	2	1	1	2	d	3	0.93	0.93	0.0510232334222	0.551681381497	2.494388	1.247193746	1.2471937	1	1	1	NA	NA	NA	NA	NA	NA	NA	NA	NA	NA	1	1	1	NA	NA	NA	2	1	1
8	2790065	2824609	2	1	1	2	d	2	0.93	0.93	0.0320335323104	0.1	1.422637	0.711318629	0.7113186	1	1	1	NA	NA	NA	NA	NA	NA	NA	NA	NA	NA	1	0	0.314572	1	1	0.685428	2	1	1
8	2824610	2901624	2	1	1	2	d	3	0.93	0.93	0.0504935889819	0.482622822088	2.359825	1.179912365	1.1799124	1	1	1	NA	NA	NA	NA	NA	NA	NA	NA	NA	NA	1	1	1	NA	NA	NA	2	1	1
8	2901625	3094323	2	1	1	2	d	3	0.93	0.93	0.0483898726465	0.364592724028	2.847408	1.423703847	1.4237038	1	1	1	NA	NA	NA	NA	NA	NA	NA	NA	NA	NA	1	1	1	NA	NA	NA	2	1	1
8	3094324	3106701	2	1	1	2	d	2	0.93	0.93	0.05	0.1	2.847408	1.423703847	1.4237038	1	1	1	NA	NA	NA	NA	NA	NA	NA	NA	NA	NA	1	0	0.112626	0	0	0.887374	2	1	1
8	3106702	5691609	2	1	1	2	d	2	0.93	0.93	0.0663627052739	0.489752325551	2.128192	1.064095781	1.0640958	1	0	0.0876316665790357	1	1	0.912368333420964	0.00663210355002111	0.00652997511383299	0.0917560135591749	0.116755554855516	NA	NA	NA	1	1	1	NA	NA	NA	2	1	1
8	5691610	5778298	2	1	1	1	g	NA	1	0.73	0.0772669148294	0.809188422384	2.153694	0.83159251	1.3221014	1	0	0.497368918421552	1	1	0.502631081578448	0.0457825530586739	0.0449181436973807	0.41383822273492	0.595188818172901	NA	NA	NA	1	0	0.692647	1	1	0.307353	2	1	1
8	5778299	5819584	2	1	1	2	e	3	1	0.73	0.05	0.1	1.159816	0.45945233	0.7003633	0	0	0.842762500657237	1	0	0.157237499342763	0.0401992191823541	0.034510341677693	0.821064253863421	0.957124043936204	NA	NA	NA	1	0	0.210042	0	0	0.789958	2	1	1
8	5819585	13786866	2	1	1	2	d	4	1	1	0.0523016838237	0.554103784512	2.101455	1.050727334	1.0507273	1	1	1	NA	NA	NA	NA	NA	NA	NA	NA	NA	NA	1	1	1	NA	NA	NA	2	1	1
8	13786867	43099999	2	1	1	2	d	4	1	1	0.0613364183452	0.640226814145	2	1	1	1	0	0.0657237499342772	1	1	0.934276250065723	0.00320505069516445	0.00318231220938081	0.0817103589777509	0.0942626341738409	NA	NA	NA	1	1	1	NA	NA	NA	2	1	1
8	43100000	48099999	2	1	1	2	d	2	1	1	0.0454781178684	0.692275758682	1.254682	0.627340825	0.6273408	NA	NA	NA	NA	NA	NA	NA	NA	NA	NA	NA	NA	NA	1	0	0.0566715	1	1	0.943329	2	1	1
8	48100000	57856691	2	1	1	2	d	2	0.93	0.93	0.0613190635632	0.541612811393	2.217441	1.108720602	1.1087206	1	0	0.0910975641352687	1	1	0.908902435864731	0.00552198526038046	0.0054477914305686	0.0801434793289424	0.100876833279743	NA	NA	NA	1	1	1	NA	NA	NA	2	1	1
8	57856692	73102314	2	1	1	2	d	3	0.89	0.89	0.0646528633319	0.551074568354	2	1	1	1	0	0.0938910713346829	1	1	0.906108928665317	0.00472968556385207	0.00469998171963658	0.0973481954560975	0.115380344277984	NA	NA	NA	1	1	1	NA	NA	NA	2	1	1
8	73102315	73129932	4	3	1	2	e	0	1	1	0.05	0.1	0.942193	0.414685465	0.5275076	0	0	0.914234091267584	1	0	0.0857659087324162	0.026747293730132	0.028773016703743	0.836136090558133	0.947378889732378	NA	NA	NA	1	0	0.155757	0	0	0.844243	1	0	1
8	73129933	96786327	2	1	1	2	d	2	0.93	0.93	0.0694826874499	0.59340357934	2	1	1	1	0	0.070418303501009	1	1	0.929581696498991	0.00416891464932054	0.00405785611660702	0.0847630826266481	0.101097107091063	NA	NA	NA	1	1	1	NA	NA	NA	1	0	1
8	96786328	96792499	2	1	1	2	d	2	2	0	0.05	0.1	2	1	1	2	0	0.388684999211314	2	1	0.611315000788686	0.120956117343577	0.116231906607513	0.170018051624657	0.622096597450605	NA	NA	NA	1	0	0.790816	1	1	0.209184	2	1	1
8	96792500	146364021	2	1	1	2	d	2	0.89	0.89	0.0628976506224	0.572587042949	1.816558	0.908278877	0.9082789	1	0	0.0657237499342772	1	1	0.934276250065723	0.0025822451228811	0.00250425993945268	0.0850224418836246	0.0947630472536984	NA	NA	NA	1	1	1	NA	NA	NA	2	1	1
9	241483	13859284	2	1	1	2	d	2	1.07	1.07	0.0667898427568	0.746244870103	2	1	1	1	0	0.0691828946676569	1	1	0.930817105332343	0.00438912328736456	0.00439726271143473	0.0833940487900055	0.100719465942182	NA	NA	NA	1	1	1	NA	NA	NA	1	0	1
9	13859285	13880007	2	1	1	1	g	NA	1.07	1.07	0.05	0.1	3.406824	1.703412264	1.7034123	2	2	0.690112134067209	3	2	0.309887865932791	0.0997590318993439	0.101647754971294	0.446321382930666	0.849994627242303	NA	NA	NA	2	2	1	NA	NA	NA	1	0	1
9	13880008	28952500	2	1	1	2	d	2	1.07	1.07	0.0674150716334	0.684147833696	2	1	1	1	0	0.0876316665790357	1	1	0.912368333420964	0.00453811065742378	0.00451608762559637	0.0947375787089904	0.112514623047316	NA	NA	NA	1	1	1	NA	NA	NA	1	0	1
9	28952501	28957552	2	1	1	2	e	3	1.07	1.07	0.05	0.1	2	1	1	1	0	1	NA	NA	NA	NA	NA	NA	NA	NA	NA	NA	1	1	1	NA	NA	NA	1	0	1
9	28957553	32036702	2	1	1	2	e	4	1.07	1.07	0.0828460543145	1.05035331829	2.251884	1.125941801	1.1259418	1	1	0.884857626455111	2	1	0.115142373544889	0.01309635468942	0.0129114383981857	0.84586406704765	0.896752075250131	NA	NA	NA	1	1	1	NA	NA	NA	1	0	1
9	32036703	32110314	3	2	1	2	e	4	2	1	0.0991896354568	1.65463760199	2.493201	0.996510274	1.4966906	1	1	0.575595516119474	2	1	0.424404483880526	0.0773305215920095	0.0832109299231558	0.270051085445787	0.586330156405383	NA	NA	NA	2	1	0.62303	1	1	0.37697	1	0	1
9	32110315	40788094	2	1	1	2	d	4	1.07	1.07	0.0431588977964	0.535512233701	2	1	1	1	1	1	NA	NA	NA	NA	NA	NA	NA	NA	NA	NA	1	1	1	NA	NA	NA	2	1	1
9	40788095	47299999	2	1	1	2	d	4	1	1	0.05	1.24663314754	2	1	1	1	1	1	NA	NA	NA	NA	NA	NA	NA	NA	NA	NA	2	1	1	NA	NA	NA	2	1	1
9	47300000	50699999	2	1	1	2	d	2	1	1	0.05	0.1	NA	NA	NA	NA	NA	NA	NA	NA	NA	NA	NA	NA	NA	NA	NA	NA	2	1	1	NA	NA	NA	2	1	1
9	50700000	71050146	2	1	1	1	g	NA	1	1	0.05	1.01758244872	NA	NA	NA	0	0	1	NA	NA	NA	NA	NA	NA	NA	NA	NA	NA	2	1	1	NA	NA	NA	2	1	1
9	71050147	141019790	2	1	1	2	d	4	1	1	0.0582061297533	0.593543182705	1.838548	0.919274229	0.9192742	1	1	1	NA	NA	NA	NA	NA	NA	NA	NA	NA	NA	1	1	1	NA	NA	NA	2	1	1
10	141256	277500	1	1	0	2	d	3	1.27	0	0.05	0.252311029843	1.486687	0.170280212	1.3164065	1	0	1	NA	NA	NA	NA	NA	NA	NA	NA	NA	NA	1	0	1	NA	NA	NA	1	0	1
10	277501	20647500	1	1	0	2	d	4	1	0	0.080118438157	0.345819027705	1.127892	0.127996953	0.9998954	1	0	1	NA	NA	NA	NA	NA	NA	NA	NA	NA	NA	1	0	1	NA	NA	NA	1	0	1
10	20647501	37999999	1	1	0	2	d	4	1	0	0.0803730941593	0.388515501061	1.119309	0.123297752	0.9960115	1	0	1	NA	NA	NA	NA	NA	NA	NA	NA	NA	NA	1	0	1	NA	NA	NA	1	0	1
10	38000000	42299999	1	1	0	2	d	3	1	0	0.05	0.626371415525	0.700262	0.055520794	0.6447408	1	0	1	NA	NA	NA	NA	NA	NA	NA	NA	NA	NA	NA	NA	NA	NA	NA	NA	1	0	1
10	42300000	82772035	1	1	0	2	d	3	1.11	0	0.0882516395076	0.437856212144	1.099024	0.115037536	0.9839868	1	0	1	NA	NA	NA	NA	NA	NA	NA	NA	NA	NA	1	0	1	NA	NA	NA	1	0	1
10	82772036	89381859	1	1	0	2	d	3	1.11	0	0.0922438129092	0.405859148771	1.013842	0.113113308	0.9007291	1	0	1	NA	NA	NA	NA	NA	NA	NA	NA	NA	NA	1	0	1	NA	NA	NA	1	0	1
10	89381860	89993632	0	0	0	2	d	3	0	0	0.0878603101642	0.239627895509	0.200366	0.100182854	0.1001829	0	0	0.87421000052579	1	0	0.12578999947421	0.0300261275004727	0.0298239745939426	0.825369392623537	0.939461966041194	NA	NA	NA	0	0	1	NA	NA	NA	0	0	0
10	89993633	90043805	1	1	0	2	d	2	1.07	0	0.05	0.397300098525	0.200366	0.100182854	0.1001829	2	0	1	NA	NA	NA	NA	NA	NA	NA	NA	NA	NA	1	0	1	NA	NA	NA	1	0	1
10	90043806	115580002	1	1	0	2	d	4	1.07	0	0.0818859236579	0.498660397617	1	0	1	1	0	1	NA	NA	NA	NA	NA	NA	NA	NA	NA	NA	1	0	1	NA	NA	NA	1	0	1
10	115580003	117150096	1	1	0	2	d	3	1	0	0.0857206947006	0.306045883018	1.056751	0.121695103	0.9350563	0	0	0.119470003680528	1	0	0.880529996319472	0.0574482713239851	0.028411258769962	0.539835190824669	0.65144817732245	NA	NA	NA	1	0	1	NA	NA	NA	1	0	1
10	117150097	135389924	1	1	0	2	d	4	1	0	0.0719813224949	0.319407652155	1.018349	0.101469896	0.9168792	1	0	1	NA	NA	NA	NA	NA	NA	NA	NA	NA	NA	1	0	1	NA	NA	NA	1	0	1
11	197557	25521875	1	1	0	2	d	4	1	0	0.0881456002855	0.43565373529	1.028236	0.10578369	0.9224524	1	0	1	NA	NA	NA	NA	NA	NA	NA	NA	NA	NA	1	0	1	NA	NA	NA	1	0	1
11	25521876	39282574	1	1	0	2	d	3	1.07	0	0.0917630962641	0.429380401802	1.058461	0.122036965	0.9364237	1	0	1	NA	NA	NA	NA	NA	NA	NA	NA	NA	NA	1	0	1	NA	NA	NA	1	0	1
11	39282575	50580727	1	1	0	2	d	3	1.11	0	0.0921326167768	0.427003021836	0.934769	0.102333782	0.8324351	1	0	1	NA	NA	NA	NA	NA	NA	NA	NA	NA	NA	1	0	1	NA	NA	NA	1	0	1
11	50580728	50585702	1	1	0	2	d	3	1.11	0	0.05	0.1	0.934769	0.102333782	0.8324351	1	0	1	NA	NA	NA	NA	NA	NA	NA	NA	NA	NA	1	0	1	NA	NA	NA	1	0	1
11	50585703	51599999	1	1	0	2	d	2	1.11	0	0.05	0.54827238378	0.423487	0	0.423487	1	0	1	NA	NA	NA	NA	NA	NA	NA	NA	NA	NA	0	0	1	NA	NA	NA	1	0	1
11	51600000	55699999	1	1	0	2	d	2	1.11	0	0.112692025827	0.66311335592	0.843664	0.079077527	0.764586	1	0	1	NA	NA	NA	NA	NA	NA	NA	NA	NA	NA	0	0	1	NA	NA	NA	1	0	1
11	55700000	84112712	1	1	0	3	b	5	1	0	0.0810314428231	0.359498713183	1	0	1	1	0	1	NA	NA	NA	NA	NA	NA	NA	NA	NA	NA	1	0	1	NA	NA	NA	1	0	1
11	84112713	107460065	1	1	0	2	d	4	1	0	0.0995579798523	0.43762208916	1.139817	0.138308142	1.0015084	1	0	1	NA	NA	NA	NA	NA	NA	NA	NA	NA	NA	1	0	1	NA	NA	NA	1	0	1
11	107460066	120362710	1	1	0	2	d	4	1	0	0.0791890634286	0.344971812867	0.953699	0.087543539	0.8661554	1	0	1	NA	NA	NA	NA	NA	NA	NA	NA	NA	NA	1	0	1	NA	NA	NA	1	0	1
11	120362711	135006515	1	1	0	2	d	4	1	0	0.0749346952097	0.356604768739	1.01391	0.103028743	0.9108816	1	0	1	NA	NA	NA	NA	NA	NA	NA	NA	NA	NA	1	0	1	NA	NA	NA	1	0	1
12	110107	10928402	2	1	1	2	d	3	1	1	0.0432820069448	0.501089209571	2.13184	1.065919915	1.0659199	1	1	1	NA	NA	NA	NA	NA	NA	NA	NA	NA	NA	1	1	1	NA	NA	NA	3	1	2
12	10928403	10934490	2	1	1	2	d	3	1	1	0.05	0.1	2.13184	1.065919915	1.0659199	2	1	1	NA	NA	NA	NA	NA	NA	NA	NA	NA	NA	1	1	1	NA	NA	NA	2	1	1
12	10934491	12316142	2	1	1	2	d	4	1	1	0.0621570927368	0.541144154302	2	1	1	1	1	0.890460416776206	2	1	0.109539583223794	0.0171449276566166	0.0177444931442553	0.79757908024898	0.869180313094777	NA	NA	NA	1	1	1	NA	NA	NA	2	1	1
12	12316143	12318332	2	1	1	2	d	3	1	1	0.05	0.1	2	1	1	4	2	1	NA	NA	NA	NA	NA	NA	NA	NA	NA	NA	1	1	1	NA	NA	NA	3	1	2
12	12318333	12625086	2	1	1	2	d	3	1	1	0.0386553065114	0.561521461156	2.507019	1.253509253	1.2535093	1	1	0.937629564045149	2	1	0.0623704359548513	0.0221114331486949	0.0227891517858414	0.897167343870475	0.986674972189789	NA	NA	NA	1	1	1	NA	NA	NA	2	1	1
12	12625087	28297614	2	1	1	2	d	3	1	1	0.0597298176388	0.62732852425	2.248515	1.12425744	1.1242574	1	1	0.92894729736835	2	1	0.0710527026316502	0.00542997062033129	0.0054747985641025	0.898963093410403	0.920339548657966	NA	NA	NA	1	1	1	NA	NA	NA	2	1	1
12	28297615	28319914	2	1	1	1	g	NA	1	1	0.05	0.1	2.248515	1.12425744	1.1242574	2	2	1	NA	NA	NA	NA	NA	NA	NA	NA	NA	NA	2	2	1	NA	NA	NA	2	1	1
12	28319915	33299999	2	1	1	2	d	4	1	1	0.0588047768194	0.695176500444	2	1	1	1	0	0.117393686317846	1	1	0.882606313682154	0.00611668798276975	0.00598839007927949	0.105339325321075	0.128778684454903	NA	NA	NA	1	1	1	NA	NA	NA	2	1	1
12	33300000	38199999	2	1	1	2	d	2	1	1	0.0562103007589	0.707741574932	1.363307	0.681653578	0.6816536	NA	NA	NA	NA	NA	NA	NA	NA	NA	NA	NA	NA	NA	1	0	0.0566715	1	1	0.943329	2	1	1
12	38200000	38232531	2	1	1	2	d	2	1	1	0.05	0.1	1.685545	0.842772279	0.8427723	0	0	0.955075000187783	1	0	0.0449249998122173	0.0144307802478915	0.0160394816791389	0.889819252232499	0.952150058498841	NA	NA	NA	1	0	0.0566715	1	1	0.943329	2	1	1
12	38232532	38233459	2	1	1	2	d	2	1	1	0.05	0.1	1.685545	0.842772279	0.8427723	1	1	1	NA	NA	NA	NA	NA	NA	NA	NA	NA	NA	NA	NA	NA	NA	NA	NA	3	1	2
12	38233460	38233875	2	1	1	2	d	2	1	1	0.05	0.1	NA	NA	NA	NA	NA	NA	NA	NA	NA	NA	NA	NA	NA	NA	NA	NA	NA	NA	NA	NA	NA	NA	2	1	1
12	38233876	38236120	2	1	1	2	d	2	1	1	0.05	0.1	NA	NA	NA	1	1	0.510928019951006	2	1	0.489071980048994	0.207364654987884	0.176027835621166	0.298947216818728	0.98816715458716	NA	NA	NA	1	0	0.541576	0	0	0.458424	2	1	1
12	38236121	38237098	2	1	1	2	d	2	1	1	0.05	0.1	NA	NA	NA	2	2	1	NA	NA	NA	NA	NA	NA	NA	NA	NA	NA	1	0	0.541576	0	0	0.458424	2	1	1
12	38237099	38237348	1	1	0	2	f	2	1	1	0.05	0.1	NA	NA	NA	NA	NA	NA	NA	NA	NA	NA	NA	NA	NA	NA	NA	NA	1	0	0.541576	0	0	0.458424	1	0	1
12	38237349	38281067	4	3	1	2	e	0	1	1	0.05	0.1	1.381173	0.438582915	0.9425899	0	0	0.488978127136021	1	0	0.511021872863979	0.0589153300638494	0.0448308973612662	0.532174160208359	0.707362386324741	NA	NA	NA	1	0	0.541576	0	0	0.458424	1	0	1
12	38281068	38430428	0	0	0	2	f	3	1	1	0.05	1.61981524336	0.940057	0.470028359	0.4700284	0	0	0.917243421398546	1	0	0.082756578601454	0.0165580687792966	0.0185311037539077	0.826593519851428	0.900884456607831	NA	NA	NA	0	0	1	NA	NA	NA	1	0	1
12	38430429	38976356	2	1	1	2	e	4	1	1	0.0749118188553	0.58606168599	1.600927	0.800463359	0.8004634	1	0	0.0720490884632796	1	1	0.92795091153672	0.0162922243045384	0.0159651920420273	0.0387379086867919	0.100853027066069	NA	NA	NA	1	0	0.0566715	1	1	0.943329	1	0	1
12	38976357	39049284	2	1	1	2	d	2	1	1	0.0529082882862	0.608888391745	2.211203	1.105601359	1.1056014	1	0	0.0720490884632796	1	1	0.92795091153672	0.0162922243045384	0.0159651920420273	0.0387379086867919	0.100853027066069	NA	NA	NA	1	1	1	NA	NA	NA	1	0	1
12	39049285	40819974	2	1	1	2	d	2	1	1	0.0754021142923	0.555240160041	2.138585	1.069292339	1.0692923	1	0	0.109539583223796	1	1	0.890460416776204	0.0150493787189719	0.0145812769117057	0.0996349572707222	0.158048165766092	NA	NA	NA	1	1	1	NA	NA	NA	1	0	1
12	40819975	40839945	1	1	0	2	d	2	1	0	0.05	0.1	3.332605	0.705603964	2.6270013	4	1	1	NA	NA	NA	NA	NA	NA	NA	NA	NA	NA	2	0	0.615376	2	1	0.384624	1	0	1
12	40839946	41820871	2	1	1	2	e	4	1	1	0.0754410998924	0.666768819144	1.817986	0.908993104	0.9089931	1	0	0.164309374835689	1	1	0.835690625164311	0.0200264284685615	0.0190381851031206	0.140094008140748	0.213717507328614	NA	NA	NA	1	0	0.263407	1	1	0.736593	1	0	1
12	41820872	41863643	3	2	1	2	f	3	2	1	0.116654028436	0.1	2.12523	0.468477733	1.6567528	2	0	0.620132499079867	2	1	0.379867500920133	0.0527358085166878	0.0571545400532858	0.342067551825768	0.563232907751786	NA	NA	NA	1	0	0.263407	1	1	0.736593	1	0	1
12	41863644	71539770	2	1	1	3	b	5	1	1	0.0601892799496	0.611899622225	2	1	1	1	1	1	NA	NA	NA	NA	NA	NA	NA	NA	NA	NA	1	1	1	NA	NA	NA	2	1	1
12	71539771	71569941	2	1	1	2	d	4	1	1	0.05	0.1	2	1	1	2	2	1	NA	NA	NA	NA	NA	NA	NA	NA	NA	NA	1	1	1	NA	NA	NA	2	1	1
12	71569942	121893315	2	1	1	3	b	5	1	1	0.061227559789	0.630375518439	2	1	1	1	1	1	NA	NA	NA	NA	NA	NA	NA	NA	NA	NA	1	1	1	NA	NA	NA	2	1	1
12	121893316	121894283	2	1	1	2	d	4	1	1	0.05	0.1	2	1	1	1	1	1	NA	NA	NA	NA	NA	NA	NA	NA	NA	NA	1	1	1	NA	NA	NA	3	1	2
12	121894284	126938862	2	1	1	2	d	3	1	1	0.0499104914015	0.472008948066	1.773015	0.886507693	0.8865077	1	1	1	NA	NA	NA	NA	NA	NA	NA	NA	NA	NA	1	1	1	NA	NA	NA	3	1	2
12	126938863	126951334	2	1	1	2	d	2	0.89	0.89	0.05	0.1	1.773015	0.886507693	0.8865077	0	0	1	NA	NA	NA	NA	NA	NA	NA	NA	NA	NA	1	1	1	NA	NA	NA	2	1	1
12	126951335	133851894	2	1	1	2	d	3	0.93	0.93	0.0528506162558	0.460378711002	1.822646	0.911323167	0.9113232	1	1	1	NA	NA	NA	NA	NA	NA	NA	NA	NA	NA	1	1	1	NA	NA	NA	2	1	1
13	1	16299999	1	1	0	1	h	1	NA	NA	NA	NA	NA	NA	NA	NA	NA	NA	NA	NA	NA	NA	NA	NA	NA	NA	NA	NA	NA	NA	NA	NA	NA	NA	1	0	1
13	16300000	19499999	1	1	0	2	d	2	1	0	0.05	0.55774374286	NA	NA	NA	1	0	0.933411335032366	1	1	0.0665886649676336	0.025627821235072	0.025906772087968	0.881487201976539	0.981649850541741	NA	NA	NA	1	0	0.909085	1	1	0.0909145	1	0	1
13	19500000	90481354	1	1	0	2	d	4	1	0	0.0910467320876	0.432224821382	1.259798	0.16230439	1.0974934	1	0	1	NA	NA	NA	NA	NA	NA	NA	NA	NA	NA	1	0	1	NA	NA	NA	1	0	1
13	90481355	97942500	1	1	0	2	d	3	1	0	0.0959147704441	0.397145671738	1.147444	0.144025801	1.0034183	0	0	0.101500003755639	1	0	0.898499996244361	0.0182681256482288	0.0131087612013111	0.333852711865647	0.384286570161071	NA	NA	NA	1	0	1	NA	NA	NA	1	0	1
13	97942501	101477500	1	1	0	2	d	3	1.07	0	0.0703218442728	0.339834887157	1.159918	0.134224071	1.0256935	1	0	1	NA	NA	NA	NA	NA	NA	NA	NA	NA	NA	1	0	1	NA	NA	NA	1	0	1
13	101477501	101581589	4	3	1	2	f	0	0.78	0.54	0.132833490379	0.211243514283	0.764362	0.204978849	0.559383	0	0	0.685525001314474	1	0	0.314474998685526	0.0443983366697385	0.0441434919839231	0.59322871721396	0.764818019231844	NA	NA	NA	0	0	1	NA	NA	NA	1	0	1
13	101581590	115169877	1	1	0	2	d	4	1	0	0.0828903886901	0.365464702672	1.18141	0.146626906	1.0347835	1	0	1	NA	NA	NA	NA	NA	NA	NA	NA	NA	NA	1	0	1	NA	NA	NA	1	0	1
14	1	16099999	2	1	1	1	h	1	NA	NA	NA	NA	NA	NA	NA	NA	NA	NA	NA	NA	NA	NA	NA	NA	NA	NA	NA	NA	NA	NA	NA	NA	NA	NA	2	1	1
14	16100000	19099999	2	1	1	2	d	2	1	1	0.05	0.433681226299	NA	NA	NA	NA	NA	NA	NA	NA	NA	NA	NA	NA	NA	NA	NA	NA	2	1	0.698741	1	1	0.301259	2	1	1
14	19100000	20356148	2	1	1	2	d	2	1	1	0.05	1.28612837001	5.204069	2.602034626	2.6020346	NA	NA	NA	NA	NA	NA	NA	NA	NA	NA	NA	NA	NA	2	1	0.698741	1	1	0.301259	2	1	1
14	20356149	20385588	2	1	1	2	d	2	1	1	0.05	0.1	1.104997	0.552498398	0.5524984	NA	NA	NA	NA	NA	NA	NA	NA	NA	NA	NA	NA	NA	1	0	0.102926	0	0	0.897074	2	1	1
14	20385589	20519950	2	1	1	2	d	3	1	1	0.100732497478	0.575599814132	2.470491	1.103372068	1.3671189	1	0	0.202226922874698	1	1	0.797773077125302	0.0421153070813731	0.035756459953439	0.249759295498248	0.39052692820702	NA	NA	NA	1	1	1	NA	NA	NA	2	1	1
14	20519951	20531147	2	1	1	2	d	3	1	1	0.05	0.1	2.470491	1.103372068	1.3671189	0	0	0.895175000438159	1	0	0.104824999561841	0.038839221721206	0.0369813027335185	0.794136005375164	0.933533302271055	NA	NA	NA	1	1	1	NA	NA	NA	2	1	1
14	20531148	20606814	2	1	1	2	d	4	1	1	0.0748741830632	0.398967123732	2	1	1	1	0	0.0820296387733758	1	1	0.917970361226624	0.00391207859409475	0.00379361134845872	0.0747526548315719	0.0897569836533571	NA	NA	NA	1	1	1	NA	NA	NA	2	1	1
14	20606815	20730751	2	1	1	2	d	3	1	1	0.047938618234	0.681321594242	2.183577	1.091788536	1.0917885	1	0	0.0820296387733758	1	1	0.917970361226624	0.00391207859409475	0.00379361134845872	0.0747526548315719	0.0897569836533571	NA	NA	NA	1	1	1	NA	NA	NA	2	1	1
14	20730752	42586973	2	1	1	2	d	4	1	1	0.0687033327319	0.670629074958	2	1	1	1	0	0.0820296387733758	1	1	0.917970361226624	0.00391207859409475	0.00379361134845872	0.0747526548315719	0.0897569836533571	NA	NA	NA	1	1	1	NA	NA	NA	2	1	1
14	42586974	42639194	2	1	1	2	d	4	1	1	0.05	0.1	2	1	1	1	0	0.0820296387733758	1	1	0.917970361226624	0.00391207859409475	0.00379361134845872	0.0747526548315719	0.0897569836533571	NA	NA	NA	1	1	1	NA	NA	NA	2	1	1
14	42639195	81504622	2	1	1	2	d	4	1	1	0.0586234793367	0.603724430854	2	1	1	1	0	0.0525789999474205	1	1	0.947421000052579	0.00288419351059844	0.0028418992898764	0.06496732014651	0.0757083447901472	NA	NA	NA	1	1	1	NA	NA	NA	2	1	1
14	81504623	107349539	2	1	1	2	d	4	1	1	0.0560182263628	0.549262894535	1.835718	0.917858847	0.9178588	1	1	1	NA	NA	NA	NA	NA	NA	NA	NA	NA	NA	1	1	1	NA	NA	NA	2	1	1
15	1	15799999	3	2	1	1	h	1	NA	NA	NA	NA	NA	NA	NA	NA	NA	NA	NA	NA	NA	NA	NA	NA	NA	NA	NA	NA	NA	NA	NA	NA	NA	NA	3	1	2
15	15800000	20699999	NA	NA	NA	NA	NA	NA	1	1	0.05	0.658319571482	NA	NA	NA	1	1	1	NA	NA	NA	NA	NA	NA	NA	NA	NA	NA	1	0	0.46962	1	1	0.53038	3	1	2
15	20700000	22957274	2	1	1	2	d	3	1	1	0.0584739734632	0.796709603472	2	1	1	1	1	1	NA	NA	NA	NA	NA	NA	NA	NA	NA	NA	2	0	0.637423	2	1	0.362577	3	1	2
15	22957275	23746631	4	2	2	2	f	2	1	1	0.0396877707657	0.503374606562	2.808103	1.404051378	1.4040514	2	2	1	NA	NA	NA	NA	NA	NA	NA	NA	NA	NA	2	0	0.637423	2	1	0.362577	3	1	2
15	23746632	23764074	2	1	1	2	d	2	1	1	0.05	0.1	2.808103	1.404051378	1.4040514	0	0	1	NA	NA	NA	NA	NA	NA	NA	NA	NA	NA	NA	NA	NA	NA	NA	NA	2	1	1
15	23764075	24360259	2	1	1	2	d	3	1	1	0.0527203673213	0.446689388875	2.629465	1.31473234	1.3147323	1	1	1	NA	NA	NA	NA	NA	NA	NA	NA	NA	NA	NA	NA	NA	NA	NA	NA	2	1	1
15	24360260	24372564	2	1	1	2	d	3	1	1	0.05	0.1	2.629465	1.31473234	1.3147323	1	1	1	NA	NA	NA	NA	NA	NA	NA	NA	NA	NA	2	1	0.15452	1	1	0.84548	2	1	1
15	24372565	24782499	2	1	1	2	d	4	1	1	0.05	0.584761297887	NA	NA	NA	1	1	1	NA	NA	NA	NA	NA	NA	NA	NA	NA	NA	1	1	1	NA	NA	NA	2	1	1
15	24782500	87699363	2	1	1	3	b	5	1	1	0.0573853366611	0.561457817826	2	1	1	1	1	1	NA	NA	NA	NA	NA	NA	NA	NA	NA	NA	1	1	1	NA	NA	NA	2	1	1
15	87699364	87710119	2	1	1	2	d	3	2	0	0.05	0.1	2	1	1	1	0	0.875951229315876	1	1	0.124048770684124	0.131216604658258	0.187683644740672	0.0426103756157509	0.789145158990288	NA	NA	NA	1	1	1	NA	NA	NA	2	1	1
15	87710120	102349919	2	1	1	2	d	4	1	1	0.0578967994414	0.628544012127	1.864639	0.932319552	0.9323196	1	1	1	NA	NA	NA	NA	NA	NA	NA	NA	NA	NA	1	1	1	NA	NA	NA	2	1	1
16	88087	2491234	1	1	0	2	d	2	1	0	0.0507640155109	0.238157809069	0.891813	0.032201333	0.8596115	1	0	0.545553131079445	2	0	0.454446868920555	0.0546076452133043	0.0295047400652273	1.01410153186312	1.12916294749125	NA	NA	NA	1	0	1	NA	NA	NA	2	1	1
16	2491235	2491264	1	1	0	2	d	2	1	0	0.05	0.1	0.891813	0.032201333	0.8596115	NA	NA	1	NA	NA	NA	NA	NA	NA	NA	NA	NA	NA	1	0	1	NA	NA	NA	2	1	1
16	2491265	2491437	1	1	0	2	d	2	1	0	0.05	0.1	NA	NA	NA	NA	NA	NA	NA	NA	NA	NA	NA	NA	NA	NA	NA	NA	1	0	1	NA	NA	NA	2	1	1
16	2491438	2494604	1	1	0	1	g	NA	1	0	0.05	0.1	NA	NA	NA	0	0	1	NA	NA	NA	NA	NA	NA	NA	NA	NA	NA	1	0	1	NA	NA	NA	2	1	1
16	2494605	2499186	1	1	0	2	d	2	1	0	0.05	0.1	NA	NA	NA	1	0	0.663481255586518	2	0	0.336518744413482	NA	0	0.663481255586518	0.663481255586518	NA	NA	NA	1	0	1	NA	NA	NA	2	1	1
16	2499187	2499359	1	1	0	2	d	2	1	0	0.05	0.1	NA	NA	NA	NA	NA	NA	NA	NA	NA	NA	NA	NA	NA	NA	NA	NA	1	0	1	NA	NA	NA	2	1	1
16	2499360	2499705	1	1	0	2	d	2	1	0	0.05	0.1	NA	NA	NA	NA	NA	NA	NA	NA	NA	NA	NA	NA	NA	NA	NA	NA	1	0	1	NA	NA	NA	2	1	1
16	2499706	2810072	1	1	0	2	d	2	1	0	0.05	0.204178509073	0.855397	0.054265392	0.8011312	1	0	0.672216672216677	2	0	0.327783327783323	0.213662435697546	0.101591688412063	1.0301369698342	1.43934339579563	NA	NA	NA	1	0	1	NA	NA	NA	2	1	1
16	2810073	34599999	2	1	1	2	d	4	1	1	0.0548542634339	0.58485008366	1.55674	0.778369923	0.7783699	1	1	1	NA	NA	NA	NA	NA	NA	NA	NA	NA	NA	1	1	1	NA	NA	NA	2	1	1
16	34600000	38599999	2	1	1	2	d	3	1	1	0.05	0.736591799233	1.766829	0.883414379	0.8834144	1	0	0.143397272583876	1	1	0.856602727416124	0.0591089734667826	0.053209952588983	0.136910232906759	0.347561739359843	NA	NA	NA	1	1	1	NA	NA	NA	2	1	1
16	38600000	60852949	2	1	1	2	d	4	1	1	0.0602413344655	0.595833282624	1.758981	0.879490705	0.8794907	1	1	1	NA	NA	NA	NA	NA	NA	NA	NA	NA	NA	1	1	1	NA	NA	NA	2	1	1
16	60852950	60933744	2	1	1	2	d	4	1	1	0.05	0.709365171558	1.891171	0.945585375	0.9455854	1	1	1	NA	NA	NA	NA	NA	NA	NA	NA	NA	NA	1	1	1	NA	NA	NA	2	1	1
16	60933745	80514694	2	1	1	2	d	3	1	1	0.058892248638	0.616259299497	1.843299	0.92164972	0.9216497	1	0	0.0597488635766138	1	1	0.940251136423386	0.00377499645582827	0.0036547371910152	0.0670039595970571	0.0810869019385922	NA	NA	NA	1	1	1	NA	NA	NA	2	1	1
16	80514695	90157703	2	1	1	2	d	3	1	1	0.0477247476618	0.444256801224	1.687261	0.843630746	0.8436307	1	1	1	NA	NA	NA	NA	NA	NA	NA	NA	NA	NA	1	1	1	NA	NA	NA	3	1	2
17	12500	18784404	1	1	0	2	d	4	1	0	0.0661607748132	0.271879500027	1	0	1	1	0	1	NA	NA	NA	NA	NA	NA	NA	NA	NA	NA	1	0	1	NA	NA	NA	2	0	2
17	18784405	22199999	1	1	0	2	d	3	1	0	0.0524864878218	0.283384450617	1	0	1	1	0	0.684922732769623	2	0	0.315077267230377	0.0232266929429787	0.0222423307141609	0.700839209107482	0.787467177868073	NA	NA	NA	1	0	1	NA	NA	NA	2	0	2
17	22200000	25799999	NA	NA	NA	NA	NA	NA	1	1	0.0231576551722	0.656933468811	1.61079	0.805395078	0.8053951	NA	NA	NA	NA	NA	NA	NA	NA	NA	NA	NA	NA	NA	1	1	1	NA	NA	NA	2	0	2
17	25800000	81195209	2	1	1	2	d	3	1	1	0.0500240479266	0.512910848089	1.842722	0.921361023	0.921361	1	1	1	NA	NA	NA	NA	NA	NA	NA	NA	NA	NA	1	1	1	NA	NA	NA	3	1	2
18	56522	112549	2	1	1	2	d	3	1	1	0.05	0.1	NA	NA	NA	NA	NA	NA	NA	NA	NA	NA	NA	NA	NA	NA	NA	NA	1	1	1	NA	NA	NA	2	1	1
18	112550	14164712	2	1	1	2	d	4	1	1	0.0584260612861	0.559109085661	2.173697	1.086848319	1.0868483	1	1	1	NA	NA	NA	NA	NA	NA	NA	NA	NA	NA	1	1	1	NA	NA	NA	2	1	1
18	14164713	15399999	2	1	1	2	d	3	1	1	0.05	0.643798241637	2.173697	1.086848319	1.0868483	NA	NA	NA	NA	NA	NA	NA	NA	NA	NA	NA	NA	NA	1	1	1	NA	NA	NA	2	1	1
18	15400000	18999999	2	1	1	2	d	3	1	1	0.0409437408092	1.81584667314	2.885139	1.442569643	1.4425696	2	2	1	NA	NA	NA	NA	NA	NA	NA	NA	NA	NA	1	1	1	NA	NA	NA	2	1	1
18	19000000	72431752	2	1	1	2	d	4	1	1	0.0635791770712	0.608508103669	2	1	1	1	0	0.0525789999474205	1	1	0.947421000052579	0.00261629685809113	0.00254677875842984	0.0706144068715262	0.0805534065336991	NA	NA	NA	1	1	1	NA	NA	NA	2	1	1
18	72431753	72727808	2	1	1	2	d	4	1	1	0.0523175102963	0.434927797154	2.924439	1.462219716	1.4622197	1	1	1	NA	NA	NA	NA	NA	NA	NA	NA	NA	NA	1	1	1	NA	NA	NA	2	1	1
18	72727809	76112500	2	1	1	2	e	3	0.93	0.93	0.045259660433	0.413676232419	2.555983	1.277991363	1.2779914	1	1	1	NA	NA	NA	NA	NA	NA	NA	NA	NA	NA	NA	NA	NA	NA	NA	NA	3	1	2
18	76112501	77089250	2	1	1	2	f	2	NA	NA	NA	NA	2.443334	1.221666877	1.2216669	1	1	1	NA	NA	NA	NA	NA	NA	NA	NA	NA	NA	NA	NA	NA	NA	NA	NA	3	1	2
19	102500	247287	2	1	1	2	d	2	1	1	0.05	0.1	NA	NA	NA	NA	NA	NA	NA	NA	NA	NA	NA	NA	NA	NA	NA	NA	1	1	1	NA	NA	NA	3	1	2
19	247288	19884976	2	1	1	2	d	3	1	1	0.0405940195813	0.410154611518	1.725904	0.862951922	0.8629519	1	1	1	NA	NA	NA	NA	NA	NA	NA	NA	NA	NA	1	1	1	NA	NA	NA	3	1	2
19	19884977	20470034	2	1	1	2	d	3	1	1	0.0340457184531	0.511898597961	3.325016	1.662508158	1.6625082	1	1	1	NA	NA	NA	NA	NA	NA	NA	NA	NA	NA	1	1	1	NA	NA	NA	3	1	2
19	20470035	20473041	2	1	1	2	d	3	1	1	0.05	0.1	3.325016	1.662508158	1.6625082	1	1	1	NA	NA	NA	NA	NA	NA	NA	NA	NA	NA	1	0	0.166593	1	1	0.833407	2	1	1
19	20473042	20734706	2	1	1	2	d	3	1	1	0.05	0.337083502463	1.313168	0.656583942	0.6565839	1	1	1	NA	NA	NA	NA	NA	NA	NA	NA	NA	NA	1	0	0.166593	1	1	0.833407	2	1	1
19	20734707	20986853	2	1	1	2	d	4	1	1	0.0410082586416	0.615895821382	2.611271	1.30563553	1.3056355	1	1	1	NA	NA	NA	NA	NA	NA	NA	NA	NA	NA	1	1	1	NA	NA	NA	2	1	1
19	20986854	21122597	2	1	1	2	d	3	1	1	0.05	0.495598841152	1.210113	0.605056631	0.6050566	1	1	1	NA	NA	NA	NA	NA	NA	NA	NA	NA	NA	1	0	0.263407	1	1	0.736593	2	1	1
19	21122598	21270009	2	1	1	2	e	3	0.93	0.93	0.05	0.321388350875	3.47632	1.73815992	1.7381599	2	2	1	NA	NA	NA	NA	NA	NA	NA	NA	NA	NA	1	0	0.263407	1	1	0.736593	2	1	1
19	21270010	24034442	2	1	1	2	d	3	0.93	0.93	0.0520671803163	0.603587701831	2.586089	1.293044497	1.2930445	1	1	1	NA	NA	NA	NA	NA	NA	NA	NA	NA	NA	1	1	1	NA	NA	NA	2	1	1
19	24034443	24130128	2	1	1	2	d	3	0.93	0.93	0.05	0.617240750616	2.575239	1.287619704	1.2876197	1	1	1	NA	NA	NA	NA	NA	NA	NA	NA	NA	NA	1	1	1	NA	NA	NA	2	1	1
19	24130129	24344985	2	1	1	2	d	2	0.93	0.93	0.05	0.517318139656	1.687799	0.744567126	0.9432321	1	0	0.187782142669358	1	1	0.812217857330642	0.0464832733682102	0.0473435803950911	0.0776218828553045	0.265675144231883	NA	NA	NA	1	1	1	NA	NA	NA	2	1	1
19	24344986	24399999	2	1	1	2	d	2	0.93	0.93	0.05	0.526906820097	0.67475	0.337375142	0.3373751	0	0	0.94069007863054	1	0	0.0593099213694603	0.0178271196019172	0.0171917643318953	0.904362268101368	0.971373703842271	NA	NA	NA	1	1	1	NA	NA	NA	2	1	1
19	24400000	28599999	2	1	1	2	e	3	0.93	0.93	0.0497959837653	1.04249944659	0.849421	0.424710663	0.4247107	NA	NA	NA	NA	NA	NA	NA	NA	NA	NA	NA	NA	NA	0	0	1	NA	NA	NA	2	1	1
19	28600000	29732689	2	1	1	2	d	2	0.93	0.93	0.0451925776385	0.482139681151	1.42955	0.714774831	0.7147748	1	1	1	NA	NA	NA	NA	NA	NA	NA	NA	NA	NA	0	0	1	NA	NA	NA	2	1	1
19	29732690	29807637	2	1	1	2	d	2	0.93	0.93	0.0417568206835	0.423794251262	1.328365	0.664182465	0.6641825	1	1	1	NA	NA	NA	NA	NA	NA	NA	NA	NA	NA	NA	NA	NA	NA	NA	NA	2	1	1
19	29807638	59128982	2	1	1	2	d	2	0.93	0.93	0.0437912016165	0.458772698104	1.860922	0.930460883	0.9304609	1	1	1	NA	NA	NA	NA	NA	NA	NA	NA	NA	NA	1	1	1	NA	NA	NA	3	1	2
20	65900	76209	2	1	1	2	d	3	1	1	0.05	0.1	NA	NA	NA	NA	NA	NA	NA	NA	NA	NA	NA	NA	NA	NA	NA	NA	1	1	1	NA	NA	NA	2	1	1
20	76210	80019	2	1	1	2	d	3	1	1	0.05	0.1	NA	NA	NA	NA	NA	NA	NA	NA	NA	NA	NA	NA	NA	NA	NA	NA	1	1	1	NA	NA	NA	2	1	1
20	80020	19116772	2	1	1	2	d	3	1	1	0.0635811686828	0.575751944862	1.736459	0.868229425	0.8682294	NA	NA	NA	NA	NA	NA	NA	NA	NA	NA	NA	NA	NA	1	1	1	NA	NA	NA	2	1	1
20	19116773	25599999	2	1	1	2	d	4	1	1	0.0470662534358	0.452902156209	1.750468	0.875234211	0.8752342	1	1	1	NA	NA	NA	NA	NA	NA	NA	NA	NA	NA	1	1	1	NA	NA	NA	2	1	1
20	25600000	29399999	2	1	1	2	d	4	1	1	0.0410542628842	0.590571959996	2.208291	1.104145451	1.1041455	1	1	1	NA	NA	NA	NA	NA	NA	NA	NA	NA	NA	1	1	1	NA	NA	NA	2	1	1
20	29400000	51250055	2	1	1	2	d	2	0.89	0.89	0.0496054540225	0.461711196669	1.617405	0.808702464	0.8087025	1	1	1	NA	NA	NA	NA	NA	NA	NA	NA	NA	NA	1	1	1	NA	NA	NA	3	1	2
20	51250056	63025519	2	1	1	2	d	2	0.89	0.89	0.0516265460854	0.456167948558	1.752088	0.876043763	0.8760438	1	1	1	NA	NA	NA	NA	NA	NA	NA	NA	NA	NA	1	1	1	NA	NA	NA	3	1	2
21	1	10899999	NA	NA	NA	NA	NA	NA	1	1	0.05	1.54358478943	NA	NA	NA	NA	NA	NA	NA	NA	NA	NA	NA	NA	NA	NA	NA	NA	1	0	0.854572	1	1	0.145428	NA	NA	NA
21	10900000	14799221	2	1	1	2	f	2	1	1	0.0657165370964	0.559421055067	NA	NA	NA	NA	NA	NA	NA	NA	NA	NA	NA	NA	NA	NA	NA	NA	1	0	0.329377	1	1	0.670623	NA	NA	NA
21	14799222	14920258	2	1	1	2	d	2	1	1	0.05	0.617728468673	NA	NA	NA	NA	NA	NA	NA	NA	NA	NA	NA	NA	NA	NA	NA	NA	1	1	1	NA	NA	NA	NA	NA	NA
21	14920259	48129894	2	1	1	2	d	3	1	1	0.0596700449513	0.598593853823	2.252694	1.126346958	1.126347	1	1	1	NA	NA	NA	NA	NA	NA	NA	NA	NA	NA	1	1	1	NA	NA	NA	NA	NA	NA
22	1	12199999	3	2	1	1	h	1	NA	NA	NA	NA	NA	NA	NA	NA	NA	NA	NA	NA	NA	NA	NA	NA	NA	NA	NA	NA	NA	NA	NA	NA	NA	NA	3	1	2
22	12200000	17899999	NA	NA	NA	NA	NA	NA	0.93	0.93	0.0493184587399	0.627584728941	1.8954	0.94769984	0.9476998	1	1	1	NA	NA	NA	NA	NA	NA	NA	NA	NA	NA	1	1	1	NA	NA	NA	3	1	2
22	17900000	40937499	2	1	1	2	d	2	0.93	0.93	0.0458528460542	0.444697785305	1.667985	0.833992492	0.8339925	1	1	1	NA	NA	NA	NA	NA	NA	NA	NA	NA	NA	1	1	1	NA	NA	NA	3	1	2
22	40937500	51304565	2	2	0	1	g	NA	2	0	0.0335811709174	0.365230789177	1.874111	0.052710694	1.8214005	3	0	1	NA	NA	NA	NA	NA	NA	NA	NA	NA	NA	2	0	1	NA	NA	NA	3	1	2
X	1	58099999	2	1	1	2	e	3	NA	NA	NA	NA	1.831895	0.91594756	0.9159476	1	0	0.054769791611895	1	1	0.945230208388105	0.00362357567197856	0.00345570711410201	0.065753723929797	0.0791154731073374	NA	NA	NA	NA	NA	NA	NA	NA	NA	2	1	1
X	58100000	62999999	NA	NA	NA	NA	NA	NA	NA	NA	NA	NA	1.075552	0.46142041	0.6141318	NA	NA	NA	NA	NA	NA	NA	NA	NA	NA	NA	NA	NA	NA	NA	NA	NA	NA	NA	1	0	1
X	63000000	155270559	2	1	1	1	g	1	NA	NA	NA	NA	1.776514	0.888256874	0.8882569	1	0	0.0730263888158609	1	1	0.926973611184139	0.00357170075480794	0.00353687973222713	0.0834589645305124	0.0978758849701754	NA	NA	NA	NA	NA	NA	NA	NA	NA	1	0	1
