chromosome	start	end	total_cn	major_cn	minor_cn	star	level	methods_agree	absolute_broad_major_cn	absolute_broad_minor_cn	absolute_broad_het_error	absolute_broad_cov_error	aceseq_copy_number	aceseq_minor_cn	aceseq_major_cn	battenberg_nMaj1_A	battenberg_nMin1_A	battenberg_frac1_A	battenberg_nMaj2_A	battenberg_nMin2_A	battenberg_frac2_A	battenberg_SDfrac_A	battenberg_SDfrac_A_BS	battenberg_frac1_A_0.025	battenberg_frac1_A_0.975	clonehd_copy_number	clonehd_minor_cn	clonehd_major_cn	sclust_nMaj1_A	sclust_nMin1_A	sclust_frac1_A	sclust_nMaj2_A	sclust_nMin2_A	sclust_frac2_A	jabba_copy_number	jabba_minor_cn	jabba_major_cn
1	10001	12902499	2	1	1	3	b	5	1	1	0.0449685575412	0.263251790378	NA	NA	NA	1	1	1	NA	NA	NA	NA	NA	NA	NA	2	1	1	1	1	1	NA	NA	NA	2	1	1
1	12902500	75041365	2	1	1	3	b	5	1	1	0.0397528708825	0.0930573828597	NA	NA	NA	1	1	1	NA	NA	NA	NA	NA	NA	NA	2	1	1	1	1	1	NA	NA	NA	2	1	1
1	75041366	75203720	1	1	0	2	d	4	1	0	0.0625327818948	0.083951227319	NA	NA	NA	1	0	0.939952915589336	1	1	0.0600470844106642	0.019162642896165	0.0185750911446491	0.91511895415687	0.987301065756732	1	0	1	1	0	1	NA	NA	NA	1	0	1
1	75203721	75595019	2	1	1	3	b	5	1	1	0.05	0.0900335246225	NA	NA	NA	1	1	1	NA	NA	NA	NA	NA	NA	NA	2	1	1	1	1	1	NA	NA	NA	2	1	1
1	75595020	75602226	2	2	0	1	h	1	1	1	0.05	0.1	NA	NA	NA	2	0	1	NA	NA	NA	NA	NA	NA	NA	NA	NA	NA	1	1	1	NA	NA	NA	1	0	1
1	75602227	121499999	2	1	1	3	b	5	1	1	0.0377750232987	0.0889012736142	NA	NA	NA	1	1	1	NA	NA	NA	NA	NA	NA	NA	2	1	1	1	1	1	NA	NA	NA	2	1	1
1	121500000	128899999	2	1	1	2	d	3	1	1	0.05	0.1	NA	NA	NA	NA	NA	NA	NA	NA	NA	NA	NA	NA	NA	NA	NA	NA	1	1	1	NA	NA	NA	2	1	1
1	128900000	143132602	2	1	1	2	d	3	1	1	0.05	0.380568457206	NA	NA	NA	NA	NA	NA	NA	NA	NA	NA	NA	NA	NA	NA	NA	NA	1	1	1	NA	NA	NA	2	1	1
1	143132603	143292602	2	1	1	1	h	1	NA	NA	NA	NA	NA	NA	NA	NA	NA	NA	NA	NA	NA	NA	NA	NA	NA	NA	NA	NA	1	1	1	NA	NA	NA	NA	NA	NA
1	143292603	149583742	2	1	1	2	d	4	1	1	0.0385556985854	0.162017730134	NA	NA	NA	1	0	0.0555119357643815	1	1	0.944488064235618	0.0153679673210464	0.0151232480068048	0.0423478589555418	0.101019752896241	2	1	1	1	1	1	NA	NA	NA	2	1	1
1	149583743	156833256	2	1	1	3	b	5	1	1	0.0368058494895	0.0886452768605	NA	NA	NA	1	1	1	NA	NA	NA	NA	NA	NA	NA	2	1	1	1	1	1	NA	NA	NA	2	1	1
1	156833257	159748304	1	1	0	2	d	2	1	0.48	0.0665372275924	0.0707056851569	NA	NA	NA	1	0	0.513635235577844	1	1	0.486364764422156	0.00408489331376832	0.00417331826767328	0.505449930013268	0.522363235741835	1	0	1	1	0	0.529852	1	1	0.470148	1	0	1
1	159748305	165669774	2	1	1	2	e	4	1	0.48	0.0636786803848	0.0743998996884	NA	NA	NA	1	0	0.513635235577844	1	1	0.486364764422156	0.00408489331376832	0.00417331826767328	0.505449930013268	0.522363235741835	2	1	1	1	0	0.547186	1	1	0.452814	1	0	1
1	165669775	167113193	1	1	0	3	b	5	1	0	0.0703430737573	0.0622399427068	NA	NA	NA	1	0	1	NA	NA	NA	NA	NA	NA	NA	1	0	1	1	0	1	NA	NA	NA	1	0	1
1	167113194	171418354	2	1	1	2	e	4	1	0.48	0.0620814823894	0.0735245545674	NA	NA	NA	1	0	0.52837589929578	1	1	0.47162410070422	0.00553518647716078	0.005631852960152	0.502155151650157	0.524927643271647	2	1	1	1	0	0.548296	1	1	0.451704	1	0	1
1	171418355	171420872	1	1	0	2	f	2	NA	NA	NA	NA	NA	NA	NA	NA	NA	NA	NA	NA	NA	NA	NA	NA	NA	NA	NA	NA	1	0	0.548296	1	1	0.451704	1	0	1
1	171420873	171801096	2	1	1	2	e	4	1	0.56	0.0600363480814	0.0740681939706	NA	NA	NA	1	0	0.521087955857219	1	1	0.478912044142781	0.0158098767751326	0.0160802106249594	0.465998759585258	0.529659860691471	2	1	1	1	0	0.497473	1	1	0.502527	1	0	1
1	171801097	171802986	1	1	0	2	d	2	1	0.56	0.05	0.1	NA	NA	NA	1	0	1	NA	NA	NA	NA	NA	NA	NA	NA	NA	NA	1	0	0.495538	1	1	0.504462	1	0	1
1	171802987	175081704	2	1	1	2	e	4	1	0.56	0.0593830971471	0.0712553064507	NA	NA	NA	1	0	0.46766888107882	1	1	0.53233111892118	0.0080712102581309	0.0080430577613901	0.45623421900091	0.487544928002944	2	1	1	1	0	0.495538	1	1	0.504462	1	0	1
1	175081705	175108865	1	1	0	2	d	3	1	0	0.05	0.1	NA	NA	NA	1	0	0.298647247428052	1	1	0.701352752571948	0.153434023025146	0.134207162737251	0.105968154923864	0.640162010053471	1	0	1	1	0	0.508362	1	1	0.491638	1	0	1
1	175108866	193942052	2	1	1	2	e	4	1	0.56	0.0602385240558	0.0724335997493	NA	NA	NA	1	0	0.490634763631796	1	1	0.509365236368204	0.00292127816121118	0.00287309545734128	0.477598899655749	0.488837701104117	2	1	1	1	0	0.508362	1	1	0.491638	1	0	1
1	193942053	199522198	2	1	1	3	b	5	1	1	0.0404493300642	0.137239813417	NA	NA	NA	1	1	1	NA	NA	NA	NA	NA	NA	NA	2	1	1	1	1	1	NA	NA	NA	2	1	1
1	199522199	199547941	2	1	1	2	d	3	1	1	0.05	0.1	NA	NA	NA	1	0	0.334052714119348	1	1	0.665947285880652	0.0613237993945709	0.0625846267329045	0.171228732479077	0.419893565120191	1	0	1	1	1	1	NA	NA	NA	2	1	1
1	199547942	247247500	2	1	1	3	b	5	1	1	0.0387589946268	0.0916309424224	NA	NA	NA	1	1	1	NA	NA	NA	NA	NA	NA	NA	2	1	1	1	1	1	NA	NA	NA	2	1	1
1	247247501	249250620	2	1	1	2	d	4	NA	NA	NA	NA	NA	NA	NA	1	1	1	NA	NA	NA	NA	NA	NA	NA	2	1	1	1	1	1	NA	NA	NA	2	1	1
2	60041	90499999	2	1	1	3	b	5	1	1	0.0390490987558	0.0968426810775	NA	NA	NA	1	1	1	NA	NA	NA	NA	NA	NA	NA	2	1	1	1	1	1	NA	NA	NA	2	1	1
2	90500000	96799999	2	1	1	3	b	5	1	1	0.05	0.145039780518	NA	NA	NA	1	1	1	NA	NA	NA	NA	NA	NA	NA	2	1	1	1	1	1	NA	NA	NA	2	1	1
2	96800000	104681622	2	1	1	3	b	5	1	1	0.0370186285755	0.0876976697842	NA	NA	NA	1	1	1	NA	NA	NA	NA	NA	NA	NA	2	1	1	1	1	1	NA	NA	NA	2	1	1
2	104681623	115661463	2	1	1	2	d	2	1	0.62	0.063013791746	0.0809555697253	NA	NA	NA	1	0	0.43558793649262	1	1	0.56441206350738	0.00501414374307202	0.00505790671556123	0.420673680009208	0.441053254317638	2	1	1	1	0	0.45136	1	1	0.54864	2	1	1
2	115661464	115923928	1	1	0	2	d	2	0.56	0	0.0946310854322	0.0535411749265	NA	NA	NA	0	0	0.418568585070398	1	0	0.581431414929602	0.0265061732841771	0.0240117743668876	0.414554459019652	0.50893862949223	1	0	1	1	0	0.45136	1	1	0.54864	1	0	1
2	115923929	117810179	2	1	1	1	g	NA	1	0.62	0.0606495592131	0.0747250611454	NA	NA	NA	1	0	0.429305418177823	1	1	0.570694581822177	0.00801008351696525	0.0079179036947928	0.395619297357158	0.427004472744575	2	1	1	1	0	0.450393	1	1	0.549607	1	0	1
2	117810180	118550053	2	1	1	3	b	5	1	1	0.036098177294	0.0804345593357	NA	NA	NA	1	1	1	NA	NA	NA	NA	NA	NA	NA	2	1	1	1	1	1	NA	NA	NA	2	1	1
2	118550054	118553065	2	1	1	2	d	4	1	1	0.05	0.1	NA	NA	NA	1	1	1	NA	NA	NA	NA	NA	NA	NA	NA	NA	NA	1	1	1	NA	NA	NA	2	1	1
2	118553066	119637295	2	1	1	3	b	5	1	1	0.0388238289384	0.0894663673328	NA	NA	NA	1	1	1	NA	NA	NA	NA	NA	NA	NA	2	1	1	1	1	1	NA	NA	NA	2	1	1
2	119637296	119839530	1	1	0	3	b	5	1	0	0.05	0.0613260168528	NA	NA	NA	1	0	1	NA	NA	NA	NA	NA	NA	NA	1	0	1	1	0	1	NA	NA	NA	1	0	1
2	119839531	119841560	1	1	0	2	d	2	NA	NA	NA	NA	NA	NA	NA	0	0	0.786412949617697	1	0	0.213587050382303	NA	0	0.786412949617697	0.786412949617697	1	0	1	1	0	1	NA	NA	NA	0	0	0
2	119841561	138940414	1	1	0	3	b	5	1	0	0.0644931370399	0.0623429224321	NA	NA	NA	1	0	1	NA	NA	NA	NA	NA	NA	NA	1	0	1	1	0	1	NA	NA	NA	1	0	1
2	138940415	138952550	1	1	0	3	b	5	1	0	0.05	0.1	NA	NA	NA	1	0	1	NA	NA	NA	NA	NA	NA	NA	1	0	1	1	0	1	NA	NA	NA	1	0	1
2	138952551	142724323	1	1	0	3	b	5	1	0	0.0634425871943	0.0618559440514	NA	NA	NA	1	0	1	NA	NA	NA	NA	NA	NA	NA	1	0	1	1	0	1	NA	NA	NA	1	0	1
2	142724324	143146953	1	1	0	2	d	3	0.77	0	0.0702940647511	0.0465906565601	NA	NA	NA	0	0	0.252445323661941	1	0	0.747554676338059	0.0265170118488928	0.0245191538959053	0.232335382194294	0.325684242546335	1	0	1	1	0	1	NA	NA	NA	1	0	1
2	143146954	153610745	1	1	0	3	b	5	1	0	0.0613857638479	0.0585357338976	NA	NA	NA	1	0	1	NA	NA	NA	NA	NA	NA	NA	1	0	1	1	0	1	NA	NA	NA	1	0	1
2	153610746	156959730	2	1	1	3	b	5	1	1	0.0420216736899	0.0810535876284	NA	NA	NA	1	1	1	NA	NA	NA	NA	NA	NA	NA	2	1	1	1	1	1	NA	NA	NA	2	1	1
2	156959731	156966955	2	1	1	2	d	3	1	1	0.05	0.1	NA	NA	NA	2	1	1	NA	NA	NA	NA	NA	NA	NA	2	1	1	1	1	1	NA	NA	NA	1	0	1
2	156966956	157465422	2	1	1	3	b	5	1	1	0.0329344255271	0.0865333852594	NA	NA	NA	1	1	1	NA	NA	NA	NA	NA	NA	NA	2	1	1	1	1	1	NA	NA	NA	2	1	1
2	157465423	163360021	2	1	1	3	b	5	1	1	0.0419641700391	0.0863347621354	NA	NA	NA	1	1	1	NA	NA	NA	NA	NA	NA	NA	2	1	1	1	1	1	NA	NA	NA	2	1	1
2	163360022	164545431	1	1	0	2	d	2	1	0.62	0.0622045975037	0.0743556018861	NA	NA	NA	1	0	0.439608748214088	1	1	0.560391251785912	0.0106576345705052	0.0107582333223298	0.416979005128982	0.459153960123572	1	0	1	1	0	0.464096	1	1	0.535904	1	0	1
2	164545432	185017527	2	1	1	3	b	5	1	1	0.0374136028296	0.0934620160236	NA	NA	NA	1	1	1	NA	NA	NA	NA	NA	NA	NA	2	1	1	1	1	1	NA	NA	NA	2	1	1
2	185017528	185022613	1	1	0	2	d	3	1	1	0.05	0.1	NA	NA	NA	1	0	1	NA	NA	NA	NA	NA	NA	NA	1	0	1	1	1	1	NA	NA	NA	1	0	1
2	185022614	185978387	2	1	1	3	b	5	1	1	0.0355470910762	0.11412715598	NA	NA	NA	1	1	1	NA	NA	NA	NA	NA	NA	NA	2	1	1	1	1	1	NA	NA	NA	2	1	1
2	185978388	187253148	1	1	0	3	b	5	1	0	0.0597964750358	0.0711745330882	NA	NA	NA	1	0	1	NA	NA	NA	NA	NA	NA	NA	1	0	1	1	0	1	NA	NA	NA	1	0	1
2	187253149	199973807	2	1	1	3	b	5	1	1	0.0377092989541	0.0870505018347	NA	NA	NA	1	1	1	NA	NA	NA	NA	NA	NA	NA	2	1	1	1	1	1	NA	NA	NA	2	1	1
2	199973808	199981021	2	1	1	2	d	4	1	1	0.05	0.1	NA	NA	NA	1	1	1	NA	NA	NA	NA	NA	NA	NA	NA	NA	NA	1	1	1	NA	NA	NA	2	1	1
2	199981022	242802500	2	1	1	3	b	5	1	1	0.0396798920499	0.0939890951021	NA	NA	NA	1	1	1	NA	NA	NA	NA	NA	NA	NA	2	1	1	1	1	1	NA	NA	NA	2	1	1
2	242802501	242948200	2	1	1	2	d	2	NA	NA	NA	NA	NA	NA	NA	NA	NA	NA	NA	NA	NA	NA	NA	NA	NA	1	0	1	1	1	1	NA	NA	NA	2	1	1
3	100074	20636480	2	1	1	3	b	5	1	1	0.0406702712569	0.113708257855	NA	NA	NA	1	1	1	NA	NA	NA	NA	NA	NA	NA	2	1	1	1	1	1	NA	NA	NA	2	1	1
3	20636481	20643476	1	1	0	1	g	NA	1	1	0.05	0.1	NA	NA	NA	2	0	1	NA	NA	NA	NA	NA	NA	NA	1	0	1	1	1	1	NA	NA	NA	1	0	1
3	20643477	21221623	2	1	1	3	b	5	1	1	0.0412830427662	0.09316017304	NA	NA	NA	1	1	1	NA	NA	NA	NA	NA	NA	NA	2	1	1	1	1	1	NA	NA	NA	2	1	1
3	21221624	21605685	1	1	0	2	d	4	1	0	0.0635574325673	0.0840857154803	NA	NA	NA	0	0	0.169383692957713	1	0	0.830616307042287	0.0470763475563673	0.0486059608786947	0.0373711924558135	0.231202820041777	1	0	1	1	0	1	NA	NA	NA	1	0	1
3	21605686	21613189	2	1	1	2	d	3	1	1	0.05	0.1	NA	NA	NA	NA	NA	NA	NA	NA	NA	NA	NA	NA	NA	NA	NA	NA	1	1	1	NA	NA	NA	2	1	1
3	21613190	22365985	2	1	1	3	b	5	1	1	0.0568976845333	0.147600938346	NA	NA	NA	1	1	1	NA	NA	NA	NA	NA	NA	NA	2	1	1	1	1	1	NA	NA	NA	2	1	1
3	22365986	22366194	2	1	1	2	d	3	1	0	0.05	0.1	NA	NA	NA	1	1	1	NA	NA	NA	NA	NA	NA	NA	NA	NA	NA	1	1	1	NA	NA	NA	2	1	1
3	22366195	36907897	2	1	1	3	b	5	1	1	0.0409209723502	0.0850348743125	NA	NA	NA	1	1	1	NA	NA	NA	NA	NA	NA	NA	2	1	1	1	1	1	NA	NA	NA	2	1	1
3	36907898	36918218	2	2	0	1	g	NA	1	1	0.05	0.1	NA	NA	NA	1	0	1	NA	NA	NA	NA	NA	NA	NA	2	0	2	1	1	1	NA	NA	NA	1	0	1
3	36918219	75201022	2	1	1	3	b	5	1	1	0.0398937087429	0.0935643826009	NA	NA	NA	1	1	1	NA	NA	NA	NA	NA	NA	NA	2	1	1	1	1	1	NA	NA	NA	2	1	1
3	75201023	75557500	1	1	0	3	b	5	1	0	0.05	0.350219253191	NA	NA	NA	1	0	1	NA	NA	NA	NA	NA	NA	NA	1	0	1	1	0	1	NA	NA	NA	1	0	1
3	75557501	76680004	1	1	0	3	b	5	1	0	0.0531500550675	0.11297901964	NA	NA	NA	1	0	1	NA	NA	NA	NA	NA	NA	NA	1	0	1	1	0	1	NA	NA	NA	1	0	1
3	76680005	86087305	2	1	1	3	b	5	1	1	0.0377831279822	0.0856935390271	NA	NA	NA	1	1	1	NA	NA	NA	NA	NA	NA	NA	2	1	1	1	1	1	NA	NA	NA	2	1	1
3	86087306	86151499	2	1	1	2	d	3	1	1	0.05	0.125288386762	NA	NA	NA	1	1	0.326263615499559	2	1	0.673736384500441	0.125132669680171	0.113379622890761	0.199475039363046	0.646823521695218	2	1	1	2	1	0.625381	1	1	0.374619	2	1	1
3	86151500	86169251	2	1	1	2	d	4	1	1	0.05	0.1	NA	NA	NA	1	1	0.456652869171713	2	1	0.543347130828287	0.152373855192004	0.154621542650214	0.0976196742843571	0.691586934132886	2	1	1	1	1	1	NA	NA	NA	2	1	1
3	86169252	86171545	2	1	1	2	d	2	NA	NA	NA	NA	NA	NA	NA	2	1	0.710331478453566	3	1	0.289668521546434	NA	0	0.710331478453566	0.710331478453566	3	1	2	1	1	1	NA	NA	NA	2	1	1
3	86171546	86171977	2	1	1	2	d	2	NA	NA	NA	NA	NA	NA	NA	1	1	0.18822248199103	2	1	0.81177751800897	NA	0	0.18822248199103	0.18822248199103	NA	NA	NA	1	1	1	NA	NA	NA	2	1	1
3	86171978	86611394	2	1	1	2	d	4	1	1	0.0377650309354	0.0946722136839	NA	NA	NA	1	1	0.759588965820421	2	1	0.240411034179579	0.0182418151362449	0.0172448927724669	0.76348006768547	0.829388866204378	2	1	1	1	1	1	NA	NA	NA	2	1	1
3	86611395	87899999	2	1	1	3	b	5	1	1	0.0327956356575	0.080005101057	NA	NA	NA	1	1	1	NA	NA	NA	NA	NA	NA	NA	2	1	1	1	1	1	NA	NA	NA	2	1	1
3	87900000	93899999	2	1	1	2	d	4	1	1	0.0386741903108	0.0953654732729	NA	NA	NA	NA	NA	NA	NA	NA	NA	NA	NA	NA	NA	2	1	1	1	1	1	NA	NA	NA	2	1	1
3	93900000	112074924	2	1	1	3	b	5	1	1	0.0404579593458	0.0908524514214	NA	NA	NA	1	1	1	NA	NA	NA	NA	NA	NA	NA	2	1	1	1	1	1	NA	NA	NA	2	1	1
3	112074925	112338134	2	1	1	3	b	5	1	1	0.0272625988039	0.0906891763419	NA	NA	NA	1	1	1	NA	NA	NA	NA	NA	NA	NA	2	1	1	1	1	1	NA	NA	NA	2	1	1
3	112338135	112341153	2	1	1	3	b	5	1	1	0.05	0.1	NA	NA	NA	1	1	1	NA	NA	NA	NA	NA	NA	NA	2	1	1	1	1	1	NA	NA	NA	2	1	1
3	112341154	112899622	2	1	1	3	b	5	1	1	0.0369416820889	0.0834231467199	NA	NA	NA	1	1	1	NA	NA	NA	NA	NA	NA	NA	2	1	1	1	1	1	NA	NA	NA	2	1	1
3	112899623	113013257	1	1	0	3	b	5	1	0	0.0694976239046	0.0647124958724	NA	NA	NA	1	0	1	NA	NA	NA	NA	NA	NA	NA	1	0	1	1	0	1	NA	NA	NA	1	0	1
3	113013258	117559618	2	1	1	3	b	5	1	1	0.0388488603942	0.0905147147321	NA	NA	NA	1	1	1	NA	NA	NA	NA	NA	NA	NA	2	1	1	1	1	1	NA	NA	NA	2	1	1
3	117559619	118594305	1	1	0	3	b	5	1	0	0.0644112457357	0.0593086324096	NA	NA	NA	1	0	1	NA	NA	NA	NA	NA	NA	NA	1	0	1	1	0	1	NA	NA	NA	1	0	1
3	118594306	142223169	2	1	1	3	b	5	1	1	0.0378779071688	0.134270447384	NA	NA	NA	1	1	1	NA	NA	NA	NA	NA	NA	NA	2	1	1	1	1	1	NA	NA	NA	2	1	1
3	142223170	142224663	2	1	1	2	d	4	1	1	0.05	0.1	NA	NA	NA	1	1	1	NA	NA	NA	NA	NA	NA	NA	NA	NA	NA	1	1	1	NA	NA	NA	2	1	1
3	142224664	143745815	2	1	1	3	b	5	1	1	0.0345336691128	0.0831153494899	NA	NA	NA	1	1	1	NA	NA	NA	NA	NA	NA	NA	2	1	1	1	1	1	NA	NA	NA	2	1	1
3	143745816	143747161	2	1	1	2	d	4	1	1	0.05	0.1	NA	NA	NA	1	1	1	NA	NA	NA	NA	NA	NA	NA	NA	NA	NA	1	1	1	NA	NA	NA	2	1	1
3	143747162	143948526	2	1	1	3	b	5	1	1	0.05	0.0943760112787	NA	NA	NA	1	1	1	NA	NA	NA	NA	NA	NA	NA	2	1	1	1	1	1	NA	NA	NA	2	1	1
3	143948527	144503039	2	1	1	3	b	5	1	1	0.0298390588417	0.0967542368188	NA	NA	NA	1	1	1	NA	NA	NA	NA	NA	NA	NA	2	1	1	1	1	1	NA	NA	NA	2	1	1
3	144503040	144550117	2	1	1	1	h	1	NA	NA	NA	NA	NA	NA	NA	1	0	0.958449305699323	1	1	0.041550694300677	NA	0	0.958449305699323	0.958449305699323	NA	NA	NA	1	1	1	NA	NA	NA	1	0	1
3	144550118	146733394	2	1	1	2	d	4	1	1	0.0368325051908	0.105683948261	NA	NA	NA	1	1	0.919189568343	2	1	0.0808104316570002	0.0111827656923176	0.0112167356108037	0.884343424788683	0.92715233597588	2	1	1	1	1	1	NA	NA	NA	2	1	1
3	146733395	147254021	1	1	0	3	b	5	1	0	0.056357224873	0.0620634734833	NA	NA	NA	1	0	1	NA	NA	NA	NA	NA	NA	NA	1	0	1	1	0	1	NA	NA	NA	1	0	1
3	147254022	160976830	2	1	1	3	b	5	1	1	0.0391592484286	0.0871309296549	NA	NA	NA	1	1	1	NA	NA	NA	NA	NA	NA	NA	2	1	1	1	1	1	NA	NA	NA	2	1	1
3	160976831	161000311	2	1	1	3	b	5	1	1	0.05	0.1	NA	NA	NA	1	1	1	NA	NA	NA	NA	NA	NA	NA	2	1	1	1	1	1	NA	NA	NA	2	1	1
3	161000312	162414444	2	1	1	3	b	5	1	1	0.0398763894401	0.130851875811	NA	NA	NA	1	1	1	NA	NA	NA	NA	NA	NA	NA	2	1	1	1	1	1	NA	NA	NA	2	1	1
3	162414445	162452528	1	1	0	3	b	5	1	0	0.05	0.1	NA	NA	NA	1	0	1	NA	NA	NA	NA	NA	NA	NA	1	0	1	1	0	1	NA	NA	NA	1	0	1
3	162452529	163178005	2	1	1	3	b	5	1	1	0.024286451814	0.0885589064025	NA	NA	NA	1	1	1	NA	NA	NA	NA	NA	NA	NA	2	1	1	1	1	1	NA	NA	NA	2	1	1
3	163178006	163184518	2	1	1	2	d	4	1	1	0.05	0.1	NA	NA	NA	1	1	1	NA	NA	NA	NA	NA	NA	NA	NA	NA	NA	1	1	1	NA	NA	NA	2	1	1
3	163184519	165263796	2	1	1	3	b	5	1	1	0.0345103255073	0.0851791592995	NA	NA	NA	1	1	1	NA	NA	NA	NA	NA	NA	NA	2	1	1	1	1	1	NA	NA	NA	2	1	1
3	165263797	165268311	2	1	1	2	d	3	1	1	0.05	0.1	NA	NA	NA	1	1	1	NA	NA	NA	NA	NA	NA	NA	1	0	1	1	1	1	NA	NA	NA	1	0	1
3	165268312	197847500	2	1	1	3	b	5	1	1	0.0389393706604	0.0940237280232	NA	NA	NA	1	1	1	NA	NA	NA	NA	NA	NA	NA	2	1	1	1	1	1	NA	NA	NA	2	1	1
4	27500	48199999	2	1	1	3	b	5	1	1	0.040822529802	0.0937104938824	NA	NA	NA	1	1	1	NA	NA	NA	NA	NA	NA	NA	2	1	1	1	1	1	NA	NA	NA	2	1	1
4	48200000	52699999	2	1	1	3	b	5	1	1	0.0401512350019	0.167138279441	NA	NA	NA	1	1	1	NA	NA	NA	NA	NA	NA	NA	2	1	1	1	1	1	NA	NA	NA	2	1	1
4	52700000	113425389	2	1	1	3	b	5	1	1	0.0377655630804	0.0906657068223	NA	NA	NA	1	1	1	NA	NA	NA	NA	NA	NA	NA	2	1	1	1	1	1	NA	NA	NA	2	1	1
4	113425390	113430734	1	1	0	1	g	NA	1	1	0.05	0.1	NA	NA	NA	2	0	1	NA	NA	NA	NA	NA	NA	NA	1	0	1	1	1	1	NA	NA	NA	1	0	1
4	113430735	116070327	2	1	1	3	b	5	1	1	0.0353548052392	0.0875983702403	NA	NA	NA	1	1	1	NA	NA	NA	NA	NA	NA	NA	2	1	1	1	1	1	NA	NA	NA	2	1	1
4	116070328	116084146	1	1	0	3	b	5	1	0	0.05	0.1	NA	NA	NA	1	0	1	NA	NA	NA	NA	NA	NA	NA	1	0	1	1	0	1	NA	NA	NA	1	0	1
4	116084147	119057921	2	1	1	3	b	5	1	1	0.0371674990336	0.0903108449696	NA	NA	NA	1	1	1	NA	NA	NA	NA	NA	NA	NA	2	1	1	1	1	1	NA	NA	NA	2	1	1
4	119057922	119769346	3	2	1	3	b	5	2	1	0.0511160868629	0.104058299789	NA	NA	NA	2	1	1	NA	NA	NA	NA	NA	NA	NA	3	1	2	2	1	1	NA	NA	NA	3	1	2
4	119769347	131661135	2	1	1	3	b	5	1	1	0.0366208725613	0.0841860588888	NA	NA	NA	1	1	1	NA	NA	NA	NA	NA	NA	NA	2	1	1	1	1	1	NA	NA	NA	2	1	1
4	131661136	131662373	2	1	1	2	d	4	1	1	0.05	0.1	NA	NA	NA	1	1	1	NA	NA	NA	NA	NA	NA	NA	NA	NA	NA	1	1	1	NA	NA	NA	2	1	1
4	131662374	164985949	2	1	1	3	b	5	1	1	0.0370778465376	0.0891887110522	NA	NA	NA	1	1	1	NA	NA	NA	NA	NA	NA	NA	2	1	1	1	1	1	NA	NA	NA	2	1	1
4	164985950	165065072	2	1	1	2	d	3	1	1	0.05	0.0837272195064	NA	NA	NA	1	0	0.457925779389676	1	1	0.542074220610324	0.0357100723245218	0.0356343988944584	0.401259482102401	0.540788892056666	2	1	1	1	0	0.421125	1	1	0.578875	2	1	1
4	165065073	191154275	2	1	1	3	b	5	1	1	0.0393012531438	0.0865081088813	NA	NA	NA	1	1	1	NA	NA	NA	NA	NA	NA	NA	2	1	1	1	1	1	NA	NA	NA	2	1	1
5	22500	13694059	2	1	1	3	b	5	1	1	0.0437514926646	0.0922756445008	NA	NA	NA	1	1	1	NA	NA	NA	NA	NA	NA	NA	2	1	1	1	1	1	NA	NA	NA	2	1	1
5	13694060	13699968	2	1	1	2	d	4	1	1	0.05	0.1	NA	NA	NA	1	1	1	NA	NA	NA	NA	NA	NA	NA	NA	NA	NA	1	1	1	NA	NA	NA	2	1	1
5	13699969	27902706	2	1	1	3	b	5	1	1	0.037807896697	0.0932157366318	NA	NA	NA	1	1	1	NA	NA	NA	NA	NA	NA	NA	2	1	1	1	1	1	NA	NA	NA	2	1	1
5	27902707	28889283	1	1	0	3	b	5	1	0	0.0613712617738	0.0614015562515	NA	NA	NA	1	0	1	NA	NA	NA	NA	NA	NA	NA	1	0	1	1	0	1	NA	NA	NA	1	0	1
5	28889284	45336077	2	1	1	3	b	5	1	1	0.0406817628291	0.0855735861717	NA	NA	NA	1	1	1	NA	NA	NA	NA	NA	NA	NA	2	1	1	1	1	1	NA	NA	NA	2	1	1
5	45336078	45476659	1	1	0	3	b	5	1	0	0.05	0.0480946996368	NA	NA	NA	1	0	1	NA	NA	NA	NA	NA	NA	NA	1	0	1	1	0	1	NA	NA	NA	1	0	1
5	45476660	46089941	2	1	1	3	b	5	1	1	0.0346734627466	0.151693152913	NA	NA	NA	1	1	1	NA	NA	NA	NA	NA	NA	NA	2	1	1	1	1	1	NA	NA	NA	2	1	1
5	46089942	46099999	1	1	0	2	d	2	NA	NA	NA	NA	NA	NA	NA	1	1	1	NA	NA	NA	NA	NA	NA	NA	1	0	1	1	0	0.524357	1	1	0.475643	1	0	1
5	46100000	50928606	1	1	0	2	d	2	1	0.48	0.0601517618433	0.167258562725	NA	NA	NA	NA	NA	NA	NA	NA	NA	NA	NA	NA	NA	1	0	1	1	0	0.524357	1	1	0.475643	1	0	1
5	50928607	61391467	1	1	0	2	d	2	1	0.33	0.0638064217882	0.0685225453886	NA	NA	NA	1	0	0.686888669084516	1	1	0.313111330915484	0.00316445675197097	0.00309545948553296	0.677555530027471	0.689925688570555	1	0	1	1	0	0.713873	1	1	0.286127	1	0	1
5	61391468	61399381	1	1	0	1	h	1	1	1	0.05	0.1	NA	NA	NA	1	0	1	NA	NA	NA	NA	NA	NA	NA	NA	NA	NA	1	1	1	NA	NA	NA	1	0	1
5	61399382	61538291	2	1	1	3	b	5	1	1	0.0396418564897	0.0825077180622	NA	NA	NA	1	1	1	NA	NA	NA	NA	NA	NA	NA	2	1	1	1	1	1	NA	NA	NA	2	1	1
5	61538292	61814965	1	1	0	3	b	5	1	0	0.0446160567116	0.0663376202753	NA	NA	NA	1	0	1	NA	NA	NA	NA	NA	NA	NA	1	0	1	1	0	1	NA	NA	NA	1	0	1
5	61814966	61996431	2	1	1	3	b	5	1	1	0.0278889414948	0.0959232225165	NA	NA	NA	1	1	1	NA	NA	NA	NA	NA	NA	NA	2	1	1	1	1	1	NA	NA	NA	2	1	1
5	61996432	62647688	1	1	0	2	d	2	1	0.33	0.0642408635685	0.0981577671481	NA	NA	NA	1	0	0.686888669084516	1	1	0.313111330915484	0.0114312672477225	0.0118140417715791	0.670590949799126	0.716184583779952	1	0	1	1	0	0.730592	1	1	0.269408	1	0	1
5	62647689	63545462	2	1	1	3	b	5	1	1	0.0395243844303	0.0925163670642	NA	NA	NA	1	1	1	NA	NA	NA	NA	NA	NA	NA	2	1	1	1	1	1	NA	NA	NA	2	1	1
5	63545463	63562724	1	1	0	2	d	2	1	0.33	0.05	0.1	NA	NA	NA	NA	NA	NA	NA	NA	NA	NA	NA	NA	NA	1	0	1	1	0	0.734407	1	1	0.265593	1	0	1
5	63562725	80122556	1	1	0	2	d	2	1	0.33	0.065762373634	0.0696834774232	NA	NA	NA	1	0	0.702862824179504	1	1	0.297137175820496	0.00303559035944789	0.00315146870835	0.687181430486403	0.699030989100948	1	0	1	1	0	0.734407	1	1	0.265593	1	0	1
5	80122557	80261851	1	1	0	2	d	2	1	0.33	0.05	0.0566113281422	NA	NA	NA	1	0	0.749333093546743	1	1	0.250666906453257	0.0202031100827774	0.0203395980293461	0.714892287590271	0.794540575636372	1	0	1	1	0	0.77538	1	1	0.22462	1	0	1
5	80261852	80278205	1	1	0	2	d	4	1	0.33	0.05	0.1	NA	NA	NA	1	0	1	NA	NA	NA	NA	NA	NA	NA	1	0	1	1	0	1	NA	NA	NA	1	0	1
5	80278206	80305887	2	1	1	3	b	5	1	1	0.05	0.1	NA	NA	NA	1	1	1	NA	NA	NA	NA	NA	NA	NA	2	1	1	1	1	1	NA	NA	NA	2	1	1
5	80305888	80538566	2	1	1	3	b	5	1	1	0.0314594744862	0.0874188173759	NA	NA	NA	1	1	1	NA	NA	NA	NA	NA	NA	NA	2	1	1	1	1	1	NA	NA	NA	2	1	1
5	80538567	80604840	1	1	0	3	b	5	1	0	0.05	0.0419977228267	NA	NA	NA	1	0	1	NA	NA	NA	NA	NA	NA	NA	1	0	1	1	0	1	NA	NA	NA	1	0	1
5	80604841	81116991	1	1	0	2	d	2	1	0.33	0.0859019443997	0.0843612385176	NA	NA	NA	1	0	0.686888669084516	1	1	0.313111330915484	0.0169866381486462	0.0172351070722395	0.672713308985178	0.736910559134378	1	0	1	1	0	0.713873	1	1	0.286127	1	0	1
5	81116992	82133839	2	1	1	3	b	5	1	1	0.0379595903184	0.0952553369935	NA	NA	NA	1	1	1	NA	NA	NA	NA	NA	NA	NA	2	1	1	1	1	1	NA	NA	NA	2	1	1
5	82133840	82150236	1	1	0	3	b	5	1	0	0.05	0.1	NA	NA	NA	1	0	1	NA	NA	NA	NA	NA	NA	NA	1	0	1	1	0	1	NA	NA	NA	1	0	1
5	82150237	82869646	1	1	0	2	d	2	1	0.33	0.0732637340311	0.0672972118876	NA	NA	NA	1	0	0.643958127266733	1	1	0.356041872733267	0.0112152106329618	0.0106539358650597	0.61672907212718	0.659442187380736	1	0	1	1	0	0.668769	1	1	0.331231	1	0	1
5	82869647	82880278	1	1	0	2	d	4	1	0	0.05	0.1	NA	NA	NA	1	0	1	NA	NA	NA	NA	NA	NA	NA	1	0	1	1	0	0.623264	1	1	0.376736	1	0	1
5	82880279	82959109	1	1	0	2	d	2	1	0.48	0.0536546743586	0.0502274636334	NA	NA	NA	1	0	0.579236239657783	1	1	0.420763760342217	0.0252631328698747	0.0246111020250907	0.540693786578334	0.639057421552175	1	0	1	1	0	0.623264	1	1	0.376736	1	0	1
5	82959110	82977027	1	1	0	2	d	3	1	0	0.05	0.1	NA	NA	NA	1	0	0.927054635950965	1	1	0.0729453640490354	0.0453340143592714	0.0447533838376023	0.795536607455055	0.975456284370088	1	0	1	1	0	0.551012	1	1	0.448988	1	0	1
5	82977028	91330020	1	1	0	2	d	2	1	0.56	0.0634285296169	0.0841007863351	NA	NA	NA	1	0	0.530777607928943	1	1	0.469222392071057	0.00474194798461436	0.00484109981586843	0.518817879899722	0.537924323192334	1	0	1	1	0	0.551012	1	1	0.448988	1	0	1
5	91330021	96408217	2	1	1	3	b	5	1	1	0.040129938819	0.0863476480427	NA	NA	NA	1	1	1	NA	NA	NA	NA	NA	NA	NA	2	1	1	1	1	1	NA	NA	NA	2	1	1
5	96408218	96408503	1	1	0	1	g	NA	1	0	0.05	0.1	NA	NA	NA	NA	NA	NA	NA	NA	NA	NA	NA	NA	NA	1	0	1	1	1	1	NA	NA	NA	2	1	1
5	96408504	96409822	1	1	0	1	g	NA	1	0	0.05	0.1	NA	NA	NA	0	0	0.660202419846337	1	0	0.339797580153663	NA	0	0.660202419846337	0.660202419846337	1	0	1	1	1	1	NA	NA	NA	2	1	1
5	96409823	96799940	1	1	0	3	b	5	1	0	0.0604719078822	0.0581954034253	NA	NA	NA	1	0	1	NA	NA	NA	NA	NA	NA	NA	1	0	1	1	0	1	NA	NA	NA	1	0	1
5	96799941	96809201	2	1	1	2	d	3	1	0	0.05	0.1	NA	NA	NA	1	1	1	NA	NA	NA	NA	NA	NA	NA	2	1	1	1	0	1	NA	NA	NA	2	1	1
5	96809202	98220758	1	1	0	3	b	5	1	0	0.0574061370953	0.0756215089576	NA	NA	NA	1	0	1	NA	NA	NA	NA	NA	NA	NA	1	0	1	1	0	1	NA	NA	NA	1	0	1
5	98220759	98239292	2	1	1	2	d	4	1	1	0.05	0.1	NA	NA	NA	1	1	1	NA	NA	NA	NA	NA	NA	NA	2	1	1	1	0	1	NA	NA	NA	2	1	1
5	98239293	98274605	1	1	0	3	b	5	1	0	0.05	0.1	NA	NA	NA	1	0	1	NA	NA	NA	NA	NA	NA	NA	1	0	1	1	0	1	NA	NA	NA	1	0	1
5	98274606	98331805	2	1	1	3	b	5	1	1	0.05	0.1	NA	NA	NA	1	1	1	NA	NA	NA	NA	NA	NA	NA	2	1	1	1	1	1	NA	NA	NA	2	1	1
5	98331806	98382812	1	1	0	3	b	5	1	0	0.05	0.123672398969	NA	NA	NA	1	0	1	NA	NA	NA	NA	NA	NA	NA	1	0	1	1	0	1	NA	NA	NA	1	0	1
5	98382813	98450373	2	1	1	3	b	5	1	1	0.05	0.0676112335833	NA	NA	NA	1	1	1	NA	NA	NA	NA	NA	NA	NA	2	1	1	1	1	1	NA	NA	NA	2	1	1
5	98450374	98497523	1	1	0	3	b	5	1	0	0.05	0.144269545251	NA	NA	NA	1	0	1	NA	NA	NA	NA	NA	NA	NA	1	0	1	1	0	1	NA	NA	NA	1	0	1
5	98497524	98547993	2	1	1	3	b	5	1	1	0.05	0.113114099442	NA	NA	NA	1	1	1	NA	NA	NA	NA	NA	NA	NA	2	1	1	1	1	1	NA	NA	NA	2	1	1
5	98547994	99444871	1	1	0	3	b	5	1	0	0.0726514312917	0.0695050404423	NA	NA	NA	1	0	1	NA	NA	NA	NA	NA	NA	NA	1	0	1	1	0	1	NA	NA	NA	1	0	1
5	99444872	100024736	2	1	1	3	b	5	1	1	0.0311068911656	0.107417087427	NA	NA	NA	1	1	1	NA	NA	NA	NA	NA	NA	NA	2	1	1	1	1	1	NA	NA	NA	2	1	1
5	100024737	100161127	1	1	0	3	b	5	1	0	0.05	0.0515946068072	NA	NA	NA	1	0	1	NA	NA	NA	NA	NA	NA	NA	1	0	1	1	0	1	NA	NA	NA	1	0	1
5	100161128	100173164	1	1	0	2	d	4	1	0	0.05	0.1	NA	NA	NA	0	0	0.839809712213273	1	0	0.160190287786727	NA	0	0.839809712213273	0.839809712213273	1	0	1	1	0	1	NA	NA	NA	1	0	1
5	100173165	100362594	1	1	0	3	b	5	1	0	0.05	0.0918822892384	NA	NA	NA	1	0	1	NA	NA	NA	NA	NA	NA	NA	1	0	1	1	0	1	NA	NA	NA	1	0	1
5	100362595	101107801	2	1	1	2	d	4	1	1	0.0326670438333	0.0843988160409	NA	NA	NA	1	0	0.0654179684842422	1	1	0.934582031515758	0.0205972763621489	0.0207102319178205	0.0193313329509303	0.101839694308626	2	1	1	1	1	1	NA	NA	NA	2	1	1
5	101107802	101111018	1	1	0	2	d	3	NA	NA	NA	NA	NA	NA	NA	1	0	1	NA	NA	NA	NA	NA	NA	NA	1	0	1	1	1	1	NA	NA	NA	1	0	1
5	101111019	101113634	1	1	0	2	d	4	NA	NA	NA	NA	NA	NA	NA	1	0	1	NA	NA	NA	NA	NA	NA	NA	1	0	1	1	0	1	NA	NA	NA	1	0	1
5	101113635	101164410	1	1	0	3	b	5	1	0	0.05	0.1	NA	NA	NA	1	0	1	NA	NA	NA	NA	NA	NA	NA	1	0	1	1	0	1	NA	NA	NA	1	0	1
5	101164411	101386805	2	1	1	3	b	5	1	1	0.05	0.113309943485	NA	NA	NA	1	1	1	NA	NA	NA	NA	NA	NA	NA	2	1	1	1	1	1	NA	NA	NA	2	1	1
5	101386806	101750475	1	1	0	2	d	4	1	0	0.0718510571569	0.0544638193454	NA	NA	NA	1	0	0.973514489750541	1	1	0.0264855102494586	0.00853686640516821	0.00862351968632743	0.955011502679159	0.989627122886712	1	0	1	1	0	1	NA	NA	NA	1	0	1
5	101750476	101822620	1	1	0	2	d	4	1	0	0.05	0.155144497683	NA	NA	NA	1	0	0.973514489750541	1	1	0.0264855102494586	0.00853686640516821	0.00862351968632743	0.955011502679159	0.989627122886712	1	0	1	1	0	1	NA	NA	NA	1	0	1
5	101822621	102098275	2	1	1	3	b	5	1	1	0.0503893932263	0.081194453704	NA	NA	NA	1	1	1	NA	NA	NA	NA	NA	NA	NA	2	1	1	1	1	1	NA	NA	NA	2	1	1
5	102098276	102128180	1	1	0	2	d	4	1	0	0.05	0.1	NA	NA	NA	1	0	0.96164413671832	1	1	0.0383558632816797	0.0276208465776355	0.0280587173252154	0.880854410275117	0.990462393458049	1	0	1	1	0	1	NA	NA	NA	1	0	1
5	102128181	102149183	2	1	1	3	b	5	1	1	0.05	0.1	NA	NA	NA	1	1	1	NA	NA	NA	NA	NA	NA	NA	2	1	1	1	1	1	NA	NA	NA	2	1	1
5	102149184	102195124	1	1	0	3	b	5	1	0	0.05	0.1	NA	NA	NA	1	0	1	NA	NA	NA	NA	NA	NA	NA	1	0	1	1	0	1	NA	NA	NA	1	0	1
5	102195125	102367720	2	1	1	3	b	5	1	1	0.0430935248938	0.0936752530327	NA	NA	NA	1	1	1	NA	NA	NA	NA	NA	NA	NA	2	1	1	1	1	1	NA	NA	NA	2	1	1
5	102367721	102369042	1	1	0	1	h	1	1	1	0.05	0.1	NA	NA	NA	1	0	1	NA	NA	NA	NA	NA	NA	NA	NA	NA	NA	1	1	1	NA	NA	NA	1	0	1
5	102369043	102390058	2	1	1	3	b	5	1	1	0.05	0.1	NA	NA	NA	1	1	1	NA	NA	NA	NA	NA	NA	NA	2	1	1	1	1	1	NA	NA	NA	2	1	1
5	102390059	102424897	1	1	0	3	b	5	1	0	0.05	0.1	NA	NA	NA	1	0	1	NA	NA	NA	NA	NA	NA	NA	1	0	1	1	0	1	NA	NA	NA	1	0	1
5	102424898	162992510	2	1	1	3	b	5	1	1	0.0383817811617	0.0920224923162	NA	NA	NA	1	1	1	NA	NA	NA	NA	NA	NA	NA	2	1	1	1	1	1	NA	NA	NA	2	1	1
5	162992511	164051215	1	1	0	3	b	5	1	0	0.0618270401458	0.0547684451394	NA	NA	NA	1	0	1	NA	NA	NA	NA	NA	NA	NA	1	0	1	1	0	1	NA	NA	NA	1	0	1
5	164051216	164053305	1	1	0	2	d	3	1	0	0.05	0.1	NA	NA	NA	0	0	0.644021582696163	1	0	0.355978417303837	NA	0	0.644021582696163	0.644021582696163	1	0	1	1	1	1	NA	NA	NA	1	0	1
5	164053306	164138142	1	1	0	2	d	4	1	0	0.05	0.101005507039	NA	NA	NA	1	0	1	NA	NA	NA	NA	NA	NA	NA	1	0	1	1	1	1	NA	NA	NA	1	0	1
5	164138143	180915259	2	1	1	3	b	5	1	1	0.0395919000781	0.0921394917729	NA	NA	NA	1	1	1	NA	NA	NA	NA	NA	NA	NA	2	1	1	1	1	1	NA	NA	NA	2	1	1
6	39681	202776	2	1	1	2	d	2	NA	NA	NA	NA	NA	NA	NA	NA	NA	NA	NA	NA	NA	NA	NA	NA	NA	NA	NA	NA	1	1	1	NA	NA	NA	2	1	1
6	202777	58699999	2	1	1	3	b	5	1	1	0.0425193144726	0.0972089373956	NA	NA	NA	1	1	1	NA	NA	NA	NA	NA	NA	NA	2	1	1	1	1	1	NA	NA	NA	2	1	1
6	58700000	63299999	2	1	1	3	b	5	1	1	0.0463561144756	0.127428738574	NA	NA	NA	1	1	1	NA	NA	NA	NA	NA	NA	NA	2	1	1	1	1	1	NA	NA	NA	2	1	1
6	63300000	64976046	2	1	1	3	b	5	1	1	0.0353211823005	0.0868839033096	NA	NA	NA	1	1	1	NA	NA	NA	NA	NA	NA	NA	2	1	1	1	1	1	NA	NA	NA	2	1	1
6	64976047	93291058	1	1	0	3	b	5	1	0	0.0641697525693	0.0814676832412	NA	NA	NA	1	0	1	NA	NA	NA	NA	NA	NA	NA	1	0	1	1	0	1	NA	NA	NA	1	0	1
6	93291059	93589697	2	1	1	3	b	5	1	1	0.030045077644	0.0930633612434	NA	NA	NA	1	1	1	NA	NA	NA	NA	NA	NA	NA	2	1	1	1	1	1	NA	NA	NA	2	1	1
6	93589698	118112698	1	1	0	3	b	5	1	0	0.0646184133163	0.0665267564991	NA	NA	NA	1	0	1	NA	NA	NA	NA	NA	NA	NA	1	0	1	1	0	1	NA	NA	NA	1	0	1
6	118112699	119220004	2	1	1	3	b	5	1	1	0.0355470796363	0.0797805176037	NA	NA	NA	1	1	1	NA	NA	NA	NA	NA	NA	NA	2	1	1	1	1	1	NA	NA	NA	2	1	1
6	119220005	119220770	2	1	1	2	d	4	1	1	0.05	0.1	NA	NA	NA	1	1	1	NA	NA	NA	NA	NA	NA	NA	NA	NA	NA	1	1	1	NA	NA	NA	2	1	1
6	119220771	127273160	2	1	1	3	b	5	1	1	0.0389464367674	0.0874956867454	NA	NA	NA	1	1	1	NA	NA	NA	NA	NA	NA	NA	2	1	1	1	1	1	NA	NA	NA	2	1	1
6	127273161	127284804	1	1	0	2	d	4	1	0	0.05	0.1	NA	NA	NA	1	0	1	NA	NA	NA	NA	NA	NA	NA	1	0	1	1	1	1	NA	NA	NA	1	0	1
6	127284805	127379682	2	1	1	3	b	5	1	1	0.0313656413247	0.0802031528887	NA	NA	NA	1	1	1	NA	NA	NA	NA	NA	NA	NA	2	1	1	1	1	1	NA	NA	NA	2	1	1
6	127379683	127474670	1	1	0	3	b	5	1	0	0.0502289872165	0.0705610498817	NA	NA	NA	1	0	1	NA	NA	NA	NA	NA	NA	NA	1	0	1	1	0	1	NA	NA	NA	1	0	1
6	127474671	163828469	2	1	1	2	d	3	1	0.85	0.0458803907629	0.107955484488	NA	NA	NA	1	0	0.183170311755872	1	1	0.816829688244128	0.00265683954321368	0.0026378703900942	0.175212875088556	0.185461607199656	2	1	1	1	1	1	NA	NA	NA	2	1	1
6	163828470	163829860	2	1	1	2	d	3	1	1	0.05	0.1	NA	NA	NA	NA	NA	NA	NA	NA	NA	NA	NA	NA	NA	NA	NA	NA	1	1	1	NA	NA	NA	2	1	1
6	163829861	170865316	2	1	1	2	d	4	1	1	0.0401250939689	0.123447452504	NA	NA	NA	1	0	0.0566567602023278	1	1	0.943343239797672	0.00567643357525727	0.0057161572899154	0.0448050593191261	0.0662788376709332	2	1	1	1	1	1	NA	NA	NA	2	1	1
7	40386	13265152	2	1	1	3	b	5	1	1	0.0423259399591	0.103470914291	NA	NA	NA	1	1	1	NA	NA	NA	NA	NA	NA	NA	2	1	1	1	1	1	NA	NA	NA	2	1	1
7	13265153	13279732	1	1	0	2	d	3	1	1	0.05	0.1	NA	NA	NA	1	0	1	NA	NA	NA	NA	NA	NA	NA	1	0	1	1	1	1	NA	NA	NA	1	0	1
7	13279733	17580017	2	1	1	3	b	5	1	1	0.0366034124132	0.0866565187256	NA	NA	NA	1	1	1	NA	NA	NA	NA	NA	NA	NA	2	1	1	1	1	1	NA	NA	NA	2	1	1
7	17580018	17585788	2	1	1	2	d	4	1	1	0.05	0.1	NA	NA	NA	1	1	1	NA	NA	NA	NA	NA	NA	NA	NA	NA	NA	1	1	1	NA	NA	NA	2	1	1
7	17585789	48273868	2	1	1	3	b	5	1	1	0.0391520578876	0.0856206911007	NA	NA	NA	1	1	1	NA	NA	NA	NA	NA	NA	NA	2	1	1	1	1	1	NA	NA	NA	2	1	1
7	48273869	57949987	2	1	1	2	d	2	1	0.56	0.0598793819622	0.0813875305818	NA	NA	NA	1	0	0.465687233277638	1	1	0.534312766722362	0.00353279608371862	0.00355981003065964	0.448748888499983	0.462578374671535	2	1	1	1	0	0.487435	1	1	0.512565	2	1	1
7	57949988	62014685	2	1	1	2	e	3	1	0.56	0.05	0.329892993875	NA	NA	NA	NA	NA	NA	NA	NA	NA	NA	NA	NA	NA	1	0	1	1	0	0.436055	1	1	0.563945	2	1	1
7	62014686	62260020	2	1	1	2	d	4	1	1	0.05	0.199825210359	NA	NA	NA	1	1	1	NA	NA	NA	NA	NA	NA	NA	2	1	1	1	0	0.436055	1	1	0.563945	2	1	1
7	62260021	158821400	2	1	1	3	b	5	1	1	0.039997205886	0.0919877851534	NA	NA	NA	1	1	1	NA	NA	NA	NA	NA	NA	NA	2	1	1	1	1	1	NA	NA	NA	2	1	1
8	10001	155756	2	1	1	2	d	2	NA	NA	NA	NA	NA	NA	NA	NA	NA	NA	NA	NA	NA	NA	NA	NA	NA	NA	NA	NA	1	1	1	NA	NA	NA	2	1	1
8	155757	3924136	2	1	1	3	b	5	1	1	0.0425538734532	0.103131344374	NA	NA	NA	1	1	1	NA	NA	NA	NA	NA	NA	NA	2	1	1	1	1	1	NA	NA	NA	2	1	1
8	3924137	30951281	1	1	0	3	b	5	1	0	0.0656952696478	0.125513288593	NA	NA	NA	1	0	1	NA	NA	NA	NA	NA	NA	NA	1	0	1	1	0	1	NA	NA	NA	1	0	1
8	30951282	43099999	2	1	1	3	b	5	1	1	0.0367640696783	0.0927655173095	NA	NA	NA	1	1	1	NA	NA	NA	NA	NA	NA	NA	2	1	1	1	1	1	NA	NA	NA	2	1	1
8	43100000	48099999	2	1	1	2	d	4	1	1	0.0310264016478	0.258594351978	NA	NA	NA	NA	NA	NA	NA	NA	NA	NA	NA	NA	NA	2	1	1	1	1	1	NA	NA	NA	2	1	1
8	48100000	146364021	2	1	1	3	b	5	1	1	0.0379862506087	0.0912329829917	NA	NA	NA	1	1	1	NA	NA	NA	NA	NA	NA	NA	2	1	1	1	1	1	NA	NA	NA	2	1	1
9	55056	44867499	2	1	1	3	b	5	1	1	0.0382574845022	0.0999080649583	NA	NA	NA	1	1	1	NA	NA	NA	NA	NA	NA	NA	2	1	1	1	1	1	NA	NA	NA	2	1	1
9	44867500	47299999	2	1	1	3	b	5	1	1	0.05	0.161242907188	NA	NA	NA	1	1	1	NA	NA	NA	NA	NA	NA	NA	2	1	1	1	1	1	NA	NA	NA	2	1	1
9	47300000	50699999	2	1	1	2	d	2	1	1	0.05	0.1	NA	NA	NA	NA	NA	NA	NA	NA	NA	NA	NA	NA	NA	NA	NA	NA	NA	NA	NA	NA	NA	NA	2	1	1
9	50700000	66799971	2	1	1	2	d	3	1	1	0.05	0.144163283399	NA	NA	NA	NA	NA	NA	NA	NA	NA	NA	NA	NA	NA	2	1	1	2	1	0.660951	1	1	0.339049	2	1	1
9	66799972	117734585	2	1	1	3	b	5	1	1	0.0389564909694	0.0957311010756	NA	NA	NA	1	1	1	NA	NA	NA	NA	NA	NA	NA	2	1	1	1	1	1	NA	NA	NA	2	1	1
9	117734586	117744997	2	1	1	2	d	4	1	1	0.05	0.1	NA	NA	NA	1	0	0.522035388504232	1	1	0.477964611495768	0.0741841598938935	0.0660508122939724	0.298647247428052	0.556052732116036	2	1	1	1	1	1	NA	NA	NA	2	1	1
9	117744998	140273200	2	1	1	3	b	5	1	1	0.0391558273212	0.0862204839598	NA	NA	NA	1	1	1	NA	NA	NA	NA	NA	NA	NA	2	1	1	1	1	1	NA	NA	NA	2	1	1
10	94426	37999999	2	1	1	3	b	5	1	1	0.0391899918777	0.0845075874449	NA	NA	NA	1	1	1	NA	NA	NA	NA	NA	NA	NA	2	1	1	1	1	1	NA	NA	NA	2	1	1
10	38000000	42450604	2	1	1	3	b	5	1	1	0.0459588270136	0.141270335202	NA	NA	NA	1	1	1	NA	NA	NA	NA	NA	NA	NA	2	1	1	1	1	1	NA	NA	NA	2	1	1
10	42450605	60176708	2	1	1	3	b	5	1	1	0.0387383997383	0.0987396369717	NA	NA	NA	1	1	1	NA	NA	NA	NA	NA	NA	NA	2	1	1	1	1	1	NA	NA	NA	2	1	1
10	60176709	60220099	1	1	0	3	b	5	1	0	0.05	0.1	NA	NA	NA	1	0	1	NA	NA	NA	NA	NA	NA	NA	1	0	1	1	0	1	NA	NA	NA	1	0	1
10	60220100	60446773	2	1	1	3	b	5	1	1	0.05	0.0752081303729	NA	NA	NA	1	1	1	NA	NA	NA	NA	NA	NA	NA	2	1	1	1	1	1	NA	NA	NA	2	1	1
10	60446774	60466798	1	1	0	3	b	5	1	0	0.05	0.1	NA	NA	NA	1	0	1	NA	NA	NA	NA	NA	NA	NA	1	0	1	1	0	1	NA	NA	NA	1	0	1
10	60466799	67235714	2	1	1	3	b	5	1	1	0.0370165821316	0.0870953180751	NA	NA	NA	1	1	1	NA	NA	NA	NA	NA	NA	NA	2	1	1	1	1	1	NA	NA	NA	2	1	1
10	67235715	67237617	2	1	1	2	d	4	1	1	0.05	0.1	NA	NA	NA	1	1	1	NA	NA	NA	NA	NA	NA	NA	NA	NA	NA	1	1	1	NA	NA	NA	2	1	1
10	67237618	135389924	2	1	1	3	b	5	1	1	0.038647094349	0.0945398413427	NA	NA	NA	1	1	1	NA	NA	NA	NA	NA	NA	NA	2	1	1	1	1	1	NA	NA	NA	2	1	1
11	20721	204071	2	1	1	2	d	3	1	1	0.05	0.1	NA	NA	NA	NA	NA	NA	NA	NA	NA	NA	NA	NA	NA	NA	NA	NA	1	1	1	NA	NA	NA	2	1	1
11	204072	22406384	2	1	1	3	b	5	1	1	0.0389531546505	0.0909610500761	NA	NA	NA	1	1	1	NA	NA	NA	NA	NA	NA	NA	2	1	1	1	1	1	NA	NA	NA	2	1	1
11	22406385	24502345	1	1	0	3	b	5	1	0	0.0605690321438	0.0650544234611	NA	NA	NA	1	0	1	NA	NA	NA	NA	NA	NA	NA	1	0	1	1	0	1	NA	NA	NA	1	0	1
11	24502346	37412729	2	1	1	3	b	5	1	1	0.0390173367451	0.0849054910305	NA	NA	NA	1	1	1	NA	NA	NA	NA	NA	NA	NA	2	1	1	1	1	1	NA	NA	NA	2	1	1
11	37412730	39464821	1	1	0	3	b	5	1	0	0.0682011091563	0.0645495186402	NA	NA	NA	1	0	1	NA	NA	NA	NA	NA	NA	NA	1	0	1	1	0	1	NA	NA	NA	1	0	1
11	39464822	50418701	2	1	1	3	b	5	1	1	0.0401678306138	0.090682112889	NA	NA	NA	1	1	1	NA	NA	NA	NA	NA	NA	NA	2	1	1	1	1	1	NA	NA	NA	2	1	1
11	50418702	50747917	1	1	0	2	d	4	1	0	0.0644215660389	0.125141837383	NA	NA	NA	0	0	0.145651798470787	1	0	0.854348201529213	0.0228034060071245	0.0224840011299504	0.0943356016827892	0.182421839414133	1	0	1	1	0	1	NA	NA	NA	1	0	1
11	50747918	55699999	NA	NA	NA	NA	NA	NA	1	1	0.0348820152362	0.253185657117	NA	NA	NA	NA	NA	NA	NA	NA	NA	NA	NA	NA	NA	2	1	1	1	1	1	NA	NA	NA	2	1	1
11	55700000	81215992	2	1	1	3	b	5	1	1	0.0374985711761	0.0946705749198	NA	NA	NA	1	1	1	NA	NA	NA	NA	NA	NA	NA	2	1	1	1	1	1	NA	NA	NA	2	1	1
11	81215993	81235576	2	1	1	2	d	4	1	1	0.05	0.1	NA	NA	NA	1	0	0.171722167271127	1	1	0.828277832728873	0.0659045590862118	0.0628834654405178	0.100335848488639	0.344033888355622	2	1	1	1	1	1	NA	NA	NA	2	1	1
11	81235577	97447424	2	1	1	3	b	5	1	1	0.0369064210341	0.0871848449057	NA	NA	NA	1	1	1	NA	NA	NA	NA	NA	NA	NA	2	1	1	1	1	1	NA	NA	NA	2	1	1
11	97447425	97632762	1	1	0	3	b	5	1	0	0.0579161669533	0.0971612483524	NA	NA	NA	1	0	1	NA	NA	NA	NA	NA	NA	NA	1	0	1	1	0	1	NA	NA	NA	1	0	1
11	97632763	104320182	2	1	1	3	b	5	1	1	0.0425794794894	0.0846927317386	NA	NA	NA	1	1	1	NA	NA	NA	NA	NA	NA	NA	2	1	1	1	1	1	NA	NA	NA	2	1	1
11	104320183	104321928	2	1	1	2	d	4	1	1	0.05	0.1	NA	NA	NA	1	1	1	NA	NA	NA	NA	NA	NA	NA	NA	NA	NA	1	1	1	NA	NA	NA	2	1	1
11	104321929	105750899	2	1	1	3	b	5	1	1	0.0363209559114	0.0793399505011	NA	NA	NA	1	1	1	NA	NA	NA	NA	NA	NA	NA	2	1	1	1	1	1	NA	NA	NA	2	1	1
11	105750900	105752812	2	1	1	2	d	4	1	1	0.05	0.1	NA	NA	NA	1	1	1	NA	NA	NA	NA	NA	NA	NA	NA	NA	NA	1	1	1	NA	NA	NA	2	1	1
11	105752813	109132758	2	1	1	3	b	5	1	1	0.0406920453302	0.0849442068291	NA	NA	NA	1	1	1	NA	NA	NA	NA	NA	NA	NA	2	1	1	1	1	1	NA	NA	NA	2	1	1
11	109132759	109171138	2	1	1	2	d	4	NA	NA	NA	NA	NA	NA	NA	1	1	1	NA	NA	NA	NA	NA	NA	NA	2	1	1	1	1	1	NA	NA	NA	2	1	1
11	109171139	134452200	2	1	1	3	b	5	1	1	0.0401732303589	0.0886623200964	NA	NA	NA	1	1	1	NA	NA	NA	NA	NA	NA	NA	2	1	1	1	1	1	NA	NA	NA	2	1	1
12	110107	33299999	2	1	1	3	b	5	1	1	0.0387364861612	0.093036762378	NA	NA	NA	1	1	1	NA	NA	NA	NA	NA	NA	NA	2	1	1	1	1	1	NA	NA	NA	2	1	1
12	33300000	38199999	2	1	1	2	d	4	1	1	0.0364682403591	0.136407073929	NA	NA	NA	NA	NA	NA	NA	NA	NA	NA	NA	NA	NA	2	1	1	1	1	1	NA	NA	NA	2	1	1
12	38200000	132349400	2	1	1	3	b	5	1	1	0.039645551383	0.0920520614599	NA	NA	NA	1	1	1	NA	NA	NA	NA	NA	NA	NA	2	1	1	1	1	1	NA	NA	NA	2	1	1
12	132349401	133851894	2	1	1	2	d	4	NA	NA	NA	NA	NA	NA	NA	1	1	1	NA	NA	NA	NA	NA	NA	NA	2	1	1	1	1	1	NA	NA	NA	2	1	1
13	1	16299999	2	1	1	1	h	1	NA	NA	NA	NA	NA	NA	NA	NA	NA	NA	NA	NA	NA	NA	NA	NA	NA	NA	NA	NA	NA	NA	NA	NA	NA	NA	2	1	1
13	16300000	19499999	2	1	1	3	b	5	1	1	0.05	0.224501425527	NA	NA	NA	1	1	1	NA	NA	NA	NA	NA	NA	NA	2	1	1	1	1	1	NA	NA	NA	2	1	1
13	19500000	57408757	2	1	1	3	b	5	1	1	0.0401285806925	0.0967156181818	NA	NA	NA	1	1	1	NA	NA	NA	NA	NA	NA	NA	2	1	1	1	1	1	NA	NA	NA	2	1	1
13	57408758	57409093	2	1	1	2	d	4	1	1	0.05	0.1	NA	NA	NA	1	1	1	NA	NA	NA	NA	NA	NA	NA	NA	NA	NA	1	1	1	NA	NA	NA	2	1	1
13	57409094	57557738	2	1	1	2	d	4	1	1	0.05	0.112648626839	NA	NA	NA	1	1	1	NA	NA	NA	NA	NA	NA	NA	2	1	1	1	0	0.502151	1	1	0.497849	2	1	1
13	57557739	57561482	1	1	0	2	d	3	1	1	0.05	0.1	NA	NA	NA	1	0	1	NA	NA	NA	NA	NA	NA	NA	1	0	1	1	0	0.502151	1	1	0.497849	1	0	1
13	57561483	63513572	2	1	1	3	b	5	1	1	0.0376126090601	0.111595788441	NA	NA	NA	1	1	1	NA	NA	NA	NA	NA	NA	NA	2	1	1	1	1	1	NA	NA	NA	2	1	1
13	63513573	63514064	2	1	1	2	d	4	1	1	0.05	0.1	NA	NA	NA	1	1	1	NA	NA	NA	NA	NA	NA	NA	NA	NA	NA	1	1	1	NA	NA	NA	2	1	1
13	63514065	87770682	2	1	1	3	b	5	1	1	0.0373746007412	0.0837899955104	NA	NA	NA	1	1	1	NA	NA	NA	NA	NA	NA	NA	2	1	1	1	1	1	NA	NA	NA	2	1	1
13	87770683	87771689	2	1	1	2	d	4	1	1	0.05	0.1	NA	NA	NA	1	1	1	NA	NA	NA	NA	NA	NA	NA	NA	NA	NA	1	1	1	NA	NA	NA	2	1	1
13	87771690	114142800	2	1	1	3	b	5	1	1	0.0396938523435	0.0865110538142	NA	NA	NA	1	1	1	NA	NA	NA	NA	NA	NA	NA	2	1	1	1	1	1	NA	NA	NA	2	1	1
13	114142801	115169877	2	1	1	2	d	3	NA	NA	NA	NA	NA	NA	NA	1	0	0.0597294494856089	1	1	0.940270550514391	0.021497735203898	0.0215095762448812	0.0216732438999637	0.10759701715634	2	1	1	1	1	1	NA	NA	NA	2	1	1
14	1	16099999	2	1	1	1	h	1	NA	NA	NA	NA	NA	NA	NA	NA	NA	NA	NA	NA	NA	NA	NA	NA	NA	NA	NA	NA	NA	NA	NA	NA	NA	NA	2	1	1
14	16100000	19099999	2	1	1	2	f	2	1.44	0.56	0.05	0.136595332356	NA	NA	NA	NA	NA	NA	NA	NA	NA	NA	NA	NA	NA	NA	NA	NA	NA	NA	NA	NA	NA	NA	2	1	1
14	19100000	20461263	2	1	1	2	d	2	1.44	0.56	0.05	0.461030247367	NA	NA	NA	1	1	1	NA	NA	NA	NA	NA	NA	NA	NA	NA	NA	NA	NA	NA	NA	NA	NA	2	1	1
14	20461264	40125359	2	1	1	3	b	5	1	1	0.0387246921317	0.0908400984857	NA	NA	NA	1	1	1	NA	NA	NA	NA	NA	NA	NA	2	1	1	1	1	1	NA	NA	NA	2	1	1
14	40125360	43805893	2	1	1	2	d	4	1	1	0.0464965837795	0.0850105258911	NA	NA	NA	1	0	0.208148081540762	1	1	0.791851918459238	0.00941413894830653	0.00934944654890419	0.198524636425193	0.235946004933509	2	1	1	1	1	1	NA	NA	NA	2	1	1
14	43805894	64201893	2	1	1	3	b	5	1	1	0.0379514930309	0.0877544710572	NA	NA	NA	1	1	1	NA	NA	NA	NA	NA	NA	NA	2	1	1	1	1	1	NA	NA	NA	2	1	1
14	64201894	64446309	2	1	1	3	b	5	1	1	0.05	0.0787601510083	NA	NA	NA	1	1	1	NA	NA	NA	NA	NA	NA	NA	2	1	1	1	1	1	NA	NA	NA	2	1	1
14	64446310	106368400	2	1	1	3	b	5	1	1	0.0391582287606	0.0888425862958	NA	NA	NA	1	1	1	NA	NA	NA	NA	NA	NA	NA	2	1	1	1	1	1	NA	NA	NA	2	1	1
15	1	15799999	2	1	1	1	h	1	NA	NA	NA	NA	NA	NA	NA	NA	NA	NA	NA	NA	NA	NA	NA	NA	NA	NA	NA	NA	NA	NA	NA	NA	NA	NA	2	1	1
15	15800000	20699999	2	1	1	2	d	4	1	1	0.05	0.158596048927	NA	NA	NA	1	1	1	NA	NA	NA	NA	NA	NA	NA	2	1	1	2	0	0.517841	2	1	0.482159	2	1	1
15	20700000	100338800	2	1	1	3	b	5	1	1	0.0396002067405	0.107027829423	NA	NA	NA	1	1	1	NA	NA	NA	NA	NA	NA	NA	2	1	1	1	1	1	NA	NA	NA	2	1	1
15	100338801	102531391	2	1	1	2	d	4	NA	NA	NA	NA	NA	NA	NA	1	1	1	NA	NA	NA	NA	NA	NA	NA	2	1	1	1	1	1	NA	NA	NA	2	1	1
16	84170	34599999	2	1	1	3	b	5	1	1	0.0400946652273	0.123314573426	NA	NA	NA	1	1	1	NA	NA	NA	NA	NA	NA	NA	2	1	1	1	1	1	NA	NA	NA	2	1	1
16	34600000	38599999	2	1	1	3	b	5	1	1	0.05	0.167262609019	NA	NA	NA	1	1	1	NA	NA	NA	NA	NA	NA	NA	2	1	1	1	1	1	NA	NA	NA	2	1	1
16	38600000	59881936	2	1	1	3	b	5	1	1	0.042326336265	0.0953949092428	NA	NA	NA	1	1	1	NA	NA	NA	NA	NA	NA	NA	2	1	1	1	1	1	NA	NA	NA	2	1	1
16	59881937	59907759	1	1	0	2	d	4	1	0	0.05	0.1	NA	NA	NA	1	0	1	NA	NA	NA	NA	NA	NA	NA	1	0	1	1	1	1	NA	NA	NA	1	0	1
16	59907760	62751983	2	1	1	3	b	5	1	1	0.0386902606146	0.0835208607798	NA	NA	NA	1	1	1	NA	NA	NA	NA	NA	NA	NA	2	1	1	1	1	1	NA	NA	NA	2	1	1
16	62751984	62783297	1	1	0	2	d	4	1	0	0.05	0.1	NA	NA	NA	1	0	1	NA	NA	NA	NA	NA	NA	NA	1	0	1	1	0	1	NA	NA	NA	2	1	1
16	62783298	63407335	2	1	1	3	b	5	1	1	0.05	0.0829826490069	NA	NA	NA	1	1	1	NA	NA	NA	NA	NA	NA	NA	2	1	1	1	1	1	NA	NA	NA	2	1	1
16	63407336	64908285	1	1	0	3	b	5	1	0	0.0700735529112	0.060142866906	NA	NA	NA	1	0	1	NA	NA	NA	NA	NA	NA	NA	1	0	1	1	0	1	NA	NA	NA	1	0	1
16	64908286	65358830	2	1	1	3	b	5	1	1	0.0389229175503	0.0830129385954	NA	NA	NA	1	1	1	NA	NA	NA	NA	NA	NA	NA	2	1	1	1	1	1	NA	NA	NA	2	1	1
16	65358831	65366576	1	1	0	2	d	3	1	1	0.05	0.1	NA	NA	NA	1	0	1	NA	NA	NA	NA	NA	NA	NA	1	0	1	1	1	1	NA	NA	NA	1	0	1
16	65366577	65528338	2	1	1	3	b	5	1	1	0.05	0.0889713749399	NA	NA	NA	1	1	1	NA	NA	NA	NA	NA	NA	NA	2	1	1	1	1	1	NA	NA	NA	2	1	1
16	65528339	65544337	1	1	0	2	d	3	NA	NA	NA	NA	NA	NA	NA	1	0	1	NA	NA	NA	NA	NA	NA	NA	1	0	1	1	1	1	NA	NA	NA	1	0	1
16	65544338	65569353	2	1	1	2	d	3	NA	NA	NA	NA	NA	NA	NA	1	1	1	NA	NA	NA	NA	NA	NA	NA	NA	NA	NA	1	1	1	NA	NA	NA	2	1	1
16	65569354	65591252	1	1	0	2	d	3	NA	NA	NA	NA	NA	NA	NA	1	0	1	NA	NA	NA	NA	NA	NA	NA	1	0	1	1	1	1	NA	NA	NA	1	0	1
16	65591253	66090023	2	1	1	3	b	5	1	1	0.0389128576583	0.0724349828933	NA	NA	NA	1	1	1	NA	NA	NA	NA	NA	NA	NA	2	1	1	1	1	1	NA	NA	NA	2	1	1
16	66090024	66124616	1	1	0	2	d	3	1	0	0.0997173153289	0.1	NA	NA	NA	1	0	0.89594174228415	1	1	0.10405825771585	0.0469263499353683	0.0495289785275085	0.719732019583219	0.912689224144964	1	0	1	1	0	0.857122	1	1	0.142878	1	0	1
16	66124617	66482849	2	1	1	3	b	5	1	1	0.0431326456491	0.0941044337373	NA	NA	NA	1	1	1	NA	NA	NA	NA	NA	NA	NA	2	1	1	1	1	1	NA	NA	NA	2	1	1
16	66482850	85176662	1	1	0	3	b	5	1	0	0.0671744834696	0.0632530401552	NA	NA	NA	1	0	1	NA	NA	NA	NA	NA	NA	NA	1	0	1	1	0	1	NA	NA	NA	1	0	1
16	85176663	85319727	2	1	1	3	b	5	1	1	0.05	0.0834743187731	NA	NA	NA	1	1	1	NA	NA	NA	NA	NA	NA	NA	2	1	1	1	1	1	NA	NA	NA	2	1	1
16	85319728	87039385	1	1	0	3	b	5	1	0	0.0658839684323	0.0550158983039	NA	NA	NA	1	0	1	NA	NA	NA	NA	NA	NA	NA	1	0	1	1	0	1	NA	NA	NA	1	0	1
16	87039386	87047613	2	1	1	1	g	NA	1	0	0.05	0.1	NA	NA	NA	1	0	0.311785738646013	1	1	0.688214261353987	0.0820890988174501	0.0823025607190545	0.0919089694709819	0.408640587407526	2	1	1	1	0	1	NA	NA	NA	2	1	1
16	87047614	87103502	1	1	0	3	b	5	1	0	0.05	0.1	NA	NA	NA	1	0	1	NA	NA	NA	NA	NA	NA	NA	1	0	1	1	0	1	NA	NA	NA	1	0	1
16	87103503	88827200	2	1	1	3	b	5	1	1	0.0392870276503	0.0987531635721	NA	NA	NA	1	1	1	NA	NA	NA	NA	NA	NA	NA	2	1	1	1	1	1	NA	NA	NA	2	1	1
16	88827201	90354752	2	1	1	2	d	4	NA	NA	NA	NA	NA	NA	NA	1	1	1	NA	NA	NA	NA	NA	NA	NA	2	1	1	1	1	1	NA	NA	NA	2	1	1
17	28803	985908	2	1	1	3	b	5	1	1	0.0474854831141	0.104544361815	NA	NA	NA	1	1	1	NA	NA	NA	NA	NA	NA	NA	2	1	1	1	1	1	NA	NA	NA	2	1	1
17	985909	2876705	3	2	1	2	d	2	1.38	1	0.0507001382906	0.0850945238864	NA	NA	NA	1	1	0.625333453226629	2	1	0.374666546773371	0.0149296809299315	0.0145381544710466	0.615503976684606	0.672610285153534	3	1	2	2	1	0.443315	1	1	0.556685	3	1	2
17	2876706	22199999	2	1	1	3	b	5	1	1	0.0397697218595	0.101490674591	NA	NA	NA	1	1	1	NA	NA	NA	NA	NA	NA	NA	2	1	1	1	1	1	NA	NA	NA	2	1	1
17	22200000	25799999	2	1	1	3	b	5	1	1	0.05	0.119326620356	NA	NA	NA	1	1	1	NA	NA	NA	NA	NA	NA	NA	2	1	1	1	1	1	NA	NA	NA	2	1	1
17	25800000	79915806	2	1	1	3	b	5	1	1	0.0400392541835	0.105777827485	NA	NA	NA	1	1	1	NA	NA	NA	NA	NA	NA	NA	2	1	1	1	1	1	NA	NA	NA	2	1	1
17	79915807	80158069	3	2	1	2	f	2	NA	NA	NA	NA	NA	NA	NA	1	1	0.638479647850255	2	1	0.361520352149745	0.0942689362116289	0.0988279761947263	0.329819437715001	0.725545208581261	3	1	2	2	1	0.476522	1	1	0.523478	500	179	321
17	80158070	81195209	2	1	1	2	d	2	NA	NA	NA	NA	NA	NA	NA	NA	NA	NA	NA	NA	NA	NA	NA	NA	NA	2	1	1	1	1	1	NA	NA	NA	500	179	321
18	27500	5095497	2	1	1	3	b	5	1	1	0.0421353790675	0.0868027115156	NA	NA	NA	1	1	1	NA	NA	NA	NA	NA	NA	NA	2	1	1	1	1	1	NA	NA	NA	2	1	1
18	5095498	5180717	2	1	1	2	d	2	1	1	0.0452619109505	0.0584867120284	NA	NA	NA	1	0	0.445549406973739	1	1	0.554450593026261	0.0371171902217867	0.0361085750790539	0.354517117662854	0.496042146646061	2	1	1	1	0	0.486914	1	1	0.513086	1	0	1
18	5180718	5213800	2	1	1	3	b	5	1	1	0.05	0.1	NA	NA	NA	1	1	1	NA	NA	NA	NA	NA	NA	NA	2	1	1	1	1	1	NA	NA	NA	2	1	1
18	5213801	5220538	2	1	1	2	d	3	1	1	0.05	0.1	NA	NA	NA	1	0	0.412298120698988	1	1	0.587701879301012	0.0849348633166238	0.0909916313585832	0.0960089864090022	0.452543373298909	2	1	1	1	1	1	NA	NA	NA	1	0	1
18	5220539	5288708	2	1	1	3	b	5	1	1	0.05	0.0525929467562	NA	NA	NA	1	1	1	NA	NA	NA	NA	NA	NA	NA	2	1	1	1	1	1	NA	NA	NA	2	1	1
18	5288709	5301428	2	1	1	2	d	2	1	1	0.05	0.1	NA	NA	NA	1	0	0.392881984223744	1	1	0.607118015776256	0.0673321975413748	0.0593279986328685	0.364247504935964	0.5933453359722	NA	NA	NA	1	1	1	NA	NA	NA	1	0	1
18	5301429	15399999	2	1	1	3	b	5	1	1	0.0392907601094	0.094361884902	NA	NA	NA	1	1	1	NA	NA	NA	NA	NA	NA	NA	2	1	1	1	1	1	NA	NA	NA	2	1	1
18	15400000	18999999	2	1	1	2	d	4	1	1	0.05	0.11100823252	NA	NA	NA	1	1	1	NA	NA	NA	NA	NA	NA	NA	NA	NA	NA	1	1	1	NA	NA	NA	2	1	1
18	19000000	27848746	2	1	1	3	b	5	1	1	0.037628061546	0.0847593071179	NA	NA	NA	1	1	1	NA	NA	NA	NA	NA	NA	NA	2	1	1	1	1	1	NA	NA	NA	2	1	1
18	27848747	27854147	2	1	1	2	d	3	1	1	0.05	0.1	NA	NA	NA	1	0	0.388158693887094	1	1	0.611841306112906	0.077623481974845	0.0747597582199582	0.234867260794687	0.528657000146621	2	1	1	1	1	1	NA	NA	NA	1	0	1
18	27854148	76117000	2	1	1	3	b	5	1	1	0.0388854037285	0.0900655520402	NA	NA	NA	1	1	1	NA	NA	NA	NA	NA	NA	NA	2	1	1	1	1	1	NA	NA	NA	2	1	1
18	76117001	78077247	2	1	1	2	d	4	NA	NA	NA	NA	NA	NA	NA	1	1	1	NA	NA	NA	NA	NA	NA	NA	2	1	1	1	1	1	NA	NA	NA	2	1	1
19	102500	245630	2	1	1	2	d	3	1	1	0.05	0.1	NA	NA	NA	NA	NA	NA	NA	NA	NA	NA	NA	NA	NA	NA	NA	NA	1	1	1	NA	NA	NA	2	1	1
19	245631	24399999	2	1	1	3	b	5	1	1	0.0427219070925	0.118253672906	NA	NA	NA	1	1	1	NA	NA	NA	NA	NA	NA	NA	2	1	1	1	1	1	NA	NA	NA	2	1	1
19	24400000	28599999	2	1	1	3	b	5	1	1	0.0424763697782	0.216122555748	NA	NA	NA	1	1	1	NA	NA	NA	NA	NA	NA	NA	2	1	1	1	1	1	NA	NA	NA	2	1	1
19	28600000	59128982	2	1	1	3	b	5	1	1	0.0406284352947	0.162800388534	NA	NA	NA	1	1	1	NA	NA	NA	NA	NA	NA	NA	2	1	1	1	1	1	NA	NA	NA	2	1	1
20	32215	25599999	2	1	1	3	b	5	1	1	0.0399423086313	0.0937650060406	NA	NA	NA	1	1	1	NA	NA	NA	NA	NA	NA	NA	2	1	1	1	1	1	NA	NA	NA	2	1	1
20	25600000	29399999	2	1	1	2	d	4	1	1	0.0286451771248	0.121288247637	NA	NA	NA	1	0	0.129601635676325	1	1	0.870398364323675	0.0320438553835626	0.0332970853356168	0.0208076991280926	0.154541606604428	2	1	1	1	1	1	NA	NA	NA	2	1	1
20	29400000	62432500	2	1	1	3	b	5	1	1	0.0414305407188	0.0850349750794	NA	NA	NA	1	1	1	NA	NA	NA	NA	NA	NA	NA	2	1	1	1	1	1	NA	NA	NA	2	1	1
21	1	9417499	NA	NA	NA	NA	NA	NA	1	1	0.05	0.1	NA	NA	NA	NA	NA	NA	NA	NA	NA	NA	NA	NA	NA	NA	NA	NA	1	0	0.786356	1	1	0.213644	NA	NA	NA
21	9417500	10899999	NA	NA	NA	NA	NA	NA	1	1	0.05	0.199944421188	NA	NA	NA	NA	NA	NA	NA	NA	NA	NA	NA	NA	NA	NA	NA	NA	1	0	0.786356	1	1	0.213644	NA	NA	NA
21	10900000	15273144	2	1	1	2	d	2	1	1	0.0329912402207	0.145657861583	NA	NA	NA	NA	NA	NA	NA	NA	NA	NA	NA	NA	NA	2	1	1	2	1	0.591705	1	1	0.408295	NA	NA	NA
21	15273145	46937500	2	1	1	2	d	4	1	1	0.0402910921581	0.0876569310149	NA	NA	NA	1	1	1	NA	NA	NA	NA	NA	NA	NA	2	1	1	1	1	1	NA	NA	NA	NA	NA	NA
21	46937501	48129894	2	1	1	2	d	3	NA	NA	NA	NA	NA	NA	NA	1	1	1	NA	NA	NA	NA	NA	NA	NA	2	1	1	1	1	1	NA	NA	NA	NA	NA	NA
22	1	12199999	2	1	1	1	h	1	NA	NA	NA	NA	NA	NA	NA	NA	NA	NA	NA	NA	NA	NA	NA	NA	NA	NA	NA	NA	NA	NA	NA	NA	NA	NA	2	1	1
22	12200000	17899999	2	1	1	2	d	4	1	1	0.0429354424079	0.230823354129	NA	NA	NA	1	0	0.0549510935267607	1	1	0.945048906473239	0.018459311139688	0.0187029608112921	0.0173109766885602	0.0921871736406241	2	1	1	1	1	1	NA	NA	NA	2	1	1
22	17900000	49687500	2	1	1	3	b	5	1	1	0.0416737904988	0.092489472759	NA	NA	NA	1	1	1	NA	NA	NA	NA	NA	NA	NA	2	1	1	1	1	1	NA	NA	NA	2	1	1
22	49687501	51304565	2	1	1	2	d	4	NA	NA	NA	NA	NA	NA	NA	1	1	1	NA	NA	NA	NA	NA	NA	NA	2	1	1	1	1	1	NA	NA	NA	2	1	1
X	1	28811181	1	1	0	3	b	2	1	0	0.039226243479	0.127259058206	NA	NA	NA	NA	NA	NA	NA	NA	NA	NA	NA	NA	NA	1	0	1	NA	NA	NA	NA	NA	NA	1	0	1
X	28811182	28826756	1	1	0	3	b	2	1	0	0.05	0.1	NA	NA	NA	NA	NA	NA	NA	NA	NA	NA	NA	NA	NA	1	0	1	NA	NA	NA	NA	NA	NA	1	0	1
X	28826757	29394806	1	1	0	3	b	2	1	0	0.05	0.1	NA	NA	NA	NA	NA	NA	NA	NA	NA	NA	NA	NA	NA	1	0	1	NA	NA	NA	NA	NA	NA	NA	NA	NA
X	29394807	29508428	1	1	0	3	b	2	1	0	0.05	0.1	NA	NA	NA	NA	NA	NA	NA	NA	NA	NA	NA	NA	NA	1	0	1	NA	NA	NA	NA	NA	NA	NA	NA	NA
X	29508429	58099999	1	1	0	3	b	2	1	0	0.05	0.107573855639	NA	NA	NA	NA	NA	NA	NA	NA	NA	NA	NA	NA	NA	1	0	1	NA	NA	NA	NA	NA	NA	NA	NA	NA
X	58100000	62999999	1	1	0	3	b	2	1	0	0.05	0.232607673329	NA	NA	NA	NA	NA	NA	NA	NA	NA	NA	NA	NA	NA	1	0	1	NA	NA	NA	NA	NA	NA	NA	NA	NA
X	63000000	141845167	1	1	0	3	b	2	1	0	0.05	0.127113944799	NA	NA	NA	NA	NA	NA	NA	NA	NA	NA	NA	NA	NA	1	0	1	NA	NA	NA	NA	NA	NA	NA	NA	NA
X	141845168	142287144	1	1	0	3	b	2	1	0	0.05	0.1	NA	NA	NA	NA	NA	NA	NA	NA	NA	NA	NA	NA	NA	1	0	1	NA	NA	NA	NA	NA	NA	NA	NA	NA
X	142287145	151443657	1	1	0	3	b	2	1	0	0.05	0.0932066289509	NA	NA	NA	NA	NA	NA	NA	NA	NA	NA	NA	NA	NA	1	0	1	NA	NA	NA	NA	NA	NA	NA	NA	NA
X	151443658	151445497	1	1	0	3	b	2	1	0	0.05	0.1	NA	NA	NA	NA	NA	NA	NA	NA	NA	NA	NA	NA	NA	1	0	1	NA	NA	NA	NA	NA	NA	NA	NA	NA
X	151445498	155270559	1	1	0	3	b	2	1	0	0.05	0.101671016177	NA	NA	NA	NA	NA	NA	NA	NA	NA	NA	NA	NA	NA	1	0	1	NA	NA	NA	NA	NA	NA	2	1	1
Y	1	11599999	NA	NA	NA	NA	NA	NA	NA	NA	NA	NA	NA	NA	NA	NA	NA	NA	NA	NA	NA	NA	NA	NA	NA	NA	NA	NA	NA	NA	NA	NA	NA	NA	2	0	2
Y	11600000	13399999	NA	NA	NA	NA	NA	NA	NA	NA	NA	NA	NA	NA	NA	NA	NA	NA	NA	NA	NA	NA	NA	NA	NA	NA	NA	NA	NA	NA	NA	NA	NA	NA	2	0	2
Y	13400000	59373565	NA	NA	NA	NA	NA	NA	NA	NA	NA	NA	NA	NA	NA	NA	NA	NA	NA	NA	NA	NA	NA	NA	NA	NA	NA	NA	NA	NA	NA	NA	NA	NA	2	0	2
