chromosome	start	end	total_cn	major_cn	minor_cn	star	level	methods_agree	absolute_broad_major_cn	absolute_broad_minor_cn	absolute_broad_het_error	absolute_broad_cov_error	aceseq_copy_number	aceseq_minor_cn	aceseq_major_cn	battenberg_nMaj1_A	battenberg_nMin1_A	battenberg_frac1_A	battenberg_nMaj2_A	battenberg_nMin2_A	battenberg_frac2_A	battenberg_SDfrac_A	battenberg_SDfrac_A_BS	battenberg_frac1_A_0.025	battenberg_frac1_A_0.975	clonehd_copy_number	clonehd_minor_cn	clonehd_major_cn	sclust_nMaj1_A	sclust_nMin1_A	sclust_frac1_A	sclust_nMaj2_A	sclust_nMin2_A	sclust_frac2_A	jabba_copy_number	jabba_minor_cn	jabba_major_cn
1	1	119849983	3	2	1	2	d	5	2	1	0.0658813479514	0.140830743802	3.106028	1.047677343	2.058351	2	1	1	NA	NA	NA	NA	NA	NA	NA	3	1	2	2	1	1	NA	NA	NA	3	1	2
1	119849984	121499999	4	2	2	3	a	6	2	2	0.0454555218861	0.287304501895	4	2	2	2	2	1	NA	NA	NA	NA	NA	NA	NA	4	2	2	2	2	1	NA	NA	NA	4	2	2
1	121500000	128899999	4	2	2	2	d	4	NA	NA	NA	NA	4	2	2	2	2	1	NA	NA	NA	NA	NA	NA	NA	1	0	1	2	2	1	NA	NA	NA	4	2	2
1	128900000	142579938	4	2	2	2	d	3	NA	NA	NA	NA	NA	NA	NA	2	2	1	NA	NA	NA	NA	NA	NA	NA	1	0	1	2	2	1	NA	NA	NA	4	2	2
1	142579939	142967402	4	2	2	2	d	2	NA	NA	NA	NA	NA	NA	NA	2	2	1	NA	NA	NA	NA	NA	NA	NA	1	0	1	3	2	0.466274	3	1	0.533726	4	2	2
1	142967403	143286938	4	2	2	2	d	2	1.83	1.83	0.05	0.234164928786	NA	NA	NA	2	2	1	NA	NA	NA	NA	NA	NA	NA	NA	NA	NA	3	2	0.466274	3	1	0.533726	4	2	2
1	143286939	149239742	4	2	2	2	d	5	1.83	1.83	0.0359011737823	0.281882486377	4	2	2	2	2	1	NA	NA	NA	NA	NA	NA	NA	4	2	2	2	2	1	NA	NA	NA	4	2	2
1	149239743	177919679	4	2	2	2	d	5	1.83	1.83	0.0415818215036	0.164393005888	4	2	2	2	2	1	NA	NA	NA	NA	NA	NA	NA	4	2	2	2	2	1	NA	NA	NA	4	2	2
1	177919680	178293473	2	2	0	2	d	5	2	0	0.0819821015492	0.0920302259579	1.981448	0.086271081	1.895177	2	0	1	NA	NA	NA	NA	NA	NA	NA	2	0	2	2	0	1	NA	NA	NA	2	0	2
1	178293474	178502819	4	2	2	2	d	5	2	2	0.0396645787865	0.186220054048	3.860979	1.93048967	1.93049	2	2	1	NA	NA	NA	NA	NA	NA	NA	4	2	2	2	2	1	NA	NA	NA	4	2	2
1	178502820	178792717	2	2	0	2	d	5	1.72	0	0.057075328348	0.104644820402	2	0	2	2	0	1	NA	NA	NA	NA	NA	NA	NA	2	0	2	2	0	1	NA	NA	NA	2	0	2
1	178792718	247249600	4	2	2	2	d	5	1.83	1.83	0.0428488834112	0.154237312285	4	2	2	2	2	1	NA	NA	NA	NA	NA	NA	NA	4	2	2	2	2	1	NA	NA	NA	4	2	2
1	247249601	249250620	4	2	2	3	b	5	NA	NA	NA	NA	4	2	2	2	2	1	NA	NA	NA	NA	NA	NA	NA	4	2	2	2	2	1	NA	NA	NA	4	2	2
2	20016	90499999	3	2	1	3	a	6	2	1	0.0635749449723	0.147986659097	3	1	2	2	1	1	NA	NA	NA	NA	NA	NA	NA	3	1	2	2	1	1	NA	NA	NA	3	1	2
2	90500000	96799999	3	2	1	2	d	4	2	1	0.0729129173747	0.17335812034	3.117831	1.048418773	2.069412	NA	NA	NA	NA	NA	NA	NA	NA	NA	NA	3	1	2	2	1	1	NA	NA	NA	3	1	2
2	96800000	125729092	3	2	1	3	a	6	2	1	0.0641774511405	0.14586691832	3	1	2	2	1	1	NA	NA	NA	NA	NA	NA	NA	3	1	2	2	1	1	NA	NA	NA	3	1	2
2	125729093	125729268	3	2	1	2	d	4	2	1	0.05	0.1	3	1	2	3	2	1	NA	NA	NA	NA	NA	NA	NA	NA	NA	NA	2	1	1	NA	NA	NA	3	1	2
2	125729269	207941808	3	2	1	3	a	6	2	1	0.0644614525571	0.136417978607	3	1	2	2	1	1	NA	NA	NA	NA	NA	NA	NA	3	1	2	2	1	1	NA	NA	NA	3	1	2
2	207941809	207941949	3	2	1	2	d	3	2	1	0.05	0.1	3	1	2	2	1	0.529152615597131	2	2	0.470847384402869	NA	0	0.529152615597131	0.529152615597131	NA	NA	NA	2	1	1	NA	NA	NA	4	2	2
2	207941950	212805031	3	2	1	3	a	6	2	1	0.0631789599346	0.148778207694	3	1	2	2	1	1	NA	NA	NA	NA	NA	NA	NA	3	1	2	2	1	1	NA	NA	NA	3	1	2
2	212805032	212805388	3	2	1	3	b	5	2	1	0.05	0.1	3	1	2	2	1	1	NA	NA	NA	NA	NA	NA	NA	NA	NA	NA	2	1	1	NA	NA	NA	3	1	2
2	212805389	242985493	3	2	1	3	a	6	2	1	0.0665164755472	0.144678947697	3	1	2	2	1	1	NA	NA	NA	NA	NA	NA	NA	3	1	2	2	1	1	NA	NA	NA	3	1	2
3	62226	71345834	2	2	0	3	a	6	2	0	0.0692741734971	0.112280936104	2	0	2	2	0	1	NA	NA	NA	NA	NA	NA	NA	2	0	2	2	0	1	NA	NA	NA	2	0	2
3	71345835	74416245	2	2	0	3	a	6	2	0	0.0705809131041	0.102609048992	2	0	2	2	0	1	NA	NA	NA	NA	NA	NA	NA	2	0	2	2	0	1	NA	NA	NA	2	0	2
3	74416246	74427098	2	2	0	1	g	NA	1	1	0.05	0.1	2	0	2	2	2	1	NA	NA	NA	NA	NA	NA	NA	NA	NA	NA	2	0	1	NA	NA	NA	3	1	2
3	74427099	74461465	2	2	0	2	d	3	1	1	0.05	0.1	2.148073	0.007786463	2.140286	2	0	1	NA	NA	NA	NA	NA	NA	NA	2	0	2	2	0	1	NA	NA	NA	1	0	1
3	74461466	74464210	2	2	0	2	d	3	2	0	0.05	0.1	2.148073	0.007786463	2.140286	3	2	1	NA	NA	NA	NA	NA	NA	NA	NA	NA	NA	2	0	1	NA	NA	NA	2	0	2
3	74464211	79526569	2	2	0	3	a	6	2	0	0.0685858738924	0.111275860362	2	0	2	2	0	1	NA	NA	NA	NA	NA	NA	NA	2	0	2	2	0	1	NA	NA	NA	2	0	2
3	79526570	81559894	4	2	2	2	d	3	2.28	2.28	0.0414310217933	0.173491911365	4.197705	2.098852334	2.098852	2	2	0.771406070062039	3	2	0.228593929937961	0.0220596721265686	0.0223811102622	0.727712488243923	0.816307511014235	4	2	2	2	2	1	NA	NA	NA	4	2	2
3	81559895	87899999	2	2	0	3	a	6	2	0	0.0653156255932	0.117219185092	2	0	2	2	0	1	NA	NA	NA	NA	NA	NA	NA	2	0	2	2	0	1	NA	NA	NA	2	0	2
3	87900000	93899999	NA	NA	NA	NA	NA	NA	2	0.3	0.0744630872949	0.187023736637	2	0	2	NA	NA	NA	NA	NA	NA	NA	NA	NA	NA	2	0	2	2	0	1	NA	NA	NA	3	1	2
3	93900000	132392687	3	2	1	2	d	2	2	1.3	0.0575541734745	0.152726777327	3.260579	1.310923576	1.949655	2	1	0.659405567128738	2	2	0.340594432871262	0.00463635640851973	0.00460725316586519	0.648569183715042	0.667061352673273	3	1	2	2	2	0.400157	2	1	0.599843	3	1	2
3	132392688	132393196	4	2	2	2	e	3	2	1.3	0.05	0.1	3.260579	1.310923576	1.949655	NA	NA	NA	NA	NA	NA	NA	NA	NA	NA	NA	NA	NA	2	2	0.400157	2	1	0.599843	3	1	2
3	132393197	197847500	3	2	1	2	d	2	2	1.3	0.0561198922647	0.171786158993	3.324514	1.361597795	1.962916	2	1	0.621179157440117	2	2	0.378820842559883	0.00381446034879357	0.00378595020321228	0.603858459029118	0.618454034278335	3	1	2	2	2	0.400157	2	1	0.599843	3	1	2
4	9997	68601	4	2	2	2	d	2	2	2	0.05	0.20468118544	NA	NA	NA	NA	NA	NA	NA	NA	NA	NA	NA	NA	NA	NA	NA	NA	NA	NA	NA	NA	NA	NA	4	2	2
4	68602	48199999	4	2	2	3	a	6	2	2	0.0429110685307	0.175321552706	4	2	2	2	2	1	NA	NA	NA	NA	NA	NA	NA	4	2	2	2	2	1	NA	NA	NA	4	2	2
4	48200000	52699999	4	2	2	3	a	6	2	2	0.0426863377161	0.674020939591	4	2	2	2	2	1	NA	NA	NA	NA	NA	NA	NA	4	2	2	2	2	1	NA	NA	NA	4	2	2
4	52700000	190690020	4	2	2	3	a	6	2	2	0.0403117990393	0.172763908467	4	2	2	2	2	1	NA	NA	NA	NA	NA	NA	NA	4	2	2	2	2	1	NA	NA	NA	4	2	2
5	22500	46099999	4	2	2	3	a	6	2	2	0.0437590864885	0.161220589241	4	2	2	2	2	1	NA	NA	NA	NA	NA	NA	NA	4	2	2	2	2	1	NA	NA	NA	4	2	2
5	46100000	50699999	4	2	2	2	d	5	2	2	0.0401314598267	0.184112729915	3.882166	1.941083076	1.941083	2	2	1	NA	NA	NA	NA	NA	NA	NA	4	2	2	2	2	1	NA	NA	NA	4	2	2
5	50700000	152028792	4	2	2	3	a	6	2	2	0.0411719243018	0.155145166107	4	2	2	2	2	1	NA	NA	NA	NA	NA	NA	NA	4	2	2	2	2	1	NA	NA	NA	4	2	2
5	152028793	153180118	3	2	1	3	a	6	2	1	0.0615292852519	0.116578899584	3	1	2	2	1	1	NA	NA	NA	NA	NA	NA	NA	3	1	2	2	1	1	NA	NA	NA	3	1	2
5	153180119	155068561	4	2	2	3	a	6	2	2	0.0365032602057	0.138611839966	4	2	2	2	2	1	NA	NA	NA	NA	NA	NA	NA	4	2	2	2	2	1	NA	NA	NA	4	2	2
5	155068562	156362898	3	2	1	3	a	6	2	1	0.0616614302706	0.127937562649	3	1	2	2	1	1	NA	NA	NA	NA	NA	NA	NA	3	1	2	2	1	1	NA	NA	NA	3	1	2
5	156362899	156363201	3	2	1	2	d	4	2	1	0.05	0.1	3	1	2	1	1	0.27766839613491	2	1	0.72233160386509	NA	0	0.27766839613491	0.27766839613491	3	1	2	2	1	1	NA	NA	NA	4	2	2
5	156363202	156492347	3	2	1	2	d	5	2	1	0.0567430937418	0.126452831025	3.017195	1.111342587	1.905853	2	1	1	NA	NA	NA	NA	NA	NA	NA	3	1	2	2	1	1	NA	NA	NA	3	1	2
5	156492348	156643600	4	2	2	2	d	5	2	2	0.0293770357841	0.162400482576	3.847354	1.923676755	1.923677	2	2	1	NA	NA	NA	NA	NA	NA	NA	4	2	2	2	2	1	NA	NA	NA	4	2	2
5	156643601	158773699	3	2	1	3	a	6	2	1	0.068204544374	0.166906404615	3	1	2	2	1	1	NA	NA	NA	NA	NA	NA	NA	3	1	2	2	1	1	NA	NA	NA	3	1	2
5	158773700	180715810	4	2	2	3	a	6	2	2	0.0434693022259	0.1722302484	4	2	2	2	2	1	NA	NA	NA	NA	NA	NA	NA	4	2	2	2	2	1	NA	NA	NA	4	2	2
6	39681	227204	3	2	1	2	d	2	2	1	0.05	0.1	NA	NA	NA	NA	NA	NA	NA	NA	NA	NA	NA	NA	NA	NA	NA	NA	NA	NA	NA	NA	NA	NA	3	1	2
6	227205	58699999	3	2	1	3	a	6	2	1	0.0652315220917	0.154087809123	3	1	2	2	1	1	NA	NA	NA	NA	NA	NA	NA	3	1	2	2	1	1	NA	NA	NA	3	1	2
6	58700000	63299999	3	2	1	3	b	5	2	1	0.0665456688843	0.218380372419	3	1	2	NA	NA	NA	NA	NA	NA	NA	NA	NA	NA	3	1	2	2	1	1	NA	NA	NA	3	1	2
6	63300000	170899800	3	2	1	3	a	6	2	1	0.0636147522564	0.132868253635	3	1	2	2	1	1	NA	NA	NA	NA	NA	NA	NA	3	1	2	2	1	1	NA	NA	NA	3	1	2
7	40386	57999999	4	2	2	3	a	6	2	2	0.0417791400942	0.17340722036	4	2	2	2	2	1	NA	NA	NA	NA	NA	NA	NA	4	2	2	2	2	1	NA	NA	NA	4	2	2
7	58000000	61944997	NA	NA	NA	NA	NA	NA	2	2	0.05	0.175185240832	4	2	2	2	2	1	NA	NA	NA	NA	NA	NA	NA	NA	NA	NA	2	2	1	NA	NA	NA	3	1	2
7	61944998	120061539	3	2	1	3	a	6	2	1	0.0645171088514	0.150102138077	3	1	2	2	1	1	NA	NA	NA	NA	NA	NA	NA	3	1	2	2	1	1	NA	NA	NA	3	1	2
7	120061540	120061593	3	2	1	2	d	4	NA	NA	NA	NA	3	1	2	2	1	1	NA	NA	NA	NA	NA	NA	NA	NA	NA	NA	2	1	1	NA	NA	NA	3	1	2
7	120061594	125048296	3	2	1	3	a	6	2	1	0.0611408885618	0.12570508246	3	1	2	2	1	1	NA	NA	NA	NA	NA	NA	NA	3	1	2	2	1	1	NA	NA	NA	3	1	2
7	125048297	158821400	4	2	2	3	a	6	2	2	0.0415761739056	0.171060882344	4	2	2	2	2	1	NA	NA	NA	NA	NA	NA	NA	4	2	2	2	2	1	NA	NA	NA	4	2	2
8	10001	155756	3	2	1	2	d	2	NA	NA	NA	NA	NA	NA	NA	NA	NA	NA	NA	NA	NA	NA	NA	NA	NA	NA	NA	NA	2	1	1	NA	NA	NA	3	1	2
8	155757	39240232	3	2	1	3	a	6	2	1	0.0657678549895	0.140793084495	3	1	2	2	1	1	NA	NA	NA	NA	NA	NA	NA	3	1	2	2	1	1	NA	NA	NA	3	1	2
8	39240233	43099999	3	2	1	3	a	6	2	1	0.0644107571649	0.118331120926	3	1	2	2	1	1	NA	NA	NA	NA	NA	NA	NA	3	1	2	2	1	1	NA	NA	NA	3	1	2
8	43100000	48099999	NA	NA	NA	NA	NA	NA	2	2	0.0529860150993	0.457334777297	4.147216	2.073607923	2.073608	NA	NA	NA	NA	NA	NA	NA	NA	NA	NA	4	2	2	2	2	1	NA	NA	NA	3	1	2
8	48100000	76926033	4	2	2	3	a	6	2	2	0.0412297224262	0.169533095138	4	2	2	2	2	1	NA	NA	NA	NA	NA	NA	NA	4	2	2	2	2	1	NA	NA	NA	4	2	2
8	76926034	76926270	4	2	2	2	d	4	2	2	0.05	0.1	4	2	2	3	1	0.37765147293733	3	2	0.62234852706267	NA	0	0.37765147293733	0.37765147293733	NA	NA	NA	2	2	1	NA	NA	NA	4	2	2
8	76926271	146364021	4	2	2	2	d	4	2	2	0.0414186304252	0.152917728313	4.208748	2.104373803	2.104374	2	2	0.815650056501643	3	2	0.184349943498357	0.00450280448415541	0.00443018546469123	0.800638337396034	0.817818460646646	4	2	2	2	2	1	NA	NA	NA	4	2	2
9	47500	229752	2	2	0	2	d	2	2.28	0	0.05	0.1	NA	NA	NA	2	0	0.642083658382559	3	0	0.357916341617441	0.0678982704651286	0.0607716628805846	0.427727627326421	0.642083658382559	NA	NA	NA	2	0	1	NA	NA	NA	2	0	2
9	229753	30110011	2	2	0	2	d	5	2.28	0	0.0683328609887	0.115226063811	2	0	2	2	0	1	NA	NA	NA	NA	NA	NA	NA	2	0	2	2	0	1	NA	NA	NA	2	0	2
9	30110012	31019647	4	2	2	2	d	5	2.28	2.28	0.0347390097777	0.148493468989	4	2	2	2	2	1	NA	NA	NA	NA	NA	NA	NA	4	2	2	2	2	1	NA	NA	NA	4	2	2
9	31019648	31227735	2	2	0	2	d	5	2.44	0	0.0769111564258	0.119084226327	2	0	2	2	0	1	NA	NA	NA	NA	NA	NA	NA	2	0	2	2	0	1	NA	NA	NA	2	0	2
9	31227736	31228705	2	2	0	1	g	NA	2	2	0.05	0.1	2	0	2	5	3	1	NA	NA	NA	NA	NA	NA	NA	NA	NA	NA	2	0	1	NA	NA	NA	4	2	2
9	31228706	31479997	4	2	2	3	a	6	2	2	0.0551406961237	0.142578430516	4	2	2	2	2	1	NA	NA	NA	NA	NA	NA	NA	4	2	2	2	2	1	NA	NA	NA	4	2	2
9	31479998	45377499	2	2	0	2	d	4	2.28	0	0.0692348614469	0.203622092797	2	0	2	2	0	1	NA	NA	NA	NA	NA	NA	NA	2	0	2	2	0	1	NA	NA	NA	4	2	2
9	45377500	47299999	2	2	0	1	g	NA	2	2	0.05	0.359806024306	2	0	2	NA	NA	NA	NA	NA	NA	NA	NA	NA	NA	1	0	1	2	0	1	NA	NA	NA	4	2	2
9	47300000	50699999	NA	NA	NA	NA	NA	NA	2	2	0.05	0.1	NA	NA	NA	NA	NA	NA	NA	NA	NA	NA	NA	NA	NA	NA	NA	NA	NA	NA	NA	NA	NA	NA	4	2	2
9	50700000	140273200	4	2	2	3	a	6	2	2	0.0423398069544	0.176494183907	4	2	2	2	2	1	NA	NA	NA	NA	NA	NA	NA	4	2	2	2	2	1	NA	NA	NA	4	2	2
10	106142	37999999	4	2	2	3	a	6	2	2	0.0420699093382	0.166999160099	4	2	2	2	2	1	NA	NA	NA	NA	NA	NA	NA	4	2	2	2	2	1	NA	NA	NA	4	2	2
10	38000000	42397499	NA	NA	NA	NA	NA	NA	2	2	0.0411125749649	0.226091854475	3.830844	1.915421894	1.915422	2	2	1	NA	NA	NA	NA	NA	NA	NA	4	2	2	2	2	1	NA	NA	NA	3	1	2
10	42397500	96148239	3	2	1	3	a	6	2	1	0.0647415729432	0.139749196798	3	1	2	2	1	1	NA	NA	NA	NA	NA	NA	NA	3	1	2	2	1	1	NA	NA	NA	3	1	2
10	96148240	98228638	3	2	1	3	a	6	2	1	0.0678067515938	0.121070515137	3	1	2	2	1	1	NA	NA	NA	NA	NA	NA	NA	3	1	2	2	1	1	NA	NA	NA	3	1	2
10	98228639	99213489	4	2	2	3	a	6	2	2	0.0410800425151	0.187541002616	4	2	2	2	2	1	NA	NA	NA	NA	NA	NA	NA	4	2	2	2	2	1	NA	NA	NA	4	2	2
10	99213490	103021865	3	2	1	3	a	6	2	1	0.0617946679205	0.121687599734	3	1	2	2	1	1	NA	NA	NA	NA	NA	NA	NA	3	1	2	2	1	1	NA	NA	NA	3	1	2
10	103021866	103025438	3	2	1	2	d	3	NA	NA	NA	NA	3	1	2	NA	NA	NA	NA	NA	NA	NA	NA	NA	NA	NA	NA	NA	2	1	1	NA	NA	NA	3	1	2
10	103025439	103025543	4	2	2	1	g	NA	NA	NA	NA	NA	NA	NA	NA	NA	NA	NA	NA	NA	NA	NA	NA	NA	NA	NA	NA	NA	2	2	1	NA	NA	NA	NA	NA	NA
10	103025544	106465254	4	2	2	3	a	6	2	2	0.0426761113964	0.151234931985	4	2	2	2	2	1	NA	NA	NA	NA	NA	NA	NA	4	2	2	2	2	1	NA	NA	NA	4	2	2
10	106465255	107097917	3	2	1	3	a	6	2	1	0.0693229955066	0.128224909395	3	1	2	2	1	1	NA	NA	NA	NA	NA	NA	NA	3	1	2	2	1	1	NA	NA	NA	3	1	2
10	107097918	122491005	3	2	1	3	a	6	2	1	0.0641870509688	0.128943368301	3	1	2	2	1	1	NA	NA	NA	NA	NA	NA	NA	3	1	2	2	1	1	NA	NA	NA	3	1	2
10	122491006	122498371	3	2	1	1	g	NA	2	1	0.05	0.1	3	1	2	2	2	1	NA	NA	NA	NA	NA	NA	NA	4	2	2	2	1	1	NA	NA	NA	4	2	2
10	122498372	123209359	3	2	1	3	a	6	2	1	0.0577472084924	0.12491292795	3	1	2	2	1	1	NA	NA	NA	NA	NA	NA	NA	3	1	2	2	1	1	NA	NA	NA	3	1	2
10	123209360	123221237	3	2	1	2	d	4	2	1	0.05	0.1	3	1	2	2	2	1	NA	NA	NA	NA	NA	NA	NA	3	1	2	2	1	1	NA	NA	NA	4	2	2
10	123221238	135389924	3	2	1	3	a	6	2	1	0.0669876851835	0.158924063428	3	1	2	2	1	1	NA	NA	NA	NA	NA	NA	NA	3	1	2	2	1	1	NA	NA	NA	3	1	2
11	20721	199152	2	2	0	2	d	3	2	0	0.05	0.1	NA	NA	NA	NA	NA	NA	NA	NA	NA	NA	NA	NA	NA	NA	NA	NA	2	0	1	NA	NA	NA	2	0	2
11	199153	28062318	2	2	0	3	a	6	2	0	0.0694229315075	0.117941986714	2	0	2	2	0	1	NA	NA	NA	NA	NA	NA	NA	2	0	2	2	0	1	NA	NA	NA	2	0	2
11	28062319	28555796	4	2	2	2	d	4	2	2	0.0361983682563	0.125413048813	3.773973	1.886986677	1.886987	2	1	0.224201412469181	2	2	0.775798587530819	0.047859312849281	0.0477959858107947	0.0994511420813455	0.285587970094238	4	2	2	2	2	1	NA	NA	NA	4	2	2
11	28555797	28556205	4	2	2	2	d	2	2	2	0.05	0.1	3.773973	1.886986677	1.886987	2	0	0.875184581522345	2	1	0.124815418477655	NA	0	0.875184581522345	0.875184581522345	NA	NA	NA	2	2	1	NA	NA	NA	3	0	3
11	28556206	28561127	2	2	0	1	g	NA	2	2	0.05	0.1	NA	NA	NA	2	2	1	NA	NA	NA	NA	NA	NA	NA	4	1	3	2	0	1	NA	NA	NA	5	2	3
11	28561128	28950316	2	2	0	2	d	5	2	0	0.05	0.202946267988	2.185978	0	2.185978	2	0	1	NA	NA	NA	NA	NA	NA	NA	2	0	2	2	0	1	NA	NA	NA	2	0	2
11	28950317	47624120	4	2	2	2	d	4	2	2	0.0441657335975	0.14003187405	3.780899	1.890449418	1.890449	2	1	0.219801855709578	2	2	0.780198144290422	0.00821598350626401	0.00811188568210926	0.187408991907685	0.219817466616502	4	2	2	2	2	1	NA	NA	NA	4	2	2
11	47624121	47660520	2	2	0	2	d	3	2	0	0.05	0.1	3.780899	1.890449418	1.890449	2	0	1	NA	NA	NA	NA	NA	NA	NA	2	0	2	2	2	1	NA	NA	NA	3	0	3
11	47660521	47660860	4	2	2	1	g	NA	2	0	0.05	0.1	NA	NA	NA	NA	NA	NA	NA	NA	NA	NA	NA	NA	NA	NA	NA	NA	2	2	1	NA	NA	NA	3	0	3
11	47660861	47665938	4	2	2	1	g	NA	2	0	0.05	0.1	NA	NA	NA	2	1	1	NA	NA	NA	NA	NA	NA	NA	NA	NA	NA	2	2	1	NA	NA	NA	4	2	2
11	47665939	48643350	4	2	2	2	d	4	2	2	0.054077499567	0.145412117227	3.839828	1.919914245	1.919914	2	1	0.298189784145982	2	2	0.701810215854018	0.0541803935316799	0.0536800013537861	0.185185804155259	0.40014942441736	4	2	2	2	2	1	NA	NA	NA	4	2	2
11	48643351	51599999	2	2	0	3	a	6	2	0	0.05	0.127713839893	2	0	2	2	0	1	NA	NA	NA	NA	NA	NA	NA	2	0	2	2	0	1	NA	NA	NA	2	0	2
11	51600000	55699999	2	2	0	3	a	6	2	0	0.07180168327	0.169391650306	2	0	2	2	0	1	NA	NA	NA	NA	NA	NA	NA	2	0	2	2	0	1	NA	NA	NA	2	0	2
11	55700000	62798900	2	2	0	3	a	6	2	0	0.0696445238614	0.10429430212	2	0	2	2	0	1	NA	NA	NA	NA	NA	NA	NA	2	0	2	2	0	1	NA	NA	NA	2	0	2
11	62798901	62836538	2	2	0	2	d	3	NA	NA	NA	NA	2	0	2	3	3	1	NA	NA	NA	NA	NA	NA	NA	NA	NA	NA	2	0	1	NA	NA	NA	2	0	2
11	62836539	63162826	2	2	0	2	d	5	2	0	0.0609527708632	0.102719968569	2.113962	0.04727788	2.066684	2	0	1	NA	NA	NA	NA	NA	NA	NA	2	0	2	2	0	1	NA	NA	NA	2	0	2
11	63162827	93551670	4	2	2	2	d	4	2	2	0.0439491183464	0.162377920924	3.807239	1.903619312	1.903619	2	1	0.197063732705141	2	2	0.802936267294859	0.00668857891972614	0.00677392619705488	0.191587225761181	0.218519682572255	4	2	2	2	2	1	NA	NA	NA	4	2	2
11	93551671	93557355	5	3	2	2	e	1	2	2	0.05	0.1	3.807239	1.903619312	1.903619	1	1	0.380858625258497	2	1	0.619141374741503	NA	0	0.380858625258497	0.380858625258497	3	1	2	2	2	1	NA	NA	NA	5	2	3
11	93557356	93733477	2	2	0	3	a	6	2	0	0.068488215838	0.191559069464	2	0	2	2	0	1	NA	NA	NA	NA	NA	NA	NA	2	0	2	2	0	1	NA	NA	NA	2	0	2
11	93733478	93736992	2	2	0	1	g	NA	2	0	0.05	0.1	2	0	2	2	2	1	NA	NA	NA	NA	NA	NA	NA	5	2	3	2	0	1	NA	NA	NA	4	2	2
11	93736993	126154613	2	2	0	3	a	6	2	0	0.0712646234305	0.114738242948	2	0	2	2	0	1	NA	NA	NA	NA	NA	NA	NA	2	0	2	2	0	1	NA	NA	NA	2	0	2
11	126154614	126184395	8	6	2	1	g	NA	6	2	0.05	0.1	2	0	2	5	2	1	NA	NA	NA	NA	NA	NA	NA	NA	NA	NA	6	2	1	NA	NA	NA	7	1	6
11	126184396	126461716	14	12	2	2	f	2	24	2	0.0248867649827	0.387272941715	14.154146	2.040980885	12.113165	12	2	1	NA	NA	NA	NA	NA	NA	NA	NA	NA	NA	14	2	1	NA	NA	NA	14	1	13
11	126461717	126599709	11	9	2	1	g	NA	15	2	0.0410237204924	0.256797118599	10	2	8	8	2	1	NA	NA	NA	NA	NA	NA	NA	8	2	6	9	2	1	NA	NA	NA	10	1	9
11	126599710	126628599	7	5	2	1	g	NA	4	2	0.05	0.1	10	2	8	4	2	1	NA	NA	NA	NA	NA	NA	NA	6	2	4	5	2	1	NA	NA	NA	7	2	5
11	126628600	126693625	10	9	1	2	f	3	19	2	0.031146585476	0.268564696881	11.041684	1.868556842	9.173128	9	1	0.215227967215893	9	2	0.784772032784107	0.0798810593374819	0.081313410527237	0.0228832385550604	0.332531573465368	8	1	7	11	2	1	NA	NA	NA	10	1	9
11	126693626	126937021	14	12	2	2	f	2	25	2	0.0322071879326	0.801332639109	13.547236	1.855659699	11.691577	12	2	1	NA	NA	NA	NA	NA	NA	NA	8	1	7	14	2	1	NA	NA	NA	13	1	12
11	126937022	126941198	18	16	2	1	g	NA	25	2	0.05	0.1	13.547236	1.855659699	11.691577	NA	NA	NA	NA	NA	NA	NA	NA	NA	NA	NA	NA	NA	16	2	1	NA	NA	NA	13	1	12
11	126941199	127021866	16	14	2	2	f	2	30	2	0.0195597939011	0.506945326473	15.331389	1.961367159	13.370022	14	2	1	NA	NA	NA	NA	NA	NA	NA	8	1	7	16	2	1	NA	NA	NA	16	1	15
11	127021867	127022546	18	16	2	1	g	NA	2	0	0.05	0.1	15.331389	1.961367159	13.370022	NA	NA	NA	NA	NA	NA	NA	NA	NA	NA	NA	NA	NA	16	2	1	NA	NA	NA	NA	NA	NA
11	127022547	128514907	2	2	0	3	a	6	2	0	0.0680128444064	0.0981852915832	2	0	2	2	0	1	NA	NA	NA	NA	NA	NA	NA	2	0	2	2	0	1	NA	NA	NA	2	0	2
11	128514908	134452200	4	2	2	2	d	5	2	2	0.0446338356527	0.177653029816	3.796106	1.898053014	1.898053	2	2	1	NA	NA	NA	NA	NA	NA	NA	4	2	2	2	2	1	NA	NA	NA	4	2	2
12	110107	191524	4	2	2	2	d	3	2	2	0.05	0.1	NA	NA	NA	NA	NA	NA	NA	NA	NA	NA	NA	NA	NA	NA	NA	NA	2	2	1	NA	NA	NA	4	2	2
12	191525	33299999	4	2	2	3	a	6	2	2	0.0426162732171	0.155624240107	4	2	2	2	2	1	NA	NA	NA	NA	NA	NA	NA	4	2	2	2	2	1	NA	NA	NA	4	2	2
12	33300000	38199999	4	2	2	3	a	6	2	2	0.0435328294332	0.193916542087	4	2	2	2	2	1	NA	NA	NA	NA	NA	NA	NA	4	2	2	2	2	1	NA	NA	NA	4	2	2
12	38200000	132349400	4	2	2	3	a	6	2	2	0.0414775295438	0.155562309341	4	2	2	2	2	1	NA	NA	NA	NA	NA	NA	NA	4	2	2	2	2	1	NA	NA	NA	4	2	2
12	132349401	133851894	4	2	2	2	d	4	NA	NA	NA	NA	4.118317	2.059158652	2.059159	2	2	1	NA	NA	NA	NA	NA	NA	NA	4	2	2	2	2	1	NA	NA	NA	4	2	2
13	1	16299999	1	1	0	1	h	1	NA	NA	NA	NA	NA	NA	NA	NA	NA	NA	NA	NA	NA	NA	NA	NA	NA	NA	NA	NA	NA	NA	NA	NA	NA	NA	1	0	1
13	16300000	19499999	1	1	0	2	d	2	1.3	0	0.05	0.2164654832	NA	NA	NA	0	0	0.571287937887737	1	0	0.428712062112263	NA	0	0.571287937887737	0.571287937887737	NA	NA	NA	1	0	1	NA	NA	NA	1	0	1
13	19500000	114142800	1	1	0	2	d	4	1.3	0	0.0857186119663	0.0930442816799	1	0	1	1	0	1	NA	NA	NA	NA	NA	NA	NA	NA	NA	NA	1	0	1	NA	NA	NA	1	0	1
13	114142801	115169877	1	1	0	2	d	4	NA	NA	NA	NA	1	0	1	1	0	1	NA	NA	NA	NA	NA	NA	NA	NA	NA	NA	1	0	1	NA	NA	NA	1	0	1
14	1	16099999	4	2	2	1	h	1	NA	NA	NA	NA	NA	NA	NA	NA	NA	NA	NA	NA	NA	NA	NA	NA	NA	NA	NA	NA	NA	NA	NA	NA	NA	NA	4	2	2
14	16100000	19099999	4	2	2	2	d	2	NA	NA	NA	NA	NA	NA	NA	NA	NA	NA	NA	NA	NA	NA	NA	NA	NA	NA	NA	NA	2	2	1	NA	NA	NA	4	2	2
14	19100000	74695402	4	2	2	3	a	6	2	2	0.0411661503461	0.184581626997	4	2	2	2	2	1	NA	NA	NA	NA	NA	NA	NA	4	2	2	2	2	1	NA	NA	NA	4	2	2
14	74695403	74696642	4	2	2	2	d	3	2	2	0.05	0.1	4	2	2	4	1	0.428712062112266	4	2	0.571287937887734	NA	0	0.428712062112266	0.428712062112266	4	1	3	2	2	1	NA	NA	NA	3	1	2
14	74696643	93734914	4	2	2	3	a	6	2	2	0.0419192452973	0.154532937852	4	2	2	2	2	1	NA	NA	NA	NA	NA	NA	NA	4	2	2	2	2	1	NA	NA	NA	4	2	2
14	93734915	93735529	4	2	2	2	d	4	2	2	0.05	0.1	4	2	2	3	1	1	NA	NA	NA	NA	NA	NA	NA	NA	NA	NA	2	2	1	NA	NA	NA	4	2	2
14	93735530	106368400	4	2	2	3	a	6	2	2	0.0406649879273	0.196979688632	4	2	2	2	2	1	NA	NA	NA	NA	NA	NA	NA	4	2	2	2	2	1	NA	NA	NA	4	2	2
15	1	15799999	2	2	0	1	h	1	NA	NA	NA	NA	NA	NA	NA	NA	NA	NA	NA	NA	NA	NA	NA	NA	NA	NA	NA	NA	NA	NA	NA	NA	NA	NA	2	0	2
15	15800000	20699999	NA	NA	NA	NA	NA	NA	NA	NA	NA	NA	NA	NA	NA	1	0	1	NA	NA	NA	NA	NA	NA	NA	NA	NA	NA	2	0	0.565397	2	1	0.434603	2	0	2
15	20700000	22735001	3	2	1	1	h	1	2	1	0.05	0.545837915548	NA	NA	NA	NA	NA	NA	NA	NA	NA	NA	NA	NA	NA	NA	NA	NA	2	0	0.565397	2	1	0.434603	2	0	2
15	22735002	76702501	2	2	0	3	a	6	2	0	0.0703106212067	0.115434949745	2	0	2	2	0	1	NA	NA	NA	NA	NA	NA	NA	2	0	2	2	0	1	NA	NA	NA	2	0	2
15	76702502	76706641	2	2	0	1	g	NA	NA	NA	NA	NA	2	0	2	2	1	1	NA	NA	NA	NA	NA	NA	NA	NA	NA	NA	2	0	1	NA	NA	NA	5	2	3
15	76706642	76722797	5	3	2	1	g	NA	NA	NA	NA	NA	NA	NA	NA	6	2	1	NA	NA	NA	NA	NA	NA	NA	7	2	5	3	2	1	NA	NA	NA	8	2	6
15	76722798	100338800	5	3	2	3	a	6	3	2	0.0521578964532	0.18901220357	5	2	3	3	2	1	NA	NA	NA	NA	NA	NA	NA	5	2	3	3	2	1	NA	NA	NA	5	2	3
15	100338801	102428432	5	3	2	3	b	5	NA	NA	NA	NA	5	2	3	3	2	1	NA	NA	NA	NA	NA	NA	NA	5	2	3	3	2	1	NA	NA	NA	5	2	3
16	84170	34599999	4	2	2	3	a	6	2	2	0.0436555072394	0.192409049764	4	2	2	2	2	1	NA	NA	NA	NA	NA	NA	NA	4	2	2	2	2	1	NA	NA	NA	4	2	2
16	34600000	38599999	4	2	2	2	d	5	2	2	0.05	0.186396788493	3.882584	1.941291953	1.941292	2	2	1	NA	NA	NA	NA	NA	NA	NA	4	2	2	2	2	1	NA	NA	NA	4	2	2
16	38600000	88827200	4	2	2	3	a	6	2	2	0.0427054232293	0.164449540496	4	2	2	2	2	1	NA	NA	NA	NA	NA	NA	NA	4	2	2	2	2	1	NA	NA	NA	4	2	2
16	88827201	90354752	4	2	2	2	d	3	NA	NA	NA	NA	4	2	2	2	1	0.11905933850935	2	2	0.88094066149065	0.0328269902438786	0.0322935620772711	0.101387621406955	0.229277460377621	1	0	1	2	2	1	NA	NA	NA	4	2	2
17	12500	18348150	2	2	0	3	a	6	2	0	0.0703187525028	0.152750272591	2	0	2	2	0	1	NA	NA	NA	NA	NA	NA	NA	2	0	2	2	0	1	NA	NA	NA	2	0	2
17	18348151	19500534	2	2	0	2	d	5	2	0	0.0665661461364	0.357409112608	2.106233	0.057744996	2.048488	2	0	1	NA	NA	NA	NA	NA	NA	NA	2	0	2	2	0	1	NA	NA	NA	2	0	2
17	19500535	22199999	2	2	0	3	a	6	2	0	0.0815859217098	0.225695254342	2	0	2	2	0	1	NA	NA	NA	NA	NA	NA	NA	2	0	2	2	0	1	NA	NA	NA	2	0	2
17	22200000	25799999	2	2	0	3	b	5	2	0	0.0732504108187	0.17346979574	2	0	2	NA	NA	NA	NA	NA	NA	NA	NA	NA	NA	2	0	2	2	0	1	NA	NA	NA	2	0	2
17	25800000	36250991	2	2	0	3	a	6	2	0	0.0720596643423	0.110618805007	2	0	2	2	0	1	NA	NA	NA	NA	NA	NA	NA	2	0	2	2	0	1	NA	NA	NA	2	0	2
17	36250992	36348002	2	2	0	1	h	1	19	0	0.05	0.1	2	0	2	NA	NA	NA	NA	NA	NA	NA	NA	NA	NA	NA	NA	NA	NA	NA	NA	NA	NA	NA	3	0	3
17	36348003	36517412	42	41	1	1	g	NA	19	0	0.05	8.83166654265	NA	NA	NA	52	2	1	NA	NA	NA	NA	NA	NA	NA	8	0	8	41	1	1	NA	NA	NA	3	0	3
17	36517413	36675491	49	48	1	1	g	NA	208	2.28	0.00478237329354	2.50807336942	103.480751	2.240002661	101.240748	NA	NA	1	NA	NA	NA	NA	NA	NA	NA	8	0	8	48	1	1	NA	NA	NA	3	0	3
17	36675492	36720009	210	208	2	2	f	1	208	2.28	0.05	0.1	103.480751	2.240002661	101.240748	NA	NA	1	NA	NA	NA	NA	NA	NA	NA	8	0	8	48	1	1	NA	NA	NA	3	0	3
17	36720010	37687141	2	2	0	2	d	4	2	0	0.0750214673023	0.0985480442444	2.579005	0.162136477	2.416869	2	0	1	NA	NA	NA	NA	NA	NA	NA	2	0	2	2	0	1	NA	NA	NA	3	0	3
17	37687142	37688752	2	2	0	2	f	2	199	2	0.05	0.1	2.579005	0.162136477	2.416869	NA	NA	NA	NA	NA	NA	NA	NA	NA	NA	NA	NA	NA	2	0	1	NA	NA	NA	3	0	3
17	37688753	37693540	49	48	1	1	g	NA	199	2	0.05	0.1	NA	NA	NA	NA	NA	NA	NA	NA	NA	NA	NA	NA	NA	7	3	4	48	1	1	NA	NA	NA	NA	NA	NA
17	37693541	37800072	49	48	1	1	g	NA	199	2	0.05	0.1	NA	NA	NA	86	2	1	NA	NA	NA	NA	NA	NA	NA	7	3	4	48	1	1	NA	NA	NA	50	0	50
17	37800073	37805523	49	48	1	1	g	NA	199	2	0.05	0.1	NA	NA	NA	NA	NA	NA	NA	NA	NA	NA	NA	NA	NA	NA	NA	NA	48	1	1	NA	NA	NA	50	0	50
17	37805524	38062942	49	48	1	1	g	NA	199	2	0.05	2.29728501626	94.55186	1.991958924	92.559901	92	2	1	NA	NA	NA	NA	NA	NA	NA	8	0	8	48	1	1	NA	NA	NA	50	0	50
17	38062943	38100049	49	48	1	1	g	NA	199	2	0.05	0.1	96.398676	2.25534916	94.143327	95	2	1	NA	NA	NA	NA	NA	NA	NA	8	0	8	48	1	1	NA	NA	NA	50	0	50
17	38100050	38139957	49	48	1	1	g	NA	2	0	0.05	0.1	96.398676	2.25534916	94.143327	84	2	1	NA	NA	NA	NA	NA	NA	NA	8	0	8	48	1	1	NA	NA	NA	49	0	49
17	38139958	44229981	2	2	0	3	a	6	2	0	0.0735926116055	0.133244363239	2	0	2	2	0	1	NA	NA	NA	NA	NA	NA	NA	2	0	2	2	0	1	NA	NA	NA	2	0	2
17	44229982	78774600	2	2	0	3	a	6	2	0	0.0715248360643	0.139624266545	2	0	2	2	0	1	NA	NA	NA	NA	NA	NA	NA	2	0	2	2	0	1	NA	NA	NA	2	0	2
17	78774601	81195209	2	2	0	2	d	4	NA	NA	NA	NA	2.152022	0.044325398	2.107696	2	0	1	NA	NA	NA	NA	NA	NA	NA	2	0	2	2	0	1	NA	NA	NA	2	0	2
18	27500	15399999	2	2	0	2	d	5	2.17	0	0.0715605852031	0.126991569795	2	0	2	2	0	1	NA	NA	NA	NA	NA	NA	NA	2	0	2	2	0	1	NA	NA	NA	2	0	2
18	15400000	18999999	2	2	0	2	d	5	2.17	0	0.05	0.145523596222	2	0	2	2	0	1	NA	NA	NA	NA	NA	NA	NA	2	0	2	2	0	1	NA	NA	NA	2	0	2
18	19000000	76117000	2	2	0	2	d	5	2.17	0	0.0684048985362	0.112052973004	2	0	2	2	0	1	NA	NA	NA	NA	NA	NA	NA	2	0	2	2	0	1	NA	NA	NA	2	0	2
18	76117001	78077247	2	2	0	3	b	5	NA	NA	NA	NA	2	0	2	2	0	1	NA	NA	NA	NA	NA	NA	NA	2	0	2	2	0	1	NA	NA	NA	2	0	2
19	102500	295745	2	2	0	2	d	3	2	0	0.05	0.1	NA	NA	NA	4	0	1	NA	NA	NA	NA	NA	NA	NA	NA	NA	NA	2	0	1	NA	NA	NA	2	0	2
19	295746	11469912	2	2	0	3	a	6	2	0	0.0741427396062	0.116266894698	2	0	2	2	0	1	NA	NA	NA	NA	NA	NA	NA	2	0	2	2	0	1	NA	NA	NA	2	0	2
19	11469913	11471219	2	2	0	3	b	5	2	0	0.05	0.1	2	0	2	2	0	1	NA	NA	NA	NA	NA	NA	NA	NA	NA	NA	2	0	1	NA	NA	NA	2	0	2
19	11471220	20547500	2	2	0	3	a	6	2	0	0.0730937969953	0.141202401385	2	0	2	2	0	1	NA	NA	NA	NA	NA	NA	NA	2	0	2	2	0	1	NA	NA	NA	2	0	2
19	20547501	20722499	2	2	0	2	d	4	NA	NA	NA	NA	2	0	2	2	0	1	NA	NA	NA	NA	NA	NA	NA	NA	NA	NA	2	0	1	NA	NA	NA	2	0	2
19	20722500	24399999	2	2	0	3	a	6	2	0	0.0678515671511	0.114701473999	2	0	2	2	0	1	NA	NA	NA	NA	NA	NA	NA	2	0	2	2	0	1	NA	NA	NA	2	0	2
19	24400000	28599999	NA	NA	NA	NA	NA	NA	2	2	0.034833667363	0.302814277227	3.547728	1.77386382	1.773864	NA	NA	NA	NA	NA	NA	NA	NA	NA	NA	4	2	2	2	2	0.61582	2	1	0.38418	3	1	2
19	28600000	59128982	4	2	2	3	a	6	2	2	0.0438008677975	0.213721185254	4	2	2	2	2	1	NA	NA	NA	NA	NA	NA	NA	4	2	2	2	2	1	NA	NA	NA	4	2	2
20	24347	5580220	4	2	2	2	d	2	2.17	2.17	0.0448243104482	0.200178505801	3.83117	1.915584956	1.915585	NA	NA	NA	NA	NA	NA	NA	NA	NA	NA	4	2	2	2	2	1	NA	NA	NA	NA	NA	NA
20	5580221	12899989	2	2	0	2	d	3	2.44	0	0.066688957416	0.112480434934	2	0	2	NA	NA	NA	NA	NA	NA	NA	NA	NA	NA	2	0	2	2	0	1	NA	NA	NA	NA	NA	NA
20	12899990	14264311	4	2	2	2	d	3	2.44	2.44	0.0372577137364	0.138595786425	4	2	2	NA	NA	NA	NA	NA	NA	NA	NA	NA	NA	4	2	2	2	2	1	NA	NA	NA	NA	NA	NA
20	14264312	14266267	4	2	2	2	d	2	2.44	2.44	0.05	0.1	4	2	2	NA	NA	NA	NA	NA	NA	NA	NA	NA	NA	NA	NA	NA	2	2	1	NA	NA	NA	NA	NA	NA
20	14266268	14335367	4	2	2	2	d	3	2.44	2.44	0.05	0.160493007994	4	2	2	NA	NA	NA	NA	NA	NA	NA	NA	NA	NA	4	2	2	2	2	1	NA	NA	NA	NA	NA	NA
20	14335368	14342760	4	2	2	2	f	2	2.44	2.44	0.05	0.1	4	2	2	NA	NA	NA	NA	NA	NA	NA	NA	NA	NA	NA	NA	NA	3	2	1	NA	NA	NA	NA	NA	NA
20	14342761	14343088	4	2	2	2	f	1	2.44	2.44	0.05	0.1	NA	NA	NA	NA	NA	NA	NA	NA	NA	NA	NA	NA	NA	1	0	1	3	2	1	NA	NA	NA	NA	NA	NA
20	14343089	14343157	4	2	2	2	f	1	2.44	2.44	0.05	0.1	NA	NA	NA	NA	NA	NA	NA	NA	NA	NA	NA	NA	NA	NA	NA	NA	3	2	1	NA	NA	NA	NA	NA	NA
20	14343158	14345755	5	3	2	2	d	2	2.44	2.44	0.05	0.1	NA	NA	NA	NA	NA	NA	NA	NA	NA	NA	NA	NA	NA	5	2	3	3	2	1	NA	NA	NA	NA	NA	NA
20	14345756	14345897	4	2	2	2	f	1	2.44	2.44	0.05	0.1	NA	NA	NA	NA	NA	NA	NA	NA	NA	NA	NA	NA	NA	1	0	1	3	2	1	NA	NA	NA	NA	NA	NA
20	14345898	14347871	4	2	2	2	f	1	2.44	2.44	0.05	0.1	NA	NA	NA	NA	NA	NA	NA	NA	NA	NA	NA	NA	NA	NA	NA	NA	3	2	1	NA	NA	NA	NA	NA	NA
20	14347872	16128448	4	2	2	2	d	3	2.44	2.44	0.0457208449442	0.16973056714	4	2	2	NA	NA	NA	NA	NA	NA	NA	NA	NA	NA	4	2	2	2	2	1	NA	NA	NA	NA	NA	NA
20	16128449	16247759	5	3	2	2	d	2	4	3	0.0461161927778	0.211189292713	5.125237	2.014380596	3.110856	NA	NA	NA	NA	NA	NA	NA	NA	NA	NA	5	2	3	3	2	1	NA	NA	NA	NA	NA	NA
20	16247760	16808344	6	4	2	2	d	2	4.7	2.28	0.0541678544848	0.243753651213	5.865689	2.06722309	3.798466	NA	NA	NA	NA	NA	NA	NA	NA	NA	NA	6	2	4	4	2	1	NA	NA	NA	NA	NA	NA
20	16808345	16968900	5	3	2	2	d	3	3	3	0.0446217257931	0.150583217909	5	2	3	NA	NA	NA	NA	NA	NA	NA	NA	NA	NA	5	2	3	3	2	1	NA	NA	NA	NA	NA	NA
20	16968901	16981326	5	3	2	2	d	2	3	3	0.05	0.1	5	2	3	NA	NA	NA	NA	NA	NA	NA	NA	NA	NA	NA	NA	NA	3	2	1	NA	NA	NA	NA	NA	NA
20	16981327	17012807	6	4	2	1	h	1	4.7	2.44	0.05	0.1	NA	NA	NA	NA	NA	NA	NA	NA	NA	NA	NA	NA	NA	NA	NA	NA	NA	NA	NA	NA	NA	NA	NA	NA	NA
20	17012808	17014062	6	4	2	1	h	1	4.7	2.44	0.05	0.1	NA	NA	NA	NA	NA	NA	NA	NA	NA	NA	NA	NA	NA	NA	NA	NA	NA	NA	NA	NA	NA	NA	NA	NA	NA
20	17014063	17792520	6	4	2	1	g	1	4.7	2.44	0.0548075696072	0.263672987433	6.09356	2.104106217	3.989453	NA	NA	NA	NA	NA	NA	NA	NA	NA	NA	6	2	4	NA	NA	NA	NA	NA	NA	NA	NA	NA
20	17792521	19946574	7	5	2	2	d	2	5.7	2.44	0.051580710869	0.304636866805	7	2	5	NA	NA	NA	NA	NA	NA	NA	NA	NA	NA	7	2	5	NA	NA	NA	NA	NA	NA	NA	NA	NA
20	19946575	19946994	7	5	2	2	f	2	5.7	2.44	0.05	0.1	7	2	5	NA	NA	NA	NA	NA	NA	NA	NA	NA	NA	NA	NA	NA	NA	NA	NA	NA	NA	NA	NA	NA	NA
20	19946995	21258017	7	5	2	2	d	4	5.7	2.44	0.0467363001038	0.232775887871	7	2	5	5	2	1	NA	NA	NA	NA	NA	NA	NA	7	2	5	6	2	0.0363444	5	2	0.963656	7	2	5
20	21258018	22182376	6	4	2	2	d	5	4.44	2.28	0.0523795600546	0.195762060189	6	2	4	4	2	1	NA	NA	NA	NA	NA	NA	NA	6	2	4	4	2	1	NA	NA	NA	6	2	4
20	22182377	22390077	4	2	2	1	g	NA	4.44	2.28	0.05	0.214519656127	6	2	4	2	2	1	NA	NA	NA	NA	NA	NA	NA	5	2	3	2	2	1	NA	NA	NA	5	2	3
20	22390078	23413411	4	2	2	2	d	5	2.28	2.28	0.0404420473245	0.170879223336	4	2	2	2	2	1	NA	NA	NA	NA	NA	NA	NA	4	2	2	2	2	1	NA	NA	NA	4	2	2
20	23413412	23413641	4	2	2	2	d	3	NA	NA	NA	NA	4	2	2	NA	NA	NA	NA	NA	NA	NA	NA	NA	NA	NA	NA	NA	2	2	1	NA	NA	NA	4	2	2
20	23413642	23581031	6	4	2	2	d	4	5	2	0.042098906323	0.209593047512	6	2	4	4	2	1	NA	NA	NA	NA	NA	NA	NA	6	2	4	5	2	0.122862	4	2	0.877138	6	2	4
20	23581032	24775266	5	3	2	2	d	4	3.28	2.28	0.0552223610023	0.194003188142	5.101115	2.069309037	3.031806	3	2	1	NA	NA	NA	NA	NA	NA	NA	5	2	3	3	2	1	NA	NA	NA	5	2	3
20	24775267	24816533	4	2	2	2	d	3	2.28	2.28	0.05	0.1	4.13935	2.069675207	2.069675	2	2	1	NA	NA	NA	NA	NA	NA	NA	3	1	2	2	2	1	NA	NA	NA	4	2	2
20	24816534	24822117	4	2	2	2	f	2	2.28	2.28	0.05	0.1	4.13935	2.069675207	2.069675	4	2	1	NA	NA	NA	NA	NA	NA	NA	5	2	3	3	3	1	NA	NA	NA	5	1	4
20	24822118	24832795	4	2	2	2	f	2	2.28	2.28	0.05	0.1	NA	NA	NA	2	1	1	NA	NA	NA	NA	NA	NA	NA	5	2	3	3	3	1	NA	NA	NA	4	2	2
20	24832796	24852508	5	3	2	2	d	2	2.28	2.28	0.05	0.1	NA	NA	NA	3	2	0.652499603102656	3	3	0.347500396897344	0.11557305044444	0.112378845381201	0.488344608483628	0.936468455975996	5	2	3	3	3	1	NA	NA	NA	5	2	3
20	24852509	24854313	4	2	2	2	f	2	2.28	2.28	0.05	0.1	NA	NA	NA	2	1	1	NA	NA	NA	NA	NA	NA	NA	NA	NA	NA	2	2	1	NA	NA	NA	5	2	3
20	24854314	24860308	6	4	2	2	d	3	2.28	2.28	0.05	0.1	NA	NA	NA	4	2	1	NA	NA	NA	NA	NA	NA	NA	6	2	4	2	2	1	NA	NA	NA	6	2	4
20	24860309	24861175	4	2	2	2	f	2	2.28	2.28	0.05	0.1	NA	NA	NA	2	2	0.576677907522289	3	2	0.423322092477711	NA	0	0.576677907522289	0.576677907522289	NA	NA	NA	2	2	1	NA	NA	NA	5	2	3
20	24861176	24862260	4	2	2	2	f	2	2.28	2.28	0.05	0.1	NA	NA	NA	4	1	0.89132388346698	4	2	0.10867611653302	NA	0	0.89132388346698	0.89132388346698	NA	NA	NA	2	2	1	NA	NA	NA	6	1	5
20	24862261	25599999	4	2	2	2	d	4	2.28	2.28	0.0325929303836	0.303242221258	4.142456	2.071228243	2.071228	2	2	1	NA	NA	NA	NA	NA	NA	NA	4	2	2	2	2	1	NA	NA	NA	4	2	2
20	25600000	29399999	NA	NA	NA	NA	NA	NA	2.28	1.3	0.05	0.222709706934	4.142456	2.071228243	2.071228	2	1	1	NA	NA	NA	NA	NA	NA	NA	3	1	2	2	1	1	NA	NA	NA	3	1	2
20	29400000	34532402	3	2	1	2	d	5	2.28	1.3	0.0634981748018	0.203597355896	3	1	2	2	1	1	NA	NA	NA	NA	NA	NA	NA	3	1	2	2	1	1	NA	NA	NA	3	1	2
20	34532403	62435800	4	2	2	2	d	5	2.28	2.28	0.0444548811797	0.196364424509	4	2	2	2	2	1	NA	NA	NA	NA	NA	NA	NA	4	2	2	2	2	1	NA	NA	NA	4	2	2
21	1	10407500	NA	NA	NA	NA	NA	NA	NA	NA	NA	NA	NA	NA	NA	NA	NA	NA	NA	NA	NA	NA	NA	NA	NA	NA	NA	NA	3	1	1	NA	NA	NA	NA	NA	NA
21	10407501	10597601	NA	NA	NA	NA	NA	NA	NA	NA	NA	NA	NA	NA	NA	NA	NA	NA	NA	NA	NA	NA	NA	NA	NA	NA	NA	NA	11	0	1	NA	NA	NA	NA	NA	NA
21	10597602	10755031	NA	NA	NA	NA	NA	NA	NA	NA	NA	NA	NA	NA	NA	NA	NA	NA	NA	NA	NA	NA	NA	NA	NA	NA	NA	NA	11	0	1	NA	NA	NA	NA	NA	NA
21	10755032	10899999	11	11	0	1	g	NA	NA	NA	NA	NA	NA	NA	NA	NA	NA	NA	NA	NA	NA	NA	NA	NA	NA	NA	NA	NA	11	0	1	NA	NA	NA	NA	NA	NA
21	10900000	14338201	NA	NA	NA	NA	NA	NA	NA	NA	NA	NA	NA	NA	NA	NA	NA	NA	NA	NA	NA	NA	NA	NA	NA	NA	NA	NA	11	0	1	NA	NA	NA	NA	NA	NA
21	14338202	22869967	2	2	0	2	d	5	2.17	0	0.0715235763506	0.128486321232	2	0	2	2	0	1	NA	NA	NA	NA	NA	NA	NA	2	0	2	2	0	1	NA	NA	NA	2	0	2
21	22869968	46944200	4	2	2	2	d	3	2.17	2.17	0.0423566007302	0.177628687399	4.258133	2.129066461	2.129066	2	2	0.844062446605926	3	2	0.155937553394074	0.00710774025614308	0.00688761411075433	0.831372583187132	0.858444585052839	4	2	2	2	2	1	NA	NA	NA	4	2	2
21	46944201	48129894	4	2	2	2	d	3	NA	NA	NA	NA	4.42144	2.210719953	2.21072	2	2	0.844062446605926	3	2	0.155937553394074	0.00710774025614308	0.00688761411075433	0.831372583187132	0.858444585052839	4	2	2	2	2	1	NA	NA	NA	4	2	2
22	1	12199999	4	2	2	1	h	1	NA	NA	NA	NA	NA	NA	NA	NA	NA	NA	NA	NA	NA	NA	NA	NA	NA	NA	NA	NA	NA	NA	NA	NA	NA	NA	4	2	2
22	12200000	17899999	4	2	2	3	a	6	2	2	0.0488926588406	0.263550284832	4	2	2	2	2	1	NA	NA	NA	NA	NA	NA	NA	4	2	2	2	2	1	NA	NA	NA	4	2	2
22	17900000	19970003	4	2	2	3	a	6	2	2	0.0476487627338	0.245967707573	4	2	2	2	2	1	NA	NA	NA	NA	NA	NA	NA	4	2	2	2	2	1	NA	NA	NA	4	2	2
22	19970004	21756863	3	2	1	3	b	6	2	1	0.0726498125776	0.265598493174	3	1	2	2	1	1	NA	NA	NA	NA	NA	NA	NA	3	1	2	2	1	1	NA	NA	NA	4	2	2
22	21756864	21898401	10	8	2	1	g	NA	7	2	0.05	0.1	3	1	2	NA	NA	NA	NA	NA	NA	NA	NA	NA	NA	NA	NA	NA	8	2	1	NA	NA	NA	4	2	2
22	21898402	23402188	9	7	2	2	d	4	7	2	0.0386945370657	0.437840548234	9	2	7	7	2	1	NA	NA	NA	NA	NA	NA	NA	8	2	6	8	2	1	NA	NA	NA	9	2	7
22	23402189	23517277	5	3	2	2	d	4	3	2	0.0576589258449	0.133179444875	5	2	3	3	2	1	NA	NA	NA	NA	NA	NA	NA	4	2	2	3	2	1	NA	NA	NA	6	2	4
22	23517278	23787960	5	3	2	1	g	NA	14	2	0.0424360823858	0.243917950387	9.059036	1.922662883	7.136373	7	2	1	NA	NA	NA	NA	NA	NA	NA	8	2	6	3	2	1	NA	NA	NA	9	1	8
22	23787961	23870472	5	3	2	2	d	4	2.44	2.44	0.05	0.1	5.32276	2.149679526	3.17308	3	2	1	NA	NA	NA	NA	NA	NA	NA	5	2	3	3	2	1	NA	NA	NA	5	2	3
22	23870473	24666741	9	7	2	2	d	3	7	2	0.0422073939022	0.220772201061	9.04385	2.114378875	6.929471	7	2	1	NA	NA	NA	NA	NA	NA	NA	8	2	6	8	2	1	NA	NA	NA	9	2	7
22	24666742	26299180	5	3	2	3	a	6	3	2	0.0534310165604	0.178346588077	5	2	3	3	2	1	NA	NA	NA	NA	NA	NA	NA	5	2	3	3	2	1	NA	NA	NA	5	2	3
22	26299181	29882079	9	7	2	2	d	4	7	2	0.0434795405883	0.251512621703	9	2	7	7	2	1	NA	NA	NA	NA	NA	NA	NA	8	2	6	8	2	1	NA	NA	NA	9	2	7
22	29882080	29882872	10	8	2	1	g	NA	NA	NA	NA	NA	9	2	7	NA	NA	NA	NA	NA	NA	NA	NA	NA	NA	1	0	1	8	2	1	NA	NA	NA	9	2	7
22	29882873	29884114	10	8	2	1	g	NA	NA	NA	NA	NA	NA	NA	NA	7	1	1	NA	NA	NA	NA	NA	NA	NA	NA	NA	NA	8	2	1	NA	NA	NA	9	1	8
22	29884115	33026367	11	9	2	1	g	NA	16	2	0.0442440183466	0.287519112911	10	2	8	8	2	1	NA	NA	NA	NA	NA	NA	NA	8	2	6	9	2	1	NA	NA	NA	10	1	9
22	33026368	33394823	5	3	2	3	a	6	3	2	0.0537374812572	0.170981314021	5	2	3	3	2	1	NA	NA	NA	NA	NA	NA	NA	5	2	3	3	2	1	NA	NA	NA	5	2	3
22	33394824	33534811	4	2	2	2	e	0	15	2	0.0389280044674	0.27409654575	9.580826	1.950618146	7.630208	8	2	1	NA	NA	NA	NA	NA	NA	NA	8	2	6	9	2	1	NA	NA	NA	9	1	8
22	33534812	33589743	10	8	2	2	f	2	NA	NA	NA	NA	9.580826	1.950618146	7.630208	3	2	1	NA	NA	NA	NA	NA	NA	NA	NA	NA	NA	8	2	1	NA	NA	NA	6	2	4
22	33589744	34988882	9	7	2	2	d	3	7	2	0.047492046834	0.245855951466	8.821086	1.942584913	6.878501	7	2	1	NA	NA	NA	NA	NA	NA	NA	8	2	6	8	2	1	NA	NA	NA	9	2	7
22	34988883	35127990	5	3	2	3	a	6	3	2	0.0421061960334	0.232772404877	5	2	3	3	2	1	NA	NA	NA	NA	NA	NA	NA	5	2	3	3	2	1	NA	NA	NA	5	2	3
22	35127991	35129188	5	3	2	1	g	NA	6	2	0.05	0.1	5	2	3	8	1	1	NA	NA	NA	NA	NA	NA	NA	NA	NA	NA	3	2	1	NA	NA	NA	7	0	7
22	35129189	35129885	5	3	2	1	g	NA	6	2	0.05	0.1	NA	NA	NA	NA	NA	NA	NA	NA	NA	NA	NA	NA	NA	NA	NA	NA	3	2	1	NA	NA	NA	7	0	7
22	35129886	35303388	8	6	2	2	d	4	6	2	0.0468041991447	0.259954624098	8.15454	1.979219147	6.175321	6	2	1	NA	NA	NA	NA	NA	NA	NA	8	2	6	7	2	1	NA	NA	NA	8	2	6
22	35303389	39062504	15	13	2	1	g	NA	22	2	0.0357340866611	0.391348840544	13	2	11	11	2	1	NA	NA	NA	NA	NA	NA	NA	8	1	7	13	2	1	NA	NA	NA	13	1	12
22	39062505	39103233	2	2	0	2	d	4	22	2	0.05	0.1	13	2	11	2	0	1	NA	NA	NA	NA	NA	NA	NA	2	0	2	2	0	1	NA	NA	NA	2	0	2
22	39103234	39928624	15	13	2	1	g	NA	22	2	0.0320159305474	0.401472227473	12.945322	2.045613559	10.899708	11	2	1	NA	NA	NA	NA	NA	NA	NA	8	1	7	13	2	1	NA	NA	NA	13	1	12
22	39928625	49691400	3	2	1	3	a	6	2	1	0.0657839517162	0.133180230862	3	1	2	2	1	1	NA	NA	NA	NA	NA	NA	NA	3	1	2	2	1	1	NA	NA	NA	3	1	2
22	49691401	51304565	3	2	1	2	d	4	NA	NA	NA	NA	3.082041	1.134261662	1.94778	2	1	1	NA	NA	NA	NA	NA	NA	NA	3	1	2	2	1	1	NA	NA	NA	3	1	2
X	1	50929938	2	2	0	2	d	4	1	0	0.0685288354807	0.171373104932	2	0	2	2	0	1	NA	NA	NA	NA	NA	NA	NA	2	0	2	NA	NA	NA	NA	NA	NA	2	0	2
X	50929939	58099999	3	2	1	2	d	4	1.33	0.67	0.0670397085223	0.136685960821	3	1	2	2	1	1	NA	NA	NA	NA	NA	NA	NA	3	1	2	NA	NA	NA	NA	NA	NA	3	1	2
X	58100000	62999999	NA	NA	NA	NA	NA	NA	1.33	0.67	0.05	0.364843156762	3.577562	1.788781095	1.788781	NA	NA	NA	NA	NA	NA	NA	NA	NA	NA	4	2	2	NA	NA	NA	NA	NA	NA	3	1	2
X	63000000	154913600	4	2	2	2	d	4	1.26	1.26	0.0427379235315	0.168119455088	4	2	2	2	2	1	NA	NA	NA	NA	NA	NA	NA	4	2	2	NA	NA	NA	NA	NA	NA	4	2	2
