chromosome	start	end	total_cn	major_cn	minor_cn	star	level	methods_agree	absolute_broad_major_cn	absolute_broad_minor_cn	absolute_broad_het_error	absolute_broad_cov_error	aceseq_copy_number	aceseq_minor_cn	aceseq_major_cn	battenberg_nMaj1_A	battenberg_nMin1_A	battenberg_frac1_A	battenberg_nMaj2_A	battenberg_nMin2_A	battenberg_frac2_A	battenberg_SDfrac_A	battenberg_SDfrac_A_BS	battenberg_frac1_A_0.025	battenberg_frac1_A_0.975	clonehd_copy_number	clonehd_minor_cn	clonehd_major_cn	sclust_nMaj1_A	sclust_nMin1_A	sclust_frac1_A	sclust_nMaj2_A	sclust_nMin2_A	sclust_frac2_A	jabba_copy_number	jabba_minor_cn	jabba_major_cn
1	10001	25248494	2	1	1	2	d	3	0.86	0.86	0.0434230838425	0.131262701965	NA	NA	NA	1	0	0.337626521096328	1	1	0.662373478903672	0.00504755047831618	0.00495596203589038	0.325611017686968	0.344889309092218	2	1	1	1	1	1	NA	NA	NA	2	1	1
1	25248495	31959834	2	1	1	2	d	3	1.14	1.14	0.0378924913118	0.0888021961259	NA	NA	NA	1	1	0.652727006872352	2	1	0.347272993127648	0.0121419108252114	0.0122658136565306	0.630408464423787	0.677705393232448	2	1	1	1	1	1	NA	NA	NA	2	1	1
1	31959835	32173094	3	2	1	3	b	5	2	1	0.0577629810909	0.0833717652444	NA	NA	NA	2	1	1	NA	NA	NA	NA	NA	NA	NA	3	1	2	2	1	1	NA	NA	NA	3	1	2
1	32173095	39705729	2	1	1	2	d	3	1.14	1.14	0.038496091962	0.0732736040573	NA	NA	NA	1	1	0.675878539747525	2	1	0.324121460252475	0.0136242580131911	0.0134080560004267	0.682711527003762	0.733258833863035	2	1	1	1	1	1	NA	NA	NA	2	1	1
1	39705730	39806673	3	2	1	2	d	3	1.14	1.14	0.05	0.0749807674436	NA	NA	NA	2	1	1	NA	NA	NA	NA	NA	NA	NA	3	1	2	2	1	0.615186	1	1	0.384814	3	1	2
1	39806674	39886818	3	2	1	2	d	2	1.14	1.14	0.05	0.1	NA	NA	NA	1	1	1	NA	NA	NA	NA	NA	NA	NA	3	1	2	2	1	0.615186	1	1	0.384814	3	1	2
1	39886819	39890841	3	2	1	2	d	2	NA	NA	NA	NA	NA	NA	NA	NA	NA	NA	NA	NA	NA	NA	NA	NA	NA	3	1	2	2	1	0.615186	1	1	0.384814	3	1	2
1	39890842	39897464	3	2	1	2	d	2	1.49	1	0.05	0.1	NA	NA	NA	1	0	0.644935558665636	1	1	0.355064441334364	NA	0	0.644935558665636	0.644935558665636	3	1	2	2	1	0.615186	1	1	0.384814	3	1	2
1	39897465	40987383	3	2	1	2	d	2	1.49	1	0.0401977064591	0.0750753160007	NA	NA	NA	1	1	0.342997040028763	2	1	0.657002959971237	0.0558489854369631	0.0566235219496485	0.201320668897259	0.413689788050704	3	1	2	2	1	0.615186	1	1	0.384814	3	1	2
1	40987384	42978290	2	1	1	2	d	2	1.14	1.14	0.0410062605662	0.0733624135199	NA	NA	NA	1	1	0.62601369970868	2	1	0.37398630029132	0.0193812351660535	0.0194233996375822	0.600935854654623	0.675683138443369	3	1	2	1	1	1	NA	NA	NA	2	1	1
1	42978291	43315263	3	2	1	2	d	2	1	1	0.060052368445	0.0798606241567	NA	NA	NA	1	1	0.240340327533258	2	1	0.759659672466742	0.079923678169408	0.0802879796829208	0.0729685428445098	0.388144119776359	3	1	2	2	1	0.597884	1	1	0.402116	3	1	2
1	43315264	45016857	2	1	1	2	d	3	1.14	1.14	0.0405684408443	0.0694955570288	NA	NA	NA	1	1	0.594848174684412	2	1	0.405151825315588	0.0249673912711691	0.025059719358311	0.524517878672808	0.622496689993872	2	1	1	1	1	1	NA	NA	NA	2	1	1
1	45016858	45658630	3	2	1	2	d	2	1	1	0.0412753696666	0.0723655189914	NA	NA	NA	1	1	0.392272262026605	2	1	0.607727737973395	0.0898737813439505	0.0862460864512925	0.3091571351604	0.65260861845507	3	1	2	2	1	0.601677	1	1	0.398323	3	1	2
1	45658631	46434803	2	1	1	3	b	5	1	1	0.0361011233784	0.061408392928	NA	NA	NA	1	1	1	NA	NA	NA	NA	NA	NA	NA	2	1	1	1	1	1	NA	NA	NA	2	1	1
1	46434804	47699336	3	2	1	2	d	4	2	1	0.0407042263665	0.0790553120692	NA	NA	NA	1	1	0.199843264493004	2	1	0.800156735506996	0.0342789871798619	0.0327272573128141	0.141997521319349	0.269536675343229	3	1	2	2	1	1	NA	NA	NA	3	1	2
1	47699337	48742885	2	1	1	2	d	2	1.14	1.14	0.0394598292174	0.10402445787	NA	NA	NA	1	1	0.567838052996704	2	1	0.432161947003296	0.0296720520558008	0.0300603915637076	0.506547697682813	0.627596704525009	3	1	2	1	1	1	NA	NA	NA	2	1	1
1	48742886	48804167	2	1	1	2	e	3	1.14	1.14	0.05	0.0419594598547	NA	NA	NA	NA	NA	NA	NA	NA	NA	NA	NA	NA	NA	3	1	2	2	1	0.650982	1	1	0.349018	2	1	1
1	48804168	50426338	3	2	1	2	d	2	1.49	1	0.0454028312421	0.0989884460257	NA	NA	NA	1	1	0.247575181556762	2	1	0.752424818443238	0.0330879283452974	0.0329165782874993	0.205095771692528	0.335742629274964	3	1	2	2	1	0.650982	1	1	0.349018	3	1	2
1	50426339	51163806	2	1	1	2	d	3	1.14	1.14	0.0372780365419	0.0824984038444	NA	NA	NA	1	1	0.689538831175788	2	1	0.310461168824212	0.0386550054382411	0.0387861180010135	0.61673550488938	0.767987625977064	2	1	1	1	1	1	NA	NA	NA	2	1	1
1	51163807	51168274	2	1	1	2	d	3	1	1	0.05	0.1	NA	NA	NA	NA	NA	NA	NA	NA	NA	NA	NA	NA	NA	NA	NA	NA	1	1	1	NA	NA	NA	2	1	1
1	51168275	51170318	2	1	1	2	d	3	1	1	0.05	0.1	NA	NA	NA	0	0	0.80663365514952	1	0	0.19336634485048	NA	0	0.80663365514952	0.80663365514952	NA	NA	NA	1	1	1	NA	NA	NA	2	1	1
1	51170319	52673644	2	1	1	3	b	5	1	1	0.0293488536412	0.0697508677918	NA	NA	NA	1	1	1	NA	NA	NA	NA	NA	NA	NA	2	1	1	1	1	1	NA	NA	NA	2	1	1
1	52673645	52676182	2	1	1	2	d	4	1	1	0.05	0.1	NA	NA	NA	1	1	1	NA	NA	NA	NA	NA	NA	NA	NA	NA	NA	1	1	1	NA	NA	NA	2	1	1
1	52676183	52995437	2	1	1	3	b	5	1	1	0.05	0.071438886974	NA	NA	NA	1	1	1	NA	NA	NA	NA	NA	NA	NA	2	1	1	1	1	1	NA	NA	NA	2	1	1
1	52995438	55828193	2	1	1	3	b	5	1	1	0.0369489319252	0.0968669082559	NA	NA	NA	1	1	1	NA	NA	NA	NA	NA	NA	NA	2	1	1	1	1	1	NA	NA	NA	2	1	1
1	55828194	62993555	2	1	1	3	b	5	1	1	0.0349865752242	0.0828855318424	NA	NA	NA	1	1	1	NA	NA	NA	NA	NA	NA	NA	2	1	1	1	1	1	NA	NA	NA	2	1	1
1	62993556	64620588	2	1	1	2	d	2	1.14	1	0.0402110556959	0.0778072760413	NA	NA	NA	1	1	0.57101571437172	2	1	0.42898428562828	0.0239784567566472	0.0238640117443684	0.53680378592876	0.629106453201344	3	1	2	1	1	1	NA	NA	NA	2	1	1
1	64620589	120330753	2	1	1	3	b	5	1	1	0.0367005186832	0.0864584371103	NA	NA	NA	1	1	1	NA	NA	NA	NA	NA	NA	NA	2	1	1	1	1	1	NA	NA	NA	2	1	1
1	120330754	121499999	2	1	1	2	d	4	1	1	0.05	0.264859496691	NA	NA	NA	1	1	1	NA	NA	NA	NA	NA	NA	NA	2	1	1	1	0	0.523255	1	1	0.476745	2	1	1
1	121500000	128899999	2	1	1	2	d	2	1	1	0.05	0.1	NA	NA	NA	NA	NA	NA	NA	NA	NA	NA	NA	NA	NA	1	0	1	1	0	0.523255	1	1	0.476745	2	1	1
1	128900000	143416938	2	1	1	2	d	2	1	1	0.05	0.252335953479	NA	NA	NA	NA	NA	NA	NA	NA	NA	NA	NA	NA	NA	1	0	1	1	0	0.523255	1	1	0.476745	2	1	1
1	143416939	145291364	2	1	1	2	d	3	1.14	1	0.05	0.199892509643	NA	NA	NA	1	1	1	NA	NA	NA	NA	NA	NA	NA	NA	NA	NA	1	1	1	NA	NA	NA	2	1	1
1	145291365	149958096	2	1	1	2	d	3	1.14	1	0.0446806929949	0.149295162554	NA	NA	NA	1	1	0.661588419500854	2	1	0.338411580499146	0.0268641525285923	0.0265613432326093	0.643597924826647	0.747428420344334	2	1	1	1	1	1	NA	NA	NA	2	1	1
1	149958097	151588202	3	2	1	2	d	2	1.49	1	0.0500429969282	0.0820307710749	NA	NA	NA	1	1	0.26544711557512	2	1	0.73455288442488	0.0765755150830313	0.0764681917620428	0.244196699896524	0.538221071846488	3	1	2	2	1	0.599923	1	1	0.400077	3	1	2
1	151588203	151604188	4	3	1	1	g	NA	2	1	0.05	0.1	NA	NA	NA	3	1	0.54730223716918	3	2	0.45269776283082	NA	0	0.54730223716918	0.54730223716918	NA	NA	NA	3	1	0.363129	2	1	0.636871	4	1	3
1	151604189	151783723	3	2	1	2	d	2	2	1	0.0494187144455	0.133611129446	NA	NA	NA	2	1	0.514443307176156	3	1	0.485556692823844	0.106025570028191	0.108917682325605	0.231553598993061	0.673935963257678	4	1	3	3	1	0.363129	2	1	0.636871	3	1	2
1	151783724	152844279	3	2	1	3	b	5	2	1	0.0453993741975	0.107735195024	NA	NA	NA	2	1	1	NA	NA	NA	NA	NA	NA	NA	3	1	2	2	1	1	NA	NA	NA	3	1	2
1	152844280	154963569	3	2	1	2	d	2	2.49	1	0.0481737605954	0.0864658375713	NA	NA	NA	2	1	0.480680655066529	3	1	0.519319344933471	0.0310510237156505	0.0322339812174107	0.40951897228728	0.539646066329514	4	1	3	2	1	1	NA	NA	NA	3	1	2
1	154963570	154987384	3	2	1	2	d	2	2.49	1	0.05	0.1	NA	NA	NA	NA	NA	NA	NA	NA	NA	NA	NA	NA	NA	1	0	1	2	1	1	NA	NA	NA	3	1	2
1	154987385	155194045	3	2	1	2	d	3	2.49	1	0.05	0.1	NA	NA	NA	2	1	1	NA	NA	NA	NA	NA	NA	NA	NA	NA	NA	2	1	1	NA	NA	NA	3	1	2
1	155194046	155513486	3	2	1	2	d	4	1	1	0.05	0.0776233568398	NA	NA	NA	2	1	1	NA	NA	NA	NA	NA	NA	NA	3	1	2	2	1	1	NA	NA	NA	3	1	2
1	155513487	155540820	3	2	1	2	d	2	1	1	0.05	0.1	NA	NA	NA	1	0	0.509807411906061	1	1	0.490192588093939	0.0111305446515273	0.00780129817323833	0.498648400388421	0.520909489691477	NA	NA	NA	2	1	1	NA	NA	NA	3	1	2
1	155540821	155731309	3	2	1	2	d	4	1	1	0.05	0.0861513077087	NA	NA	NA	2	1	1	NA	NA	NA	NA	NA	NA	NA	3	1	2	2	1	1	NA	NA	NA	3	1	2
1	155731310	156885996	2	1	1	2	d	4	1	1	0.0410042094932	0.0841883659108	NA	NA	NA	1	1	0.657554712986263	2	1	0.342445287013737	0.0419241209397893	0.0405649013091746	0.632659308154121	0.787998020403698	2	1	1	1	1	1	NA	NA	NA	2	1	1
1	156885997	173795387	2	1	1	3	b	5	1	1	0.0357651052069	0.081383818592	NA	NA	NA	1	1	1	NA	NA	NA	NA	NA	NA	NA	2	1	1	1	1	1	NA	NA	NA	2	1	1
1	173795388	197518800	2	1	1	3	b	5	1	1	0.0397254769458	0.0838692171395	NA	NA	NA	1	1	1	NA	NA	NA	NA	NA	NA	NA	2	1	1	1	1	1	NA	NA	NA	2	1	1
1	197518801	198370018	2	1	1	2	d	4	1	1	0.0300731552796	0.100812632293	NA	NA	NA	1	0	0.109268536716474	1	1	0.890731463283526	0.0332548587154778	0.0346674509647754	0.0311135631053747	0.168298442820522	2	1	1	1	1	1	NA	NA	NA	2	1	1
1	198370019	206282755	2	1	1	3	b	5	1	1	0.0370037659639	0.0731790744071	NA	NA	NA	1	1	1	NA	NA	NA	NA	NA	NA	NA	2	1	1	1	1	1	NA	NA	NA	2	1	1
1	206282756	206288490	2	1	1	2	d	4	1	1	0.05	0.1	NA	NA	NA	1	1	1	NA	NA	NA	NA	NA	NA	NA	NA	NA	NA	1	1	1	NA	NA	NA	2	1	1
1	206288491	247249600	2	1	1	3	b	5	1	1	0.0370725762597	0.0714713313972	NA	NA	NA	1	1	1	NA	NA	NA	NA	NA	NA	NA	2	1	1	1	1	1	NA	NA	NA	2	1	1
1	247249601	249250620	2	1	1	2	d	4	NA	NA	NA	NA	NA	NA	NA	1	1	1	NA	NA	NA	NA	NA	NA	NA	2	1	1	1	1	1	NA	NA	NA	2	1	1
2	20016	81688040	2	1	1	3	b	5	1	1	0.0362433578296	0.0784767943282	NA	NA	NA	1	1	1	NA	NA	NA	NA	NA	NA	NA	2	1	1	1	1	1	NA	NA	NA	2	1	1
2	81688041	90499999	2	1	1	3	b	5	1	1	0.0341894854152	0.119192841209	NA	NA	NA	1	1	1	NA	NA	NA	NA	NA	NA	NA	2	1	1	1	1	1	NA	NA	NA	2	1	1
2	90500000	96799999	2	1	1	3	b	5	1	1	0.0362328643659	0.154304586119	NA	NA	NA	1	1	1	NA	NA	NA	NA	NA	NA	NA	2	1	1	1	1	1	NA	NA	NA	2	1	1
2	96800000	97875741	2	1	1	3	b	5	1	1	0.0256220442579	0.112477060222	NA	NA	NA	1	1	1	NA	NA	NA	NA	NA	NA	NA	2	1	1	1	1	1	NA	NA	NA	2	1	1
2	97875742	98162724	2	1	1	2	d	4	1	1	0.05	0.1	NA	NA	NA	1	1	1	NA	NA	NA	NA	NA	NA	NA	NA	NA	NA	1	1	1	NA	NA	NA	2	1	1
2	98162725	98323371	2	1	1	2	d	4	1	1	0.05	0.157290354069	NA	NA	NA	1	0	0.19577806323975	1	1	0.80422193676025	0.0666612745540725	0.0648083382522258	0.0537978035087126	0.31394123424821	2	1	1	1	1	1	NA	NA	NA	2	1	1
2	98323372	98323419	2	1	1	2	d	2	NA	NA	NA	NA	NA	NA	NA	NA	NA	NA	NA	NA	NA	NA	NA	NA	NA	1	0	1	1	1	1	NA	NA	NA	2	1	1
2	98323420	98328920	1	1	0	2	d	3	NA	NA	NA	NA	NA	NA	NA	1	0	1	NA	NA	NA	NA	NA	NA	NA	1	0	1	1	0	1	NA	NA	NA	2	1	1
2	98328921	99064942	1	1	0	3	b	5	1	0	0.0500541492036	0.06146440194	NA	NA	NA	1	0	1	NA	NA	NA	NA	NA	NA	NA	1	0	1	1	0	1	NA	NA	NA	1	0	1
2	99064943	99075915	2	1	1	2	d	3	1	1	0.05	0.1	NA	NA	NA	1	1	1	NA	NA	NA	NA	NA	NA	NA	1	0	1	1	1	1	NA	NA	NA	1	0	1
2	99075916	99076213	2	1	1	2	d	3	1	1	0.05	0.1	NA	NA	NA	1	1	1	NA	NA	NA	NA	NA	NA	NA	NA	NA	NA	1	1	1	NA	NA	NA	1	0	1
2	99076214	106162298	2	1	1	3	b	5	1	1	0.0343629521629	0.0735550468191	NA	NA	NA	1	1	1	NA	NA	NA	NA	NA	NA	NA	2	1	1	1	1	1	NA	NA	NA	2	1	1
2	106162299	107258296	1	1	0	3	b	5	1	0	0.057330488377	0.0533838390103	NA	NA	NA	1	0	1	NA	NA	NA	NA	NA	NA	NA	1	0	1	1	0	1	NA	NA	NA	1	0	1
2	107258297	114736352	2	1	1	3	b	5	1	1	0.0351006085558	0.0802220568756	NA	NA	NA	1	1	1	NA	NA	NA	NA	NA	NA	NA	2	1	1	1	1	1	NA	NA	NA	2	1	1
2	114736353	114809484	2	1	1	3	b	5	1	1	0.05	0.0748299176972	NA	NA	NA	1	1	1	NA	NA	NA	NA	NA	NA	NA	2	1	1	1	1	1	NA	NA	NA	2	1	1
2	114809485	145444774	2	1	1	3	b	5	1	1	0.036765209061	0.0806599268948	NA	NA	NA	1	1	1	NA	NA	NA	NA	NA	NA	NA	2	1	1	1	1	1	NA	NA	NA	2	1	1
2	145444775	156376942	2	1	1	3	b	5	1	1	0.0378490117805	0.0819196415778	NA	NA	NA	1	1	1	NA	NA	NA	NA	NA	NA	NA	2	1	1	1	1	1	NA	NA	NA	2	1	1
2	156376943	174896255	2	1	1	3	b	5	1	1	0.0340911671918	0.0806873331241	NA	NA	NA	1	1	1	NA	NA	NA	NA	NA	NA	NA	2	1	1	1	1	1	NA	NA	NA	2	1	1
2	174896256	175043033	2	1	1	2	d	4	1	1	0.0297322901305	0.0561080818865	NA	NA	NA	1	0	0.1694468760033	1	1	0.8305531239967	0.0530572711086261	0.0518643459699978	0.0437666952906252	0.247307899576478	2	1	1	1	1	1	NA	NA	NA	2	1	1
2	175043034	179467609	2	1	1	3	b	5	1	1	0.0338924165994	0.0761722392432	NA	NA	NA	1	1	1	NA	NA	NA	NA	NA	NA	NA	2	1	1	1	1	1	NA	NA	NA	2	1	1
2	179467610	181911152	2	1	1	3	b	5	1	1	0.0356163335501	0.0971514650824	NA	NA	NA	1	1	1	NA	NA	NA	NA	NA	NA	NA	2	1	1	1	1	1	NA	NA	NA	2	1	1
2	181911153	181944661	0	0	0	2	d	3	0	0	0.05	0.1	NA	NA	NA	1	1	1	NA	NA	NA	NA	NA	NA	NA	0	0	0	0	0	1	NA	NA	NA	1	0	1
2	181944662	195858160	2	1	1	3	b	5	1	1	0.0336049023359	0.0890780490029	NA	NA	NA	1	1	1	NA	NA	NA	NA	NA	NA	NA	2	1	1	1	1	1	NA	NA	NA	2	1	1
2	195858161	195892602	0	0	0	2	d	3	1	0.51	0.0600055044868	0.1	NA	NA	NA	0	0	1	NA	NA	NA	NA	NA	NA	NA	0	0	0	0	0	1	NA	NA	NA	1	0	1
2	195892603	211402200	2	1	1	3	b	5	1	1	0.040592734512	0.079274853754	NA	NA	NA	1	1	1	NA	NA	NA	NA	NA	NA	NA	2	1	1	1	1	1	NA	NA	NA	2	1	1
2	211402201	211484002	2	1	1	2	d	3	1	1	0.0330013829557	0.210008730683	NA	NA	NA	1	1	1	NA	NA	NA	NA	NA	NA	NA	1	0	1	1	0	0.148301	0	0	0.851699	2	1	1
2	211484003	242985695	2	1	1	3	b	5	1	1	0.0365300278799	0.0961422706859	NA	NA	NA	1	1	1	NA	NA	NA	NA	NA	NA	NA	2	1	1	1	1	1	NA	NA	NA	2	1	1
3	80184	6224602	1	1	0	2	d	2	1	0.51	0.0517483749878	0.0822127484337	NA	NA	NA	1	0	0.547397732705589	1	1	0.452602267294411	0.00613410957467858	0.00614576033905713	0.534167681823856	0.558912464350498	1	0	1	1	0	0.479816	1	1	0.520184	1	0	1
3	6224603	8985996	1	1	0	2	d	2	1	0.51	0.0510063343656	0.0757595049192	NA	NA	NA	1	0	0.547397732705589	1	1	0.452602267294411	0.00613410957467858	0.00614576033905713	0.534167681823856	0.558912464350498	1	0	1	1	0	0.479816	1	1	0.520184	1	0	1
3	8985997	9880073	1	1	0	2	d	2	1	0.51	0.0467722772362	0.0598259187073	NA	NA	NA	1	0	0.324121460252477	1	1	0.675878539747523	0.0332390583863975	0.0332032465809569	0.222175938627112	0.349113066480565	1	0	1	1	0	0.385319	1	1	0.614681	1	0	1
3	9880074	10398702	2	1	1	2	d	3	1	1	0.049788530484	0.110449407982	NA	NA	NA	1	0	0.282664064173668	1	1	0.717335935826332	0.0348616494387907	0.0337045269181864	0.231119836131676	0.357823969897625	NA	NA	NA	1	1	1	NA	NA	NA	2	1	1
3	10398703	18780010	2	1	1	3	b	5	1	1	0.038592779314	0.0798479678715	NA	NA	NA	1	1	1	NA	NA	NA	NA	NA	NA	NA	2	1	1	1	1	1	NA	NA	NA	2	1	1
3	18780011	18830085	2	1	1	2	d	3	1	1	0.05	0.1	NA	NA	NA	1	1	1	NA	NA	NA	NA	NA	NA	NA	1	0	1	1	0	0.175957	0	0	0.824043	2	1	1
3	18830086	35367026	2	1	1	3	b	5	1	1	0.0354723575073	0.0888990247725	NA	NA	NA	1	1	1	NA	NA	NA	NA	NA	NA	NA	2	1	1	1	1	1	NA	NA	NA	2	1	1
3	35367027	35400006	0	0	0	2	d	3	1	1	0.05	0.1	NA	NA	NA	0	0	1	NA	NA	NA	NA	NA	NA	NA	0	0	0	0	0	1	NA	NA	NA	1	0	1
3	35400007	71692643	2	1	1	3	b	5	1	1	0.0362664416002	0.0766983933636	NA	NA	NA	1	1	1	NA	NA	NA	NA	NA	NA	NA	2	1	1	1	1	1	NA	NA	NA	2	1	1
3	71692644	76142544	1	1	0	3	b	5	1	0	0.0603626300642	0.0810088266622	NA	NA	NA	1	0	1	NA	NA	NA	NA	NA	NA	NA	1	0	1	1	0	1	NA	NA	NA	1	0	1
3	76142545	82425008	2	1	1	3	b	5	1	1	0.0369297738552	0.0972950479819	NA	NA	NA	1	1	1	NA	NA	NA	NA	NA	NA	NA	2	1	1	1	1	1	NA	NA	NA	2	1	1
3	82425009	82981401	2	1	1	2	d	4	1	1	0.0344028899369	0.0706145419399	NA	NA	NA	1	1	0.898539491786385	2	1	0.101460508213615	0.0285875687944439	0.0292678571695622	0.859202057495444	0.97353390779025	2	1	1	1	1	1	NA	NA	NA	2	1	1
3	82981402	83081967	2	1	1	2	d	3	1	1	0.05	0.370010036095	NA	NA	NA	1	1	1	NA	NA	NA	NA	NA	NA	NA	1	0	1	1	0	0.23085	0	0	0.76915	2	1	1
3	83081968	87899999	2	1	1	3	b	5	1	1	0.0386236178023	0.089816838736	NA	NA	NA	1	1	1	NA	NA	NA	NA	NA	NA	NA	2	1	1	1	1	1	NA	NA	NA	2	1	1
3	87900000	93899999	2	1	1	3	b	5	1	1	0.0379089784754	0.0923717857865	NA	NA	NA	1	1	1	NA	NA	NA	NA	NA	NA	NA	2	1	1	1	1	1	NA	NA	NA	2	1	1
3	93900000	132074417	2	1	1	3	b	5	1	1	0.037429139857	0.0803730243068	NA	NA	NA	1	1	1	NA	NA	NA	NA	NA	NA	NA	2	1	1	1	1	1	NA	NA	NA	2	1	1
3	132074418	132077964	4	3	1	2	e	0	1	1	0.05	0.1	NA	NA	NA	1	0	0.728079153872394	2	0	0.271920846127606	0.268398563795515	0.302297754696888	-0.332174782847516	0.834010522275179	1	0	1	1	1	1	NA	NA	NA	1	0	1
3	132077965	161480007	2	1	1	3	b	5	1	1	0.0365160050673	0.0766511717583	NA	NA	NA	1	1	1	NA	NA	NA	NA	NA	NA	NA	2	1	1	1	1	1	NA	NA	NA	2	1	1
3	161480008	161514970	2	1	1	3	b	5	1	1	0.05	0.1	NA	NA	NA	1	1	1	NA	NA	NA	NA	NA	NA	NA	2	1	1	1	1	1	NA	NA	NA	2	1	1
3	161514971	198022429	2	1	1	3	b	5	1	1	0.0360488665858	0.0841826229428	NA	NA	NA	1	1	1	NA	NA	NA	NA	NA	NA	NA	2	1	1	1	1	1	NA	NA	NA	2	1	1
4	27500	1221876	2	1	1	3	b	5	1	1	0.0352247836408	0.0863118943314	NA	NA	NA	1	1	1	NA	NA	NA	NA	NA	NA	NA	2	1	1	1	1	1	NA	NA	NA	2	1	1
4	1221877	29311526	2	1	1	3	b	5	1	1	0.0366188587222	0.0808696453278	NA	NA	NA	1	1	1	NA	NA	NA	NA	NA	NA	NA	2	1	1	1	1	1	NA	NA	NA	2	1	1
4	29311527	48199999	2	1	1	3	b	5	1	1	0.0353067333323	0.0808697886112	NA	NA	NA	1	1	1	NA	NA	NA	NA	NA	NA	NA	2	1	1	1	1	1	NA	NA	NA	2	1	1
4	48200000	52699999	2	1	1	3	b	5	1	1	0.05	0.194897220289	NA	NA	NA	1	1	1	NA	NA	NA	NA	NA	NA	NA	2	1	1	1	1	1	NA	NA	NA	2	1	1
4	52700000	58692201	2	1	1	3	b	5	1	1	0.0342197546572	0.0815317075052	NA	NA	NA	1	1	1	NA	NA	NA	NA	NA	NA	NA	2	1	1	1	1	1	NA	NA	NA	2	1	1
4	58692202	58726439	1	1	0	1	g	NA	1	1	0.05	0.1	NA	NA	NA	1	1	1	NA	NA	NA	NA	NA	NA	NA	0	0	0	0	0	1	NA	NA	NA	1	0	1
4	58726440	69213321	2	1	1	3	b	5	1	1	0.035582555818	0.086371879037	NA	NA	NA	1	1	1	NA	NA	NA	NA	NA	NA	NA	2	1	1	1	1	1	NA	NA	NA	2	1	1
4	69213322	69213631	2	1	1	2	d	4	1	1	0.05	0.1	NA	NA	NA	1	1	1	NA	NA	NA	NA	NA	NA	NA	NA	NA	NA	1	1	1	NA	NA	NA	2	1	1
4	69213632	70177500	2	1	1	3	b	5	1	1	0.0414401782507	0.148971233732	NA	NA	NA	1	1	1	NA	NA	NA	NA	NA	NA	NA	2	1	1	1	1	1	NA	NA	NA	2	1	1
4	70177501	72337586	2	1	1	3	b	5	1	1	0.0399964925188	0.10684365721	NA	NA	NA	1	1	1	NA	NA	NA	NA	NA	NA	NA	2	1	1	1	1	1	NA	NA	NA	2	1	1
4	72337587	72400345	2	1	1	2	d	4	1	1	0.0414746556985	0.111418542323	NA	NA	NA	1	1	1	NA	NA	NA	NA	NA	NA	NA	1	0	1	1	1	1	NA	NA	NA	2	1	1
4	72400346	73304739	2	1	1	3	b	5	1	1	0.031572590651	0.0873509800831	NA	NA	NA	1	1	1	NA	NA	NA	NA	NA	NA	NA	2	1	1	1	1	1	NA	NA	NA	2	1	1
4	73304740	84938602	2	1	1	3	b	5	1	1	0.0367313510455	0.123981605366	NA	NA	NA	1	1	1	NA	NA	NA	NA	NA	NA	NA	2	1	1	1	1	1	NA	NA	NA	2	1	1
4	84938603	85019990	2	1	1	2	d	4	1	1	0.0346631961821	0.128198455477	NA	NA	NA	1	1	1	NA	NA	NA	NA	NA	NA	NA	1	0	1	1	1	1	NA	NA	NA	2	1	1
4	85019991	87820262	2	1	1	3	b	5	1	1	0.0368694893868	0.0869380296576	NA	NA	NA	1	1	1	NA	NA	NA	NA	NA	NA	NA	2	1	1	1	1	1	NA	NA	NA	2	1	1
4	87820263	87820691	2	1	1	2	d	4	1	1	0.05	0.1	NA	NA	NA	1	1	1	NA	NA	NA	NA	NA	NA	NA	NA	NA	NA	1	1	1	NA	NA	NA	2	1	1
4	87820692	95544227	2	1	1	3	b	5	1	1	0.0361849132913	0.0868602400456	NA	NA	NA	1	1	1	NA	NA	NA	NA	NA	NA	NA	2	1	1	1	1	1	NA	NA	NA	2	1	1
4	95544228	95544257	2	1	1	2	d	4	1	1	0.05	0.1	NA	NA	NA	1	1	1	NA	NA	NA	NA	NA	NA	NA	NA	NA	NA	1	1	1	NA	NA	NA	2	1	1
4	95544258	99020199	2	1	1	3	b	5	1	1	0.040535144024	0.103232724152	NA	NA	NA	1	1	1	NA	NA	NA	NA	NA	NA	NA	2	1	1	1	1	1	NA	NA	NA	2	1	1
4	99020200	99023209	2	1	1	2	d	4	1	1	0.05	0.1	NA	NA	NA	1	1	1	NA	NA	NA	NA	NA	NA	NA	NA	NA	NA	1	1	1	NA	NA	NA	2	1	1
4	99023210	116891221	2	1	1	3	b	5	1	1	0.035836283851	0.0835183616244	NA	NA	NA	1	1	1	NA	NA	NA	NA	NA	NA	NA	2	1	1	1	1	1	NA	NA	NA	2	1	1
4	116891222	116891262	2	1	1	2	d	4	1	1	0.05	0.1	NA	NA	NA	1	1	1	NA	NA	NA	NA	NA	NA	NA	NA	NA	NA	1	1	1	NA	NA	NA	2	1	1
4	116891263	133272466	2	1	1	3	b	5	1	1	0.034771648853	0.0929261389396	NA	NA	NA	1	1	1	NA	NA	NA	NA	NA	NA	NA	2	1	1	1	1	1	NA	NA	NA	2	1	1
4	133272467	133272802	2	1	1	2	d	4	1	1	0.05	0.1	NA	NA	NA	1	1	1	NA	NA	NA	NA	NA	NA	NA	NA	NA	NA	1	1	1	NA	NA	NA	2	1	1
4	133272803	133298289	2	1	1	3	b	5	1	1	0.05	0.1	NA	NA	NA	1	1	1	NA	NA	NA	NA	NA	NA	NA	2	1	1	1	1	1	NA	NA	NA	2	1	1
4	133298290	133413547	1	1	0	3	b	5	1	0	0.05	0.0829495175003	NA	NA	NA	1	0	1	NA	NA	NA	NA	NA	NA	NA	1	0	1	1	0	1	NA	NA	NA	1	0	1
4	133413548	134381040	1	1	0	3	b	5	1	0	0.0524527462335	0.0636778979562	NA	NA	NA	1	0	1	NA	NA	NA	NA	NA	NA	NA	1	0	1	1	0	1	NA	NA	NA	1	0	1
4	134381041	191154275	2	1	1	3	b	5	1	1	0.0361533626647	0.0794230745015	NA	NA	NA	1	1	1	NA	NA	NA	NA	NA	NA	NA	2	1	1	1	1	1	NA	NA	NA	2	1	1
5	22500	1521868	2	1	1	2	d	4	1	1	0.038066740273	0.162545682044	NA	NA	NA	1	1	1	NA	NA	NA	NA	NA	NA	NA	1	0	1	1	1	1	NA	NA	NA	2	1	1
5	1521869	1521881	2	1	1	2	d	4	1	1	0.05	0.1	NA	NA	NA	1	1	1	NA	NA	NA	NA	NA	NA	NA	NA	NA	NA	1	1	1	NA	NA	NA	2	1	1
5	1521882	45904001	2	1	1	3	b	5	1	1	0.035186287701	0.080744355018	NA	NA	NA	1	1	1	NA	NA	NA	NA	NA	NA	NA	2	1	1	1	1	1	NA	NA	NA	2	1	1
5	45904002	46052436	0	0	0	2	d	3	1	0	0.05	0.465341447448	NA	NA	NA	1	1	1	NA	NA	NA	NA	NA	NA	NA	0	0	0	0	0	1	NA	NA	NA	0	0	0
5	46052437	46099994	0	0	0	2	d	4	0	0	0.05	0.577088009769	NA	NA	NA	1	1	1	NA	NA	NA	NA	NA	NA	NA	0	0	0	0	0	1	NA	NA	NA	0	0	0
5	46099995	50699999	NA	NA	NA	NA	NA	NA	1	1	0.0369429121064	0.339028699062	NA	NA	NA	NA	NA	NA	NA	NA	NA	NA	NA	NA	NA	1	0	1	1	0	0.158741	1	1	0.841259	2	1	1
5	50700000	50760800	2	1	1	3	b	5	1	1	0.05	0.0752223745078	NA	NA	NA	1	1	1	NA	NA	NA	NA	NA	NA	NA	2	1	1	1	1	1	NA	NA	NA	2	1	1
5	50760801	50870040	2	1	1	2	d	3	1	1	0.05	0.375561835204	NA	NA	NA	0	0	1	NA	NA	NA	NA	NA	NA	NA	1	0	1	1	1	1	NA	NA	NA	2	1	1
5	50870041	60922331	2	1	1	3	b	5	1	1	0.0337865503085	0.0773517248207	NA	NA	NA	1	1	1	NA	NA	NA	NA	NA	NA	NA	2	1	1	1	1	1	NA	NA	NA	2	1	1
5	60922332	60927224	2	1	1	2	d	2	1	1	0.05	0.1	NA	NA	NA	1	0	0.522416013243422	1	1	0.477583986756578	0.171995377592727	0.147248272680972	0.364213139133877	0.947147442560133	1	0	1	1	0	0.498469	1	1	0.501531	2	1	1
5	60927225	60927492	2	1	1	1	g	NA	NA	NA	NA	NA	NA	NA	NA	NA	NA	NA	NA	NA	NA	NA	NA	NA	NA	1	0	1	1	0	0.498469	1	1	0.501531	2	1	1
5	60927493	71775415	2	1	1	2	e	4	1	0.51	0.0498072661028	0.0705024414555	NA	NA	NA	1	0	0.571979047504369	1	1	0.428020952495631	0.00725471657150356	0.00736582558140878	0.551631255522776	0.580067153262907	1	0	1	1	0	0.498469	1	1	0.501531	2	1	1
5	71775416	72074309	2	1	1	3	b	5	1	1	0.0429682942273	0.0661093765267	NA	NA	NA	1	1	1	NA	NA	NA	NA	NA	NA	NA	2	1	1	1	1	1	NA	NA	NA	2	1	1
5	72074310	72348215	1	1	0	2	d	4	1	0	0.05	0.0497387786575	NA	NA	NA	1	0	1	NA	NA	NA	NA	NA	NA	NA	1	0	1	1	0	0.861142	1	1	0.138858	1	0	1
5	72348216	89199936	2	1	1	3	b	5	1	1	0.0359253253532	0.0782187218898	NA	NA	NA	1	1	1	NA	NA	NA	NA	NA	NA	NA	2	1	1	1	1	1	NA	NA	NA	2	1	1
5	89199937	89299987	2	1	1	2	d	3	1	1	0.0544738602811	0.348669697776	NA	NA	NA	1	1	1	NA	NA	NA	NA	NA	NA	NA	1	0	1	1	0	0.179943	0	0	0.820057	2	1	1
5	89299988	98485012	2	1	1	3	b	5	1	1	0.0352193403443	0.0851403940499	NA	NA	NA	1	1	1	NA	NA	NA	NA	NA	NA	NA	2	1	1	1	1	1	NA	NA	NA	2	1	1
5	98485013	98597352	2	1	1	2	d	2	1	1	0.05	0.2373113059	NA	NA	NA	0	0	0.845306924119613	1	0	0.154693075880387	0.0493371123701715	0.0493818326973155	0.75029358818091	0.940982024229617	1	0	1	1	0	0.142987	0	0	0.857013	2	1	1
5	98597353	99664261	2	1	1	3	b	5	1	1	0.0388092430701	0.099724404064	NA	NA	NA	1	1	1	NA	NA	NA	NA	NA	NA	NA	2	1	1	1	1	1	NA	NA	NA	2	1	1
5	99664262	100713601	2	1	1	2	d	4	1	1	0.029768313193	0.0959734268625	NA	NA	NA	1	1	0.813006849854347	2	1	0.186993150145653	0.0537527344020446	0.053061913099149	0.727479739629989	0.933564243125945	2	1	1	1	1	1	NA	NA	NA	2	1	1
5	100713602	117510785	2	1	1	3	b	5	1	1	0.0356939277008	0.0964230477446	NA	NA	NA	1	1	1	NA	NA	NA	NA	NA	NA	NA	2	1	1	1	1	1	NA	NA	NA	2	1	1
5	117510786	117515937	2	1	1	2	d	2	1	1	0.05	0.1	NA	NA	NA	0	0	0.774066691806277	1	0	0.225933308193723	NA	0	0.774066691806277	0.774066691806277	NA	NA	NA	1	1	1	NA	NA	NA	1	0	1
5	117515938	125255008	2	1	1	3	b	5	1	1	0.0370960034591	0.0831472307986	NA	NA	NA	1	1	1	NA	NA	NA	NA	NA	NA	NA	2	1	1	1	1	1	NA	NA	NA	2	1	1
5	125255009	125320008	2	1	1	1	g	NA	1	1	0.05	0.281405527109	NA	NA	NA	0	0	1	NA	NA	NA	NA	NA	NA	NA	1	0	1	1	0	0.105192	0	0	0.894808	2	1	1
5	125320009	180689978	2	1	1	3	b	5	1	1	0.036942747139	0.079201663891	NA	NA	NA	1	1	1	NA	NA	NA	NA	NA	NA	NA	2	1	1	1	1	1	NA	NA	NA	2	1	1
6	205696	19978944	2	1	1	3	b	5	1	1	0.0384328881882	0.0730078906811	NA	NA	NA	1	1	1	NA	NA	NA	NA	NA	NA	NA	2	1	1	1	1	1	NA	NA	NA	2	1	1
6	19978945	19979057	2	1	1	2	d	4	1	1	0.05	0.1	NA	NA	NA	1	1	1	NA	NA	NA	NA	NA	NA	NA	NA	NA	NA	1	1	1	NA	NA	NA	2	1	1
6	19979058	58699999	2	1	1	3	b	5	1	1	0.0390180385822	0.0828546411979	NA	NA	NA	1	1	1	NA	NA	NA	NA	NA	NA	NA	2	1	1	1	1	1	NA	NA	NA	2	1	1
6	58700000	63299999	2	1	1	2	d	3	1	1	0.0388594994868	0.1535032025	NA	NA	NA	NA	NA	NA	NA	NA	NA	NA	NA	NA	NA	1	0	1	1	1	1	NA	NA	NA	2	1	1
6	63300000	63579319	2	1	1	3	b	5	1	1	0.0311844778261	0.130213455559	NA	NA	NA	1	1	1	NA	NA	NA	NA	NA	NA	NA	2	1	1	1	1	1	NA	NA	NA	2	1	1
6	63579320	63599981	0	0	0	2	d	3	1	1	0.05	0.1	NA	NA	NA	0	0	1	NA	NA	NA	NA	NA	NA	NA	0	0	0	0	0	1	NA	NA	NA	1	0	1
6	63599982	67118201	2	1	1	3	b	5	1	1	0.0326517464344	0.08876356419	NA	NA	NA	1	1	1	NA	NA	NA	NA	NA	NA	NA	2	1	1	1	1	1	NA	NA	NA	2	1	1
6	67118202	67198819	2	1	1	2	d	3	1	1	0.05	0.205778561333	NA	NA	NA	1	1	1	NA	NA	NA	NA	NA	NA	NA	1	0	1	1	0	0.0866035	0	0	0.913396	2	1	1
6	67198820	82440189	2	1	1	3	b	5	1	1	0.0375686023169	0.104463747132	NA	NA	NA	1	1	1	NA	NA	NA	NA	NA	NA	NA	2	1	1	1	1	1	NA	NA	NA	2	1	1
6	82440190	96116296	2	1	1	3	b	5	1	1	0.0360861669585	0.0825256056439	NA	NA	NA	1	1	1	NA	NA	NA	NA	NA	NA	NA	2	1	1	1	1	1	NA	NA	NA	2	1	1
6	96116297	170913051	2	1	1	3	b	5	1	1	0.0367992533038	0.0780191828688	NA	NA	NA	1	1	1	NA	NA	NA	NA	NA	NA	NA	2	1	1	1	1	1	NA	NA	NA	2	1	1
7	42920	8562359	2	1	1	3	b	5	1	1	0.0364364857099	0.0830892642399	NA	NA	NA	1	1	1	NA	NA	NA	NA	NA	NA	NA	2	1	1	1	1	1	NA	NA	NA	2	1	1
7	8562360	8590530	2	1	1	2	d	3	1	1	0.05	0.1	NA	NA	NA	0	0	1	NA	NA	NA	NA	NA	NA	NA	NA	NA	NA	1	1	1	NA	NA	NA	2	1	1
7	8590531	9781141	2	1	1	3	b	5	1	1	0.0363861173009	0.0938900666972	NA	NA	NA	1	1	1	NA	NA	NA	NA	NA	NA	NA	2	1	1	1	1	1	NA	NA	NA	2	1	1
7	9781142	11713034	2	1	1	3	b	5	1	1	0.0385295220335	0.102058691776	NA	NA	NA	1	1	1	NA	NA	NA	NA	NA	NA	NA	2	1	1	1	1	1	NA	NA	NA	2	1	1
7	11713035	11750034	2	1	1	2	d	3	1	1	0.05	0.1	NA	NA	NA	1	1	1	NA	NA	NA	NA	NA	NA	NA	0	0	0	0	0	1	NA	NA	NA	2	1	1
7	11750035	57999999	2	1	1	3	b	5	1	1	0.0355745293692	0.0773377282173	NA	NA	NA	1	1	1	NA	NA	NA	NA	NA	NA	NA	2	1	1	1	1	1	NA	NA	NA	2	1	1
7	58000000	62050022	NA	NA	NA	NA	NA	NA	1	1	0.05	0.483632966639	NA	NA	NA	NA	NA	NA	NA	NA	NA	NA	NA	NA	NA	NA	NA	NA	0	0	1	NA	NA	NA	2	1	1
7	62050023	62210029	0	0	0	2	d	4	1	1	0.05	0.206492863689	NA	NA	NA	0	0	1	NA	NA	NA	NA	NA	NA	NA	0	0	0	0	0	1	NA	NA	NA	0	0	0
7	62210030	62286881	0	0	0	2	d	4	NA	NA	NA	NA	NA	NA	NA	0	0	1	NA	NA	NA	NA	NA	NA	NA	0	0	0	0	0	1	NA	NA	NA	0	0	0
7	62286882	62460063	0	0	0	2	d	3	NA	NA	NA	NA	NA	NA	NA	1	1	1	NA	NA	NA	NA	NA	NA	NA	0	0	0	0	0	1	NA	NA	NA	0	0	0
7	62460064	93069991	2	1	1	3	b	5	1	1	0.0373218491577	0.0861890322927	NA	NA	NA	1	1	1	NA	NA	NA	NA	NA	NA	NA	2	1	1	1	1	1	NA	NA	NA	2	1	1
7	93069992	93129802	1	1	0	2	d	2	1	1	0.05	0.194996468887	NA	NA	NA	0	0	0.826556248255323	1	0	0.173443751744677	0.0834775744668412	0.0865784188325587	0.584467946513788	0.923082595189675	1	0	1	1	0	0.303713	0	0	0.696287	1	0	1
7	93129803	117388034	2	1	1	3	b	5	1	1	0.035367954385	0.0778581555566	NA	NA	NA	1	1	1	NA	NA	NA	NA	NA	NA	NA	2	1	1	1	1	1	NA	NA	NA	2	1	1
7	117388035	117389061	2	1	1	2	d	2	1	1	0.05	0.1	NA	NA	NA	1	0	0.767656090071649	1	1	0.232343909928351	NA	0	0.767656090071649	0.767656090071649	NA	NA	NA	1	1	1	NA	NA	NA	1	0	1
7	117389062	141645077	2	1	1	3	b	5	1	1	0.0362214100309	0.0810089579652	NA	NA	NA	1	1	1	NA	NA	NA	NA	NA	NA	NA	2	1	1	1	1	1	NA	NA	NA	2	1	1
7	141645078	142669688	2	1	1	2	e	4	1	0.51	0.0480518839336	0.0938325877088	NA	NA	NA	1	0	0.540202433754124	1	1	0.459797566245876	0.0202025145218621	0.0205502603930523	0.480095425203163	0.558248403000787	1	0	1	1	0	0.479816	1	1	0.520184	2	1	1
7	142669689	158821400	2	1	1	3	b	5	1	1	0.0379866715429	0.079498310449	NA	NA	NA	1	1	1	NA	NA	NA	NA	NA	NA	NA	2	1	1	1	1	1	NA	NA	NA	2	1	1
8	10001	162332	2	1	1	1	g	NA	NA	NA	NA	NA	NA	NA	NA	NA	NA	NA	NA	NA	NA	NA	NA	NA	NA	1	0	1	1	0	0.457172	1	1	0.542828	2	1	1
8	162333	29090033	2	1	1	2	e	4	1	0.51	0.0510789001684	0.0874927250823	NA	NA	NA	1	0	0.511770726714436	1	1	0.488229273285564	0.00322499611264104	0.00322918529267265	0.499678953892464	0.512691551619077	1	0	1	1	0	0.457172	1	1	0.542828	2	1	1
8	29090034	29857735	2	1	1	2	d	3	1	0.51	0.0380298239022	0.0702279729492	NA	NA	NA	1	0	0.303863868986692	1	1	0.696136131013308	0.0325418357431887	0.0339851134982952	0.213449550003511	0.346707821577673	2	1	1	1	1	1	NA	NA	NA	2	1	1
8	29857736	29858535	2	1	1	2	d	2	1	0.51	0.05	0.1	NA	NA	NA	NA	NA	NA	NA	NA	NA	NA	NA	NA	NA	NA	NA	NA	1	1	1	NA	NA	NA	2	1	1
8	29858536	29861243	2	1	1	2	d	2	1	0.51	0.05	0.1	NA	NA	NA	1	0	0.632036847492325	1	1	0.367963152507675	NA	0	0.632036847492325	0.632036847492325	3	1	2	1	1	1	NA	NA	NA	2	1	1
8	29861244	38215933	1	1	0	2	d	2	1	0.51	0.0484886705663	0.0696147521475	NA	NA	NA	1	0	0.520909489691477	1	1	0.479090510308523	0.0097557251171399	0.00994292579280152	0.491092236273482	0.530681130298243	1	0	1	1	1	1	NA	NA	NA	1	0	1
8	38215934	38216995	2	1	1	2	d	2	NA	NA	NA	NA	NA	NA	NA	NA	NA	NA	NA	NA	NA	NA	NA	NA	NA	1	0	1	1	1	1	NA	NA	NA	2	1	1
8	38216996	38221698	2	1	1	2	d	2	NA	NA	NA	NA	NA	NA	NA	NA	NA	NA	NA	NA	NA	NA	NA	NA	NA	NA	NA	NA	1	1	1	NA	NA	NA	2	1	1
8	38221699	41478846	2	1	1	2	d	3	0.86	0.86	0.0462714974871	0.0632821234333	NA	NA	NA	1	0	0.379829836233366	1	1	0.620170163766634	0.0116877990246971	0.0123097168821093	0.366134267603312	0.412983599452696	2	1	1	1	1	1	NA	NA	NA	2	1	1
8	41478847	41479413	2	1	1	2	e	3	1	0.51	0.05	0.1	NA	NA	NA	1	0	0.6945459862553	1	1	0.3054540137447	NA	0	0.6945459862553	0.6945459862553	1	0	1	1	0	0.576651	1	1	0.423349	2	1	1
8	41479414	43099999	2	1	1	2	e	4	1	0.51	0.0478544997332	0.0803248450608	NA	NA	NA	1	0	0.648242920504949	1	1	0.351757079495051	0.0347012332212012	0.0353207337241743	0.549220091143914	0.68817230204148	1	0	1	1	0	0.576651	1	1	0.423349	2	1	1
8	43100000	48099999	2	1	1	2	f	2	1	0.51	0.05	0.318791519745	NA	NA	NA	NA	NA	NA	NA	NA	NA	NA	NA	NA	NA	1	0	1	1	0	0.284753	0	0	0.715247	2	1	1
8	48100000	48798882	2	1	1	2	e	4	1	0.51	0.05	0.0638567453125	NA	NA	NA	1	0	0.506360464529122	1	1	0.493639535470878	0.132364905053004	0.134896986130663	0.0831549278143592	0.600369303160597	2	0	2	1	0	0.590339	1	1	0.409661	2	1	1
8	48798883	48801903	2	1	1	2	d	2	1	0.51	0.05	0.1	NA	NA	NA	0	0	0.89268167860798	1	0	0.10731832139202	NA	0	0.89268167860798	0.89268167860798	1	0	1	1	1	1	NA	NA	NA	2	1	1
8	48801904	48805732	2	1	1	2	d	2	1	0.51	0.05	0.1	NA	NA	NA	NA	NA	NA	NA	NA	NA	NA	NA	NA	NA	1	0	1	1	1	1	NA	NA	NA	2	1	1
8	48805733	50248950	2	1	1	2	d	2	1	0.51	0.0530647058035	0.0603719628177	NA	NA	NA	1	0	0.522612476123054	1	1	0.477387523876946	0.0183461211005542	0.0181883044995712	0.481433968525348	0.550812627803937	1	0	1	1	1	1	NA	NA	NA	2	1	1
8	50248951	52966995	2	1	1	2	d	3	1	0.86	0.0454792681874	0.0701060422098	NA	NA	NA	1	0	0.389814103332181	1	1	0.610185896667819	0.0108204917854372	0.0108717322411127	0.362581738589999	0.405632704869738	2	1	1	1	1	1	NA	NA	NA	2	1	1
8	52966996	52971955	2	1	1	2	e	3	1	0.86	0.05	0.1	NA	NA	NA	2	2	1	NA	NA	NA	NA	NA	NA	NA	NA	NA	NA	1	0	0.533466	1	1	0.466534	2	1	1
8	52971956	53295680	2	1	1	2	d	2	1	0.51	0.0436021966555	0.0660696805857	NA	NA	NA	1	0	0.639713408393043	1	1	0.360286591606957	0.0364405756225142	0.036555101234799	0.507268193715472	0.645835988876798	2	1	1	1	0	0.533466	1	1	0.466534	2	1	1
8	53295681	53296419	2	1	1	2	e	3	1	0.51	0.05	0.1	NA	NA	NA	2	0	0.171530568939261	2	1	0.828469431060739	NA	0	0.171530568939261	0.171530568939261	1	0	1	1	0	0.533466	1	1	0.466534	2	1	1
8	53296420	53301656	1	1	0	2	d	2	1	0.51	0.05	0.1	NA	NA	NA	0	0	0.739834372382988	1	0	0.260165627617012	NA	0	0.739834372382988	0.739834372382988	1	0	1	1	1	1	NA	NA	NA	1	0	1
8	53301657	65140888	2	1	1	3	b	5	1	1	0.0355603682492	0.0725884856528	NA	NA	NA	1	1	1	NA	NA	NA	NA	NA	NA	NA	2	1	1	1	1	1	NA	NA	NA	2	1	1
8	65140889	65230062	2	1	1	2	d	3	1	1	0.05	0.279170975135	NA	NA	NA	1	1	1	NA	NA	NA	NA	NA	NA	NA	1	0	1	1	0	0.208727	0	0	0.791273	2	1	1
8	65230063	78458002	2	1	1	3	b	5	1	1	0.0392787440689	0.08517649982	NA	NA	NA	1	1	1	NA	NA	NA	NA	NA	NA	NA	2	1	1	1	1	1	NA	NA	NA	2	1	1
8	78458003	108585174	2	1	1	3	b	5	1	1	0.0345364449292	0.0799454938381	NA	NA	NA	1	1	1	NA	NA	NA	NA	NA	NA	NA	2	1	1	1	1	1	NA	NA	NA	2	1	1
8	108585175	108610017	0	0	0	2	f	3	1	1	0.05	0.1	NA	NA	NA	0	0	1	NA	NA	NA	NA	NA	NA	NA	0	0	0	1	0	0.235007	0	0	0.764993	2	1	1
8	108610018	113897590	2	1	1	3	b	5	1	1	0.0360281614819	0.0843599856145	NA	NA	NA	1	1	1	NA	NA	NA	NA	NA	NA	NA	2	1	1	1	1	1	NA	NA	NA	2	1	1
8	113897591	146364021	2	1	1	3	b	5	1	1	0.037756910411	0.0817167641726	NA	NA	NA	1	1	1	NA	NA	NA	NA	NA	NA	NA	2	1	1	1	1	1	NA	NA	NA	2	1	1
9	47500	203801	2	1	1	2	d	2	1	1	0.05	0.1	NA	NA	NA	NA	NA	NA	NA	NA	NA	NA	NA	NA	NA	1	0	1	2	0	0.367429	2	1	0.632571	2	1	1
9	203802	9706996	2	1	1	3	b	5	1	1	0.0406504015467	0.0813308469127	NA	NA	NA	1	1	1	NA	NA	NA	NA	NA	NA	NA	2	1	1	1	1	1	NA	NA	NA	2	1	1
9	9706997	9736772	2	1	1	2	d	3	1	1	0.05	0.1	NA	NA	NA	1	1	0.744114636642783	2	1	0.255885363357217	NA	0	0.744114636642783	0.744114636642783	NA	NA	NA	1	1	1	NA	NA	NA	2	1	1
9	9736773	26022401	2	1	1	3	b	5	1	1	0.0371944309322	0.0844369352932	NA	NA	NA	1	1	1	NA	NA	NA	NA	NA	NA	NA	2	1	1	1	1	1	NA	NA	NA	2	1	1
9	26022402	26109995	2	1	1	2	d	3	1	1	0.0385607378625	0.198211052075	NA	NA	NA	0	0	1	NA	NA	NA	NA	NA	NA	NA	1	0	1	1	1	1	NA	NA	NA	2	1	1
9	26109996	47299999	2	1	1	3	b	5	1	1	0.0377690612112	0.105663899207	NA	NA	NA	1	1	1	NA	NA	NA	NA	NA	NA	NA	2	1	1	1	1	1	NA	NA	NA	2	1	1
9	47300000	50699999	2	1	1	2	d	2	NA	NA	NA	NA	NA	NA	NA	NA	NA	NA	NA	NA	NA	NA	NA	NA	NA	1	0	1	1	1	1	NA	NA	NA	2	1	1
9	50700000	66799971	2	1	1	2	d	3	1	1	0.05	0.210417355605	NA	NA	NA	NA	NA	NA	NA	NA	NA	NA	NA	NA	NA	1	0	1	1	1	1	NA	NA	NA	2	1	1
9	66799972	70008001	2	1	1	2	d	2	1	1	0.05	0.14836342849	NA	NA	NA	NA	NA	NA	NA	NA	NA	NA	NA	NA	NA	NA	NA	NA	1	0	0.564425	1	1	0.435575	2	1	1
9	70008002	75984196	2	1	1	3	b	5	1	1	0.0414059080286	0.0778269627897	NA	NA	NA	1	1	1	NA	NA	NA	NA	NA	NA	NA	2	1	1	1	1	1	NA	NA	NA	2	1	1
9	75984197	140273200	2	1	1	3	b	5	1	1	0.0364735853122	0.079169268524	NA	NA	NA	1	1	1	NA	NA	NA	NA	NA	NA	NA	2	1	1	1	1	1	NA	NA	NA	2	1	1
10	90127	16637803	2	1	1	3	b	5	1	1	0.0370458661309	0.0707441279513	NA	NA	NA	1	1	1	NA	NA	NA	NA	NA	NA	NA	2	1	1	1	1	1	NA	NA	NA	2	1	1
10	16637804	17527778	1	1	0	3	b	5	1	0	0.0563537043269	0.0577292917377	NA	NA	NA	1	0	1	NA	NA	NA	NA	NA	NA	NA	1	0	1	1	0	1	NA	NA	NA	1	0	1
10	17527779	37999999	2	1	1	3	b	5	1	1	0.037066796734	0.0750092686583	NA	NA	NA	1	1	1	NA	NA	NA	NA	NA	NA	NA	2	1	1	1	1	1	NA	NA	NA	2	1	1
10	38000000	42449709	2	1	1	2	d	4	1	1	0.03696089654	0.32696866945	NA	NA	NA	NA	NA	NA	NA	NA	NA	NA	NA	NA	NA	2	1	1	1	1	1	NA	NA	NA	2	1	1
10	42449710	42615143	2	1	1	2	d	3	1	1	0.05	0.381931393572	NA	NA	NA	1	1	1	NA	NA	NA	NA	NA	NA	NA	0	0	0	0	0	1	NA	NA	NA	2	1	1
10	42615144	83506078	2	1	1	3	b	5	1	1	0.0375475666862	0.081728905539	NA	NA	NA	1	1	1	NA	NA	NA	NA	NA	NA	NA	2	1	1	1	1	1	NA	NA	NA	2	1	1
10	83506079	89251164	1	1	0	3	b	5	1	0	0.060134796366	0.0707995908663	NA	NA	NA	1	0	1	NA	NA	NA	NA	NA	NA	NA	1	0	1	1	0	1	NA	NA	NA	1	0	1
10	89251165	89516008	1	1	0	2	d	3	1	0	0.04955584501	0.0601280930444	NA	NA	NA	0	0	0.303471917596787	1	0	0.696528082403213	0.0583456664942107	0.0605129319456705	0.11649586019227	0.362070773867776	1	0	1	1	0	0.539855	0	0	0.460145	1	0	1
10	89516009	89639862	1	1	0	1	g	NA	0	0	0.05	0.041674091842	NA	NA	NA	0	0	1	NA	NA	NA	NA	NA	NA	NA	1	0	1	1	0	0.145967	0	0	0.854033	1	0	1
10	89639863	90134535	0	0	0	3	b	5	0	0	0.0472661463066	0.049636423327	NA	NA	NA	0	0	1	NA	NA	NA	NA	NA	NA	NA	0	0	0	0	0	1	NA	NA	NA	0	0	0
10	90134536	90290526	0	0	0	2	d	4	0	0	0.0497526567819	0.0605047194927	NA	NA	NA	0	0	0.800237014303178	1	0	0.199762985696822	0.0433238066641904	0.0417174742088463	0.723406119153158	0.885986962580706	0	0	0	0	0	1	NA	NA	NA	0	0	0
10	90290527	90478854	1	1	0	2	d	2	0	0	0.0467992300668	0.0506813132424	NA	NA	NA	0	0	0.454891065945312	1	0	0.545108934054688	0.0718531715680478	0.0703904393173519	0.313852135477164	0.602178105089924	1	0	1	1	0	0.423932	0	0	0.576068	1	0	1
10	90478855	110640688	1	1	0	3	b	5	1	0	0.0624034125986	0.0638515829802	NA	NA	NA	1	0	1	NA	NA	NA	NA	NA	NA	NA	1	0	1	1	0	1	NA	NA	NA	1	0	1
10	110640689	135235689	2	1	1	3	b	5	1	1	0.0370732403036	0.0847407712795	NA	NA	NA	1	1	1	NA	NA	NA	NA	NA	NA	NA	2	1	1	1	1	1	NA	NA	NA	2	1	1
10	135235690	135389924	2	1	1	2	d	4	1	1	0.05	0.0949821120104	NA	NA	NA	NA	NA	NA	NA	NA	NA	NA	NA	NA	NA	2	1	1	1	1	1	NA	NA	NA	2	1	1
11	20721	197336	2	1	1	2	d	2	1	1	0.05	0.1	NA	NA	NA	NA	NA	NA	NA	NA	NA	NA	NA	NA	NA	NA	NA	NA	2	0	0.549048	2	1	0.450952	2	1	1
11	197337	25253647	2	1	1	3	b	5	1	1	0.0372958882455	0.0883266015166	NA	NA	NA	1	1	1	NA	NA	NA	NA	NA	NA	NA	2	1	1	1	1	1	NA	NA	NA	2	1	1
11	25253648	25280384	0	0	0	2	d	4	0.51	0.51	0.05	0.1	NA	NA	NA	0	0	1	NA	NA	NA	NA	NA	NA	NA	0	0	0	0	0	1	NA	NA	NA	0	0	0
11	25280385	48693366	2	1	1	3	b	5	1	1	0.0364077251618	0.0830508624502	NA	NA	NA	1	1	1	NA	NA	NA	NA	NA	NA	NA	2	1	1	1	1	1	NA	NA	NA	2	1	1
11	48693367	48946605	2	1	1	1	g	NA	1	1	0.05	0.155298763262	NA	NA	NA	0	0	1	NA	NA	NA	NA	NA	NA	NA	1	0	1	0	0	1	NA	NA	NA	2	1	1
11	48946606	50365060	2	1	1	3	b	5	1	1	0.0452691460174	0.0950507081572	NA	NA	NA	1	1	1	NA	NA	NA	NA	NA	NA	NA	2	1	1	1	1	1	NA	NA	NA	2	1	1
11	50365061	50566201	0	0	0	2	d	4	1	1	0.0281103061333	0.449961428391	NA	NA	NA	0	0	1	NA	NA	NA	NA	NA	NA	NA	0	0	0	0	0	1	NA	NA	NA	0	0	0
11	50566202	50642398	0	0	0	2	d	4	0	0	0.05	0.383850626793	NA	NA	NA	0	0	0.591168299458984	1	0	0.408831700541016	0.0893822777631081	0.0858444265268086	0.462512246243635	0.815495431956244	0	0	0	0	0	1	NA	NA	NA	0	0	0
11	50642399	51388202	0	0	0	2	d	3	1	1	0.063116588569	0.24530169984	NA	NA	NA	0	0	1	NA	NA	NA	NA	NA	NA	NA	0	0	0	0	0	1	NA	NA	NA	2	1	1
11	51388203	51558965	2	1	1	3	b	5	1	1	0.0383596180109	0.0978726314295	NA	NA	NA	1	1	1	NA	NA	NA	NA	NA	NA	NA	2	1	1	1	1	1	NA	NA	NA	2	1	1
11	51558966	55699999	2	1	1	2	d	3	1	1	0.0426264820614	0.209949371829	NA	NA	NA	1	1	1	NA	NA	NA	NA	NA	NA	NA	1	0	1	1	0	0.138391	1	1	0.861609	2	1	1
11	55700000	134452200	2	1	1	3	b	5	1	1	0.0364900522352	0.0759367412136	NA	NA	NA	1	1	1	NA	NA	NA	NA	NA	NA	NA	2	1	1	1	1	1	NA	NA	NA	2	1	1
12	110107	3217407	2	1	1	3	b	5	1	1	0.0379537751195	0.0881994001456	NA	NA	NA	1	1	1	NA	NA	NA	NA	NA	NA	NA	2	1	1	1	1	1	NA	NA	NA	2	1	1
12	3217408	3217810	2	1	1	1	g	NA	NA	NA	NA	NA	NA	NA	NA	2	1	1	NA	NA	NA	NA	NA	NA	NA	1	0	1	1	1	1	NA	NA	NA	2	1	1
12	3217811	3218188	2	1	1	2	d	2	NA	NA	NA	NA	NA	NA	NA	NA	NA	NA	NA	NA	NA	NA	NA	NA	NA	1	0	1	1	1	1	NA	NA	NA	2	1	1
12	3218189	3219618	2	1	1	1	h	1	NA	NA	NA	NA	NA	NA	NA	NA	NA	NA	NA	NA	NA	NA	NA	NA	NA	1	0	1	1	1	1	NA	NA	NA	NA	NA	NA
12	3219619	3221047	2	1	1	1	h	1	NA	NA	NA	NA	NA	NA	NA	NA	NA	NA	NA	NA	NA	NA	NA	NA	NA	1	0	1	1	1	1	NA	NA	NA	NA	NA	NA
12	3221048	3223126	2	1	1	1	h	1	NA	NA	NA	NA	NA	NA	NA	NA	NA	NA	NA	NA	NA	NA	NA	NA	NA	1	0	1	1	1	1	NA	NA	NA	NA	NA	NA
12	3223127	3224009	2	1	1	1	h	1	NA	NA	NA	NA	NA	NA	NA	NA	NA	NA	NA	NA	NA	NA	NA	NA	NA	1	0	1	1	1	1	NA	NA	NA	NA	NA	NA
12	3224010	3224427	2	1	1	1	h	1	NA	NA	NA	NA	NA	NA	NA	NA	NA	NA	NA	NA	NA	NA	NA	NA	NA	1	0	1	1	1	1	NA	NA	NA	NA	NA	NA
12	3224428	3227845	2	1	1	1	h	1	NA	NA	NA	NA	NA	NA	NA	NA	NA	NA	NA	NA	NA	NA	NA	NA	NA	1	0	1	1	1	1	NA	NA	NA	NA	NA	NA
12	3227846	3227876	2	1	1	1	h	1	NA	NA	NA	NA	NA	NA	NA	NA	NA	NA	NA	NA	NA	NA	NA	NA	NA	1	0	1	1	1	1	NA	NA	NA	NA	NA	NA
12	3227877	3228368	2	1	1	1	h	1	NA	NA	NA	NA	NA	NA	NA	NA	NA	NA	NA	NA	NA	NA	NA	NA	NA	1	0	1	1	1	1	NA	NA	NA	NA	NA	NA
12	3228369	3228397	2	1	1	1	h	1	NA	NA	NA	NA	NA	NA	NA	NA	NA	NA	NA	NA	NA	NA	NA	NA	NA	1	0	1	1	1	1	NA	NA	NA	NA	NA	NA
12	3228398	3230641	2	1	1	1	h	1	NA	NA	NA	NA	NA	NA	NA	NA	NA	NA	NA	NA	NA	NA	NA	NA	NA	1	0	1	1	1	1	NA	NA	NA	NA	NA	NA
12	3230642	3230654	2	1	1	1	h	1	NA	NA	NA	NA	NA	NA	NA	NA	NA	NA	NA	NA	NA	NA	NA	NA	NA	1	0	1	1	1	1	NA	NA	NA	NA	NA	NA
12	3230655	3232611	2	1	1	1	h	1	NA	NA	NA	NA	NA	NA	NA	NA	NA	NA	NA	NA	NA	NA	NA	NA	NA	1	0	1	1	1	1	NA	NA	NA	NA	NA	NA
12	3232612	3232639	2	1	1	1	h	1	NA	NA	NA	NA	NA	NA	NA	NA	NA	NA	NA	NA	NA	NA	NA	NA	NA	1	0	1	1	1	1	NA	NA	NA	NA	NA	NA
12	3232640	3233017	2	1	1	1	h	1	NA	NA	NA	NA	NA	NA	NA	NA	NA	NA	NA	NA	NA	NA	NA	NA	NA	1	0	1	1	1	1	NA	NA	NA	NA	NA	NA
12	3233018	3233050	2	1	1	1	h	1	NA	NA	NA	NA	NA	NA	NA	NA	NA	NA	NA	NA	NA	NA	NA	NA	NA	1	0	1	1	1	1	NA	NA	NA	NA	NA	NA
12	3233051	3235512	2	1	1	1	h	1	NA	NA	NA	NA	NA	NA	NA	NA	NA	NA	NA	NA	NA	NA	NA	NA	NA	1	0	1	1	1	1	NA	NA	NA	NA	NA	NA
12	3235513	3300365	2	1	1	1	g	NA	NA	NA	NA	NA	NA	NA	NA	1	0	1	NA	NA	NA	NA	NA	NA	NA	1	0	1	1	1	1	NA	NA	NA	2	1	1
12	3300366	3300548	2	1	1	2	d	2	NA	NA	NA	NA	NA	NA	NA	NA	NA	NA	NA	NA	NA	NA	NA	NA	NA	1	0	1	1	1	1	NA	NA	NA	2	1	1
12	3300549	3301979	2	1	1	2	d	2	NA	NA	NA	NA	NA	NA	NA	NA	NA	NA	NA	NA	NA	NA	NA	NA	NA	NA	NA	NA	1	1	1	NA	NA	NA	2	1	1
12	3301980	9902314	2	1	1	3	b	5	1	1	0.041268795874	0.0775465937801	NA	NA	NA	1	1	1	NA	NA	NA	NA	NA	NA	NA	2	1	1	1	1	1	NA	NA	NA	2	1	1
12	9902315	9902486	2	1	1	2	d	3	1	1	0.05	0.1	NA	NA	NA	NA	NA	NA	NA	NA	NA	NA	NA	NA	NA	NA	NA	NA	1	1	1	NA	NA	NA	2	1	1
12	9902487	9906573	2	1	1	2	d	2	1	1	0.05	0.1	NA	NA	NA	NA	NA	NA	NA	NA	NA	NA	NA	NA	NA	NA	NA	NA	1	0	0.498469	1	1	0.501531	2	1	1
12	9906574	11664063	2	1	1	1	g	NA	1	0.51	0.0533580314723	0.0837576586565	NA	NA	NA	1	0	0.586771609077754	1	1	0.413228390922246	0.0119722158514957	0.0116658977915784	0.554034693976663	0.60092230277311	1	0	1	1	0	0.498469	1	1	0.501531	2	1	1
12	11664064	11829285	2	1	1	3	b	5	1	1	0.0328153755392	0.076746350459	NA	NA	NA	1	1	1	NA	NA	NA	NA	NA	NA	NA	2	1	1	1	1	1	NA	NA	NA	2	1	1
12	11829286	11829448	2	1	1	2	d	2	NA	NA	NA	NA	NA	NA	NA	NA	NA	NA	NA	NA	NA	NA	NA	NA	NA	1	0	1	1	1	1	NA	NA	NA	2	1	1
12	11829449	11830153	2	1	1	2	d	2	NA	NA	NA	NA	NA	NA	NA	NA	NA	NA	NA	NA	NA	NA	NA	NA	NA	1	0	1	1	1	1	NA	NA	NA	2	1	1
12	11830154	12023412	1	1	0	2	d	2	1	0.51	0.0537302691161	0.0432034627149	NA	NA	NA	1	0	0.662975714152791	1	1	0.337024285847209	0.0435435835416872	0.0452757027502824	0.519056682171342	0.695867232474699	1	0	1	1	0	0.546724	1	1	0.453276	1	0	1
12	12023413	12024793	2	1	1	2	d	2	NA	NA	NA	NA	NA	NA	NA	1	1	1	NA	NA	NA	NA	NA	NA	NA	1	0	1	1	0	0.546724	1	1	0.453276	2	1	1
12	12024794	12025208	2	1	1	2	d	2	NA	NA	NA	NA	NA	NA	NA	1	1	1	NA	NA	NA	NA	NA	NA	NA	1	0	1	1	0	0.546724	1	1	0.453276	2	1	1
12	12025209	12028880	2	1	1	2	d	3	NA	NA	NA	NA	NA	NA	NA	1	1	1	NA	NA	NA	NA	NA	NA	NA	1	0	1	1	1	1	NA	NA	NA	2	1	1
12	12028881	12029122	2	1	1	2	d	3	NA	NA	NA	NA	NA	NA	NA	1	1	1	NA	NA	NA	NA	NA	NA	NA	1	0	1	1	1	1	NA	NA	NA	2	1	1
12	12029123	12029710	2	1	1	2	d	3	NA	NA	NA	NA	NA	NA	NA	1	1	1	NA	NA	NA	NA	NA	NA	NA	1	0	1	1	1	1	NA	NA	NA	2	1	1
12	12029711	12030249	2	1	1	2	d	3	NA	NA	NA	NA	NA	NA	NA	1	1	1	NA	NA	NA	NA	NA	NA	NA	NA	NA	NA	1	1	1	NA	NA	NA	2	1	1
12	12030250	33299999	2	1	1	3	b	5	1	1	0.0350373810756	0.0762323321294	NA	NA	NA	1	1	1	NA	NA	NA	NA	NA	NA	NA	2	1	1	1	1	1	NA	NA	NA	2	1	1
12	33300000	38199999	NA	NA	NA	NA	NA	NA	1	1	0.0428258117015	0.189652345179	NA	NA	NA	1	1	1	NA	NA	NA	NA	NA	NA	NA	1	0	1	1	1	1	NA	NA	NA	2	1	1
12	38200000	38348991	0	0	0	2	d	3	1	1	0.05	0.304421431932	NA	NA	NA	1	1	1	NA	NA	NA	NA	NA	NA	NA	0	0	0	0	0	1	NA	NA	NA	0	0	0
12	38348992	38423014	0	0	0	2	d	3	2	0	0.05	0.38054045916	NA	NA	NA	1	0	1	NA	NA	NA	NA	NA	NA	NA	0	0	0	0	0	1	NA	NA	NA	0	0	0
12	38423015	51828238	2	1	1	3	b	5	1	1	0.0353096288108	0.0769601677878	NA	NA	NA	1	1	1	NA	NA	NA	NA	NA	NA	NA	2	1	1	1	1	1	NA	NA	NA	2	1	1
12	51828239	52269985	2	1	1	2	d	4	1	1	0.0331967737688	0.067320091433	NA	NA	NA	1	0	0.13698069063344	1	1	0.863019309366559	0.0380191711205095	0.0396242719777046	0.036992400727961	0.195270877499494	2	1	1	1	1	1	NA	NA	NA	2	1	1
12	52269986	52271013	2	1	1	2	d	3	1	1	0.05	0.1	NA	NA	NA	NA	NA	NA	NA	NA	NA	NA	NA	NA	NA	NA	NA	NA	1	1	1	NA	NA	NA	2	1	1
12	52271014	56689274	2	1	1	3	b	5	1	1	0.0375726453706	0.0827110517669	NA	NA	NA	1	1	1	NA	NA	NA	NA	NA	NA	NA	2	1	1	1	1	1	NA	NA	NA	2	1	1
12	56689275	57727912	2	1	1	2	d	4	1	1	0.0514357755254	0.0849087304696	NA	NA	NA	1	0	0.122077315645228	1	1	0.877922684354772	0.0298367157999701	0.0294806088563916	0.0645647454834329	0.179623371219701	2	1	1	1	1	1	NA	NA	NA	2	1	1
12	57727913	57897461	2	1	1	2	d	4	1	1	0.0357406178308	0.1	NA	NA	NA	1	0	0.122077315645228	1	1	0.877922684354772	0.0298367157999701	0.0294806088563916	0.0645647454834329	0.179623371219701	2	1	1	1	1	1	NA	NA	NA	2	1	1
12	57897462	59780032	2	1	1	3	b	5	1	1	0.0357482387998	0.0826602717627	NA	NA	NA	1	1	1	NA	NA	NA	NA	NA	NA	NA	2	1	1	1	1	1	NA	NA	NA	2	1	1
12	59780033	59819994	2	1	1	2	d	3	1	1	0.05	0.1	NA	NA	NA	0	0	1	NA	NA	NA	NA	NA	NA	NA	1	0	1	1	1	1	NA	NA	NA	2	1	1
12	59819995	60635926	2	1	1	3	b	5	1	1	0.0447580697995	0.117658788527	NA	NA	NA	1	1	1	NA	NA	NA	NA	NA	NA	NA	2	1	1	1	1	1	NA	NA	NA	2	1	1
12	60635927	60731624	2	1	1	2	d	3	1	1	0.05	0.0640444586247	NA	NA	NA	2	0	0.167969685751002	2	1	0.832030314248998	NA	0	0.167969685751002	0.167969685751002	1	0	1	1	1	1	NA	NA	NA	2	1	1
12	60731625	62838405	2	1	1	3	b	5	1	1	0.0374205858598	0.0898237911624	NA	NA	NA	1	1	1	NA	NA	NA	NA	NA	NA	NA	2	1	1	1	1	1	NA	NA	NA	2	1	1
12	62838406	62945586	2	1	1	3	b	5	1	1	0.05	0.0589965970343	NA	NA	NA	1	1	1	NA	NA	NA	NA	NA	NA	NA	2	1	1	1	1	1	NA	NA	NA	2	1	1
12	62945587	90316537	2	1	1	3	b	5	1	1	0.0374346157047	0.0840840952961	NA	NA	NA	1	1	1	NA	NA	NA	NA	NA	NA	NA	2	1	1	1	1	1	NA	NA	NA	2	1	1
12	90316538	112005730	2	1	1	3	b	5	1	1	0.0370603042873	0.0756058536723	NA	NA	NA	1	1	1	NA	NA	NA	NA	NA	NA	NA	2	1	1	1	1	1	NA	NA	NA	2	1	1
12	112005731	112005769	2	1	1	2	d	3	1	1	0.05	0.1	NA	NA	NA	NA	NA	NA	NA	NA	NA	NA	NA	NA	NA	1	0	1	1	1	1	NA	NA	NA	2	1	1
12	112005770	112017760	2	1	1	1	g	NA	1	1	0.05	0.1	NA	NA	NA	1	0	0.452262502677869	1	1	0.547737497322131	NA	0	0.452262502677869	0.452262502677869	1	0	1	1	0	1	NA	NA	NA	2	1	1
12	112017761	112677698	1	1	0	2	d	4	1	0	0.05	0.0558311151673	NA	NA	NA	0	0	0.467843034419752	1	0	0.532156965580248	0.288591441525336	0.237492654861282	0.239895280411913	1.15866156443516	1	0	1	1	0	1	NA	NA	NA	1	0	1
12	112677699	112691692	2	1	1	2	d	3	1	1	0.05	0.1	NA	NA	NA	1	1	0.252027399417363	2	1	0.747972600582637	NA	0	0.252027399417363	0.252027399417363	NA	NA	NA	1	1	1	NA	NA	NA	2	1	1
12	112691693	122218163	2	1	1	3	b	5	1	1	0.0369634552318	0.0735302210077	NA	NA	NA	1	1	1	NA	NA	NA	NA	NA	NA	NA	2	1	1	1	1	1	NA	NA	NA	2	1	1
12	122218164	132508388	2	1	1	2	d	3	1	0.86	0.0455553967202	0.0673452976269	NA	NA	NA	1	0	0.337626521096328	1	1	0.662373478903672	0.00702808962864129	0.00694152082246384	0.33341491838035	0.36075065335406	2	1	1	1	1	1	NA	NA	NA	2	1	1
12	132508389	133851894	2	1	1	2	d	4	NA	NA	NA	NA	NA	NA	NA	1	1	1	NA	NA	NA	NA	NA	NA	NA	2	1	1	1	1	1	NA	NA	NA	2	1	1
13	1	16299999	2	1	1	1	g	NA	NA	NA	NA	NA	NA	NA	NA	NA	NA	NA	NA	NA	NA	NA	NA	NA	NA	NA	NA	NA	NA	NA	NA	NA	NA	NA	2	1	1
13	16300000	19499999	2	1	1	2	d	4	1	1	0.05	0.0697404796296	NA	NA	NA	1	1	1	NA	NA	NA	NA	NA	NA	NA	NA	NA	NA	1	1	1	NA	NA	NA	2	1	1
13	19500000	33264434	2	1	1	3	b	5	1	1	0.0362756098624	0.0711132423127	NA	NA	NA	1	1	1	NA	NA	NA	NA	NA	NA	NA	2	1	1	1	1	1	NA	NA	NA	2	1	1
13	33264435	34151706	1	1	0	3	b	5	1	0	0.0684444846818	0.0605317712709	NA	NA	NA	1	0	1	NA	NA	NA	NA	NA	NA	NA	1	0	1	1	0	1	NA	NA	NA	1	0	1
13	34151707	34245997	2	1	1	2	d	2	NA	NA	NA	NA	NA	NA	NA	1	1	1	NA	NA	NA	NA	NA	NA	NA	NA	NA	NA	1	0	1	NA	NA	NA	2	1	1
13	34245998	36389581	1	1	0	3	b	5	1	0	0.0630188713757	0.0665160780723	NA	NA	NA	1	0	1	NA	NA	NA	NA	NA	NA	NA	1	0	1	1	0	1	NA	NA	NA	1	0	1
13	36389582	36390283	1	1	0	3	b	5	1	0	0.05	0.1	NA	NA	NA	1	0	1	NA	NA	NA	NA	NA	NA	NA	1	0	1	1	0	1	NA	NA	NA	1	0	1
13	36390284	36515507	1	1	0	3	b	5	1	0	0.0576383090828	0.0523689187139	NA	NA	NA	1	0	1	NA	NA	NA	NA	NA	NA	NA	1	0	1	1	0	1	NA	NA	NA	1	0	1
13	36515508	36542681	2	1	1	3	b	5	1	1	0.05	0.1	NA	NA	NA	1	1	1	NA	NA	NA	NA	NA	NA	NA	2	1	1	1	1	1	NA	NA	NA	2	1	1
13	36542682	41338737	1	1	0	3	b	5	1	0	0.0638843285914	0.0595489269833	NA	NA	NA	1	0	1	NA	NA	NA	NA	NA	NA	NA	1	0	1	1	0	1	NA	NA	NA	1	0	1
13	41338738	41339145	1	1	0	3	b	5	1	0	0.05	0.1	NA	NA	NA	1	0	1	NA	NA	NA	NA	NA	NA	NA	1	0	1	1	0	1	NA	NA	NA	1	0	1
13	41339146	42232352	1	1	0	2	d	4	1	0	0.0493467890202	0.0597681847705	NA	NA	NA	1	0	1	NA	NA	NA	NA	NA	NA	NA	1	0	1	1	0	0.861142	1	1	0.138858	1	0	1
13	42232353	42235568	1	1	0	2	d	2	1	0	0.05	0.1	NA	NA	NA	1	1	0.558016190564804	2	1	0.441983809435196	NA	0	0.558016190564804	0.558016190564804	1	0	1	1	0	0.861142	1	1	0.138858	2	1	1
13	42235569	68129496	1	1	0	3	b	5	1	0	0.0629154878652	0.0713507272767	NA	NA	NA	1	0	1	NA	NA	NA	NA	NA	NA	NA	1	0	1	1	0	1	NA	NA	NA	1	0	1
13	68129497	72053353	1	1	0	3	b	5	1	0	0.0623456771238	0.0775452570744	NA	NA	NA	1	0	1	NA	NA	NA	NA	NA	NA	NA	1	0	1	1	0	1	NA	NA	NA	1	0	1
13	72053354	72416791	2	1	1	3	b	5	1	1	0.0485944770264	0.0826582908552	NA	NA	NA	1	1	1	NA	NA	NA	NA	NA	NA	NA	2	1	1	1	1	1	NA	NA	NA	2	1	1
13	72416792	79838569	1	1	0	3	b	5	1	0	0.0603975104964	0.0670988618392	NA	NA	NA	1	0	1	NA	NA	NA	NA	NA	NA	NA	1	0	1	1	0	1	NA	NA	NA	1	0	1
13	79838570	79852726	1	1	0	2	d	2	NA	NA	NA	NA	NA	NA	NA	1	1	0.884242335624118	2	1	0.115757664375882	NA	0	0.884242335624118	0.884242335624118	1	0	1	1	0	1	NA	NA	NA	2	1	1
13	79852727	79855508	1	1	0	2	d	2	NA	NA	NA	NA	NA	NA	NA	NA	NA	NA	NA	NA	NA	NA	NA	NA	NA	1	0	1	1	0	1	NA	NA	NA	2	1	1
13	79855509	79859641	1	1	0	2	d	3	1	0	0.05	0.1	NA	NA	NA	NA	NA	NA	NA	NA	NA	NA	NA	NA	NA	1	0	1	1	0	1	NA	NA	NA	2	1	1
13	79859642	80413155	1	1	0	3	b	5	1	0	0.0589602120469	0.0705948173513	NA	NA	NA	1	0	1	NA	NA	NA	NA	NA	NA	NA	1	0	1	1	0	1	NA	NA	NA	1	0	1
13	80413156	80434325	2	1	1	3	b	5	1	1	0.05	0.1	NA	NA	NA	1	1	1	NA	NA	NA	NA	NA	NA	NA	2	1	1	1	1	1	NA	NA	NA	2	1	1
13	80434326	80434336	2	1	1	2	d	4	1	1	0.05	0.1	NA	NA	NA	1	1	1	NA	NA	NA	NA	NA	NA	NA	NA	NA	NA	1	1	1	NA	NA	NA	2	1	1
13	80434337	81488631	2	1	1	3	b	5	1	1	0.0334022901383	0.0792382777575	NA	NA	NA	1	1	1	NA	NA	NA	NA	NA	NA	NA	2	1	1	1	1	1	NA	NA	NA	2	1	1
13	81488632	82046889	1	1	0	2	d	4	1	1	0.05	0.074669772456	NA	NA	NA	1	0	1	NA	NA	NA	NA	NA	NA	NA	1	0	1	1	0	1	NA	NA	NA	1	0	1
13	82046890	82083217	1	1	0	1	g	NA	1	1	0.05	0.1	NA	NA	NA	NA	NA	NA	NA	NA	NA	NA	NA	NA	NA	1	0	1	1	1	1	NA	NA	NA	1	0	1
13	82083218	82085047	2	1	1	2	d	2	1	1	0.05	0.1	NA	NA	NA	NA	NA	NA	NA	NA	NA	NA	NA	NA	NA	NA	NA	NA	1	1	1	NA	NA	NA	NA	NA	NA
13	82085048	82200756	2	1	1	3	b	5	1	1	0.05	0.078199911075	NA	NA	NA	1	1	1	NA	NA	NA	NA	NA	NA	NA	2	1	1	1	1	1	NA	NA	NA	2	1	1
13	82200757	82200785	2	1	1	2	d	3	NA	NA	NA	NA	NA	NA	NA	1	1	1	NA	NA	NA	NA	NA	NA	NA	1	0	1	1	1	1	NA	NA	NA	2	1	1
13	82200786	82200854	2	1	1	2	d	3	NA	NA	NA	NA	NA	NA	NA	1	1	1	NA	NA	NA	NA	NA	NA	NA	NA	NA	NA	1	1	1	NA	NA	NA	2	1	1
13	82200855	82448192	2	1	1	3	b	5	1	1	0.0324231963546	0.0893659564491	NA	NA	NA	1	1	1	NA	NA	NA	NA	NA	NA	NA	2	1	1	1	1	1	NA	NA	NA	2	1	1
13	82448193	82764633	1	1	0	3	b	5	1	0	0.0727216682164	0.0732281093771	NA	NA	NA	1	0	1	NA	NA	NA	NA	NA	NA	NA	1	0	1	1	0	1	NA	NA	NA	1	0	1
13	82764634	82766528	1	1	0	2	d	3	1	0	0.05	0.1	NA	NA	NA	1	0	0.0992208551793318	1	1	0.900779144820668	NA	0	0.0992208551793318	0.0992208551793318	1	0	1	1	0	1	NA	NA	NA	2	1	1
13	82766529	83137368	1	1	0	3	b	5	1	0	0.0647101223782	0.100053531262	NA	NA	NA	1	0	1	NA	NA	NA	NA	NA	NA	NA	1	0	1	1	0	1	NA	NA	NA	1	0	1
13	83137369	83140914	2	1	1	1	g	NA	NA	NA	NA	NA	NA	NA	NA	1	0	0.747972600582633	1	1	0.252027399417367	0.103040687768522	0.10442381466668	0.387066838024829	0.780645687452518	1	0	1	1	0	0.849442	1	1	0.150558	2	1	1
13	83140915	83140979	2	1	1	1	g	NA	NA	NA	NA	NA	NA	NA	NA	NA	NA	NA	NA	NA	NA	NA	NA	NA	NA	1	0	1	1	0	0.849442	1	1	0.150558	2	1	1
13	83140980	83227297	1	1	0	2	d	4	1	0	0.05	0.17020777034	NA	NA	NA	1	0	1	NA	NA	NA	NA	NA	NA	NA	1	0	1	1	0	0.849442	1	1	0.150558	1	0	1
13	83227298	83241789	2	1	1	3	b	5	1	1	0.05	0.1	NA	NA	NA	1	1	1	NA	NA	NA	NA	NA	NA	NA	2	1	1	1	1	1	NA	NA	NA	2	1	1
13	83241790	114142800	2	1	1	3	b	5	1	1	0.0362471422424	0.0822975568068	NA	NA	NA	1	1	1	NA	NA	NA	NA	NA	NA	NA	2	1	1	1	1	1	NA	NA	NA	2	1	1
13	114142801	115169877	2	1	1	2	d	3	NA	NA	NA	NA	NA	NA	NA	1	1	1	NA	NA	NA	NA	NA	NA	NA	1	0	1	1	1	1	NA	NA	NA	2	1	1
14	1	16099999	2	1	1	1	g	NA	NA	NA	NA	NA	NA	NA	NA	NA	NA	NA	NA	NA	NA	NA	NA	NA	NA	NA	NA	NA	NA	NA	NA	NA	NA	NA	2	1	1
14	16100000	19099999	2	1	1	2	d	2	1	1	0.05	0.180675980278	NA	NA	NA	NA	NA	NA	NA	NA	NA	NA	NA	NA	NA	NA	NA	NA	0	0	1	NA	NA	NA	2	1	1
14	19100000	19228401	2	1	1	2	d	3	1	1	0.05	0.1	NA	NA	NA	NA	NA	NA	NA	NA	NA	NA	NA	NA	NA	NA	NA	NA	1	1	1	NA	NA	NA	2	1	1
14	19228402	23105128	2	1	1	3	b	5	1	1	0.0332489862692	0.134244589948	NA	NA	NA	1	1	1	NA	NA	NA	NA	NA	NA	NA	2	1	1	1	1	1	NA	NA	NA	2	1	1
14	23105129	23110700	2	1	1	2	d	4	1	1	0.05	0.1	NA	NA	NA	1	1	1	NA	NA	NA	NA	NA	NA	NA	NA	NA	NA	1	1	1	NA	NA	NA	2	1	1
14	23110701	40433669	2	1	1	3	b	5	1	1	0.0371348433677	0.084709757837	NA	NA	NA	1	1	1	NA	NA	NA	NA	NA	NA	NA	2	1	1	1	1	1	NA	NA	NA	2	1	1
14	40433670	42688480	2	1	1	3	b	5	1	1	0.0371934665662	0.0956307223737	NA	NA	NA	1	1	1	NA	NA	NA	NA	NA	NA	NA	2	1	1	1	1	1	NA	NA	NA	2	1	1
14	42688481	42803914	2	1	1	3	b	5	1	1	0.05	0.0627515976688	NA	NA	NA	1	1	1	NA	NA	NA	NA	NA	NA	NA	2	1	1	1	1	1	NA	NA	NA	2	1	1
14	42803915	44337141	2	1	1	3	b	5	1	1	0.042058904884	0.098536553289	NA	NA	NA	1	1	1	NA	NA	NA	NA	NA	NA	NA	2	1	1	1	1	1	NA	NA	NA	2	1	1
14	44337142	44608984	2	1	1	3	b	5	1	1	0.0272254121891	0.115922004857	NA	NA	NA	1	1	1	NA	NA	NA	NA	NA	NA	NA	2	1	1	1	1	1	NA	NA	NA	2	1	1
14	44608985	44665839	2	1	1	3	b	5	1	1	0.05	0.0992525373112	NA	NA	NA	1	1	1	NA	NA	NA	NA	NA	NA	NA	2	1	1	1	1	1	NA	NA	NA	2	1	1
14	44665840	44768329	2	1	1	3	b	5	1	1	0.05	0.0868868275627	NA	NA	NA	1	1	1	NA	NA	NA	NA	NA	NA	NA	2	1	1	1	1	1	NA	NA	NA	2	1	1
14	44768330	45289473	2	1	1	3	b	5	1	1	0.0310457311457	0.0819792054225	NA	NA	NA	1	1	1	NA	NA	NA	NA	NA	NA	NA	2	1	1	1	1	1	NA	NA	NA	2	1	1
14	45289474	45593117	2	1	1	3	b	5	1	1	0.0308566679074	0.074288648793	NA	NA	NA	1	1	1	NA	NA	NA	NA	NA	NA	NA	2	1	1	1	1	1	NA	NA	NA	2	1	1
14	45593118	45831933	2	1	1	2	d	4	1	1	0.05	0.0629118397293	NA	NA	NA	1	1	1	NA	NA	NA	NA	NA	NA	NA	NA	NA	NA	1	1	1	NA	NA	NA	2	1	1
14	45831934	46077876	2	1	1	3	b	5	1	1	0.05	0.0749093019482	NA	NA	NA	1	1	1	NA	NA	NA	NA	NA	NA	NA	2	1	1	1	1	1	NA	NA	NA	2	1	1
14	46077877	46183533	2	1	1	3	b	5	1	1	0.05	0.100859772273	NA	NA	NA	1	1	1	NA	NA	NA	NA	NA	NA	NA	2	1	1	1	1	1	NA	NA	NA	2	1	1
14	46183534	46293363	2	1	1	3	b	5	1	1	0.0451859898271	0.0878622409266	NA	NA	NA	1	1	1	NA	NA	NA	NA	NA	NA	NA	2	1	1	1	1	1	NA	NA	NA	2	1	1
14	46293364	46366960	2	1	1	3	b	5	1	1	0.05	0.101973001697	NA	NA	NA	1	1	1	NA	NA	NA	NA	NA	NA	NA	2	1	1	1	1	1	NA	NA	NA	2	1	1
14	46366961	46423158	2	1	1	2	d	3	1	1	0.05	0.116514883644	NA	NA	NA	1	1	1	NA	NA	NA	NA	NA	NA	NA	1	0	1	1	0	0.251319	1	1	0.748681	2	1	1
14	46423159	46509817	2	1	1	2	d	4	1	1	0.0586761782259	0.129210230992	NA	NA	NA	1	1	1	NA	NA	NA	NA	NA	NA	NA	1	0	1	1	1	1	NA	NA	NA	2	1	1
14	46509818	46588900	2	1	1	3	b	5	1	1	0.05	0.0973190394084	NA	NA	NA	1	1	1	NA	NA	NA	NA	NA	NA	NA	2	1	1	1	1	1	NA	NA	NA	2	1	1
14	46588901	46759687	2	1	1	2	d	3	1	1	0.05	0.147529565636	NA	NA	NA	1	1	1	NA	NA	NA	NA	NA	NA	NA	1	0	1	1	0	0.1557	1	1	0.8443	2	1	1
14	46759688	46811322	2	1	1	3	b	5	1	1	0.05	0.144612553661	NA	NA	NA	1	1	1	NA	NA	NA	NA	NA	NA	NA	2	1	1	1	1	1	NA	NA	NA	2	1	1
14	46811323	47311436	2	1	1	3	b	5	1	1	0.0360307366684	0.0747284630944	NA	NA	NA	1	1	1	NA	NA	NA	NA	NA	NA	NA	2	1	1	1	1	1	NA	NA	NA	2	1	1
14	47311437	47314158	2	1	1	2	d	3	1	1	0.05	0.1	NA	NA	NA	1	0	0.226131251338936	1	1	0.773868748661064	NA	0	0.226131251338936	0.226131251338936	3	1	2	1	1	1	NA	NA	NA	2	1	1
14	47314159	106368400	2	1	1	2	d	4	1	1	0.0390436732633	0.0870403313948	NA	NA	NA	1	0	0.158970873707691	1	1	0.841029126292309	0.00324168326158747	0.00320607342080981	0.152456624415385	0.165179919282802	2	1	1	1	1	1	NA	NA	NA	2	1	1
15	1	15799999	2	1	1	1	g	NA	NA	NA	NA	NA	NA	NA	NA	NA	NA	NA	NA	NA	NA	NA	NA	NA	NA	NA	NA	NA	NA	NA	NA	NA	NA	NA	2	1	1
15	15800000	20699999	2	1	1	2	d	3	1	1	0.05	0.330423189695	NA	NA	NA	1	1	1	NA	NA	NA	NA	NA	NA	NA	NA	NA	NA	1	0	0.862619	1	1	0.137381	2	1	1
15	20700000	46765657	2	1	1	3	b	5	1	1	0.0367679892776	0.103459343905	NA	NA	NA	1	1	1	NA	NA	NA	NA	NA	NA	NA	2	1	1	1	1	1	NA	NA	NA	2	1	1
15	46765658	100354548	2	1	1	3	b	5	1	1	0.0369219616369	0.075117004564	NA	NA	NA	1	1	1	NA	NA	NA	NA	NA	NA	NA	2	1	1	1	1	1	NA	NA	NA	2	1	1
15	100354549	102531391	2	1	1	2	d	4	NA	NA	NA	NA	NA	NA	NA	1	1	1	NA	NA	NA	NA	NA	NA	NA	2	1	1	1	1	1	NA	NA	NA	2	1	1
16	85065	32512499	2	1	1	3	b	5	1	1	0.0387922504725	0.0776037389119	NA	NA	NA	1	1	1	NA	NA	NA	NA	NA	NA	NA	2	1	1	1	1	1	NA	NA	NA	2	1	1
16	32512500	32542201	1	1	0	2	f	2	NA	NA	NA	NA	NA	NA	NA	1	1	1	NA	NA	NA	NA	NA	NA	NA	1	0	1	2	0	0.185678	1	0	0.814322	NA	NA	NA
16	32542202	33891707	2	1	1	2	d	3	1	1	0.05	0.171818680184	NA	NA	NA	1	1	1	NA	NA	NA	NA	NA	NA	NA	NA	NA	NA	2	0	0.185678	1	0	0.814322	2	1	1
16	33891708	34599999	2	1	1	3	b	5	1	1	0.05	0.128180937698	NA	NA	NA	1	1	1	NA	NA	NA	NA	NA	NA	NA	2	1	1	1	1	1	NA	NA	NA	2	1	1
16	34600000	38599999	2	1	1	3	b	5	1	1	0.05	0.275090050794	NA	NA	NA	1	1	1	NA	NA	NA	NA	NA	NA	NA	2	1	1	1	1	1	NA	NA	NA	2	1	1
16	38600000	46459931	2	1	1	2	d	4	1	1	0.05	0.351218335668	NA	NA	NA	1	1	1	NA	NA	NA	NA	NA	NA	NA	NA	NA	NA	1	1	1	NA	NA	NA	2	1	1
16	46459932	88827200	2	1	1	3	b	5	1	1	0.0369440992598	0.0819749310863	NA	NA	NA	1	1	1	NA	NA	NA	NA	NA	NA	NA	2	1	1	1	1	1	NA	NA	NA	2	1	1
16	88827201	90354752	2	1	1	2	d	4	NA	NA	NA	NA	NA	NA	NA	1	1	1	NA	NA	NA	NA	NA	NA	NA	2	1	1	1	1	1	NA	NA	NA	2	1	1
17	3936	17252795	2	1	1	2	e	4	1	0.51	0.0510315036129	0.0710205323144	NA	NA	NA	1	0	0.560979450436976	1	1	0.439020549563024	0.00520713032555858	0.00514656699736876	0.546885866431061	0.567531505043191	1	0	1	1	0	0.498469	1	1	0.501531	2	1	1
17	17252796	22199999	2	1	1	2	d	4	1	1	0.0434422498011	0.115978035056	NA	NA	NA	1	0	0.182318321392012	1	1	0.817681678607988	0.0141384018911092	0.0139516833419628	0.149776415190085	0.202976402353244	2	1	1	1	1	1	NA	NA	NA	2	1	1
17	22200000	25799999	2	1	1	2	d	4	1	1	0.0312186994112	0.221237336485	NA	NA	NA	NA	NA	NA	NA	NA	NA	NA	NA	NA	NA	2	1	1	1	1	1	NA	NA	NA	2	1	1
17	25800000	78774600	2	1	1	3	b	5	1	1	0.0367702793514	0.0816406475712	NA	NA	NA	1	1	1	NA	NA	NA	NA	NA	NA	NA	2	1	1	1	1	1	NA	NA	NA	2	1	1
17	78774601	81195209	2	1	1	2	d	4	NA	NA	NA	NA	NA	NA	NA	1	1	1	NA	NA	NA	NA	NA	NA	NA	2	1	1	1	1	1	NA	NA	NA	2	1	1
18	27500	15399999	2	1	1	3	b	5	1	1	0.0364655231608	0.0758090963652	NA	NA	NA	1	1	1	NA	NA	NA	NA	NA	NA	NA	2	1	1	1	1	1	NA	NA	NA	2	1	1
18	15400000	18999999	2	1	1	3	b	5	1	1	0.05	0.142901724217	NA	NA	NA	1	1	1	NA	NA	NA	NA	NA	NA	NA	2	1	1	1	1	1	NA	NA	NA	2	1	1
18	19000000	21261344	2	1	1	3	b	5	1	1	0.0360053340553	0.0677513084003	NA	NA	NA	1	1	1	NA	NA	NA	NA	NA	NA	NA	2	1	1	1	1	1	NA	NA	NA	2	1	1
18	21261345	26645975	2	1	1	2	d	4	1	1	0.0398747912871	0.10791336502	NA	NA	NA	1	0	0.151931934493351	1	1	0.848068065506649	0.0119611136801219	0.0122314150225433	0.133459775215108	0.180939874273837	2	1	1	1	1	1	NA	NA	NA	2	1	1
18	26645976	26739977	2	1	1	1	g	NA	1	1	0.0369251308235	0.112320631955	NA	NA	NA	0	0	1	NA	NA	NA	NA	NA	NA	NA	1	0	1	1	0	0.117584	0	0	0.882416	2	1	1
18	26739978	41474763	2	1	1	3	b	5	1	1	0.0362693483116	0.0822776012962	NA	NA	NA	1	1	1	NA	NA	NA	NA	NA	NA	NA	2	1	1	1	1	1	NA	NA	NA	2	1	1
18	41474764	41518233	2	1	1	2	d	3	1	1	0.05	0.1	NA	NA	NA	1	1	1	NA	NA	NA	NA	NA	NA	NA	1	0	1	1	0	0.200908	1	1	0.799092	2	1	1
18	41518234	43336234	2	1	1	3	b	5	1	1	0.0373364001755	0.077339073173	NA	NA	NA	1	1	1	NA	NA	NA	NA	NA	NA	NA	2	1	1	1	1	1	NA	NA	NA	2	1	1
18	43336235	43459492	2	1	1	2	d	4	1	1	0.0272814282526	0.0756398626894	NA	NA	NA	1	0	0.294655872956795	1	1	0.705344127043205	0.0564066679591195	0.0566891636531498	0.180717018114802	0.395710867921963	2	1	1	1	1	1	NA	NA	NA	2	1	1
18	43459493	46625420	2	1	1	3	b	5	1	1	0.0358902292223	0.16396013369	NA	NA	NA	1	1	1	NA	NA	NA	NA	NA	NA	NA	2	1	1	1	1	1	NA	NA	NA	2	1	1
18	46625421	46637129	2	1	1	2	d	4	1	1	0.05	0.1	NA	NA	NA	1	1	1	NA	NA	NA	NA	NA	NA	NA	1	0	1	1	1	1	NA	NA	NA	2	1	1
18	46637130	55187363	2	1	1	3	b	5	1	1	0.0341743672219	0.0737461441027	NA	NA	NA	1	1	1	NA	NA	NA	NA	NA	NA	NA	2	1	1	1	1	1	NA	NA	NA	2	1	1
18	55187364	55260558	2	1	1	2	d	4	1	1	0.0512212124911	0.0779129584841	NA	NA	NA	1	0	0.2955543907673	1	1	0.7044456092327	0.0672078384531936	0.0664219361907687	0.160178607502334	0.42119931131052	2	1	1	1	1	1	NA	NA	NA	2	1	1
18	55260559	64569290	2	1	1	3	b	5	1	1	0.0345999493016	0.0769444372316	NA	NA	NA	1	1	1	NA	NA	NA	NA	NA	NA	NA	2	1	1	1	1	1	NA	NA	NA	2	1	1
18	64569291	64610015	0	0	0	3	b	5	0	0	0.05	0.1	NA	NA	NA	0	0	1	NA	NA	NA	NA	NA	NA	NA	0	0	0	0	0	1	NA	NA	NA	0	0	0
18	64610016	76117000	2	1	1	3	b	5	1	1	0.036090212574	0.076296657104	NA	NA	NA	1	1	1	NA	NA	NA	NA	NA	NA	NA	2	1	1	1	1	1	NA	NA	NA	2	1	1
18	76117001	78077247	2	1	1	2	d	4	NA	NA	NA	NA	NA	NA	NA	1	1	1	NA	NA	NA	NA	NA	NA	NA	2	1	1	1	1	1	NA	NA	NA	2	1	1
19	102500	286430	2	1	1	2	d	4	1	1	0.05	0.1	NA	NA	NA	1	1	1	NA	NA	NA	NA	NA	NA	NA	NA	NA	NA	1	1	1	NA	NA	NA	2	1	1
19	286431	24373904	2	1	1	3	b	5	1	1	0.037559531677	0.0765306637681	NA	NA	NA	1	1	1	NA	NA	NA	NA	NA	NA	NA	2	1	1	1	1	1	NA	NA	NA	2	1	1
19	24373905	28599999	2	1	1	3	b	5	1	1	0.0389200450761	0.466796510767	NA	NA	NA	1	1	1	NA	NA	NA	NA	NA	NA	NA	2	1	1	1	1	1	NA	NA	NA	2	1	1
19	28600000	59128982	2	1	1	3	b	5	1	1	0.0388270818107	0.0894215357559	NA	NA	NA	1	1	1	NA	NA	NA	NA	NA	NA	NA	2	1	1	1	1	1	NA	NA	NA	2	1	1
20	24347	25599999	2	1	1	3	b	5	1	1	0.0369172550984	0.0841881730175	NA	NA	NA	1	1	1	NA	NA	NA	NA	NA	NA	NA	2	1	1	1	1	1	NA	NA	NA	2	1	1
20	25600000	29850047	2	1	1	3	b	5	1	1	0.05	0.193896839965	NA	NA	NA	1	1	1	NA	NA	NA	NA	NA	NA	NA	2	1	1	1	1	1	NA	NA	NA	2	1	1
20	29850048	29860011	2	1	1	3	b	5	1	1	0.05	0.1	NA	NA	NA	1	1	1	NA	NA	NA	NA	NA	NA	NA	2	1	1	1	1	1	NA	NA	NA	2	1	1
20	29860012	62432500	2	1	1	3	b	5	1	1	0.0376592261147	0.0738596837795	NA	NA	NA	1	1	1	NA	NA	NA	NA	NA	NA	NA	2	1	1	1	1	1	NA	NA	NA	2	1	1
21	1	9417499	NA	NA	NA	NA	NA	NA	1	1	0.05	0.1	NA	NA	NA	NA	NA	NA	NA	NA	NA	NA	NA	NA	NA	NA	NA	NA	2	0	1	NA	NA	NA	NA	NA	NA
21	9417500	10736867	NA	NA	NA	NA	NA	NA	1	1	0.05	0.195007103447	NA	NA	NA	NA	NA	NA	NA	NA	NA	NA	NA	NA	NA	NA	NA	NA	2	0	1	NA	NA	NA	NA	NA	NA
21	10736868	14368601	1	1	0	1	h	1	1	1	0.05	0.301668196875	NA	NA	NA	NA	NA	NA	NA	NA	NA	NA	NA	NA	NA	NA	NA	NA	1	0	1	NA	NA	NA	NA	NA	NA
21	14368602	19991866	2	1	1	2	d	4	1	1	0.0325694444075	0.087675351566	NA	NA	NA	1	1	1	NA	NA	NA	NA	NA	NA	NA	2	1	1	1	1	1	NA	NA	NA	NA	NA	NA
21	19991867	39868085	2	1	1	2	d	4	1	1	0.0354734334373	0.0873412219965	NA	NA	NA	1	1	1	NA	NA	NA	NA	NA	NA	NA	2	1	1	1	1	1	NA	NA	NA	NA	NA	NA
21	39868086	42872557	1	1	0	3	b	5	1	0	0.0637785081787	0.057283833363	NA	NA	NA	1	0	1	NA	NA	NA	NA	NA	NA	NA	1	0	1	1	0	1	NA	NA	NA	1	0	1
21	42872558	46937500	2	1	1	3	b	5	1	1	0.0387025978748	0.0726099409541	NA	NA	NA	1	1	1	NA	NA	NA	NA	NA	NA	NA	2	1	1	1	1	1	NA	NA	NA	2	1	1
21	46937501	48129894	2	1	1	2	d	4	NA	NA	NA	NA	NA	NA	NA	1	1	1	NA	NA	NA	NA	NA	NA	NA	2	1	1	1	1	1	NA	NA	NA	2	1	1
22	1	12199999	2	1	1	1	g	NA	NA	NA	NA	NA	NA	NA	NA	NA	NA	NA	NA	NA	NA	NA	NA	NA	NA	NA	NA	NA	NA	NA	NA	NA	NA	NA	2	1	1
22	12200000	17899999	2	1	1	3	b	5	1	1	0.0367956031929	0.177052144113	NA	NA	NA	1	1	1	NA	NA	NA	NA	NA	NA	NA	2	1	1	1	1	1	NA	NA	NA	2	1	1
22	17900000	21953463	2	1	1	3	b	5	1	1	0.0394956515886	0.119006050174	NA	NA	NA	1	1	1	NA	NA	NA	NA	NA	NA	NA	2	1	1	1	1	1	NA	NA	NA	2	1	1
22	21953464	21953555	2	1	1	2	d	2	NA	NA	NA	NA	NA	NA	NA	NA	NA	NA	NA	NA	NA	NA	NA	NA	NA	1	0	1	1	1	1	NA	NA	NA	2	1	1
22	21953556	21954305	2	1	1	2	d	2	NA	NA	NA	NA	NA	NA	NA	NA	NA	NA	NA	NA	NA	NA	NA	NA	NA	1	0	1	1	1	1	NA	NA	NA	2	1	1
22	21954306	22282590	1	1	0	2	d	2	1	0	0.0633147705912	0.0568634581205	NA	NA	NA	1	0	0.540202433754124	1	1	0.459797566245876	0.0407436357453654	0.0396973044272481	0.487764817011182	0.647305921679436	1	0	1	1	0	0.533466	1	1	0.466534	2	1	1
22	22282591	29094051	2	1	1	3	b	5	1	1	0.038189434368	0.0743584225153	NA	NA	NA	1	1	1	NA	NA	NA	NA	NA	NA	NA	2	1	1	1	1	1	NA	NA	NA	2	1	1
22	29094052	30461856	1	1	0	3	b	5	1	0	0.0571046433204	0.0574315875061	NA	NA	NA	1	0	1	NA	NA	NA	NA	NA	NA	NA	1	0	1	1	0	1	NA	NA	NA	1	0	1
22	30461857	44952410	2	1	1	3	b	5	1	1	0.0365722094902	0.0767385553554	NA	NA	NA	1	1	1	NA	NA	NA	NA	NA	NA	NA	2	1	1	1	1	1	NA	NA	NA	2	1	1
22	44952411	47186952	2	1	1	2	d	4	1	1	0.0421726113889	0.0758214957606	NA	NA	NA	1	0	0.17363649656383	1	1	0.82636350343617	0.0140960839747861	0.0139006271086531	0.140001112912717	0.193902052591972	2	1	1	1	1	1	NA	NA	NA	2	1	1
22	47186953	49687500	2	1	1	3	b	5	1	1	0.0343219425681	0.0688115329823	NA	NA	NA	1	1	1	NA	NA	NA	NA	NA	NA	NA	2	1	1	1	1	1	NA	NA	NA	2	1	1
22	49687501	51304565	2	1	1	2	d	4	NA	NA	NA	NA	NA	NA	NA	1	1	1	NA	NA	NA	NA	NA	NA	NA	2	1	1	1	1	1	NA	NA	NA	2	1	1
X	1	58099999	1	1	0	3	b	2	1	0	0.0568371532286	0.22593690525	NA	NA	NA	NA	NA	NA	NA	NA	NA	NA	NA	NA	NA	1	0	1	NA	NA	NA	NA	NA	NA	2	1	1
X	58100000	62999999	1	1	0	1	h	1	0	0	0.05	0.610888462658	NA	NA	NA	NA	NA	NA	NA	NA	NA	NA	NA	NA	NA	1	0	1	NA	NA	NA	NA	NA	NA	2	1	1
X	63000000	155270559	1	1	0	3	b	2	1	0	0.05	0.111758383048	NA	NA	NA	NA	NA	NA	NA	NA	NA	NA	NA	NA	NA	1	0	1	NA	NA	NA	NA	NA	NA	2	1	1
Y	1	11599999	NA	NA	NA	NA	NA	NA	NA	NA	NA	NA	NA	NA	NA	NA	NA	NA	NA	NA	NA	NA	NA	NA	NA	NA	NA	NA	NA	NA	NA	NA	NA	NA	3	0	3
Y	11600000	13654201	NA	NA	NA	NA	NA	NA	NA	NA	NA	NA	NA	NA	NA	NA	NA	NA	NA	NA	NA	NA	NA	NA	NA	NA	NA	NA	NA	NA	NA	NA	NA	NA	3	0	3
Y	13654202	13885605	NA	NA	NA	NA	NA	NA	NA	NA	NA	NA	NA	NA	NA	NA	NA	NA	NA	NA	NA	NA	NA	NA	NA	NA	NA	NA	NA	NA	NA	NA	NA	NA	3	0	3
Y	13885606	59373565	NA	NA	NA	NA	NA	NA	NA	NA	NA	NA	NA	NA	NA	NA	NA	NA	NA	NA	NA	NA	NA	NA	NA	NA	NA	NA	NA	NA	NA	NA	NA	NA	3	0	3
