chromosome	start	end	total_cn	major_cn	minor_cn	star	level	methods_agree	absolute_broad_major_cn	absolute_broad_minor_cn	absolute_broad_het_error	absolute_broad_cov_error	aceseq_copy_number	aceseq_minor_cn	aceseq_major_cn	battenberg_nMaj1_A	battenberg_nMin1_A	battenberg_frac1_A	battenberg_nMaj2_A	battenberg_nMin2_A	battenberg_frac2_A	battenberg_SDfrac_A	battenberg_SDfrac_A_BS	battenberg_frac1_A_0.025	battenberg_frac1_A_0.975	clonehd_copy_number	clonehd_minor_cn	clonehd_major_cn	sclust_nMaj1_A	sclust_nMin1_A	sclust_frac1_A	sclust_nMaj2_A	sclust_nMin2_A	sclust_frac2_A	jabba_copy_number	jabba_minor_cn	jabba_major_cn
1	10001	796488	1	1	0	2	d	3	1.08	0	0.05	0.69348560179	NA	NA	NA	0	0	0.443820224719102	1	0	0.556179775280898	NA	0	0.443820224719102	0.443820224719102	1	0	1	1	0	1	NA	NA	NA	1	0	1
1	796489	16957500	1	1	0	2	d	4	1.08	0	0.0603167527181	0.0943392619427	NA	NA	NA	1	0	1	NA	NA	NA	NA	NA	NA	NA	1	0	1	1	0	1	NA	NA	NA	1	0	1
1	16957501	17222500	1	1	0	2	d	3	1.08	0	0.05	0.241132409897	NA	NA	NA	1	0	1	NA	NA	NA	NA	NA	NA	NA	1	0	1	1	0	0.7487	1	1	0.2513	1	0	1
1	17222501	25611201	1	1	0	2	d	4	1.08	0	0.060466136044	0.0702707823317	NA	NA	NA	1	0	1	NA	NA	NA	NA	NA	NA	NA	1	0	1	1	0	1	NA	NA	NA	1	0	1
1	25611202	33692786	1	1	0	2	d	4	1.15	0	0.0627674244697	0.0948132627668	NA	NA	NA	1	0	1	NA	NA	NA	NA	NA	NA	NA	1	0	1	1	0	1	NA	NA	NA	1	0	1
1	33692787	121364938	1	1	0	3	b	5	1	0	0.0619491139021	0.0778723459118	NA	NA	NA	1	0	1	NA	NA	NA	NA	NA	NA	NA	1	0	1	1	0	1	NA	NA	NA	1	0	1
1	121364939	128899999	NA	NA	NA	NA	NA	NA	NA	NA	NA	NA	NA	NA	NA	NA	NA	NA	NA	NA	NA	NA	NA	NA	NA	NA	NA	NA	1	0	0.553831	1	1	0.446169	2	1	1
1	128900000	144067499	2	1	1	2	d	2	NA	NA	NA	NA	NA	NA	NA	NA	NA	NA	NA	NA	NA	NA	NA	NA	NA	2	1	1	1	0	0.553831	1	1	0.446169	2	1	1
1	144067500	144902499	2	1	1	2	f	2	NA	NA	NA	NA	NA	NA	NA	NA	NA	NA	NA	NA	NA	NA	NA	NA	NA	NA	NA	NA	1	0	0.553831	1	1	0.446169	2	1	1
1	144902500	149337499	2	1	1	2	d	4	1	1	0.0502221885788	0.156809459121	NA	NA	NA	1	1	0.946495452113431	2	1	0.0535045478865689	0.00173389757899162	0.00176309997782318	0.951521517336431	0.958565458836194	2	1	1	1	1	1	NA	NA	NA	2	1	1
1	149337500	247247500	2	1	1	2	d	4	1	1	0.0488512156721	0.100374148238	NA	NA	NA	1	1	0.946495452113431	2	1	0.0535045478865689	0.00173389757899162	0.00176309997782318	0.951521517336431	0.958565458836194	2	1	1	1	1	1	NA	NA	NA	2	1	1
1	247247501	249250620	2	1	1	2	d	3	NA	NA	NA	NA	NA	NA	NA	1	1	0.946495452113431	2	1	0.0535045478865689	0.00173389757899162	0.00176309997782318	0.951521517336431	0.958565458836194	2	1	1	1	1	1	NA	NA	NA	2	1	1
2	26530	24164180	2	1	1	3	b	5	1	1	0.0493495635413	0.0983232878437	NA	NA	NA	1	1	1	NA	NA	NA	NA	NA	NA	NA	2	1	1	1	1	1	NA	NA	NA	2	1	1
2	24164181	25016851	3	2	1	2	d	2	1.48	1	0.0628257201498	0.115154445522	NA	NA	NA	1	1	0.494382022471907	2	1	0.505617977528093	0.0239955629075823	0.0244154750500601	0.448802359122405	0.548548397110428	3	1	2	2	1	0.502185	1	1	0.497815	3	1	2
2	25016852	48581854	2	1	1	3	b	5	1	1	0.0462729011111	0.0967242960169	NA	NA	NA	1	1	1	NA	NA	NA	NA	NA	NA	NA	2	1	1	1	1	1	NA	NA	NA	2	1	1
2	48581855	48851622	2	1	1	2	d	2	1.48	1	0.0583799316129	0.095491387362	NA	NA	NA	1	1	0.518459069020868	2	1	0.481540930979132	0.0332269128328371	0.0332513004612056	0.463597097773788	0.591106758818234	2	1	1	2	1	0.455727	1	1	0.544273	2	1	1
2	48851623	87077500	2	1	1	3	b	5	1	1	0.0489283692839	0.09653480029	NA	NA	NA	1	1	1	NA	NA	NA	NA	NA	NA	NA	2	1	1	1	1	1	NA	NA	NA	2	1	1
2	87077501	90499999	2	1	1	3	b	5	1	1	0.052103286886	0.232715503894	NA	NA	NA	1	1	1	NA	NA	NA	NA	NA	NA	NA	2	1	1	1	1	1	NA	NA	NA	2	1	1
2	90500000	96799999	2	1	1	3	b	5	1	1	0.037447697866	0.158148394003	NA	NA	NA	1	1	1	NA	NA	NA	NA	NA	NA	NA	2	1	1	1	1	1	NA	NA	NA	2	1	1
2	96800000	124908593	2	1	1	3	b	5	1	1	0.0482912787836	0.0927665608846	NA	NA	NA	1	1	1	NA	NA	NA	NA	NA	NA	NA	2	1	1	1	1	1	NA	NA	NA	2	1	1
2	124908594	126535368	2	1	1	2	d	2	1.48	1	0.0584253381366	0.0956041608969	NA	NA	NA	1	1	0.586043761088113	2	1	0.413956238911887	0.0168769193399739	0.0164943593717997	0.554442047327401	0.618646154244137	3	1	2	1	1	1	NA	NA	NA	2	1	1
2	126535369	242951000	2	1	1	3	b	5	1	1	0.0486222911096	0.0949918793314	NA	NA	NA	1	1	1	NA	NA	NA	NA	NA	NA	NA	2	1	1	1	1	1	NA	NA	NA	2	1	1
3	100074	87899999	2	1	1	3	b	5	1	1	0.0483575447328	0.0978442484429	NA	NA	NA	1	1	1	NA	NA	NA	NA	NA	NA	NA	2	1	1	1	1	1	NA	NA	NA	2	1	1
3	87900000	93899999	2	1	1	3	b	5	1	1	0.0527307184817	0.0952704676102	NA	NA	NA	1	1	1	NA	NA	NA	NA	NA	NA	NA	2	1	1	1	1	1	NA	NA	NA	2	1	1
3	93900000	101110332	2	1	1	3	b	5	1	1	0.0470655635794	0.103908577004	NA	NA	NA	1	1	1	NA	NA	NA	NA	NA	NA	NA	2	1	1	1	1	1	NA	NA	NA	2	1	1
3	101110333	101371445	3	2	1	2	d	2	1.48	1	0.0627320808908	0.120141338402	NA	NA	NA	1	1	0.504531142615112	2	1	0.495468857384888	0.0327560042611225	0.0302765761705814	0.475198168713766	0.59337340511013	3	1	2	2	1	0.448403	1	1	0.551597	3	1	2
3	101371446	198022429	2	1	1	3	b	5	1	1	0.0483339149271	0.094687916634	NA	NA	NA	1	1	1	NA	NA	NA	NA	NA	NA	NA	2	1	1	1	1	1	NA	NA	NA	2	1	1
4	42231	48199999	2	1	1	3	b	5	1	1	0.0490206656501	0.098188487298	NA	NA	NA	1	1	1	NA	NA	NA	NA	NA	NA	NA	2	1	1	1	1	1	NA	NA	NA	2	1	1
4	48200000	52699999	2	1	1	3	b	5	1	1	0.0401661972464	0.235513412692	NA	NA	NA	1	1	1	NA	NA	NA	NA	NA	NA	NA	2	1	1	1	1	1	NA	NA	NA	2	1	1
4	52700000	176380131	2	1	1	3	b	5	1	1	0.0486860268332	0.0942150207746	NA	NA	NA	1	1	1	NA	NA	NA	NA	NA	NA	NA	2	1	1	1	1	1	NA	NA	NA	2	1	1
4	176380132	176409450	2	1	1	2	d	3	1	1	0.05	0.1	NA	NA	NA	1	1	0.586043761088113	2	1	0.413956238911887	0.0734277734737729	0.0728119849182445	0.456833613140648	0.746702354217239	3	1	2	1	1	1	NA	NA	NA	2	1	1
4	176409451	176420373	2	1	1	2	d	3	NA	NA	NA	NA	NA	NA	NA	1	1	1	NA	NA	NA	NA	NA	NA	NA	2	1	1	2	1	0.455727	1	1	0.544273	2	1	1
4	176420374	176773910	2	1	1	2	e	4	1.15	1.08	0.0722601564565	0.0994315924128	NA	NA	NA	1	1	0.745519635963684	2	1	0.254480364036316	0.0413948544068996	0.0395718031412937	0.737975681710995	0.891412293240082	3	1	2	2	1	0.455727	1	1	0.544273	2	1	1
4	176773911	190800801	2	1	1	3	b	5	1	1	0.048545386522	0.0875501433047	NA	NA	NA	1	1	1	NA	NA	NA	NA	NA	NA	NA	2	1	1	1	1	1	NA	NA	NA	2	1	1
5	14676	46099999	2	1	1	3	b	5	1	1	0.0476986370683	0.0970231059259	NA	NA	NA	1	1	1	NA	NA	NA	NA	NA	NA	NA	2	1	1	1	1	1	NA	NA	NA	2	1	1
5	46100000	50699999	2	1	1	3	b	5	1	1	0.0466026216784	0.106924646533	NA	NA	NA	1	1	1	NA	NA	NA	NA	NA	NA	NA	2	1	1	1	1	1	NA	NA	NA	2	1	1
5	50700000	180689978	2	1	1	3	b	5	1	1	0.0483582514727	0.0948766701865	NA	NA	NA	1	1	1	NA	NA	NA	NA	NA	NA	NA	2	1	1	1	1	1	NA	NA	NA	2	1	1
6	39681	212499	2	1	1	2	d	2	1	1	0.05	0.1	NA	NA	NA	NA	NA	NA	NA	NA	NA	NA	NA	NA	NA	NA	NA	NA	NA	NA	NA	NA	NA	NA	2	1	1
6	212500	58699999	2	1	1	3	b	5	1	1	0.0498344359018	0.106113255486	NA	NA	NA	1	1	1	NA	NA	NA	NA	NA	NA	NA	2	1	1	1	1	1	NA	NA	NA	2	1	1
6	58700000	63299999	2	1	1	3	b	5	1	1	0.0377168240495	0.110784401268	NA	NA	NA	1	1	1	NA	NA	NA	NA	NA	NA	NA	2	1	1	1	1	1	NA	NA	NA	2	1	1
6	63300000	170897500	2	1	1	3	b	5	1	1	0.0484305617504	0.0942354162024	NA	NA	NA	1	1	1	NA	NA	NA	NA	NA	NA	NA	2	1	1	1	1	1	NA	NA	NA	2	1	1
7	40386	57999999	2	1	1	3	b	5	1	1	0.0501038621707	0.0969625414421	NA	NA	NA	1	1	1	NA	NA	NA	NA	NA	NA	NA	2	1	1	1	1	1	NA	NA	NA	2	1	1
7	58000000	61699999	2	1	1	2	d	4	1	1	0.05	0.120310405228	NA	NA	NA	NA	NA	NA	NA	NA	NA	NA	NA	NA	NA	2	1	1	1	1	1	NA	NA	NA	2	1	1
7	61700000	158817500	2	1	1	3	b	5	1	1	0.048003957368	0.101471265496	NA	NA	NA	1	1	1	NA	NA	NA	NA	NA	NA	NA	2	1	1	1	1	1	NA	NA	NA	2	1	1
8	10001	172499	2	1	1	3	b	5	1	1	0.05	0.1	NA	NA	NA	1	1	1	NA	NA	NA	NA	NA	NA	NA	2	1	1	1	1	1	NA	NA	NA	2	1	1
8	172500	24646438	2	1	1	3	b	5	1	1	0.0491976396107	0.114258009763	NA	NA	NA	1	1	1	NA	NA	NA	NA	NA	NA	NA	2	1	1	1	1	1	NA	NA	NA	2	1	1
8	24646439	24672158	3	2	1	3	b	5	2	1	0.05	0.1	NA	NA	NA	2	1	1	NA	NA	NA	NA	NA	NA	NA	3	1	2	2	1	1	NA	NA	NA	3	1	2
8	24672159	24673117	3	2	1	2	d	4	2	1	0.05	0.1	NA	NA	NA	2	1	1	NA	NA	NA	NA	NA	NA	NA	NA	NA	NA	2	1	1	NA	NA	NA	3	1	2
8	24673118	32540458	3	2	1	3	b	5	2	1	0.0594166683132	0.119053185581	NA	NA	NA	2	1	1	NA	NA	NA	NA	NA	NA	NA	3	1	2	2	1	1	NA	NA	NA	3	1	2
8	32540459	43099999	2	1	1	3	b	5	1	1	0.049665843386	0.0881045846896	NA	NA	NA	1	1	1	NA	NA	NA	NA	NA	NA	NA	2	1	1	1	1	1	NA	NA	NA	2	1	1
8	43100000	48099999	2	1	1	2	d	4	1	1	0.05	0.128330132329	NA	NA	NA	NA	NA	NA	NA	NA	NA	NA	NA	NA	NA	2	1	1	1	1	1	NA	NA	NA	2	1	1
8	48100000	117670042	2	1	1	3	b	5	1	1	0.0480684682998	0.088534087382	NA	NA	NA	1	1	1	NA	NA	NA	NA	NA	NA	NA	2	1	1	1	1	1	NA	NA	NA	2	1	1
8	117670043	120175054	3	2	1	1	g	NA	1.36	1	0.0612266449006	0.114589770051	NA	NA	NA	1	1	0.476993690286946	2	1	0.523006309713054	0.0197390829489549	0.0189815652899822	0.46116444828532	0.533330887213036	3	1	2	2	1	0.502185	1	1	0.497815	2	1	1
8	120175055	146364021	2	1	1	3	b	5	1	1	0.0484351071749	0.0942508130099	NA	NA	NA	1	1	1	NA	NA	NA	NA	NA	NA	NA	2	1	1	1	1	1	NA	NA	NA	2	1	1
9	47500	153760	2	1	1	2	d	3	1	1	0.05	0.1	NA	NA	NA	NA	NA	NA	NA	NA	NA	NA	NA	NA	NA	2	1	1	1	0	0.689396	1	1	0.310604	2	1	1
9	153761	41972878	2	1	1	3	b	5	1	1	0.0483419781951	0.0949177635573	NA	NA	NA	1	1	1	NA	NA	NA	NA	NA	NA	NA	2	1	1	1	1	1	NA	NA	NA	2	1	1
9	41972879	47299999	2	1	1	2	d	3	1	1	0.05	0.321169454963	NA	NA	NA	1	1	1	NA	NA	NA	NA	NA	NA	NA	1	0	1	1	0	0.345865	1	1	0.654135	2	1	1
9	47300000	50699999	2	1	1	2	d	2	1	1	0.05	0.1	NA	NA	NA	NA	NA	NA	NA	NA	NA	NA	NA	NA	NA	1	0	1	1	0	0.345865	1	1	0.654135	2	1	1
9	50700000	68439903	2	1	1	2	d	2	1	1	0.05	0.208541294276	NA	NA	NA	NA	NA	NA	NA	NA	NA	NA	NA	NA	NA	NA	NA	NA	1	0	0.345865	1	1	0.654135	2	1	1
9	68439904	140267500	2	1	1	3	b	5	1	1	0.0483754683401	0.10658024585	NA	NA	NA	1	1	1	NA	NA	NA	NA	NA	NA	NA	2	1	1	1	1	1	NA	NA	NA	2	1	1
10	102500	37999999	2	1	1	3	b	5	1	1	0.0510398742758	0.0892179281335	NA	NA	NA	1	1	1	NA	NA	NA	NA	NA	NA	NA	2	1	1	1	1	1	NA	NA	NA	2	1	1
10	38000000	42299999	2	1	1	2	d	4	1	1	0.057834397493	0.171722929586	NA	NA	NA	1	1	1	NA	NA	NA	NA	NA	NA	NA	2	1	1	NA	NA	NA	NA	NA	NA	2	1	1
10	42300000	135389924	2	1	1	3	b	5	1	1	0.0481844831388	0.100847305263	NA	NA	NA	1	1	1	NA	NA	NA	NA	NA	NA	NA	2	1	1	1	1	1	NA	NA	NA	2	1	1
11	20721	187499	2	1	1	2	d	3	1	1	0.05	0.1	NA	NA	NA	NA	NA	NA	NA	NA	NA	NA	NA	NA	NA	NA	NA	NA	1	1	1	NA	NA	NA	2	1	1
11	187500	6035633	2	1	1	3	b	5	1	1	0.0551536660746	0.103168635511	NA	NA	NA	1	1	1	NA	NA	NA	NA	NA	NA	NA	2	1	1	1	1	1	NA	NA	NA	2	1	1
11	6035634	12257595	2	1	1	2	d	2	1.48	1	0.0590908528704	0.109877131723	NA	NA	NA	1	1	0.500624219725343	2	1	0.499375780274657	0.00706150419437465	0.00692115021865494	0.495545636624072	0.523923041169934	2	1	1	2	1	0.448403	1	1	0.551597	2	1	1
11	12257596	51599999	2	1	1	3	b	5	1	1	0.0487294327649	0.0955260062068	NA	NA	NA	1	1	1	NA	NA	NA	NA	NA	NA	NA	2	1	1	1	1	1	NA	NA	NA	2	1	1
11	51600000	55699999	2	1	1	3	b	5	1	1	0.0408161575259	0.187706002132	NA	NA	NA	1	1	1	NA	NA	NA	NA	NA	NA	NA	2	1	1	1	1	1	NA	NA	NA	2	1	1
11	55700000	66493951	2	1	1	3	b	5	1	1	0.0466387292142	0.110164527522	NA	NA	NA	1	1	1	NA	NA	NA	NA	NA	NA	NA	2	1	1	1	1	1	NA	NA	NA	2	1	1
11	66493952	76008653	3	2	1	2	d	2	2.48	1	0.0561631267857	0.144412233011	NA	NA	NA	2	1	0.64232209737828	3	1	0.35767790262172	0.0116150055941159	0.0112174718359081	0.667475348478594	0.710051835743084	3	1	2	3	1	0.329973	2	1	0.670027	3	1	2
11	76008654	118708510	2	1	1	3	b	5	1	1	0.0486671698084	0.0933132533183	NA	NA	NA	1	1	1	NA	NA	NA	NA	NA	NA	NA	2	1	1	1	1	1	NA	NA	NA	2	1	1
11	118708511	128568969	2	1	1	2	d	2	1.48	1	0.0611763428751	0.101956845252	NA	NA	NA	1	1	0.508426966292133	2	1	0.491573033707867	0.00650750030768815	0.00644192319869972	0.494671351014714	0.519248786447416	2	1	1	2	1	0.431704	1	1	0.568296	2	1	1
11	128568970	134442500	2	1	1	3	b	5	1	1	0.0492216723417	0.084482343588	NA	NA	NA	1	1	1	NA	NA	NA	NA	NA	NA	NA	2	1	1	1	1	1	NA	NA	NA	2	1	1
12	110107	188284	2	1	1	2	d	3	1	1	0.05	0.1	NA	NA	NA	NA	NA	NA	NA	NA	NA	NA	NA	NA	NA	NA	NA	NA	1	1	1	NA	NA	NA	2	1	1
12	188285	33299999	2	1	1	3	b	5	1	1	0.0490003189067	0.102430361817	NA	NA	NA	1	1	1	NA	NA	NA	NA	NA	NA	NA	2	1	1	1	1	1	NA	NA	NA	2	1	1
12	33300000	38199999	2	1	1	3	b	5	1	1	0.0461937590922	0.154287268413	NA	NA	NA	1	1	1	NA	NA	NA	NA	NA	NA	NA	2	1	1	1	1	1	NA	NA	NA	2	1	1
12	38200000	57490158	2	1	1	3	b	5	1	1	0.0469442211965	0.0972895480329	NA	NA	NA	1	1	1	NA	NA	NA	NA	NA	NA	NA	2	1	1	1	1	1	NA	NA	NA	2	1	1
12	57490159	57563860	3	2	1	2	d	2	NA	NA	NA	NA	NA	NA	NA	2	1	0.43055162004776	3	1	0.56944837995224	0.112357106926831	0.111314921120579	0.19918959764188	0.636802288307848	3	1	2	3	1	0.665423	2	1	0.334577	3	1	2
12	57563861	58267273	4	3	1	2	d	4	3	1	0.0457066226898	0.12520796871	NA	NA	NA	3	1	1	NA	NA	NA	NA	NA	NA	NA	3	1	2	3	1	1	NA	NA	NA	4	1	3
12	58267274	58588803	2	1	1	1	g	NA	1.48	1	0.0564819675554	0.0859409560369	NA	NA	NA	1	1	0.545464199995751	2	1	0.454535800004249	0.0267735176118497	0.0255515573322638	0.514889234878515	0.61518008479643	2	1	1	2	1	0.381598	1	1	0.618402	3	1	2
12	58588804	132342500	2	1	1	3	b	5	1	1	0.0484661106932	0.0972800303539	NA	NA	NA	1	1	1	NA	NA	NA	NA	NA	NA	NA	2	1	1	1	1	1	NA	NA	NA	2	1	1
12	132342501	133851894	2	1	1	2	d	4	NA	NA	NA	NA	NA	NA	NA	1	1	1	NA	NA	NA	NA	NA	NA	NA	2	1	1	1	1	1	NA	NA	NA	2	1	1
13	1	16299999	2	1	1	1	h	1	NA	NA	NA	NA	NA	NA	NA	NA	NA	NA	NA	NA	NA	NA	NA	NA	NA	NA	NA	NA	NA	NA	NA	NA	NA	NA	2	1	1
13	16300000	19499999	2	1	1	3	b	5	1	1	0.05	0.207979425133	NA	NA	NA	1	1	1	NA	NA	NA	NA	NA	NA	NA	2	1	1	1	1	1	NA	NA	NA	2	1	1
13	19500000	62107352	2	1	1	3	b	5	1	1	0.0477474634745	0.0905201411079	NA	NA	NA	1	1	1	NA	NA	NA	NA	NA	NA	NA	2	1	1	1	1	1	NA	NA	NA	2	1	1
13	62107353	66341460	3	2	1	3	b	5	2	1	0.062672673097	0.123883300196	NA	NA	NA	2	1	1	NA	NA	NA	NA	NA	NA	NA	3	1	2	2	1	1	NA	NA	NA	3	1	2
13	66341461	114137500	2	1	1	3	b	5	1	1	0.0493557423913	0.0910153563817	NA	NA	NA	1	1	1	NA	NA	NA	NA	NA	NA	NA	2	1	1	1	1	1	NA	NA	NA	2	1	1
13	114137501	115169877	2	1	1	2	d	4	NA	NA	NA	NA	NA	NA	NA	1	1	1	NA	NA	NA	NA	NA	NA	NA	2	1	1	1	1	1	NA	NA	NA	2	1	1
14	1	16099999	2	1	1	1	h	1	NA	NA	NA	NA	NA	NA	NA	NA	NA	NA	NA	NA	NA	NA	NA	NA	NA	NA	NA	NA	NA	NA	NA	NA	NA	NA	2	1	1
14	16100000	19099999	2	1	1	2	d	2	1.48	0.52	0.05	0.069700033517	NA	NA	NA	NA	NA	NA	NA	NA	NA	NA	NA	NA	NA	NA	NA	NA	1	1	1	NA	NA	NA	2	1	1
14	19100000	20375050	2	1	1	2	e	3	1.48	0.52	0.05	0.310828332654	NA	NA	NA	NA	NA	NA	NA	NA	NA	NA	NA	NA	NA	NA	NA	NA	1	0	0.553831	1	1	0.446169	2	1	1
14	20375051	43634823	2	1	1	3	b	5	1	1	0.0495741851421	0.0996423763556	NA	NA	NA	1	1	1	NA	NA	NA	NA	NA	NA	NA	2	1	1	1	1	1	NA	NA	NA	2	1	1
14	43634824	43636118	2	1	1	1	g	NA	1	1	0.05	0.1	NA	NA	NA	1	0	1	NA	NA	NA	NA	NA	NA	NA	2	0	2	1	1	1	NA	NA	NA	1	0	1
14	43636119	64407950	2	1	1	3	b	5	1	1	0.0483668823566	0.0900436755762	NA	NA	NA	1	1	1	NA	NA	NA	NA	NA	NA	NA	2	1	1	1	1	1	NA	NA	NA	2	1	1
14	64407951	67901952	2	1	1	3	b	5	1	1	0.048852234063	0.172567098844	NA	NA	NA	1	1	1	NA	NA	NA	NA	NA	NA	NA	2	1	1	1	1	1	NA	NA	NA	2	1	1
14	67901953	68013179	3	2	1	3	b	5	2	1	0.0692797806438	0.0990667302754	NA	NA	NA	2	1	1	NA	NA	NA	NA	NA	NA	NA	3	1	2	2	1	1	NA	NA	NA	3	1	2
14	68013180	100769540	2	1	1	3	b	5	1	1	0.047467310111	0.0950612285911	NA	NA	NA	1	1	1	NA	NA	NA	NA	NA	NA	NA	2	1	1	1	1	1	NA	NA	NA	2	1	1
14	100769541	101030542	2	1	1	3	b	5	1	1	0.0293448191226	0.100609634717	NA	NA	NA	1	1	1	NA	NA	NA	NA	NA	NA	NA	2	1	1	1	1	1	NA	NA	NA	2	1	1
14	101030543	101256568	2	1	1	2	d	4	1	1	0.0540859985724	0.0530009303336	NA	NA	NA	1	1	0.696974242810641	2	1	0.303025757189359	0.0380504172002396	0.037937734194819	0.640719610349458	0.785654776771677	2	1	1	1	1	1	NA	NA	NA	2	1	1
14	101256569	106362500	2	1	1	3	b	5	1	1	0.0447090873175	0.118606018999	NA	NA	NA	1	1	1	NA	NA	NA	NA	NA	NA	NA	2	1	1	1	1	1	NA	NA	NA	2	1	1
15	1	15799999	2	1	1	1	h	1	NA	NA	NA	NA	NA	NA	NA	NA	NA	NA	NA	NA	NA	NA	NA	NA	NA	NA	NA	NA	NA	NA	NA	NA	NA	NA	2	1	1
15	15800000	20699999	2	1	1	3	b	5	1	1	0.05	0.212231288624	NA	NA	NA	1	1	1	NA	NA	NA	NA	NA	NA	NA	2	1	1	1	1	1	NA	NA	NA	2	1	1
15	20700000	68826035	2	1	1	3	b	5	1	1	0.0491394240993	0.109171916097	NA	NA	NA	1	1	1	NA	NA	NA	NA	NA	NA	NA	2	1	1	1	1	1	NA	NA	NA	2	1	1
15	68826036	68867137	1	1	0	2	d	2	NA	NA	NA	NA	NA	NA	NA	1	0	0.515958467475428	1	1	0.484041532524572	0.0593294956045166	0.0664292486848611	0.27393012790175	0.532605210787554	1	0	1	1	1	1	NA	NA	NA	1	0	1
15	68867138	100332500	2	1	1	3	b	5	1	1	0.0480982200849	0.104449645217	NA	NA	NA	1	1	1	NA	NA	NA	NA	NA	NA	NA	2	1	1	1	1	1	NA	NA	NA	2	1	1
15	100332501	102431166	2	1	1	2	d	4	NA	NA	NA	NA	NA	NA	NA	1	1	1	NA	NA	NA	NA	NA	NA	NA	2	1	1	1	1	1	NA	NA	NA	2	1	1
16	100010	34599999	2	1	1	3	b	5	1	1	0.0502928581322	0.111580760823	NA	NA	NA	1	1	1	NA	NA	NA	NA	NA	NA	NA	2	1	1	1	1	1	NA	NA	NA	2	1	1
16	34600000	38599999	2	1	1	3	b	5	1	1	0.05	0.21998536117	NA	NA	NA	1	1	1	NA	NA	NA	NA	NA	NA	NA	2	1	1	1	1	1	NA	NA	NA	2	1	1
16	38600000	88822500	2	1	1	3	b	5	1	1	0.0492791921879	0.0962963248974	NA	NA	NA	1	1	1	NA	NA	NA	NA	NA	NA	NA	2	1	1	1	1	1	NA	NA	NA	2	1	1
16	88822501	90354752	2	1	1	2	d	4	NA	NA	NA	NA	NA	NA	NA	1	1	1	NA	NA	NA	NA	NA	NA	NA	2	1	1	1	1	1	NA	NA	NA	2	1	1
17	7	22199999	2	1	1	3	b	5	1	1	0.046614423511	0.11959221742	NA	NA	NA	1	1	1	NA	NA	NA	NA	NA	NA	NA	2	1	1	1	1	1	NA	NA	NA	2	1	1
17	22200000	25799999	2	1	1	3	b	5	1	1	0.0423036636226	0.149673812035	NA	NA	NA	1	1	1	NA	NA	NA	NA	NA	NA	NA	2	1	1	1	1	1	NA	NA	NA	2	1	1
17	25800000	68888654	2	1	1	3	b	5	1	1	0.0480194421719	0.120443839255	NA	NA	NA	1	1	1	NA	NA	NA	NA	NA	NA	NA	2	1	1	1	1	1	NA	NA	NA	2	1	1
17	68888655	71671508	3	2	1	3	b	5	2	1	0.0582484453242	0.113708485215	NA	NA	NA	2	1	1	NA	NA	NA	NA	NA	NA	NA	3	1	2	2	1	1	NA	NA	NA	3	1	2
17	71671509	78772500	2	1	1	2	d	4	1.08	1.08	0.0477646948377	0.132352150012	NA	NA	NA	1	1	1	NA	NA	NA	NA	NA	NA	NA	2	1	1	1	1	1	NA	NA	NA	2	1	1
17	78772501	81195209	2	1	1	2	d	4	NA	NA	NA	NA	NA	NA	NA	1	1	1	NA	NA	NA	NA	NA	NA	NA	2	1	1	1	1	1	NA	NA	NA	2	1	1
18	27500	15399999	2	1	1	3	b	5	1	1	0.0498024003751	0.101581300986	NA	NA	NA	1	1	1	NA	NA	NA	NA	NA	NA	NA	2	1	1	1	1	1	NA	NA	NA	2	1	1
18	15400000	18999999	2	1	1	3	b	5	1	1	0.05	0.118129347684	NA	NA	NA	1	1	1	NA	NA	NA	NA	NA	NA	NA	2	1	1	1	1	1	NA	NA	NA	2	1	1
18	19000000	76112500	2	1	1	3	b	5	1	1	0.0479644618101	0.0923528125325	NA	NA	NA	1	1	1	NA	NA	NA	NA	NA	NA	NA	2	1	1	1	1	1	NA	NA	NA	2	1	1
18	76112501	78077247	2	1	1	2	d	4	NA	NA	NA	NA	NA	NA	NA	1	1	1	NA	NA	NA	NA	NA	NA	NA	2	1	1	1	1	1	NA	NA	NA	2	1	1
19	102500	260136	2	1	1	2	d	3	NA	NA	NA	NA	NA	NA	NA	2	1	1	NA	NA	NA	NA	NA	NA	NA	2	1	1	1	1	1	NA	NA	NA	2	1	1
19	260137	565566	2	1	1	2	d	2	1.36	1.36	0.0384543570347	0.320585634019	NA	NA	NA	1	1	0.634007978626065	2	1	0.365992021373935	0.0344791918954884	0.0326129206857229	0.594375828247699	0.719706150061194	2	1	1	2	1	0.461302	1	1	0.538698	2	1	1
19	565567	880262	3	2	1	2	d	2	2	2	0.05	0.1	NA	NA	NA	2	1	0.653414001728609	2	2	0.346585998271391	0.0243977679728427	0.0249922834709186	0.576421632746937	0.67565704557678	3	1	2	2	2	0.395887	2	1	0.604113	3	1	2
19	880263	12181453	2	1	1	2	d	3	1.15	1.15	0.04778034383	0.120689628115	NA	NA	NA	1	1	0.929775280898877	2	1	0.0702247191011229	0.0047986753135193	0.00479989331412102	0.916600877816892	0.935068868086048	2	1	1	1	1	1	NA	NA	NA	2	1	1
19	12181454	12426043	3	2	1	2	d	2	1	1	0.05	0.121647352767	NA	NA	NA	1	1	0.451642384818022	2	1	0.548357615181978	0.0558404166732342	0.0556518537247055	0.350853500197867	0.567795721873291	3	1	2	2	1	0.411243	1	1	0.588757	3	1	2
19	12426044	24399999	2	1	1	2	d	3	1.08	1.08	0.0506557520035	0.140778082538	NA	NA	NA	1	1	0.945795354478655	2	1	0.0542046455213453	0.00477062708890325	0.00455167846156142	0.937134687819618	0.954514809905543	2	1	1	1	1	1	NA	NA	NA	2	1	1
19	24400000	28599999	NA	NA	NA	NA	NA	NA	1.08	0	0.139508703647	0.490759780273	NA	NA	NA	NA	NA	NA	NA	NA	NA	NA	NA	NA	NA	1	0	1	1	0	0.888888	1	1	0.111112	2	1	1
19	28600000	59128982	1	1	0	2	d	4	1.08	0	0.0611007178096	0.136549029554	NA	NA	NA	1	0	1	NA	NA	NA	NA	NA	NA	NA	1	0	1	1	0	1	NA	NA	NA	1	0	1
20	17500	25599999	2	1	1	3	b	5	1	1	0.0474667747566	0.0920978805029	NA	NA	NA	1	1	1	NA	NA	NA	NA	NA	NA	NA	2	1	1	1	1	1	NA	NA	NA	2	1	1
20	25600000	29399999	2	1	1	3	b	5	1	1	0.0607366678284	0.0919102778977	NA	NA	NA	1	1	1	NA	NA	NA	NA	NA	NA	NA	2	1	1	1	1	1	NA	NA	NA	2	1	1
20	29400000	62432500	2	1	1	3	b	5	1	1	0.0485626136227	0.101074993146	NA	NA	NA	1	1	1	NA	NA	NA	NA	NA	NA	NA	2	1	1	1	1	1	NA	NA	NA	2	1	1
21	1	10899999	NA	NA	NA	NA	NA	NA	1	1	0.05	0.205549228907	NA	NA	NA	NA	NA	NA	NA	NA	NA	NA	NA	NA	NA	NA	NA	NA	NA	NA	NA	NA	NA	NA	NA	NA	NA
21	10900000	14299999	2	1	1	1	h	1	1	1	0.05	0.167341968092	NA	NA	NA	NA	NA	NA	NA	NA	NA	NA	NA	NA	NA	NA	NA	NA	NA	NA	NA	NA	NA	NA	NA	NA	NA
21	14300000	46937500	2	1	1	2	d	4	1	1	0.0497543645928	0.0970417032066	NA	NA	NA	1	1	1	NA	NA	NA	NA	NA	NA	NA	2	1	1	1	1	1	NA	NA	NA	NA	NA	NA
21	46937501	48129894	2	1	1	2	d	3	NA	NA	NA	NA	NA	NA	NA	1	1	1	NA	NA	NA	NA	NA	NA	NA	2	1	1	1	1	1	NA	NA	NA	NA	NA	NA
22	1	12199999	2	1	1	1	h	1	NA	NA	NA	NA	NA	NA	NA	NA	NA	NA	NA	NA	NA	NA	NA	NA	NA	NA	NA	NA	NA	NA	NA	NA	NA	NA	2	1	1
22	12200000	17899999	2	1	1	2	d	4	1.08	1.08	0.0725653102489	0.146819896268	NA	NA	NA	1	1	1	NA	NA	NA	NA	NA	NA	NA	2	1	1	1	1	1	NA	NA	NA	2	1	1
22	17900000	35737575	2	1	1	2	d	4	1.08	1.08	0.0490909092999	0.114634642618	NA	NA	NA	1	1	1	NA	NA	NA	NA	NA	NA	NA	2	1	1	1	1	1	NA	NA	NA	2	1	1
22	35737576	36159053	3	2	1	2	d	4	2.15	1	0.0569111231892	0.130744403734	NA	NA	NA	2	1	1	NA	NA	NA	NA	NA	NA	NA	3	1	2	2	1	1	NA	NA	NA	3	1	2
22	36159054	49687500	2	1	1	2	d	4	1.08	1.08	0.0481382587555	0.109980777042	NA	NA	NA	1	1	1	NA	NA	NA	NA	NA	NA	NA	2	1	1	1	1	1	NA	NA	NA	2	1	1
22	49687501	51304565	2	1	1	2	d	4	NA	NA	NA	NA	NA	NA	NA	1	1	1	NA	NA	NA	NA	NA	NA	NA	2	1	1	1	1	1	NA	NA	NA	2	1	1
X	1	24948946	2	1	1	3	b	4	1	1	0.0499371163272	0.106578171655	NA	NA	NA	1	1	1	NA	NA	NA	NA	NA	NA	NA	2	1	1	NA	NA	NA	NA	NA	NA	2	1	1
X	24948947	25459061	2	1	1	2	d	3	1	1	0.05	0.110413831731	NA	NA	NA	1	1	0.526907155529275	2	1	0.473092844470725	0.132729590524022	0.126510508144387	0.252140438480516	0.748158955455212	2	1	1	NA	NA	NA	NA	NA	NA	2	1	1
X	25459062	25498850	2	1	1	2	c	3	1	1	0.05	0.1	NA	NA	NA	1	1	0.846782431052095	2	1	0.153217568947905	NA	0	0.846782431052095	0.846782431052095	3	1	2	NA	NA	NA	NA	NA	NA	2	1	1
X	25498851	25568033	2	1	1	2	c	2	1	1	0.05	0.1	NA	NA	NA	NA	NA	NA	NA	NA	NA	NA	NA	NA	NA	NA	NA	NA	NA	NA	NA	NA	NA	NA	2	1	1
X	25568034	48773230	2	1	1	3	b	4	1	1	0.0485592429032	0.0935096263024	NA	NA	NA	1	1	1	NA	NA	NA	NA	NA	NA	NA	2	1	1	NA	NA	NA	NA	NA	NA	2	1	1
X	48773231	57537006	2	1	1	2	e	3	1.46	1	0.0641963714457	0.123895090141	NA	NA	NA	1	1	0.511480214948707	2	1	0.488519785051293	0.011262503433233	0.0112783489792463	0.495038868457673	0.540681615155666	3	1	2	NA	NA	NA	NA	NA	NA	2	1	1
X	57537007	62999999	2	1	1	2	c	3	1	1	0.0300595202219	0.184826935523	NA	NA	NA	NA	NA	NA	NA	NA	NA	NA	NA	NA	NA	2	1	1	NA	NA	NA	NA	NA	NA	2	1	1
X	63000000	154907500	2	1	1	3	b	4	1	1	0.0493654737645	0.133104943146	NA	NA	NA	1	1	1	NA	NA	NA	NA	NA	NA	NA	2	1	1	NA	NA	NA	NA	NA	NA	2	1	1
