chromosome	start	end	total_cn	major_cn	minor_cn	star	level	methods_agree	absolute_broad_major_cn	absolute_broad_minor_cn	absolute_broad_het_error	absolute_broad_cov_error	aceseq_copy_number	aceseq_minor_cn	aceseq_major_cn	battenberg_nMaj1_A	battenberg_nMin1_A	battenberg_frac1_A	battenberg_nMaj2_A	battenberg_nMin2_A	battenberg_frac2_A	battenberg_SDfrac_A	battenberg_SDfrac_A_BS	battenberg_frac1_A_0.025	battenberg_frac1_A_0.975	clonehd_copy_number	clonehd_minor_cn	clonehd_major_cn	sclust_nMaj1_A	sclust_nMin1_A	sclust_frac1_A	sclust_nMaj2_A	sclust_nMin2_A	sclust_frac2_A	jabba_copy_number	jabba_minor_cn	jabba_major_cn
1	1	31496856	3	2	1	3	b	5	2	1	0.0601718279679	0.251615655912	NA	NA	NA	2	1	1	NA	NA	NA	NA	NA	NA	NA	3	1	2	2	1	1	NA	NA	NA	3	1	2
1	31496857	31973771	5	4	1	2	d	3	3.52	1	0.056371473606	0.217940446677	NA	NA	NA	4	1	1	NA	NA	NA	NA	NA	NA	NA	4	1	3	4	1	1	NA	NA	NA	5	1	4
1	31973772	115646298	3	2	1	3	b	5	2	1	0.0571986319322	0.170333711362	NA	NA	NA	2	1	1	NA	NA	NA	NA	NA	NA	NA	3	1	2	2	1	1	NA	NA	NA	3	1	2
1	115646299	115795927	4	2	2	3	b	5	2	2	0.0287378659003	0.182484211444	NA	NA	NA	2	2	1	NA	NA	NA	NA	NA	NA	NA	4	2	2	2	2	1	NA	NA	NA	4	2	2
1	115795928	116313038	3	2	1	3	b	5	2	1	0.0561272032485	0.131692361601	NA	NA	NA	2	1	1	NA	NA	NA	NA	NA	NA	NA	3	1	2	2	1	1	NA	NA	NA	3	1	2
1	116313039	116781377	4	2	2	3	b	5	2	2	0.0278536936202	0.177442970051	NA	NA	NA	2	2	1	NA	NA	NA	NA	NA	NA	NA	4	2	2	2	2	1	NA	NA	NA	4	2	2
1	116781378	117350206	3	2	1	2	d	4	2	1	0.0692666498601	0.177815603223	NA	NA	NA	2	1	0.908504054630812	2	2	0.0914959453691877	0.0314961482639476	0.0315985005029837	0.844997552614147	0.970369092822608	3	1	2	2	1	1	NA	NA	NA	3	1	2
1	117350207	117548627	4	2	2	3	b	5	2	2	0.0266016868183	0.160612492051	NA	NA	NA	2	2	1	NA	NA	NA	NA	NA	NA	NA	4	2	2	2	2	1	NA	NA	NA	4	2	2
1	117548628	117550246	4	2	2	2	d	4	2	2	0.05	0.1	NA	NA	NA	2	2	1	NA	NA	NA	NA	NA	NA	NA	NA	NA	NA	2	2	1	NA	NA	NA	4	2	2
1	117550247	118004885	4	2	2	3	b	5	2	2	0.0387237932311	0.26236199646	NA	NA	NA	2	2	1	NA	NA	NA	NA	NA	NA	NA	4	2	2	2	2	1	NA	NA	NA	4	2	2
1	118004886	118334644	3	2	1	3	b	5	2	1	0.0532837458993	0.152791550403	NA	NA	NA	2	1	1	NA	NA	NA	NA	NA	NA	NA	3	1	2	2	1	1	NA	NA	NA	3	1	2
1	118334645	119002951	4	2	2	3	b	5	2	2	0.0371579417762	0.195034319963	NA	NA	NA	2	2	1	NA	NA	NA	NA	NA	NA	NA	4	2	2	2	2	1	NA	NA	NA	4	2	2
1	119002952	121350494	3	2	1	3	b	5	2	1	0.0574940701832	0.178461037971	NA	NA	NA	2	1	1	NA	NA	NA	NA	NA	NA	NA	3	1	2	2	1	1	NA	NA	NA	3	1	2
1	121350495	128899999	NA	NA	NA	NA	NA	NA	3.16	1	0.05	1.96160574571	NA	NA	NA	NA	NA	NA	NA	NA	NA	NA	NA	NA	NA	1	0	1	3	1	1	NA	NA	NA	3	1	2
1	128900000	143202500	4	3	1	2	f	2	3.16	1	0.05	0.633370279231	NA	NA	NA	NA	NA	NA	NA	NA	NA	NA	NA	NA	NA	1	0	1	3	1	1	NA	NA	NA	3	1	2
1	143202501	145097601	4	3	1	2	f	2	3.16	1	0.05	0.363784186836	NA	NA	NA	NA	NA	NA	NA	NA	NA	NA	NA	NA	NA	NA	NA	NA	3	1	1	NA	NA	NA	3	1	2
1	145097602	159328253	5	4	1	2	d	4	3.16	1	0.0440510877188	0.257237334204	NA	NA	NA	4	1	1	NA	NA	NA	NA	NA	NA	NA	5	1	4	4	1	1	NA	NA	NA	5	1	4
1	159328254	174984421	6	4	2	2	d	4	3	1.64	0.0442814823484	0.240077598828	NA	NA	NA	4	2	1	NA	NA	NA	NA	NA	NA	NA	6	2	4	4	2	1	NA	NA	NA	6	2	4
1	174984422	175090675	8	6	2	2	d	3	5	2	0.0528329237536	0.244706407827	NA	NA	NA	6	2	1	NA	NA	NA	NA	NA	NA	NA	7	2	5	6	2	1	NA	NA	NA	8	2	6
1	175090676	177406731	6	4	2	2	d	4	3	1.64	0.0457836816652	0.230531761822	NA	NA	NA	4	2	1	NA	NA	NA	NA	NA	NA	NA	6	2	4	4	2	1	NA	NA	NA	6	2	4
1	177406732	177557318	6	4	2	2	d	4	3	1.64	0.0286687647534	0.249287194252	NA	NA	NA	4	2	1	NA	NA	NA	NA	NA	NA	NA	6	2	4	4	2	1	NA	NA	NA	6	2	4
1	177557319	240577141	6	4	2	2	d	4	3	1.64	0.0444710157487	0.248372421263	NA	NA	NA	4	2	1	NA	NA	NA	NA	NA	NA	NA	6	2	4	4	2	1	NA	NA	NA	6	2	4
1	240577142	240581746	6	4	2	2	d	2	3	1.64	0.05	0.1	NA	NA	NA	NA	NA	NA	NA	NA	NA	NA	NA	NA	NA	NA	NA	NA	4	2	1	NA	NA	NA	6	2	4
1	240581747	240671249	6	4	2	2	d	3	3	1.64	0.05	0.239819325364	NA	NA	NA	3	2	1	NA	NA	NA	NA	NA	NA	NA	6	2	4	4	2	1	NA	NA	NA	6	2	4
1	240671250	240740783	4	4	0	2	d	4	3	0	0.05	0.12394207611	NA	NA	NA	4	0	1	NA	NA	NA	NA	NA	NA	NA	4	0	4	4	0	1	NA	NA	NA	4	0	4
1	240740784	247249600	6	4	2	2	d	4	3.16	1.57	0.0471478285586	0.251928342234	NA	NA	NA	4	2	1	NA	NA	NA	NA	NA	NA	NA	6	2	4	4	2	1	NA	NA	NA	6	2	4
1	247249601	249250620	6	4	2	2	d	4	NA	NA	NA	NA	NA	NA	NA	4	2	1	NA	NA	NA	NA	NA	NA	NA	6	2	4	4	2	1	NA	NA	NA	6	2	4
2	55219	14372992	2	2	0	3	b	5	2	0	0.052107546564	0.129707789074	NA	NA	NA	2	0	1	NA	NA	NA	NA	NA	NA	NA	2	0	2	2	0	1	NA	NA	NA	2	0	2
2	14372993	15137999	4	4	0	3	b	5	4	0	0.0360456166929	0.210713334473	NA	NA	NA	4	0	1	NA	NA	NA	NA	NA	NA	NA	4	0	4	4	0	1	NA	NA	NA	4	0	4
2	15138000	28286198	2	2	0	3	b	5	2	0	0.0510338728999	0.131485585199	NA	NA	NA	2	0	1	NA	NA	NA	NA	NA	NA	NA	2	0	2	2	0	1	NA	NA	NA	2	0	2
2	28286199	37445377	3	2	1	3	b	5	2	1	0.0582344605471	0.161466109075	NA	NA	NA	2	1	1	NA	NA	NA	NA	NA	NA	NA	3	1	2	2	1	1	NA	NA	NA	3	1	2
2	37445378	37476712	3	2	1	3	b	5	2	1	0.05	0.1	NA	NA	NA	2	1	1	NA	NA	NA	NA	NA	NA	NA	3	1	2	2	1	1	NA	NA	NA	3	1	2
2	37476713	41885646	3	2	1	3	b	5	2	1	0.05675133946	0.206778386432	NA	NA	NA	2	1	1	NA	NA	NA	NA	NA	NA	NA	3	1	2	2	1	1	NA	NA	NA	3	1	2
2	41885647	90499999	4	2	2	3	b	5	2	2	0.0342751710766	0.212835924955	NA	NA	NA	2	2	1	NA	NA	NA	NA	NA	NA	NA	4	2	2	2	2	1	NA	NA	NA	4	2	2
2	90500000	96799999	4	2	2	3	b	5	2	2	0.05	0.330834043456	NA	NA	NA	2	2	1	NA	NA	NA	NA	NA	NA	NA	4	2	2	2	2	1	NA	NA	NA	4	2	2
2	96800000	116126705	4	2	2	3	b	5	2	2	0.0354691732801	0.209583517932	NA	NA	NA	2	2	1	NA	NA	NA	NA	NA	NA	NA	4	2	2	2	2	1	NA	NA	NA	4	2	2
2	116126706	116158750	4	2	2	2	d	2	2	2	0.05	0.1	NA	NA	NA	2	1	0.835991153532764	3	1	0.164008846467236	NA	0	0.835991153532764	0.835991153532764	NA	NA	NA	2	2	1	NA	NA	NA	5	2	3
2	116158751	119055051	4	2	2	3	b	5	2	2	0.0306193039925	0.182941627942	NA	NA	NA	2	2	1	NA	NA	NA	NA	NA	NA	NA	4	2	2	2	2	1	NA	NA	NA	4	2	2
2	119055052	119094449	2	2	0	3	b	5	2	0	0.05	0.1	NA	NA	NA	2	0	1	NA	NA	NA	NA	NA	NA	NA	2	0	2	2	0	1	NA	NA	NA	2	0	2
2	119094450	119095020	2	2	0	2	d	3	2	0	0.05	0.1	NA	NA	NA	NA	NA	NA	NA	NA	NA	NA	NA	NA	NA	NA	NA	NA	2	0	1	NA	NA	NA	2	0	2
2	119095021	119100027	2	2	0	2	d	3	2	0	0.05	0.1	NA	NA	NA	3	0	1	NA	NA	NA	NA	NA	NA	NA	2	0	2	2	2	1	NA	NA	NA	2	0	2
2	119100028	225423743	4	2	2	2	d	4	1.91	1.91	0.03388165092	0.214434463196	NA	NA	NA	2	2	1	NA	NA	NA	NA	NA	NA	NA	4	2	2	2	2	1	NA	NA	NA	4	2	2
2	225423744	228947270	6	4	2	2	d	4	3.72	1.91	0.0433526545899	0.262117448185	NA	NA	NA	4	2	1	NA	NA	NA	NA	NA	NA	NA	6	2	4	4	2	1	NA	NA	NA	6	2	4
2	228947271	242951000	4	2	2	2	d	4	1.91	1.91	0.0350592796603	0.243840768877	NA	NA	NA	2	2	1	NA	NA	NA	NA	NA	NA	NA	4	2	2	2	2	1	NA	NA	NA	4	2	2
3	62437	13483495	3	2	1	3	b	5	2	1	0.0588926129722	0.199721898176	NA	NA	NA	2	1	1	NA	NA	NA	NA	NA	NA	NA	3	1	2	2	1	1	NA	NA	NA	3	1	2
3	13483496	60656878	4	2	2	3	b	5	2	2	0.0339724843219	0.217777666735	NA	NA	NA	2	2	1	NA	NA	NA	NA	NA	NA	NA	4	2	2	2	2	1	NA	NA	NA	4	2	2
3	60656879	61280425	2	2	0	3	b	5	2	0	0.0485908995856	0.116738720154	NA	NA	NA	2	0	1	NA	NA	NA	NA	NA	NA	NA	2	0	2	2	0	1	NA	NA	NA	2	0	2
3	61280426	75372500	4	2	2	3	b	5	2	2	0.031667806769	0.20137721716	NA	NA	NA	2	2	1	NA	NA	NA	NA	NA	NA	NA	4	2	2	2	2	1	NA	NA	NA	4	2	2
3	75372501	81126458	4	2	2	3	b	5	2	2	0.0355836790306	0.218815027598	NA	NA	NA	2	2	1	NA	NA	NA	NA	NA	NA	NA	4	2	2	2	2	1	NA	NA	NA	4	2	2
3	81126459	81238979	3	2	1	3	b	5	2	1	0.0561727753751	0.148022306314	NA	NA	NA	2	1	1	NA	NA	NA	NA	NA	NA	NA	3	1	2	2	1	1	NA	NA	NA	3	1	2
3	81238980	81904241	4	2	2	3	b	5	2	2	0.0211767641495	0.195082922019	NA	NA	NA	2	2	1	NA	NA	NA	NA	NA	NA	NA	4	2	2	2	2	1	NA	NA	NA	4	2	2
3	81904242	86819919	3	2	1	3	b	5	2	1	0.0610911732236	0.162787009683	NA	NA	NA	2	1	1	NA	NA	NA	NA	NA	NA	NA	3	1	2	2	1	1	NA	NA	NA	3	1	2
3	86819920	87899999	4	2	2	3	b	5	2	2	0.0336985096428	0.199157860212	NA	NA	NA	2	2	1	NA	NA	NA	NA	NA	NA	NA	4	2	2	2	2	1	NA	NA	NA	4	2	2
3	87900000	93899999	4	2	2	3	b	5	2	2	0.0299432094394	0.249314581914	NA	NA	NA	2	2	1	NA	NA	NA	NA	NA	NA	NA	4	2	2	2	2	1	NA	NA	NA	4	2	2
3	93900000	184031927	4	2	2	3	b	5	2	2	0.0337015279461	0.216481088397	NA	NA	NA	2	2	1	NA	NA	NA	NA	NA	NA	NA	4	2	2	2	2	1	NA	NA	NA	4	2	2
3	184031928	184136485	2	2	0	3	b	5	2	0	0.05	0.1	NA	NA	NA	2	0	1	NA	NA	NA	NA	NA	NA	NA	2	0	2	2	0	1	NA	NA	NA	2	0	2
3	184136486	198022429	4	2	2	3	b	5	2	2	0.0340878411625	0.25784462059	NA	NA	NA	2	2	1	NA	NA	NA	NA	NA	NA	NA	4	2	2	2	2	1	NA	NA	NA	4	2	2
4	24015	48199999	4	2	2	3	b	5	2	2	0.0332833941396	0.226327394638	NA	NA	NA	2	2	1	NA	NA	NA	NA	NA	NA	NA	4	2	2	2	2	1	NA	NA	NA	4	2	2
4	48200000	52699999	4	2	2	2	d	4	2	2	0.0360241312837	0.328356545266	NA	NA	NA	NA	NA	NA	NA	NA	NA	NA	NA	NA	NA	4	2	2	2	2	1	NA	NA	NA	4	2	2
4	52700000	163191096	4	2	2	3	b	5	2	2	0.0328349229971	0.21645408357	NA	NA	NA	2	2	1	NA	NA	NA	NA	NA	NA	NA	4	2	2	2	2	1	NA	NA	NA	4	2	2
4	163191097	164793434	6	4	2	3	b	5	4	2	0.0417532629148	0.278806073638	NA	NA	NA	4	2	1	NA	NA	NA	NA	NA	NA	NA	6	2	4	4	2	1	NA	NA	NA	6	2	4
4	164793435	165297254	4	2	2	3	b	5	2	2	0.0275740936336	0.228963577452	NA	NA	NA	2	2	1	NA	NA	NA	NA	NA	NA	NA	4	2	2	2	2	1	NA	NA	NA	4	2	2
4	165297255	166398802	6	4	2	3	b	5	4	2	0.0456775286535	0.281605672062	NA	NA	NA	4	2	1	NA	NA	NA	NA	NA	NA	NA	6	2	4	4	2	1	NA	NA	NA	6	2	4
4	166398803	182867740	4	2	2	3	b	5	2	2	0.0361480490618	0.211979694711	NA	NA	NA	2	2	1	NA	NA	NA	NA	NA	NA	NA	4	2	2	2	2	1	NA	NA	NA	4	2	2
4	182867741	182916182	3	2	1	3	b	5	2	1	0.05	0.1	NA	NA	NA	2	1	1	NA	NA	NA	NA	NA	NA	NA	3	1	2	2	1	1	NA	NA	NA	3	1	2
4	182916183	182966181	3	2	1	3	b	5	2	1	0.05	0.1	NA	NA	NA	2	1	1	NA	NA	NA	NA	NA	NA	NA	3	1	2	2	1	1	NA	NA	NA	3	1	2
4	182966182	182972584	1	1	0	2	d	4	2	1	0.05	0.1	NA	NA	NA	1	0	1	NA	NA	NA	NA	NA	NA	NA	1	0	1	1	0	1	NA	NA	NA	1	0	1
4	182972585	182972879	1	1	0	2	d	4	1	0	0.05	0.1	NA	NA	NA	1	0	1	NA	NA	NA	NA	NA	NA	NA	1	0	1	1	0	1	NA	NA	NA	3	1	2
4	182972880	183022808	1	1	0	3	b	5	1	0	0.05	0.1	NA	NA	NA	1	0	1	NA	NA	NA	NA	NA	NA	NA	1	0	1	1	0	1	NA	NA	NA	1	0	1
4	183022809	183109721	2	2	0	3	b	5	2	0	0.0495088986336	0.100998990537	NA	NA	NA	2	0	1	NA	NA	NA	NA	NA	NA	NA	2	0	2	2	0	1	NA	NA	NA	2	0	2
4	183109722	183197416	4	2	2	3	b	5	2	2	0.05	0.175637460203	NA	NA	NA	2	2	1	NA	NA	NA	NA	NA	NA	NA	4	2	2	2	2	1	NA	NA	NA	4	2	2
4	183197417	183198880	4	2	2	2	d	4	2	2	0.05	0.1	NA	NA	NA	2	2	1	NA	NA	NA	NA	NA	NA	NA	NA	NA	NA	2	2	1	NA	NA	NA	4	2	2
4	183198881	191154275	4	2	2	3	b	5	2	2	0.038936710019	0.308601223174	NA	NA	NA	2	2	1	NA	NA	NA	NA	NA	NA	NA	4	2	2	2	2	1	NA	NA	NA	4	2	2
5	14757	1925699	3	2	1	2	d	3	2	1	0.0579213800211	0.430533819451	NA	NA	NA	2	1	1	NA	NA	NA	NA	NA	NA	NA	2	1	1	2	1	1	NA	NA	NA	2	1	1
5	1925700	42628554	3	2	1	3	b	5	2	1	0.0575578187951	0.173553420722	NA	NA	NA	2	1	1	NA	NA	NA	NA	NA	NA	NA	3	1	2	2	1	1	NA	NA	NA	3	1	2
5	42628555	42631153	3	2	1	2	d	4	2	1	0.05	0.1	NA	NA	NA	2	1	1	NA	NA	NA	NA	NA	NA	NA	NA	NA	NA	2	1	1	NA	NA	NA	3	1	2
5	42631154	46099999	3	2	1	3	b	5	2	1	0.0510608915805	0.178721134441	NA	NA	NA	2	1	1	NA	NA	NA	NA	NA	NA	NA	3	1	2	2	1	1	NA	NA	NA	3	1	2
5	46100000	50699999	NA	NA	NA	NA	NA	NA	2	0	0.050716032447	0.193155472821	NA	NA	NA	NA	NA	NA	NA	NA	NA	NA	NA	NA	NA	2	0	2	2	0	1	NA	NA	NA	3	1	2
5	50700000	142667542	2	2	0	3	b	5	2	0	0.0498530685114	0.134960502686	NA	NA	NA	2	0	1	NA	NA	NA	NA	NA	NA	NA	2	0	2	2	0	1	NA	NA	NA	2	0	2
5	142667543	142734510	0	0	0	2	d	3	0	0	0.05	0.0439388660788	NA	NA	NA	0	0	1	NA	NA	NA	NA	NA	NA	NA	1	0	1	2	0	1	NA	NA	NA	0	0	0
5	142734511	180685900	2	2	0	3	b	5	2	0	0.0507820895826	0.14829193133	NA	NA	NA	2	0	1	NA	NA	NA	NA	NA	NA	NA	2	0	2	2	0	1	NA	NA	NA	2	0	2
6	39681	204483	4	2	2	1	h	1	NA	NA	NA	NA	NA	NA	NA	NA	NA	NA	NA	NA	NA	NA	NA	NA	NA	NA	NA	NA	NA	NA	NA	NA	NA	NA	4	2	2
6	204484	5979115	4	2	2	3	b	5	2	2	0.0345805807223	0.233780736972	NA	NA	NA	2	2	1	NA	NA	NA	NA	NA	NA	NA	4	2	2	2	2	1	NA	NA	NA	4	2	2
6	5979116	6388843	4	2	2	3	b	5	2	2	0.0320288182044	0.1793148648	NA	NA	NA	2	2	1	NA	NA	NA	NA	NA	NA	NA	4	2	2	2	2	1	NA	NA	NA	4	2	2
6	6388844	33130006	4	2	2	3	b	5	2	2	0.0409380771926	0.311171143968	NA	NA	NA	2	2	1	NA	NA	NA	NA	NA	NA	NA	4	2	2	2	2	1	NA	NA	NA	4	2	2
6	33130007	52652643	4	2	2	3	b	5	2	2	0.0345450289616	0.298170288441	NA	NA	NA	2	2	1	NA	NA	NA	NA	NA	NA	NA	4	2	2	2	2	1	NA	NA	NA	4	2	2
6	52652644	52691475	4	2	2	3	b	5	2	2	0.05	0.1	NA	NA	NA	2	2	1	NA	NA	NA	NA	NA	NA	NA	4	2	2	2	2	1	NA	NA	NA	4	2	2
6	52691476	58699999	4	2	2	2	d	4	2.16	2.16	0.0322494444543	0.284224556402	NA	NA	NA	2	2	1	NA	NA	NA	NA	NA	NA	NA	4	2	2	2	2	1	NA	NA	NA	4	2	2
6	58700000	63309587	NA	NA	NA	NA	NA	NA	2.16	2.16	0.0382822716985	0.33607029585	NA	NA	NA	2	2	1	NA	NA	NA	NA	NA	NA	NA	4	2	2	2	2	1	NA	NA	NA	3	1	2
6	63309588	77437205	2	2	0	3	b	5	2	0	0.0507423283947	0.131267422141	NA	NA	NA	2	0	1	NA	NA	NA	NA	NA	NA	NA	2	0	2	2	0	1	NA	NA	NA	2	0	2
6	77437206	102666084	2	2	0	3	b	5	2	0	0.0491993579066	0.152014179065	NA	NA	NA	2	0	1	NA	NA	NA	NA	NA	NA	NA	2	0	2	2	0	1	NA	NA	NA	2	0	2
6	102666085	105247307	0	0	0	2	d	3	0	0	0.0755280561472	0.0438721782786	NA	NA	NA	0	0	0.947165315123062	1	0	0.0528346848769378	0.00625001892540705	0.00601505191858975	0.946881898808035	0.970524335745886	1	0	1	0	0	1	NA	NA	NA	0	0	0
6	105247308	161907944	2	2	0	3	b	5	2	0	0.0489591862987	0.127209053677	NA	NA	NA	2	0	1	NA	NA	NA	NA	NA	NA	NA	2	0	2	2	0	1	NA	NA	NA	2	0	2
6	161907945	161912715	0	0	0	1	g	NA	NA	NA	NA	NA	NA	NA	NA	NA	NA	NA	NA	NA	NA	NA	NA	NA	NA	1	0	1	0	0	1	NA	NA	NA	2	0	2
6	161912716	161914953	0	0	0	1	g	NA	NA	NA	NA	NA	NA	NA	NA	3	0	1	NA	NA	NA	NA	NA	NA	NA	1	0	1	0	0	1	NA	NA	NA	1	0	1
6	161914954	161915007	1	1	0	2	d	2	NA	NA	NA	NA	NA	NA	NA	NA	NA	NA	NA	NA	NA	NA	NA	NA	NA	1	0	1	0	0	1	NA	NA	NA	1	0	1
6	161915008	161917191	0	0	0	1	g	NA	NA	NA	NA	NA	NA	NA	NA	2	0	1	NA	NA	NA	NA	NA	NA	NA	1	0	1	0	0	1	NA	NA	NA	1	0	1
6	161917192	161935018	0	0	0	2	d	4	0	0	0.05	0.1	NA	NA	NA	0	0	1	NA	NA	NA	NA	NA	NA	NA	1	0	1	0	0	1	NA	NA	NA	0	0	0
6	161935019	161941575	0	0	0	1	g	NA	0	0	0.05	0.1	NA	NA	NA	3	0	1	NA	NA	NA	NA	NA	NA	NA	1	0	1	0	0	1	NA	NA	NA	2	0	2
6	161941576	161941658	0	0	0	1	g	NA	0	0	0.05	0.1	NA	NA	NA	NA	NA	NA	NA	NA	NA	NA	NA	NA	NA	1	0	1	0	0	1	NA	NA	NA	2	0	2
6	161941659	161942060	0	0	0	2	d	2	0	0	0.05	0.1	NA	NA	NA	NA	NA	NA	NA	NA	NA	NA	NA	NA	NA	1	0	1	0	0	1	NA	NA	NA	NA	NA	NA
6	161942061	161942307	0	0	0	2	d	2	0	0	0.05	0.1	NA	NA	NA	NA	NA	NA	NA	NA	NA	NA	NA	NA	NA	1	0	1	0	0	1	NA	NA	NA	NA	NA	NA
6	161942308	161942355	0	0	0	2	d	2	0	0	0.05	0.1	NA	NA	NA	NA	NA	NA	NA	NA	NA	NA	NA	NA	NA	1	0	1	0	0	1	NA	NA	NA	NA	NA	NA
6	161942356	161943062	0	0	0	2	d	2	0	0	0.05	0.1	NA	NA	NA	NA	NA	NA	NA	NA	NA	NA	NA	NA	NA	1	0	1	0	0	1	NA	NA	NA	NA	NA	NA
6	161943063	161943308	0	0	0	2	d	2	0	0	0.05	0.1	NA	NA	NA	NA	NA	NA	NA	NA	NA	NA	NA	NA	NA	1	0	1	0	0	1	NA	NA	NA	NA	NA	NA
6	161943309	161943410	0	0	0	2	d	2	0	0	0.05	0.1	NA	NA	NA	NA	NA	NA	NA	NA	NA	NA	NA	NA	NA	1	0	1	0	0	1	NA	NA	NA	NA	NA	NA
6	161943411	161943724	0	0	0	2	d	2	0	0	0.05	0.1	NA	NA	NA	NA	NA	NA	NA	NA	NA	NA	NA	NA	NA	1	0	1	0	0	1	NA	NA	NA	NA	NA	NA
6	161943725	161943773	0	0	0	2	d	2	0	0	0.05	0.1	NA	NA	NA	NA	NA	NA	NA	NA	NA	NA	NA	NA	NA	1	0	1	0	0	1	NA	NA	NA	NA	NA	NA
6	161943774	161955565	0	0	0	2	d	4	0	0	0.05	0.1	NA	NA	NA	0	0	1	NA	NA	NA	NA	NA	NA	NA	1	0	1	0	0	1	NA	NA	NA	0	0	0
6	161955566	161955821	0	0	0	2	d	4	0	0	0.05	0.1	NA	NA	NA	0	0	1	NA	NA	NA	NA	NA	NA	NA	1	0	1	0	0	1	NA	NA	NA	0	0	0
6	161955822	162051467	0	0	0	2	d	4	0	0	0.05	0.0348666440943	NA	NA	NA	0	0	1	NA	NA	NA	NA	NA	NA	NA	1	0	1	0	0	1	NA	NA	NA	0	0	0
6	162051468	162051845	0	0	0	2	d	3	0	0	0.05	0.1	NA	NA	NA	NA	NA	NA	NA	NA	NA	NA	NA	NA	NA	1	0	1	0	0	1	NA	NA	NA	0	0	0
6	162051846	162052782	0	0	0	2	d	2	0	0	0.05	0.1	NA	NA	NA	NA	NA	NA	NA	NA	NA	NA	NA	NA	NA	1	0	1	0	0	1	NA	NA	NA	NA	NA	NA
6	162052783	162052954	2	2	0	1	g	NA	0	0	0.05	0.1	NA	NA	NA	NA	NA	NA	NA	NA	NA	NA	NA	NA	NA	1	0	1	2	0	1	NA	NA	NA	NA	NA	NA
6	162052955	162053045	2	2	0	1	g	NA	0	0	0.05	0.1	NA	NA	NA	NA	NA	NA	NA	NA	NA	NA	NA	NA	NA	1	0	1	2	0	1	NA	NA	NA	NA	NA	NA
6	162053046	162053587	2	2	0	1	g	NA	0	0	0.05	0.1	NA	NA	NA	NA	NA	NA	NA	NA	NA	NA	NA	NA	NA	1	0	1	2	0	1	NA	NA	NA	NA	NA	NA
6	162053588	162055068	2	2	0	1	g	NA	0	0	0.05	0.1	NA	NA	NA	NA	NA	NA	NA	NA	NA	NA	NA	NA	NA	1	0	1	2	0	1	NA	NA	NA	NA	NA	NA
6	162055069	162079892	2	2	0	1	g	NA	0	0	0.05	0.1	NA	NA	NA	0	0	0.788661260492247	1	0	0.211338739507753	NA	0	0.788661260492247	0.788661260492247	1	0	1	2	0	1	NA	NA	NA	0	0	0
6	162079893	162082410	2	2	0	1	g	NA	NA	NA	NA	NA	NA	NA	NA	NA	NA	NA	NA	NA	NA	NA	NA	NA	NA	1	0	1	2	0	1	NA	NA	NA	0	0	0
6	162082411	162084389	2	2	0	1	g	NA	NA	NA	NA	NA	NA	NA	NA	NA	NA	NA	NA	NA	NA	NA	NA	NA	NA	1	0	1	2	0	1	NA	NA	NA	NA	NA	NA
6	162084390	162084807	2	2	0	1	g	NA	NA	NA	NA	NA	NA	NA	NA	NA	NA	NA	NA	NA	NA	NA	NA	NA	NA	1	0	1	2	0	1	NA	NA	NA	NA	NA	NA
6	162084808	162085059	2	2	0	1	g	NA	NA	NA	NA	NA	NA	NA	NA	NA	NA	NA	NA	NA	NA	NA	NA	NA	NA	1	0	1	2	0	1	NA	NA	NA	NA	NA	NA
6	162085060	162085898	2	2	0	1	g	NA	NA	NA	NA	NA	NA	NA	NA	NA	NA	NA	NA	NA	NA	NA	NA	NA	NA	1	0	1	2	0	1	NA	NA	NA	NA	NA	NA
6	162085899	162087064	2	2	0	1	g	NA	NA	NA	NA	NA	NA	NA	NA	NA	NA	NA	NA	NA	NA	NA	NA	NA	NA	1	0	1	2	0	1	NA	NA	NA	NA	NA	NA
6	162087065	162087137	2	2	0	1	g	NA	NA	NA	NA	NA	NA	NA	NA	NA	NA	NA	NA	NA	NA	NA	NA	NA	NA	1	0	1	2	0	1	NA	NA	NA	NA	NA	NA
6	162087138	162087461	2	2	0	1	g	NA	NA	NA	NA	NA	NA	NA	NA	NA	NA	NA	NA	NA	NA	NA	NA	NA	NA	1	0	1	2	0	1	NA	NA	NA	NA	NA	NA
6	162087462	162088121	2	2	0	1	g	NA	NA	NA	NA	NA	NA	NA	NA	NA	NA	NA	NA	NA	NA	NA	NA	NA	NA	1	0	1	2	0	1	NA	NA	NA	NA	NA	NA
6	162088122	162089347	2	2	0	1	g	NA	NA	NA	NA	NA	NA	NA	NA	NA	NA	NA	NA	NA	NA	NA	NA	NA	NA	1	0	1	2	0	1	NA	NA	NA	NA	NA	NA
6	162089348	162089734	2	2	0	1	g	NA	NA	NA	NA	NA	NA	NA	NA	NA	NA	NA	NA	NA	NA	NA	NA	NA	NA	1	0	1	2	0	1	NA	NA	NA	NA	NA	NA
6	162089735	162090506	2	2	0	1	g	NA	NA	NA	NA	NA	NA	NA	NA	NA	NA	NA	NA	NA	NA	NA	NA	NA	NA	1	0	1	2	0	1	NA	NA	NA	NA	NA	NA
6	162090507	162091571	2	2	0	1	g	NA	NA	NA	NA	NA	NA	NA	NA	NA	NA	NA	NA	NA	NA	NA	NA	NA	NA	1	0	1	2	0	1	NA	NA	NA	NA	NA	NA
6	162091572	162091618	2	2	0	1	g	NA	NA	NA	NA	NA	NA	NA	NA	NA	NA	NA	NA	NA	NA	NA	NA	NA	NA	NA	NA	NA	2	0	1	NA	NA	NA	NA	NA	NA
6	162091619	170899456	2	2	0	2	d	4	2.09	0	0.0499062169972	0.136212995196	NA	NA	NA	2	0	1	NA	NA	NA	NA	NA	NA	NA	2	0	2	2	0	1	NA	NA	NA	2	0	2
7	40386	38263997	4	2	2	3	b	5	2	2	0.0369455433037	0.221259402618	NA	NA	NA	2	2	1	NA	NA	NA	NA	NA	NA	NA	4	2	2	2	2	1	NA	NA	NA	4	2	2
7	38263998	38401802	4	2	2	2	d	3	2	2	0.0407947693536	0.1	NA	NA	NA	2	2	1	NA	NA	NA	NA	NA	NA	NA	NA	NA	NA	3	3	1	NA	NA	NA	4	2	2
7	38401803	51409266	4	2	2	3	b	5	2	2	0.0333265679417	0.208668265201	NA	NA	NA	2	2	1	NA	NA	NA	NA	NA	NA	NA	4	2	2	2	2	1	NA	NA	NA	4	2	2
7	51409267	51410877	4	2	2	1	g	NA	2	2	0.05	0.1	NA	NA	NA	2	0	1	NA	NA	NA	NA	NA	NA	NA	1	0	1	2	2	1	NA	NA	NA	2	0	2
7	51410878	55877277	4	2	2	3	b	5	2	2	0.0339479948378	0.202801184037	NA	NA	NA	2	2	1	NA	NA	NA	NA	NA	NA	NA	4	2	2	2	2	1	NA	NA	NA	4	2	2
7	55877278	55887762	4	2	2	1	g	NA	2	2	0.05	0.1	NA	NA	NA	1	0	1	NA	NA	NA	NA	NA	NA	NA	NA	NA	NA	2	2	1	NA	NA	NA	2	0	2
7	55887763	56846400	4	2	2	3	b	5	2	2	0.0337633482398	0.291161930599	NA	NA	NA	2	2	1	NA	NA	NA	NA	NA	NA	NA	4	2	2	2	2	1	NA	NA	NA	4	2	2
7	56846401	57949987	4	2	2	3	b	5	2	2	0.0339049486332	0.245544527004	NA	NA	NA	2	2	1	NA	NA	NA	NA	NA	NA	NA	4	2	2	2	2	1	NA	NA	NA	4	2	2
7	57949988	61997500	NA	NA	NA	NA	NA	NA	2	2	0.05	0.809010898394	NA	NA	NA	2	2	1	NA	NA	NA	NA	NA	NA	NA	NA	NA	NA	4	2	1	NA	NA	NA	4	2	2
7	61997501	72275402	6	4	2	2	d	3	3.82	1.91	0.0462427872841	0.349714668938	NA	NA	NA	4	2	1	NA	NA	NA	NA	NA	NA	NA	5	2	3	4	2	1	NA	NA	NA	6	2	4
7	72275403	99162401	6	4	2	2	d	4	3.82	1.91	0.0440799155826	0.297448026018	NA	NA	NA	4	2	1	NA	NA	NA	NA	NA	NA	NA	6	2	4	4	2	1	NA	NA	NA	6	2	4
7	99162402	141110801	6	4	2	2	d	4	3.82	1.91	0.0440685959402	0.286925433194	NA	NA	NA	4	2	1	NA	NA	NA	NA	NA	NA	NA	6	2	4	4	2	1	NA	NA	NA	6	2	4
7	141110802	141525134	4	4	0	2	d	3	3.72	0	0.0274452795383	0.152059578418	NA	NA	NA	4	0	0.856064750665281	4	1	0.143935249334719	0.419936571087609	0.984901317366967	-4.16312698439973	-0.353084553231837	4	0	4	4	0	1	NA	NA	NA	4	0	4
7	141525135	147621441	6	4	2	2	d	4	3.72	1.84	0.0439993579286	0.380287158574	NA	NA	NA	4	2	1	NA	NA	NA	NA	NA	NA	NA	6	2	4	4	2	1	NA	NA	NA	6	2	4
7	147621442	147685194	5	3	2	2	d	4	2	2	0.05	0.237809734308	NA	NA	NA	3	2	1	NA	NA	NA	NA	NA	NA	NA	5	2	3	3	2	1	NA	NA	NA	5	2	3
7	147685195	150580306	6	4	2	2	d	4	3.82	1.91	0.0413911571065	0.286870792583	NA	NA	NA	4	2	1	NA	NA	NA	NA	NA	NA	NA	6	2	4	4	2	1	NA	NA	NA	6	2	4
7	150580307	150587643	4	4	0	2	d	3	3.82	1.91	0.05	0.1	NA	NA	NA	4	0	1	NA	NA	NA	NA	NA	NA	NA	4	0	4	5	0	1	NA	NA	NA	4	0	4
7	150587644	158821400	6	4	2	2	d	3	3.82	1.91	0.0463133268766	0.332367001384	NA	NA	NA	4	2	1	NA	NA	NA	NA	NA	NA	NA	5	2	3	4	2	1	NA	NA	NA	6	2	4
8	10001	170397	2	2	0	2	d	3	2.43	0	0.05	0.1	NA	NA	NA	2	0	1	NA	NA	NA	NA	NA	NA	NA	NA	NA	NA	2	0	1	NA	NA	NA	2	0	2
8	170398	11911400	2	2	0	2	d	4	2.43	0	0.0528698032299	0.215236439096	NA	NA	NA	2	0	1	NA	NA	NA	NA	NA	NA	NA	2	0	2	2	0	1	NA	NA	NA	2	0	2
8	11911401	12182822	0	0	0	1	g	NA	NA	NA	NA	NA	NA	NA	NA	NA	NA	1	NA	NA	NA	NA	NA	NA	NA	NA	NA	NA	1	0	0.320877	0	0	0.679123	2	0	2
8	12182823	27343022	2	2	0	2	d	4	2.43	0	0.0490505673111	0.161379135392	NA	NA	NA	2	0	1	NA	NA	NA	NA	NA	NA	NA	2	0	2	2	0	1	NA	NA	NA	2	0	2
8	27343023	27414754	4	4	0	2	d	3	5	0	0.05	0.283090494901	NA	NA	NA	4	0	1	NA	NA	NA	NA	NA	NA	NA	4	0	4	2	0	1	NA	NA	NA	4	0	4
8	27414755	37510131	2	2	0	2	d	4	2.43	0	0.0490751052408	0.143190839899	NA	NA	NA	2	0	1	NA	NA	NA	NA	NA	NA	NA	2	0	2	2	0	1	NA	NA	NA	2	0	2
8	37510132	40627586	4	2	2	2	d	4	2.36	2.36	0.0349442479652	0.261714507697	NA	NA	NA	2	2	1	NA	NA	NA	NA	NA	NA	NA	4	2	2	2	2	1	NA	NA	NA	4	2	2
8	40627587	43099999	5	3	2	2	d	4	3.36	2	0.0431000146638	0.315228808944	NA	NA	NA	3	2	1	NA	NA	NA	NA	NA	NA	NA	5	2	3	3	2	1	NA	NA	NA	5	2	3
8	43100000	48099999	NA	NA	NA	NA	NA	NA	3.36	2	0.05	0.589549899732	NA	NA	NA	NA	NA	NA	NA	NA	NA	NA	NA	NA	NA	4	2	2	3	2	1	NA	NA	NA	3	1	2
8	48100000	53892205	3	2	1	2	d	4	2	1.28	0.0604055124915	0.194354334264	NA	NA	NA	2	1	1	NA	NA	NA	NA	NA	NA	NA	3	1	2	2	1	1	NA	NA	NA	3	1	2
8	53892206	146364021	2	2	0	2	d	4	2.36	0	0.0498668117488	0.165253369883	NA	NA	NA	2	0	1	NA	NA	NA	NA	NA	NA	NA	2	0	2	2	0	1	NA	NA	NA	2	0	2
9	10001	243073	2	2	0	2	d	3	2.52	0	0.05	0.936292365412	NA	NA	NA	2	0	1	NA	NA	NA	NA	NA	NA	NA	NA	NA	NA	2	0	1	NA	NA	NA	2	0	2
9	243074	26662440	2	2	0	2	d	4	2.52	0	0.0471631487197	0.168661489942	NA	NA	NA	2	0	1	NA	NA	NA	NA	NA	NA	NA	2	0	2	2	0	1	NA	NA	NA	2	0	2
9	26662441	28339747	3	2	1	2	d	4	2.43	1.28	0.0581915842771	0.199721229439	NA	NA	NA	2	1	1	NA	NA	NA	NA	NA	NA	NA	3	1	2	2	1	1	NA	NA	NA	3	1	2
9	28339748	43410092	2	2	0	2	d	4	2.36	0	0.0498381746132	0.171020560045	NA	NA	NA	2	0	1	NA	NA	NA	NA	NA	NA	NA	2	0	2	2	0	1	NA	NA	NA	2	0	2
9	43410093	44899859	2	2	0	2	f	2	2.36	0	0.05	0.219636404805	NA	NA	NA	1	0	0.271625754124712	2	0	0.728374245875288	3.92755316117614	0.324392064579492	1.08201107291205	2.20543392675377	1	0	1	2	0	1	NA	NA	NA	3	1	2
9	44899860	47299999	1	1	0	2	f	2	NA	NA	NA	NA	NA	NA	NA	NA	NA	NA	NA	NA	NA	NA	NA	NA	NA	1	0	1	2	0	0.125001	1	0	0.874999	3	1	2
9	47300000	50699999	1	1	0	2	f	2	NA	NA	NA	NA	NA	NA	NA	NA	NA	NA	NA	NA	NA	NA	NA	NA	NA	1	0	1	2	0	0.125001	1	0	0.874999	3	1	2
9	50700000	70122520	1	1	0	2	f	2	3	0	0.05	0.508699871785	NA	NA	NA	NA	NA	NA	NA	NA	NA	NA	NA	NA	NA	1	0	1	2	0	0.125001	1	0	0.874999	3	1	2
9	70122521	71090086	3	2	1	2	d	4	2	1	0.062011949517	0.348109185276	NA	NA	NA	2	1	1	NA	NA	NA	NA	NA	NA	NA	NA	NA	NA	2	1	1	NA	NA	NA	3	1	2
9	71090087	140273200	2	2	0	3	b	5	2	0	0.0501413699973	0.130048455743	NA	NA	NA	2	0	1	NA	NA	NA	NA	NA	NA	NA	2	0	2	2	0	1	NA	NA	NA	2	0	2
9	140273201	140776978	2	2	0	2	d	3	NA	NA	NA	NA	NA	NA	NA	2	0	1	NA	NA	NA	NA	NA	NA	NA	1	0	1	2	0	1	NA	NA	NA	2	0	2
10	94426	37999999	4	2	2	3	b	5	2	2	0.0341408439545	0.260569920969	NA	NA	NA	2	2	1	NA	NA	NA	NA	NA	NA	NA	4	2	2	2	2	1	NA	NA	NA	4	2	2
10	38000000	42606002	NA	NA	NA	NA	NA	NA	2	2	0.0351652340431	0.372133426984	NA	NA	NA	2	2	1	NA	NA	NA	NA	NA	NA	NA	4	2	2	2	2	1	NA	NA	NA	3	1	2
10	42606003	46907508	2	2	0	3	b	5	2	0	0.0496796103982	0.141662346657	NA	NA	NA	2	0	1	NA	NA	NA	NA	NA	NA	NA	2	0	2	2	0	1	NA	NA	NA	2	0	2
10	46907509	123431071	2	2	0	3	b	5	2	0	0.0517985478179	0.135912134094	NA	NA	NA	2	0	1	NA	NA	NA	NA	NA	NA	NA	2	0	2	2	0	1	NA	NA	NA	2	0	2
10	123431072	135185689	2	2	0	3	b	5	2	0	0.0527884847431	0.160204375126	NA	NA	NA	2	0	1	NA	NA	NA	NA	NA	NA	NA	2	0	2	2	0	1	NA	NA	NA	2	0	2
10	135185690	135389924	2	2	0	3	b	5	2	0	0.076113446008	0.17877653949	NA	NA	NA	2	0	1	NA	NA	NA	NA	NA	NA	NA	2	0	2	2	0	1	NA	NA	NA	2	0	2
11	20721	202283	4	2	2	2	d	4	2	2	0.05	0.1	NA	NA	NA	3	2	1	NA	NA	NA	NA	NA	NA	NA	4	2	2	2	2	1	NA	NA	NA	4	2	2
11	202284	51599999	4	2	2	3	b	5	2	2	0.0353654282255	0.249285541117	NA	NA	NA	2	2	1	NA	NA	NA	NA	NA	NA	NA	4	2	2	2	2	1	NA	NA	NA	4	2	2
11	51600000	55699999	4	2	2	3	b	5	2	2	0.0396382275946	0.3039500336	NA	NA	NA	2	2	1	NA	NA	NA	NA	NA	NA	NA	4	2	2	2	2	1	NA	NA	NA	4	2	2
11	55700000	79949859	4	2	2	3	b	5	2	2	0.0354138715538	0.222073700078	NA	NA	NA	2	2	1	NA	NA	NA	NA	NA	NA	NA	4	2	2	2	2	1	NA	NA	NA	4	2	2
11	79949860	97956765	2	2	0	2	d	4	2.09	0	0.0480525297028	0.142309618481	NA	NA	NA	2	0	1	NA	NA	NA	NA	NA	NA	NA	2	0	2	2	0	1	NA	NA	NA	2	0	2
11	97956766	98044369	0	0	0	2	d	4	0	0	0.1039582745	0.0923809840143	NA	NA	NA	0	0	1	NA	NA	NA	NA	NA	NA	NA	1	0	1	0	0	1	NA	NA	NA	0	0	0
11	98044370	134452200	2	2	0	3	b	5	2	0	0.0496606779646	0.132006572762	NA	NA	NA	2	0	1	NA	NA	NA	NA	NA	NA	NA	2	0	2	2	0	1	NA	NA	NA	2	0	2
12	110107	232975	2	2	0	2	d	2	2.09	0	0.05	0.82112491769	NA	NA	NA	1	0	1	NA	NA	NA	NA	NA	NA	NA	NA	NA	NA	2	0	1	NA	NA	NA	2	0	2
12	232976	15719028	2	2	0	2	d	4	2.09	0	0.0502170160557	0.142215836615	NA	NA	NA	2	0	1	NA	NA	NA	NA	NA	NA	NA	2	0	2	2	0	1	NA	NA	NA	2	0	2
12	15719029	16419997	3	2	1	2	d	4	2	1	0.0623921280358	0.186254028699	NA	NA	NA	2	1	0.822611741504409	3	1	0.177388258495591	0.0505045788178256	0.0490325344376088	0.737770226767528	0.929069825210281	3	1	2	2	1	1	NA	NA	NA	3	1	2
12	16419998	33299999	2	2	0	2	d	4	2.09	0	0.0504381935315	0.135497681678	NA	NA	NA	2	0	1	NA	NA	NA	NA	NA	NA	NA	2	0	2	2	0	1	NA	NA	NA	2	0	2
12	33300000	38199999	NA	NA	NA	NA	NA	NA	2.16	0	0.0483433358476	0.544174045662	NA	NA	NA	NA	NA	NA	NA	NA	NA	NA	NA	NA	NA	2	0	2	2	0	1	NA	NA	NA	3	1	2
12	38200000	81987693	3	2	1	2	d	4	2.09	1	0.0571007106499	0.175765851722	NA	NA	NA	2	1	1	NA	NA	NA	NA	NA	NA	NA	3	1	2	2	1	1	NA	NA	NA	3	1	2
12	81987694	81995848	3	2	1	2	f	2	2.09	1	0.05	0.1	NA	NA	NA	1	0	1	NA	NA	NA	NA	NA	NA	NA	2	0	2	2	1	1	NA	NA	NA	1	0	1
12	81995849	132349400	3	2	1	2	d	4	2.09	1	0.0583194292115	0.179988648652	NA	NA	NA	2	1	1	NA	NA	NA	NA	NA	NA	NA	3	1	2	2	1	1	NA	NA	NA	3	1	2
12	132349401	133851894	3	2	1	2	d	3	NA	NA	NA	NA	NA	NA	NA	2	1	1	NA	NA	NA	NA	NA	NA	NA	2	1	1	2	1	1	NA	NA	NA	3	1	2
13	1	16299999	4	2	2	1	h	1	NA	NA	NA	NA	NA	NA	NA	NA	NA	NA	NA	NA	NA	NA	NA	NA	NA	NA	NA	NA	NA	NA	NA	NA	NA	NA	4	2	2
13	16300000	19499999	4	2	2	2	d	4	2	2	0.05	0.262006133003	NA	NA	NA	2	2	1	NA	NA	NA	NA	NA	NA	NA	5	2	3	2	2	1	NA	NA	NA	4	2	2
13	19500000	114142800	4	2	2	3	b	5	2	2	0.0348679706154	0.207312254205	NA	NA	NA	2	2	1	NA	NA	NA	NA	NA	NA	NA	4	2	2	2	2	1	NA	NA	NA	4	2	2
13	114142801	115169877	4	2	2	2	d	3	NA	NA	NA	NA	NA	NA	NA	2	2	1	NA	NA	NA	NA	NA	NA	NA	3	1	2	2	2	1	NA	NA	NA	4	2	2
14	1	16099999	4	2	2	1	h	1	NA	NA	NA	NA	NA	NA	NA	NA	NA	NA	NA	NA	NA	NA	NA	NA	NA	NA	NA	NA	NA	NA	NA	NA	NA	NA	4	2	2
14	16100000	19099999	4	2	2	2	f	2	2.43	2.43	0.05	0.309781693091	NA	NA	NA	NA	NA	NA	NA	NA	NA	NA	NA	NA	NA	NA	NA	NA	NA	NA	NA	NA	NA	NA	4	2	2
14	19100000	20375050	4	2	2	2	f	2	2.43	2.43	0.05	0.703722167659	NA	NA	NA	NA	NA	NA	NA	NA	NA	NA	NA	NA	NA	NA	NA	NA	4	1	0.52975	3	1	0.47025	4	2	2
14	20375051	22340028	4	2	2	3	b	5	2	2	0.0358556159678	0.243054374377	NA	NA	NA	2	2	1	NA	NA	NA	NA	NA	NA	NA	4	2	2	2	2	1	NA	NA	NA	4	2	2
14	22340029	28442611	4	2	2	3	b	5	2	2	0.0359346179478	0.211683957897	NA	NA	NA	2	2	1	NA	NA	NA	NA	NA	NA	NA	4	2	2	2	2	1	NA	NA	NA	4	2	2
14	28442612	29791131	6	4	2	3	b	5	4	2	0.0374086085776	0.278920561826	NA	NA	NA	4	2	1	NA	NA	NA	NA	NA	NA	NA	6	2	4	4	2	1	NA	NA	NA	6	2	4
14	29791132	47505482	4	2	2	3	b	5	2	2	0.031412231711	0.257507671377	NA	NA	NA	2	2	1	NA	NA	NA	NA	NA	NA	NA	4	2	2	2	2	1	NA	NA	NA	4	2	2
14	47505483	47561151	3	2	1	3	b	5	2	1	0.05	0.135807359662	NA	NA	NA	2	1	1	NA	NA	NA	NA	NA	NA	NA	3	1	2	2	1	1	NA	NA	NA	3	1	2
14	47561152	74007053	4	2	2	3	b	5	2	2	0.0323295892253	0.204575332876	NA	NA	NA	2	2	1	NA	NA	NA	NA	NA	NA	NA	4	2	2	2	2	1	NA	NA	NA	4	2	2
14	74007054	74038988	4	2	2	2	d	3	2	2	0.05	0.1	NA	NA	NA	2	2	1	NA	NA	NA	NA	NA	NA	NA	3	1	2	2	2	1	NA	NA	NA	3	1	2
14	74038989	106368400	4	2	2	3	b	5	2	2	0.0356368387971	0.262086677047	NA	NA	NA	2	2	1	NA	NA	NA	NA	NA	NA	NA	4	2	2	2	2	1	NA	NA	NA	4	2	2
15	1	15799999	4	2	2	1	h	1	NA	NA	NA	NA	NA	NA	NA	NA	NA	NA	NA	NA	NA	NA	NA	NA	NA	NA	NA	NA	NA	NA	NA	NA	NA	NA	4	2	2
15	15800000	20699999	4	2	2	2	d	3	2	2	0.05	0.322598665268	NA	NA	NA	2	2	1	NA	NA	NA	NA	NA	NA	NA	NA	NA	NA	2	2	0.0399948	2	1	0.960005	4	2	2
15	20700000	42304460	4	2	2	3	b	5	2	2	0.0352988551237	0.343714459523	NA	NA	NA	2	2	1	NA	NA	NA	NA	NA	NA	NA	4	2	2	2	2	1	NA	NA	NA	4	2	2
15	42304461	42346468	5	3	2	2	d	4	3	2	0.05	0.1	NA	NA	NA	3	2	1	NA	NA	NA	NA	NA	NA	NA	5	2	3	3	2	1	NA	NA	NA	4	2	2
15	42346469	100338800	4	2	2	3	b	5	2	2	0.0337849510266	0.209549233323	NA	NA	NA	2	2	1	NA	NA	NA	NA	NA	NA	NA	4	2	2	2	2	1	NA	NA	NA	4	2	2
15	100338801	102401300	4	2	2	2	d	4	NA	NA	NA	NA	NA	NA	NA	2	2	1	NA	NA	NA	NA	NA	NA	NA	4	2	2	2	2	1	NA	NA	NA	4	2	2
16	94080	34599999	4	2	2	2	d	4	1.91	1.91	0.0354422685915	0.270920019688	NA	NA	NA	2	2	1	NA	NA	NA	NA	NA	NA	NA	4	2	2	2	2	1	NA	NA	NA	4	2	2
16	34600000	38599999	4	2	2	2	d	3	1.91	1.91	0.05	0.255009778487	NA	NA	NA	2	2	1	NA	NA	NA	NA	NA	NA	NA	4	2	2	2	2	1	NA	NA	NA	3	1	2
16	38600000	46447499	4	2	2	1	g	NA	NA	NA	NA	NA	NA	NA	NA	NA	NA	NA	NA	NA	NA	NA	NA	NA	NA	NA	NA	NA	2	2	1	NA	NA	NA	3	1	2
16	46447500	67325980	2	2	0	3	b	5	2	0	0.0513993263622	0.128257027626	NA	NA	NA	2	0	1	NA	NA	NA	NA	NA	NA	NA	2	0	2	2	0	1	NA	NA	NA	2	0	2
16	67325981	67337741	2	2	0	1	g	NA	2	0	0.05	0.1	NA	NA	NA	8	0	1	NA	NA	NA	NA	NA	NA	NA	NA	NA	NA	2	0	1	NA	NA	NA	4	0	4
16	67337742	74349042	2	2	0	3	b	5	2	0	0.0522216508278	0.128953122761	NA	NA	NA	2	0	1	NA	NA	NA	NA	NA	NA	NA	2	0	2	2	0	1	NA	NA	NA	2	0	2
16	74349043	74468029	2	2	0	2	d	3	2	0	0.05	0.245730348619	NA	NA	NA	2	0	1	NA	NA	NA	NA	NA	NA	NA	1	0	1	1	0	1	NA	NA	NA	2	0	2
16	74468030	88827200	2	2	0	3	b	5	2	0	0.0523669472186	0.141285654561	NA	NA	NA	2	0	1	NA	NA	NA	NA	NA	NA	NA	2	0	2	2	0	1	NA	NA	NA	2	0	2
16	88827201	90354752	2	2	0	2	d	3	NA	NA	NA	NA	NA	NA	NA	2	0	1	NA	NA	NA	NA	NA	NA	NA	1	0	1	2	0	1	NA	NA	NA	2	0	2
17	12500	22199999	3	2	1	2	d	2	2	1.57	0.0470533719376	0.234630202804	NA	NA	NA	2	1	0.513901283427532	2	2	0.486098716572468	0.00489609570393917	0.00499472723424261	0.486312799762272	0.506101804438508	3	1	2	2	2	0.461035	2	1	0.538965	3	1	2
17	22200000	25799999	3	2	1	2	d	2	2	1.57	0.0495011575781	0.27249732727	NA	NA	NA	NA	NA	NA	NA	NA	NA	NA	NA	NA	NA	3	1	2	2	2	0.478577	2	1	0.521423	3	1	2
17	25800000	28026095	3	2	1	2	d	2	2	1.57	0.0452212208343	0.185118961266	NA	NA	NA	2	1	0.535389051049851	2	2	0.464610948950149	0.0148346828447166	0.0145619784536367	0.506800982174989	0.563542162137875	3	1	2	2	2	0.454981	2	1	0.545019	3	1	2
17	28026096	28320447	2	2	0	3	b	5	2	0	0.0623969672285	0.118430894525	NA	NA	NA	2	0	1	NA	NA	NA	NA	NA	NA	NA	2	0	2	2	0	1	NA	NA	NA	2	0	2
17	28320448	39191481	3	2	1	2	d	2	1.91	1.48	0.0470571362836	0.192496146748	NA	NA	NA	2	1	0.501243616348039	2	2	0.498756383651961	0.0065529870513838	0.00652087177541264	0.491516862151092	0.517683729841656	3	1	2	2	2	0.504165	2	1	0.495835	3	1	2
17	39191482	39197848	3	2	1	2	d	3	1.91	1.48	0.05	0.1	NA	NA	NA	2	1	1	NA	NA	NA	NA	NA	NA	NA	3	1	2	2	2	0.504165	2	1	0.495835	3	1	2
17	39197849	58618737	3	2	1	2	d	2	1.91	1.48	0.0457983996201	0.228026943879	NA	NA	NA	2	1	0.501243616348039	2	2	0.498756383651961	0.00584762112980031	0.00592198783490498	0.478897730726541	0.501577332056516	3	1	2	2	2	0.504165	2	1	0.495835	3	1	2
17	58618738	58721440	4	2	2	2	d	2	1.91	1.48	0.05	0.193066027322	NA	NA	NA	3	2	1	NA	NA	NA	NA	NA	NA	NA	4	2	2	2	2	0.49656	2	1	0.50344	4	2	2
17	58721441	80314239	3	2	1	2	d	2	1.91	1.48	0.0479020804694	0.189297079179	NA	NA	NA	2	1	0.501243616348039	2	2	0.498756383651961	0.0049369470223308	0.00519451112959686	0.478638371282171	0.498914194050157	3	1	2	2	2	0.49656	2	1	0.50344	3	1	2
17	80314240	80316285	3	2	1	2	f	2	NA	NA	NA	NA	NA	NA	NA	NA	NA	NA	NA	NA	NA	NA	NA	NA	NA	2	0	2	2	2	0.408471	2	1	0.591529	3	1	2
18	49405	137500	2	2	0	2	d	4	NA	NA	NA	NA	NA	NA	NA	2	0	1	NA	NA	NA	NA	NA	NA	NA	2	0	2	2	0	1	NA	NA	NA	2	0	2
18	137501	15399999	2	2	0	3	b	5	2	0	0.0505853275769	0.132070084284	NA	NA	NA	2	0	1	NA	NA	NA	NA	NA	NA	NA	2	0	2	2	0	1	NA	NA	NA	2	0	2
18	15400000	18999999	NA	NA	NA	NA	NA	NA	2	2	0.0254901405546	0.282140990603	NA	NA	NA	2	2	1	NA	NA	NA	NA	NA	NA	NA	4	2	2	2	2	1	NA	NA	NA	3	1	2
18	19000000	76132269	4	2	2	3	b	5	2	2	0.0341815012965	0.215357880388	NA	NA	NA	2	2	1	NA	NA	NA	NA	NA	NA	NA	4	2	2	2	2	1	NA	NA	NA	4	2	2
18	76132270	78077247	4	2	2	2	d	3	NA	NA	NA	NA	NA	NA	NA	2	2	1	NA	NA	NA	NA	NA	NA	NA	3	1	2	2	2	1	NA	NA	NA	4	2	2
19	102500	286430	4	2	2	2	f	2	1.84	1.84	0.05	0.1	NA	NA	NA	NA	NA	NA	NA	NA	NA	NA	NA	NA	NA	NA	NA	NA	2	2	1	NA	NA	NA	3	1	2
19	286431	24399999	4	2	2	2	e	3	1.84	1.84	0.0375199063672	0.219992074177	NA	NA	NA	2	2	1	NA	NA	NA	NA	NA	NA	NA	3	1	2	2	2	1	NA	NA	NA	3	1	2
19	24400000	28599999	4	2	2	2	d	2	1.84	1.84	0.0345575902434	0.396653301482	NA	NA	NA	NA	NA	NA	NA	NA	NA	NA	NA	NA	NA	4	2	2	2	2	1	NA	NA	NA	3	1	2
19	28600000	42389967	4	2	2	2	d	4	1.84	1.84	0.0356778679601	0.351056551661	NA	NA	NA	2	2	1	NA	NA	NA	NA	NA	NA	NA	4	2	2	2	2	1	NA	NA	NA	4	2	2
19	42389968	46812335	4	2	2	2	d	4	1.84	1.84	0.0336429975071	0.379592314366	NA	NA	NA	2	2	1	NA	NA	NA	NA	NA	NA	NA	4	2	2	2	2	1	NA	NA	NA	4	2	2
19	46812336	47842105	4	2	2	2	e	3	1.84	1.84	0.0281763104526	0.137818998171	NA	NA	NA	2	2	1	NA	NA	NA	NA	NA	NA	NA	3	1	2	2	2	1	NA	NA	NA	3	1	2
19	47842106	48215834	6	4	2	2	d	3	4	2	0.0306352687412	0.299928217216	NA	NA	NA	4	2	1	NA	NA	NA	NA	NA	NA	NA	5	2	3	4	2	1	NA	NA	NA	5	2	3
19	48215835	59128982	4	2	2	2	e	3	1.84	1.84	0.0375947800235	0.514889087494	NA	NA	NA	2	2	1	NA	NA	NA	NA	NA	NA	NA	3	1	2	2	2	1	NA	NA	NA	3	1	2
20	105304	2208702	3	2	1	2	d	2	1.84	0.91	0.0640913382099	0.168880930664	NA	NA	NA	NA	NA	NA	NA	NA	NA	NA	NA	NA	NA	3	1	2	2	1	1	NA	NA	NA	NA	NA	NA
20	2208703	2257189	4	2	2	2	d	3	2	2	0.05	0.1	NA	NA	NA	NA	NA	NA	NA	NA	NA	NA	NA	NA	NA	4	2	2	2	2	1	NA	NA	NA	NA	NA	NA
20	2257190	19356005	3	2	1	2	d	3	2	0.91	0.0594579536666	0.149919864226	NA	NA	NA	NA	NA	NA	NA	NA	NA	NA	NA	NA	NA	3	1	2	2	1	1	NA	NA	NA	3	1	2
20	19356006	25599999	3	2	1	2	d	2	2	1.48	0.0472761566899	0.169966169602	NA	NA	NA	2	1	0.4054577958152	2	2	0.5945422041848	0.00941261467144605	0.00919870126863524	0.388021073966921	0.424330431217892	3	1	2	2	2	1	NA	NA	NA	3	1	2
20	25600000	29459439	NA	NA	NA	NA	NA	NA	2	1.48	0.0624486790414	0.233216106931	NA	NA	NA	NA	NA	NA	NA	NA	NA	NA	NA	NA	NA	3	1	2	2	2	0.565703	2	1	0.434297	3	1	2
20	29459440	29871547	5	3	2	1	h	1	2	1	0.05	0.370454012506	NA	NA	NA	3	2	1	NA	NA	NA	NA	NA	NA	NA	4	2	2	2	2	0.565703	2	1	0.434297	3	1	2
20	29871548	46083669	6	4	2	2	d	3	4	2	0.0437938229993	0.285862061685	NA	NA	NA	4	2	0.442729327705849	5	2	0.557270672294151	0.0168070315129445	0.0163582997950161	0.4946240834273	0.561732583252915	6	2	4	5	2	1	NA	NA	NA	6	2	4
20	46083670	47069383	6	4	2	2	d	3	3.52	2	0.0431930107388	0.243911871338	NA	NA	NA	4	2	1	NA	NA	NA	NA	NA	NA	NA	5	2	3	4	2	1	NA	NA	NA	6	2	4
20	47069384	47075231	6	4	2	2	d	2	3.52	2	0.05	0.1	NA	NA	NA	4	2	1	NA	NA	NA	NA	NA	NA	NA	NA	NA	NA	4	2	1	NA	NA	NA	4	0	0
20	47075232	51159129	5	3	2	2	e	3	3.52	2	0.0475159431383	0.299326457349	NA	NA	NA	4	2	1	NA	NA	NA	NA	NA	NA	NA	5	2	3	4	2	1	NA	NA	NA	5	2	3
20	51159130	51161988	7	5	2	2	f	2	NA	NA	NA	NA	NA	NA	NA	5	2	0.437555348873416	5	3	0.562444651126584	0.218001839272221	0.200902340667591	0.0924373695518642	0.890393246963264	6	2	4	6	2	1	NA	NA	NA	7	2	5
20	51161989	51189556	7	5	2	2	d	4	4	2	0.05	0.1	NA	NA	NA	5	2	1	NA	NA	NA	NA	NA	NA	NA	7	2	5	5	2	1	NA	NA	NA	7	2	5
20	51189557	51272053	5	3	2	2	d	4	2.52	2	0.0345669094142	0.204377472452	NA	NA	NA	3	2	1	NA	NA	NA	NA	NA	NA	NA	5	2	3	3	2	1	NA	NA	NA	5	2	3
20	51272054	51308980	5	3	2	1	g	NA	2.52	2	0.05	0.1	NA	NA	NA	4	2	1	NA	NA	NA	NA	NA	NA	NA	5	2	3	3	2	1	NA	NA	NA	6	2	4
20	51308981	52708726	5	3	2	2	d	4	2.52	2	0.0477375647353	0.245480204587	NA	NA	NA	3	2	1	NA	NA	NA	NA	NA	NA	NA	5	2	3	3	2	1	NA	NA	NA	5	2	3
20	52708727	53503522	6	4	2	2	d	4	3.36	2	0.0500331212656	0.240855458084	NA	NA	NA	4	2	1	NA	NA	NA	NA	NA	NA	NA	6	2	4	4	2	1	NA	NA	NA	6	2	4
20	53503523	53514427	6	4	2	2	d	3	3.36	2	0.05	0.1	NA	NA	NA	4	2	1	NA	NA	NA	NA	NA	NA	NA	7	2	5	4	2	1	NA	NA	NA	6	2	4
20	53514428	53745903	6	4	2	2	d	4	3.36	2	0.0506970460956	0.251648470904	NA	NA	NA	4	2	1	NA	NA	NA	NA	NA	NA	NA	6	2	4	4	2	1	NA	NA	NA	6	2	4
20	53745904	57109017	6	4	2	2	d	4	3.52	2	0.0445009945554	0.312350661515	NA	NA	NA	4	2	1	NA	NA	NA	NA	NA	NA	NA	6	2	4	4	2	1	NA	NA	NA	6	2	4
20	57109018	57308191	6	4	2	2	f	2	4.52	2	0.0340995324726	0.400221561591	NA	NA	NA	5	2	1	NA	NA	NA	NA	NA	NA	NA	6	2	4	5	2	1	NA	NA	NA	6	1	5
20	57308192	62435800	5	3	2	2	e	3	3.72	2	0.0472840049519	0.303849238355	NA	NA	NA	4	2	1	NA	NA	NA	NA	NA	NA	NA	5	2	3	4	2	1	NA	NA	NA	5	2	3
21	1	9417499	NA	NA	NA	NA	NA	NA	2	2	0.05	0.1	NA	NA	NA	NA	NA	NA	NA	NA	NA	NA	NA	NA	NA	NA	NA	NA	3	1	1	NA	NA	NA	NA	NA	NA
21	9417500	10899999	NA	NA	NA	NA	NA	NA	2	2	0.05	0.525073548394	NA	NA	NA	NA	NA	NA	NA	NA	NA	NA	NA	NA	NA	NA	NA	NA	3	1	1	NA	NA	NA	NA	NA	NA
21	10900000	14299999	4	3	1	1	g	NA	2	2	0.05	0.242893268758	NA	NA	NA	NA	NA	NA	NA	NA	NA	NA	NA	NA	NA	NA	NA	NA	3	1	1	NA	NA	NA	NA	NA	NA
21	14300000	46944200	4	2	2	2	d	4	2	2	0.0351739412186	0.206525930291	NA	NA	NA	2	2	1	NA	NA	NA	NA	NA	NA	NA	4	2	2	2	2	1	NA	NA	NA	NA	NA	NA
21	46944201	48129894	4	2	2	2	d	2	NA	NA	NA	NA	NA	NA	NA	2	2	1	NA	NA	NA	NA	NA	NA	NA	3	1	2	2	2	1	NA	NA	NA	NA	NA	NA
22	1	12199999	4	2	2	1	h	1	NA	NA	NA	NA	NA	NA	NA	NA	NA	NA	NA	NA	NA	NA	NA	NA	NA	NA	NA	NA	NA	NA	NA	NA	NA	NA	4	2	2
22	12200000	17899999	4	2	2	3	b	5	2	2	0.0298983494115	0.313021356965	NA	NA	NA	2	2	1	NA	NA	NA	NA	NA	NA	NA	4	2	2	2	2	1	NA	NA	NA	4	2	2
22	17900000	23349801	4	2	2	2	d	4	2	2	0.0397268066187	0.258525658267	NA	NA	NA	2	2	1	NA	NA	NA	NA	NA	NA	NA	3	1	2	2	2	1	NA	NA	NA	4	2	2
22	23349802	32509378	4	2	2	3	b	5	2	2	0.035173903991	0.21126191213	NA	NA	NA	2	2	1	NA	NA	NA	NA	NA	NA	NA	4	2	2	2	2	1	NA	NA	NA	4	2	2
22	32509379	32510053	4	2	2	2	d	2	2	2	0.05	0.1	NA	NA	NA	2	0	0.242398707187438	2	1	0.757601292812562	NA	0	0.242398707187438	0.242398707187438	NA	NA	NA	2	2	1	NA	NA	NA	3	1	2
22	32510054	43947102	4	2	2	3	b	5	2	2	0.0378447414665	0.221506699144	NA	NA	NA	2	2	1	NA	NA	NA	NA	NA	NA	NA	4	2	2	2	2	1	NA	NA	NA	4	2	2
22	43947103	49691400	4	2	2	2	d	3	2	2	0.0405173718633	0.233274125398	NA	NA	NA	2	2	1	NA	NA	NA	NA	NA	NA	NA	3	1	2	2	2	1	NA	NA	NA	3	1	2
22	49691401	51304565	4	2	2	1	g	NA	NA	NA	NA	NA	NA	NA	NA	2	2	1	NA	NA	NA	NA	NA	NA	NA	3	1	2	2	2	1	NA	NA	NA	3	1	2
X	1	58099999	2	2	0	2	d	3	1	1	0.0492622707014	0.310618188249	NA	NA	NA	2	0	1	NA	NA	NA	NA	NA	NA	NA	2	0	2	NA	NA	NA	NA	NA	NA	2	0	2
X	58100000	62999999	2	2	0	2	d	2	1	1	0.05798671555	0.598665528022	NA	NA	NA	NA	NA	NA	NA	NA	NA	NA	NA	NA	NA	2	0	2	NA	NA	NA	NA	NA	NA	2	0	2
X	63000000	110415605	2	2	0	2	d	3	1	1	0.0501424578748	0.261968168766	NA	NA	NA	2	0	1	NA	NA	NA	NA	NA	NA	NA	2	0	2	NA	NA	NA	NA	NA	NA	2	0	2
X	110415606	110546814	0	0	0	1	h	1	1	1	0.05	0.1	NA	NA	NA	0	0	1	NA	NA	NA	NA	NA	NA	NA	1	0	1	NA	NA	NA	NA	NA	NA	0	0	0
X	110546815	119143191	2	2	0	2	d	3	1	1	0.0497582785259	0.246469303678	NA	NA	NA	2	0	1	NA	NA	NA	NA	NA	NA	NA	2	0	2	NA	NA	NA	NA	NA	NA	2	0	2
X	119143192	119158557	1	1	0	2	d	2	1	1	0.05	0.1	NA	NA	NA	0	0	0.350236973434987	1	0	0.649763026565013	0.142321333504738	0.112007472551633	0.226301867206427	0.650518082601165	1	0	1	NA	NA	NA	NA	NA	NA	1	0	1
X	119158558	119160341	2	2	0	1	h	1	1	1	0.05	0.1	NA	NA	NA	2	0	1	NA	NA	NA	NA	NA	NA	NA	1	0	1	NA	NA	NA	NA	NA	NA	2	0	2
X	119160342	140216594	2	2	0	2	d	3	1	1	0.0498033782769	0.230740232754	NA	NA	NA	2	0	1	NA	NA	NA	NA	NA	NA	NA	2	0	2	NA	NA	NA	NA	NA	NA	2	0	2
X	140216595	140498724	0	0	0	2	e	2	1	1	0.0691145692419	0.0627283084728	NA	NA	NA	0	0	0.934613428660584	1	0	0.0653865713394159	0.0346616165102546	0.0365140637116791	0.831002540431891	0.974503870579268	NA	NA	NA	NA	NA	NA	NA	NA	NA	0	0	0
X	140498725	141595956	2	2	0	3	b	4	2	0	0.0494017888865	0.139361849179	NA	NA	NA	2	0	1	NA	NA	NA	NA	NA	NA	NA	2	0	2	NA	NA	NA	NA	NA	NA	2	0	2
X	141595957	141596982	1	1	0	1	h	1	1	1	0.05	0.1	NA	NA	NA	NA	NA	NA	NA	NA	NA	NA	NA	NA	NA	1	0	1	NA	NA	NA	NA	NA	NA	2	0	2
X	141596983	141638720	1	1	0	1	h	1	1	1	0.05	0.1	NA	NA	NA	1	0	0.922817824226275	1	1	0.0771821757737253	NA	0	0.922817824226275	0.922817824226275	1	0	1	NA	NA	NA	NA	NA	NA	2	0	2
X	141638721	141662146	1	1	0	2	d	3	1	1	0.05	0.1	NA	NA	NA	1	0	1	NA	NA	NA	NA	NA	NA	NA	1	0	1	NA	NA	NA	NA	NA	NA	1	0	1
X	141662147	141720849	2	2	0	1	h	1	1	1	0.05	0.1	NA	NA	NA	2	0	1	NA	NA	NA	NA	NA	NA	NA	1	0	1	NA	NA	NA	NA	NA	NA	2	0	2
X	141720850	141911492	1	1	0	2	d	2	1	1	0.05	0.1	NA	NA	NA	0	0	0.101810357092044	1	0	0.898189642907956	0.435567937539105	0.133144068222233	0.539062812991059	1.05431502118192	1	0	1	NA	NA	NA	NA	NA	NA	1	0	1
X	141911493	141916254	3	3	0	1	h	1	1	1	0.05	0.1	NA	NA	NA	3	0	1	NA	NA	NA	NA	NA	NA	NA	NA	NA	NA	NA	NA	NA	NA	NA	NA	2	0	2
X	141916255	141948851	1	1	0	2	d	2	1	1	0.100618463863	0.1	NA	NA	NA	1	0	0.90103855455968	2	0	0.0989614454403203	0.377382287038718	0.166614492610775	1.19063738552578	1.84566730243279	1	0	1	NA	NA	NA	NA	NA	NA	1	0	1
X	141948852	141952861	2	2	0	1	h	1	1	1	0.05	0.1	NA	NA	NA	2	0	1	NA	NA	NA	NA	NA	NA	NA	NA	NA	NA	NA	NA	NA	NA	NA	NA	1	0	1
X	141952862	154913600	2	2	0	2	d	3	1	1	0.0524215685897	0.240391170022	NA	NA	NA	2	0	1	NA	NA	NA	NA	NA	NA	NA	2	0	2	NA	NA	NA	NA	NA	NA	2	0	2
