chromosome	start	end	total_cn	major_cn	minor_cn	star	level	methods_agree	absolute_broad_major_cn	absolute_broad_minor_cn	absolute_broad_het_error	absolute_broad_cov_error	aceseq_copy_number	aceseq_minor_cn	aceseq_major_cn	battenberg_nMaj1_A	battenberg_nMin1_A	battenberg_frac1_A	battenberg_nMaj2_A	battenberg_nMin2_A	battenberg_frac2_A	battenberg_SDfrac_A	battenberg_SDfrac_A_BS	battenberg_frac1_A_0.025	battenberg_frac1_A_0.975	clonehd_copy_number	clonehd_minor_cn	clonehd_major_cn	sclust_nMaj1_A	sclust_nMin1_A	sclust_frac1_A	sclust_nMaj2_A	sclust_nMin2_A	sclust_frac2_A	jabba_copy_number	jabba_minor_cn	jabba_major_cn
1	1	14480825	3	2	1	3	b	5	2	1	0.0487607058869	0.132528118814	3	1	2	2	1	1	NA	NA	NA	NA	NA	NA	NA	NA	NA	NA	2	1	1	NA	NA	NA	3	1	2
1	14480826	14480840	3	2	1	2	d	3	NA	NA	NA	NA	3	1	2	NA	NA	NA	NA	NA	NA	NA	NA	NA	NA	NA	NA	NA	2	1	1	NA	NA	NA	3	1	2
1	14480841	14748203	2	2	0	3	b	5	2	0	0.0627998775008	0.0869239379273	2	0	2	2	0	1	NA	NA	NA	NA	NA	NA	NA	NA	NA	NA	2	0	1	NA	NA	NA	2	0	2
1	14748204	16170232	3	2	1	2	d	4	2	1	0.0418286810073	0.100542703136	2.876213	1.01496402	1.86124941	2	1	1	NA	NA	NA	NA	NA	NA	NA	NA	NA	NA	2	1	1	NA	NA	NA	3	1	2
1	16170233	16218136	3	2	1	2	d	2	NA	NA	NA	NA	2.876213	1.01496402	1.86124941	1	1	1	NA	NA	NA	NA	NA	NA	NA	NA	NA	NA	2	1	1	NA	NA	NA	3	1	2
1	16218137	77825982	3	2	1	3	b	5	2	1	0.0496971380024	0.11742766508	3	1	2	2	1	1	NA	NA	NA	NA	NA	NA	NA	NA	NA	NA	2	1	1	NA	NA	NA	3	1	2
1	77825983	77826156	3	2	1	3	b	5	2	1	0.05	0.1	3	1	2	2	1	1	NA	NA	NA	NA	NA	NA	NA	NA	NA	NA	2	1	1	NA	NA	NA	3	1	2
1	77826157	121499999	3	2	1	2	d	4	2	1	0.0478582608445	0.114372750957	3.17495	1.11889539	2.05605435	2	1	1	NA	NA	NA	NA	NA	NA	NA	NA	NA	NA	2	1	1	NA	NA	NA	3	1	2
1	121500000	128899999	3	2	1	2	d	3	NA	NA	NA	NA	3.17495	1.11889539	2.05605435	2	1	1	NA	NA	NA	NA	NA	NA	NA	NA	NA	NA	2	1	1	NA	NA	NA	3	1	2
1	128900000	143192839	3	2	1	2	d	3	3	0	0.05	0.464570811228	NA	NA	NA	2	1	1	NA	NA	NA	NA	NA	NA	NA	NA	NA	NA	2	1	1	NA	NA	NA	3	1	2
1	143192840	146376195	3	2	1	2	d	3	1.81	1	0.0605388772381	0.194875020636	3.404079	1.2670624	2.13701673	2	1	1	NA	NA	NA	NA	NA	NA	NA	NA	NA	NA	2	1	1	NA	NA	NA	3	1	2
1	146376196	216856570	3	2	1	2	d	3	1.81	1	0.0481980380354	0.108205200568	3.212616	1.13629617	2.07632003	2	1	1	NA	NA	NA	NA	NA	NA	NA	NA	NA	NA	2	1	1	NA	NA	NA	3	1	2
1	216856571	216861011	3	2	1	2	d	4	2	1	0.05	0.1	3.212616	1.13629617	2.07632003	2	1	1	NA	NA	NA	NA	NA	NA	NA	NA	NA	NA	2	1	1	NA	NA	NA	3	1	2
1	216861012	247249600	3	2	1	3	b	5	2	1	0.0486211719689	0.105438999861	3	1	2	2	1	1	NA	NA	NA	NA	NA	NA	NA	NA	NA	NA	2	1	1	NA	NA	NA	3	1	2
1	247249601	249250620	3	2	1	2	d	3	NA	NA	NA	NA	3.255962	1.16451498	2.0914471	2	1	1	NA	NA	NA	NA	NA	NA	NA	NA	NA	NA	2	1	1	NA	NA	NA	3	1	2
2	20016	5457515	4	2	2	2	d	2	2	2	0.0320328451858	0.120727881724	3.598029	1.79901461	1.79901461	2	2	1	NA	NA	NA	NA	NA	NA	NA	NA	NA	NA	2	2	0.723065	2	1	0.276935	3	1	2
2	5457516	12619564	2	2	0	2	d	4	2	0	0.0581071899182	0.0866867005711	2.112351	0.133493	1.97885788	2	0	1	NA	NA	NA	NA	NA	NA	NA	NA	NA	NA	2	0	1	NA	NA	NA	2	0	2
2	12619565	21357179	4	2	2	2	d	4	2	2	0.0318909350427	0.116472283832	3.842107	1.92105334	1.92105334	2	2	1	NA	NA	NA	NA	NA	NA	NA	NA	NA	NA	2	2	1	NA	NA	NA	4	2	2
2	21357180	21367467	5	3	2	2	e	2	2	2	0.05	0.1	3.842107	1.92105334	1.92105334	3	2	1	NA	NA	NA	NA	NA	NA	NA	NA	NA	NA	2	2	1	NA	NA	NA	5	2	3
2	21367468	88310074	4	2	2	3	b	5	2	2	0.0330477642292	0.119920485515	4	2	2	2	2	1	NA	NA	NA	NA	NA	NA	NA	NA	NA	NA	2	2	1	NA	NA	NA	4	2	2
2	88310075	90499999	4	2	2	3	b	5	2	2	0.030538734162	0.252343375429	4	2	2	2	2	1	NA	NA	NA	NA	NA	NA	NA	NA	NA	NA	2	2	1	NA	NA	NA	4	2	2
2	90500000	96799999	4	2	2	2	d	3	2	2	0.05	0.150418256172	4	2	2	NA	NA	NA	NA	NA	NA	NA	NA	NA	NA	NA	NA	NA	2	2	0.0410705	2	1	0.95893	4	2	2
2	96800000	116036581	4	2	2	2	d	4	2	2	0.032904857667	0.123496809685	4.144474	2.07223724	2.07223724	2	2	1	NA	NA	NA	NA	NA	NA	NA	NA	NA	NA	2	2	1	NA	NA	NA	4	2	2
2	116036582	116042177	4	2	2	2	d	3	2	2	0.05	0.1	4.144474	2.07223724	2.07223724	2	1	0.489427866224579	2	2	0.510572133775421	NA	0	0.489427866224579	0.489427866224579	NA	NA	NA	2	2	1	NA	NA	NA	4	2	2
2	116042178	116902688	4	2	2	2	d	4	2	2	0.026772312326	0.112394315647	4	2	2	2	2	1	NA	NA	NA	NA	NA	NA	NA	NA	NA	NA	2	2	1	NA	NA	NA	3	1	2
2	116902689	117196807	5	3	2	2	d	3	3	2	0.0384642982927	0.159465699287	5.103848	2.04744508	3.05640271	3	2	1	NA	NA	NA	NA	NA	NA	NA	NA	NA	NA	3	2	1	NA	NA	NA	4	1	3
2	117196808	122970235	4	2	2	2	d	4	2	2	0.0341171146471	0.1158403122	3.758441	1.87922047	1.87922047	2	2	1	NA	NA	NA	NA	NA	NA	NA	NA	NA	NA	2	2	1	NA	NA	NA	4	2	2
2	122970236	149137174	4	2	2	3	b	5	2	2	0.0362207064329	0.120823207052	4	2	2	2	2	1	NA	NA	NA	NA	NA	NA	NA	NA	NA	NA	2	2	1	NA	NA	NA	4	2	2
2	149137175	149141883	4	2	2	3	b	5	2	2	0.05	0.1	4	2	2	2	2	1	NA	NA	NA	NA	NA	NA	NA	NA	NA	NA	2	2	1	NA	NA	NA	4	2	2
2	149141884	205853659	4	2	2	2	d	4	2	2	0.0322205266509	0.125451604648	4.118815	2.05940732	2.05940732	2	2	1	NA	NA	NA	NA	NA	NA	NA	NA	NA	NA	2	2	1	NA	NA	NA	4	2	2
2	205853660	205931054	2	2	0	2	d	3	2	0	0.05	0.0712309529864	2.443508	0.29882131	2.14468716	2	0	0.864148531495417	2	1	0.135851468504583	0.0914111735012297	0.0887323445096234	0.623284764329727	0.974921472396244	NA	NA	NA	2	0	1	NA	NA	NA	2	0	2
2	205931055	234730869	4	2	2	2	d	4	1.81	1.81	0.0314743052838	0.113639453723	4	2	2	2	2	1	NA	NA	NA	NA	NA	NA	NA	NA	NA	NA	2	2	1	NA	NA	NA	4	2	2
2	234730870	234730954	4	2	2	2	d	4	1.81	1.81	0.05	0.1	4	2	2	2	2	1	NA	NA	NA	NA	NA	NA	NA	NA	NA	NA	2	2	1	NA	NA	NA	4	2	2
2	234730955	242985695	4	2	2	2	d	3	1.81	1.81	0.0325269913804	0.111490923625	3.726814	1.8634068	1.8634068	2	2	1	NA	NA	NA	NA	NA	NA	NA	NA	NA	NA	2	2	1	NA	NA	NA	4	2	2
3	62226	15700756	2	1	1	2	d	4	1	1	0.0392318597565	0.103482516244	2.163014	1.08150675	1.08150675	1	1	1	NA	NA	NA	NA	NA	NA	NA	NA	NA	NA	1	1	1	NA	NA	NA	2	1	1
3	15700757	16088609	1	1	0	2	d	3	1	1	0.05	0.0803794769276	2.163014	1.08150675	1.08150675	1	0	1	NA	NA	NA	NA	NA	NA	NA	NA	NA	NA	1	0	1	NA	NA	NA	1	0	1
3	16088610	60178851	2	1	1	2	d	4	1	1	0.0390763536974	0.0962379676776	2.203391	1.10169571	1.10169571	1	1	1	NA	NA	NA	NA	NA	NA	NA	NA	NA	NA	1	1	1	NA	NA	NA	2	1	1
3	60178852	60190604	2	2	0	1	g	NA	2	0	0.05	0.1	2.203391	1.10169571	1.10169571	1	0	0.492004231223944	2	0	0.507995768776056	0.275855921426187	0.233888250905498	0.330633164118891	1.24869017987395	NA	NA	NA	0	0	1	NA	NA	NA	1	0	1
3	60190605	60223655	1	1	0	2	d	3	1	0	0.05	0.1	NA	NA	NA	1	0	1	NA	NA	NA	NA	NA	NA	NA	NA	NA	NA	0	0	1	NA	NA	NA	1	0	1
3	60223656	60254899	0	0	0	2	d	3	0	0	0.05	0.1	0.297775	0	0.29777497	0	0	0.666653566902131	1	0	0.333346433097869	0.146266812590767	0.146697940607007	0.377287295082994	0.946506020100285	NA	NA	NA	0	0	1	NA	NA	NA	0	0	0
3	60254900	60272212	1	1	0	2	d	2	1	0	0.05	0.1	0.75485	0	0.75484999	1	0	0.56054949344103	2	0	0.43945050655897	0.172096027194214	0.181258686716381	0.0675185448340988	0.757040733846874	NA	NA	NA	0	0	1	NA	NA	NA	1	0	1
3	60272213	60276891	1	1	0	2	d	3	1	0	0.05	0.1	0.75485	0	0.75484999	1	0	1	NA	NA	NA	NA	NA	NA	NA	NA	NA	NA	0	0	1	NA	NA	NA	1	0	1
3	60276892	60280089	0	0	0	2	d	2	1	0	0.05	0.1	NA	NA	NA	0	0	0.731373699990722	1	0	0.268626300009278	0.115759036828675	0.110105463200745	0.440878812345887	0.877588010816358	NA	NA	NA	0	0	1	NA	NA	NA	0	0	0
3	60280090	60351856	0	0	0	2	d	4	0	0	0.05	0.0822034872692	0	0	0	0	0	0.555538089202843	1	0	0.444461910797157	0.126914579057355	0.128456009404168	0.210020233473372	0.712990883589035	NA	NA	NA	0	0	1	NA	NA	NA	0	0	0
3	60351857	60496316	0	0	0	2	d	4	0	0	0.0455638574427	0.0956450003716	0	0	0	0	0	0.802175415532572	1	0	0.197824584467428	0.0481581211158936	0.0491338441204767	0.704048656484601	0.887909121161195	NA	NA	NA	0	0	1	NA	NA	NA	0	0	0
3	60496317	60581107	0	0	0	2	d	3	0	0	0.0497349886362	0.0709460466168	NA	NA	NA	0	0	0.802175415532572	1	0	0.197824584467428	0.0481581211158936	0.0491338441204767	0.704048656484601	0.887909121161195	NA	NA	NA	0	0	1	NA	NA	NA	0	0	0
3	60581108	60622130	1	1	0	2	d	3	1	0	0.0608699582979	0.1	1	0	1	1	0	0.451791010723243	2	0	0.548208989276757	0.184951672753573	0.177189110758369	0.266148325548267	0.991153189668543	NA	NA	NA	0	0	1	NA	NA	NA	1	0	1
3	60622131	60622625	1	1	0	1	h	1	1	1	0.05	0.1	1	0	1	0	0	0.71210989868821	1	0	0.28789010131179	NA	0	0.71210989868821	0.71210989868821	NA	NA	NA	0	0	1	NA	NA	NA	2	1	1
3	60622626	60622678	2	1	1	2	d	2	1	1	0.05	0.1	NA	NA	NA	NA	NA	NA	NA	NA	NA	NA	NA	NA	NA	NA	NA	NA	0	0	1	NA	NA	NA	2	1	1
3	60622679	60644612	2	1	1	2	d	3	1	1	0.05	0.1	NA	NA	NA	1	1	1	NA	NA	NA	NA	NA	NA	NA	NA	NA	NA	0	0	1	NA	NA	NA	2	1	1
3	60644613	60679330	2	2	0	1	g	NA	1	0	0.05	0.1	NA	NA	NA	2	0	1	NA	NA	NA	NA	NA	NA	NA	NA	NA	NA	0	0	1	NA	NA	NA	1	0	1
3	60679331	60685997	1	1	0	2	d	2	1	0	0.05	0.1	NA	NA	NA	2	0	0.587206769958306	3	0	0.412793230041694	NA	0	0.587206769958306	0.587206769958306	NA	NA	NA	1	0	0.273661	1	1	0.726339	1	0	1
3	60685998	60722757	2	1	1	2	d	3	1	1	0.05	0.1	NA	NA	NA	1	1	1	NA	NA	NA	NA	NA	NA	NA	NA	NA	NA	1	0	0.273661	1	1	0.726339	2	1	1
3	60722758	60767297	2	2	0	1	g	NA	0	0	0.05	0.1	NA	NA	NA	2	0	1	NA	NA	NA	NA	NA	NA	NA	NA	NA	NA	1	1	1	NA	NA	NA	1	0	1
3	60767298	87899999	2	1	1	2	d	4	1	1	0.0385085745369	0.090673762183	2.204327	1.10216326	1.10216326	1	1	1	NA	NA	NA	NA	NA	NA	NA	NA	NA	NA	1	1	1	NA	NA	NA	2	1	1
3	87900000	93899999	NA	NA	NA	NA	NA	NA	1	1	0.0328595315148	0.170232265328	2.333048	1.16652392	1.16652392	NA	NA	NA	NA	NA	NA	NA	NA	NA	NA	NA	NA	NA	1	1	1	NA	NA	NA	3	1	2
3	93900000	122146615	3	2	1	2	d	4	2	1	0.0479855673412	0.107907802934	3.181945	1.12091453	2.06103095	2	1	1	NA	NA	NA	NA	NA	NA	NA	NA	NA	NA	2	1	1	NA	NA	NA	3	1	2
3	122146616	122197465	2	1	1	2	d	2	1	1	0.05	0.1	3.181945	1.12091453	2.06103095	1	1	1	NA	NA	NA	NA	NA	NA	NA	NA	NA	NA	2	1	0.366202	1	1	0.633798	3	1	2
3	122197466	134464578	3	2	1	3	b	5	2	1	0.0485649846822	0.108575269948	3	1	2	2	1	1	NA	NA	NA	NA	NA	NA	NA	NA	NA	NA	2	1	1	NA	NA	NA	3	1	2
3	134464579	134513153	3	2	1	2	d	3	2	1	0.05	0.098998615747	3	1	2	2	2	1	NA	NA	NA	NA	NA	NA	NA	NA	NA	NA	2	1	1	NA	NA	NA	4	2	2
3	134513154	174638058	3	2	1	2	d	4	2	1	0.049098240439	0.111594620488	3.168021	1.1133603	2.05466107	2	1	1	NA	NA	NA	NA	NA	NA	NA	NA	NA	NA	2	1	1	NA	NA	NA	3	1	2
3	174638059	174710242	3	2	1	2	d	3	2	1	0.05	0.10264298113	3.168021	1.1133603	2.05466107	2	1	1	NA	NA	NA	NA	NA	NA	NA	NA	NA	NA	2	1	1	NA	NA	NA	2	0	2
3	174710243	174842032	3	2	1	2	d	3	1.67	1.54	0.026783304885	0.0850345686855	2.902275	1.08782757	1.81444699	2	1	1	NA	NA	NA	NA	NA	NA	NA	NA	NA	NA	2	1	1	NA	NA	NA	3	1	2
3	174842033	174843860	3	2	1	2	d	2	NA	NA	NA	NA	2.902275	1.08782757	1.81444699	NA	NA	NA	NA	NA	NA	NA	NA	NA	NA	NA	NA	NA	2	1	1	NA	NA	NA	3	1	2
3	174843861	174846541	3	2	1	1	h	1	NA	NA	NA	NA	NA	NA	NA	NA	NA	NA	NA	NA	NA	NA	NA	NA	NA	NA	NA	NA	2	1	1	NA	NA	NA	NA	NA	NA
3	174846542	174852250	2	2	0	1	g	NA	NA	NA	NA	NA	NA	NA	NA	2	0	1	NA	NA	NA	NA	NA	NA	NA	NA	NA	NA	2	1	1	NA	NA	NA	4	1	3
3	174852251	174854733	4	3	1	2	d	2	NA	NA	NA	NA	NA	NA	NA	3	1	1	NA	NA	NA	NA	NA	NA	NA	NA	NA	NA	2	1	1	NA	NA	NA	4	1	3
3	174854734	174854750	3	2	1	1	h	1	NA	NA	NA	NA	NA	NA	NA	NA	NA	NA	NA	NA	NA	NA	NA	NA	NA	NA	NA	NA	2	1	1	NA	NA	NA	4	1	3
3	174854751	174891208	3	2	1	2	d	4	2	1	0.05	0.1	3.141072	1.20629169	1.93478003	2	1	1	NA	NA	NA	NA	NA	NA	NA	NA	NA	NA	2	1	1	NA	NA	NA	3	1	2
3	174891209	174892642	3	2	1	2	d	2	2	1	0.05	0.1	3.141072	1.20629169	1.93478003	1	0	0.736861754909959	1	1	0.263138245090041	NA	0	0.736861754909959	0.736861754909959	NA	NA	NA	2	1	1	NA	NA	NA	2	1	1
3	174892643	179842527	3	2	1	2	d	4	2	1	0.0473994808868	0.114183414993	3.156479	1.12215265	2.03432644	2	1	1	NA	NA	NA	NA	NA	NA	NA	NA	NA	NA	2	1	1	NA	NA	NA	3	1	2
3	179842528	179878791	3	2	1	2	d	2	2	1	0.05	0.1	3.156479	1.12215265	2.03432644	3	1	0.296870138759261	3	2	0.703129861240739	NA	0	0.296870138759261	0.296870138759261	NA	NA	NA	2	1	1	NA	NA	NA	4	1	3
3	179878792	198022429	3	2	1	2	d	4	2	1	0.0474329776238	0.107480113029	3.153159	1.11069667	2.04246262	2	1	1	NA	NA	NA	NA	NA	NA	NA	NA	NA	NA	2	1	1	NA	NA	NA	3	1	2
4	27500	48199999	2	2	0	2	d	3	2.19	0	0.0577524011953	0.0984837676468	2.172526	0.1596615	2.01286428	2	0	1	NA	NA	NA	NA	NA	NA	NA	NA	NA	NA	2	0	1	NA	NA	NA	2	0	2
4	48200000	52699999	2	2	0	2	d	2	2.33	0	0.0541451002779	0.355201578207	2.149868	0.09995642	2.04991116	NA	NA	NA	NA	NA	NA	NA	NA	NA	NA	NA	NA	NA	2	0	1	NA	NA	NA	2	0	2
4	52700000	91169799	2	2	0	2	d	3	2.19	0	0.058661054906	0.0976772288422	2.221295	0.17386077	2.04743378	2	0	1	NA	NA	NA	NA	NA	NA	NA	NA	NA	NA	2	0	1	NA	NA	NA	2	0	2
4	91169800	91173263	2	2	0	2	f	2	NA	NA	NA	NA	2.221295	0.17386077	2.04743378	NA	NA	NA	NA	NA	NA	NA	NA	NA	NA	NA	NA	NA	1	0	1	NA	NA	NA	2	0	2
4	91173264	91187546	1	1	0	2	d	3	2.19	0	0.05	0.1	NA	NA	NA	1	0	1	NA	NA	NA	NA	NA	NA	NA	NA	NA	NA	1	0	1	NA	NA	NA	1	0	1
4	91187547	91352333	2	2	0	2	d	2	2.19	0	0.0595637168024	0.103106607236	1.970608	0.16384711	1.80676048	2	0	1	NA	NA	NA	NA	NA	NA	NA	NA	NA	NA	1	0	1	NA	NA	NA	2	0	2
4	91352334	92065576	2	2	0	2	e	4	2.19	0	0.052218378088	0.104276611807	2.136185	0.0963319	2.03985305	2	0	0.797014876918465	3	0	0.202985123081535	0.0489223562185911	0.0467463175039139	0.754247334302789	0.934502193973793	NA	NA	NA	1	0	1	NA	NA	NA	2	0	2
4	92065577	92073348	2	2	0	2	d	2	2.19	0	0.05	0.1	2.136185	0.0963319	2.03985305	2	0	1	NA	NA	NA	NA	NA	NA	NA	NA	NA	NA	2	0	1	NA	NA	NA	1	0	1
4	92073349	190814440	2	2	0	2	d	3	2.19	0	0.057664542833	0.0987707130799	2.208038	0.17167283	2.03636472	2	0	1	NA	NA	NA	NA	NA	NA	NA	NA	NA	NA	2	0	1	NA	NA	NA	2	0	2
5	22500	16882303	4	3	1	3	b	5	3	1	0.0521452466298	0.119404680688	4	1	3	3	1	1	NA	NA	NA	NA	NA	NA	NA	NA	NA	NA	3	1	1	NA	NA	NA	4	1	3
5	16882304	42851801	4	3	1	2	d	4	3	1	0.0496536733394	0.125638628624	4.317351	1.1351978	3.1821536	3	1	1	NA	NA	NA	NA	NA	NA	NA	NA	NA	NA	3	1	1	NA	NA	NA	4	1	3
5	42851802	46099999	4	3	1	2	d	3	3	1	0.0478018538232	0.115137332399	4.365485	1.15720533	3.20827926	3	1	0.747066358551177	4	1	0.252933641448823	0.0386018654075239	0.03934214650385	0.659964929231685	0.811360018288669	NA	NA	NA	3	1	1	NA	NA	NA	4	1	3
5	46100000	50699999	NA	NA	NA	NA	NA	NA	1	1	0.0335904937138	0.222818940243	2.915934	1.45796713	1.45796713	NA	NA	NA	NA	NA	NA	NA	NA	NA	NA	NA	NA	NA	1	1	1	NA	NA	NA	3	1	2
5	50700000	58722411	2	1	1	2	d	4	1	1	0.0355530796429	0.0931726037877	2.32866	1.16433019	1.16433019	1	1	1	NA	NA	NA	NA	NA	NA	NA	NA	NA	NA	1	1	1	NA	NA	NA	2	1	1
5	58722412	58945012	1	1	0	2	d	4	1	0	0.0425267580295	0.0827078542234	1.412922	0.24641696	1.16650548	1	0	1	NA	NA	NA	NA	NA	NA	NA	NA	NA	NA	1	0	1	NA	NA	NA	1	0	1
5	58945013	58949012	2	1	1	2	d	3	NA	NA	NA	NA	1.412922	0.24641696	1.16650548	1	1	1	NA	NA	NA	NA	NA	NA	NA	NA	NA	NA	1	1	1	NA	NA	NA	2	1	1
5	58949013	58950126	2	1	1	2	d	2	NA	NA	NA	NA	NA	NA	NA	1	0	1	NA	NA	NA	NA	NA	NA	NA	NA	NA	NA	1	1	1	NA	NA	NA	2	1	1
5	58950127	93023051	2	1	1	2	d	4	1	1	0.0368023623759	0.100176127165	2.233108	1.1165542	1.1165542	1	1	1	NA	NA	NA	NA	NA	NA	NA	NA	NA	NA	1	1	1	NA	NA	NA	2	1	1
5	93023052	159941529	3	2	1	2	d	3	2.19	1.23	0.0494701076798	0.125275007945	3.148969	1.09558983	2.05337904	2	1	1	NA	NA	NA	NA	NA	NA	NA	NA	NA	NA	2	1	1	NA	NA	NA	3	1	2
5	159941530	159976025	2	1	1	2	d	4	1	1	0.05	0.1	3.148969	1.09558983	2.05337904	1	1	1	NA	NA	NA	NA	NA	NA	NA	NA	NA	NA	1	1	1	NA	NA	NA	2	1	1
5	159976026	160120378	2	1	1	2	d	4	1	1	0.05	0.0768699600816	NA	NA	NA	1	1	1	NA	NA	NA	NA	NA	NA	NA	NA	NA	NA	1	1	1	NA	NA	NA	2	1	1
5	160120379	180719705	3	2	1	2	d	3	2.19	1.23	0.0482358764379	0.115129419562	3.114313	1.08073717	2.03357549	2	1	1	NA	NA	NA	NA	NA	NA	NA	NA	NA	NA	2	1	1	NA	NA	NA	3	1	2
6	39681	250040	6	4	2	2	d	2	3.64	1.81	0.136776892003	0.1	5.504751	1.73352506	3.77122626	4	2	1	NA	NA	NA	NA	NA	NA	NA	NA	NA	NA	4	2	1	NA	NA	NA	5	2	3
6	250041	1715866	6	4	2	2	d	2	3.64	1.81	0.0465102474684	0.26558527281	5.312116	1.81948525	3.49263085	4	2	1	NA	NA	NA	NA	NA	NA	NA	NA	NA	NA	4	2	1	NA	NA	NA	5	2	3
6	1715867	1728723	4	3	1	2	f	2	3.64	1.81	0.05	0.1	5.312116	1.81948525	3.49263085	3	0	1	NA	NA	NA	NA	NA	NA	NA	NA	NA	NA	4	1	1	NA	NA	NA	4	0	4
6	1728724	44091931	6	4	2	2	d	2	3.64	1.81	0.0505071497376	0.144697736998	6.146604	2.10308596	4.04351784	4	2	1	NA	NA	NA	NA	NA	NA	NA	NA	NA	NA	5	3	0.7074	5	2	0.2926	6	2	4
6	44091932	58699999	4	2	2	2	d	4	1.81	1.81	0.0319180429163	0.10828370583	4	2	2	2	2	1	NA	NA	NA	NA	NA	NA	NA	NA	NA	NA	2	2	1	NA	NA	NA	4	2	2
6	58700000	63299999	4	2	2	2	d	2	1.81	1.81	0.0295786061908	0.137206385632	4.134177	2.06708843	2.06708843	2	2	1	NA	NA	NA	NA	NA	NA	NA	NA	NA	NA	2	2	1	NA	NA	NA	3	1	2
6	63300000	69391614	4	2	2	2	d	2	1.81	1.81	0.0329347735189	0.117126632935	4.106961	2.05348069	2.05348069	2	2	1	NA	NA	NA	NA	NA	NA	NA	NA	NA	NA	2	2	1	NA	NA	NA	3	1	2
6	69391615	97870522	2	2	0	2	d	4	2	0	0.0588638204954	0.101977231136	2.202673	0.16985825	2.03281446	2	0	1	NA	NA	NA	NA	NA	NA	NA	NA	NA	NA	2	0	1	NA	NA	NA	2	0	2
6	97870523	101337761	2	2	0	2	d	4	2	0	0.0574751625143	0.0909654977614	2.14826	0.17781625	1.9704441	2	0	1	NA	NA	NA	NA	NA	NA	NA	NA	NA	NA	2	0	1	NA	NA	NA	2	0	2
6	101337762	105355053	3	2	1	2	d	4	2	1	0.0466666397166	0.0968624799597	3.160318	1.12414307	2.03617533	2	1	1	NA	NA	NA	NA	NA	NA	NA	NA	NA	NA	2	1	1	NA	NA	NA	3	1	2
6	105355054	105364098	3	2	1	2	d	4	2	1	0.05	0.1	3.160318	1.12414307	2.03617533	2	1	1	NA	NA	NA	NA	NA	NA	NA	NA	NA	NA	2	1	1	NA	NA	NA	3	1	2
6	105364099	145463231	3	2	1	2	d	4	2	1	0.0483004147607	0.104139263451	3.197571	1.12981855	2.06775285	2	1	1	NA	NA	NA	NA	NA	NA	NA	NA	NA	NA	2	1	1	NA	NA	NA	3	1	2
6	145463232	145469285	2	2	0	2	d	3	2	0	0.05	0.1	3.197571	1.12981855	2.06775285	3	0	1	NA	NA	NA	NA	NA	NA	NA	NA	NA	NA	2	0	1	NA	NA	NA	2	0	2
6	145469286	145469739	2	2	0	2	d	3	2	0	0.05	0.1	NA	NA	NA	NA	NA	NA	NA	NA	NA	NA	NA	NA	NA	NA	NA	NA	2	0	1	NA	NA	NA	2	0	2
6	145469740	170899800	2	2	0	2	d	4	2	0	0.0577067423352	0.0963939479529	2.073036	0.12377354	1.9492628	2	0	1	NA	NA	NA	NA	NA	NA	NA	NA	NA	NA	2	0	1	NA	NA	NA	2	0	2
7	40386	33167093	3	2	1	2	d	3	1.81	1	0.0488873528506	0.103071330609	3.101198	1.08462606	2.01657149	2	1	1	NA	NA	NA	NA	NA	NA	NA	NA	NA	NA	2	1	1	NA	NA	NA	3	1	2
7	33167094	33182819	3	2	1	2	d	3	1.81	1	0.05	0.1	3.101198	1.08462606	2.01657149	2	1	1	NA	NA	NA	NA	NA	NA	NA	NA	NA	NA	2	1	1	NA	NA	NA	3	1	2
7	33182820	57999999	3	2	1	2	d	4	1.81	1	0.0496295732686	0.105865646653	3	1	2	2	1	1	NA	NA	NA	NA	NA	NA	NA	NA	NA	NA	2	1	1	NA	NA	NA	3	1	2
7	58000000	62024952	NA	NA	NA	NA	NA	NA	1.81	1	0.05	0.293859210278	3	1	2	NA	NA	NA	NA	NA	NA	NA	NA	NA	NA	NA	NA	NA	2	1	1	NA	NA	NA	3	1	2
7	62024953	82455280	5	3	2	2	d	4	3	2	0.0406459086956	0.141371634902	4.854785	1.96940378	2.88538149	3	2	1	NA	NA	NA	NA	NA	NA	NA	NA	NA	NA	3	2	1	NA	NA	NA	5	2	3
7	82455281	82455407	5	3	2	2	d	2	NA	NA	NA	NA	4.854785	1.96940378	2.88538149	NA	NA	NA	NA	NA	NA	NA	NA	NA	NA	NA	NA	NA	3	2	1	NA	NA	NA	5	2	3
7	82455408	82456696	5	3	2	2	d	2	NA	NA	NA	NA	NA	NA	NA	NA	NA	NA	NA	NA	NA	NA	NA	NA	NA	NA	NA	NA	3	2	1	NA	NA	NA	5	2	3
7	82456697	83581188	17	15	2	1	g	NA	29	2	0.0313708279797	0.300128167477	15.759369	2.0554319	13.70393737	15	2	1	NA	NA	NA	NA	NA	NA	NA	NA	NA	NA	16	3	1	NA	NA	NA	13	1	12
7	83581189	85103152	20	18	2	1	g	NA	35	2	0.0231913286357	0.31505497207	18.795816	2.02671107	16.76910536	18	2	1	NA	NA	NA	NA	NA	NA	NA	NA	NA	NA	21	3	1	NA	NA	NA	16	0	16
7	85103153	85104569	20	18	2	1	g	NA	35	2	0.05	0.1	18.795816	2.02671107	16.76910536	18	2	1	NA	NA	NA	NA	NA	NA	NA	NA	NA	NA	21	3	1	NA	NA	NA	16	0	16
7	85104570	85508382	20	18	2	1	g	NA	35	2	0.0284376591324	0.298315578771	18.847795	2.08197556	16.7658198	18	2	1	NA	NA	NA	NA	NA	NA	NA	NA	NA	NA	20	3	1	NA	NA	NA	16	1	15
7	85508383	85508987	19	17	2	1	g	NA	34	2	0.05	0.1	18.847795	2.08197556	16.7658198	17	2	1	NA	NA	NA	NA	NA	NA	NA	NA	NA	NA	20	3	1	NA	NA	NA	18	1	17
7	85508988	85509486	20	17	3	1	g	NA	34	2	0.05	0.1	NA	NA	NA	17	3	1	NA	NA	NA	NA	NA	NA	NA	NA	NA	NA	20	3	1	NA	NA	NA	14	1	13
7	85509487	85512892	20	18	2	1	g	NA	34	2	0.05	0.1	NA	NA	NA	18	2	1	NA	NA	NA	NA	NA	NA	NA	NA	NA	NA	19	3	1	NA	NA	NA	16	0	16
7	85512893	85512938	22	19	3	1	h	1	34	2	0.05	0.1	NA	NA	NA	NA	NA	NA	NA	NA	NA	NA	NA	NA	NA	NA	NA	NA	19	3	1	NA	NA	NA	21	1	20
7	85512939	85513344	24	22	2	1	g	NA	34	2	0.05	0.1	NA	NA	NA	22	2	1	NA	NA	NA	NA	NA	NA	NA	NA	NA	NA	19	3	1	NA	NA	NA	21	1	20
7	85513345	85626152	20	18	2	1	g	NA	34	2	0.0204764240886	0.287718055304	18.514073	2.12082044	16.39325208	18	2	1	NA	NA	NA	NA	NA	NA	NA	NA	NA	NA	19	3	1	NA	NA	NA	16	1	15
7	85626153	85631864	18	16	2	1	h	1	34	2	0.05	0.1	18.514073	2.12082044	16.39325208	NA	NA	NA	NA	NA	NA	NA	NA	NA	NA	NA	NA	NA	20	2	1	NA	NA	NA	16	1	15
7	85631865	85827487	21	19	2	1	g	NA	34	2	0.05	0.277098254253	NA	NA	NA	19	2	1	NA	NA	NA	NA	NA	NA	NA	NA	NA	NA	20	2	1	NA	NA	NA	16	0	16
7	85827488	85827923	12	11	1	1	g	NA	34	2	0.05	0.1	NA	NA	NA	11	1	1	NA	NA	NA	NA	NA	NA	NA	NA	NA	NA	20	2	1	NA	NA	NA	11	1	10
7	85827924	85837191	14	12	2	1	g	NA	34	2	0.05	0.1	NA	NA	NA	12	2	1	NA	NA	NA	NA	NA	NA	NA	NA	NA	NA	19	3	1	NA	NA	NA	11	1	10
7	85837192	86236056	20	18	2	1	g	NA	34	2	0.0174004832571	0.274267781595	18.602331	2.12267423	16.47965715	18	2	1	NA	NA	NA	NA	NA	NA	NA	NA	NA	NA	19	3	1	NA	NA	NA	16	0	16
7	86236057	86316937	14	12	2	1	g	NA	23	2	0.0469378309306	0.228122248493	13.151324	1.9252935	11.22603066	12	2	1	NA	NA	NA	NA	NA	NA	NA	NA	NA	NA	13	3	1	NA	NA	NA	12	1	11
7	86316938	87325722	14	12	2	1	g	NA	23	2	0.0309599004645	0.253629689157	13	2	11	12	2	1	NA	NA	NA	NA	NA	NA	NA	NA	NA	NA	14	3	1	NA	NA	NA	12	1	11
7	87325723	87649820	11	9	2	1	g	NA	17	2	0.05	0.193024564574	10.553612	2.23294999	8.32066179	9	2	0.758355159803127	9	3	0.241644840196873	0.106958869767675	0.106813043697352	0.571663856182694	0.973983803810486	NA	NA	NA	10	3	1	NA	NA	NA	10	2	8
7	87649821	87651282	10	8	2	2	f	2	17	2	0.05	0.1	10.553612	2.23294999	8.32066179	NA	NA	NA	NA	NA	NA	NA	NA	NA	NA	NA	NA	NA	25	3	1	NA	NA	NA	10	2	8
7	87651283	87661728	18	16	2	1	g	NA	17	2	0.05	0.1	NA	NA	NA	16	2	1	NA	NA	NA	NA	NA	NA	NA	NA	NA	NA	25	3	1	NA	NA	NA	14	1	13
7	87661729	87663737	22	20	2	1	g	NA	41	2	0.05	0.1	NA	NA	NA	20	2	1	NA	NA	NA	NA	NA	NA	NA	NA	NA	NA	25	3	1	NA	NA	NA	20	0	20
7	87663738	87663784	28	25	3	1	h	1	41	2	0.05	0.1	NA	NA	NA	NA	NA	NA	NA	NA	NA	NA	NA	NA	NA	NA	NA	NA	25	3	1	NA	NA	NA	20	0	20
7	87663785	87663956	28	25	3	1	h	1	41	2	0.05	0.1	NA	NA	NA	NA	NA	NA	NA	NA	NA	NA	NA	NA	NA	NA	NA	NA	25	3	1	NA	NA	NA	20	0	20
7	87663957	88745144	23	21	2	1	g	NA	41	2	0.0204426406678	0.370756979769	21.882479	2.0984713	19.78400778	21	2	1	NA	NA	NA	NA	NA	NA	NA	NA	NA	NA	25	3	1	NA	NA	NA	20	0	20
7	88745145	88746579	23	21	2	1	g	NA	41	2	0.05	0.1	21.882479	2.0984713	19.78400778	21	2	1	NA	NA	NA	NA	NA	NA	NA	NA	NA	NA	24	3	1	NA	NA	NA	20	0	20
7	88746580	88810909	23	21	2	1	g	NA	41	2	0.05	0.634238386559	21.914659	2.16831178	19.7463471	21	2	1	NA	NA	NA	NA	NA	NA	NA	NA	NA	NA	24	3	1	NA	NA	NA	20	0	20
7	88810910	88881867	25	21	4	1	g	NA	41	5	0.05	0.447079709561	24.069222	4.26042554	19.80879623	21	4	0.59265215733388	21	5	0.40734784266612	0.130996871581802	0.130796584690719	0.23850460370924	0.751488139484252	NA	NA	NA	24	5	1	NA	NA	NA	20	0	20
7	88881868	90111859	24	22	2	1	g	NA	41	2	0.0206092643527	0.374675134758	22.523912	2.20314875	20.32076292	22	2	1	NA	NA	NA	NA	NA	NA	NA	NA	NA	NA	25	3	1	NA	NA	NA	20	0	20
7	90111860	90278607	24	22	2	1	g	NA	40	2	0.0208730912974	0.346173839958	21.14737	2.04398946	19.10338102	22	2	1	NA	NA	NA	NA	NA	NA	NA	NA	NA	NA	26	3	1	NA	NA	NA	20	0	20
7	90278608	90344115	22	20	2	1	g	NA	40	2	0.05	0.210155067936	20.619273	2.10307149	18.51620183	20	2	1	NA	NA	NA	NA	NA	NA	NA	NA	NA	NA	24	3	1	NA	NA	NA	19	0	19
7	90344116	90741788	20	19	1	2	f	2	42	2	0.0217985853554	0.322698318932	21.454715	1.93891885	19.51579663	22	2	1	NA	NA	NA	NA	NA	NA	NA	NA	NA	NA	25	3	1	NA	NA	NA	20	1	19
7	90741789	90786985	26	24	2	1	g	NA	42	2	0.05	0.1	21.454715	1.93891885	19.51579663	24	2	1	NA	NA	NA	NA	NA	NA	NA	NA	NA	NA	20	3	1	NA	NA	NA	23	0	23
7	90786986	90787797	23	20	3	1	h	1	35	2	0.05	0.1	NA	NA	NA	NA	NA	NA	NA	NA	NA	NA	NA	NA	NA	NA	NA	NA	20	3	1	NA	NA	NA	23	0	23
7	90787798	90917168	20	18	2	1	g	NA	35	2	0.05	0.287513030793	17.743947	1.94210861	15.80183866	18	2	1	NA	NA	NA	NA	NA	NA	NA	NA	NA	NA	20	3	1	NA	NA	NA	17	1	16
7	90917169	90919169	20	18	2	1	g	NA	35	2	0.05	0.1	17.743947	1.94210861	15.80183866	18	2	1	NA	NA	NA	NA	NA	NA	NA	NA	NA	NA	29	3	1	NA	NA	NA	17	1	16
7	90919170	90938583	20	18	2	1	g	NA	35	2	0.05	0.1	NA	NA	NA	18	2	1	NA	NA	NA	NA	NA	NA	NA	NA	NA	NA	29	3	1	NA	NA	NA	17	1	16
7	90938584	92084656	26	24	2	1	g	NA	47	2	0.0201138931491	0.397065763389	24.178484	2.13343287	22.04505072	24	2	1	NA	NA	NA	NA	NA	NA	NA	NA	NA	NA	29	3	1	NA	NA	NA	23	0	23
7	92084657	92112175	24	22	2	1	h	1	47	2	0.05	0.1	24.178484	2.13343287	22.04505072	NA	NA	NA	NA	NA	NA	NA	NA	NA	NA	NA	NA	NA	39	4	1	NA	NA	NA	23	0	23
7	92112176	92213321	35	33	2	1	g	NA	61	2	0.0179858954635	0.543615375578	31.464161	2.24303335	29.22112774	33	2	1	NA	NA	NA	NA	NA	NA	NA	NA	NA	NA	39	4	1	NA	NA	NA	29	0	29
7	92213322	92246759	47	45	2	1	g	NA	80	2	0.05	0.1	31.464161	2.24303335	29.22112774	45	2	1	NA	NA	NA	NA	NA	NA	NA	NA	NA	NA	46	3	1	NA	NA	NA	40	0	40
7	92246760	92750737	60	58	2	1	g	NA	108	2	0.00751881862891	0.724495432537	53	2	51	58	2	1	NA	NA	NA	NA	NA	NA	NA	NA	NA	NA	47	2	1	NA	NA	NA	51	0	51
7	92750738	92751261	53	51	2	1	h	1	NA	NA	NA	NA	53	2	51	NA	NA	NA	NA	NA	NA	NA	NA	NA	NA	NA	NA	NA	47	2	1	NA	NA	NA	51	0	51
7	92751262	92883591	53	51	2	1	g	NA	95	2	0.05	0.757209458725	46.756719	1.93413567	44.82258355	51	2	1	NA	NA	NA	NA	NA	NA	NA	NA	NA	NA	47	2	1	NA	NA	NA	45	0	45
7	92883592	92885464	47	45	2	1	h	1	NA	NA	NA	NA	46.756719	1.93413567	44.82258355	NA	NA	NA	NA	NA	NA	NA	NA	NA	NA	NA	NA	NA	47	2	1	NA	NA	NA	45	0	45
7	92885465	98683002	26	24	2	1	g	NA	47	2	0.0201457766616	0.397596834797	24.340381	2.03794077	22.30243996	24	2	1	NA	NA	NA	NA	NA	NA	NA	NA	NA	NA	28	3	1	NA	NA	NA	23	0	23
7	98683003	100443167	29	27	2	1	g	NA	48	2	0.0149907689075	0.41235490836	26.923809	2.29436408	24.6294452	27	2	1	NA	NA	NA	NA	NA	NA	NA	NA	NA	NA	34	4	1	NA	NA	NA	28	0	28
7	100443168	100446226	11	9	2	1	g	NA	NA	NA	NA	NA	26.923809	2.29436408	24.6294452	9	2	1	NA	NA	NA	NA	NA	NA	NA	NA	NA	NA	34	4	1	NA	NA	NA	15	3	12
7	100446227	110548705	2	2	0	2	d	4	2	0	0.0546929674934	0.0910830655767	2.257879	0.18520013	2.07267888	2	0	1	NA	NA	NA	NA	NA	NA	NA	NA	NA	NA	2	0	1	NA	NA	NA	2	0	2
7	110548706	110561908	2	2	0	2	f	3	2	0	0.05	0.1	2.257879	0.18520013	2.07267888	1	0	1	NA	NA	NA	NA	NA	NA	NA	NA	NA	NA	0	0	1	NA	NA	NA	2	0	2
7	110561909	110654434	0	0	0	2	d	3	0	0	0.05	0.0495484213618	0.116812	0	0.11681173	0	0	0.724626859614809	1	0	0.275373140385191	0.092144356379361	0.0931531193102977	0.460977973694442	0.819147042363373	NA	NA	NA	0	0	1	NA	NA	NA	0	0	0
7	110654435	110666404	1	1	0	2	d	2	1.81	0	0.05	0.1	0.116812	0	0.11681173	1	0	1	NA	NA	NA	NA	NA	NA	NA	NA	NA	NA	1	0	1	NA	NA	NA	0	0	0
7	110666405	110722263	2	2	0	2	e	3	1.81	0	0.05	0.0797561515724	NA	NA	NA	2	0	0.624466097801181	3	0	0.375533902198819	0.238279740458384	0.250959390743082	-0.171901720612536	0.824674054989816	NA	NA	NA	1	0	1	NA	NA	NA	2	0	2
7	110722264	110765144	2	2	0	2	f	2	1.81	0	0.05	0.1	NA	NA	NA	3	0	1	NA	NA	NA	NA	NA	NA	NA	NA	NA	NA	1	0	1	NA	NA	NA	2	0	2
7	110765145	110776642	2	2	0	2	f	2	1.81	0	0.05	0.1	NA	NA	NA	3	0	1	NA	NA	NA	NA	NA	NA	NA	NA	NA	NA	0	0	1	NA	NA	NA	2	0	2
7	110776643	110883405	0	0	0	2	d	4	0	0	0.05	0.0757233492983	NA	NA	NA	0	0	1	NA	NA	NA	NA	NA	NA	NA	NA	NA	NA	0	0	1	NA	NA	NA	0	0	0
7	110883406	157704310	2	2	0	2	d	4	2	0	0.0577555510393	0.0977910185218	2.172732	0.1597313	2.01300085	2	0	1	NA	NA	NA	NA	NA	NA	NA	NA	NA	NA	2	0	1	NA	NA	NA	2	0	2
7	157704311	157705094	2	2	0	2	d	3	2	0	0.05	0.1	2.172732	0.1597313	2.01300085	0	0	0.683320888557024	1	0	0.316679111442976	NA	0	0.683320888557024	0.683320888557024	NA	NA	NA	2	0	1	NA	NA	NA	2	0	2
7	157705095	158821400	2	2	0	2	d	3	2	0	0.0611886513134	0.101241350404	1.765799	0.02461645	1.74118237	2	0	1	NA	NA	NA	NA	NA	NA	NA	NA	NA	NA	1	0	1	NA	NA	NA	2	0	2
8	161471	7692499	3	2	1	2	f	3	2	1	0.0541747125478	0.118417521492	2.652863	0.8011038	1.85175926	2	0	0.203276315010681	2	1	0.796723684989319	0.00813396627034529	0.00812202005409134	0.163370630461621	0.195744832031748	NA	NA	NA	NA	NA	NA	NA	NA	NA	2	1	1
8	7692500	24116541	3	2	1	2	d	2	2	0.81	0.0526182462923	0.109232922572	2.820249	0.84755351	1.9726955	2	0	0.258528798863213	2	1	0.741471201136787	0.00652266396331261	0.00647321757069099	0.233030780470478	0.258299642449833	NA	NA	NA	2	1	1	NA	NA	NA	3	1	2
8	24116542	24327143	4	3	1	2	d	3	3	1	0.0542059031258	0.148283253111	4.067392	0.94157437	3.12581809	3	0	0.240523430700917	3	1	0.759476569299083	0.0776869363817063	0.0801574656094211	0.104231591613878	0.413891093799729	NA	NA	NA	3	1	1	NA	NA	NA	4	1	3
8	24327144	24339776	4	3	1	2	d	3	3	1	0.05	0.1	4.067392	0.94157437	3.12581809	4	1	1	NA	NA	NA	NA	NA	NA	NA	NA	NA	NA	3	1	1	NA	NA	NA	4	1	3
8	24339777	24488952	4	3	1	2	d	3	3	1	0.0484875682537	0.123858236818	4.069987	0.90866098	3.16132613	3	0	0.32734805125694	3	1	0.67265194874306	0.0773552859161352	0.079593030197929	0.0985624010753201	0.412285994298851	NA	NA	NA	3	1	1	NA	NA	NA	4	1	3
8	24488953	25026478	5	4	1	2	e	4	4	0.81	0.0497051969058	0.118712985712	4.771802	0.89326134	3.87854035	4	0	0.210336031815779	4	1	0.789663968184221	0.0369955812853414	0.0356198446954316	0.151596729835562	0.29212402165933	NA	NA	NA	4	1	1	NA	NA	NA	4	1	3
8	25026479	30588030	3	2	1	2	d	2	2	0.81	0.0526059798288	0.0996947336846	2.859945	0.82851922	2.03142553	2	0	0.26311071047457	2	1	0.73688928952543	0.0130324522152625	0.0129447872321254	0.236342283522723	0.287384039330115	NA	NA	NA	2	1	1	NA	NA	NA	3	1	2
8	30588031	30608228	3	2	1	2	d	2	2	0.81	0.05	0.1	2.859945	0.82851922	2.03142553	2	0	0.26311071047457	2	1	0.73688928952543	0.0130324522152625	0.0129447872321254	0.236342283522723	0.287384039330115	NA	NA	NA	2	1	1	NA	NA	NA	3	1	2
8	30608229	31101077	3	2	1	2	d	2	2	0.81	0.0486909706748	0.103670059737	2.81364	0.82280905	1.99083045	2	0	0.26311071047457	2	1	0.73688928952543	0.0130324522152625	0.0129447872321254	0.236342283522723	0.287384039330115	NA	NA	NA	2	1	1	NA	NA	NA	3	1	2
8	31101078	31755976	5	4	1	2	e	4	4.19	1	0.0477272618669	0.105657660113	4.784001	0.94062434	3.8433767	4	0	0.188449083279902	4	1	0.811550916720098	0.0332244146803048	0.0336811932483388	0.120410085948352	0.253230037128695	NA	NA	NA	4	1	1	NA	NA	NA	4	1	3
8	31755977	31814166	4	3	1	2	d	2	3	1	0.05	0.109860564354	4.784001	0.94062434	3.8433767	3	0	0.532456038726578	3	1	0.467543961273422	0.308903794075201	0.310340116559187	-0.446076362245515	0.743291576382423	NA	NA	NA	3	1	1	NA	NA	NA	3	1	2
8	31814167	33855716	4	3	1	2	e	1	2	1	0.0526029298476	0.0955456083839	2.6802	0.79509017	1.88511021	2	0	0.191827917871081	2	1	0.808172082128919	0.0196122858791905	0.0194045208638814	0.163778964784518	0.243539604984293	NA	NA	NA	3	1	1	NA	NA	NA	2	1	1
8	33855717	33942138	3	2	1	2	f	2	NA	NA	NA	NA	2.6802	0.79509017	1.88511021	3	1	1	NA	NA	NA	NA	NA	NA	NA	NA	NA	NA	NA	NA	NA	NA	NA	NA	3	1	2
8	33942139	33973503	4	4	0	1	g	NA	2	1	0.05	0.1	NA	NA	NA	4	0	0.395107820159151	4	1	0.604892179840849	0.0599051112141797	0.0467673816129243	0.317505355698381	0.521705060910848	NA	NA	NA	NA	NA	NA	NA	NA	NA	4	1	3
8	33973504	34904155	3	2	1	2	f	3	2	1	0.0531466900298	0.107833150714	2.889549	0.91657336	1.97297589	2	0	0.139569404336016	2	1	0.860430595663984	0.0416730454932882	0.0412194299270472	0.053028711795782	0.210864586871551	NA	NA	NA	NA	NA	NA	NA	NA	NA	2	1	1
8	34904156	37768157	5	4	1	2	e	4	4	0.67	0.0524105121335	0.127482200157	4.58341	0.81189305	3.77151686	4	0	0.290642964154252	4	1	0.709357035845748	0.0261922222095698	0.0263452323242834	0.215978721767445	0.319861069418312	NA	NA	NA	4	1	1	NA	NA	NA	4	1	3
8	37768158	37788470	5	4	1	2	e	3	4	0.67	0.05	0.1	4.58341	0.81189305	3.77151686	5	2	1	NA	NA	NA	NA	NA	NA	NA	NA	NA	NA	2	1	1	NA	NA	NA	5	1	4
8	37788471	40417337	3	2	1	2	d	2	2	0.81	0.0530983752712	0.123850401226	2.69038	0.78465752	1.90572296	2	0	0.275887816778568	2	1	0.724112183221432	0.0191708830707106	0.019416266537249	0.203146803340449	0.278954892814725	NA	NA	NA	2	1	1	NA	NA	NA	3	1	2
8	40417338	43099999	4	3	1	2	d	2	2.64	0.54	0.0515748589828	0.115418871606	3.639318	0.83135215	2.80796572	3	0	0.206867215295103	3	1	0.793132784704897	0.0225561554697572	0.0225638909396432	0.162689986636391	0.252808040251845	NA	NA	NA	3	1	1	NA	NA	NA	4	1	3
8	43100000	48099999	4	3	1	2	f	3	2.64	0.54	0.05	0.195207652776	3.617603	0.77704569	2.84055696	NA	NA	NA	NA	NA	NA	NA	NA	NA	NA	NA	NA	NA	3	1	1	NA	NA	NA	3	1	2
8	48100000	83205726	4	3	1	2	e	4	2.64	0.54	0.0522018654823	0.117376856162	3.783026	0.86081333	2.92221263	3	0	0.224923633491066	3	1	0.775076366508934	0.00535621966589517	0.00535302954740267	0.214504771985129	0.235645677465426	NA	NA	NA	3	1	1	NA	NA	NA	3	1	2
8	83205727	84888476	2	1	1	1	g	NA	0	0	0.0322116419196	0.265682792274	2	1	1	1	0	0.319096828337074	1	1	0.680903171662926	0.0416295036860611	0.0433446163740384	0.210218124908806	0.378819946636088	NA	NA	NA	1	0	0.396699	1	1	0.603301	1	0	1
8	84888477	99808475	3	3	0	1	g	NA	2.46	0.54	0.0499780622277	0.106484395561	3.824985	0.86958988	2.9553947	3	0	0.24892539356605	3	1	0.75107460643395	0.00841972871345396	0.00872800254591465	0.211584570135424	0.245610919672177	NA	NA	NA	3	1	1	NA	NA	NA	3	1	2
8	99808476	99963031	4	3	1	2	f	2	NA	NA	NA	NA	3.824985	0.86958988	2.9553947	NA	NA	NA	NA	NA	NA	NA	NA	NA	NA	NA	NA	NA	3	1	1	NA	NA	NA	3	1	2
8	99963032	100758212	4	3	1	2	d	3	NA	NA	NA	NA	NA	NA	NA	3	1	1	NA	NA	NA	NA	NA	NA	NA	NA	NA	NA	3	1	1	NA	NA	NA	4	1	3
8	100758213	100818886	5	4	1	1	h	1	NA	NA	NA	NA	NA	NA	NA	NA	NA	NA	NA	NA	NA	NA	NA	NA	NA	NA	NA	NA	4	1	1	NA	NA	NA	4	1	3
8	100818887	100827501	4	3	1	2	f	1	3.33	0.54	0.05	0.1	NA	NA	NA	NA	NA	NA	NA	NA	NA	NA	NA	NA	NA	NA	NA	NA	4	1	1	NA	NA	NA	NA	NA	NA
8	100827502	107508735	5	4	1	2	d	2	3.33	0.54	0.047071390595	0.103100039958	4.692273	0.84302743	3.84924518	4	0	0.284196778288793	4	1	0.715803221711207	0.014786329464527	0.014432594853255	0.224659201443575	0.281091525194191	NA	NA	NA	4	1	1	NA	NA	NA	5	1	4
8	107508736	107549723	3	3	0	2	f	3	3.33	0.54	0.05	0.1	4.692273	0.84302743	3.84924518	3	0	0.637727952580805	4	0	0.362272047419195	NA	0	0.637727952580805	0.637727952580805	NA	NA	NA	4	1	1	NA	NA	NA	3	0	3
8	107549724	110071073	4	4	0	1	g	NA	3.19	0.54	0.0530248421076	0.114519449975	4.826726	0.95929387	3.86743251	4	0	0.196624593749846	4	1	0.803375406250154	0.0254492469392613	0.0250881445106485	0.117662893851674	0.214972453743536	NA	NA	NA	4	1	1	NA	NA	NA	4	1	3
8	110071074	134339113	4	3	1	2	d	2	2.46	0.54	0.0509721939034	0.0973938203536	3.858693	0.90397162	2.95472116	3	0	0.225842581608632	3	1	0.774157418391368	0.00616474693663106	0.00639916771043093	0.193339757500061	0.21888488077484	NA	NA	NA	3	1	1	NA	NA	NA	4	1	3
8	134339114	134435685	2	1	1	2	d	3	0.54	0.54	0.0261273604997	0.0733121373492	2.321081	1.16054068	1.16054068	1	1	1	NA	NA	NA	NA	NA	NA	NA	NA	NA	NA	1	1	1	NA	NA	NA	2	1	1
8	134435686	142349990	3	3	0	1	g	NA	2.46	0.54	0.0526116252361	0.10099202626	3.664091	0.81805032	2.84604102	3	0	0.226737742399741	3	1	0.773262257600259	0.00925956709927253	0.00947782491227629	0.20727140267606	0.244415619698168	NA	NA	NA	3	1	1	NA	NA	NA	3	1	2
8	142349991	146364021	4	3	1	2	d	2	2.46	0.54	0.0539368505173	0.116237417283	3.464349	0.73681502	2.72753432	3	0	0.226737742399741	3	1	0.773262257600259	0.00925956709927253	0.00947782491227629	0.20727140267606	0.244415619698168	NA	NA	NA	3	1	1	NA	NA	NA	4	1	3
9	47500	224226	2	2	0	2	d	3	2	0	0.05	0.1	2.470185	0.23080244	2.23938267	2	1	1	NA	NA	NA	NA	NA	NA	NA	NA	NA	NA	2	0	1	NA	NA	NA	2	0	2
9	224227	44246438	2	2	0	2	d	4	2	0	0.0564565793551	0.10153500998	2.184574	0.16503528	2.01953866	2	0	1	NA	NA	NA	NA	NA	NA	NA	NA	NA	NA	2	0	1	NA	NA	NA	2	0	2
9	44246439	45473786	2	2	0	1	g	NA	3	0	0.05	0.240132181056	2.184574	0.16503528	2.01953866	2	0	1	NA	NA	NA	NA	NA	NA	NA	NA	NA	NA	1	0	1	NA	NA	NA	3	0	3
9	45473787	47299999	2	2	0	1	h	1	NA	NA	NA	NA	NA	NA	NA	NA	NA	NA	NA	NA	NA	NA	NA	NA	NA	NA	NA	NA	2	0	1	NA	NA	NA	3	0	3
9	47300000	50699999	2	2	0	1	h	1	NA	NA	NA	NA	NA	NA	NA	NA	NA	NA	NA	NA	NA	NA	NA	NA	NA	NA	NA	NA	2	0	1	NA	NA	NA	3	0	3
9	50700000	130267619	2	2	0	2	d	3	2	0	0.0571766610105	0.0969641910262	2.144441	0.14511266	1.99932844	2	0	1	NA	NA	NA	NA	NA	NA	NA	NA	NA	NA	2	0	1	NA	NA	NA	3	0	3
9	130267620	130268753	2	2	0	2	d	2	2	0	0.05	0.1	2.144441	0.14511266	1.99932844	4	2	0.705449509661342	4	3	0.294550490338658	NA	0	0.705449509661342	0.705449509661342	NA	NA	NA	2	0	1	NA	NA	NA	3	0	3
9	130268754	140273200	2	2	0	2	d	3	2	0	0.0625827627321	0.107423035463	2.104042	0.10875488	1.99528754	2	0	1	NA	NA	NA	NA	NA	NA	NA	NA	NA	NA	2	0	1	NA	NA	NA	3	0	3
9	140273201	141029658	2	2	0	2	d	2	NA	NA	NA	NA	1.888458	0.09360191	1.79485617	2	0	1	NA	NA	NA	NA	NA	NA	NA	NA	NA	NA	2	0	1	NA	NA	NA	3	0	3
10	94426	32586287	4	2	2	2	d	4	1.81	1.81	0.0337515407984	0.112555677642	4	2	2	2	2	1	NA	NA	NA	NA	NA	NA	NA	NA	NA	NA	2	2	1	NA	NA	NA	4	2	2
10	32586288	32625659	3	2	1	2	d	3	2	1	0.05	0.1	3.382821	1.257762	2.12505908	2	1	1	NA	NA	NA	NA	NA	NA	NA	NA	NA	NA	2	2	0.137492	2	1	0.862508	3	1	2
10	32625660	32807953	4	2	2	2	d	2	1.81	1.81	0.0201094471129	0.12204004254	4.161071	2.08053532	2.08053532	2	2	1	NA	NA	NA	NA	NA	NA	NA	NA	NA	NA	2	2	0.137492	2	1	0.862508	4	2	2
10	32807954	33029686	3	2	1	2	d	3	1	1	0.0444031651347	0.100546407929	3.188265	1.10013384	2.08813094	2	1	1	NA	NA	NA	NA	NA	NA	NA	NA	NA	NA	2	1	1	NA	NA	NA	3	1	2
10	33029687	37999999	4	2	2	2	d	4	2	2	0.0317054147626	0.1062218192	3.678788	1.83939395	1.83939395	2	2	1	NA	NA	NA	NA	NA	NA	NA	NA	NA	NA	2	2	1	NA	NA	NA	4	2	2
10	38000000	42299999	4	2	2	2	d	3	2	2	0.0489790358065	0.149478886852	3.755729	1.65852586	2.09720291	2	2	1	NA	NA	NA	NA	NA	NA	NA	NA	NA	NA	NA	NA	NA	NA	NA	NA	4	2	2
10	42300000	65019740	4	2	2	3	b	5	2	2	0.0329510952289	0.138361858099	4	2	2	2	2	1	NA	NA	NA	NA	NA	NA	NA	NA	NA	NA	2	2	1	NA	NA	NA	4	2	2
10	65019741	68250078	5	3	2	2	d	3	3	2	0.0424180539221	0.128131384219	4.817389	2.02810609	2.78928286	3	2	1	NA	NA	NA	NA	NA	NA	NA	NA	NA	NA	3	2	1	NA	NA	NA	4	2	2
10	68250079	68445225	3	3	0	2	e	2	3	0	0.0508942601061	0.111869665365	2.630357	0	2.63035677	4	0	1	NA	NA	NA	NA	NA	NA	NA	NA	NA	NA	2	0	1	NA	NA	NA	2	0	2
10	68445226	83560135	5	3	2	2	d	2	2.77	2	0.0418026686336	0.130472243078	4.78055	2.01136116	2.76918895	3	2	1	NA	NA	NA	NA	NA	NA	NA	NA	NA	NA	3	3	1	NA	NA	NA	5	2	3
10	83560136	83560186	6	3	3	2	f	2	NA	NA	NA	NA	4.78055	2.01136116	2.76918895	NA	NA	NA	NA	NA	NA	NA	NA	NA	NA	NA	NA	NA	3	3	1	NA	NA	NA	5	2	3
10	83560187	108384338	2	2	0	2	d	4	2	0	0.0559446802879	0.096513458431	2.135324	0.14203689	1.99328676	2	0	1	NA	NA	NA	NA	NA	NA	NA	NA	NA	NA	2	0	1	NA	NA	NA	2	0	2
10	108384339	135389924	5	3	2	2	d	3	2.64	2	0.0406353473038	0.124379860743	4.642281	1.93984596	2.70243544	3	2	1	NA	NA	NA	NA	NA	NA	NA	NA	NA	NA	3	2	1	NA	NA	NA	5	2	3
11	20721	197336	3	2	1	2	d	3	2	1	0.05	0.1	NA	NA	NA	NA	NA	NA	NA	NA	NA	NA	NA	NA	NA	NA	NA	NA	2	1	1	NA	NA	NA	3	1	2
11	197337	51599999	3	2	1	3	b	5	2	1	0.0484402803357	0.108502171104	3	1	2	2	1	1	NA	NA	NA	NA	NA	NA	NA	NA	NA	NA	2	1	1	NA	NA	NA	3	1	2
11	51600000	55699999	3	2	1	2	d	4	2	1	0.0422067950257	0.229590840256	3.170032	1.11578897	2.05424305	2	1	1	NA	NA	NA	NA	NA	NA	NA	NA	NA	NA	2	1	1	NA	NA	NA	3	1	2
11	55700000	64529202	3	2	1	2	d	4	2	1	0.0497352657213	0.103489259922	3.24584	1.14940513	2.09643489	2	1	1	NA	NA	NA	NA	NA	NA	NA	NA	NA	NA	2	1	1	NA	NA	NA	3	1	2
11	64529203	81433355	3	2	1	2	d	3	2	1	0.0487050295053	0.100744113633	3.220885	1.13985615	2.08102839	2	1	1	NA	NA	NA	NA	NA	NA	NA	NA	NA	NA	2	1	1	NA	NA	NA	4	1	3
11	81433356	102162407	3	2	1	2	d	4	2	1	0.0479996687596	0.102263866324	3.126168	1.10751197	2.0186561	2	1	1	NA	NA	NA	NA	NA	NA	NA	NA	NA	NA	2	1	1	NA	NA	NA	3	1	2
11	102162408	102195661	5	3	2	2	f	1	3	0	0.05	0.1	3.126168	1.10751197	2.0186561	3	1	1	NA	NA	NA	NA	NA	NA	NA	NA	NA	NA	3	1	1	NA	NA	NA	3	1	2
11	102195662	102195692	4	3	1	2	d	2	NA	NA	NA	NA	NA	NA	NA	3	1	1	NA	NA	NA	NA	NA	NA	NA	NA	NA	NA	3	1	1	NA	NA	NA	3	1	2
11	102195693	102255411	3	2	1	2	e	3	1.81	1	0.05	0.1	NA	NA	NA	3	1	1	NA	NA	NA	NA	NA	NA	NA	NA	NA	NA	2	2	0.0196968	2	1	0.980303	3	1	2
11	102255412	102255562	3	2	1	2	e	3	1.81	1	0.05	0.1	NA	NA	NA	NA	NA	NA	NA	NA	NA	NA	NA	NA	NA	NA	NA	NA	2	2	0.0196968	2	1	0.980303	3	1	2
11	102255563	102407023	3	2	1	2	d	2	1.81	1	0.047137612084	0.170170930247	3.343499	1.05850036	2.28499901	2	1	1	NA	NA	NA	NA	NA	NA	NA	NA	NA	NA	2	2	0.0196968	2	1	0.980303	3	1	2
11	102407024	124414122	3	2	1	2	d	4	1.81	1	0.0481607235548	0.0999215204108	3	1	2	2	1	1	NA	NA	NA	NA	NA	NA	NA	NA	NA	NA	2	1	1	NA	NA	NA	3	1	2
11	124414123	127733426	3	2	1	2	d	3	1.81	1	0.0453335912884	0.0978743241509	2.911022	1.02118843	1.88983312	2	1	1	NA	NA	NA	NA	NA	NA	NA	NA	NA	NA	2	1	1	NA	NA	NA	3	1	2
11	127733427	127802972	5	4	1	2	d	4	4	1	0.0378298664182	0.130026356469	4.861302	0.98596637	3.87533525	4	1	1	NA	NA	NA	NA	NA	NA	NA	NA	NA	NA	4	1	1	NA	NA	NA	5	1	4
11	127802973	134452200	3	2	1	2	d	3	1.81	1	0.0460985446761	0.0959717163633	2.838241	0.99543519	1.84280582	2	1	1	NA	NA	NA	NA	NA	NA	NA	NA	NA	NA	2	1	1	NA	NA	NA	3	1	2
12	22500	139092	6	3	3	2	f	2	2.19	2.19	0.05	0.1	NA	NA	NA	NA	NA	NA	NA	NA	NA	NA	NA	NA	NA	NA	NA	NA	3	3	1	NA	NA	NA	5	2	3
12	139093	7573715	4	2	2	2	e	3	2.19	2.19	0.0363462511805	0.174071283861	4.791156	2.13474319	2.65641265	2	2	0.530149248424403	3	2	0.469850751575597	0.0153831143804443	0.0152951790858314	0.502920051135584	0.561955084540513	NA	NA	NA	3	3	1	NA	NA	NA	5	2	3
12	7573716	7579396	5	3	2	1	h	1	4	2.64	0.05	0.1	4.791156	2.13474319	2.65641265	NA	NA	NA	NA	NA	NA	NA	NA	NA	NA	NA	NA	NA	5	4	1	NA	NA	NA	7	0	0
12	7579397	9205517	8	5	3	2	f	3	4	2.64	0.0383130860761	0.213622589423	7.556519	2.99846492	4.55805437	4	3	0.513107177807584	5	3	0.486892822192416	0.0411026759080848	0.0406337551475663	0.396820005510231	0.555878059276068	NA	NA	NA	5	4	1	NA	NA	NA	8	3	5
12	9205518	12443981	6	3	3	2	d	2	3	3	0.0378891230392	0.156850777567	6.593841	2.98255877	3.61128246	4	3	0.622534394285949	4	4	0.377465605714051	0.0224605368236419	0.0224621942328424	0.568712430310701	0.656838337024355	NA	NA	NA	4	4	1	NA	NA	NA	6	3	3
12	12443982	20867608	3	3	0	2	e	5	3.33	0	0.0478767662496	0.102314293975	3.730356	0.18080067	3.54955559	3	0	0.328358128197418	4	0	0.671641871802582	0.0241788055857057	0.0238103652252706	0.350107674621566	0.446874589968804	NA	NA	NA	4	0	0.0917902	3	0	0.90821	3	0	3
12	20867609	21118996	5	3	2	2	d	2	3	2	0.0316853755359	0.125407182063	5.68656	2.09794814	3.58861195	3	2	0.472985057379313	4	2	0.527014942620687	0.0929856881370032	0.0924299433262754	0.347645771027866	0.718165846807056	NA	NA	NA	4	2	0.38729	3	2	0.61271	5	2	3
12	21118997	21123703	4	3	1	2	d	2	NA	NA	NA	NA	5.68656	2.09794814	3.58861195	3	1	1	NA	NA	NA	NA	NA	NA	NA	NA	NA	NA	3	0	1	NA	NA	NA	4	1	3
12	21123704	21175629	3	3	0	2	d	3	4	0	0.05	0.118060293315	3.947848	0.38666557	3.56118249	3	0	1	NA	NA	NA	NA	NA	NA	NA	NA	NA	NA	3	0	1	NA	NA	NA	3	0	3
12	21175630	21670504	5	3	2	2	d	2	3	2	0.0426889587566	0.124676728926	5.643423	2.17550214	3.46792058	3	2	0.538242106209242	4	2	0.461757893790758	0.0528836316566856	0.0520682086937792	0.46457527405271	0.665471144513721	NA	NA	NA	4	3	0.563599	4	2	0.436401	5	2	3
12	21670505	21690948	7	4	3	1	g	NA	3	2	0.05	0.1	5.643423	2.17550214	3.46792058	4	3	1	NA	NA	NA	NA	NA	NA	NA	NA	NA	NA	4	3	0.563599	4	2	0.436401	6	2	4
12	21690949	21734499	5	3	2	2	d	2	3	2	0.05	0.1	NA	NA	NA	4	2	0.594224541639951	4	3	0.405775458360049	0.181030970404822	0.173594028004666	0.280450851330979	0.951792143431766	NA	NA	NA	NA	NA	NA	NA	NA	NA	5	2	3
12	21734500	21799984	4	3	1	2	d	2	3	1	0.05	0.133790923099	NA	NA	NA	4	1	1	NA	NA	NA	NA	NA	NA	NA	NA	NA	NA	4	2	0.396449	4	1	0.603551	4	1	3
12	21799985	22802650	5	3	2	2	e	4	3.33	2	0.0409999409704	0.127348816163	5.704263	2.13003569	3.57422762	3	2	0.497832933664545	4	2	0.502167066335455	0.0515508142500492	0.0507501605959167	0.405933089994461	0.606162829264789	NA	NA	NA	4	3	0.465416	4	2	0.534584	5	2	3
12	22802651	22818359	4	3	1	2	d	2	3	1	0.05	0.1	5.704263	2.13003569	3.57422762	4	1	1	NA	NA	NA	NA	NA	NA	NA	NA	NA	NA	4	1	0.168973	3	1	0.831027	4	1	3
12	22818360	22869222	4	3	1	2	d	2	3	1	0.0356687233477	0.143060479256	4.513154	1.02872982	3.48442397	4	1	1	NA	NA	NA	NA	NA	NA	NA	NA	NA	NA	4	1	0.168973	3	1	0.831027	4	1	3
12	22869223	22920735	6	4	2	2	f	3	3	3	0.05	0.1	5.590102	1.99095531	3.59914637	4	2	1	NA	NA	NA	NA	NA	NA	NA	NA	NA	NA	4	3	0.547029	4	2	0.452971	5	2	3
12	22920736	31262401	4	3	1	2	e	5	3.19	1	0.0497768012453	0.115270339291	4.504149	1.07882631	3.42532252	3	1	0.518171737537314	4	1	0.481828262462686	0.0163427651833013	0.0159663833422816	0.486371380667498	0.550463560453316	NA	NA	NA	4	1	0.300818	3	1	0.699182	4	1	3
12	31262402	33299999	4	3	1	2	e	3	3.33	0.81	0.0505374176266	0.182909417186	4.643419	1.12602581	3.51739348	3	1	0.518171737537314	4	1	0.481828262462686	0.0163427651833013	0.0159663833422816	0.486371380667498	0.550463560453316	NA	NA	NA	4	2	0.352263	4	1	0.647737	5	1	4
12	33300000	38199999	NA	NA	NA	NA	NA	NA	3.33	0.81	0.0593345628527	0.183858194763	4.263923	0.94507632	3.31884655	NA	NA	NA	NA	NA	NA	NA	NA	NA	NA	NA	NA	NA	3	1	1	NA	NA	NA	3	0	3
12	38200000	49331265	3	3	0	2	e	5	3.33	0	0.0481610715546	0.104753363139	3.718069	0.1736826	3.54438688	3	0	0.395947432413219	4	0	0.604052567586781	0.0219648619765838	0.0224414691903272	0.351261128006397	0.43966269003438	NA	NA	NA	4	0	0.111117	3	0	0.888883	3	0	3
12	49331266	49459754	5	4	1	2	f	2	3	1	0.05	0.128131178329	3.718069	0.1736826	3.54438688	5	1	1	NA	NA	NA	NA	NA	NA	NA	NA	NA	NA	4	0	0.111117	3	0	0.888883	5	1	4
12	49459755	50290401	4	4	0	1	g	NA	3	0	0.0456911976322	0.119623708185	3.929516	0.21824123	3.71127448	4	0	0.880778700758029	4	1	0.119221299241971	0.0380710675756084	0.0375361468639426	0.77231178562478	0.919897384285865	NA	NA	NA	NA	NA	NA	NA	NA	NA	4	0	4
12	50290402	50290734	3	3	0	2	f	2	3	0	0.05	0.1	3.929516	0.21824123	3.71127448	9	1	0.256290009003407	9	2	0.743709990996593	NA	0	0.256290009003407	0.256290009003407	NA	NA	NA	NA	NA	NA	NA	NA	NA	4	0	4
12	50290735	62955090	4	4	0	2	d	2	3	0	0.0496775736877	0.106491739236	3.801034	0.18397955	3.61705488	4	0	1	NA	NA	NA	NA	NA	NA	NA	NA	NA	NA	4	0	0.706494	4	1	0.293506	4	0	4
12	62955091	63027289	2	2	0	2	d	4	2	0	0.05	0.0815433922138	2.097343	0.15405156	1.94329178	2	0	1	NA	NA	NA	NA	NA	NA	NA	NA	NA	NA	2	0	1	NA	NA	NA	2	0	2
12	63027290	63133485	3	2	1	2	d	3	1	1	0.05	0.0767763840316	2.097343	0.15405156	1.94329178	2	1	1	NA	NA	NA	NA	NA	NA	NA	NA	NA	NA	2	1	1	NA	NA	NA	3	1	2
12	63133486	63133675	3	2	1	2	d	3	1.36	1	0.05	0.1	NA	NA	NA	2	1	1	NA	NA	NA	NA	NA	NA	NA	NA	NA	NA	2	1	1	NA	NA	NA	3	1	2
12	63133676	63318586	3	2	1	2	d	3	1.36	1	0.0346299023997	0.0945380716957	2.723822	0.97644091	1.74738122	2	1	1	NA	NA	NA	NA	NA	NA	NA	NA	NA	NA	2	1	1	NA	NA	NA	3	1	2
12	63318587	75969383	4	3	1	2	e	4	3.33	0.81	0.0473648936091	0.124921552846	4.773916	1.13349367	3.64042185	3	1	0.378629295230027	4	1	0.621370704769973	0.00763413840014554	0.00784731275147587	0.362935719443714	0.394171741680036	NA	NA	NA	4	1	1	NA	NA	NA	4	1	3
12	75969384	75969431	4	3	1	2	e	4	3.33	0.81	0.05	0.1	4.773916	1.13349367	3.64042185	3	1	0.378629295230027	4	1	0.621370704769973	0.00763413840014554	0.00784731275147587	0.362935719443714	0.394171741680036	NA	NA	NA	4	1	1	NA	NA	NA	4	1	3
12	75969432	119709550	4	3	1	2	e	4	3.33	0.81	0.0487069872493	0.11730456017	4.596651	1.08078821	3.51586293	3	1	0.378629295230027	4	1	0.621370704769973	0.00763413840014554	0.00784731275147587	0.362935719443714	0.394171741680036	NA	NA	NA	4	2	0.325455	4	1	0.674545	4	1	3
12	119709551	119723000	4	3	1	2	e	5	3.33	0.81	0.05	0.1	4.596651	1.08078821	3.51586293	3	1	0.378629295230027	4	1	0.621370704769973	0.00763413840014554	0.00784731275147587	0.362935719443714	0.394171741680036	NA	NA	NA	4	1	0.394049	3	1	0.605951	4	1	3
12	119723001	132349400	4	3	1	2	e	4	3.33	0.81	0.0501913344865	0.113504587955	4.352551	1.0080324	3.34451836	3	1	0.378629295230027	4	1	0.621370704769973	0.00763413840014554	0.00784731275147587	0.362935719443714	0.394171741680036	NA	NA	NA	4	1	0.394049	3	1	0.605951	5	1	4
12	132349401	133851894	5	4	1	2	d	2	NA	NA	NA	NA	4.309209	1.00973377	3.29947541	3	1	0.378629295230027	4	1	0.621370704769973	0.00763413840014554	0.00784731275147587	0.362935719443714	0.394171741680036	NA	NA	NA	4	1	1	NA	NA	NA	5	1	4
13	1	16299999	3	2	1	1	h	1	NA	NA	NA	NA	NA	NA	NA	NA	NA	NA	NA	NA	NA	NA	NA	NA	NA	NA	NA	NA	NA	NA	NA	NA	NA	NA	3	1	2
13	16300000	19499999	3	2	1	2	d	2	1.81	1	0.05	0.183367293444	NA	NA	NA	2	1	1	NA	NA	NA	NA	NA	NA	NA	NA	NA	NA	NA	NA	NA	NA	NA	NA	3	1	2
13	19500000	52191689	3	2	1	2	d	4	1.81	1	0.0492986707651	0.0998663007538	3	1	2	2	1	1	NA	NA	NA	NA	NA	NA	NA	NA	NA	NA	2	1	1	NA	NA	NA	3	1	2
13	52191690	52193828	3	2	1	2	d	4	1.81	1	0.05	0.1	3	1	2	2	1	1	NA	NA	NA	NA	NA	NA	NA	NA	NA	NA	2	1	1	NA	NA	NA	3	1	2
13	52193829	60272885	3	2	1	2	d	3	1.81	1	0.0464552846418	0.100034349348	3.16515	1.11467783	2.0504723	2	1	1	NA	NA	NA	NA	NA	NA	NA	NA	NA	NA	2	1	1	NA	NA	NA	3	1	2
13	60272886	60278245	3	2	1	2	e	3	1.81	1	0.05	0.1	3.16515	1.11467783	2.0504723	3	0	1	NA	NA	NA	NA	NA	NA	NA	NA	NA	NA	2	1	1	NA	NA	NA	2	0	2
13	60278246	89676152	3	2	1	2	d	3	1.81	1	0.0473704899345	0.0976639897297	3.161582	1.12280421	2.03877747	2	1	1	NA	NA	NA	NA	NA	NA	NA	NA	NA	NA	2	1	1	NA	NA	NA	3	1	2
13	89676153	89677127	3	2	1	2	d	3	1.81	1	0.05	0.1	3.161582	1.12280421	2.03877747	2	1	1	NA	NA	NA	NA	NA	NA	NA	NA	NA	NA	2	1	1	NA	NA	NA	3	1	2
13	89677128	102716893	3	2	1	2	d	4	1.81	1	0.0487590431934	0.096470634878	3	1	2	2	1	1	NA	NA	NA	NA	NA	NA	NA	NA	NA	NA	2	1	1	NA	NA	NA	3	1	2
13	102716894	114142800	3	2	1	2	d	4	1.81	1	0.0494715444567	0.100458771536	3	1	2	2	1	1	NA	NA	NA	NA	NA	NA	NA	NA	NA	NA	2	1	1	NA	NA	NA	3	1	2
13	114142801	115169877	3	2	1	2	d	3	NA	NA	NA	NA	2.955138	1.08692727	1.86821046	2	1	1	NA	NA	NA	NA	NA	NA	NA	NA	NA	NA	2	1	1	NA	NA	NA	3	1	2
14	1	16099999	3	2	1	1	h	1	NA	NA	NA	NA	NA	NA	NA	NA	NA	NA	NA	NA	NA	NA	NA	NA	NA	NA	NA	NA	NA	NA	NA	NA	NA	NA	3	1	2
14	16100000	19099999	3	2	1	2	d	2	2	1	0.05	0.119739979466	NA	NA	NA	NA	NA	NA	NA	NA	NA	NA	NA	NA	NA	NA	NA	NA	2	0	1	NA	NA	NA	3	1	2
14	19100000	40742328	3	2	1	2	d	4	2	1	0.0470318207206	0.124690423511	3.170356	1.11810077	2.05225514	2	1	1	NA	NA	NA	NA	NA	NA	NA	NA	NA	NA	2	1	1	NA	NA	NA	3	1	2
14	40742329	40905507	2	2	0	2	d	4	2	0	0.0544158409418	0.0965049278599	2.398386	0.25421091	2.14417462	2	0	1	NA	NA	NA	NA	NA	NA	NA	NA	NA	NA	2	0	1	NA	NA	NA	2	0	2
14	40905508	62064436	3	2	1	2	d	4	2	1	0.0484148311378	0.103903300077	3.156746	1.12071623	2.03603013	2	1	1	NA	NA	NA	NA	NA	NA	NA	NA	NA	NA	2	1	1	NA	NA	NA	3	1	2
14	62064437	62088162	6	3	3	1	g	NA	2	2	0.05	0.1	3.156746	1.12071623	2.03603013	3	3	1	NA	NA	NA	NA	NA	NA	NA	NA	NA	NA	3	3	1	NA	NA	NA	5	2	3
14	62088163	68784282	3	2	1	2	d	4	2	1	0.0462893572073	0.102471814289	3.098392	1.11143608	1.98695543	2	1	1	NA	NA	NA	NA	NA	NA	NA	NA	NA	NA	2	1	1	NA	NA	NA	3	1	2
14	68784283	68919615	3	2	1	2	d	4	2	1	0.05	0.106582297561	3.098392	1.11143608	1.98695543	2	1	1	NA	NA	NA	NA	NA	NA	NA	NA	NA	NA	2	1	1	NA	NA	NA	3	1	2
14	68919616	95569175	3	2	1	2	d	4	2	1	0.048891403731	0.105642879691	3.147777	1.10720059	2.04057594	2	1	1	NA	NA	NA	NA	NA	NA	NA	NA	NA	NA	2	1	1	NA	NA	NA	3	1	2
14	95569176	95623862	3	2	1	2	f	3	2	1	0.05	0.1	3.147777	1.10720059	2.04057594	1	1	1	NA	NA	NA	NA	NA	NA	NA	NA	NA	NA	2	1	1	NA	NA	NA	2	1	1
14	95623863	106399989	3	2	1	3	b	5	2	1	0.0488802627155	0.170592717498	3	1	2	2	1	1	NA	NA	NA	NA	NA	NA	NA	NA	NA	NA	2	1	1	NA	NA	NA	3	1	2
15	1	15799999	2	2	0	1	h	1	NA	NA	NA	NA	NA	NA	NA	NA	NA	NA	NA	NA	NA	NA	NA	NA	NA	NA	NA	NA	NA	NA	NA	NA	NA	NA	2	0	2
15	15800000	20699999	2	2	0	2	d	3	2	0	0.05	0.287867941413	NA	NA	NA	2	0	1	NA	NA	NA	NA	NA	NA	NA	NA	NA	NA	1	0	1	NA	NA	NA	2	0	2
15	20700000	60704259	2	2	0	2	d	4	2	0	0.0575451126502	0.104752992279	2.115422	0.13709777	1.97832426	2	0	1	NA	NA	NA	NA	NA	NA	NA	NA	NA	NA	2	0	1	NA	NA	NA	2	0	2
15	60704260	60715236	2	2	0	2	d	4	2	0	0.05	0.1	2.115422	0.13709777	1.97832426	2	0	1	NA	NA	NA	NA	NA	NA	NA	NA	NA	NA	2	0	1	NA	NA	NA	2	0	2
15	60715237	100338800	2	2	0	2	d	4	2	0	0.0580521000982	0.0895911307568	2.152901	0.12504099	2.02785976	2	0	1	NA	NA	NA	NA	NA	NA	NA	NA	NA	NA	2	0	1	NA	NA	NA	2	0	2
15	100338801	102397824	2	2	0	2	d	3	NA	NA	NA	NA	2.130544	0.14220397	1.98834026	2	0	1	NA	NA	NA	NA	NA	NA	NA	NA	NA	NA	2	0	1	NA	NA	NA	2	0	2
16	106493	32346140	3	3	0	2	d	4	3	0	0.0536192557722	0.125201167505	3.041319	0.13435986	2.90695944	3	0	1	NA	NA	NA	NA	NA	NA	NA	NA	NA	NA	3	0	1	NA	NA	NA	3	0	3
16	32346141	34599999	2	2	0	2	d	2	3	0	0.0592891669405	0.223910826306	2.935842	0.050785	2.88505732	2	0	0.739803699537053	2	1	0.260196300462947	0.0595369733525397	0.0589425062993269	0.620460365244965	0.853573760953342	NA	NA	NA	2	0	1	NA	NA	NA	2	0	2
16	34600000	38599999	NA	NA	NA	NA	NA	NA	3	0	0.0641970517008	0.135137691307	2.925718	0.12498146	2.80073664	2	0	0.739803699537053	2	1	0.260196300462947	0.0595369733525397	0.0589425062993269	0.620460365244965	0.853573760953342	NA	NA	NA	2	0	1	NA	NA	NA	3	0	3
16	38600000	78436665	3	3	0	2	d	4	3	0	0.0529178324907	0.105236706059	3.006825	0.13127839	2.87554664	3	0	1	NA	NA	NA	NA	NA	NA	NA	NA	NA	NA	3	0	1	NA	NA	NA	3	0	3
16	78436666	78693602	0	0	0	2	d	4	0	0	0.060645719569	0.0624208422737	0	0	0	0	0	0.662208947794165	1	0	0.337791052205835	0.0500775491477813	0.0494331535450049	0.549544521727089	0.746778935266239	NA	NA	NA	0	0	1	NA	NA	NA	0	0	0
16	78693603	78776170	0	0	0	3	b	5	0	0	0.0500370523289	0.0463505715903	0	0	0	0	0	1	NA	NA	NA	NA	NA	NA	NA	NA	NA	NA	0	0	1	NA	NA	NA	0	0	0
16	78776171	78907681	0	0	0	2	d	4	0	0	0.0634423285491	0.0749192229482	0	0	0	0	0	0.604151110696284	1	0	0.395848889303716	0.0801386675802127	0.0786027176772735	0.403864190281172	0.711654611242679	NA	NA	NA	0	0	1	NA	NA	NA	0	0	0
16	78907682	85968404	3	3	0	2	d	4	3	0	0.0553845769112	0.120823926828	2.953778	0.09192433	2.86185338	3	0	1	NA	NA	NA	NA	NA	NA	NA	NA	NA	NA	3	0	1	NA	NA	NA	3	0	3
16	85968405	85968557	3	3	0	2	d	4	3	0	0.05	0.1	2.953778	0.09192433	2.86185338	3	0	1	NA	NA	NA	NA	NA	NA	NA	NA	NA	NA	3	0	1	NA	NA	NA	3	0	3
16	85968558	88827200	3	3	0	2	d	4	3	0	0.0553657517779	0.114677257886	2.676456	0.01392565	2.66253072	3	0	1	NA	NA	NA	NA	NA	NA	NA	NA	NA	NA	3	0	1	NA	NA	NA	3	0	3
16	88827201	90354752	3	3	0	2	d	3	NA	NA	NA	NA	3.240214	0.16387056	3.07634306	3	0	1	NA	NA	NA	NA	NA	NA	NA	NA	NA	NA	3	0	1	NA	NA	NA	3	0	3
17	7293	12809124	3	2	1	2	d	4	2	1	0.050386181137	0.107404606422	3.16758	1.12239833	2.04518164	2	1	1	NA	NA	NA	NA	NA	NA	NA	NA	NA	NA	2	1	1	NA	NA	NA	3	1	2
17	12809125	12810321	3	2	1	2	d	4	2	1	0.05	0.1	3.16758	1.12239833	2.04518164	2	1	1	NA	NA	NA	NA	NA	NA	NA	NA	NA	NA	2	1	1	NA	NA	NA	3	1	2
17	12810322	22199999	3	2	1	3	b	5	2	1	0.0510355944653	0.137440872363	3	1	2	2	1	1	NA	NA	NA	NA	NA	NA	NA	NA	NA	NA	2	1	1	NA	NA	NA	3	1	2
17	22200000	25799999	3	2	1	2	d	3	2	1	0.0463665254231	0.133446559144	2.759197	0.9475365	1.81166054	NA	NA	NA	NA	NA	NA	NA	NA	NA	NA	NA	NA	NA	2	1	1	NA	NA	NA	3	1	2
17	25800000	34944978	3	2	1	2	d	2	2	1	0.0507882045134	0.10268142085	3.192249	1.12450368	2.06774515	2	1	1	NA	NA	NA	NA	NA	NA	NA	NA	NA	NA	2	2	0.0483507	2	1	0.951649	4	1	3
17	34944979	34946300	3	2	1	2	d	3	2	1	0.05	0.1	3.192249	1.12450368	2.06774515	2	1	1	NA	NA	NA	NA	NA	NA	NA	NA	NA	NA	2	1	1	NA	NA	NA	4	1	3
17	34946301	70529422	3	2	1	2	d	4	2	1	0.0486352027296	0.115088756885	3.158202	1.11168767	2.04651473	2	1	1	NA	NA	NA	NA	NA	NA	NA	NA	NA	NA	2	1	1	NA	NA	NA	3	1	2
17	70529423	70861829	1	1	0	2	d	3	1	0	0.0599584668544	0.0685167560589	0.835551	0	0.83555063	1	0	1	NA	NA	NA	NA	NA	NA	NA	NA	NA	NA	0	0	1	NA	NA	NA	1	0	1
17	70861830	78774600	3	2	1	2	d	2	2	1	0.0509224864246	0.111855694997	3.196354	1.11589774	2.08045624	2	1	1	NA	NA	NA	NA	NA	NA	NA	NA	NA	NA	2	2	0.0437739	2	1	0.956226	4	1	3
17	78774601	81195209	3	2	1	2	f	2	NA	NA	NA	NA	3.371484	1.19095335	2.18053039	2	1	1	NA	NA	NA	NA	NA	NA	NA	NA	NA	NA	2	2	0.0437739	2	1	0.956226	4	1	3
18	27500	135974	3	2	1	2	d	2	2	1	0.05	0.159955438348	NA	NA	NA	NA	NA	NA	NA	NA	NA	NA	NA	NA	NA	NA	NA	NA	2	0	1	NA	NA	NA	3	1	2
18	135975	1884803	3	2	1	2	d	4	2	1	0.0458077883157	0.109511159976	2.799083	1.01826304	1.78081963	2	1	1	NA	NA	NA	NA	NA	NA	NA	NA	NA	NA	2	1	1	NA	NA	NA	3	1	2
18	1884804	2079983	4	3	1	2	d	4	3	1	0.0471632967217	0.122576602784	3.957631	1.16216486	2.79546633	3	1	1	NA	NA	NA	NA	NA	NA	NA	NA	NA	NA	3	1	1	NA	NA	NA	4	1	3
18	2079984	14139803	3	2	1	2	d	4	2	1	0.0486922498323	0.104685910251	2.89237	1.04870997	1.84365964	2	1	1	NA	NA	NA	NA	NA	NA	NA	NA	NA	NA	2	1	1	NA	NA	NA	3	1	2
18	14139804	15399999	3	2	1	2	d	3	2	1	0.0448088573712	0.154901273678	2.637026	0.86539748	1.77162899	2	1	1	NA	NA	NA	NA	NA	NA	NA	NA	NA	NA	2	1	0.959454	1	1	0.0405456	3	1	2
18	15400000	18999999	NA	NA	NA	NA	NA	NA	2	2	0.05	0.122652841354	3.701982	1.85099104	1.85099104	2	1	0.382441440882826	2	2	0.617558559117174	0.0213450386841769	0.0215401214902159	0.340706983956757	0.427145393198934	NA	NA	NA	2	2	1	NA	NA	NA	3	1	2
18	19000000	22345275	4	2	2	2	d	3	2	2	0.0343499286516	0.111254573299	3.495259	1.7476297	1.7476297	2	1	0.382441440882826	2	2	0.617558559117174	0.0213450386841769	0.0215401214902159	0.340706983956757	0.427145393198934	NA	NA	NA	2	2	1	NA	NA	NA	4	2	2
18	22345276	22386322	4	2	2	2	d	2	2	2	0.0372551643047	0.1	3.590161	1.79508072	1.79508072	2	2	1	NA	NA	NA	NA	NA	NA	NA	NA	NA	NA	2	2	0.692381	2	1	0.307619	3	1	2
18	22386323	61969821	3	2	1	3	b	5	2	1	0.0485789637832	0.105765326064	3	1	2	2	1	1	NA	NA	NA	NA	NA	NA	NA	NA	NA	NA	2	1	1	NA	NA	NA	3	1	2
18	61969822	70984025	3	2	1	2	d	4	2	1	0.0460018834824	0.119626715354	3.157196	1.1138692	2.04332716	2	1	1	NA	NA	NA	NA	NA	NA	NA	NA	NA	NA	2	1	1	NA	NA	NA	3	1	2
18	70984026	70985597	3	2	1	2	d	3	2	1	0.05	0.1	3.157196	1.1138692	2.04332716	3	1	1	NA	NA	NA	NA	NA	NA	NA	NA	NA	NA	2	1	1	NA	NA	NA	3	1	2
18	70985598	76117000	3	2	1	3	b	5	2	1	0.0499606575364	0.101129179861	3	1	2	2	1	1	NA	NA	NA	NA	NA	NA	NA	NA	NA	NA	2	1	1	NA	NA	NA	3	1	2
18	76117001	78077247	3	2	1	2	d	3	NA	NA	NA	NA	2.711862	0.92203291	1.7898292	2	1	1	NA	NA	NA	NA	NA	NA	NA	NA	NA	NA	2	1	1	NA	NA	NA	3	1	2
19	102500	255095	2	1	1	2	d	2	NA	NA	NA	NA	NA	NA	NA	1	1	1	NA	NA	NA	NA	NA	NA	NA	NA	NA	NA	1	1	1	NA	NA	NA	3	1	2
19	255096	8110942	2	1	1	2	d	2	1	1	0.040449331814	0.0966062878334	2.488733	1.24436658	1.24436658	1	1	1	NA	NA	NA	NA	NA	NA	NA	NA	NA	NA	2	1	0.456356	1	1	0.543644	3	1	2
19	8110943	14274750	3	2	1	2	d	2	2	1	0.0495986175102	0.108565926942	3.534588	1.26085498	2.27373256	2	1	1	NA	NA	NA	NA	NA	NA	NA	NA	NA	NA	2	1	0.456356	1	1	0.543644	4	1	3
19	14274751	14282779	3	2	1	2	d	2	2	1	0.05	0.1	3.534588	1.26085498	2.27373256	2	1	1	NA	NA	NA	NA	NA	NA	NA	NA	NA	NA	2	2	0.0649284	2	1	0.935072	4	1	3
19	14282780	24399999	3	2	1	2	d	2	2	1	0.0495530111073	0.124521090023	3.434228	1.20452996	2.22969825	2	1	1	NA	NA	NA	NA	NA	NA	NA	NA	NA	NA	2	2	0.0649284	2	1	0.935072	4	1	3
19	24400000	28599999	3	2	1	2	d	2	2	1	0.0484419593238	0.11588893639	3.046868	1.10841079	1.9384568	NA	NA	NA	NA	NA	NA	NA	NA	NA	NA	NA	NA	NA	2	1	1	NA	NA	NA	4	1	3
19	28600000	48120013	3	2	1	2	d	3	2	1	0.0495113425406	0.123897745072	3.239501	1.13438947	2.10511189	2	1	1	NA	NA	NA	NA	NA	NA	NA	NA	NA	NA	2	1	1	NA	NA	NA	4	1	3
19	48120014	50434808	3	2	1	2	d	2	2	0.81	0.0568516692571	0.0983382183455	3.454399	1.22648826	2.22791027	2	1	1	NA	NA	NA	NA	NA	NA	NA	NA	NA	NA	2	1	1	NA	NA	NA	4	1	3
19	50434809	59128982	3	2	1	2	e	4	1.81	1	0.0512194705263	0.139748015223	3.592709	1.29597589	2.2967329	2	1	1	NA	NA	NA	NA	NA	NA	NA	NA	NA	NA	2	2	0.033883	2	1	0.966117	4	1	3
20	32079	6096689	5	3	2	2	f	1	3	2.19	0.0369848489582	0.127733050143	7	3	4	NA	NA	NA	NA	NA	NA	NA	NA	NA	NA	NA	NA	NA	5	4	1	NA	NA	NA	NA	NA	NA
20	6096690	6188337	6	4	2	1	h	1	3	1	0.0417150788829	0.0912911124653	5.338557	1.75585491	3.58270208	NA	NA	NA	NA	NA	NA	NA	NA	NA	NA	NA	NA	NA	4	2	1	NA	NA	NA	NA	NA	NA
20	6188338	14742278	5	3	2	2	f	2	3	2.19	0.0357373407946	0.127248113997	6.529754	2.83074113	3.69901281	NA	NA	NA	NA	NA	NA	NA	NA	NA	NA	NA	NA	NA	4	3	1	NA	NA	NA	NA	NA	NA
20	14742279	14800271	5	3	2	2	e	3	3	2.19	0.05	0.096149226587	6.529754	2.83074113	3.69901281	NA	NA	NA	NA	NA	NA	NA	NA	NA	NA	NA	NA	NA	4	2	0.871681	3	2	0.128319	NA	NA	NA
20	14800272	14819032	5	3	2	2	f	2	3	1.54	0.05	0.1	NA	NA	NA	NA	NA	NA	NA	NA	NA	NA	NA	NA	NA	NA	NA	NA	4	2	0.871681	3	2	0.128319	NA	NA	NA
20	14819033	14906450	5	3	2	2	f	2	3	1.54	0.05	0.102764043623	NA	NA	NA	NA	NA	NA	NA	NA	NA	NA	NA	NA	NA	NA	NA	NA	4	2	0.871681	3	2	0.128319	NA	NA	NA
20	14906451	14941521	5	3	2	2	f	2	3	1.54	0.05	0.1	NA	NA	NA	NA	NA	NA	NA	NA	NA	NA	NA	NA	NA	NA	NA	NA	4	2	0.871681	3	2	0.128319	NA	NA	NA
20	14941522	14946226	5	3	2	2	f	2	3	1.54	0.05	0.1	NA	NA	NA	NA	NA	NA	NA	NA	NA	NA	NA	NA	NA	NA	NA	NA	4	2	0.871681	3	2	0.128319	NA	NA	NA
20	14946227	15161272	5	3	2	2	f	2	3	1.54	0.0421299332929	0.148904488098	4.894306	1.64014382	3.25416235	NA	NA	NA	NA	NA	NA	NA	NA	NA	NA	NA	NA	NA	4	2	0.871681	3	2	0.128319	NA	NA	NA
20	15161273	15194825	6	4	2	2	f	2	2.64	2	0.05	0.1	4.894306	1.64014382	3.25416235	NA	NA	NA	NA	NA	NA	NA	NA	NA	NA	NA	NA	NA	4	3	1	NA	NA	NA	6	2	4
20	15194826	25599999	6	4	2	2	f	1	2.64	2	0.0389199949987	0.13223880803	6.409821	2.75869969	3.65112148	4	3	1	NA	NA	NA	NA	NA	NA	NA	NA	NA	NA	4	4	1	NA	NA	NA	6	2	4
20	25600000	29512499	NA	NA	NA	NA	NA	NA	2.64	2	0.05	0.293192655354	6.409821	2.75869969	3.65112148	NA	NA	NA	NA	NA	NA	NA	NA	NA	NA	NA	NA	NA	4	3	1	NA	NA	NA	6	2	4
20	29512500	35601867	7	4	3	2	d	2	2.64	2	0.0373666299561	0.136665463566	6.807762	2.93282099	3.87494074	4	3	1	NA	NA	NA	NA	NA	NA	NA	NA	NA	NA	5	4	1	NA	NA	NA	7	3	4
20	35601868	35603618	5	3	2	1	g	NA	2.64	2	0.05	0.1	6.807762	2.93282099	3.87494074	3	2	1	NA	NA	NA	NA	NA	NA	NA	NA	NA	NA	4	4	1	NA	NA	NA	7	3	4
20	35603619	62432500	7	4	3	2	d	2	2.64	2	0.0385609742321	0.132620018827	6.491371	2.78198116	3.70938976	4	3	1	NA	NA	NA	NA	NA	NA	NA	NA	NA	NA	4	4	1	NA	NA	NA	7	3	4
21	1	9417499	NA	NA	NA	NA	NA	NA	2	1	0.05	0.1	NA	NA	NA	NA	NA	NA	NA	NA	NA	NA	NA	NA	NA	NA	NA	NA	3	0	1	NA	NA	NA	NA	NA	NA
21	9417500	10899999	NA	NA	NA	NA	NA	NA	2	1	0.05	0.263853485937	NA	NA	NA	NA	NA	NA	NA	NA	NA	NA	NA	NA	NA	NA	NA	NA	3	0	1	NA	NA	NA	NA	NA	NA
21	10900000	14711806	2	2	0	1	h	1	2	1	0.05	0.190243338159	NA	NA	NA	NA	NA	NA	NA	NA	NA	NA	NA	NA	NA	NA	NA	NA	2	0	1	NA	NA	NA	NA	NA	NA
21	14711807	37682281	3	2	1	2	d	3	2	1	0.0470400399667	0.108923588293	3.11766	1.11662915	2.00103126	2	1	1	NA	NA	NA	NA	NA	NA	NA	NA	NA	NA	2	1	1	NA	NA	NA	NA	NA	NA
21	37682282	37712285	5	3	2	2	e	1	2	1	0.05	0.1	3.11766	1.11662915	2.00103126	2	2	1	NA	NA	NA	NA	NA	NA	NA	NA	NA	NA	2	1	1	NA	NA	NA	4	2	2
21	37712286	46937500	3	2	1	3	b	5	2	1	0.0516115942323	0.105814414736	3	1	2	2	1	1	NA	NA	NA	NA	NA	NA	NA	NA	NA	NA	2	1	1	NA	NA	NA	3	1	2
21	46937501	48129894	3	2	1	2	d	3	NA	NA	NA	NA	2.896721	1.04962442	1.84709683	2	1	1	NA	NA	NA	NA	NA	NA	NA	NA	NA	NA	2	1	1	NA	NA	NA	3	1	2
22	1	12199999	3	2	1	1	h	1	NA	NA	NA	NA	NA	NA	NA	NA	NA	NA	NA	NA	NA	NA	NA	NA	NA	NA	NA	NA	NA	NA	NA	NA	NA	NA	3	1	2
22	12200000	17899999	3	2	1	3	b	5	2	1	0.0498074203185	0.124129269771	3	1	2	2	1	1	NA	NA	NA	NA	NA	NA	NA	NA	NA	NA	2	1	1	NA	NA	NA	3	1	2
22	17900000	19049963	3	2	1	3	b	5	2	1	0.0354646518172	0.1284932126	3	1	2	2	1	1	NA	NA	NA	NA	NA	NA	NA	NA	NA	NA	2	1	1	NA	NA	NA	3	1	2
22	19049964	19053791	3	2	1	2	d	3	2	1	0.05	0.1	3	1	2	3	0	1	NA	NA	NA	NA	NA	NA	NA	NA	NA	NA	2	1	1	NA	NA	NA	2	0	2
22	19053792	25539932	3	2	1	2	d	4	2	1	0.0524623707501	0.118506461274	3	1	2	2	1	1	NA	NA	NA	NA	NA	NA	NA	NA	NA	NA	2	1	1	NA	NA	NA	4	1	3
22	25539933	25565921	2	1	1	2	d	2	2	1	0.05	0.1	1.591623	0.7958114	0.7958114	1	1	1	NA	NA	NA	NA	NA	NA	NA	NA	NA	NA	1	0	0.398507	1	1	0.601493	2	1	1
22	25565922	29065701	3	2	1	2	d	4	2	1	0.0482804605853	0.108703470189	2.72506	0.94166416	1.78339618	2	1	1	NA	NA	NA	NA	NA	NA	NA	NA	NA	NA	2	1	1	NA	NA	NA	3	1	2
22	29065702	29065820	3	2	1	2	d	3	NA	NA	NA	NA	2.72506	0.94166416	1.78339618	2	1	1	NA	NA	NA	NA	NA	NA	NA	NA	NA	NA	2	1	1	NA	NA	NA	3	1	2
22	29065821	29065853	3	2	1	2	d	3	NA	NA	NA	NA	NA	NA	NA	2	1	1	NA	NA	NA	NA	NA	NA	NA	NA	NA	NA	2	1	1	NA	NA	NA	3	1	2
22	29065854	29065946	3	2	1	2	d	3	NA	NA	NA	NA	NA	NA	NA	2	1	1	NA	NA	NA	NA	NA	NA	NA	NA	NA	NA	2	1	1	NA	NA	NA	3	1	2
22	29065947	49687500	3	2	1	3	b	5	2	1	0.0507211878843	0.108336506124	3	1	2	2	1	1	NA	NA	NA	NA	NA	NA	NA	NA	NA	NA	2	1	1	NA	NA	NA	3	1	2
22	49687501	51304565	3	2	1	2	d	2	NA	NA	NA	NA	2.940106	1.04642282	1.893683	1	1	0.283495385963918	2	1	0.716504614036082	0.074401798419076	0.0732712938508276	0.215234715239688	0.507243645583917	NA	NA	NA	2	1	1	NA	NA	NA	3	1	2
X	1	2700026	2	2	0	1	h	1	0.67	0	0.0646117918525	0.197194197105	2	0	2	NA	NA	NA	NA	NA	NA	NA	NA	NA	NA	NA	NA	NA	NA	NA	NA	NA	NA	NA	2	0	2
X	2700027	7332495	2	2	0	1	h	1	1	0	0.05	0.137213540368	2	0	2	NA	NA	NA	NA	NA	NA	NA	NA	NA	NA	NA	NA	NA	NA	NA	NA	NA	NA	NA	NA	NA	NA
X	7332496	7355110	3	3	0	1	h	1	1	0	0.05	0.1	2.568069	0	2.568069	NA	NA	NA	NA	NA	NA	NA	NA	NA	NA	NA	NA	NA	NA	NA	NA	NA	NA	NA	NA	NA	NA
X	7355111	31737277	2	2	0	1	h	1	1	0	0.05	0.165601280167	2	0	2	NA	NA	NA	NA	NA	NA	NA	NA	NA	NA	NA	NA	NA	NA	NA	NA	NA	NA	NA	NA	NA	NA
X	31737278	31758321	2	2	0	1	h	1	1	0	0.05	0.1	1.677249	0	1.677249	NA	NA	NA	NA	NA	NA	NA	NA	NA	NA	NA	NA	NA	NA	NA	NA	NA	NA	NA	NA	NA	NA
X	31758322	31836641	2	2	0	1	h	1	1	0	0.05	0.1	2	0	2	NA	NA	NA	NA	NA	NA	NA	NA	NA	NA	NA	NA	NA	NA	NA	NA	NA	NA	NA	NA	NA	NA
X	31836642	31868299	2	2	0	1	h	1	1	0	0.05	0.1	1.703615	0	1.703615	NA	NA	NA	NA	NA	NA	NA	NA	NA	NA	NA	NA	NA	NA	NA	NA	NA	NA	NA	NA	NA	NA
X	31868300	58099999	2	2	0	1	h	1	1	0	0.05	0.12113198778	2.132896	0	2.132896	NA	NA	NA	NA	NA	NA	NA	NA	NA	NA	NA	NA	NA	NA	NA	NA	NA	NA	NA	NA	NA	NA
X	58100000	62999999	2	2	0	1	h	1	1	0	0.05	0.181848049208	2	0	2	NA	NA	NA	NA	NA	NA	NA	NA	NA	NA	NA	NA	NA	NA	NA	NA	NA	NA	NA	NA	NA	NA
X	63000000	96098436	2	2	0	1	h	1	1	0	0.05	0.131286991905	2	0	2	NA	NA	NA	NA	NA	NA	NA	NA	NA	NA	NA	NA	NA	NA	NA	NA	NA	NA	NA	NA	NA	NA
X	96098437	96132191	1	1	0	1	h	1	1	0	0.05	0.1	1.252714	0	1.252714	NA	NA	NA	NA	NA	NA	NA	NA	NA	NA	NA	NA	NA	NA	NA	NA	NA	NA	NA	NA	NA	NA
X	96132192	148479270	2	2	0	1	h	1	1	0	0.05	0.13758585896	2	0	2	NA	NA	NA	NA	NA	NA	NA	NA	NA	NA	NA	NA	NA	NA	NA	NA	NA	NA	NA	NA	NA	NA
X	148479271	155270559	2	2	0	1	h	1	1	0	0.0350034865503	0.122220377983	2.185777	0	2.185777	NA	NA	NA	NA	NA	NA	NA	NA	NA	NA	NA	NA	NA	NA	NA	NA	NA	NA	NA	4	1	3
Y	1	11599999	0	0	0	1	h	1	NA	NA	NA	NA	0	0	0	NA	NA	NA	NA	NA	NA	NA	NA	NA	NA	NA	NA	NA	NA	NA	NA	NA	NA	NA	5	0	5
Y	11600000	13399999	0	0	0	1	h	1	NA	NA	NA	NA	0.237416	0	0.237416	NA	NA	NA	NA	NA	NA	NA	NA	NA	NA	NA	NA	NA	NA	NA	NA	NA	NA	NA	5	0	5
Y	13400000	59373565	0	0	0	1	h	1	NA	NA	NA	NA	0.141243	0	0.141243	NA	NA	NA	NA	NA	NA	NA	NA	NA	NA	NA	NA	NA	NA	NA	NA	NA	NA	NA	5	0	5
