chromosome	start	end	total_cn	major_cn	minor_cn	star	level	methods_agree	absolute_broad_major_cn	absolute_broad_minor_cn	absolute_broad_het_error	absolute_broad_cov_error	aceseq_copy_number	aceseq_minor_cn	aceseq_major_cn	battenberg_nMaj1_A	battenberg_nMin1_A	battenberg_frac1_A	battenberg_nMaj2_A	battenberg_nMin2_A	battenberg_frac2_A	battenberg_SDfrac_A	battenberg_SDfrac_A_BS	battenberg_frac1_A_0.025	battenberg_frac1_A_0.975	clonehd_copy_number	clonehd_minor_cn	clonehd_major_cn	sclust_nMaj1_A	sclust_nMin1_A	sclust_frac1_A	sclust_nMaj2_A	sclust_nMin2_A	sclust_frac2_A	jabba_copy_number	jabba_minor_cn	jabba_major_cn
1	1	77453805	2	1	1	3	a	6	1	1	0.0356665004243	0.152690287761	2	1	1	1	1	1	NA	NA	NA	NA	NA	NA	NA	2	1	1	1	1	1	NA	NA	NA	2	1	1
1	77453806	121499999	2	1	1	3	b	6	1	1	0.0350295963364	0.14114830892	2	1	1	1	1	1	NA	NA	NA	NA	NA	NA	NA	2	1	1	2	1	1	NA	NA	NA	2	1	1
1	121500000	128899999	NA	NA	NA	NA	NA	NA	NA	NA	NA	NA	2	1	1	NA	NA	NA	NA	NA	NA	NA	NA	NA	NA	1	0	1	2	1	1	NA	NA	NA	2	1	1
1	128900000	143887801	2	1	1	2	f	2	1.56	0.72	0.05	0.276978255986	NA	NA	NA	NA	NA	NA	NA	NA	NA	NA	NA	NA	NA	NA	NA	NA	2	1	1	NA	NA	NA	2	1	1
1	143887802	241633081	3	2	1	2	d	4	1.56	0.72	0.0490566346097	0.138335823498	2.875503	0.96740296	1.90810002	2	1	1	NA	NA	NA	NA	NA	NA	NA	3	1	2	2	1	1	NA	NA	NA	3	1	2
1	241633082	241832061	2	1	1	2	d	2	1	1	0.05	0.119868344348	2.447171	0.97689709	1.47027409	1	1	0.481646727409437	2	1	0.518353272590563	0.0606155096953823	0.0596033853353415	0.335073337484928	0.570586720876083	3	1	2	2	1	0.511752	1	1	0.488248	2	1	1
1	241832062	247247500	3	2	1	2	d	4	1.56	0.72	0.0492518511728	0.129369234666	2.874363	0.96422504	1.91013819	2	1	1	NA	NA	NA	NA	NA	NA	NA	3	1	2	2	1	1	NA	NA	NA	3	1	2
1	247247501	249250620	3	2	1	2	d	4	NA	NA	NA	NA	2.851302	0.96153728	1.88976468	2	1	1	NA	NA	NA	NA	NA	NA	NA	3	1	2	2	1	1	NA	NA	NA	3	1	2
2	20016	90499999	2	1	1	3	a	6	1	1	0.0355210226058	0.12885229319	2	1	1	1	1	1	NA	NA	NA	NA	NA	NA	NA	2	1	1	1	1	1	NA	NA	NA	2	1	1
2	90500000	96799999	2	1	1	3	a	6	1	1	0.0361827823441	0.258211058795	2	1	1	1	1	1	NA	NA	NA	NA	NA	NA	NA	2	1	1	1	1	1	NA	NA	NA	2	1	1
2	96800000	242978212	2	1	1	3	a	6	1	1	0.0349645063443	0.128066875151	2	1	1	1	1	1	NA	NA	NA	NA	NA	NA	NA	2	1	1	1	1	1	NA	NA	NA	2	1	1
3	100074	34778508	2	1	1	3	a	6	1	1	0.0357058629847	0.151563740664	2	1	1	1	1	1	NA	NA	NA	NA	NA	NA	NA	2	1	1	1	1	1	NA	NA	NA	2	1	1
3	34778509	34810429	1	1	0	2	d	4	1	0	0.05	0.1	2	1	1	1	0	1	NA	NA	NA	NA	NA	NA	NA	1	0	1	1	1	1	NA	NA	NA	1	0	1
3	34810430	37319871	2	1	1	3	a	6	1	1	0.0352215603725	0.116581491355	2	1	1	1	1	1	NA	NA	NA	NA	NA	NA	NA	2	1	1	1	1	1	NA	NA	NA	2	1	1
3	37319872	37373239	3	2	1	2	d	4	1	1	0.05	0.177169578352	2	1	1	2	1	1	NA	NA	NA	NA	NA	NA	NA	3	1	2	2	1	1	NA	NA	NA	3	1	2
3	37373240	56175185	2	1	1	3	a	6	1	1	0.0343959052361	0.122738885333	2	1	1	1	1	1	NA	NA	NA	NA	NA	NA	NA	2	1	1	1	1	1	NA	NA	NA	2	1	1
3	56175186	56175939	2	1	1	3	b	5	1	1	0.05	0.1	2	1	1	1	1	1	NA	NA	NA	NA	NA	NA	NA	NA	NA	NA	1	1	1	NA	NA	NA	2	1	1
3	56175940	77624071	2	1	1	3	a	6	1	1	0.0351538278395	0.12170112826	2	1	1	1	1	1	NA	NA	NA	NA	NA	NA	NA	2	1	1	1	1	1	NA	NA	NA	2	1	1
3	77624072	77624104	2	1	1	3	b	5	1	1	0.05	0.1	2	1	1	1	1	1	NA	NA	NA	NA	NA	NA	NA	NA	NA	NA	1	1	1	NA	NA	NA	2	1	1
3	77624105	87899999	2	1	1	3	a	6	1	1	0.0330732118927	0.130395195634	2	1	1	1	1	1	NA	NA	NA	NA	NA	NA	NA	2	1	1	1	1	1	NA	NA	NA	2	1	1
3	87900000	93899999	2	1	1	3	a	6	1	1	0.035265027794	0.13497705299	2	1	1	1	1	1	NA	NA	NA	NA	NA	NA	NA	2	1	1	1	1	1	NA	NA	NA	2	1	1
3	93900000	197847500	2	1	1	3	a	6	1	1	0.0348876600157	0.127242470694	2	1	1	1	1	1	NA	NA	NA	NA	NA	NA	NA	2	1	1	1	1	1	NA	NA	NA	2	1	1
4	59541	10254558	2	1	1	3	a	6	1	1	0.0379084938097	0.139514407967	2	1	1	1	1	1	NA	NA	NA	NA	NA	NA	NA	2	1	1	1	1	1	NA	NA	NA	2	1	1
4	10254559	10254571	2	1	1	3	b	6	1	1	0.05	0.1	2	1	1	1	1	1	NA	NA	NA	NA	NA	NA	NA	1	0	1	1	1	1	NA	NA	NA	2	1	1
4	10254572	10254615	2	1	1	2	d	4	1	1	0.05	0.1	NA	NA	NA	1	1	1	NA	NA	NA	NA	NA	NA	NA	NA	NA	NA	1	1	1	NA	NA	NA	2	1	1
4	10254616	47986828	2	1	1	3	a	6	1	1	0.0332562823303	0.135892372004	2	1	1	1	1	1	NA	NA	NA	NA	NA	NA	NA	2	1	1	1	1	1	NA	NA	NA	2	1	1
4	47986829	48051049	1	1	0	2	d	3	1	0	0.05	0.111698125315	1.474295	0.43680539	1.0374898	1	0	0.523112208070245	1	1	0.476887791929755	0.0658764918724874	0.0669845471031631	0.379635211980328	0.643134660828304	1	0	1	1	0	0.509432	1	1	0.490568	1	0	1
4	48051050	52699999	NA	NA	NA	NA	NA	NA	1	1	0.0299838091141	0.249379053452	2	1	1	1	1	1	NA	NA	NA	NA	NA	NA	NA	2	1	1	1	1	1	NA	NA	NA	2	1	1
4	52700000	91727575	2	1	1	3	a	6	1	1	0.0350534990533	0.123373505626	2	1	1	1	1	1	NA	NA	NA	NA	NA	NA	NA	2	1	1	1	1	1	NA	NA	NA	2	1	1
4	91727576	91849621	1	1	0	3	a	6	1	0	0.05	0.0717115546897	1	0	1	1	0	1	NA	NA	NA	NA	NA	NA	NA	1	0	1	1	0	1	NA	NA	NA	1	0	1
4	91849622	92101592	2	1	1	3	a	6	1	1	0.05	0.123367923837	2	1	1	1	1	1	NA	NA	NA	NA	NA	NA	NA	2	1	1	1	1	1	NA	NA	NA	2	1	1
4	92101593	92282284	2	1	1	2	d	3	1	1	0.0551460380562	0.0836313434589	1.589829	0.63858874	0.95124063	1	0	0.370000370000373	1	1	0.629999629999627	0.0321849595027691	0.0309246817750671	0.336191427950407	0.457476827464336	2	1	1	1	1	1	NA	NA	NA	1	0	1
4	92282285	191154275	2	1	1	3	a	6	1	1	0.036158316256	0.131932216641	2	1	1	1	1	1	NA	NA	NA	NA	NA	NA	NA	2	1	1	1	1	1	NA	NA	NA	2	1	1
5	22500	46099999	2	1	1	3	a	6	1	1	0.0356023363956	0.134860153623	2	1	1	1	1	1	NA	NA	NA	NA	NA	NA	NA	2	1	1	1	1	1	NA	NA	NA	2	1	1
5	46100000	50699999	2	1	1	3	a	6	1	1	0.0290139378846	0.184643305088	2	1	1	1	1	1	NA	NA	NA	NA	NA	NA	NA	2	1	1	1	1	1	NA	NA	NA	2	1	1
5	50700000	180689978	2	1	1	3	a	6	1	1	0.0351128382216	0.126734798104	2	1	1	1	1	1	NA	NA	NA	NA	NA	NA	NA	2	1	1	1	1	1	NA	NA	NA	2	1	1
6	237501	11005829	1	1	0	3	a	6	1	0	0.063683968357	0.108244640519	1	0	1	1	0	1	NA	NA	NA	NA	NA	NA	NA	1	0	1	1	0	1	NA	NA	NA	1	0	1
6	11005830	11332419	8	7	1	1	g	NA	16	1	0.0235655324785	0.295682931683	8.389324	1.03284642	7.35647795	8	1	1	NA	NA	NA	NA	NA	NA	NA	8	1	7	8	1	1	NA	NA	NA	9	0	9
6	11332420	11430433	1	1	0	2	d	5	1	0	0.071176855176	0.373407350571	1.274198	0.11540086	1.15879734	1	0	1	NA	NA	NA	NA	NA	NA	NA	1	0	1	1	0	1	NA	NA	NA	1	0	1
6	11430434	11430817	1	1	0	2	d	2	NA	NA	NA	NA	1.274198	0.11540086	1.15879734	NA	NA	NA	NA	NA	NA	NA	NA	NA	NA	NA	NA	NA	1	0	1	NA	NA	NA	1	0	1
6	11430818	11788665	7	6	1	2	d	5	6	1	0.03126924405	0.275321101866	6.480638	0.98765758	5.49298069	6	1	1	NA	NA	NA	NA	NA	NA	NA	7	1	6	6	1	1	NA	NA	NA	7	1	6
6	11788666	13753032	1	1	0	3	a	6	1	0	0.0604981061669	0.118655516371	1	0	1	1	0	1	NA	NA	NA	NA	NA	NA	NA	1	0	1	1	0	1	NA	NA	NA	1	0	1
6	13753033	13936968	6	5	1	2	d	4	5.47	1	0.0384257419971	0.16537924774	6.045156	0.93794004	5.10721606	5	1	1	NA	NA	NA	NA	NA	NA	NA	6	1	5	5	1	1	NA	NA	NA	6	1	5
6	13936969	25100796	1	1	0	3	a	6	1	0	0.0606617341628	0.0988595928586	1	0	1	1	0	1	NA	NA	NA	NA	NA	NA	NA	1	0	1	1	0	1	NA	NA	NA	1	0	1
6	25100797	25182945	4	3	1	2	e	0	14	1	0.05	0.505054856352	1	0	1	7	1	0.653652722322887	7	2	0.346347277677113	0.966083220104176	1.94803183917678	-7.92882545846921	-0.287343261911635	8	1	7	7	1	1	NA	NA	NA	9	0	9
6	25182946	30648958	1	1	0	3	a	6	1	0	0.0651450813516	0.189530533092	1	0	1	1	0	1	NA	NA	NA	NA	NA	NA	NA	1	0	1	1	0	1	NA	NA	NA	1	0	1
6	30648959	30710272	8	7	1	1	g	NA	15	1	0.05	0.1	1	0	1	8	1	1	NA	NA	NA	NA	NA	NA	NA	8	1	7	8	1	1	NA	NA	NA	9	0	9
6	30710273	31169288	16	15	1	2	f	2	30	1	0.0164329359032	0.572817277702	15.729571	1.04346633	14.68610506	15	1	1	NA	NA	NA	NA	NA	NA	NA	8	0	8	15	1	1	NA	NA	NA	17	0	17
6	31169289	31609570	8	7	1	1	g	NA	15	1	0.0445531672622	0.37753244323	8.528051	1.00111668	7.52693411	8	1	1	NA	NA	NA	NA	NA	NA	NA	8	1	7	8	1	1	NA	NA	NA	9	0	9
6	31609571	42443354	1	1	0	3	a	6	1	0	0.0668544798812	0.144091275983	1	0	1	1	0	1	NA	NA	NA	NA	NA	NA	NA	1	0	1	1	0	1	NA	NA	NA	1	0	1
6	42443355	42838898	7	6	1	2	d	4	6.47	1	0.0296094619259	0.252113086022	6.463529	0.9884843	5.47504497	6	1	1	NA	NA	NA	NA	NA	NA	NA	7	1	6	6	1	1	NA	NA	NA	7	1	6
6	42838899	42968767	1	1	0	1	g	NA	17	1	0.05	0.1	6.463529	0.9884843	5.47504497	8	1	1	NA	NA	NA	NA	NA	NA	NA	1	0	1	7	1	1	NA	NA	NA	9	0	9
6	42968768	43396549	1	1	0	2	d	4	1.21	0	0.0699750393897	0.118451787894	1.120395	0.05548068	1.06491463	1	0	1	NA	NA	NA	NA	NA	NA	NA	1	0	1	1	0	1	NA	NA	NA	1	0	1
6	43396550	44535052	4	3	1	2	e	0	17	1	0.0269677996506	0.349056746198	8.345054	0.96425327	7.38080098	8	1	1	NA	NA	NA	NA	NA	NA	NA	8	1	7	8	1	1	NA	NA	NA	9	0	9
6	44535053	44633210	6	5	1	2	d	3	7	1	0.05	0.597018557156	6.413002	1.10426488	5.30873704	5	1	1	NA	NA	NA	NA	NA	NA	NA	6	1	5	5	1	1	NA	NA	NA	7	1	6
6	44633211	46757969	1	1	0	2	d	5	1.21	0	0.0558968329186	0.149858002167	1	0	1	1	0	1	NA	NA	NA	NA	NA	NA	NA	1	0	1	1	0	1	NA	NA	NA	1	0	1
6	46757970	46762985	1	1	0	2	e	3	1.21	0	0.05	0.1	1	0	1	8	1	1	NA	NA	NA	NA	NA	NA	NA	NA	NA	NA	1	0	1	NA	NA	NA	9	0	9
6	46762986	47745006	1	1	0	2	d	5	1.21	0	0.0619841911448	0.10478681165	1	0	1	1	0	1	NA	NA	NA	NA	NA	NA	NA	1	0	1	1	0	1	NA	NA	NA	1	0	1
6	47745007	47745789	1	1	0	2	d	5	1.21	0	0.05	0.1	1	0	1	1	0	1	NA	NA	NA	NA	NA	NA	NA	1	0	1	1	0	1	NA	NA	NA	1	0	1
6	47745790	49129867	1	1	0	2	d	5	1.21	0	0.0637895553085	0.1245370547	1	0	1	1	0	1	NA	NA	NA	NA	NA	NA	NA	1	0	1	1	0	1	NA	NA	NA	1	0	1
6	49129868	49672446	7	6	1	2	d	4	7	1	0.0310936440853	0.245479376418	6.466631	0.97605211	5.49057849	6	1	1	NA	NA	NA	NA	NA	NA	NA	7	1	6	6	1	1	NA	NA	NA	7	1	6
6	49672447	50059206	6	5	1	2	d	5	6.28	1.28	0.0343828853121	0.255837760526	6	1	5	5	1	1	NA	NA	NA	NA	NA	NA	NA	6	1	5	5	1	1	NA	NA	NA	6	1	5
6	50059207	50239166	7	6	1	2	d	3	6.28	1.28	0.05	0.300551749818	6	1	5	5	1	1	NA	NA	NA	NA	NA	NA	NA	7	1	6	6	1	1	NA	NA	NA	7	1	6
6	50239167	50632953	6	5	1	2	d	5	6.28	1.28	0.0221589001316	0.328002819497	6	1	5	5	1	1	NA	NA	NA	NA	NA	NA	NA	6	1	5	5	1	1	NA	NA	NA	6	1	5
6	50632954	52672991	1	1	0	2	d	5	1.21	0	0.0591150917726	0.149119864663	1	0	1	1	0	1	NA	NA	NA	NA	NA	NA	NA	1	0	1	1	0	1	NA	NA	NA	1	0	1
6	52672992	52764042	8	7	1	2	f	3	18	1.39	0.0206878972403	0.367083095788	9.09246	1.27291715	7.8195429	7	1	1	NA	NA	NA	NA	NA	NA	NA	8	1	7	8	1	1	NA	NA	NA	9	0	9
6	52764043	52883615	14	13	1	2	f	3	31	1	0.0145161495009	0.627116811111	13.441186	0.97671177	12.46447401	13	1	1	NA	NA	NA	NA	NA	NA	NA	8	0	8	13	1	1	NA	NA	NA	15	0	15
6	52883616	52899846	7	6	1	1	g	NA	NA	NA	NA	NA	13.441186	0.97671177	12.46447401	5	1	1	NA	NA	NA	NA	NA	NA	NA	7	1	6	13	1	1	NA	NA	NA	7	1	6
6	52899847	52902246	15	15	0	1	h	1	NA	NA	NA	NA	NA	NA	NA	17	1	0.769920333605969	17	2	0.230079666394031	NA	0	0.769920333605969	0.769920333605969	NA	NA	NA	NA	NA	NA	NA	NA	NA	15	0	15
6	52902247	53074094	8	6	2	1	g	NA	18	1	0.05	0.521115848317	NA	NA	NA	7	1	1	NA	NA	NA	NA	NA	NA	NA	8	2	6	NA	NA	NA	NA	NA	NA	9	0	9
6	53074095	58699999	1	1	0	2	d	5	1.13	0	0.058814243904	0.129526653072	1	0	1	1	0	1	NA	NA	NA	NA	NA	NA	NA	1	0	1	1	0	1	NA	NA	NA	1	0	1
6	58700000	63299999	1	1	0	3	a	6	1	0	0.05	0.150955167172	1	0	1	1	0	1	NA	NA	NA	NA	NA	NA	NA	1	0	1	1	0	1	NA	NA	NA	1	0	1
6	63300000	78986001	1	1	0	3	a	6	1	0	0.0611257076006	0.0909223166284	1	0	1	1	0	1	NA	NA	NA	NA	NA	NA	NA	1	0	1	1	0	1	NA	NA	NA	1	0	1
6	78986002	145080230	1	1	0	3	a	6	1	0	0.0612453677794	0.0930219454074	1	0	1	1	0	1	NA	NA	NA	NA	NA	NA	NA	1	0	1	1	0	1	NA	NA	NA	1	0	1
6	145080231	145127864	1	1	0	2	d	3	1	0	0.05	0.0647609838068	0.656442	0.01295631	0.64348573	0	0	0.314560008437558	1	0	0.685439991562442	0.0717591794095882	0.0771031447153166	0.0493392676544145	0.357780064042208	1	0	1	1	0	0.691629	0	0	0.308371	1	0	1
6	145127865	170899934	1	1	0	3	a	6	1	0	0.0622651443459	0.0996435494697	1	0	1	1	0	1	NA	NA	NA	NA	NA	NA	NA	1	0	1	1	0	1	NA	NA	NA	1	0	1
7	65401	57999999	2	1	1	3	a	6	1	1	0.0352333175592	0.128968245744	2	1	1	1	1	1	NA	NA	NA	NA	NA	NA	NA	2	1	1	1	1	1	NA	NA	NA	2	1	1
7	58000000	61699999	2	1	1	3	b	5	1	1	0.05	0.176527165562	2	1	1	1	1	1	NA	NA	NA	NA	NA	NA	NA	NA	NA	NA	1	1	1	NA	NA	NA	2	1	1
7	61700000	110567697	2	1	1	3	a	6	1	1	0.0351707782529	0.151873455516	2	1	1	1	1	1	NA	NA	NA	NA	NA	NA	NA	2	1	1	1	1	1	NA	NA	NA	2	1	1
7	110567698	110708299	1	1	0	3	a	6	1	0	0.05	0.105311316266	1	0	1	1	0	1	NA	NA	NA	NA	NA	NA	NA	1	0	1	1	0	1	NA	NA	NA	1	0	1
7	110708300	110992873	2	1	1	3	a	6	1	1	0.025642972931	0.137575469815	2	1	1	1	1	1	NA	NA	NA	NA	NA	NA	NA	2	1	1	1	1	1	NA	NA	NA	2	1	1
7	110992874	111026116	2	1	1	2	d	4	1	1	0.05	0.1	2	1	1	1	1	0.537499537499532	2	1	0.462500462500468	0.132130339798134	0.119465428383305	0.370782390565838	0.821316587885375	2	1	1	2	1	0.282664	1	1	0.717336	2	1	1
7	111026117	158821400	2	1	1	3	a	6	1	1	0.035237045246	0.133951537606	2	1	1	1	1	1	NA	NA	NA	NA	NA	NA	NA	2	1	1	1	1	1	NA	NA	NA	2	1	1
8	10001	170011	2	1	1	2	d	2	0.87	0.87	0.05	0.1	NA	NA	NA	NA	NA	NA	NA	NA	NA	NA	NA	NA	NA	NA	NA	NA	1	1	1	NA	NA	NA	2	1	1
8	170012	34015436	2	1	1	2	d	5	0.87	0.87	0.0375089836212	0.135700431732	2	1	1	1	1	1	NA	NA	NA	NA	NA	NA	NA	2	1	1	1	1	1	NA	NA	NA	2	1	1
8	34015437	34015450	2	1	1	2	d	4	0.87	0.87	0.05	0.1	2	1	1	1	1	1	NA	NA	NA	NA	NA	NA	NA	NA	NA	NA	1	1	1	NA	NA	NA	2	1	1
8	34015451	43099999	2	1	1	2	d	5	0.87	0.87	0.0338748444946	0.116194503146	2	1	1	1	1	1	NA	NA	NA	NA	NA	NA	NA	2	1	1	1	1	1	NA	NA	NA	2	1	1
8	43100000	48099999	2	1	1	2	d	5	0.87	0.87	0.034086857809	0.142876172555	2	1	1	1	1	1	NA	NA	NA	NA	NA	NA	NA	2	1	1	1	1	1	NA	NA	NA	2	1	1
8	48100000	117883092	2	1	1	2	d	5	0.87	0.87	0.0347152473101	0.118926630706	2	1	1	1	1	1	NA	NA	NA	NA	NA	NA	NA	2	1	1	1	1	1	NA	NA	NA	2	1	1
8	117883093	117883349	2	1	1	2	d	4	0.87	0.87	0.05	0.1	2	1	1	1	1	1	NA	NA	NA	NA	NA	NA	NA	NA	NA	NA	1	1	1	NA	NA	NA	2	1	1
8	117883350	121676428	2	1	1	2	d	5	0.87	0.87	0.0362645090443	0.112422031675	2	1	1	1	1	1	NA	NA	NA	NA	NA	NA	NA	2	1	1	1	1	1	NA	NA	NA	2	1	1
8	121676429	121679722	1	1	0	2	d	3	NA	NA	NA	NA	2	1	1	1	0	1	NA	NA	NA	NA	NA	NA	NA	1	0	1	3	1	1	NA	NA	NA	1	0	1
8	121679723	121681222	1	1	0	1	g	NA	NA	NA	NA	NA	NA	NA	NA	2	0	0.246875809375809	2	1	0.753124190624191	NA	0	0.246875809375809	0.246875809375809	1	0	1	3	1	1	NA	NA	NA	2	0	2
8	121681223	121683110	3	2	1	2	d	2	2.67	0.87	0.05	0.1	NA	NA	NA	2	1	1	NA	NA	NA	NA	NA	NA	NA	NA	NA	NA	3	1	1	NA	NA	NA	3	1	2
8	121683111	146364021	4	3	1	2	d	5	2.67	0.87	0.0428407169689	0.171869942931	4	1	3	3	1	1	NA	NA	NA	NA	NA	NA	NA	4	1	3	3	1	1	NA	NA	NA	4	1	3
9	47500	200100	1	1	0	2	d	3	2	1	0.05	0.1	NA	NA	NA	NA	NA	NA	NA	NA	NA	NA	NA	NA	NA	1	0	1	1	0	1	NA	NA	NA	1	0	1
9	200101	1612641	1	1	0	2	d	5	1.28	0	0.0616554657589	0.12579859352	1	0	1	1	0	1	NA	NA	NA	NA	NA	NA	NA	1	0	1	1	0	1	NA	NA	NA	1	0	1
9	1612642	1614622	1	1	0	2	d	4	1.28	0	0.05	0.1	1	0	1	0	0	0.821052242104872	1	0	0.178947757895128	0.0824305770344447	0.0880415719666093	0.52021537155666	0.858801446567403	1	0	1	1	0	1	NA	NA	NA	1	0	1
9	1614623	6614998	1	1	0	2	d	5	1.28	0	0.0633725480649	0.11278797552	1	0	1	1	0	1	NA	NA	NA	NA	NA	NA	NA	1	0	1	1	0	1	NA	NA	NA	1	0	1
9	6614999	6829991	1	1	0	2	d	3	3	0	0.05	0.135563060427	1.37412	0	1.3741203	3	0	1	NA	NA	NA	NA	NA	NA	NA	1	0	1	1	0	1	NA	NA	NA	1	0	1
9	6829992	8558618	1	1	0	2	d	5	1.21	0	0.0608920645499	0.102955110188	1	0	1	1	0	1	NA	NA	NA	NA	NA	NA	NA	1	0	1	1	0	1	NA	NA	NA	1	0	1
9	8558619	9365142	1	1	0	2	e	4	0.72	0	0.0611940175799	0.0789444119095	0.499454	0.05404102	0.44541322	0	0	0.574999074999075	1	0	0.425000925000925	0.0176845433206914	0.0174066574407056	0.56211789921294	0.632152200793147	1	0	1	1	0	0.420322	0	0	0.579678	0	0	0
9	9365143	9729094	0	0	0	2	d	4	0	0	0.045731462615	0.0659999417219	0.143645	0.07182265	0.07182265	0	0	0.878571164285451	1	0	0.121428835714549	0.0308145975058312	0.0288850091142222	0.824251161134815	0.93940096753037	0	0	0	0	0	1	NA	NA	NA	0	0	0
9	9729095	9782403	1	1	0	2	d	3	NA	NA	NA	NA	0.143645	0.07182265	0.07182265	NA	NA	NA	NA	NA	NA	NA	NA	NA	NA	1	0	1	1	0	1	NA	NA	NA	1	0	1
9	9782404	21962026	1	1	0	2	d	5	1.28	0	0.0610548245756	0.111336354106	1	0	1	1	0	1	NA	NA	NA	NA	NA	NA	NA	1	0	1	1	0	1	NA	NA	NA	1	0	1
9	21962027	22046954	0	0	0	2	d	4	0	0	0.05	0.101899321032	0.120966	0.06048307	0.06048307	0	0	0.899999782352722	1	0	0.100000217647278	0.0447110726647686	0.0471757444344065	0.754733445490699	0.937318637323582	0	0	0	0	0	1	NA	NA	NA	0	0	0
9	22046955	28791648	1	1	0	2	d	5	1.28	0	0.0636760324768	0.111790574052	1	0	1	1	0	1	NA	NA	NA	NA	NA	NA	NA	1	0	1	1	0	1	NA	NA	NA	1	0	1
9	28791649	31302253	1	1	0	2	d	5	1.28	0	0.0646793635082	0.106325170833	1	0	1	1	0	1	NA	NA	NA	NA	NA	NA	NA	1	0	1	1	0	1	NA	NA	NA	1	0	1
9	31302254	32710602	1	1	0	2	d	3	NA	NA	NA	NA	1	0	1	NA	NA	1	NA	NA	NA	NA	NA	NA	NA	1	0	1	1	0	1	NA	NA	NA	0	0	0
9	32710603	43858601	1	1	0	3	a	6	1	0	0.0640509771902	0.132436469061	1	0	1	1	0	1	NA	NA	NA	NA	NA	NA	NA	1	0	1	1	0	1	NA	NA	NA	1	0	1
9	43858602	47299999	1	1	0	3	b	6	1	0	0.05	0.479740681151	1	0	1	2	0	1	NA	NA	NA	NA	NA	NA	NA	1	0	1	1	0	1	NA	NA	NA	1	0	1
9	47300000	50699999	1	1	0	2	d	4	1	0	0.05	0.1	NA	NA	NA	NA	NA	NA	NA	NA	NA	NA	NA	NA	NA	1	0	1	1	0	1	NA	NA	NA	1	0	1
9	50700000	66712499	1	1	0	2	d	4	1	0	0.05	0.184283843655	NA	NA	NA	NA	NA	NA	NA	NA	NA	NA	NA	NA	NA	1	0	1	1	0	1	NA	NA	NA	1	0	1
9	66712500	95429336	1	1	0	3	a	6	1	0	0.0628828611827	0.112842098232	1	0	1	1	0	1	NA	NA	NA	NA	NA	NA	NA	1	0	1	1	0	1	NA	NA	NA	1	0	1
9	95429337	95679430	1	1	0	2	d	3	1.47	0	0.0553898680983	0.107472299331	1.431154	0.02837868	1.40277491	1	0	0.629408781657922	2	0	0.370591218342078	0.0515031469537446	0.0496932327845413	0.588364353239573	0.785734647566904	1	0	1	1	0	1	NA	NA	NA	1	0	1
9	95679431	140273200	1	1	0	3	a	6	1	0	0.0618330735055	0.0955272135288	1	0	1	1	0	1	NA	NA	NA	NA	NA	NA	NA	1	0	1	1	0	1	NA	NA	NA	1	0	1
9	140273201	141019790	1	1	0	3	b	5	NA	NA	NA	NA	1	0	1	1	0	1	NA	NA	NA	NA	NA	NA	NA	1	0	1	1	0	1	NA	NA	NA	1	0	1
10	90127	33140403	1	1	0	2	d	5	1.13	0	0.0620953069264	0.122876312975	1	0	1	1	0	1	NA	NA	NA	NA	NA	NA	NA	1	0	1	1	0	1	NA	NA	NA	1	0	1
10	33140404	33216107	8	7	1	2	d	3	14	1.21	0.05	0.283297188103	7.267499	0.93513886	6.33236008	7	1	1	NA	NA	NA	NA	NA	NA	NA	8	1	7	7	1	1	NA	NA	NA	7	0	7
10	33216108	33216604	4	3	1	2	e	0	14	1.21	0.05	0.1	7.267499	0.93513886	6.33236008	7	1	1	NA	NA	NA	NA	NA	NA	NA	1	0	1	7	1	1	NA	NA	NA	7	0	7
10	33216605	33216827	8	7	1	2	d	2	14	1.21	0.05	0.1	NA	NA	NA	7	1	1	NA	NA	NA	NA	NA	NA	NA	NA	NA	NA	7	1	1	NA	NA	NA	NA	NA	NA
10	33216828	33222497	8	7	1	2	d	2	14	1.21	0.05	0.1	NA	NA	NA	7	1	1	NA	NA	NA	NA	NA	NA	NA	NA	NA	NA	7	1	1	NA	NA	NA	10	0	10
10	33222498	33387340	8	7	1	2	d	3	14	1.21	0.05	0.290033846411	7.391449	1.01420787	6.37724123	7	1	1	NA	NA	NA	NA	NA	NA	NA	8	1	7	7	1	1	NA	NA	NA	8	0	8
10	33387341	34420871	7	6	1	2	d	4	14	1.21	0.0302500381048	0.305711797354	6.7672	1.00385432	5.76334531	6	1	1	NA	NA	NA	NA	NA	NA	NA	7	1	6	6	1	1	NA	NA	NA	7	1	6
10	34420872	34477804	15	14	1	2	f	1	14	1.21	0.05	0.179576607397	6.7672	1.00385432	5.76334531	4	4	1	NA	NA	NA	NA	NA	NA	NA	NA	NA	NA	6	1	1	NA	NA	NA	8	1	7
10	34477805	34587213	7	6	1	2	d	4	6.39	1.21	0.05	0.343163554944	6.745866	0.97856023	5.76730535	6	1	1	NA	NA	NA	NA	NA	NA	NA	7	1	6	6	1	1	NA	NA	NA	7	1	6
10	34587214	35365146	6	5	1	2	d	3	6.39	1.21	0.0330719067606	0.297665359673	6.306446	1.03225668	5.27418893	5	1	0.595233690471771	6	1	0.404766309528229	0.0551617972108999	0.0534154450199042	0.546494355751584	0.755700772000639	6	1	5	5	1	1	NA	NA	NA	6	1	5
10	35365147	35415677	7	4	3	1	g	NA	14	1	0.05	0.1	6.306446	1.03225668	5.27418893	NA	NA	NA	NA	NA	NA	NA	NA	NA	NA	7	3	4	6	1	1	NA	NA	NA	7	0	7
10	35415678	35502925	7	6	1	1	h	1	14	1	0.05	0.359365612682	NA	NA	NA	NA	NA	NA	NA	NA	NA	NA	NA	NA	NA	NA	NA	NA	6	1	1	NA	NA	NA	7	0	7
10	35502926	36341811	7	6	1	2	d	4	14	1	0.0232432787603	0.329413149988	7	1	6	6	1	1	NA	NA	NA	NA	NA	NA	NA	7	1	6	6	1	1	NA	NA	NA	7	0	7
10	36341812	36762421	6	5	1	2	d	5	6	1	0.0325057774151	0.26061413568	6	1	5	5	1	1	NA	NA	NA	NA	NA	NA	NA	6	1	5	5	1	1	NA	NA	NA	6	1	5
10	36762422	37087064	5	4	1	2	d	4	5	1.28	0.0441526986769	0.284105352445	4.907941	1.01649458	3.89144681	4	1	1	NA	NA	NA	NA	NA	NA	NA	5	1	4	4	1	1	NA	NA	NA	5	1	4
10	37087065	37269495	4	3	1	2	d	5	3	1	0.05	0.212300910356	4.907941	1.01649458	3.89144681	3	1	1	NA	NA	NA	NA	NA	NA	NA	4	1	3	3	1	1	NA	NA	NA	4	1	3
10	37269496	37319236	4	3	1	3	b	5	3	1	0.05	0.212520531248	NA	NA	NA	3	1	1	NA	NA	NA	NA	NA	NA	NA	4	1	3	3	1	1	NA	NA	NA	4	1	3
10	37319237	37999999	3	2	1	2	d	4	2.39	1.13	0.0528399020471	0.190263757536	3	1	2	2	1	0.849998849998848	3	1	0.150001150001152	0.0270533354341077	0.0271074747789066	0.842203285057303	0.946620974331149	3	1	2	2	1	1	NA	NA	NA	3	1	2
10	38000000	42374201	NA	NA	NA	NA	NA	NA	2.39	1.13	0.0451025912416	0.290843089678	3.146781	1.00798528	2.13879587	2	1	1	NA	NA	NA	NA	NA	NA	NA	3	1	2	NA	NA	NA	NA	NA	NA	2	1	1
10	42374202	135389924	1	1	0	3	a	6	1	0	0.0606773110749	0.100370553846	1	0	1	1	0	1	NA	NA	NA	NA	NA	NA	NA	1	0	1	1	0	1	NA	NA	NA	1	0	1
11	20721	199672	2	1	1	2	d	3	1	1	0.05	0.1	NA	NA	NA	NA	NA	NA	NA	NA	NA	NA	NA	NA	NA	NA	NA	NA	1	1	1	NA	NA	NA	2	1	1
11	199673	46830160	2	1	1	3	a	6	1	1	0.0359611187763	0.129543609593	2	1	1	1	1	1	NA	NA	NA	NA	NA	NA	NA	2	1	1	1	1	1	NA	NA	NA	2	1	1
11	46830161	47092748	2	1	1	3	b	5	1	1	0.05	0.139501674718	2	1	1	1	1	1	NA	NA	NA	NA	NA	NA	NA	NA	NA	NA	1	1	1	NA	NA	NA	2	1	1
11	47092749	51599999	2	1	1	3	a	6	1	1	0.0329360373304	0.147099712438	2	1	1	1	1	1	NA	NA	NA	NA	NA	NA	NA	2	1	1	1	1	1	NA	NA	NA	2	1	1
11	51600000	55699999	2	1	1	3	a	6	1	1	0.0208952170329	0.17668850242	2	1	1	1	1	1	NA	NA	NA	NA	NA	NA	NA	2	1	1	1	1	1	NA	NA	NA	2	1	1
11	55700000	67801764	2	1	1	3	a	6	1	1	0.0357906436999	0.125971852692	2	1	1	1	1	1	NA	NA	NA	NA	NA	NA	NA	2	1	1	1	1	1	NA	NA	NA	2	1	1
11	67801765	67910527	2	1	1	2	d	3	1	1	0.05	0.105277778907	2	1	1	2	1	1	NA	NA	NA	NA	NA	NA	NA	NA	NA	NA	1	1	1	NA	NA	NA	3	1	2
11	67910528	70502122	2	1	1	3	a	6	1	1	0.0349452192145	0.117561685471	2	1	1	1	1	1	NA	NA	NA	NA	NA	NA	NA	2	1	1	1	1	1	NA	NA	NA	2	1	1
11	70502123	70562241	2	1	1	2	d	3	1	1	0.05	0.1	1.701518	0.72156366	0.97995417	1	0	0.303367799707476	1	1	0.696632200292524	0.0627090685803244	0.0619557919051805	0.174960957308235	0.428809741002678	NA	NA	NA	1	1	1	NA	NA	NA	2	1	1
11	70562242	78313827	2	1	1	3	a	6	1	1	0.0375975957518	0.126549963741	2	1	1	1	1	1	NA	NA	NA	NA	NA	NA	NA	2	1	1	1	1	1	NA	NA	NA	2	1	1
11	78313828	78316087	2	1	1	3	b	5	1	1	0.05	0.1	2	1	1	1	1	1	NA	NA	NA	NA	NA	NA	NA	NA	NA	NA	1	1	1	NA	NA	NA	2	1	1
11	78316088	84000273	2	1	1	3	a	6	1	1	0.0332346682461	0.130041117453	2	1	1	1	1	1	NA	NA	NA	NA	NA	NA	NA	2	1	1	1	1	1	NA	NA	NA	2	1	1
11	84000274	84000292	2	1	1	3	b	5	1	1	0.05	0.1	2	1	1	1	1	1	NA	NA	NA	NA	NA	NA	NA	NA	NA	NA	1	1	1	NA	NA	NA	2	1	1
11	84000293	134452200	2	1	1	3	a	6	1	1	0.0357712498614	0.122826034566	2	1	1	1	1	1	NA	NA	NA	NA	NA	NA	NA	2	1	1	1	1	1	NA	NA	NA	2	1	1
12	110107	33299999	2	1	1	3	a	6	1	1	0.0352621662527	0.132454132746	2	1	1	1	1	1	NA	NA	NA	NA	NA	NA	NA	2	1	1	1	1	1	NA	NA	NA	2	1	1
12	33300000	38199999	2	1	1	3	a	6	1	1	0.0343821754142	0.275008775023	2	1	1	1	1	1	NA	NA	NA	NA	NA	NA	NA	2	1	1	1	1	1	NA	NA	NA	2	1	1
12	38200000	77174514	2	1	1	3	a	6	1	1	0.0358673828792	0.128759093576	2	1	1	1	1	1	NA	NA	NA	NA	NA	NA	NA	2	1	1	1	1	1	NA	NA	NA	2	1	1
12	77174515	77174531	2	1	1	2	d	3	1	0	0.05	0.1	2	1	1	NA	NA	NA	NA	NA	NA	NA	NA	NA	NA	1	0	1	1	1	1	NA	NA	NA	2	1	1
12	77174532	78156782	1	1	0	3	a	6	1	0	0.0591258635624	0.0885713547497	1	0	1	1	0	1	NA	NA	NA	NA	NA	NA	NA	1	0	1	1	0	1	NA	NA	NA	1	0	1
12	78156783	78157671	1	1	0	2	d	4	1	1	0.05	0.1	1	0	1	NA	NA	NA	NA	NA	NA	NA	NA	NA	NA	1	0	1	1	0	1	NA	NA	NA	1	0	1
12	78157672	78158039	1	1	0	1	h	1	1	1	0.05	0.1	NA	NA	NA	NA	NA	NA	NA	NA	NA	NA	NA	NA	NA	NA	NA	NA	1	0	1	NA	NA	NA	NA	NA	NA
12	78158040	78207845	2	1	1	2	d	5	1	1	0.05	0.1	1.835614	0.91780696	0.91780696	1	1	1	NA	NA	NA	NA	NA	NA	NA	2	1	1	1	1	1	NA	NA	NA	2	1	1
12	78207846	78207857	1	1	0	2	d	3	1	0	0.05	0.1	1.835614	0.91780696	0.91780696	NA	NA	NA	NA	NA	NA	NA	NA	NA	NA	1	0	1	1	1	1	NA	NA	NA	1	0	1
12	78207858	78207970	1	1	0	2	d	3	1	0	0.05	0.1	NA	NA	NA	NA	NA	NA	NA	NA	NA	NA	NA	NA	NA	1	0	1	1	1	1	NA	NA	NA	1	0	1
12	78207971	79280712	1	1	0	3	a	6	1	0	0.0646803840606	0.0970279001128	1	0	1	1	0	1	NA	NA	NA	NA	NA	NA	NA	1	0	1	1	0	1	NA	NA	NA	1	0	1
12	79280713	79288104	1	1	0	1	g	NA	1	0	0.05	0.1	1	0	1	1	1	1	NA	NA	NA	NA	NA	NA	NA	1	0	1	1	1	1	NA	NA	NA	2	1	1
12	79288105	79292036	1	1	0	2	d	3	NA	NA	NA	NA	NA	NA	NA	1	0	1	NA	NA	NA	NA	NA	NA	NA	1	0	1	1	1	1	NA	NA	NA	1	0	1
12	79292037	79321312	2	1	1	3	a	6	1	1	0.0291005263657	0.1	2	1	1	1	1	1	NA	NA	NA	NA	NA	NA	NA	2	1	1	1	1	1	NA	NA	NA	2	1	1
12	79321313	79321363	2	1	1	2	d	3	NA	NA	NA	NA	2	1	1	NA	NA	NA	NA	NA	NA	NA	NA	NA	NA	1	0	1	1	1	1	NA	NA	NA	2	1	1
12	79321364	79322032	1	1	0	2	d	3	NA	NA	NA	NA	NA	NA	NA	1	0	1	NA	NA	NA	NA	NA	NA	NA	1	0	1	1	0	1	NA	NA	NA	2	1	1
12	79322033	79324047	1	1	0	1	g	NA	NA	NA	NA	NA	NA	NA	NA	1	1	1	NA	NA	NA	NA	NA	NA	NA	1	0	1	1	0	1	NA	NA	NA	2	1	1
12	79324048	80790685	1	1	0	3	a	6	1	0	0.0566403530345	0.157925426637	1	0	1	1	0	1	NA	NA	NA	NA	NA	NA	NA	1	0	1	1	0	1	NA	NA	NA	1	0	1
12	80790686	80790829	1	1	0	2	d	4	NA	NA	NA	NA	1	0	1	0	0	0.23947202894571	1	0	0.76052797105429	NA	0	0.23947202894571	0.23947202894571	1	0	1	1	0	1	NA	NA	NA	1	0	1
12	80790830	80791716	1	1	0	2	d	2	NA	NA	NA	NA	NA	NA	NA	NA	NA	NA	NA	NA	NA	NA	NA	NA	NA	NA	NA	NA	1	0	1	NA	NA	NA	1	0	1
12	80791717	81159361	2	1	1	3	a	6	1	1	0.0245904210344	0.138771688339	2	1	1	1	1	1	NA	NA	NA	NA	NA	NA	NA	2	1	1	1	1	1	NA	NA	NA	2	1	1
12	81159362	81160632	2	1	1	2	d	4	1	1	0.05	0.1	2	1	1	NA	NA	NA	NA	NA	NA	NA	NA	NA	NA	1	0	1	1	1	1	NA	NA	NA	2	1	1
12	81160633	81160886	2	1	1	2	d	2	1	1	0.05	0.1	NA	NA	NA	NA	NA	NA	NA	NA	NA	NA	NA	NA	NA	1	0	1	1	1	1	NA	NA	NA	NA	NA	NA
12	81160887	81184544	1	1	0	2	d	3	1	1	0.05	0.1	NA	NA	NA	1	0	1	NA	NA	NA	NA	NA	NA	NA	1	0	1	1	1	1	NA	NA	NA	1	0	1
12	81184545	81374814	2	1	1	3	a	6	1	1	0.034030559085	0.124764784546	2	1	1	1	1	1	NA	NA	NA	NA	NA	NA	NA	2	1	1	1	1	1	NA	NA	NA	2	1	1
12	81374815	81375345	2	1	1	2	d	3	NA	NA	NA	NA	2	1	1	NA	NA	NA	NA	NA	NA	NA	NA	NA	NA	1	0	1	1	1	1	NA	NA	NA	2	1	1
12	81375346	81375486	1	1	0	2	d	3	NA	NA	NA	NA	NA	NA	NA	NA	NA	NA	NA	NA	NA	NA	NA	NA	NA	1	0	1	1	0	1	NA	NA	NA	1	0	1
12	81375487	132349400	1	1	0	3	a	6	1	0	0.0625345410798	0.0973321406537	1	0	1	1	0	1	NA	NA	NA	NA	NA	NA	NA	1	0	1	1	0	1	NA	NA	NA	1	0	1
12	132349401	133851894	1	1	0	3	b	5	NA	NA	NA	NA	1	0	1	1	0	1	NA	NA	NA	NA	NA	NA	NA	1	0	1	1	0	1	NA	NA	NA	1	0	1
13	1	16299999	1	1	0	1	h	1	NA	NA	NA	NA	NA	NA	NA	NA	NA	NA	NA	NA	NA	NA	NA	NA	NA	NA	NA	NA	NA	NA	NA	NA	NA	NA	1	0	1
13	16300000	19499999	1	1	0	2	d	4	1	0	0.05	0.119775178568	NA	NA	NA	1	0	1	NA	NA	NA	NA	NA	NA	NA	NA	NA	NA	1	0	1	NA	NA	NA	1	0	1
13	19500000	42400144	1	1	0	3	b	5	1	0	0.063206464313	0.0972437754181	1	0	1	1	0	1	NA	NA	NA	NA	NA	NA	NA	NA	NA	NA	1	0	1	NA	NA	NA	1	0	1
13	42400145	42401020	1	1	0	2	d	4	1	0	0.05	0.1	1	0	1	NA	NA	NA	NA	NA	NA	NA	NA	NA	NA	NA	NA	NA	1	0	1	NA	NA	NA	1	0	1
13	42401021	42438034	1	1	0	2	d	2	1	0	0.05	0.1	NA	NA	NA	NA	NA	NA	NA	NA	NA	NA	NA	NA	NA	NA	NA	NA	1	0	1	NA	NA	NA	NA	NA	NA
13	42438035	42438257	1	1	0	1	h	1	NA	NA	NA	NA	NA	NA	NA	NA	NA	NA	NA	NA	NA	NA	NA	NA	NA	NA	NA	NA	1	0	1	NA	NA	NA	NA	NA	NA
13	42438258	42438284	1	1	0	1	h	1	NA	NA	NA	NA	NA	NA	NA	NA	NA	NA	NA	NA	NA	NA	NA	NA	NA	NA	NA	NA	1	0	1	NA	NA	NA	NA	NA	NA
13	42438285	42493901	2	1	1	1	h	1	1	0	0.05	0.1	NA	NA	NA	1	1	1	NA	NA	NA	NA	NA	NA	NA	NA	NA	NA	1	0	1	NA	NA	NA	2	1	1
13	42493902	42747638	1	1	0	2	d	5	1	0	0.05	0.096671055438	1.110637	0.07254678	1.03809048	1	0	1	NA	NA	NA	NA	NA	NA	NA	1	0	1	1	0	1	NA	NA	NA	1	0	1
13	42747639	43060110	2	1	1	3	a	6	1	1	0.0546630651476	0.10702822359	2	1	1	1	1	1	NA	NA	NA	NA	NA	NA	NA	2	1	1	1	1	1	NA	NA	NA	2	1	1
13	43060111	43060234	2	1	1	2	d	3	NA	NA	NA	NA	2	1	1	NA	NA	NA	NA	NA	NA	NA	NA	NA	NA	1	0	1	1	1	1	NA	NA	NA	2	1	1
13	43060235	43061315	2	1	1	2	d	2	NA	NA	NA	NA	NA	NA	NA	NA	NA	NA	NA	NA	NA	NA	NA	NA	NA	1	0	1	1	1	1	NA	NA	NA	2	1	1
13	43061316	43115803	1	1	0	2	d	4	1	0	0.05	0.119590245709	NA	NA	NA	1	0	1	NA	NA	NA	NA	NA	NA	NA	1	0	1	1	1	1	NA	NA	NA	1	0	1
13	43115804	43220209	2	1	1	3	a	6	1	1	0.0402556016284	0.135737320918	2	1	1	1	1	1	NA	NA	NA	NA	NA	NA	NA	2	1	1	1	1	1	NA	NA	NA	2	1	1
13	43220210	43807181	1	1	0	3	a	6	1	0	0.0668963233005	0.0904527835183	1	0	1	1	0	1	NA	NA	NA	NA	NA	NA	NA	1	0	1	1	0	1	NA	NA	NA	1	0	1
13	43807182	43810804	1	1	0	2	d	4	1	0	0.05	0.1	1	0	1	NA	NA	NA	NA	NA	NA	NA	NA	NA	NA	NA	NA	NA	1	0	1	NA	NA	NA	1	0	1
13	43810805	43985564	2	1	1	3	a	6	1	1	0.0480000310039	0.12442213184	2	1	1	1	1	1	NA	NA	NA	NA	NA	NA	NA	2	1	1	1	1	1	NA	NA	NA	2	1	1
13	43985565	43985610	2	1	1	2	d	3	NA	NA	NA	NA	2	1	1	NA	NA	NA	NA	NA	NA	NA	NA	NA	NA	1	0	1	1	1	1	NA	NA	NA	2	1	1
13	43985611	44022780	1	1	0	2	d	3	NA	NA	NA	NA	NA	NA	NA	1	0	1	NA	NA	NA	NA	NA	NA	NA	NA	NA	NA	1	0	1	NA	NA	NA	1	0	1
13	44022781	44126776	2	1	1	2	d	2	NA	NA	NA	NA	NA	NA	NA	1	1	0.915909006818099	2	1	0.0840909931819006	NA	0	0.915909006818099	0.915909006818099	2	1	1	1	0	1	NA	NA	NA	2	1	1
13	44126777	44127206	1	1	0	2	d	2	NA	NA	NA	NA	NA	NA	NA	NA	NA	NA	NA	NA	NA	NA	NA	NA	NA	NA	NA	NA	1	0	1	NA	NA	NA	1	0	1
13	44127207	44133271	1	1	0	2	d	3	1	0	0.05	0.1	NA	NA	NA	2	1	1	NA	NA	NA	NA	NA	NA	NA	2	1	1	1	0	1	NA	NA	NA	1	0	1
13	44133272	49646315	1	1	0	3	a	6	1	0	0.0627329654993	0.0981976637521	1	0	1	1	0	1	NA	NA	NA	NA	NA	NA	NA	1	0	1	1	0	1	NA	NA	NA	1	0	1
13	49646316	50882184	1	1	0	3	a	6	1	0	0.0647064104927	0.0909146273956	1	0	1	1	0	1	NA	NA	NA	NA	NA	NA	NA	1	0	1	1	0	1	NA	NA	NA	1	0	1
13	50882185	50882985	1	1	0	3	b	5	1	0	0.05	0.1	1	0	1	NA	NA	NA	NA	NA	NA	NA	NA	NA	NA	1	0	1	1	0	1	NA	NA	NA	1	0	1
13	50882986	50898819	1	1	0	2	d	2	1	0	0.05	0.1	NA	NA	NA	NA	NA	NA	NA	NA	NA	NA	NA	NA	NA	1	0	1	1	1	1	NA	NA	NA	NA	NA	NA
13	50898820	50902069	1	1	0	2	d	2	1	0	0.05	0.1	NA	NA	NA	NA	NA	NA	NA	NA	NA	NA	NA	NA	NA	1	0	1	1	1	1	NA	NA	NA	NA	NA	NA
13	50902070	50919277	2	1	1	1	h	1	1	0	0.05	0.1	NA	NA	NA	NA	NA	NA	NA	NA	NA	NA	NA	NA	NA	NA	NA	NA	1	1	1	NA	NA	NA	NA	NA	NA
13	50919278	50925283	2	1	1	2	d	2	1	1	0.05	0.1	NA	NA	NA	NA	NA	NA	NA	NA	NA	NA	NA	NA	NA	NA	NA	NA	1	1	1	NA	NA	NA	NA	NA	NA
13	50925284	50925298	2	1	1	2	d	2	1	1	0.05	0.1	NA	NA	NA	NA	NA	NA	NA	NA	NA	NA	NA	NA	NA	1	0	1	1	1	1	NA	NA	NA	NA	NA	NA
13	50925299	50931451	2	1	1	2	d	2	1	1	0.05	0.1	NA	NA	NA	NA	NA	NA	NA	NA	NA	NA	NA	NA	NA	NA	NA	NA	1	1	1	NA	NA	NA	NA	NA	NA
13	50931452	51049455	2	1	1	3	a	6	1	1	0.0330158830208	0.129782173459	2	1	1	1	1	1	NA	NA	NA	NA	NA	NA	NA	2	1	1	1	1	1	NA	NA	NA	2	1	1
13	51049456	51280893	1	1	0	3	a	6	1	0	0.0701368831917	0.12577989891	1	0	1	1	0	1	NA	NA	NA	NA	NA	NA	NA	1	0	1	1	0	1	NA	NA	NA	1	0	1
13	51280894	51281144	1	1	0	3	a	6	1	0	0.05	0.1	1	0	1	1	0	1	NA	NA	NA	NA	NA	NA	NA	1	0	1	1	0	1	NA	NA	NA	1	0	1
13	51281145	114142800	1	1	0	3	a	6	1	0	0.0600960606577	0.10205679007	1	0	1	1	0	1	NA	NA	NA	NA	NA	NA	NA	1	0	1	1	0	1	NA	NA	NA	1	0	1
13	114142801	115169877	1	1	0	3	b	5	NA	NA	NA	NA	1	0	1	1	0	1	NA	NA	NA	NA	NA	NA	NA	1	0	1	1	0	1	NA	NA	NA	1	0	1
14	1	16099999	2	1	1	1	h	1	NA	NA	NA	NA	NA	NA	NA	NA	NA	NA	NA	NA	NA	NA	NA	NA	NA	NA	NA	NA	NA	NA	NA	NA	NA	NA	2	1	1
14	16100000	19099999	NA	NA	NA	NA	NA	NA	NA	NA	NA	NA	NA	NA	NA	NA	NA	NA	NA	NA	NA	NA	NA	NA	NA	NA	NA	NA	2	0	1	NA	NA	NA	2	1	1
14	19100000	78882961	2	1	1	3	a	6	1	1	0.0359337226334	0.133880801471	2	1	1	1	1	1	NA	NA	NA	NA	NA	NA	NA	2	1	1	1	1	1	NA	NA	NA	2	1	1
14	78882962	78882979	2	1	1	3	b	5	1	1	0.05	0.1	2	1	1	1	1	1	NA	NA	NA	NA	NA	NA	NA	NA	NA	NA	1	1	1	NA	NA	NA	2	1	1
14	78882980	106368400	2	1	1	3	a	6	1	1	0.0352702150806	0.124541507873	2	1	1	1	1	1	NA	NA	NA	NA	NA	NA	NA	2	1	1	1	1	1	NA	NA	NA	2	1	1
15	1	15799999	2	1	1	1	h	1	NA	NA	NA	NA	NA	NA	NA	NA	NA	NA	NA	NA	NA	NA	NA	NA	NA	NA	NA	NA	NA	NA	NA	NA	NA	NA	2	1	1
15	15800000	20699999	2	1	1	2	d	2	1	0.61	0.05	0.239574444307	NA	NA	NA	1	0	0.430237807526532	1	1	0.569762192473468	0.00187656155683744	0.0019574834149688	0.426287916694235	0.434093412359902	2	1	1	1	0	0.574018	1	1	0.425982	2	1	1
15	20700000	100348186	2	1	1	2	d	2	1	0.61	0.0502816472134	0.122243713466	1.558706	0.57342304	0.98528284	1	0	0.430237807526532	1	1	0.569762192473468	0.00187656155683744	0.0019574834149688	0.426287916694235	0.434093412359902	2	1	1	1	0	0.436285	1	1	0.563715	2	1	1
15	100348187	102407814	2	1	1	2	d	2	NA	NA	NA	NA	1.544931	0.58244337	0.96248716	1	0	0.430237807526532	1	1	0.569762192473468	0.00187656155683744	0.0019574834149688	0.426287916694235	0.434093412359902	2	1	1	1	0	0.420318	1	1	0.579682	2	1	1
16	84870	4628923	1	1	0	3	a	6	1	0	0.0643054462509	0.113365084141	1	0	1	1	0	1	NA	NA	NA	NA	NA	NA	NA	1	0	1	1	0	1	NA	NA	NA	1	0	1
16	4628924	5643167	2	1	1	2	d	2	1	0.53	0.0534989818269	0.113451121812	1.47448	0.49903162	0.97544882	1	0	0.513889402778294	1	1	0.486110597221706	0.0120339287633869	0.0122140308602172	0.495609313455771	0.544038165406782	2	1	1	1	0	0.515249	1	1	0.484751	2	1	1
16	5643168	6369155	2	1	1	2	d	4	1	1	0.0338069294076	0.127516757987	1.834221	0.91711069	0.91711069	1	0	0.115625115625119	1	1	0.884374884374881	0.0138216993045927	0.0136984029427803	0.0777629523441981	0.13161880093563	2	1	1	1	1	1	NA	NA	NA	2	1	1
16	6369156	7193818	2	1	1	2	e	5	1	0.53	0.0545577680835	0.116042080092	1.483021	0.48305705	0.9999639	1	0	0.537097311290857	1	1	0.462902688709143	0.0114590270629067	0.0115419059948147	0.496743550295322	0.542172893756548	2	1	1	1	0	0.537361	1	1	0.462639	1	0	1
16	7193819	7960432	2	1	1	2	d	4	1	1	0.0389337017069	0.109403601684	1.849913	0.92495664	0.92495664	1	0	0.107269687537969	1	1	0.892730312462031	0.012711240955873	0.0128002870735699	0.0803571604099824	0.130502370522474	2	1	1	1	1	1	NA	NA	NA	2	1	1
16	7960433	10289346	2	1	1	2	e	5	1	0.53	0.0539493024125	0.100437056474	1.489578	0.50766894	0.98190946	1	0	0.496341959756592	1	1	0.503658040243408	0.00822168711964258	0.00817458185679566	0.491702425614073	0.523840158841252	2	1	1	1	0	0.501113	1	1	0.498887	1	0	1
16	10289347	10611811	2	1	1	2	d	5	1	1	0.05	0.0980040592384	1.823424	0.91171176	0.91171176	1	1	1	NA	NA	NA	NA	NA	NA	NA	2	1	1	1	1	1	NA	NA	NA	2	1	1
16	10611812	11012169	2	1	1	2	e	5	1	0.53	0.0484721167426	0.0936740423043	1.498177	0.50020152	0.99797538	1	0	0.559027447631804	1	1	0.440972552368196	0.018386066018983	0.0181434578705163	0.510340468376128	0.578690876720165	2	1	1	1	0	0.538398	1	1	0.461602	1	0	1
16	11012170	11037051	2	1	1	2	d	4	0.72	0.72	0.05	0.1	1.498177	0.50020152	0.99797538	1	1	1	NA	NA	NA	NA	NA	NA	NA	2	1	1	1	1	1	NA	NA	NA	2	1	1
16	11037052	11538805	2	1	1	2	d	2	0.72	0.72	0.0540121619783	0.0996572996333	1.486078	0.51748535	0.96859292	1	0	0.5000005000005	1	1	0.4999994999995	0.0177587449188317	0.0172723062113243	0.452329316312567	0.520230256736573	2	1	1	1	0	0.487417	1	1	0.512583	2	1	1
16	11538806	11948011	2	1	1	2	d	5	1	1	0.0318032054519	0.11676842385	1.839389	0.91969451	0.91969451	1	1	1	NA	NA	NA	NA	NA	NA	NA	2	1	1	1	1	1	NA	NA	NA	2	1	1
16	11948012	11974252	2	1	1	2	d	4	1	1	0.05	0.1	1.839389	0.91969451	0.91969451	1	1	0.782352723529192	2	1	0.217647276470808	NA	0	0.782352723529192	0.782352723529192	2	1	1	1	1	1	NA	NA	NA	2	1	1
16	11974253	11992638	2	1	1	2	d	3	1	1	0.05	0.1	NA	NA	NA	NA	NA	NA	NA	NA	NA	NA	NA	NA	NA	NA	NA	NA	1	1	1	NA	NA	NA	2	1	1
16	11992639	12074999	2	1	1	2	d	4	1	1	0.05	0.1	NA	NA	NA	1	0	0.0960106821389227	1	1	0.903989317861077	0.0125737130199948	0.0129573175604285	0.0715321454033488	0.121387513652912	2	1	1	1	1	1	NA	NA	NA	2	1	1
16	12075000	13028777	2	1	1	2	d	4	1	1	0.0428996633516	0.107788667937	1.887938	0.94396887	0.94396887	1	0	0.0960106821389227	1	1	0.903989317861077	0.0125737130199948	0.0129573175604285	0.0715321454033488	0.121387513652912	2	1	1	1	1	1	NA	NA	NA	2	1	1
16	13028778	13042809	3	2	1	2	d	3	1	1	0.05	0.1	1.887938	0.94396887	0.94396887	2	1	1	NA	NA	NA	NA	NA	NA	NA	3	1	2	1	1	1	NA	NA	NA	3	1	2
16	13042810	14697800	2	1	1	2	d	5	1	1	0.0329314464065	0.114322426707	1.854957	0.9274787	0.9274787	1	1	1	NA	NA	NA	NA	NA	NA	NA	2	1	1	1	1	1	NA	NA	NA	2	1	1
16	14697801	14699843	2	1	1	2	d	4	1	1	0.05	0.1	1.854957	0.9274787	0.9274787	1	1	1	NA	NA	NA	NA	NA	NA	NA	NA	NA	NA	1	1	1	NA	NA	NA	2	1	1
16	14699844	14707590	2	1	1	2	d	4	1	1	0.05	0.1	NA	NA	NA	1	1	1	NA	NA	NA	NA	NA	NA	NA	3	1	2	1	1	1	NA	NA	NA	2	1	1
16	14707591	14708047	2	1	1	2	d	3	1	1	0.05	0.1	NA	NA	NA	NA	NA	NA	NA	NA	NA	NA	NA	NA	NA	3	1	2	1	1	1	NA	NA	NA	2	1	1
16	14708048	14715606	2	1	1	2	d	3	1	1	0.05	0.1	NA	NA	NA	1	0	0.528571957143384	1	1	0.471428042856616	NA	0	0.528571957143384	0.528571957143384	NA	NA	NA	1	1	1	NA	NA	NA	2	1	1
16	14715607	28203109	2	1	1	2	d	4	1	1	0.0379547256001	0.146883263395	1.875682	0.93784109	0.93784109	1	0	0.108823638235402	1	1	0.891176361764598	0.00606556554711752	0.0061202882902448	0.0977490965294252	0.120902738515326	2	1	1	1	1	1	NA	NA	NA	2	1	1
16	28203110	28215897	2	1	1	2	d	3	1	1	0.05	0.1	1.875682	0.93784109	0.93784109	1	1	0.259999259999263	2	1	0.740000740000737	NA	0	0.259999259999263	0.259999259999263	NA	NA	NA	1	1	1	NA	NA	NA	2	1	1
16	28215898	33573646	2	1	1	2	d	4	1	1	0.0328212077222	0.183718376324	1.868129	0.93406464	0.93406464	1	0	0.126719282433092	1	1	0.873280717566908	0.0166283248759567	0.0166926705184012	0.0927822939123116	0.160320831684797	2	1	1	1	1	1	NA	NA	NA	2	1	1
16	33573647	33772412	2	1	1	2	d	2	NA	NA	NA	NA	1.868129	0.93406464	0.93406464	1	0	0.126719282433092	1	1	0.873280717566908	0.0166283248759567	0.0166926705184012	0.0927822939123116	0.160320831684797	NA	NA	NA	1	1	1	NA	NA	NA	2	1	1
16	33772413	38599999	2	1	1	2	d	3	NA	NA	NA	NA	NA	NA	NA	1	0	0.126719282433092	1	1	0.873280717566908	0.0166283248759567	0.0166926705184012	0.0927822939123116	0.160320831684797	2	1	1	1	1	1	NA	NA	NA	2	1	1
16	38600000	46447499	2	1	1	2	d	2	NA	NA	NA	NA	NA	NA	NA	NA	NA	NA	NA	NA	NA	NA	NA	NA	NA	NA	NA	NA	1	1	1	NA	NA	NA	2	1	1
16	46447500	55289368	2	1	1	2	d	4	1	1	0.039935255832	0.115294829207	1.771412	0.88570576	0.88570576	1	0	0.225609981707539	1	1	0.774390018292461	0.0066575489600097	0.00643900124898316	0.209379377488824	0.234939470235936	2	1	1	1	1	1	NA	NA	NA	2	1	1
16	55289369	56064946	2	1	1	3	a	6	1	1	0.0322305342732	0.165196155544	2	1	1	1	1	1	NA	NA	NA	NA	NA	NA	NA	2	1	1	1	1	1	NA	NA	NA	2	1	1
16	56064947	57745571	2	1	1	2	d	4	1	1	0.0523742245917	0.112625688993	1.680449	0.69759807	0.98285044	1	0	0.315853974390562	1	1	0.684146025609438	0.0130267265978955	0.0133079065466434	0.299404116294893	0.351692580783606	2	1	1	1	1	1	NA	NA	NA	2	1	1
16	57745572	58716223	2	1	1	2	d	5	1	1	0.0699577007135	0.135776804272	2.123952	1.06197581	1.06197581	1	1	1	NA	NA	NA	NA	NA	NA	NA	2	1	1	1	1	1	NA	NA	NA	2	1	1
16	58716224	63382845	2	1	1	2	d	4	1	1	0.0400985611626	0.12206497499	1.764247	0.88212359	0.88212359	1	0	0.21511649418626	1	1	0.78488350581374	0.00792044487893383	0.00785590492604443	0.20016642601735	0.230157008803718	2	1	1	1	1	1	NA	NA	NA	2	1	1
16	63382846	64014379	1	1	0	2	d	2	1	0.53	0.0553057838163	0.112221868739	1.498019	0.48928699	1.00873196	1	0	0.5061956533304	1	1	0.4938043466696	0.0342867415255853	0.0341032943229262	0.454228621410235	0.589906622212787	1	0	1	1	0	0.523155	1	1	0.476845	1	0	1
16	64014380	64025881	2	1	1	2	e	3	1	0.53	0.05	0.1	1.498019	0.48928699	1.00873196	1	0	0.569231338462108	1	1	0.430768661537892	NA	0	0.569231338462108	0.569231338462108	NA	NA	NA	1	0	0.507481	1	1	0.492519	2	1	1
16	64025882	65143182	2	1	1	2	e	4	1	0.53	0.0501164994442	0.108334767728	1.511495	0.50309004	1.00840508	1	0	0.498172274976692	1	1	0.501827725023308	0.0176237960243088	0.0169036861514534	0.460516442871386	0.529140059655535	2	1	1	1	0	0.507481	1	1	0.492519	1	0	1
16	65143183	65143486	1	1	0	2	d	4	1	0	0.05	0.1	1.511495	0.50309004	1.00840508	NA	NA	NA	NA	NA	NA	NA	NA	NA	NA	1	0	1	1	0	1	NA	NA	NA	1	0	1
16	65143487	65815930	1	1	0	2	d	5	1	0	0.0666898564588	0.0927442176364	1	0	1	1	0	0.951429522858094	1	1	0.0485704771419059	0.0216502530672387	0.0223279388768116	0.913060448787431	0.998106006379056	1	0	1	1	0	1	NA	NA	NA	1	0	1
16	65815931	66373327	2	1	1	2	e	5	1	0.53	0.0587945032123	0.105567111388	1.482605	0.51120412	0.97140098	1	0	0.525752198280156	1	1	0.474247801719844	0.0143123485902533	0.0142916054073183	0.497263642629199	0.551955982426945	2	1	1	1	0	0.519228	1	1	0.480772	1	0	1
16	66373328	66384551	2	1	1	2	e	4	1	0.53	0.05	0.1	1.482605	0.51120412	0.97140098	1	0	0.525752198280156	1	1	0.474247801719844	0.0143123485902533	0.0142916054073183	0.497263642629199	0.551955982426945	NA	NA	NA	1	0	0.478115	1	1	0.521885	1	0	1
16	66384552	66541685	2	1	1	2	e	5	1	0.53	0.0594276797323	0.142965073384	1.479291	0.54408666	0.93520458	1	0	0.525752198280156	1	1	0.474247801719844	0.0143123485902533	0.0142916054073183	0.497263642629199	0.551955982426945	2	1	1	1	0	0.478115	1	1	0.521885	1	0	1
16	66541686	66576316	2	1	1	2	d	3	NA	NA	NA	NA	1.479291	0.54408666	0.93520458	1	1	1	NA	NA	NA	NA	NA	NA	NA	2	1	1	1	0	0.436285	1	1	0.563715	2	1	1
16	66576317	67112625	1	1	0	2	d	2	1	0	0.05	0.100941334101	1.452823	0.53395927	0.91886406	1	0	0.479630109259739	1	1	0.520369890740261	0.0354693825265196	0.0359485988982035	0.43923971273809	0.576169707370341	2	1	1	1	0	0.436285	1	1	0.563715	1	0	1
16	67112626	68597811	2	1	1	2	d	4	1	1	0.0346342682516	0.125190115691	1.880784	0.94039198	0.94039198	1	0	0.104246735524803	1	1	0.895753264475197	0.0224127741849441	0.0221220815652291	0.0814829769836751	0.166191972115509	2	1	1	1	1	1	NA	NA	NA	2	1	1
16	68597812	69105827	2	1	1	2	d	2	1	0.53	0.0423461106747	0.120125522662	1.533449	0.5241561	1.00929327	1	0	0.504545959091416	1	1	0.495454040908584	0.0223172316336445	0.0224701083289804	0.45025169729373	0.539337864177506	2	1	1	1	0	0.511391	1	1	0.488609	2	1	1
16	69105828	69122190	2	1	1	2	f	2	1	0.53	0.05	0.1	1.533449	0.5241561	1.00929327	NA	NA	NA	NA	NA	NA	NA	NA	NA	NA	NA	NA	NA	1	0	1	NA	NA	NA	2	1	1
16	69122191	69131183	1	1	0	2	d	2	NA	NA	NA	NA	NA	NA	NA	NA	NA	NA	NA	NA	NA	NA	NA	NA	NA	1	0	1	1	0	1	NA	NA	NA	NA	NA	NA
16	69131184	69137944	1	1	0	2	d	3	NA	NA	NA	NA	NA	NA	NA	1	0	0.664103228205792	1	1	0.335896771794208	NA	0	0.664103228205792	0.664103228205792	1	0	1	1	0	1	NA	NA	NA	1	0	1
16	69137945	69138066	1	1	0	2	d	3	NA	NA	NA	NA	NA	NA	NA	NA	NA	NA	NA	NA	NA	NA	NA	NA	NA	1	0	1	1	0	1	NA	NA	NA	1	0	1
16	69138067	69138196	1	1	0	2	d	3	NA	NA	NA	NA	NA	NA	NA	NA	NA	NA	NA	NA	NA	NA	NA	NA	NA	1	0	1	1	0	1	NA	NA	NA	1	0	1
16	69138197	78541309	1	1	0	3	a	6	1	0	0.0617981569082	0.0909360169237	1	0	1	1	0	1	NA	NA	NA	NA	NA	NA	NA	1	0	1	1	0	1	NA	NA	NA	1	0	1
16	78541310	79275457	2	1	1	2	d	2	1	0.53	0.0513798081877	0.105815327467	1.518695	0.51539049	1.00330479	1	0	0.503890626639973	1	1	0.496109373360027	0.00780639087621032	0.00780593451481947	0.487728314568197	0.517744274028809	2	1	1	1	0	0.523155	1	1	0.476845	2	1	1
16	79275458	81253248	2	1	1	2	e	5	1	0.53	0.0508349340533	0.108535601021	1.489471	0.49788859	0.99158201	1	0	0.503890626639973	1	1	0.496109373360027	0.00780639087621032	0.00780593451481947	0.487728314568197	0.517744274028809	2	1	1	1	0	0.527744	1	1	0.472256	1	0	1
16	81253249	81536515	1	1	0	3	a	6	1	0	0.065533218381	0.0814958175111	1	0	1	1	0	1	NA	NA	NA	NA	NA	NA	NA	1	0	1	1	0	1	NA	NA	NA	1	0	1
16	81536516	81624838	2	1	1	2	e	5	1	0.72	0.0459496791274	0.141465768714	1.427243	0.45988792	0.96735549	1	0	0.53284037133297	1	1	0.46715962866703	0.0536600047324965	0.0519751582788592	0.447992490543877	0.646654530649313	2	1	1	1	0	0.564414	1	1	0.435586	1	0	1
16	81624839	83480143	1	1	0	3	a	6	1	0	0.0617284248941	0.0970829637119	1	0	1	1	0	1	NA	NA	NA	NA	NA	NA	NA	1	0	1	1	0	1	NA	NA	NA	1	0	1
16	83480144	88642926	2	1	1	2	d	2	1	0.53	0.0554510409871	0.138505307575	1.482564	0.49740527	0.98515889	1	0	0.513191498701347	1	1	0.486808501298653	0.00564972890748922	0.00585304119523851	0.501141039629506	0.524095380270391	2	1	1	1	0	0.523155	1	1	0.476845	2	1	1
16	88642927	88644951	2	1	1	2	e	5	1	0.53	0.05	0.1	1.482564	0.49740527	0.98515889	1	0	0.513191498701347	1	1	0.486808501298653	0.00564972890748922	0.00585304119523851	0.501141039629506	0.524095380270391	1	0	1	1	0	0.523155	1	1	0.476845	2	1	1
16	88644952	88910173	2	1	1	2	e	5	1	0.53	0.0409440331934	0.110479870449	1.468919	0.51090473	0.95801474	1	0	0.513191498701347	1	1	0.486808501298653	0.00564972890748922	0.00585304119523851	0.501141039629506	0.524095380270391	1	0	1	1	0	0.515249	1	1	0.484751	2	1	1
16	88910174	88910407	2	1	1	2	e	4	NA	NA	NA	NA	1.468919	0.51090473	0.95801474	1	0	0.513191498701347	1	1	0.486808501298653	0.00564972890748922	0.00585304119523851	0.501141039629506	0.524095380270391	1	0	1	1	0	0.515249	1	1	0.484751	2	1	1
16	88910408	88935649	1	1	0	1	g	NA	NA	NA	NA	NA	1.481339	0.52261487	0.95872459	1	0	0.513191498701347	1	1	0.486808501298653	0.00564972890748922	0.00585304119523851	0.501141039629506	0.524095380270391	1	0	1	1	0	0.477708	1	1	0.522292	499	154	345
16	88935650	90122369	1	1	0	3	b	5	NA	NA	NA	NA	1	0	1	1	0	1	NA	NA	NA	NA	NA	NA	NA	1	0	1	1	0	1	NA	NA	NA	1	0	1
17	7	21539973	1	1	0	3	a	6	1	0	0.0621360839176	0.134628495901	1	0	1	1	0	1	NA	NA	NA	NA	NA	NA	NA	1	0	1	1	0	1	NA	NA	NA	1	0	1
17	21539974	25799999	NA	NA	NA	NA	NA	NA	1	1	0.0286161203981	0.212588588284	2	1	1	NA	NA	NA	NA	NA	NA	NA	NA	NA	NA	2	1	1	1	1	1	NA	NA	NA	2	1	1
17	25800000	62899009	2	1	1	3	a	6	1	1	0.0348444968319	0.14873925295	2	1	1	1	1	1	NA	NA	NA	NA	NA	NA	NA	2	1	1	1	1	1	NA	NA	NA	2	1	1
17	62899010	63327105	3	2	1	3	a	6	2	1	0.0560380442378	0.197018801411	3	1	2	2	1	1	NA	NA	NA	NA	NA	NA	NA	3	1	2	2	1	1	NA	NA	NA	3	1	2
17	63327106	78774600	2	1	1	3	a	6	1	1	0.0348557302766	0.129101498304	2	1	1	1	1	1	NA	NA	NA	NA	NA	NA	NA	2	1	1	1	1	1	NA	NA	NA	2	1	1
17	78774601	81195209	2	1	1	3	b	5	NA	NA	NA	NA	2	1	1	1	1	1	NA	NA	NA	NA	NA	NA	NA	2	1	1	1	1	1	NA	NA	NA	2	1	1
18	27500	14278427	1	1	0	3	a	6	1	0	0.059777501352	0.100270067426	1	0	1	1	0	1	NA	NA	NA	NA	NA	NA	NA	1	0	1	1	0	1	NA	NA	NA	1	0	1
18	14278428	15399999	1	1	0	3	b	5	1	0	0.0657100091599	0.140570366139	1	0	1	NA	NA	NA	NA	NA	NA	NA	NA	NA	NA	1	0	1	1	0	1	NA	NA	NA	1	0	1
18	15400000	19004992	NA	NA	NA	NA	NA	NA	1	0	0.05	0.145097059288	NA	NA	NA	1	0	1	NA	NA	NA	NA	NA	NA	NA	1	0	1	1	0	1	NA	NA	NA	2	0	2
18	19004993	19662561	6	5	1	2	d	4	5.28	1	0.033649275313	0.284156732902	5.660878	0.9927217	4.66815608	5	1	1	NA	NA	NA	NA	NA	NA	NA	6	1	5	5	1	1	NA	NA	NA	6	1	5
18	19662562	19680121	6	5	1	2	d	3	5.28	1	0.05	0.1	5.660878	0.9927217	4.66815608	5	1	1	NA	NA	NA	NA	NA	NA	NA	6	1	5	5	1	1	NA	NA	NA	5	1	4
18	19680122	19814716	6	5	1	2	e	4	5.28	1	0.05	0.236451865262	6.266172	1.04764249	5.21852916	5	1	1	NA	NA	NA	NA	NA	NA	NA	7	1	6	5	1	1	NA	NA	NA	6	0	6
18	19814717	19823302	8	6	2	2	f	1	6	1	0.05	0.1	6.266172	1.04764249	5.21852916	5	1	1	NA	NA	NA	NA	NA	NA	NA	NA	NA	NA	6	1	1	NA	NA	NA	6	0	6
18	19823303	19824196	6	5	1	1	h	1	6	1	0.05	0.1	NA	NA	NA	5	1	1	NA	NA	NA	NA	NA	NA	NA	NA	NA	NA	6	1	1	NA	NA	NA	6	0	6
18	19824197	20381123	7	6	1	2	d	4	6	1	0.0265947752623	0.227126484842	6.410218	0.97945752	5.43076033	5	1	1	NA	NA	NA	NA	NA	NA	NA	7	1	6	6	1	1	NA	NA	NA	7	1	6
18	20381124	20387375	7	6	1	2	d	3	6	1	0.05	0.1	6.410218	0.97945752	5.43076033	5	1	1	NA	NA	NA	NA	NA	NA	NA	NA	NA	NA	6	1	1	NA	NA	NA	7	1	6
18	20387376	20387431	7	6	1	2	d	2	6	1	0.05	0.1	NA	NA	NA	5	1	1	NA	NA	NA	NA	NA	NA	NA	NA	NA	NA	NA	NA	NA	NA	NA	NA	7	1	6
18	20387432	20596851	7	6	1	2	d	3	6	1	0.05	0.301258783496	NA	NA	NA	5	1	1	NA	NA	NA	NA	NA	NA	NA	7	1	6	NA	NA	NA	NA	NA	NA	7	1	6
18	20596852	20673800	6	4	2	1	g	NA	5	1	0.05	0.1	NA	NA	NA	6	1	1	NA	NA	NA	NA	NA	NA	NA	6	2	4	NA	NA	NA	NA	NA	NA	6	1	5
18	20673801	20680854	6	5	1	2	d	2	5	1	0.05	0.1	NA	NA	NA	2	0	0.889327069102352	2	1	0.110672930897648	NA	0	0.889327069102352	0.889327069102352	5	1	4	NA	NA	NA	NA	NA	NA	6	1	5
18	20680855	20838664	6	5	1	2	d	5	5	1	0.05	0.224461321583	5.679789	1.01554368	4.6642457	5	1	1	NA	NA	NA	NA	NA	NA	NA	6	1	5	5	1	1	NA	NA	NA	6	1	5
18	20838665	20974884	6	5	1	2	d	5	5	1	0.0358186263293	0.288225921158	5.482603	1.06954377	4.41305958	5	1	1	NA	NA	NA	NA	NA	NA	NA	6	1	5	5	1	1	NA	NA	NA	6	1	5
18	20974885	20975116	6	5	1	2	d	3	NA	NA	NA	NA	5.482603	1.06954377	4.41305958	5	1	1	NA	NA	NA	NA	NA	NA	NA	1	0	1	5	1	1	NA	NA	NA	6	1	5
18	20975117	20975153	6	5	1	2	d	3	NA	NA	NA	NA	NA	NA	NA	5	1	1	NA	NA	NA	NA	NA	NA	NA	NA	NA	NA	5	1	1	NA	NA	NA	6	1	5
18	20975154	21136139	6	5	1	2	d	4	6	1	0.0320588160163	0.207976753546	6.258024	1.00859922	5.24942526	5	1	1	NA	NA	NA	NA	NA	NA	NA	6	1	5	5	1	1	NA	NA	NA	6	1	5
18	21136140	21147499	7	6	1	2	d	4	6	1	0.05	0.1	6.258024	1.00859922	5.24942526	6	1	1	NA	NA	NA	NA	NA	NA	NA	7	1	6	6	1	1	NA	NA	NA	8	1	7
18	21147500	21305568	7	6	1	3	b	6	6	1	0.05	0.24110993352	7	1	6	6	1	1	NA	NA	NA	NA	NA	NA	NA	7	1	6	6	1	1	NA	NA	NA	8	1	7
18	21305569	21988399	8	7	1	2	d	4	14	1	0.0283018402365	0.302426961076	7.488767	1.00744947	6.48131779	7	1	1	NA	NA	NA	NA	NA	NA	NA	8	1	7	7	1	1	NA	NA	NA	8	1	7
18	21988400	22003125	7	6	1	2	f	2	14	1	0.05	0.1	7.488767	1.00744947	6.48131779	5	1	1	NA	NA	NA	NA	NA	NA	NA	7	1	6	12	1	1	NA	NA	NA	6	0	6
18	22003126	22003295	13	12	1	1	h	1	NA	NA	NA	NA	NA	NA	NA	NA	NA	NA	NA	NA	NA	NA	NA	NA	NA	NA	NA	NA	12	1	1	NA	NA	NA	6	0	6
18	22003296	22007874	8	7	1	1	h	1	25	1	0.05	0.1	NA	NA	NA	7	1	1	NA	NA	NA	NA	NA	NA	NA	NA	NA	NA	12	1	1	NA	NA	NA	6	0	6
18	22007875	22348070	13	12	1	2	f	2	25	1	0.0145359187569	0.414426910422	12.618578	0.93555876	11.6830197	13	1	1	NA	NA	NA	NA	NA	NA	NA	8	0	8	12	1	1	NA	NA	NA	12	0	12
18	22348071	22409259	7	4	3	1	g	NA	25	1	0.05	0.259360528768	12.618578	0.93555876	11.6830197	NA	NA	NA	NA	NA	NA	NA	NA	NA	NA	7	3	4	9	1	1	NA	NA	NA	12	0	12
18	22409260	22529405	10	9	1	1	h	1	25	1	0.05	0.365630237146	NA	NA	NA	NA	NA	NA	NA	NA	NA	NA	NA	NA	NA	NA	NA	NA	9	1	1	NA	NA	NA	NA	NA	NA
18	22529406	22819617	8	7	1	1	g	NA	20	1	0.05	0.402070685117	NA	NA	NA	10	1	1	NA	NA	NA	NA	NA	NA	NA	8	1	7	9	1	1	NA	NA	NA	10	0	10
18	22819618	22870278	8	7	1	1	g	NA	20	1	0.05	0.366148727897	NA	NA	NA	9	1	1	NA	NA	NA	NA	NA	NA	NA	8	1	7	9	1	1	NA	NA	NA	9	0	9
18	22870279	22970055	10	9	1	2	f	3	20	1	0.05	0.383541454832	10.185455	1.08045773	9.10499742	9	1	0.711692679966463	9	2	0.288307320033537	0.747495804929676	1.37863607349491	-6.75474801832719	-1.41027760455634	8	1	7	9	1	1	NA	NA	NA	10	0	10
18	22970056	23107197	8	7	1	1	g	NA	23	1	0.05	0.317588510683	11	1	10	11	1	1	NA	NA	NA	NA	NA	NA	NA	8	1	7	10	1	1	NA	NA	NA	12	0	12
18	23107198	23186673	4	3	1	2	e	0	23	1	0.0201918934649	0.501096583693	10.761115	0.99565306	9.76546156	10	1	1	NA	NA	NA	NA	NA	NA	NA	8	1	7	10	1	1	NA	NA	NA	11	0	11
18	23186674	23308785	3	2	1	2	e	0	19	1	0.0178540731158	0.334282732771	9.193861	0.95214186	8.24171949	9	1	1	NA	NA	NA	NA	NA	NA	NA	8	1	7	8	1	1	NA	NA	NA	9	0	9
18	23308786	23363105	8	7	1	1	g	NA	19	1	0.05	0.398211855168	9.193861	0.95214186	8.24171949	10	1	1	NA	NA	NA	NA	NA	NA	NA	8	1	7	1	0	1	NA	NA	NA	10	0	10
18	23363106	23658052	8	7	1	1	g	NA	43	1	0.05	0.460394959483	NA	NA	NA	10	1	1	NA	NA	NA	NA	NA	NA	NA	8	1	7	1	0	1	NA	NA	NA	12	0	12
18	23658053	23659049	7	4	3	1	g	NA	43	1	0.05	0.1	NA	NA	NA	NA	NA	NA	NA	NA	NA	NA	NA	NA	NA	7	3	4	1	0	1	NA	NA	NA	12	0	12
18	23659050	23716369	1	1	0	1	h	1	43	1	0.05	0.628661152779	NA	NA	NA	18	0	0.271652412800736	18	1	0.728347587199264	NA	0	0.271652412800736	0.271652412800736	NA	NA	NA	1	0	1	NA	NA	NA	14	0	14
18	23716370	76117000	1	1	0	3	a	6	1	0	0.0614865929286	0.418399137734	1	0	1	1	0	1	NA	NA	NA	NA	NA	NA	NA	1	0	1	1	0	1	NA	NA	NA	1	0	1
18	76117001	78077247	1	1	0	3	b	5	NA	NA	NA	NA	1	0	1	1	0	1	NA	NA	NA	NA	NA	NA	NA	1	0	1	1	0	1	NA	NA	NA	1	0	1
19	102500	247287	2	1	1	2	d	3	1	1	0.05	0.1	NA	NA	NA	NA	NA	NA	NA	NA	NA	NA	NA	NA	NA	NA	NA	NA	1	1	1	NA	NA	NA	2	1	1
19	247288	24399999	2	1	1	3	a	6	1	1	0.0368527360301	0.132044602539	2	1	1	1	1	1	NA	NA	NA	NA	NA	NA	NA	2	1	1	1	1	1	NA	NA	NA	2	1	1
19	24400000	29139158	2	1	1	3	a	6	1	1	0.0300859205802	0.252740344973	2	1	1	1	1	1	NA	NA	NA	NA	NA	NA	NA	2	1	1	1	1	1	NA	NA	NA	2	1	1
19	29139159	59128982	2	1	1	3	a	6	1	1	0.0380557700183	0.166915878979	2	1	1	1	1	1	NA	NA	NA	NA	NA	NA	NA	2	1	1	1	1	1	NA	NA	NA	2	1	1
20	32012	14848179	2	1	1	3	b	5	1	1	0.0355871524265	0.127386761777	2	1	1	NA	NA	NA	NA	NA	NA	NA	NA	NA	NA	2	1	1	1	1	1	NA	NA	NA	2	1	1
20	14848180	15668467	2	1	1	2	d	3	1	0.72	0.0479221155646	0.104751802586	1.614112	0.63486458	0.97924734	NA	NA	NA	NA	NA	NA	NA	NA	NA	NA	2	1	1	1	1	1	NA	NA	NA	2	1	1
20	15668468	25599999	2	1	1	3	a	6	1	1	0.0351212554987	0.122552242131	2	1	1	1	1	1	NA	NA	NA	NA	NA	NA	NA	2	1	1	1	1	1	NA	NA	NA	2	1	1
20	25600000	29399999	2	1	1	3	a	6	1	1	0.05	0.135883916855	2	1	1	1	1	1	NA	NA	NA	NA	NA	NA	NA	2	1	1	1	1	1	NA	NA	NA	2	1	1
20	29400000	62432500	2	1	1	3	a	6	1	1	0.0354248967787	0.134069262181	2	1	1	1	1	1	NA	NA	NA	NA	NA	NA	NA	2	1	1	1	1	1	NA	NA	NA	2	1	1
21	1	9417499	NA	NA	NA	NA	NA	NA	1	1	0.05	0.1	NA	NA	NA	NA	NA	NA	NA	NA	NA	NA	NA	NA	NA	NA	NA	NA	2	0	0.788452	2	1	0.211548	NA	NA	NA
21	9417500	10899999	NA	NA	NA	NA	NA	NA	1	1	0.05	0.193389954636	NA	NA	NA	NA	NA	NA	NA	NA	NA	NA	NA	NA	NA	NA	NA	NA	2	0	0.788452	2	1	0.211548	NA	NA	NA
21	10900000	15229153	2	1	1	2	d	2	1	1	0.05	0.231489166968	NA	NA	NA	NA	NA	NA	NA	NA	NA	NA	NA	NA	NA	2	1	1	1	0	0.652994	1	1	0.347006	NA	NA	NA
21	15229154	46937500	2	1	1	2	d	4	1	1	0.0357796782352	0.12104833473	1.800596	0.90029781	0.90029781	1	1	1	NA	NA	NA	NA	NA	NA	NA	2	1	1	1	1	1	NA	NA	NA	NA	NA	NA
21	46937501	48129894	2	1	1	2	d	3	NA	NA	NA	NA	1.80162	0.90081003	0.90081003	1	1	1	NA	NA	NA	NA	NA	NA	NA	2	1	1	1	1	1	NA	NA	NA	NA	NA	NA
22	1	12199999	2	1	1	1	h	1	NA	NA	NA	NA	NA	NA	NA	NA	NA	NA	NA	NA	NA	NA	NA	NA	NA	NA	NA	NA	NA	NA	NA	NA	NA	NA	2	1	1
22	12200000	17899999	2	1	1	3	a	6	1	1	0.0654040803365	0.189755825598	2	1	1	1	1	1	NA	NA	NA	NA	NA	NA	NA	2	1	1	1	1	1	NA	NA	NA	2	1	1
22	17900000	29065216	2	1	1	3	a	6	1	1	0.0400459830111	0.140656502113	2	1	1	1	1	1	NA	NA	NA	NA	NA	NA	NA	2	1	1	1	1	1	NA	NA	NA	2	1	1
22	29065217	29065401	2	1	1	3	b	6	1	1	0.05	0.1	2	1	1	1	1	1	NA	NA	NA	NA	NA	NA	NA	1	0	1	1	1	1	NA	NA	NA	2	1	1
22	29065402	29065722	2	1	1	2	d	4	1	1	0.05	0.1	NA	NA	NA	1	1	1	NA	NA	NA	NA	NA	NA	NA	1	0	1	1	1	1	NA	NA	NA	2	1	1
22	29065723	29065839	2	1	1	2	d	4	1	1	0.05	0.1	NA	NA	NA	1	1	1	NA	NA	NA	NA	NA	NA	NA	1	0	1	1	1	1	NA	NA	NA	2	1	1
22	29065840	29065860	2	1	1	2	d	4	1	1	0.05	0.1	NA	NA	NA	1	1	1	NA	NA	NA	NA	NA	NA	NA	1	0	1	1	1	1	NA	NA	NA	2	1	1
22	29065861	29065890	2	1	1	2	d	4	1	1	0.05	0.1	NA	NA	NA	1	1	1	NA	NA	NA	NA	NA	NA	NA	1	0	1	1	1	1	NA	NA	NA	2	1	1
22	29065891	29065902	2	1	1	2	d	4	1	1	0.05	0.1	NA	NA	NA	1	1	1	NA	NA	NA	NA	NA	NA	NA	1	0	1	1	1	1	NA	NA	NA	2	1	1
22	29065903	29065930	2	1	1	2	d	4	1	1	0.05	0.1	NA	NA	NA	1	1	1	NA	NA	NA	NA	NA	NA	NA	1	0	1	1	1	1	NA	NA	NA	2	1	1
22	29065931	29065944	2	1	1	2	d	4	1	1	0.05	0.1	NA	NA	NA	1	1	1	NA	NA	NA	NA	NA	NA	NA	1	0	1	1	1	1	NA	NA	NA	2	1	1
22	29065945	29066009	2	1	1	2	d	4	1	1	0.05	0.1	NA	NA	NA	1	1	1	NA	NA	NA	NA	NA	NA	NA	1	0	1	1	1	1	NA	NA	NA	2	1	1
22	29066010	29066061	2	1	1	2	d	4	1	1	0.05	0.1	NA	NA	NA	1	1	1	NA	NA	NA	NA	NA	NA	NA	1	0	1	1	1	1	NA	NA	NA	2	1	1
22	29066062	29066126	2	1	1	2	d	4	1	1	0.05	0.1	NA	NA	NA	1	1	1	NA	NA	NA	NA	NA	NA	NA	1	0	1	1	1	1	NA	NA	NA	2	1	1
22	29066127	29066164	2	1	1	2	d	4	1	1	0.05	0.1	NA	NA	NA	1	1	1	NA	NA	NA	NA	NA	NA	NA	1	0	1	1	1	1	NA	NA	NA	2	1	1
22	29066165	29066233	2	1	1	2	d	4	1	1	0.05	0.1	NA	NA	NA	1	1	1	NA	NA	NA	NA	NA	NA	NA	NA	NA	NA	1	1	1	NA	NA	NA	2	1	1
22	29066234	49687500	2	1	1	3	a	6	1	1	0.0383273378508	0.138673731878	2	1	1	1	1	1	NA	NA	NA	NA	NA	NA	NA	2	1	1	1	1	1	NA	NA	NA	2	1	1
22	49687501	51304565	2	1	1	2	d	4	NA	NA	NA	NA	2	1	1	1	0	0.104717085849158	1	1	0.895282914150842	0.0273662073563773	0.0278387115909499	0.0281803009206545	0.131900663454507	2	1	1	1	1	1	NA	NA	NA	2	1	1
X	1	58099999	1	1	0	3	a	3	1	0	0.0625222392815	0.16990216424	1	0	1	NA	NA	NA	NA	NA	NA	NA	NA	NA	NA	1	0	1	NA	NA	NA	NA	NA	NA	2	1	1
X	58100000	62999999	1	1	0	2	d	2	0.58	0	0.05	0.261292499973	1	0	1	NA	NA	NA	NA	NA	NA	NA	NA	NA	NA	1	0	1	NA	NA	NA	NA	NA	NA	2	1	1
X	63000000	74676208	1	1	0	3	a	3	1	0	0.05	0.182978650726	1	0	1	NA	NA	NA	NA	NA	NA	NA	NA	NA	NA	1	0	1	NA	NA	NA	NA	NA	NA	2	1	1
X	74676209	89660195	2	2	0	2	e	2	1.48	0	0.05	0.172697920155	1.526095	0	1.526095	NA	NA	NA	NA	NA	NA	NA	NA	NA	NA	2	0	2	NA	NA	NA	NA	NA	NA	2	1	1
X	89660196	155270559	1	1	0	3	a	3	1	0	0.05	0.154709008547	1	0	1	NA	NA	NA	NA	NA	NA	NA	NA	NA	NA	1	0	1	NA	NA	NA	NA	NA	NA	2	1	1
Y	1	11599999	1	1	0	1	h	1	NA	NA	NA	NA	1	0	1	NA	NA	NA	NA	NA	NA	NA	NA	NA	NA	NA	NA	NA	NA	NA	NA	NA	NA	NA	3	0	3
Y	11600000	13399999	1	1	0	1	h	1	NA	NA	NA	NA	1	0	1	NA	NA	NA	NA	NA	NA	NA	NA	NA	NA	NA	NA	NA	NA	NA	NA	NA	NA	NA	3	0	3
Y	13400000	59373565	1	1	0	1	h	1	NA	NA	NA	NA	1	0	1	NA	NA	NA	NA	NA	NA	NA	NA	NA	NA	NA	NA	NA	NA	NA	NA	NA	NA	NA	3	0	3
