chromosome	start	end	total_cn	major_cn	minor_cn	star	level	methods_agree	absolute_broad_major_cn	absolute_broad_minor_cn	absolute_broad_het_error	absolute_broad_cov_error	aceseq_copy_number	aceseq_minor_cn	aceseq_major_cn	battenberg_nMaj1_A	battenberg_nMin1_A	battenberg_frac1_A	battenberg_nMaj2_A	battenberg_nMin2_A	battenberg_frac2_A	battenberg_SDfrac_A	battenberg_SDfrac_A_BS	battenberg_frac1_A_0.025	battenberg_frac1_A_0.975	clonehd_copy_number	clonehd_minor_cn	clonehd_major_cn	sclust_nMaj1_A	sclust_nMin1_A	sclust_frac1_A	sclust_nMaj2_A	sclust_nMin2_A	sclust_frac2_A	jabba_copy_number	jabba_minor_cn	jabba_major_cn
1	1	817500	3	2	1	2	d	3	3	3	0.05	1.07333139664	NA	NA	NA	2	1	1	NA	NA	NA	NA	NA	NA	NA	NA	NA	NA	2	1	1	NA	NA	NA	3	1	2
1	817501	17072500	3	2	1	3	a	6	2	1	0.0840982609417	0.168766407959	3	1	2	2	1	1	NA	NA	NA	NA	NA	NA	NA	3	1	2	2	1	1	NA	NA	NA	3	1	2
1	17072501	31370047	3	2	1	3	a	6	2	1	0.0844198012779	0.128647583961	3	1	2	2	1	1	NA	NA	NA	NA	NA	NA	NA	3	1	2	2	1	1	NA	NA	NA	3	1	2
1	31370048	31374528	1	1	0	1	g	NA	2	1	0.05	0.1	3	1	2	1	0	1	NA	NA	NA	NA	NA	NA	NA	2	0	2	2	1	1	NA	NA	NA	1	0	1
1	31374529	31461658	3	2	1	2	d	5	2	1	0.05	0.1	2.954779	1.066106302	1.88867274	2	1	1	NA	NA	NA	NA	NA	NA	NA	3	1	2	2	1	1	NA	NA	NA	3	1	2
1	31461659	31540279	1	1	0	2	d	5	1	0	0.05	0.1	1.109273	0.052921886	1.05635064	1	0	1	NA	NA	NA	NA	NA	NA	NA	1	0	1	1	0	1	NA	NA	NA	1	0	1
1	31540280	45278326	3	2	1	3	a	6	2	1	0.0860206586226	0.11234163124	3	1	2	2	1	1	NA	NA	NA	NA	NA	NA	NA	3	1	2	2	1	1	NA	NA	NA	3	1	2
1	45278327	45299228	5	3	2	1	g	NA	2	1	0.05	0.1	3	1	2	2	2	1	NA	NA	NA	NA	NA	NA	NA	5	2	3	2	1	1	NA	NA	NA	5	2	3
1	45299229	53306977	3	2	1	3	a	6	2	1	0.0836083657541	0.11619116792	3	1	2	2	1	1	NA	NA	NA	NA	NA	NA	NA	3	1	2	2	1	1	NA	NA	NA	3	1	2
1	53306978	53340420	3	2	1	2	d	3	2	1	0.05	0.1	3	1	2	3	1	0.540864857346149	3	2	0.459135142653851	NA	0	0.540864857346149	0.540864857346149	NA	NA	NA	2	1	1	NA	NA	NA	4	1	3
1	53340421	71724825	3	2	1	3	a	6	2	1	0.0828783534715	0.113810479634	3	1	2	2	1	1	NA	NA	NA	NA	NA	NA	NA	3	1	2	2	1	1	NA	NA	NA	3	1	2
1	71724826	72209347	1	1	0	2	d	4	1	0	0.05	0.0560778688448	1	0	1	1	0	0.955927513919076	1	1	0.0440724860809237	0.0330600492359775	0.0345822142670418	0.856464425167523	0.991869683855051	1	0	1	2	1	1	NA	NA	NA	1	0	1
1	72209348	72769209	3	2	1	3	a	6	2	1	0.0740064234843	0.0965084420479	3	1	2	2	1	1	NA	NA	NA	NA	NA	NA	NA	3	1	2	2	1	1	NA	NA	NA	3	1	2
1	72769210	75069278	3	2	1	3	a	6	2	1	0.0849486143432	0.113125886557	3	1	2	2	1	1	NA	NA	NA	NA	NA	NA	NA	3	1	2	2	1	1	NA	NA	NA	3	1	2
1	75069279	76295079	1	1	0	2	d	5	1	0	0.103275838331	0.0548174643129	1	0	1	1	0	0.961190378109821	1	1	0.0388096218901786	0.0103183399724556	0.0105217394215609	0.93890878070529	0.980632774558372	1	0	1	1	0	1	NA	NA	NA	1	0	1
1	76295080	76320546	3	2	1	2	d	3	1	1	0.05	0.1	1	0	1	2	1	1	NA	NA	NA	NA	NA	NA	NA	3	1	2	2	1	0.861346	1	1	0.138654	3	1	2
1	76320547	76377967	1	1	0	2	d	3	1	0	0.05	0.1	1.163428	0.120158472	1.04326972	0	0	0.430481629157644	1	0	0.569518370842356	0.0711999541462555	0.0701127285099524	0.269813371086651	0.538619782139609	1	0	1	1	0	0.469032	0	0	0.530968	1	0	1
1	76377968	108339988	3	2	1	3	a	6	2	1	0.0841324031802	0.117875806306	3	1	2	2	1	1	NA	NA	NA	NA	NA	NA	NA	3	1	2	2	1	1	NA	NA	NA	3	1	2
1	108339989	108620673	1	1	0	2	d	5	1	0	0.0990618860959	0.117896082475	1.141781	0.023630142	1.11815071	1	0	1	NA	NA	NA	NA	NA	NA	NA	1	0	1	1	0	1	NA	NA	NA	1	0	1
1	108620674	117109260	3	2	1	3	a	6	2	1	0.083478931305	0.117835727279	3	1	2	2	1	1	NA	NA	NA	NA	NA	NA	NA	3	1	2	2	1	1	NA	NA	NA	3	1	2
1	117109261	117109274	3	2	1	2	d	3	NA	NA	NA	NA	3	1	2	NA	NA	NA	NA	NA	NA	NA	NA	NA	NA	NA	NA	NA	2	1	1	NA	NA	NA	3	1	2
1	117109275	120693039	4	2	2	3	a	6	2	2	0.0508963607908	0.1554117021	4	2	2	2	2	1	NA	NA	NA	NA	NA	NA	NA	4	2	2	2	2	1	NA	NA	NA	4	2	2
1	120693040	128899999	4	2	2	2	e	4	2.29	1.2	0.05	0.68354666902	4	2	2	2	1	1	NA	NA	NA	NA	NA	NA	NA	3	1	2	2	2	0.0575793	2	1	0.942421	4	2	2
1	128900000	143118938	4	2	2	2	e	3	2.29	1.2	0.05	0.286853968132	NA	NA	NA	NA	NA	NA	NA	NA	NA	NA	NA	NA	NA	1	0	1	2	2	0.0575793	2	1	0.942421	4	2	2
1	143118939	144870318	4	2	2	2	f	2	2.29	1.2	0.05	0.282361174505	NA	NA	NA	NA	NA	NA	NA	NA	NA	NA	NA	NA	NA	1	0	1	2	1	1	NA	NA	NA	4	2	2
1	144870319	144870387	4	2	2	2	f	2	2.29	1.2	0.05	0.1	NA	NA	NA	NA	NA	NA	NA	NA	NA	NA	NA	NA	NA	NA	NA	NA	2	1	1	NA	NA	NA	4	2	2
1	144870388	239133796	3	2	1	2	d	5	2.29	1.2	0.0822037469325	0.133425230004	3	1	2	2	1	1	NA	NA	NA	NA	NA	NA	NA	3	1	2	2	1	1	NA	NA	NA	3	1	2
1	239133797	239141183	4	3	1	1	g	NA	2.29	1.2	0.05	0.1	3	1	2	3	1	1	NA	NA	NA	NA	NA	NA	NA	NA	NA	NA	2	1	1	NA	NA	NA	4	1	3
1	239141184	247249600	3	2	1	2	d	5	2.29	1.2	0.0864653948825	0.126222856429	3	1	2	2	1	1	NA	NA	NA	NA	NA	NA	NA	3	1	2	2	1	1	NA	NA	NA	3	1	2
1	247249601	249250620	3	2	1	2	d	4	NA	NA	NA	NA	3.163032	1.037011073	2.12602044	2	1	1	NA	NA	NA	NA	NA	NA	NA	3	1	2	2	1	1	NA	NA	NA	3	1	2
2	51379	89179989	3	2	1	3	a	6	2	1	0.082372215996	0.13321233225	3	1	2	2	1	1	NA	NA	NA	NA	NA	NA	NA	3	1	2	2	1	1	NA	NA	NA	3	1	2
2	89179990	90489602	3	2	1	2	d	4	3	2	0.05	0.637447184915	3.171327	1.030974058	2.14035346	2	1	1	NA	NA	NA	NA	NA	NA	NA	3	1	2	2	1	1	NA	NA	NA	3	1	2
2	90489603	96799999	3	2	1	2	d	4	2	1	0.0766053509145	0.162224754008	2.910477	1.139453796	1.7710237	NA	NA	NA	NA	NA	NA	NA	NA	NA	NA	3	1	2	2	1	1	NA	NA	NA	3	1	2
2	96800000	131780006	3	2	1	3	a	6	2	1	0.0848405422022	0.121595985136	3	1	2	2	1	1	NA	NA	NA	NA	NA	NA	NA	3	1	2	2	1	1	NA	NA	NA	3	1	2
2	131780007	137112861	2	2	0	3	a	6	2	0	0.0668235604065	0.0927329674493	2	0	2	2	0	1	NA	NA	NA	NA	NA	NA	NA	2	0	2	2	0	1	NA	NA	NA	2	0	2
2	137112862	141663469	2	2	0	3	a	6	2	0	0.0731162498562	0.0831418875741	2	0	2	2	0	1	NA	NA	NA	NA	NA	NA	NA	2	0	2	2	0	1	NA	NA	NA	2	0	2
2	141663470	145272654	3	2	1	2	d	5	2	1	0.0790203691797	0.11248765059	3.107651	1.030134242	2.0775168	2	1	1	NA	NA	NA	NA	NA	NA	NA	3	1	2	2	1	1	NA	NA	NA	3	1	2
2	145272655	145275687	3	2	1	2	d	4	2	1	0.05	0.1	3.107651	1.030134242	2.0775168	2	1	1	NA	NA	NA	NA	NA	NA	NA	NA	NA	NA	2	1	1	NA	NA	NA	3	1	2
2	145275688	184882597	3	2	1	3	a	6	2	1	0.0818424528338	0.127899492437	3	1	2	2	1	1	NA	NA	NA	NA	NA	NA	NA	3	1	2	2	1	1	NA	NA	NA	3	1	2
2	184882598	184960027	3	2	1	2	d	4	NA	NA	NA	NA	3	1	2	2	1	1	NA	NA	NA	NA	NA	NA	NA	3	1	2	2	1	1	NA	NA	NA	2	1	1
2	184960028	187056177	3	2	1	2	d	4	2.29	1	0.0841198380364	0.162943898854	3.19853	1.077677428	2.12085255	2	1	1	NA	NA	NA	NA	NA	NA	NA	3	1	2	2	1	1	NA	NA	NA	3	1	2
2	187056178	187057004	3	2	1	2	d	3	2.29	1	0.05	0.1	3.19853	1.077677428	2.12085255	2	1	1	NA	NA	NA	NA	NA	NA	NA	NA	NA	NA	2	1	1	NA	NA	NA	3	1	2
2	187057005	187066177	3	2	1	2	d	4	2.29	1	0.05	0.1	NA	NA	NA	2	1	1	NA	NA	NA	NA	NA	NA	NA	3	1	2	2	1	1	NA	NA	NA	3	1	2
2	187066178	187070677	3	2	1	2	d	2	2.29	1	0.05	0.1	NA	NA	NA	4	1	0.682683593603715	4	2	0.317316406396285	NA	0	0.682683593603715	0.682683593603715	3	1	2	2	1	1	NA	NA	NA	4	1	3
2	187070678	242991011	3	2	1	3	a	6	2	1	0.0832914603153	0.116617750051	3	1	2	2	1	1	NA	NA	NA	NA	NA	NA	NA	3	1	2	2	1	1	NA	NA	NA	3	1	2
2	242991012	243022404	3	2	1	2	d	3	NA	NA	NA	NA	3	1	2	NA	NA	NA	NA	NA	NA	NA	NA	NA	NA	1	0	1	2	1	1	NA	NA	NA	3	1	2
3	60596	20434667	4	2	2	3	a	6	2	2	0.0533762001227	0.139697094273	4	2	2	2	2	1	NA	NA	NA	NA	NA	NA	NA	4	2	2	2	2	1	NA	NA	NA	4	2	2
3	20434668	20623578	2	2	0	2	d	5	2	0	0.056319068625	0.0762582573248	2.146072	0.006071525	2.1400009	2	0	1	NA	NA	NA	NA	NA	NA	NA	2	0	2	2	0	1	NA	NA	NA	2	0	2
3	20623579	60322282	4	2	2	3	a	6	2	2	0.0538622527684	0.140975663227	4	2	2	2	2	1	NA	NA	NA	NA	NA	NA	NA	4	2	2	2	2	1	NA	NA	NA	4	2	2
3	60322283	60343136	6	4	2	2	d	3	1.56	1.56	0.05	0.1	4	2	2	4	2	1	NA	NA	NA	NA	NA	NA	NA	6	2	4	2	2	1	NA	NA	NA	6	2	4
3	60343137	60400665	4	2	2	2	d	4	1.56	1.56	0.0426072672861	0.0844740507103	4	2	2	2	1	0.319402314346698	2	2	0.680597685653302	0.0853285855735872	0.0843380414984928	0.187816833619278	0.512878824513017	4	2	2	2	2	1	NA	NA	NA	4	2	2
3	60400666	60499123	2	2	0	2	d	4	1.71	0	0.05	0.150025760637	2.151281	0.044586816	2.10669453	2	0	1	NA	NA	NA	NA	NA	NA	NA	2	0	2	2	0	1	NA	NA	NA	2	0	2
3	60499124	60499513	2	2	0	2	d	4	2	0	0.05	0.1	2.151281	0.044586816	2.10669453	2	0	1	NA	NA	NA	NA	NA	NA	NA	NA	NA	NA	2	0	1	NA	NA	NA	2	0	2
3	60499514	60555652	2	2	0	2	d	5	2	0	0.05	0.0575788216276	2.275878	0.070293661	2.20558473	2	0	1	NA	NA	NA	NA	NA	NA	NA	2	0	2	2	0	1	NA	NA	NA	2	0	2
3	60555653	60668719	3	2	1	2	e	4	2	2	0.111306369522	0.446425152699	3.679886	1.612667873	2.06721812	2	1	0.365196838545228	2	2	0.634803161454772	0.13165874286945	0.10818990527023	0.513823258920964	0.932611164940526	3	1	2	2	2	0.47778	2	1	0.52222	4	1	3
3	60668720	61045688	2	2	0	2	d	5	2	0	0.0722752542834	0.239776174777	1.867413	0	1.8674129	2	0	1	NA	NA	NA	NA	NA	NA	NA	2	0	2	2	0	1	NA	NA	NA	2	0	2
3	61045689	61248885	4	2	2	2	d	4	2	2	0.0595320335448	0.119307759966	4.213164	2.106582157	2.10658216	2	2	0.580784462419951	3	2	0.419215537580049	0.0822165313540732	0.0831686476612323	0.410686524260054	0.730204573196191	4	2	2	2	2	1	NA	NA	NA	4	2	2
3	61248886	61312832	2	2	0	2	d	4	2	0	0.05	0.138162158029	2.194773	0.017707285	2.17706522	2	0	0.863180167022428	2	1	0.136819832977572	0.182637668673851	0.283816278599161	-0.399111230875447	0.706028775719163	2	0	2	2	0	1	NA	NA	NA	2	0	2
3	61312833	87899999	4	2	2	3	a	6	2	2	0.0534735472361	0.142561456286	4	2	2	2	2	1	NA	NA	NA	NA	NA	NA	NA	4	2	2	2	2	1	NA	NA	NA	4	2	2
3	87900000	93899999	4	2	2	3	b	5	2	2	0.0589983268605	0.13179889478	4	2	2	NA	NA	NA	NA	NA	NA	NA	NA	NA	NA	4	2	2	2	2	1	NA	NA	NA	4	2	2
3	93900000	114167903	4	2	2	3	a	6	2	2	0.0516931837339	0.140295247059	4	2	2	2	2	1	NA	NA	NA	NA	NA	NA	NA	4	2	2	2	2	1	NA	NA	NA	4	2	2
3	114167904	114176111	4	2	2	2	d	3	NA	NA	NA	NA	4	2	2	NA	NA	NA	NA	NA	NA	NA	NA	NA	NA	NA	NA	NA	2	2	1	NA	NA	NA	4	2	2
3	114176112	114176138	4	2	2	1	h	1	NA	NA	NA	NA	NA	NA	NA	NA	NA	NA	NA	NA	NA	NA	NA	NA	NA	NA	NA	NA	2	2	1	NA	NA	NA	NA	NA	NA
3	114176139	114229850	5	3	2	1	g	NA	2	2	0.05	0.161046849851	NA	NA	NA	3	2	1	NA	NA	NA	NA	NA	NA	NA	NA	NA	NA	2	2	1	NA	NA	NA	5	2	3
3	114229851	119271776	4	2	2	3	a	6	2	2	0.0536037564111	0.134083981277	4	2	2	2	2	1	NA	NA	NA	NA	NA	NA	NA	4	2	2	2	2	1	NA	NA	NA	4	2	2
3	119271777	119275043	4	2	2	2	d	3	2	2	0.05	0.1	4	2	2	2	0	1	NA	NA	NA	NA	NA	NA	NA	NA	NA	NA	2	2	1	NA	NA	NA	2	0	2
3	119275044	146972811	4	2	2	3	a	6	2	2	0.0510512381905	0.147703532751	4	2	2	2	2	1	NA	NA	NA	NA	NA	NA	NA	4	2	2	2	2	1	NA	NA	NA	4	2	2
3	146972812	146975953	4	2	2	2	d	3	2	2	0.05	0.1	4	2	2	2	1	0.876530726884623	3	1	0.123469273115377	NA	0	0.876530726884623	0.876530726884623	NA	NA	NA	2	2	1	NA	NA	NA	3	1	2
3	146975954	186694374	4	2	2	3	a	6	2	2	0.0527248676104	0.148277503268	4	2	2	2	2	1	NA	NA	NA	NA	NA	NA	NA	4	2	2	2	2	1	NA	NA	NA	4	2	2
3	186694375	186706864	3	2	1	2	d	3	2	2	0.05	0.1	4	2	2	2	1	1	NA	NA	NA	NA	NA	NA	NA	3	1	2	2	2	0.129521	2	1	0.870479	3	1	2
3	186706865	198022429	4	2	2	2	d	5	2	2	0.0509618886876	0.207317745047	4.142524	2.071261943	2.07126194	2	2	1	NA	NA	NA	NA	NA	NA	NA	4	2	2	2	2	1	NA	NA	NA	4	2	2
4	35020	48199999	4	2	2	3	a	6	2	2	0.0531687898766	0.141480789818	4	2	2	2	2	1	NA	NA	NA	NA	NA	NA	NA	4	2	2	2	2	1	NA	NA	NA	4	2	2
4	48200000	52699999	4	2	2	2	d	5	2	2	0.0448848115785	0.23695286886	4.152497	2.076248639	2.07624864	2	2	1	NA	NA	NA	NA	NA	NA	NA	4	2	2	2	2	1	NA	NA	NA	4	2	2
4	52700000	76802654	4	2	2	3	a	6	2	2	0.051094242899	0.158836694635	4	2	2	2	2	1	NA	NA	NA	NA	NA	NA	NA	4	2	2	2	2	1	NA	NA	NA	4	2	2
4	76802655	76816840	2	2	0	1	g	NA	2	2	0.05	0.1	4	2	2	2	0	1	NA	NA	NA	NA	NA	NA	NA	2	0	2	2	2	1	NA	NA	NA	2	0	2
4	76816841	79391309	4	2	2	3	a	6	2	2	0.0524153744327	0.133114641814	4	2	2	2	2	1	NA	NA	NA	NA	NA	NA	NA	4	2	2	2	2	1	NA	NA	NA	4	2	2
4	79391310	79441264	5	3	2	2	d	4	4	2	0.05	0.1	4	2	2	3	2	1	NA	NA	NA	NA	NA	NA	NA	5	2	3	3	2	1	NA	NA	NA	5	2	3
4	79441265	79663114	5	3	2	3	a	6	3	2	0.0636282199304	0.157232937719	5	2	3	3	2	1	NA	NA	NA	NA	NA	NA	NA	5	2	3	3	2	1	NA	NA	NA	5	2	3
4	79663115	136428680	4	2	2	3	a	6	2	2	0.0510127797891	0.145967438756	4	2	2	2	2	1	NA	NA	NA	NA	NA	NA	NA	4	2	2	2	2	1	NA	NA	NA	4	2	2
4	136428681	136446802	2	2	0	1	g	NA	NA	NA	NA	NA	4	2	2	1	0	1	NA	NA	NA	NA	NA	NA	NA	NA	NA	NA	2	2	1	NA	NA	NA	2	0	2
4	136446803	143091321	4	2	2	3	a	6	2	2	0.0532105976707	0.137936658355	4	2	2	2	2	1	NA	NA	NA	NA	NA	NA	NA	4	2	2	2	2	1	NA	NA	NA	4	2	2
4	143091322	143108481	3	2	1	1	g	NA	2	2	0.05	0.1	4	2	2	2	1	1	NA	NA	NA	NA	NA	NA	NA	2	1	1	2	2	1	NA	NA	NA	3	1	2
4	143108482	146441858	4	2	2	2	d	5	2	2	0.0478898498788	0.128621042099	4	2	2	2	2	0.888209189978649	3	2	0.111790810021351	0.0225510199750718	0.0229253784493446	0.863065617725768	0.953608508561973	4	2	2	2	2	1	NA	NA	NA	4	2	2
4	146441859	147311963	2	2	0	2	d	5	2	0	0.0636003561403	0.0789470185876	2.129433	0.024396345	2.10503646	2	0	1	NA	NA	NA	NA	NA	NA	NA	2	0	2	2	0	1	NA	NA	NA	2	0	2
4	147311964	154287866	4	2	2	3	a	6	2	2	0.051413092104	0.130206491018	4	2	2	2	2	1	NA	NA	NA	NA	NA	NA	NA	4	2	2	2	2	1	NA	NA	NA	4	2	2
4	154287867	154308545	6	4	2	1	g	NA	3	3	0.05	0.1	4	2	2	3	2	1	NA	NA	NA	NA	NA	NA	NA	5	2	3	3	2	1	NA	NA	NA	6	2	4
4	154308546	154317076	5	3	2	2	d	4	3	3	0.05	0.1	NA	NA	NA	3	2	1	NA	NA	NA	NA	NA	NA	NA	5	2	3	3	2	1	NA	NA	NA	5	2	3
4	154317077	154446314	5	3	2	2	d	3	3	3	0.05	0.17973879727	5.143723	2.091378787	3.05234401	3	2	1	NA	NA	NA	NA	NA	NA	NA	5	2	3	3	2	1	NA	NA	NA	6	2	4
4	154446315	160981525	4	2	2	3	a	6	2	2	0.0559790756446	0.13199310594	4	2	2	2	2	1	NA	NA	NA	NA	NA	NA	NA	4	2	2	2	2	1	NA	NA	NA	4	2	2
4	160981526	161010692	3	2	1	2	d	3	NA	NA	NA	NA	4	2	2	2	1	1	NA	NA	NA	NA	NA	NA	NA	3	1	2	2	2	1	NA	NA	NA	3	1	2
4	161010693	162441438	4	2	2	3	a	6	2	2	0.056853300989	0.153533032538	4	2	2	2	2	1	NA	NA	NA	NA	NA	NA	NA	4	2	2	2	2	1	NA	NA	NA	4	2	2
4	162441439	162561883	2	2	0	2	d	5	2	0	0.05	0.091039097133	2	0	2	1	0	0.349286597011602	2	0	0.650713402988398	0.328357566928461	0.231540586099138	0.19039758210611	1.0646039917314	2	0	2	2	0	1	NA	NA	NA	2	0	2
4	162561884	181409823	4	2	2	3	a	6	2	2	0.0522908862916	0.140963275506	4	2	2	2	2	1	NA	NA	NA	NA	NA	NA	NA	4	2	2	2	2	1	NA	NA	NA	4	2	2
4	181409824	181560127	2	2	0	2	d	4	2	0	0.0723570841049	0.0622748250612	2	0	2	1	0	0.506497397296213	2	0	0.493502602703787	0.0856005899036334	0.092571273256245	0.250406485323942	0.618277700667311	2	0	2	2	0	0.485599	1	0	0.514401	2	0	2
4	181560128	190090106	4	2	2	2	d	5	2	2	0.0526442384789	0.135781477203	3.888035	1.944017754	1.94401775	2	2	1	NA	NA	NA	NA	NA	NA	NA	4	2	2	2	2	1	NA	NA	NA	4	2	2
4	190090107	190090821	4	2	2	2	d	2	2	2	0.05	0.1	3.888035	1.944017754	1.94401775	0	0	0.292551398719257	1	0	0.707448601280743	NA	0	0.292551398719257	0.292551398719257	NA	NA	NA	2	2	1	NA	NA	NA	2	0	2
4	190090822	191154275	4	2	2	3	a	6	2	2	0.0612502678006	0.1876980597	4	2	2	2	2	1	NA	NA	NA	NA	NA	NA	NA	4	2	2	2	2	1	NA	NA	NA	4	2	2
5	22500	46099999	4	2	2	3	a	6	2	2	0.0531704780062	0.139019746877	4	2	2	2	2	1	NA	NA	NA	NA	NA	NA	NA	4	2	2	2	2	1	NA	NA	NA	4	2	2
5	46100000	50699999	4	2	2	2	d	5	2	2	0.0445212617365	0.152886688248	4.361724	2.180862005	2.180862	2	2	1	NA	NA	NA	NA	NA	NA	NA	4	2	2	2	2	1	NA	NA	NA	4	2	2
5	50700000	130748737	4	2	2	3	a	6	2	2	0.051611139802	0.136332823532	4	2	2	2	2	1	NA	NA	NA	NA	NA	NA	NA	4	2	2	2	2	1	NA	NA	NA	4	2	2
5	130748738	130790313	7	5	2	1	g	NA	NA	NA	NA	NA	4	2	2	4	2	1	NA	NA	NA	NA	NA	NA	NA	NA	NA	NA	2	2	1	NA	NA	NA	7	2	5
5	130790314	172580976	4	2	2	3	a	6	2	2	0.0502151901201	0.14760420728	4	2	2	2	2	1	NA	NA	NA	NA	NA	NA	NA	4	2	2	2	2	1	NA	NA	NA	4	2	2
5	172580977	172601424	4	2	2	2	d	3	2	2	0.05	0.1	4	2	2	3	2	1	NA	NA	NA	NA	NA	NA	NA	NA	NA	NA	2	2	1	NA	NA	NA	5	2	3
5	172601425	180715810	4	2	2	3	a	6	2	2	0.0521726041122	0.152453371131	4	2	2	2	2	1	NA	NA	NA	NA	NA	NA	NA	4	2	2	2	2	1	NA	NA	NA	4	2	2
6	130248	382401	6	4	2	2	d	2	3.8	2	0.05	0.165829255555	NA	NA	NA	4	2	1	NA	NA	NA	NA	NA	NA	NA	NA	NA	NA	3	2	1	NA	NA	NA	6	2	4
6	382402	13067509	6	4	2	2	d	3	3.8	2	0.06531875466	0.185318506183	5.805266	2.032941022	3.77232466	3	2	0.243287271093139	4	2	0.756712728906861	0.00989183338131432	0.00967394812556268	0.264390115411809	0.301310715588605	6	2	4	4	2	1	NA	NA	NA	6	2	4
6	13067510	13070088	6	4	2	2	d	2	3.8	2	0.05	0.1	5.805266	2.032941022	3.77232466	3	2	0.243287271093139	4	2	0.756712728906861	0.00989183338131432	0.00967394812556268	0.264390115411809	0.301310715588605	NA	NA	NA	4	2	1	NA	NA	NA	6	2	4
6	13070089	27011474	6	4	2	2	d	3	3.8	2	0.0645018690075	0.18913955971	5.739144	2.006711627	3.73243228	3	2	0.243287271093139	4	2	0.756712728906861	0.00989183338131432	0.00967394812556268	0.264390115411809	0.301310715588605	6	2	4	4	2	1	NA	NA	NA	6	2	4
6	27011475	27137725	5	3	2	2	d	4	3	3	0.05	0.142116267407	4.881464	2.046731934	2.83473201	3	2	1	NA	NA	NA	NA	NA	NA	NA	5	2	3	3	2	1	NA	NA	NA	5	2	3
6	27137726	33179959	3	3	0	3	a	6	3	0	0.0599275014233	0.167787683261	3	0	3	3	0	1	NA	NA	NA	NA	NA	NA	NA	3	0	3	3	0	1	NA	NA	NA	3	0	3
6	33179960	34672001	5	3	2	2	d	3	2.61	2	0.0549726128123	0.198966172462	4.844642	1.91674659	2.927895	3	2	1	NA	NA	NA	NA	NA	NA	NA	NA	NA	NA	3	2	1	NA	NA	NA	5	2	3
6	34672002	51344991	5	3	2	2	d	4	2.61	2	0.060375470472	0.198314002982	4.891985	2.007110071	2.8848751	3	2	1	NA	NA	NA	NA	NA	NA	NA	5	2	3	3	2	1	NA	NA	NA	5	2	3
6	51344992	58699999	4	2	2	3	a	6	2	2	0.0501097077161	0.156694959643	4	2	2	2	2	1	NA	NA	NA	NA	NA	NA	NA	4	2	2	2	2	1	NA	NA	NA	4	2	2
6	58700000	63299999	4	2	2	2	d	4	2	2	0.056182717063	0.157037381474	4.235968	2.117984118	2.11798412	NA	NA	NA	NA	NA	NA	NA	NA	NA	NA	4	2	2	2	2	1	NA	NA	NA	4	2	2
6	63300000	72720369	4	2	2	3	a	6	2	2	0.0523692924197	0.163513643762	4	2	2	2	2	1	NA	NA	NA	NA	NA	NA	NA	4	2	2	2	2	1	NA	NA	NA	4	2	2
6	72720370	113077713	2	2	0	3	a	6	2	0	0.0677405612818	0.0942474791727	2	0	2	2	0	1	NA	NA	NA	NA	NA	NA	NA	2	0	2	2	0	1	NA	NA	NA	2	0	2
6	113077714	114016095	4	2	2	2	d	5	2	2	0.0568958042132	0.131275474439	4.176106	2.088053003	2.088053	2	2	1	NA	NA	NA	NA	NA	NA	NA	4	2	2	2	2	1	NA	NA	NA	4	2	2
6	114016096	114279059	6	4	2	3	a	6	4	2	0.048747286091	0.158068624812	6	2	4	4	2	1	NA	NA	NA	NA	NA	NA	NA	6	2	4	4	2	1	NA	NA	NA	6	2	4
6	114279060	170899800	4	2	2	3	a	6	2	2	0.0511798818595	0.147619697527	4	2	2	2	2	1	NA	NA	NA	NA	NA	NA	NA	4	2	2	2	2	1	NA	NA	NA	4	2	2
7	40386	16592922	4	2	2	3	a	6	2	2	0.0528175530493	0.148530206778	4	2	2	2	2	1	NA	NA	NA	NA	NA	NA	NA	4	2	2	2	2	1	NA	NA	NA	4	2	2
7	16592923	18025071	2	2	0	2	d	5	2	0	0.0564425919187	0.0875406619139	2.204788	0.039798754	2.16498962	2	0	1	NA	NA	NA	NA	NA	NA	NA	2	0	2	2	0	1	NA	NA	NA	2	0	2
7	18025072	20183126	4	2	2	2	d	5	2	2	0.0482874687732	0.146933734602	4.177752	2.08887604	2.08887604	2	2	1	NA	NA	NA	NA	NA	NA	NA	4	2	2	2	2	1	NA	NA	NA	4	2	2
7	20183127	20223548	2	2	0	2	d	4	2	0	0.05	0.1	2.399929	0.128251538	2.27167692	2	0	0.944188000371231	2	1	0.0558119996287694	0.0286311655683576	0.0306280755091504	0.825505985647927	0.941894740967931	2	0	2	2	0	1	NA	NA	NA	2	0	2
7	20223549	45831401	4	2	2	3	a	6	2	2	0.051548331941	0.138693059903	4	2	2	2	2	1	NA	NA	NA	NA	NA	NA	NA	4	2	2	2	2	1	NA	NA	NA	4	2	2
7	45831402	48163601	2	2	0	3	a	6	2	0	0.0728591360956	0.0850674308819	2	0	2	2	0	1	NA	NA	NA	NA	NA	NA	NA	2	0	2	2	0	1	NA	NA	NA	2	0	2
7	48163602	49120941	4	2	2	3	a	6	2	2	0.0519613914478	0.126174406329	4	2	2	2	2	1	NA	NA	NA	NA	NA	NA	NA	4	2	2	2	2	1	NA	NA	NA	4	2	2
7	49120942	49121113	4	2	2	2	d	2	NA	NA	NA	NA	4	2	2	NA	NA	NA	NA	NA	NA	NA	NA	NA	NA	NA	NA	NA	2	2	1	NA	NA	NA	2	0	2
7	49121114	49150340	2	2	0	2	d	5	2	0	0.05	0.1	2	0	2	1	0	0.667125823673962	2	0	0.332874176326038	0.159953478221154	0.159906917902067	0.294361604617854	0.932263865640823	2	0	2	2	0	1	NA	NA	NA	2	0	2
7	49150341	52612745	4	2	2	3	a	6	2	2	0.0536421976752	0.140682301741	4	2	2	2	2	1	NA	NA	NA	NA	NA	NA	NA	4	2	2	2	2	1	NA	NA	NA	4	2	2
7	52612746	52744217	2	2	0	2	d	5	2	0	0.0622247062079	0.0641286417772	2.138788	0.048837055	2.08995053	2	0	1	NA	NA	NA	NA	NA	NA	NA	2	0	2	2	0	1	NA	NA	NA	2	0	2
7	52744218	53016107	4	2	2	3	a	6	2	2	0.0481807801617	0.129409088344	4	2	2	2	2	1	NA	NA	NA	NA	NA	NA	NA	4	2	2	2	2	1	NA	NA	NA	4	2	2
7	53016108	53186584	2	2	0	3	a	6	2	0	0.05	0.089553201618	2	0	2	2	0	1	NA	NA	NA	NA	NA	NA	NA	2	0	2	2	0	1	NA	NA	NA	2	0	2
7	53186585	56060909	4	2	2	3	a	6	2	2	0.0536097356485	0.132326710488	4	2	2	2	2	1	NA	NA	NA	NA	NA	NA	NA	4	2	2	2	2	1	NA	NA	NA	4	2	2
7	56060910	56794086	2	2	0	2	d	5	2	0	0.098876764518	0.119835144219	2	0	2	1	0	0.251203752586249	2	0	0.748796247413751	0.0573736484890018	0.0476958978809289	0.320981084447387	0.515157077397237	2	0	2	2	0	1	NA	NA	NA	2	0	2
7	56794087	57242847	4	2	2	3	b	6	2	2	0.05	0.67228575839	2	0	2	2	2	1	NA	NA	NA	NA	NA	NA	NA	4	2	2	2	2	1	NA	NA	NA	4	2	2
7	57242848	57313654	2	2	0	3	b	5	2	0	0.05	0.1	NA	NA	NA	2	0	1	NA	NA	NA	NA	NA	NA	NA	2	0	2	2	0	1	NA	NA	NA	2	0	2
7	57313655	61699999	NA	NA	NA	NA	NA	NA	2	2	0.0539590804177	0.285370163955	4.149284	2.074642034	2.07464203	NA	NA	NA	NA	NA	NA	NA	NA	NA	NA	4	2	2	2	2	1	NA	NA	NA	4	2	2
7	61700000	65850081	4	2	2	2	d	5	2	2	0.0554860862092	0.180957883735	4.138603	2.069301628	2.06930163	2	2	1	NA	NA	NA	NA	NA	NA	NA	4	2	2	2	2	1	NA	NA	NA	4	2	2
7	65850082	66430601	2	2	0	2	d	3	NA	NA	NA	NA	4.138603	2.069301628	2.06930163	2	0	1	NA	NA	NA	NA	NA	NA	NA	2	0	2	2	2	1	NA	NA	NA	2	0	2
7	66430602	110450298	4	2	2	3	a	6	2	2	0.0524236275622	0.150353720768	4	2	2	2	2	1	NA	NA	NA	NA	NA	NA	NA	4	2	2	2	2	1	NA	NA	NA	4	2	2
7	110450299	110490606	3	2	1	2	d	4	2	2	0.05	0.1	4	2	2	2	1	1	NA	NA	NA	NA	NA	NA	NA	3	1	2	2	1	1	NA	NA	NA	3	1	2
7	110490607	118316064	4	2	2	3	a	6	2	2	0.0507358336097	0.147566421424	4	2	2	2	2	1	NA	NA	NA	NA	NA	NA	NA	4	2	2	2	2	1	NA	NA	NA	4	2	2
7	118316065	118322535	5	3	2	1	g	NA	2	2	0.05	0.1	4	2	2	3	2	1	NA	NA	NA	NA	NA	NA	NA	5	2	3	2	2	1	NA	NA	NA	5	2	3
7	118322536	144688252	4	2	2	3	a	6	2	2	0.0528543309802	0.139043043552	4	2	2	2	2	1	NA	NA	NA	NA	NA	NA	NA	4	2	2	2	2	1	NA	NA	NA	4	2	2
7	144688253	144691442	2	2	0	1	g	NA	2	2	0.05	0.1	4	2	2	3	0	1	NA	NA	NA	NA	NA	NA	NA	3	0	3	2	2	1	NA	NA	NA	2	0	2
7	144691443	158821400	4	2	2	3	a	6	2	2	0.0544051774285	0.140197346614	4	2	2	2	2	1	NA	NA	NA	NA	NA	NA	NA	4	2	2	2	2	1	NA	NA	NA	4	2	2
8	10001	156330	4	2	2	2	d	2	NA	NA	NA	NA	NA	NA	NA	NA	NA	NA	NA	NA	NA	NA	NA	NA	NA	NA	NA	NA	2	2	1	NA	NA	NA	4	2	2
8	156331	22326162	4	2	2	2	d	5	2	2	0.0548159546601	0.208050430317	3.876628	1.938314199	1.9383142	2	2	1	NA	NA	NA	NA	NA	NA	NA	4	2	2	2	2	1	NA	NA	NA	4	2	2
8	22326163	22328579	4	2	2	2	d	4	2	2	0.05	0.1	3.876628	1.938314199	1.9383142	2	2	1	NA	NA	NA	NA	NA	NA	NA	NA	NA	NA	2	2	1	NA	NA	NA	4	2	2
8	22328580	43099999	4	2	2	3	a	6	2	2	0.0516475335976	0.141490085625	4	2	2	2	2	1	NA	NA	NA	NA	NA	NA	NA	4	2	2	2	2	1	NA	NA	NA	4	2	2
8	43100000	48099999	4	2	2	3	a	6	2	2	0.05	0.187636816309	4	2	2	2	2	1	NA	NA	NA	NA	NA	NA	NA	4	2	2	2	2	1	NA	NA	NA	4	2	2
8	48100000	91143467	4	2	2	3	a	6	2	2	0.0530012507907	0.135982986656	4	2	2	2	2	1	NA	NA	NA	NA	NA	NA	NA	4	2	2	2	2	1	NA	NA	NA	4	2	2
8	91143468	91145502	4	2	2	3	b	5	2	2	0.05	0.1	4	2	2	2	2	1	NA	NA	NA	NA	NA	NA	NA	NA	NA	NA	2	2	1	NA	NA	NA	4	2	2
8	91145503	146364021	4	2	2	3	a	6	2	2	0.0511318685349	0.133583708848	4	2	2	2	2	1	NA	NA	NA	NA	NA	NA	NA	4	2	2	2	2	1	NA	NA	NA	4	2	2
9	47500	230492	6	4	2	2	d	2	3	3	0.05	0.1	NA	NA	NA	NA	NA	NA	NA	NA	NA	NA	NA	NA	NA	NA	NA	NA	4	2	1	NA	NA	NA	6	2	4
9	230493	21881547	6	4	2	2	d	4	3.44	1.71	0.0655669862764	0.171148670132	5.886177	1.996988132	3.88918866	4	2	1	NA	NA	NA	NA	NA	NA	NA	6	2	4	4	2	1	NA	NA	NA	6	2	4
9	21881548	21908540	6	4	2	2	f	2	NA	NA	NA	NA	5.886177	1.996988132	3.88918866	5	0	1	NA	NA	NA	NA	NA	NA	NA	NA	NA	NA	4	2	1	NA	NA	NA	4	0	4
9	21908541	21908678	4	4	0	1	g	NA	NA	NA	NA	NA	NA	NA	NA	NA	NA	NA	NA	NA	NA	NA	NA	NA	NA	NA	NA	NA	4	2	1	NA	NA	NA	4	0	4
9	21908679	21917612	4	4	0	1	g	NA	NA	NA	NA	NA	NA	NA	NA	4	0	0.896950904392762	4	1	0.103049095607238	NA	0	0.896950904392762	0.896950904392762	NA	NA	NA	4	2	1	NA	NA	NA	4	0	4
9	21917613	21917659	4	4	0	1	g	NA	NA	NA	NA	NA	NA	NA	NA	NA	NA	NA	NA	NA	NA	NA	NA	NA	NA	1	0	1	4	2	1	NA	NA	NA	4	0	4
9	21917660	21977342	4	4	0	1	g	NA	0	0	0.05	0.0315127095815	NA	NA	NA	NA	NA	NA	NA	NA	NA	NA	NA	NA	NA	1	0	1	4	2	1	NA	NA	NA	4	0	4
9	21977343	21988052	4	4	0	1	g	NA	3.61	1.79	0.05	0.1	NA	NA	NA	6	0	1	NA	NA	NA	NA	NA	NA	NA	4	0	4	4	2	1	NA	NA	NA	4	0	4
9	21988053	24700669	6	4	2	2	d	5	3.61	1.79	0.0641522499511	0.184634939036	6	2	4	4	2	1	NA	NA	NA	NA	NA	NA	NA	6	2	4	4	2	1	NA	NA	NA	6	2	4
9	24700670	24714297	5	3	2	2	d	4	3.61	1.79	0.05	0.1	6	2	4	3	2	1	NA	NA	NA	NA	NA	NA	NA	5	2	3	3	2	1	NA	NA	NA	5	2	3
9	24714298	44243401	6	4	2	2	d	5	3.44	1.79	0.0639786722334	0.34705942907	6	2	4	4	2	1	NA	NA	NA	NA	NA	NA	NA	6	2	4	4	2	1	NA	NA	NA	6	2	4
9	44243402	45380017	6	4	2	2	d	4	3.44	1.79	0.05	0.458409150525	6	2	4	4	2	1	NA	NA	NA	NA	NA	NA	NA	1	0	1	4	2	1	NA	NA	NA	6	2	4
9	45380018	47299999	6	4	2	2	d	2	NA	NA	NA	NA	NA	NA	NA	NA	NA	NA	NA	NA	NA	NA	NA	NA	NA	1	0	1	4	2	1	NA	NA	NA	6	2	4
9	47300000	50699999	6	4	2	2	d	2	NA	NA	NA	NA	NA	NA	NA	NA	NA	NA	NA	NA	NA	NA	NA	NA	NA	NA	NA	NA	4	2	1	NA	NA	NA	6	2	4
9	50700000	75377931	6	4	2	2	d	5	4	2	0.0616713441541	0.297047513105	5.889524	2.010908593	3.87861569	4	2	1	NA	NA	NA	NA	NA	NA	NA	6	2	4	4	2	1	NA	NA	NA	6	2	4
9	75377932	75818156	2	2	0	2	d	5	2	0	0.0683688017753	0.0854038916398	2	0	2	2	0	0.959397106339605	2	1	0.040602893660395	0.00184087610618872	0.00185331283646466	0.955722116701968	0.963032975906382	2	0	2	2	0	1	NA	NA	NA	2	0	2
9	75818157	75818304	2	2	0	2	d	4	2	0	0.05	0.1	2	0	2	2	0	0.959397106339605	2	1	0.040602893660395	0.00184087610618872	0.00185331283646466	0.955722116701968	0.963032975906382	NA	NA	NA	2	0	1	NA	NA	NA	2	0	2
9	75818305	103263674	2	2	0	2	d	5	2	0	0.0694522981869	0.0889724482991	2	0	2	2	0	0.959397106339605	2	1	0.040602893660395	0.00184087610618872	0.00185331283646466	0.955722116701968	0.963032975906382	2	0	2	2	0	1	NA	NA	NA	2	0	2
9	103263675	128587713	6	4	2	3	a	6	4	2	0.0660231830876	0.188770799037	6	2	4	4	2	1	NA	NA	NA	NA	NA	NA	NA	6	2	4	4	2	1	NA	NA	NA	6	2	4
9	128587714	128613954	6	4	2	2	d	4	4	2	0.05	0.1	6	2	4	4	2	1	NA	NA	NA	NA	NA	NA	NA	7	3	4	4	2	1	NA	NA	NA	7	2	5
9	128613955	132822541	6	4	2	2	d	4	4	2	0.0655836291164	0.174959159377	5.876704	1.967984017	3.90872003	4	2	1	NA	NA	NA	NA	NA	NA	NA	6	2	4	4	2	1	NA	NA	NA	7	2	5
9	132822542	132834182	6	4	2	2	d	2	NA	NA	NA	NA	5.876704	1.967984017	3.90872003	4	2	1	NA	NA	NA	NA	NA	NA	NA	NA	NA	NA	4	2	1	NA	NA	NA	7	2	5
9	132834183	140273200	6	4	2	2	d	4	4	2	0.0653419105176	0.271981205188	5.802408	1.955842689	3.84656499	4	2	1	NA	NA	NA	NA	NA	NA	NA	7	2	5	4	2	1	NA	NA	NA	6	2	4
10	94426	24580419	4	2	2	2	d	5	1.79	1.79	0.0523308326819	0.141053506886	4	2	2	2	2	1	NA	NA	NA	NA	NA	NA	NA	4	2	2	2	2	1	NA	NA	NA	4	2	2
10	24580420	24607762	2	2	0	3	b	6	2	0	0.05	0.1	4	2	2	2	0	1	NA	NA	NA	NA	NA	NA	NA	2	0	2	2	0	1	NA	NA	NA	2	0	2
10	24607763	24620211	2	2	0	2	d	2	2	0	0.05	0.1	NA	NA	NA	2	1	0.372636033404482	2	2	0.627363966595518	NA	0	0.372636033404482	0.372636033404482	NA	NA	NA	2	0	1	NA	NA	NA	4	2	2
10	24620212	24681803	2	2	0	3	a	6	2	0	0.05	0.0928209452401	2	0	2	2	0	1	NA	NA	NA	NA	NA	NA	NA	2	0	2	2	0	1	NA	NA	NA	2	0	2
10	24681804	37999999	4	2	2	3	a	6	2	2	0.0522807859855	0.125402068485	4	2	2	2	2	1	NA	NA	NA	NA	NA	NA	NA	4	2	2	2	2	1	NA	NA	NA	4	2	2
10	38000000	42299999	4	2	2	2	d	4	2	2	0.0484813433929	0.175625902714	4.406685	2.203342677	2.20334268	2	2	1	NA	NA	NA	NA	NA	NA	NA	4	2	2	NA	NA	NA	NA	NA	NA	4	2	2
10	42300000	79491215	4	2	2	3	a	6	2	2	0.0534812339752	0.148074006102	4	2	2	2	2	1	NA	NA	NA	NA	NA	NA	NA	4	2	2	2	2	1	NA	NA	NA	4	2	2
10	79491216	79721572	6	4	2	2	d	4	4.29	2	0.0577479167983	0.222057653377	5.808665	1.963566543	3.8450981	4	2	1	NA	NA	NA	NA	NA	NA	NA	6	2	4	4	2	1	NA	NA	NA	6	2	4
10	79721573	135389924	4	2	2	3	a	6	2	2	0.0537699781588	0.145250235567	4	2	2	2	2	1	NA	NA	NA	NA	NA	NA	NA	4	2	2	2	2	1	NA	NA	NA	4	2	2
11	20721	199672	3	2	1	2	d	2	2.29	1	0.05	0.1	NA	NA	NA	NA	NA	NA	NA	NA	NA	NA	NA	NA	NA	NA	NA	NA	2	1	1	NA	NA	NA	3	1	2
11	199673	6230063	3	2	1	2	d	3	2.29	1	0.0851595296917	0.189617520337	3.203492	1.023075451	2.18041677	2	1	0.876530726884623	3	1	0.123469273115377	0.0150627406950345	0.0150706254163474	0.839324183793781	0.897611041144045	3	1	2	2	1	1	NA	NA	NA	3	1	2
11	6230064	6858452	1	1	0	2	d	5	1	0	0.141144488599	0.074167237332	1	0	1	1	0	0.970998443192576	1	1	0.0290015568074244	0.0183189229896863	0.0199418419214605	0.899133729793949	0.979502975203407	1	0	1	1	0	1	NA	NA	NA	1	0	1
11	6858453	51599999	3	2	1	2	d	4	2.21	1	0.0815028466076	0.130109590755	3.150788	1.019839254	2.1309486	2	1	1	NA	NA	NA	NA	NA	NA	NA	3	1	2	2	1	1	NA	NA	NA	3	1	2
11	51600000	55699999	3	2	1	2	d	4	2.21	1	0.0769035256362	0.240277789999	3.104174	1.037205154	2.06696928	2	1	1	NA	NA	NA	NA	NA	NA	NA	3	1	2	2	1	1	NA	NA	NA	3	1	2
11	55700000	61416616	3	2	1	2	d	4	2.21	1	0.0797400214629	0.125383563534	3.196789	1.054748941	2.14203973	2	1	1	NA	NA	NA	NA	NA	NA	NA	3	1	2	2	1	1	NA	NA	NA	3	1	2
11	61416617	61561868	6	5	1	1	g	NA	4	1	0.05	0.129924146278	3.196789	1.054748941	2.14203973	5	1	1	NA	NA	NA	NA	NA	NA	NA	NA	NA	NA	4	1	1	NA	NA	NA	6	1	5
11	61561869	112322223	3	2	1	2	d	4	2.13	1	0.0819003164175	0.122398196775	3.116787	1.033375891	2.08341071	2	1	1	NA	NA	NA	NA	NA	NA	NA	3	1	2	2	1	1	NA	NA	NA	3	1	2
11	112322224	125450568	4	2	2	2	d	4	2	2	0.0543812614716	0.14897369668	3.895394	1.947697073	1.94769707	2	1	0.11767453686457	2	2	0.88232546313543	0.00912748414407359	0.00907518027563984	0.0844226312579019	0.120705776041962	4	2	2	2	2	1	NA	NA	NA	4	2	2
11	125450569	125575504	3	2	1	2	d	2	NA	NA	NA	NA	3.895394	1.947697073	1.94769707	2	1	1	NA	NA	NA	NA	NA	NA	NA	NA	NA	NA	2	2	1	NA	NA	NA	3	1	2
11	125575505	134452200	4	2	2	2	d	4	2	2	0.056342460478	0.151156807241	3.825911	1.912955366	1.91295537	2	1	0.128711026135803	2	2	0.871288973864197	0.0101505760827049	0.00998799249197124	0.109616472420526	0.149256557289188	4	2	2	2	2	1	NA	NA	NA	4	2	2
12	110107	189416	4	2	2	2	d	3	2	2	0.05	0.1	NA	NA	NA	NA	NA	NA	NA	NA	NA	NA	NA	NA	NA	NA	NA	NA	2	2	1	NA	NA	NA	4	2	2
12	189417	1499251	4	2	2	2	d	5	2	2	0.0436892133137	0.143762225757	4	2	2	2	1	0.102739819294891	2	2	0.897260180705109	0.00941721389830532	0.0095066205977805	0.0832434834194885	0.121013214601496	4	2	2	2	2	1	NA	NA	NA	4	2	2
12	1499252	1501404	4	2	2	2	d	4	2	2	0.05	0.1	4	2	2	2	1	0.102739819294891	2	2	0.897260180705109	0.00941721389830532	0.0095066205977805	0.0832434834194885	0.121013214601496	NA	NA	NA	2	2	1	NA	NA	NA	4	2	2
12	1501405	11863878	4	2	2	2	d	4	2	2	0.0555201415139	0.152736290347	3.899687	1.949843575	1.94984357	2	1	0.102739819294891	2	2	0.897260180705109	0.00941721389830532	0.0095066205977805	0.0832434834194885	0.121013214601496	4	2	2	2	2	1	NA	NA	NA	4	2	2
12	11863879	12008026	2	2	0	2	d	5	2	0	0.0494565272605	0.0697420964947	2.138944	0.013894417	2.12504975	2	0	1	NA	NA	NA	NA	NA	NA	NA	2	0	2	2	0	1	NA	NA	NA	2	0	2
12	12008027	12018117	4	2	2	1	g	NA	1	1	0.05	0.1	2.138944	0.013894417	2.12504975	2	2	1	NA	NA	NA	NA	NA	NA	NA	3	1	2	2	0	1	NA	NA	NA	4	2	2
12	12018118	12038071	2	2	0	2	d	3	1	1	0.05	0.1	NA	NA	NA	2	0	1	NA	NA	NA	NA	NA	NA	NA	2	0	2	NA	NA	NA	NA	NA	NA	2	0	2
12	12038072	15330492	4	2	2	2	d	5	2	2	0.0468695709383	0.139662873694	4	2	2	2	2	0.860261487473319	3	2	0.139738512526681	0.0203666992188293	0.0202245454734726	0.826646340602725	0.904330513570261	4	2	2	2	2	1	NA	NA	NA	4	2	2
12	15330493	15336172	4	2	2	2	d	4	2	2	0.05	0.1	4	2	2	NA	NA	NA	NA	NA	NA	NA	NA	NA	NA	NA	NA	NA	2	2	1	NA	NA	NA	4	2	2
12	15336173	24328367	4	2	2	3	a	6	2	2	0.0538408796046	0.143314923859	4	2	2	2	2	1	NA	NA	NA	NA	NA	NA	NA	4	2	2	2	2	1	NA	NA	NA	4	2	2
12	24328368	24451948	3	2	1	2	d	2	2	2	0.05	0.0916471516436	3.408979	1.258303285	2.15067565	2	1	0.837784636397437	2	2	0.162215363602563	0.0747624202923869	0.0774191549928329	0.604913709137545	0.91134325296961	3	1	2	2	2	0.260661	2	1	0.739339	3	1	2
12	24451949	33299999	4	2	2	2	d	5	2	2	0.0529771520151	0.140184438811	4.108411	2.054205332	2.05420533	2	2	1	NA	NA	NA	NA	NA	NA	NA	4	2	2	2	2	1	NA	NA	NA	4	2	2
12	33300000	38199999	4	2	2	2	d	5	2	2	0.044732861432	0.164786212497	4.170818	2.085409076	2.08540908	2	2	1	NA	NA	NA	NA	NA	NA	NA	4	2	2	2	2	1	NA	NA	NA	4	2	2
12	38200000	90005532	4	2	2	3	a	6	2	2	0.0522126023425	0.13794043946	4	2	2	2	2	1	NA	NA	NA	NA	NA	NA	NA	4	2	2	2	2	1	NA	NA	NA	4	2	2
12	90005533	90050266	4	2	2	3	a	6	2	2	0.05	0.1	4	2	2	2	2	1	NA	NA	NA	NA	NA	NA	NA	4	2	2	2	2	1	NA	NA	NA	4	2	2
12	90050267	132349400	4	2	2	3	a	6	2	2	0.0544505919039	0.135242241994	4	2	2	2	2	1	NA	NA	NA	NA	NA	NA	NA	4	2	2	2	2	1	NA	NA	NA	4	2	2
12	132349401	133851894	4	2	2	3	b	5	NA	NA	NA	NA	4	2	2	2	2	1	NA	NA	NA	NA	NA	NA	NA	4	2	2	2	2	1	NA	NA	NA	4	2	2
13	1	16299999	5	3	2	1	g	NA	NA	NA	NA	NA	NA	NA	NA	NA	NA	NA	NA	NA	NA	NA	NA	NA	NA	NA	NA	NA	NA	NA	NA	NA	NA	NA	5	2	3
13	16300000	19499999	5	3	2	2	d	2	2	2	0.05	0.457188019095	NA	NA	NA	3	2	0.664010939358001	4	2	0.335989060641999	0.00881956836135889	0.00870120854697648	0.647351964589869	0.681746659141462	5	2	3	3	2	0.696549	3	1	0.303451	5	2	3
13	19500000	50582680	5	3	2	2	d	3	3	1.79	0.0665147145974	0.15184095455	5.05916	1.888138475	3.17102156	3	2	0.664010939358001	4	2	0.335989060641999	0.00881956836135889	0.00870120854697648	0.647351964589869	0.681746659141462	5	2	3	3	2	1	NA	NA	NA	5	2	3
13	50582681	50652600	2	2	0	2	d	2	3	1.71	0.05	0.202903353208	5.05916	1.888138475	3.17102156	2	0	1	NA	NA	NA	NA	NA	NA	NA	NA	NA	NA	3	2	1	NA	NA	NA	2	0	2
13	50652601	56869795	5	3	2	2	d	3	3	1.71	0.0674750817736	0.176322900292	5.025363	1.87513961	3.15022338	3	1	0.21343107516009	3	2	0.78656892483991	0.0119306318396305	0.0119360429849805	0.178823199882005	0.226548190094715	5	2	3	3	2	1	NA	NA	NA	5	2	3
13	56869796	56879704	2	1	1	2	d	2	3	1.71	0.05	0.1	5.025363	1.87513961	3.15022338	1	1	1	NA	NA	NA	NA	NA	NA	NA	NA	NA	NA	3	2	1	NA	NA	NA	2	1	1
13	56879705	114142800	5	3	2	2	d	3	3	1.71	0.0672242058277	0.156390580034	4.953691	1.847573555	3.10611769	3	1	0.227378558782626	3	2	0.772621441217374	0.00369111536854098	0.00362819689817385	0.20563348790036	0.219423220528255	5	2	3	3	2	1	NA	NA	NA	5	2	3
13	114142801	115169877	5	3	2	2	d	2	NA	NA	NA	NA	4.971499	1.84546755	3.12603105	3	2	0.562689585439834	4	2	0.437310414560166	0.065981005074606	0.0682707232171241	0.387439608216955	0.652764448025109	5	2	3	4	2	0.469429	3	2	0.530571	5	2	3
14	1	16099999	4	2	2	1	g	NA	NA	NA	NA	NA	NA	NA	NA	NA	NA	NA	NA	NA	NA	NA	NA	NA	NA	NA	NA	NA	NA	NA	NA	NA	NA	NA	4	2	2
14	16100000	19099999	4	2	2	2	d	3	2	2	0.05	0.0971277242607	NA	NA	NA	NA	NA	NA	NA	NA	NA	NA	NA	NA	NA	NA	NA	NA	2	2	1	NA	NA	NA	4	2	2
14	19100000	89514594	4	2	2	3	a	6	2	2	0.0510009219484	0.14159474316	4	2	2	2	2	1	NA	NA	NA	NA	NA	NA	NA	4	2	2	2	2	1	NA	NA	NA	4	2	2
14	89514595	89515658	4	2	2	3	b	5	2	2	0.05	0.1	4	2	2	2	2	1	NA	NA	NA	NA	NA	NA	NA	NA	NA	NA	2	2	1	NA	NA	NA	4	2	2
14	89515659	106111354	4	2	2	3	a	6	2	2	0.0554010095457	0.136644303749	4	2	2	2	2	1	NA	NA	NA	NA	NA	NA	NA	4	2	2	2	2	1	NA	NA	NA	4	2	2
14	106111355	106213450	4	2	2	2	d	4	NA	NA	NA	NA	4	2	2	2	2	1	NA	NA	NA	NA	NA	NA	NA	1	0	1	2	2	1	NA	NA	NA	4	2	2
14	106213451	106217227	4	2	2	1	h	1	NA	NA	NA	NA	NA	NA	NA	2	2	1	NA	NA	NA	NA	NA	NA	NA	1	0	1	2	1	1	NA	NA	NA	NA	NA	NA
14	106217228	106236289	4	2	2	1	h	1	NA	NA	NA	NA	NA	NA	NA	2	2	1	NA	NA	NA	NA	NA	NA	NA	1	0	1	2	1	1	NA	NA	NA	NA	NA	NA
14	106236290	106238546	4	2	2	1	h	1	NA	NA	NA	NA	NA	NA	NA	2	2	1	NA	NA	NA	NA	NA	NA	NA	1	0	1	2	1	1	NA	NA	NA	NA	NA	NA
14	106238547	106239842	4	2	2	1	h	1	NA	NA	NA	NA	NA	NA	NA	2	2	1	NA	NA	NA	NA	NA	NA	NA	1	0	1	2	1	1	NA	NA	NA	NA	NA	NA
14	106239843	106368400	4	2	2	1	h	1	NA	NA	NA	NA	NA	NA	NA	2	2	1	NA	NA	NA	NA	NA	NA	NA	NA	NA	NA	2	1	1	NA	NA	NA	NA	NA	NA
14	106368401	106829809	2	2	0	2	d	2	NA	NA	NA	NA	2.463889	0.032275136	2.43161379	2	2	1	NA	NA	NA	NA	NA	NA	NA	2	0	2	2	0	1	NA	NA	NA	NA	NA	NA
15	1	15799999	4	2	2	1	g	NA	NA	NA	NA	NA	NA	NA	NA	NA	NA	NA	NA	NA	NA	NA	NA	NA	NA	NA	NA	NA	NA	NA	NA	NA	NA	NA	4	2	2
15	15800000	20699999	4	2	2	2	d	4	2	2	0.05	0.333031890964	NA	NA	NA	2	2	1	NA	NA	NA	NA	NA	NA	NA	4	2	2	2	2	0.356594	2	1	0.643406	4	2	2
15	20700000	93444509	4	2	2	3	a	6	2	2	0.0519471955378	0.159272770244	4	2	2	2	2	1	NA	NA	NA	NA	NA	NA	NA	4	2	2	2	2	1	NA	NA	NA	4	2	2
15	93444510	93445183	4	2	2	3	b	5	2	2	0.05	0.1	4	2	2	2	2	1	NA	NA	NA	NA	NA	NA	NA	NA	NA	NA	2	2	1	NA	NA	NA	4	2	2
15	93445184	96301292	4	2	2	3	a	6	2	2	0.0542059046648	0.139907713226	4	2	2	2	2	1	NA	NA	NA	NA	NA	NA	NA	4	2	2	2	2	1	NA	NA	NA	4	2	2
15	96301293	96307105	3	2	1	1	g	NA	2	2	0.05	0.1	4	2	2	2	1	1	NA	NA	NA	NA	NA	NA	NA	3	1	2	2	2	1	NA	NA	NA	3	1	2
15	96307106	100338800	4	2	2	2	d	5	2	2	0.0544755983281	0.139055482567	3.828579	1.914289556	1.91428956	2	2	1	NA	NA	NA	NA	NA	NA	NA	4	2	2	2	2	1	NA	NA	NA	4	2	2
15	100338801	102531391	4	2	2	3	b	5	NA	NA	NA	NA	4	2	2	2	2	1	NA	NA	NA	NA	NA	NA	NA	4	2	2	2	2	1	NA	NA	NA	4	2	2
16	9999	126587	4	2	2	2	d	3	2	2	0.05	0.1	NA	NA	NA	NA	NA	NA	NA	NA	NA	NA	NA	NA	NA	NA	NA	NA	2	2	1	NA	NA	NA	4	2	2
16	126588	34599999	4	2	2	3	a	6	2	2	0.0525078257341	0.172261161716	4	2	2	2	2	1	NA	NA	NA	NA	NA	NA	NA	4	2	2	2	2	1	NA	NA	NA	4	2	2
16	34600000	38599999	4	2	2	3	a	6	2	2	0.05	0.229651078125	4	2	2	2	2	1	NA	NA	NA	NA	NA	NA	NA	4	2	2	2	2	1	NA	NA	NA	4	2	2
16	38600000	78836746	4	2	2	3	a	6	2	2	0.0543624261083	0.146286333647	4	2	2	2	2	1	NA	NA	NA	NA	NA	NA	NA	4	2	2	2	2	1	NA	NA	NA	4	2	2
16	78836747	78844069	4	2	2	2	d	2	2	2	0.05	0.1	4	2	2	3	1	0.704912770635725	4	1	0.295087229364275	NA	0	0.704912770635725	0.704912770635725	NA	NA	NA	2	2	0.769064	2	1	0.230936	5	1	4
16	78844070	78848675	5	4	1	1	g	NA	2	2	0.05	0.1	NA	NA	NA	NA	NA	NA	NA	NA	NA	NA	NA	NA	NA	3	1	2	2	2	0.769064	2	1	0.230936	5	1	4
16	78848676	78852650	4	2	2	2	f	2	2	2	0.05	0.1	NA	NA	NA	NA	NA	NA	NA	NA	NA	NA	NA	NA	NA	NA	NA	NA	2	2	0.769064	2	1	0.230936	NA	NA	NA
16	78852651	79141517	4	2	2	2	d	4	2	2	0.0400143357349	0.248102994756	3.509117	1.75455827	1.75455827	2	2	1	NA	NA	NA	NA	NA	NA	NA	4	2	2	2	2	0.769064	2	1	0.230936	4	2	2
16	79141518	79197222	3	2	1	2	d	2	1.56	1.56	0.05	0.108682747927	3.509117	1.75455827	1.75455827	1	1	1	NA	NA	NA	NA	NA	NA	NA	3	1	2	2	1	0.285693	1	1	0.714307	3	1	2
16	79197223	88827200	4	2	2	3	a	6	2	2	0.0534441284724	0.156432428377	4	2	2	2	2	1	NA	NA	NA	NA	NA	NA	NA	4	2	2	2	2	1	NA	NA	NA	4	2	2
16	88827201	90354752	4	2	2	2	d	4	NA	NA	NA	NA	4	2	2	2	2	1	NA	NA	NA	NA	NA	NA	NA	5	2	3	2	2	1	NA	NA	NA	4	2	2
17	7157	22199999	3	2	1	3	a	6	2	1	0.0852003604099	0.126100818532	3	1	2	2	1	1	NA	NA	NA	NA	NA	NA	NA	3	1	2	2	1	1	NA	NA	NA	3	1	2
17	22200000	25799999	3	2	1	2	d	5	2	1	0.0844515434628	0.146499084244	3.163958	1.011459731	2.15249842	2	1	1	NA	NA	NA	NA	NA	NA	NA	3	1	2	2	1	1	NA	NA	NA	3	1	2
17	25800000	69698620	3	2	1	3	a	6	2	1	0.083605124735	0.136126183379	3	1	2	2	1	1	NA	NA	NA	NA	NA	NA	NA	3	1	2	2	1	1	NA	NA	NA	3	1	2
17	69698621	69725659	4	3	1	1	g	NA	NA	NA	NA	NA	3	1	2	4	1	1	NA	NA	NA	NA	NA	NA	NA	4	1	3	2	1	1	NA	NA	NA	4	1	3
17	69725660	73253151	3	2	1	2	d	5	2	1	0.0834223820728	0.113059665163	2.876489	0.97781438	1.89867517	2	1	1	NA	NA	NA	NA	NA	NA	NA	3	1	2	2	1	1	NA	NA	NA	3	1	2
17	73253152	73353933	3	2	1	2	d	3	NA	NA	NA	NA	2.876489	0.97781438	1.89867517	2	1	1	NA	NA	NA	NA	NA	NA	NA	NA	NA	NA	2	1	1	NA	NA	NA	3	1	2
17	73353934	78774600	3	2	1	3	a	6	2	1	0.083054299366	0.133249020454	3	1	2	2	1	1	NA	NA	NA	NA	NA	NA	NA	3	1	2	2	1	1	NA	NA	NA	3	1	2
17	78774601	81195209	3	2	1	3	b	5	NA	NA	NA	NA	3	1	2	2	1	1	NA	NA	NA	NA	NA	NA	NA	3	1	2	2	1	1	NA	NA	NA	3	1	2
18	27500	15399999	4	2	2	3	a	6	2	2	0.051549995476	0.159964512886	4	2	2	2	2	1	NA	NA	NA	NA	NA	NA	NA	4	2	2	2	2	1	NA	NA	NA	4	2	2
18	15400000	18999999	4	2	2	3	b	6	2	2	0.05	0.155618253958	4	2	2	2	2	1	NA	NA	NA	NA	NA	NA	NA	5	2	3	2	2	1	NA	NA	NA	4	2	2
18	19000000	50296810	4	2	2	3	a	6	2	2	0.0525520588778	0.142411095885	4	2	2	2	2	1	NA	NA	NA	NA	NA	NA	NA	4	2	2	2	2	1	NA	NA	NA	4	2	2
18	50296811	51959785	8	6	2	2	d	5	6.13	2	0.0478792651925	0.22752754027	8	2	6	6	2	1	NA	NA	NA	NA	NA	NA	NA	8	2	6	6	2	1	NA	NA	NA	8	2	6
18	51959786	51964735	8	6	2	2	e	3	6.13	2	0.05	0.1	8	2	6	5	3	1	NA	NA	NA	NA	NA	NA	NA	7	3	4	6	2	1	NA	NA	NA	7	2	5
18	51964736	61177181	8	6	2	2	d	5	6.13	2	0.0558281928885	0.264882794389	8	2	6	6	2	1	NA	NA	NA	NA	NA	NA	NA	8	2	6	6	2	1	NA	NA	NA	8	2	6
18	61177182	76840313	4	2	2	3	a	6	2	2	0.0536041312324	0.148578235304	4	2	2	2	2	1	NA	NA	NA	NA	NA	NA	NA	4	2	2	2	2	1	NA	NA	NA	4	2	2
18	76840314	77199107	2	2	0	2	d	3	NA	NA	NA	NA	2.135456	0.042828441	2.09262753	2	0	1	NA	NA	NA	NA	NA	NA	NA	2	0	2	2	0	1	NA	NA	NA	0	0	0
19	102500	247287	3	2	1	2	d	3	2	1	0.05	0.1	NA	NA	NA	NA	NA	NA	NA	NA	NA	NA	NA	NA	NA	NA	NA	NA	2	1	1	NA	NA	NA	3	1	2
19	247288	12887811	3	2	1	3	a	6	2	1	0.0783755788653	0.127427511973	3	1	2	2	1	1	NA	NA	NA	NA	NA	NA	NA	3	1	2	2	1	1	NA	NA	NA	3	1	2
19	12887812	12915833	2	2	0	1	g	NA	2	1	0.05	0.1	3	1	2	1	1	1	NA	NA	NA	NA	NA	NA	NA	2	0	2	2	1	1	NA	NA	NA	2	0	2
19	12915834	15290480	3	2	1	3	a	6	2	1	0.0866150140232	0.10415036461	3	1	2	2	1	1	NA	NA	NA	NA	NA	NA	NA	3	1	2	2	1	1	NA	NA	NA	3	1	2
19	15290481	16597261	5	4	1	2	d	3	4.21	1	0.0694446888799	0.179074326128	5	1	4	4	1	1	NA	NA	NA	NA	NA	NA	NA	6	1	5	4	1	1	NA	NA	NA	6	1	5
19	16597262	19264490	3	2	1	3	b	6	2	1	0.0868930933455	0.10226726633	3	1	2	2	1	1	NA	NA	NA	NA	NA	NA	NA	4	2	2	2	1	1	NA	NA	NA	3	1	2
19	19264491	19269924	3	2	1	2	d	4	2	1	0.05	0.1	3	1	2	2	0	1	NA	NA	NA	NA	NA	NA	NA	3	1	2	2	1	1	NA	NA	NA	2	0	2
19	19269925	24399999	3	2	1	2	d	5	2	1	0.0799652404672	0.131939132776	3	1	2	1	1	0.117274142552205	2	1	0.882725857447795	0.0141516261482009	0.0133080111768627	0.0858229467008445	0.138035274087691	3	1	2	2	1	1	NA	NA	NA	3	1	2
19	24400000	28599999	NA	NA	NA	NA	NA	NA	3	2	0.05	0.439769665423	5	2	3	NA	NA	NA	NA	NA	NA	NA	NA	NA	NA	5	2	3	3	2	1	NA	NA	NA	4	1	3
19	28600000	45482083	5	3	2	3	a	6	3	2	0.064033083152	0.186150660517	5	2	3	3	2	1	NA	NA	NA	NA	NA	NA	NA	5	2	3	3	2	1	NA	NA	NA	5	2	3
19	45482084	45673522	3	3	0	3	b	6	3	0	0.05	0.1	3	0	3	3	0	1	NA	NA	NA	NA	NA	NA	NA	4	0	4	3	0	1	NA	NA	NA	3	0	3
19	45673523	53614965	5	3	2	2	d	4	3	2	0.0670248067206	0.269408955566	5	2	3	3	2	1	NA	NA	NA	NA	NA	NA	NA	6	3	3	3	2	1	NA	NA	NA	6	2	4
19	53614966	53616485	5	3	2	2	d	2	NA	NA	NA	NA	5	2	3	NA	NA	NA	NA	NA	NA	NA	NA	NA	NA	NA	NA	NA	3	2	1	NA	NA	NA	6	2	4
19	53616486	53616757	5	3	2	1	h	1	NA	NA	NA	NA	NA	NA	NA	NA	NA	NA	NA	NA	NA	NA	NA	NA	NA	NA	NA	NA	3	2	1	NA	NA	NA	NA	NA	NA
19	53616758	53624613	7	4	3	1	g	NA	NA	NA	NA	NA	NA	NA	NA	3	3	1	NA	NA	NA	NA	NA	NA	NA	7	3	4	3	2	1	NA	NA	NA	7	3	4
19	53624614	53636926	5	3	2	2	d	3	NA	NA	NA	NA	NA	NA	NA	3	2	1	NA	NA	NA	NA	NA	NA	NA	5	2	3	3	2	1	NA	NA	NA	6	2	4
19	53636927	53637386	5	3	2	2	d	2	NA	NA	NA	NA	NA	NA	NA	3	2	1	NA	NA	NA	NA	NA	NA	NA	NA	NA	NA	3	2	1	NA	NA	NA	6	2	4
19	53637387	57664074	5	3	2	3	a	6	3	2	0.0651899567825	0.255272550201	5	2	3	3	2	1	NA	NA	NA	NA	NA	NA	NA	5	2	3	3	2	1	NA	NA	NA	5	2	3
19	57664075	57664108	5	3	2	3	b	5	3	2	0.05	0.1	5	2	3	3	2	1	NA	NA	NA	NA	NA	NA	NA	NA	NA	NA	3	2	1	NA	NA	NA	5	2	3
19	57664109	58339535	5	3	2	2	d	3	3	2	0.0527083513383	0.137080189435	5.212214	2.062086593	3.15012734	3	2	1	NA	NA	NA	NA	NA	NA	NA	6	3	3	3	2	1	NA	NA	NA	6	2	4
19	58339536	58451682	2	2	0	2	d	5	2	0	0.05	0.0823808674084	5.212214	2.062086593	3.15012734	2	0	1	NA	NA	NA	NA	NA	NA	NA	2	0	2	2	0	1	NA	NA	NA	2	0	2
19	58451683	59007701	5	3	2	2	d	4	3	2	0.053142659328	0.174444933075	5	2	3	3	2	1	NA	NA	NA	NA	NA	NA	NA	6	3	3	3	2	1	NA	NA	NA	6	2	4
19	59007702	59095465	6	4	2	1	g	NA	NA	NA	NA	NA	5	2	3	NA	NA	NA	NA	NA	NA	NA	NA	NA	NA	NA	NA	NA	2	2	1	NA	NA	NA	6	2	4
20	32157	25599999	4	2	2	3	a	6	2	2	0.0512107218063	0.133509117173	4	2	2	2	2	1	NA	NA	NA	NA	NA	NA	NA	4	2	2	2	2	1	NA	NA	NA	4	2	2
20	25600000	29399999	4	2	2	3	b	5	2	2	0.05	0.177541107356	4	2	2	2	2	1	NA	NA	NA	NA	NA	NA	NA	NA	NA	NA	2	2	1	NA	NA	NA	4	2	2
20	29400000	47572365	4	2	2	3	a	6	2	2	0.0520666955562	0.135762408943	4	2	2	2	2	1	NA	NA	NA	NA	NA	NA	NA	4	2	2	2	2	1	NA	NA	NA	4	2	2
20	47572366	47585944	4	2	2	2	d	4	2	2	0.05	0.1	4	2	2	2	2	1	NA	NA	NA	NA	NA	NA	NA	3	1	2	2	2	1	NA	NA	NA	3	1	2
20	47585945	47612598	4	2	2	2	d	4	2	2	0.05	0.1	NA	NA	NA	2	2	1	NA	NA	NA	NA	NA	NA	NA	5	2	3	2	2	1	NA	NA	NA	4	2	2
20	47612599	47613598	3	2	1	1	g	NA	NA	NA	NA	NA	NA	NA	NA	1	1	0.89701531663109	2	1	0.10298468336891	NA	0	0.89701531663109	0.89701531663109	NA	NA	NA	2	2	1	NA	NA	NA	3	1	2
20	47613599	47618458	3	2	1	1	g	NA	NA	NA	NA	NA	NA	NA	NA	NA	NA	NA	NA	NA	NA	NA	NA	NA	NA	NA	NA	NA	2	2	1	NA	NA	NA	3	1	2
20	47618459	47627406	3	2	1	2	d	3	NA	NA	NA	NA	NA	NA	NA	2	1	1	NA	NA	NA	NA	NA	NA	NA	3	1	2	2	2	1	NA	NA	NA	3	1	2
20	47627407	47636045	5	3	2	2	d	3	2	2	0.05	0.1	NA	NA	NA	3	2	1	NA	NA	NA	NA	NA	NA	NA	5	2	3	3	2	1	NA	NA	NA	4	2	2
20	47636046	47659795	5	3	2	2	d	3	2	2	0.05	0.1	4.932808	1.849039602	3.08376878	3	2	1	NA	NA	NA	NA	NA	NA	NA	5	1	4	3	2	1	NA	NA	NA	5	2	3
20	47659796	62432500	4	2	2	2	d	5	2	2	0.051179664718	0.136496694376	4	2	2	2	2	0.881757939521714	3	2	0.118242060478286	0.00890434998686784	0.00889427204616918	0.864409298585569	0.899138075339274	4	2	2	2	2	1	NA	NA	NA	4	2	2
21	1	10899999	NA	NA	NA	NA	NA	NA	2	2	0.05	0.307635892075	NA	NA	NA	NA	NA	NA	NA	NA	NA	NA	NA	NA	NA	NA	NA	NA	3	1	1	NA	NA	NA	NA	NA	NA
21	10900000	15273442	3	2	1	2	d	2	2	2	0.0942978536346	0.393147729352	NA	NA	NA	NA	NA	NA	NA	NA	NA	NA	NA	NA	NA	3	1	2	2	1	1	NA	NA	NA	NA	NA	NA
21	15273443	47649382	4	2	2	2	e	4	2	1.2	0.0790303573756	0.122084000119	3.152315	1.163799558	1.98851597	2	1	0.838431075160091	2	2	0.161568924839909	0.00410454694465573	0.00408131767084179	0.816875394881132	0.832562960216417	3	1	2	2	2	0.169692	2	1	0.830308	NA	NA	NA
21	47649383	47788516	1	1	0	2	d	3	NA	NA	NA	NA	1.252084	0.042014008	1.21007004	1	0	1	NA	NA	NA	NA	NA	NA	NA	1	0	1	1	0	1	NA	NA	NA	0	0	0
22	1	12199999	4	2	2	1	g	NA	NA	NA	NA	NA	NA	NA	NA	NA	NA	NA	NA	NA	NA	NA	NA	NA	NA	NA	NA	NA	NA	NA	NA	NA	NA	NA	4	2	2
22	12200000	17899999	4	2	2	3	a	6	2	2	0.0474243101678	0.258979382205	4	2	2	2	2	1	NA	NA	NA	NA	NA	NA	NA	4	2	2	2	2	1	NA	NA	NA	4	2	2
22	17900000	22714001	4	2	2	3	a	6	2	2	0.0501042893365	0.227237595008	4	2	2	2	2	1	NA	NA	NA	NA	NA	NA	NA	4	2	2	2	2	1	NA	NA	NA	4	2	2
22	22714002	22763456	4	2	2	2	d	5	4	2	0.05	0.234007318111	4	2	2	2	2	1	NA	NA	NA	NA	NA	NA	NA	4	2	2	2	2	1	NA	NA	NA	4	2	2
22	22763457	23040831	2	2	0	2	d	5	3	0	0.0714737032044	0.122037905449	2	0	2	2	0	1	NA	NA	NA	NA	NA	NA	NA	2	0	2	2	0	1	NA	NA	NA	2	0	2
22	23040832	23236083	0	0	0	2	d	3	0	0	0.05	0.0579239346971	0.147805	0.073902722	0.07390272	0	0	1	NA	NA	NA	NA	NA	NA	NA	1	0	1	2	2	1	NA	NA	NA	0	0	0
22	23236084	23247002	2	2	0	1	g	NA	2	2	0.05	0.1	0.147805	0.073902722	0.07390272	3	0	1	NA	NA	NA	NA	NA	NA	NA	2	0	2	2	2	1	NA	NA	NA	2	0	2
22	23247003	49687500	4	2	2	2	d	5	2	2	0.0531479044697	0.13902814709	3.806448	1.903224144	1.90322414	2	2	1	NA	NA	NA	NA	NA	NA	NA	4	2	2	2	2	1	NA	NA	NA	4	2	2
22	49687501	51304565	4	2	2	2	d	4	NA	NA	NA	NA	3.802145	1.90107271	1.90107271	2	2	1	NA	NA	NA	NA	NA	NA	NA	4	2	2	2	2	1	NA	NA	NA	4	2	2
X	1	8626526	2	2	0	2	d	4	1	1	0.0654985438717	0.142418951473	2	0	2	2	0	1	NA	NA	NA	NA	NA	NA	NA	2	0	2	NA	NA	NA	NA	NA	NA	2	0	2
X	8626527	22343245	3	2	1	2	d	2	1.47	0.53	0.0849122731613	0.216938354437	2.901511	0.88383699	2.01767398	2	0	0.117908100213458	2	1	0.882091899786542	0.00954691354181802	0.00972364545110344	0.11119940021672	0.149679290144795	3	1	2	NA	NA	NA	NA	NA	NA	3	1	2
X	22343246	22580897	2	1	1	2	d	2	0.73	0.73	0.0720493353722	0.1	2.169078	0.893890564	1.27518742	1	1	0.725374177682908	2	1	0.274625822317092	0.0648320663539988	0.0714285332469961	0.478240026817339	0.748307152308385	2	1	1	NA	NA	NA	NA	NA	NA	2	1	1
X	22580898	32034375	3	2	1	2	d	2	1.46	0.54	0.0856967653271	0.146600332583	2.917341	0.889113547	2.02822709	2	0	0.162624424221997	2	1	0.837375575778003	0.00875502371075043	0.00917839114854116	0.113220634976646	0.149162250897649	3	1	2	NA	NA	NA	NA	NA	NA	3	1	2
X	32034376	32169180	1	1	0	2	d	2	1.46	0.54	0.0539956299258	0.1	1.528468	0.764234078	0.76423408	1	1	1	NA	NA	NA	NA	NA	NA	NA	1	0	1	NA	NA	NA	NA	NA	NA	1	0	1
X	32169181	32296418	1	1	0	2	d	3	1.46	0.54	0.126012704733	0.1	1	0	1	0	0	0.213945998576953	1	0	0.786054001423047	0.101535737294706	0.0758427892273753	0.202496073361586	0.500130614476274	1	0	1	NA	NA	NA	NA	NA	NA	1	0	1
X	32296419	32587684	2	1	1	2	d	4	1.46	0.54	0.0805607555501	0.1	2	1	1	1	1	1	NA	NA	NA	NA	NA	NA	NA	2	1	1	NA	NA	NA	NA	NA	NA	2	1	1
X	32587685	51898872	3	2	1	2	d	3	1.44	0.56	0.0842837069461	0.149087435835	3	1	2	2	0	0.117908100213458	2	1	0.882091899786542	0.00752822821515311	0.00754366611962933	0.0987166529089442	0.127927347802689	3	1	2	NA	NA	NA	NA	NA	NA	3	1	2
X	51898873	51903852	3	2	1	2	d	2	1.5	0.5	0.05	0.1	3	1	2	NA	NA	NA	NA	NA	NA	NA	NA	NA	NA	NA	NA	NA	NA	NA	NA	NA	NA	NA	3	1	2
X	51903853	58099999	3	2	1	2	d	3	1.5	0.5	0.0819319294557	0.189950973271	3.15348	0.967826753	2.18565351	2	1	1	NA	NA	NA	NA	NA	NA	NA	3	1	2	NA	NA	NA	NA	NA	NA	3	1	2
X	58100000	62999999	3	2	1	2	d	2	1.25	1.25	0.0750903860727	0.3844207896	3.483271	1.427166559	2.05610402	NA	NA	NA	NA	NA	NA	NA	NA	NA	NA	3	1	2	NA	NA	NA	NA	NA	NA	3	1	2
X	63000000	93953802	3	2	1	2	d	3	1.46	0.54	0.0869037816674	0.153209723695	3	1	2	2	0	0.117908100213458	2	1	0.882091899786542	0.00711585960905274	0.00721576961119051	0.10040647676384	0.128442513558104	3	1	2	NA	NA	NA	NA	NA	NA	3	1	2
X	93953803	94100002	4	3	1	2	d	2	1.46	0.54	0.05	0.1	4.851569	0.907096017	3.94447306	3	2	1	NA	NA	NA	NA	NA	NA	NA	4	1	3	NA	NA	NA	NA	NA	NA	4	1	3
X	94100003	114175085	3	2	1	2	d	2	1.46	0.54	0.0890410579798	0.138107259944	2.912219	0.887406413	2.02481283	2	0	0.129485048974452	2	1	0.870514951025548	0.00886878190541876	0.0084947694451791	0.113870081506903	0.147315063220826	3	1	2	NA	NA	NA	NA	NA	NA	3	1	2
X	114175086	114194691	3	2	1	1	g	NA	1.46	0.54	0.05	0.1	2.154704	0	2.154704	2	0	0.129485048974452	2	1	0.870514951025548	0.00886878190541876	0.0084947694451791	0.113870081506903	0.147315063220826	NA	NA	NA	NA	NA	NA	NA	NA	NA	3	1	2
X	114194692	114649173	3	2	1	2	d	2	1.46	0.54	0.05	0.123497860002	2.797058	0.809768521	1.9872891	2	0	0.129485048974452	2	1	0.870514951025548	0.00886878190541876	0.0084947694451791	0.113870081506903	0.147315063220826	3	1	2	NA	NA	NA	NA	NA	NA	3	1	2
X	114649174	114653315	1	1	0	2	d	2	1.46	0.54	0.05	0.1	2.339295	0	2.339295	1	0	1	NA	NA	NA	NA	NA	NA	NA	NA	NA	NA	NA	NA	NA	NA	NA	NA	1	0	1
X	114653316	154913600	3	2	1	2	d	2	1.46	0.54	0.0866595393889	0.161943878686	2.919758	0.889919209	2.02983842	2	0	0.102726624190426	2	1	0.897273375809574	0.00470692451033385	0.00482427068318741	0.0932607351593702	0.112295821227629	3	1	2	NA	NA	NA	NA	NA	NA	3	1	2
