chromosome	start	end	total_cn	major_cn	minor_cn	star	level	methods_agree	absolute_broad_major_cn	absolute_broad_minor_cn	absolute_broad_het_error	absolute_broad_cov_error	aceseq_copy_number	aceseq_minor_cn	aceseq_major_cn	battenberg_nMaj1_A	battenberg_nMin1_A	battenberg_frac1_A	battenberg_nMaj2_A	battenberg_nMin2_A	battenberg_frac2_A	battenberg_SDfrac_A	battenberg_SDfrac_A_BS	battenberg_frac1_A_0.025	battenberg_frac1_A_0.975	clonehd_copy_number	clonehd_minor_cn	clonehd_major_cn	sclust_nMaj1_A	sclust_nMin1_A	sclust_frac1_A	sclust_nMaj2_A	sclust_nMin2_A	sclust_frac2_A	jabba_copy_number	jabba_minor_cn	jabba_major_cn
1	1	7260728	2	1	1	1	g	NA	2	2	0.0323077732273	0.153844914513	2	1	1	1	1	1	NA	NA	NA	NA	NA	NA	NA	1	0	1	1	1	1	NA	NA	NA	0	0	0
1	7260729	7268921	2	2	0	2	f	1	2	2	0.05	0.1	2	1	1	2	0	0.51577060931899	3	0	0.48422939068101	0.490083848784596	0.400011115146676	0.288681401285947	1.84071429182336	1	0	1	1	0	0.840859	1	1	0.159141	0	0	0
1	7268922	7286485	2	1	1	2	f	2	2	2	0.05	0.1	NA	NA	NA	1	1	0.38189784831774	2	1	0.61810215168226	0.245259952258536	0.217680375188387	0.152230247121724	0.981069242030615	2	1	1	1	0	0.840859	1	1	0.159141	0	0	0
1	7286486	7820849	3	3	0	2	e	0	2	0	0.0635562939214	0.0704677395848	0.531574	0	0.5315737	2	0	1	NA	NA	NA	NA	NA	NA	NA	1	0	1	0	0	1	NA	NA	NA	0	0	0
1	7820850	8952101	2	1	1	2	d	4	2	2	0.0385560164505	0.0989665437179	2	1	1	1	1	1	NA	NA	NA	NA	NA	NA	NA	2	1	1	1	1	1	NA	NA	NA	0	0	0
1	8952102	9334318	3	3	0	2	e	0	2	0	0.0579557936375	0.0793937191358	0.582054	0	0.5820538	2	0	1	NA	NA	NA	NA	NA	NA	NA	1	0	1	0	0	1	NA	NA	NA	0	0	0
1	9334319	15922847	2	1	1	2	d	4	2	2	0.0379424292696	0.135326809157	2	1	1	1	1	1	NA	NA	NA	NA	NA	NA	NA	2	1	1	1	1	1	NA	NA	NA	0	0	0
1	15922848	16892613	2	2	0	1	g	NA	2	0	0.0647650173239	0.128924716872	0.53171	0	0.5317097	2	0	1	NA	NA	NA	NA	NA	NA	NA	1	0	1	1	1	1	NA	NA	NA	0	0	0
1	16892614	53723597	2	1	1	2	d	4	2	2	0.0357321733181	0.104076370859	2	1	1	1	1	1	NA	NA	NA	NA	NA	NA	NA	2	1	1	1	1	1	NA	NA	NA	0	0	0
1	53723598	53726233	2	1	1	2	d	3	2	2	0.05	0.1	2	1	1	1	1	1	NA	NA	NA	NA	NA	NA	NA	NA	NA	NA	1	1	1	NA	NA	NA	0	0	0
1	53726234	69742611	2	1	1	2	d	4	2	2	0.035128386219	0.097103044593	2	1	1	1	1	1	NA	NA	NA	NA	NA	NA	NA	2	1	1	1	1	1	NA	NA	NA	0	0	0
1	69742612	69761699	2	2	0	1	g	NA	2	0	0.05	0.1	2	1	1	2	0	1	NA	NA	NA	NA	NA	NA	NA	1	0	1	0	0	1	NA	NA	NA	0	0	0
1	69761700	70688486	2	1	1	2	d	4	2	2	0.0400664717612	0.0940438334156	2	1	1	1	1	1	NA	NA	NA	NA	NA	NA	NA	2	1	1	1	1	1	NA	NA	NA	0	0	0
1	70688487	70690531	2	1	1	2	d	3	2	2	0.05	0.1	2	1	1	1	1	1	NA	NA	NA	NA	NA	NA	NA	NA	NA	NA	1	1	1	NA	NA	NA	0	0	0
1	70690532	77381270	2	1	1	2	d	4	2	2	0.0327422728561	0.0905434045093	2	1	1	1	1	1	NA	NA	NA	NA	NA	NA	NA	2	1	1	1	1	1	NA	NA	NA	0	0	0
1	77381271	77382969	1	1	0	1	g	NA	2	2	0.05	0.1	2	1	1	1	0	1	NA	NA	NA	NA	NA	NA	NA	1	0	1	1	1	1	NA	NA	NA	0	0	0
1	77382970	95601335	2	1	1	2	d	4	2	2	0.0333680178629	0.0964969485626	2	1	1	1	1	1	NA	NA	NA	NA	NA	NA	NA	2	1	1	1	1	1	NA	NA	NA	0	0	0
1	95601336	95605832	2	1	1	1	h	1	2	2	0.05	0.1	2	1	1	1	0	0.628834427221518	2	0	0.371165572778482	NA	0	0.628834427221518	0.628834427221518	1	0	1	1	1	1	NA	NA	NA	0	0	0
1	95605833	103632880	2	1	1	2	d	4	2	2	0.0324270593297	0.0926635568279	2	1	1	1	1	1	NA	NA	NA	NA	NA	NA	NA	2	1	1	1	1	1	NA	NA	NA	0	0	0
1	103632881	103635020	2	1	1	2	d	3	2	2	0.05	0.1	2	1	1	1	1	1	NA	NA	NA	NA	NA	NA	NA	NA	NA	NA	1	1	1	NA	NA	NA	0	0	0
1	103635021	109115914	2	1	1	2	d	4	2	2	0.0339907750846	0.0996305596688	2	1	1	1	1	1	NA	NA	NA	NA	NA	NA	NA	2	1	1	1	1	1	NA	NA	NA	0	0	0
1	109115915	109117415	4	4	0	1	g	NA	2	2	0.05	0.1	2	1	1	4	0	1	NA	NA	NA	NA	NA	NA	NA	NA	NA	NA	1	1	1	NA	NA	NA	0	0	0
1	109117416	121499999	2	1	1	2	d	4	2	2	0.0348565822994	0.116454686063	2	1	1	1	1	1	NA	NA	NA	NA	NA	NA	NA	2	1	1	1	1	1	NA	NA	NA	0	0	0
1	121500000	128899999	2	1	1	2	d	3	2	2	0.05	0.1	2	1	1	1	1	1	NA	NA	NA	NA	NA	NA	NA	NA	NA	NA	1	1	1	NA	NA	NA	0	0	0
1	128900000	175324200	2	1	1	2	d	4	2	2	0.0351467489588	0.103826284741	2	1	1	1	1	1	NA	NA	NA	NA	NA	NA	NA	2	1	1	1	1	1	NA	NA	NA	0	0	0
1	175324201	175326121	2	1	1	2	d	3	2	2	0.05	0.1	2	1	1	1	1	1	NA	NA	NA	NA	NA	NA	NA	NA	NA	NA	1	1	1	NA	NA	NA	0	0	0
1	175326122	222101256	2	1	1	2	d	4	2	2	0.034211585924	0.0878399708071	2	1	1	1	1	1	NA	NA	NA	NA	NA	NA	NA	2	1	1	1	1	1	NA	NA	NA	0	0	0
1	222101257	222139383	3	2	1	2	f	3	3	2	0.05	0.1	2	1	1	2	1	0.583308541232811	3	1	0.416691458767189	0.212060597635954	0.208547073481883	0.0813970419722852	0.918481016031625	3	1	2	3	1	0.240872	2	1	0.759128	3	0	3
1	222139384	248102099	2	1	1	2	d	4	2	2	0.0362029015132	0.0918236197023	2	1	1	1	1	1	NA	NA	NA	NA	NA	NA	NA	2	1	1	1	1	1	NA	NA	NA	0	0	0
1	248102100	248153079	1	1	0	1	g	NA	NA	NA	NA	NA	1.273017	0.298172274	0.9748451	1	0	0.771247280253403	1	1	0.228752719746597	0.0574983764741492	0.053480068618875	0.710023210006054	0.917937471314819	1	0	1	1	0	0.697361	1	1	0.302639	0	0	0
1	248153080	249250620	2	1	1	2	d	4	NA	NA	NA	NA	2	1	1	1	1	1	NA	NA	NA	NA	NA	NA	NA	2	1	1	1	1	1	NA	NA	NA	0	0	0
2	20016	1244565	2	1	1	2	d	2	2	1.67	0.046346369217	0.0981138367339	1.781187	0.620314398	1.1608724	1	0	0.507992320481304	1	1	0.492007679518696	0.0232797637778799	0.0227970614621931	0.460194963747629	0.549711085680742	2	1	1	1	1	1	NA	NA	NA	0	0	0
2	1244566	1247810	1	1	0	2	f	3	2	1.67	0.05	0.1	1.781187	0.620314398	1.1608724	1	0	1	NA	NA	NA	NA	NA	NA	NA	1	0	1	1	1	1	NA	NA	NA	0	0	0
2	1247811	10696746	2	1	1	2	d	2	2	1.67	0.042513527101	0.0962501186162	1.808542	0.645262417	1.1632791	1	0	0.454251181511039	1	1	0.545748818488961	0.00733360681064493	0.0075333969057343	0.439241682123916	0.468467787775962	2	1	1	1	1	1	NA	NA	NA	0	0	0
2	10696747	10703126	2	1	1	1	g	NA	2	2	0.05	0.1	1.808542	0.645262417	1.1632791	1	0	0.454251181511039	1	1	0.545748818488961	0.00733360681064493	0.0075333969057343	0.439241682123916	0.468467787775962	NA	NA	NA	1	1	1	NA	NA	NA	0	0	0
2	10703127	16150743	2	1	1	2	f	3	2	2	0.0401689040869	0.0951933097687	1.796011	0.644567161	1.1514438	1	0	0.454251181511039	1	1	0.545748818488961	0.00733360681064493	0.0075333969057343	0.439241682123916	0.468467787775962	2	1	1	1	1	1	NA	NA	NA	0	0	0
2	16150744	17077816	0	0	0	2	d	2	1.49	0	0.0621718671991	0.0737538137635	0.113981	0	0.1139807	1	0	0.494406429890301	2	0	0.505593570109699	0.049074794130692	0.0467605404950212	0.490543853695941	0.686164833242668	1	0	1	0	0	1	NA	NA	NA	0	0	0
2	17077817	31478970	2	1	1	2	d	2	2	1.67	0.0425065432273	0.0963750005391	1.832497	0.65276894	1.1797282	1	0	0.479175052230084	1	1	0.520824947769916	0.00750084112495025	0.007590370240903	0.454043372205933	0.484446895234956	2	1	1	1	1	1	NA	NA	NA	0	0	0
2	31478971	31481978	2	2	0	1	g	NA	2	1.67	0.05	0.1	1.832497	0.65276894	1.1797282	2	0	1	NA	NA	NA	NA	NA	NA	NA	1	0	1	1	1	1	NA	NA	NA	0	0	0
2	31481979	47543860	2	1	1	2	d	2	2	1.67	0.0418629793588	0.090746835189	1.832889	0.648815864	1.1840734	1	0	0.501290823871473	1	1	0.498709176128527	0.00618769099390812	0.00619592631126843	0.477275268483125	0.501827251420055	2	1	1	1	1	1	NA	NA	NA	0	0	0
2	47543861	47548154	1	1	0	1	g	NA	2	1.67	0.05	0.1	1.832889	0.648815864	1.1840734	1	0	1	NA	NA	NA	NA	NA	NA	NA	NA	NA	NA	1	1	1	NA	NA	NA	0	0	0
2	47548155	49434342	2	1	1	2	d	2	2	1.67	0.0392561600981	0.127087239838	1.780144	0.628714766	1.1514291	1	0	0.476837612950906	1	1	0.523162387049094	0.0188054790694475	0.0182872502806201	0.45228505932152	0.526199947015991	2	1	1	1	1	1	NA	NA	NA	0	0	0
2	49434343	49436615	1	1	0	1	g	NA	2	1.67	0.05	0.1	1.780144	0.628714766	1.1514291	1	0	1	NA	NA	NA	NA	NA	NA	NA	NA	NA	NA	1	1	1	NA	NA	NA	0	0	0
2	49436616	51956706	1	1	0	1	g	NA	2	1.67	0.0434373318438	0.0907948802155	1.804218	0.620766244	1.1834519	1	0	0.501290823871473	1	1	0.498709176128527	0.0150517283734734	0.0151425089882018	0.479901137067177	0.538845806823194	2	1	1	1	0	0.387362	1	1	0.612638	0	0	0
2	51956707	51958228	2	2	0	1	g	NA	2	1.67	0.05	0.1	1.804218	0.620766244	1.1834519	2	0	1	NA	NA	NA	NA	NA	NA	NA	NA	NA	NA	1	0	0.387362	1	1	0.612638	0	0	0
2	51958229	90499999	2	1	1	2	d	2	2	1.67	0.0421917197869	0.0927457761173	1.833005	0.648868829	1.1841359	1	0	0.488758553274688	1	1	0.511241446725312	0.00496986922038328	0.00498106281869143	0.474405557982031	0.49501538144679	2	1	1	1	1	1	NA	NA	NA	0	0	0
2	90500000	96799999	2	1	1	2	d	2	2	1.67	0.05	0.203195804366	1.883763	0.941881571	0.9418816	NA	NA	NA	NA	NA	NA	NA	NA	NA	NA	2	1	1	1	1	1	NA	NA	NA	0	0	0
2	96800000	136605185	2	1	1	2	d	3	2	2	0.0354864576556	0.0997795641221	1.855062	0.927530971	0.927531	1	1	1	NA	NA	NA	NA	NA	NA	NA	2	1	1	1	1	1	NA	NA	NA	0	0	0
2	136605186	136605256	3	2	1	2	f	0	NA	NA	NA	NA	1.855062	0.927530971	0.927531	NA	NA	NA	NA	NA	NA	NA	NA	NA	NA	1	0	1	1	1	1	NA	NA	NA	0	0	0
2	136605257	136915729	3	3	0	2	e	0	2	0	0.0694147608867	0.0785781281394	0.476869	0	0.4768691	2	0	1	NA	NA	NA	NA	NA	NA	NA	1	0	1	0	0	1	NA	NA	NA	0	0	0
2	136915730	136915992	0	0	0	2	d	2	NA	NA	NA	NA	0.476869	0	0.4768691	NA	NA	NA	NA	NA	NA	NA	NA	NA	NA	1	0	1	0	0	1	NA	NA	NA	0	0	0
2	136915993	137182490	2	2	0	1	g	NA	2	0	0.0458430189061	0.0652207495803	0.388606	0	0.3886061	1	0	0.253140279980588	2	0	0.746859720019412	0.124324773238428	0.115262009419835	0.164067181722947	0.625339148393301	1	0	1	0	0	1	NA	NA	NA	0	0	0
2	137182491	137182502	0	0	0	2	d	2	2	2	0.05	0.1	0.388606	0	0.3886061	NA	NA	NA	NA	NA	NA	NA	NA	NA	NA	NA	NA	NA	0	0	1	NA	NA	NA	0	0	0
2	137182503	144553623	2	1	1	2	d	3	2	2	0.0336811223535	0.0912622552605	1.84952	0.924760079	0.9247601	1	1	1	NA	NA	NA	NA	NA	NA	NA	2	1	1	1	1	1	NA	NA	NA	0	0	0
2	144553624	144556784	2	1	1	1	h	1	2	2	0.05	0.1	1.84952	0.924760079	0.9247601	2	0	0.385021694020004	3	0	0.614978305979996	NA	0	0.385021694020004	0.385021694020004	1	0	1	1	1	1	NA	NA	NA	0	0	0
2	144556785	154465552	2	1	1	2	d	3	2	2	0.0340387709559	0.0874672550386	1.866942	0.933471249	0.9334712	1	1	1	NA	NA	NA	NA	NA	NA	NA	2	1	1	1	1	1	NA	NA	NA	0	0	0
2	154465553	154467059	0	0	0	2	f	3	2	2	0.05	0.1	1.866942	0.933471249	0.9334712	0	0	1	NA	NA	NA	NA	NA	NA	NA	1	0	1	1	1	1	NA	NA	NA	0	0	0
2	154467060	164695727	2	1	1	2	d	3	2	2	0.0321997387641	0.0942722887392	1.877106	0.938552864	0.9385529	1	1	1	NA	NA	NA	NA	NA	NA	NA	2	1	1	1	1	1	NA	NA	NA	0	0	0
2	164695728	164697616	2	1	1	2	f	3	2	2	0.05	0.1	1.877106	0.938552864	0.9385529	1	1	1	NA	NA	NA	NA	NA	NA	NA	NA	NA	NA	1	1	1	NA	NA	NA	0	0	0
2	164697617	168815971	2	1	1	2	d	3	2	2	0.030930697042	0.0860622802667	1.824337	0.912168317	0.9121683	1	1	1	NA	NA	NA	NA	NA	NA	NA	2	1	1	1	1	1	NA	NA	NA	0	0	0
2	168815972	168817467	2	1	1	1	h	1	2	2	0.05	0.1	1.824337	0.912168317	0.9121683	2	0	0.643418759828305	3	0	0.356581240171695	NA	0	0.643418759828305	0.643418759828305	NA	NA	NA	1	1	1	NA	NA	NA	0	0	0
2	168817468	193429382	2	1	1	2	d	3	2	2	0.034484956269	0.0978324133654	1.859538	0.929768953	0.929769	1	1	1	NA	NA	NA	NA	NA	NA	NA	2	1	1	1	1	1	NA	NA	NA	0	0	0
2	193429383	193432941	2	1	1	2	f	3	2	2	0.05	0.1	1.859538	0.929768953	0.929769	1	1	1	NA	NA	NA	NA	NA	NA	NA	1	0	1	1	1	1	NA	NA	NA	0	0	0
2	193432942	193432961	2	1	1	1	g	NA	2	2	0.05	0.1	NA	NA	NA	1	1	1	NA	NA	NA	NA	NA	NA	NA	1	0	1	1	1	1	NA	NA	NA	0	0	0
2	193432962	193434304	2	1	1	1	g	NA	2	2	0.05	0.1	NA	NA	NA	1	1	1	NA	NA	NA	NA	NA	NA	NA	1	0	1	1	1	1	NA	NA	NA	0	0	0
2	193434305	193434477	2	1	1	1	g	NA	2	2	0.05	0.1	NA	NA	NA	1	1	1	NA	NA	NA	NA	NA	NA	NA	NA	NA	NA	1	1	1	NA	NA	NA	0	0	0
2	193434478	194533996	2	1	1	2	d	3	2	2	0.0272397967203	0.0797710386342	1.827253	0.913626702	0.9136267	1	1	1	NA	NA	NA	NA	NA	NA	NA	2	1	1	1	1	1	NA	NA	NA	0	0	0
2	194533997	194539996	2	1	1	2	f	3	2	2	0.05	0.1	1.827253	0.913626702	0.9136267	1	1	1	NA	NA	NA	NA	NA	NA	NA	1	0	1	1	1	1	NA	NA	NA	0	0	0
2	194539997	196863041	2	1	1	2	d	3	2	2	0.0348190931836	0.085574056133	1.848941	0.924470695	0.9244707	1	1	1	NA	NA	NA	NA	NA	NA	NA	2	1	1	1	1	1	NA	NA	NA	0	0	0
2	196863042	196863352	2	1	1	2	f	3	2	2	0.05	0.1	1.848941	0.924470695	0.9244707	1	1	1	NA	NA	NA	NA	NA	NA	NA	NA	NA	NA	1	1	1	NA	NA	NA	0	0	0
2	196863353	201052405	2	1	1	2	d	3	2	2	0.0311805600096	0.0856056236744	1.842459	0.921229753	0.9212298	1	1	1	NA	NA	NA	NA	NA	NA	NA	2	1	1	1	1	1	NA	NA	NA	0	0	0
2	201052406	201196127	5	3	2	2	e	1	3	2	0.0439747851586	0.0968983350963	3.378934	0.928396815	2.4505376	2	1	0.469635791508136	3	1	0.530364208491864	0.0834739034449374	0.0802051238059681	0.41928063851535	0.736532137017992	3	1	2	2	1	1	NA	NA	NA	2	0	2
2	201196128	202369968	2	1	1	2	d	4	2	2	0.0311222178659	0.0812082803906	2	1	1	1	1	1	NA	NA	NA	NA	NA	NA	NA	2	1	1	1	1	1	NA	NA	NA	0	0	0
2	202369969	202380188	2	2	0	1	g	NA	NA	NA	NA	NA	2	1	1	2	0	1	NA	NA	NA	NA	NA	NA	NA	1	0	1	1	1	1	NA	NA	NA	0	0	0
2	202380189	212525613	2	1	1	2	d	3	2	2	0.0332504187105	0.0921708242461	1.871691	0.935845621	0.9358456	1	1	1	NA	NA	NA	NA	NA	NA	NA	2	1	1	1	1	1	NA	NA	NA	0	0	0
2	212525614	212526803	2	2	0	1	g	NA	2	2	0.05	0.1	1.871691	0.935845621	0.9358456	2	0	1	NA	NA	NA	NA	NA	NA	NA	NA	NA	NA	1	1	1	NA	NA	NA	0	0	0
2	212526804	215219952	2	1	1	2	f	3	2	2	0.0304893041005	0.0881555838817	1.852869	0.926434316	0.9264343	2	2	1	NA	NA	NA	NA	NA	NA	NA	2	1	1	1	1	1	NA	NA	NA	0	0	0
2	215219953	216650722	4	2	2	3	b	6	2	2	0.0340272271538	0.0942070118329	4	2	2	2	2	1	NA	NA	NA	NA	NA	NA	NA	4	2	2	2	2	1	NA	NA	NA	3	1	2
2	216650723	216653334	4	2	2	2	d	4	2	2	0.05	0.1	4	2	2	2	2	1	NA	NA	NA	NA	NA	NA	NA	1	0	1	2	2	1	NA	NA	NA	3	1	2
2	216653335	242985493	4	2	2	2	d	3	2	2	0.0359164425129	0.101964130436	3.889456	1.944727986	1.944728	2	2	1	NA	NA	NA	NA	NA	NA	NA	1	0	1	2	2	1	NA	NA	NA	4	1	3
3	60197	654640	4	2	2	3	b	6	2	2	0.0331227021063	0.20611534947	4	2	2	2	2	1	NA	NA	NA	NA	NA	NA	NA	4	2	2	2	2	1	NA	NA	NA	4	1	3
3	654641	657132	4	2	2	2	d	4	2	2	0.05	0.1	4	2	2	2	2	1	NA	NA	NA	NA	NA	NA	NA	NA	NA	NA	2	2	1	NA	NA	NA	4	1	3
3	657133	7121732	4	2	2	3	b	6	2	2	0.0347153893754	0.104606603614	4	2	2	2	2	1	NA	NA	NA	NA	NA	NA	NA	4	2	2	2	2	1	NA	NA	NA	4	1	3
3	7121733	7128559	4	2	2	2	d	3	2	2	0.05	0.1	4	2	2	2	0	0.352977982622727	3	0	0.647022017377273	0.403756902240445	0.33340898956734	0.221837859672945	1.53724836623559	2	0	2	2	2	1	NA	NA	NA	1	0	1
3	7128560	14070242	4	2	2	3	b	6	2	2	0.0345229858625	0.105610170745	4	2	2	2	2	1	NA	NA	NA	NA	NA	NA	NA	4	2	2	2	2	1	NA	NA	NA	4	1	3
3	14070243	14074079	4	2	2	2	d	4	2	2	0.05	0.1	4	2	2	2	2	1	NA	NA	NA	NA	NA	NA	NA	NA	NA	NA	2	2	1	NA	NA	NA	4	1	3
3	14074080	21899730	4	2	2	3	b	6	2	2	0.033455094257	0.0995745023976	4	2	2	2	2	1	NA	NA	NA	NA	NA	NA	NA	4	2	2	2	2	1	NA	NA	NA	4	1	3
3	21899731	21900397	4	2	2	2	d	4	2	2	0.05	0.1	4	2	2	2	2	1	NA	NA	NA	NA	NA	NA	NA	NA	NA	NA	2	2	1	NA	NA	NA	4	1	3
3	21900398	29865900	4	2	2	3	b	6	2	2	0.0346111974017	0.0938704071304	4	2	2	2	2	1	NA	NA	NA	NA	NA	NA	NA	4	2	2	2	2	1	NA	NA	NA	4	1	3
3	29865901	29868272	4	2	2	2	d	3	2	2	0.05	0.1	4	2	2	2	0	1	NA	NA	NA	NA	NA	NA	NA	NA	NA	NA	2	2	1	NA	NA	NA	1	0	1
3	29868273	55648378	4	2	2	3	b	6	2	2	0.0343100593927	0.101691452016	4	2	2	2	2	1	NA	NA	NA	NA	NA	NA	NA	4	2	2	2	2	1	NA	NA	NA	4	1	3
3	55648379	55649587	4	2	2	2	d	4	2	2	0.05	0.1	4	2	2	2	2	1	NA	NA	NA	NA	NA	NA	NA	NA	NA	NA	2	2	1	NA	NA	NA	4	1	3
3	55649588	62513781	4	2	2	3	b	6	2	2	0.0330700917625	0.0988339564179	4	2	2	2	2	1	NA	NA	NA	NA	NA	NA	NA	4	2	2	2	2	1	NA	NA	NA	4	1	3
3	62513782	62517082	4	2	2	2	d	3	2	2	0.05	0.1	4	2	2	1	0	0.601948827755282	2	0	0.398051172244718	NA	0	0.601948827755282	0.601948827755282	NA	NA	NA	2	2	1	NA	NA	NA	1	0	1
3	62517083	78536941	4	2	2	3	b	6	2	2	0.0390357473017	0.0899652599485	4	2	2	2	2	1	NA	NA	NA	NA	NA	NA	NA	4	2	2	2	2	1	NA	NA	NA	4	1	3
3	78536942	78537845	4	2	2	2	d	4	2	2	0.05	0.1	4	2	2	2	2	1	NA	NA	NA	NA	NA	NA	NA	NA	NA	NA	2	2	1	NA	NA	NA	4	1	3
3	78537846	87899999	4	2	2	3	b	6	2	2	0.0319623735536	0.0895299629668	4	2	2	2	2	1	NA	NA	NA	NA	NA	NA	NA	4	2	2	2	2	1	NA	NA	NA	4	1	3
3	87900000	93899999	4	2	2	2	d	4	2	2	0.0397986059313	0.117513206329	4.108716	2.054358268	2.0543583	2	2	1	NA	NA	NA	NA	NA	NA	NA	4	2	2	2	2	1	NA	NA	NA	4	1	3
3	93900000	110128590	4	2	2	3	b	6	2	2	0.0333596962782	0.0933664943408	4	2	2	2	2	1	NA	NA	NA	NA	NA	NA	NA	4	2	2	2	2	1	NA	NA	NA	4	1	3
3	110128591	110132987	4	2	2	2	d	3	2	2	0.05	0.1	4	2	2	1	0	1	NA	NA	NA	NA	NA	NA	NA	NA	NA	NA	2	2	1	NA	NA	NA	1	0	1
3	110132988	119826534	4	2	2	3	b	6	2	2	0.0352481163995	0.0963041435308	4	2	2	2	2	1	NA	NA	NA	NA	NA	NA	NA	4	2	2	2	2	1	NA	NA	NA	4	1	3
3	119826535	119985611	5	3	2	1	g	NA	NA	NA	NA	NA	4	2	2	3	2	1	NA	NA	NA	NA	NA	NA	NA	6	3	3	2	2	1	NA	NA	NA	7	2	5
3	119985612	154121571	4	2	2	3	b	6	2	2	0.0325705847064	0.101415918097	4	2	2	2	2	1	NA	NA	NA	NA	NA	NA	NA	4	2	2	2	2	1	NA	NA	NA	4	1	3
3	154121572	154124875	4	2	2	2	d	4	2	2	0.05	0.1	4	2	2	2	2	1	NA	NA	NA	NA	NA	NA	NA	NA	NA	NA	2	2	1	NA	NA	NA	4	1	3
3	154124876	161717694	4	2	2	3	b	6	2	2	0.0334379011926	0.0913782007548	4	2	2	2	2	1	NA	NA	NA	NA	NA	NA	NA	4	2	2	2	2	1	NA	NA	NA	4	1	3
3	161717695	174910394	4	2	2	3	b	6	2	2	0.0352806468477	0.0954529254455	4	2	2	2	2	1	NA	NA	NA	NA	NA	NA	NA	4	2	2	2	2	1	NA	NA	NA	4	1	3
3	174910395	175215149	2	2	0	3	b	6	2	0	0.062949652117	0.15365582684	2	0	2	2	0	1	NA	NA	NA	NA	NA	NA	NA	2	0	2	2	0	1	NA	NA	NA	1	0	1
3	175215150	185826400	4	2	2	3	b	6	2	2	0.0339617840271	0.0957632585811	4	2	2	2	2	1	NA	NA	NA	NA	NA	NA	NA	4	2	2	2	2	1	NA	NA	NA	4	1	3
3	185826401	185828329	4	2	2	2	d	3	2	2	0.05	0.1	4	2	2	5	0	1	NA	NA	NA	NA	NA	NA	NA	NA	NA	NA	2	2	1	NA	NA	NA	2	0	2
3	185828330	198022429	4	2	2	3	b	6	2	2	0.0353973376181	0.130070744047	4	2	2	2	2	1	NA	NA	NA	NA	NA	NA	NA	4	2	2	2	2	1	NA	NA	NA	4	1	3
4	25174	24154497	4	2	2	3	b	6	2	2	0.0360034685996	0.110984490829	4	2	2	2	2	1	NA	NA	NA	NA	NA	NA	NA	4	2	2	2	2	1	NA	NA	NA	4	1	3
4	24154498	24368251	2	2	0	2	d	4	2	0	0.0462772387439	0.08076335713	2	0	2	2	0	1	NA	NA	NA	NA	NA	NA	NA	2	0	2	2	0	0.480483	1	0	0.519517	1	0	1
4	24368252	43239897	4	2	2	3	b	6	2	2	0.0351359625946	0.105163494966	4	2	2	2	2	1	NA	NA	NA	NA	NA	NA	NA	4	2	2	2	2	1	NA	NA	NA	4	1	3
4	43239898	43241545	4	2	2	2	d	4	2	2	0.05	0.1	4	2	2	2	2	1	NA	NA	NA	NA	NA	NA	NA	NA	NA	NA	2	2	1	NA	NA	NA	4	1	3
4	43241546	48199999	4	2	2	3	b	6	2	2	0.031630329995	0.093993039164	4	2	2	2	2	1	NA	NA	NA	NA	NA	NA	NA	4	2	2	2	2	1	NA	NA	NA	4	1	3
4	48200000	52699999	4	2	2	2	d	4	2	2	0.05	0.213380194733	4	2	2	2	2	1	NA	NA	NA	NA	NA	NA	NA	4	2	2	3	1	1	NA	NA	NA	4	1	3
4	52700000	113657137	4	2	2	3	b	6	2	2	0.0346377045306	0.0924434474386	4	2	2	2	2	1	NA	NA	NA	NA	NA	NA	NA	4	2	2	2	2	1	NA	NA	NA	4	1	3
4	113657138	113658696	4	2	2	2	d	3	2	2	0.05	0.1	4	2	2	NA	NA	NA	NA	NA	NA	NA	NA	NA	NA	NA	NA	NA	2	2	1	NA	NA	NA	4	1	3
4	113658697	113663209	4	2	2	1	h	1	2	2	0.05	0.1	NA	NA	NA	2	1	0.80564141854464	2	2	0.19435858145536	NA	0	0.80564141854464	0.80564141854464	3	1	2	2	2	1	NA	NA	NA	4	1	3
4	113663210	113664738	1	1	0	1	g	NA	2	2	0.05	0.1	NA	NA	NA	1	0	1	NA	NA	NA	NA	NA	NA	NA	NA	NA	NA	2	2	1	NA	NA	NA	2	0	2
4	113664739	129080652	4	2	2	3	b	6	2	2	0.0326609556454	0.0946769070112	4	2	2	2	2	1	NA	NA	NA	NA	NA	NA	NA	4	2	2	2	2	1	NA	NA	NA	4	1	3
4	129080653	129083749	4	2	2	2	d	3	2	2	0.05	0.1	4	2	2	1	0	1	NA	NA	NA	NA	NA	NA	NA	NA	NA	NA	2	2	1	NA	NA	NA	1	0	1
4	129083750	136091576	4	2	2	3	b	6	2	2	0.0340087551873	0.133959527183	4	2	2	2	2	1	NA	NA	NA	NA	NA	NA	NA	4	2	2	2	2	1	NA	NA	NA	4	1	3
4	136091577	136093686	4	2	2	2	d	3	2	2	0.05	0.1	4	2	2	3	0	1	NA	NA	NA	NA	NA	NA	NA	NA	NA	NA	2	2	1	NA	NA	NA	2	0	2
4	136093687	138438370	4	2	2	3	b	6	2	2	0.035574527816	0.0926548101254	4	2	2	2	2	1	NA	NA	NA	NA	NA	NA	NA	4	2	2	2	2	1	NA	NA	NA	4	1	3
4	138438371	138439596	4	2	2	2	d	4	2	2	0.05	0.1	4	2	2	2	2	1	NA	NA	NA	NA	NA	NA	NA	NA	NA	NA	2	2	1	NA	NA	NA	4	1	3
4	138439597	172512727	4	2	2	3	b	6	2	2	0.034540040622	0.0930733357661	4	2	2	2	2	1	NA	NA	NA	NA	NA	NA	NA	4	2	2	2	2	1	NA	NA	NA	4	1	3
4	172512728	172517065	2	2	0	1	g	NA	2	2	0.05	0.1	4	2	2	2	0	1	NA	NA	NA	NA	NA	NA	NA	2	0	2	2	2	1	NA	NA	NA	2	0	2
4	172517066	174121161	4	2	2	3	b	6	2	2	0.0318412762717	0.091320014716	4	2	2	2	2	1	NA	NA	NA	NA	NA	NA	NA	4	2	2	2	2	1	NA	NA	NA	4	1	3
4	174121162	174122703	4	2	2	2	d	3	2	2	0.05	0.1	4	2	2	1	0	1	NA	NA	NA	NA	NA	NA	NA	NA	NA	NA	2	2	1	NA	NA	NA	1	0	1
4	174122704	174129090	4	2	2	2	d	2	2	2	0.05	0.1	NA	NA	NA	3	2	0.751198622166355	3	3	0.248801377833645	NA	0	0.751198622166355	0.751198622166355	NA	NA	NA	2	2	1	NA	NA	NA	4	1	3
4	174129091	174130726	4	2	2	2	d	2	2	2	0.05	0.1	NA	NA	NA	NA	NA	NA	NA	NA	NA	NA	NA	NA	NA	NA	NA	NA	2	2	1	NA	NA	NA	4	1	3
4	174130727	183651480	4	2	2	3	b	6	2	2	0.0331853689014	0.0887706170121	4	2	2	2	2	1	NA	NA	NA	NA	NA	NA	NA	4	2	2	2	2	1	NA	NA	NA	4	1	3
4	183651481	183653748	4	2	2	2	d	3	2	2	0.05	0.1	4	2	2	3	1	1	NA	NA	NA	NA	NA	NA	NA	NA	NA	NA	2	2	1	NA	NA	NA	2	0	2
4	183653749	190426821	4	2	2	3	b	6	2	2	0.0350237794865	0.0931862387734	4	2	2	2	2	1	NA	NA	NA	NA	NA	NA	NA	4	2	2	2	2	1	NA	NA	NA	4	1	3
4	190426822	190428419	4	2	2	2	d	2	NA	NA	NA	NA	4	2	2	3	0	0.762883067967815	3	1	0.237116932032185	NA	0	0.762883067967815	0.762883067967815	NA	NA	NA	2	2	1	NA	NA	NA	2	0	2
5	1	18266817	4	2	2	3	b	6	2	2	0.0354606046002	0.0998976668949	4	2	2	2	2	1	NA	NA	NA	NA	NA	NA	NA	4	2	2	2	2	1	NA	NA	NA	4	1	3
5	18266818	18268458	3	3	0	1	g	NA	2	2	0.05	0.1	4	2	2	3	0	1	NA	NA	NA	NA	NA	NA	NA	1	0	1	2	2	1	NA	NA	NA	2	0	2
5	18268459	28570676	4	2	2	3	b	6	2	2	0.0335882909459	0.0907763855159	4	2	2	2	2	1	NA	NA	NA	NA	NA	NA	NA	4	2	2	2	2	1	NA	NA	NA	4	1	3
5	28570677	28573854	4	2	2	2	d	3	2	2	0.05	0.1	4	2	2	1	0	0.494406429890301	2	0	0.505593570109699	NA	0	0.494406429890301	0.494406429890301	NA	NA	NA	2	2	1	NA	NA	NA	2	0	2
5	28573855	46099999	4	2	2	3	b	6	2	2	0.0353015337807	0.0880071876894	4	2	2	2	2	1	NA	NA	NA	NA	NA	NA	NA	4	2	2	2	2	1	NA	NA	NA	4	1	3
5	46100000	50699999	4	2	2	3	b	6	2	2	0.0353157845536	0.15718125457	4	2	2	2	2	1	NA	NA	NA	NA	NA	NA	NA	4	2	2	2	2	1	NA	NA	NA	4	1	3
5	50700000	64443162	4	2	2	3	b	6	2	2	0.0328239149854	0.0925405035849	4	2	2	2	2	1	NA	NA	NA	NA	NA	NA	NA	4	2	2	2	2	1	NA	NA	NA	4	1	3
5	64443163	64444320	4	2	2	2	d	3	2	2	0.05	0.1	4	2	2	1	1	1	NA	NA	NA	NA	NA	NA	NA	NA	NA	NA	2	2	1	NA	NA	NA	2	0	2
5	64444321	76110451	4	2	2	3	b	6	2	2	0.035513761831	0.100113185538	4	2	2	2	2	1	NA	NA	NA	NA	NA	NA	NA	4	2	2	2	2	1	NA	NA	NA	4	1	3
5	76110452	135076574	2	2	0	2	d	4	2	0	0.0590866014896	0.0812303345231	2	0	2	2	0	1	NA	NA	NA	NA	NA	NA	NA	2	0	2	2	0	0.510222	1	0	0.489778	1	0	1
5	135076575	165318369	4	2	2	3	b	6	2	2	0.0343018522494	0.110283524721	4	2	2	2	2	1	NA	NA	NA	NA	NA	NA	NA	4	2	2	2	2	1	NA	NA	NA	4	1	3
5	165318370	165320282	4	2	2	2	d	3	2	2	0.05	0.1	4	2	2	4	0	1	NA	NA	NA	NA	NA	NA	NA	NA	NA	NA	2	2	1	NA	NA	NA	3	0	3
5	165320283	166001158	4	2	2	3	b	6	2	2	0.0341487993892	0.0860096512796	4	2	2	2	2	1	NA	NA	NA	NA	NA	NA	NA	4	2	2	2	2	1	NA	NA	NA	4	1	3
5	166001159	166004409	4	2	2	2	d	3	2	2	0.05	0.1	4	2	2	2	0	1	NA	NA	NA	NA	NA	NA	NA	NA	NA	NA	2	2	1	NA	NA	NA	1	0	1
5	166004410	180711553	4	2	2	3	b	6	2	2	0.0357118633589	0.108254276642	4	2	2	2	2	1	NA	NA	NA	NA	NA	NA	NA	4	2	2	2	2	1	NA	NA	NA	4	1	3
6	209462	9063342	2	2	0	2	d	4	2	0	0.0613473095264	0.0853773102547	2	0	2	2	0	1	NA	NA	NA	NA	NA	NA	NA	2	0	2	2	0	0.545124	1	0	0.454876	1	0	1
6	9063343	9070177	2	2	0	2	d	3	2	0	0.05	0.1	2	0	2	2	0	1	NA	NA	NA	NA	NA	NA	NA	NA	NA	NA	2	0	0.545124	1	0	0.454876	1	0	1
6	9070178	29924224	2	2	0	2	d	4	2	0	0.0590949355905	0.112413047832	2	0	2	2	0	1	NA	NA	NA	NA	NA	NA	NA	2	0	2	2	0	0.545124	1	0	0.454876	1	0	1
6	29924225	29927654	2	2	0	1	g	1	3	0	0.05	0.1	2	0	2	NA	NA	NA	NA	NA	NA	NA	NA	NA	NA	NA	NA	NA	2	0	0.181679	1	0	0.818321	1	0	1
6	29927655	32912441	1	1	0	2	f	3	3	0	0.05	0.100764587791	2.0986	0.766337953	1.332262	79	0	1	NA	NA	NA	NA	NA	NA	NA	2	1	1	2	0	0.181679	1	0	0.818321	1	0	1
6	32912442	58699999	3	2	1	2	d	3	2	1.34	0.0448046437272	0.104419133316	3.256757	1.237787012	2.0189696	2	1	0.720371377084852	2	2	0.279628622915148	0.0081562005590986	0.00843003230787992	0.703082019829259	0.736516886751722	3	1	2	2	1	1	NA	NA	NA	3	1	2
6	58700000	63299999	3	2	1	2	d	3	2	1.34	0.0453939702775	0.11631243506	3.317894	1.227349174	2.0905449	NA	NA	NA	NA	NA	NA	NA	NA	NA	NA	3	1	2	2	1	1	NA	NA	NA	3	1	2
6	63300000	70812514	3	2	1	2	d	3	2	1.34	0.0429488205868	0.0890942344723	3.276859	1.241253351	2.0356059	2	1	0.7742527918481	2	2	0.2257472081519	0.012562156232819	0.012562963921065	0.74086392405685	0.789089245881643	3	1	2	2	1	1	NA	NA	NA	3	1	2
6	70812515	81918441	2	2	0	2	d	4	2	0	0.0600299822923	0.0745700578576	2	0	2	2	0	1	NA	NA	NA	NA	NA	NA	NA	2	0	2	2	0	0.510222	1	0	0.489778	1	0	1
6	81918442	81920270	2	2	0	2	d	3	2	0	0.05	0.1	2	0	2	2	0	1	NA	NA	NA	NA	NA	NA	NA	1	0	1	2	0	0.510222	1	0	0.489778	1	0	1
6	81920271	97789532	2	2	0	2	d	4	2	0	0.059700807026	0.0758173972719	2	0	2	2	0	1	NA	NA	NA	NA	NA	NA	NA	2	0	2	2	0	0.513528	1	0	0.486472	1	0	1
6	97789533	97791036	2	2	0	2	d	3	2	0	0.05	0.1	2	0	2	2	0	1	NA	NA	NA	NA	NA	NA	NA	NA	NA	NA	2	0	0.513528	1	0	0.486472	1	0	1
6	97791037	121651345	2	2	0	2	d	4	2	0	0.0604350980579	0.0742460513284	2	0	2	2	0	1	NA	NA	NA	NA	NA	NA	NA	2	0	2	2	0	0.503362	1	0	0.496638	1	0	1
6	121651346	121653522	3	3	0	2	e	0	2	0	0.05	0.1	2	0	2	0	0	1	NA	NA	NA	NA	NA	NA	NA	1	0	1	2	0	0.503362	1	0	0.496638	0	0	0
6	121653523	170921585	2	2	0	2	d	4	2	0	0.0601863745104	0.0780638891988	2	0	2	2	0	1	NA	NA	NA	NA	NA	NA	NA	2	0	2	2	0	0.522974	1	0	0.477026	1	0	1
7	93195	96384	4	3	1	1	h	1	NA	NA	NA	NA	4.001947	0.712395892	3.2895514	NA	NA	NA	NA	NA	NA	NA	NA	NA	NA	1	0	1	3	0	0.459281	3	1	0.540719	NA	NA	NA
7	96385	96677	4	2	2	1	h	1	NA	NA	NA	NA	NA	NA	NA	NA	NA	NA	NA	NA	NA	NA	NA	NA	NA	1	0	1	2	2	1	NA	NA	NA	NA	NA	NA
7	96678	97891	4	2	2	2	d	2	2	2	0.05	0.1	NA	NA	NA	NA	NA	NA	NA	NA	NA	NA	NA	NA	NA	1	0	1	2	2	1	NA	NA	NA	NA	NA	NA
7	97892	480650	4	2	2	2	d	4	2	2	0.05	0.201281687228	4	2	2	2	2	1	NA	NA	NA	NA	NA	NA	NA	1	0	1	2	2	1	NA	NA	NA	4	1	3
7	480651	487080	4	2	2	2	d	4	2	2	0.05	0.1	4	2	2	2	2	1	NA	NA	NA	NA	NA	NA	NA	NA	NA	NA	2	2	1	NA	NA	NA	4	1	3
7	487081	9940772	4	2	2	3	b	6	2	2	0.0358130350674	0.115907807478	4	2	2	2	2	1	NA	NA	NA	NA	NA	NA	NA	4	2	2	2	2	1	NA	NA	NA	4	1	3
7	9940773	9941480	4	2	2	2	d	4	2	2	0.05	0.1	4	2	2	2	2	1	NA	NA	NA	NA	NA	NA	NA	NA	NA	NA	2	2	1	NA	NA	NA	4	1	3
7	9941481	10602323	4	2	2	2	d	4	2	2	0.0627988371461	0.0891091819134	4.107414	2.053707154	2.0537072	2	2	1	NA	NA	NA	NA	NA	NA	NA	4	2	2	2	2	1	NA	NA	NA	4	1	3
7	10602324	10603203	4	2	2	2	d	3	2	2	0.05	0.1	4.107414	2.053707154	2.0537072	2	2	1	NA	NA	NA	NA	NA	NA	NA	NA	NA	NA	2	2	1	NA	NA	NA	4	1	3
7	10603204	22897647	4	2	2	3	b	6	2	2	0.0375681229502	0.0871382790332	4	2	2	2	2	1	NA	NA	NA	NA	NA	NA	NA	4	2	2	2	2	1	NA	NA	NA	4	1	3
7	22897648	22897815	4	2	2	2	d	4	2	2	0.05	0.1	4	2	2	2	2	1	NA	NA	NA	NA	NA	NA	NA	NA	NA	NA	2	2	1	NA	NA	NA	4	1	3
7	22897816	42130047	4	2	2	3	b	6	2	2	0.0334530326727	0.0888917058715	4	2	2	2	2	1	NA	NA	NA	NA	NA	NA	NA	4	2	2	2	2	1	NA	NA	NA	4	1	3
7	42130048	42132771	4	2	2	2	d	4	2	2	0.05	0.1	4	2	2	2	2	1	NA	NA	NA	NA	NA	NA	NA	NA	NA	NA	2	2	1	NA	NA	NA	4	1	3
7	42132772	44260156	4	2	2	3	b	6	2	2	0.0329629597484	0.0905750820246	4	2	2	2	2	1	NA	NA	NA	NA	NA	NA	NA	4	2	2	2	2	1	NA	NA	NA	4	1	3
7	44260157	44261156	4	2	2	2	d	4	2	2	0.05	0.1	4	2	2	2	2	1	NA	NA	NA	NA	NA	NA	NA	NA	NA	NA	2	2	1	NA	NA	NA	4	1	3
7	44261157	57999999	4	2	2	3	b	6	2	2	0.0349500900332	0.122182488893	4	2	2	2	2	1	NA	NA	NA	NA	NA	NA	NA	4	2	2	2	2	1	NA	NA	NA	4	1	3
7	58000000	61699999	4	2	2	2	d	4	2	2	0.05	0.104602758234	4	2	2	2	2	1	NA	NA	NA	NA	NA	NA	NA	4	1	3	2	2	1	NA	NA	NA	4	1	3
7	61700000	64447809	4	2	2	2	d	4	2	2	0.0450644415647	0.17154254477	4.204843	2.102421709	2.1024217	2	2	1	NA	NA	NA	NA	NA	NA	NA	4	2	2	2	2	1	NA	NA	NA	4	1	3
7	64447810	64450146	4	2	2	2	f	3	2	2	0.05	0.1	4.204843	2.102421709	2.1024217	2	0	1	NA	NA	NA	NA	NA	NA	NA	NA	NA	NA	2	2	1	NA	NA	NA	3	0	3
7	64450147	68552248	4	2	2	3	b	6	2	2	0.0309148987828	0.094442168767	4	2	2	2	2	1	NA	NA	NA	NA	NA	NA	NA	4	2	2	2	2	1	NA	NA	NA	4	1	3
7	68552249	68554334	2	2	0	1	g	NA	2	2	0.05	0.1	4	2	2	2	0	1	NA	NA	NA	NA	NA	NA	NA	3	1	2	2	2	1	NA	NA	NA	1	0	1
7	68554335	100671966	4	2	2	3	b	6	2	2	0.0327157800689	0.0994616847887	4	2	2	2	2	1	NA	NA	NA	NA	NA	NA	NA	4	2	2	2	2	1	NA	NA	NA	4	1	3
7	100671967	100673171	4	2	2	2	d	4	2	2	0.05	0.1	4	2	2	2	2	1	NA	NA	NA	NA	NA	NA	NA	NA	NA	NA	2	2	1	NA	NA	NA	4	1	3
7	100673172	107161736	4	2	2	3	b	6	2	2	0.0381304714865	0.10227757818	4	2	2	2	2	1	NA	NA	NA	NA	NA	NA	NA	4	2	2	2	2	1	NA	NA	NA	4	1	3
7	107161737	159138662	2	2	0	2	d	4	2	0	0.0605793272445	0.0821565889782	2	0	2	2	0	1	NA	NA	NA	NA	NA	NA	NA	2	0	2	2	0	0.522974	1	0	0.477026	1	0	1
8	155687	5029083	4	2	2	3	b	6	2	2	0.0388270185263	0.104378790111	4	2	2	2	2	1	NA	NA	NA	NA	NA	NA	NA	4	2	2	2	2	1	NA	NA	NA	4	1	3
8	5029084	36514433	2	2	0	2	d	4	2	0	0.0603932803544	0.0984343349193	2	0	2	2	0	1	NA	NA	NA	NA	NA	NA	NA	2	0	2	2	0	0.510222	1	0	0.489778	1	0	1
8	36514434	37470340	4	2	2	2	d	3	1.67	1.67	0.0376241715662	0.0850873253432	4	2	2	2	1	0.212919517758229	2	2	0.787080482241771	0.0529762386921246	0.0546197742511631	0.0320118073471986	0.24565727404746	4	2	2	2	2	1	NA	NA	NA	4	1	3
8	37470341	37473650	4	2	2	2	e	3	1.67	1.67	0.05	0.1	4	2	2	2	0	1	NA	NA	NA	NA	NA	NA	NA	1	0	1	2	2	1	NA	NA	NA	0	0	0
8	37473651	43099999	4	2	2	2	d	4	1.67	1.67	0.0349330901973	0.104152609964	4	2	2	2	2	1	NA	NA	NA	NA	NA	NA	NA	4	2	2	2	2	1	NA	NA	NA	4	1	3
8	43100000	48099999	4	2	2	2	d	4	1.67	1.67	0.05	0.144372416772	4	2	2	2	2	1	NA	NA	NA	NA	NA	NA	NA	4	2	2	2	2	1	NA	NA	NA	4	1	3
8	48100000	58512399	4	2	2	2	d	4	1.67	1.67	0.0331238679517	0.0932011908899	4	2	2	2	2	1	NA	NA	NA	NA	NA	NA	NA	4	2	2	2	2	1	NA	NA	NA	4	1	3
8	58512400	58512445	4	2	2	2	e	3	1.67	1.67	0.05	0.1	4	2	2	NA	NA	NA	NA	NA	NA	NA	NA	NA	NA	1	0	1	2	2	1	NA	NA	NA	4	1	3
8	58512446	58515051	2	2	0	1	g	NA	1.67	1.67	0.05	0.1	NA	NA	NA	2	0	1	NA	NA	NA	NA	NA	NA	NA	1	0	1	2	0	0.599386	1	0	0.400614	0	0	0
8	58515052	58515292	1	1	0	2	f	2	NA	NA	NA	NA	NA	NA	NA	NA	NA	NA	NA	NA	NA	NA	NA	NA	NA	1	0	1	2	0	0.599386	1	0	0.400614	0	0	0
8	58515293	58516534	1	1	0	2	f	2	NA	NA	NA	NA	NA	NA	NA	1	1	0.185402411208855	2	1	0.814597588791145	NA	0	0.185402411208855	0.185402411208855	1	0	1	2	0	0.599386	1	0	0.400614	0	0	0
8	58516535	58531050	3	2	1	2	d	2	1.49	0	0.05	0.1	NA	NA	NA	2	1	1	NA	NA	NA	NA	NA	NA	NA	3	1	2	2	0	0.599386	1	0	0.400614	1	0	1
8	58531051	58531321	2	2	0	2	f	2	1.49	0	0.05	0.1	NA	NA	NA	NA	NA	NA	NA	NA	NA	NA	NA	NA	NA	NA	NA	NA	2	0	0.599386	1	0	0.400614	1	0	1
8	58531322	59075833	2	2	0	2	d	3	1.49	0	0.0736762709187	0.0681432427096	2	0	2	2	0	1	NA	NA	NA	NA	NA	NA	NA	2	0	2	2	0	0.599386	1	0	0.400614	1	0	1
8	59075834	59078068	4	3	1	2	d	2	NA	NA	NA	NA	2	0	2	3	1	1	NA	NA	NA	NA	NA	NA	NA	NA	NA	NA	2	0	0.599386	1	0	0.400614	4	1	3
8	59078069	64754804	6	4	2	2	d	4	3	1.49	0.0475896903264	0.0947211521033	6	2	4	4	2	1	NA	NA	NA	NA	NA	NA	NA	6	2	4	4	2	1	NA	NA	NA	7	2	5
8	64754805	64755720	6	4	2	2	d	3	3	1.49	0.05	0.1	6	2	4	4	2	1	NA	NA	NA	NA	NA	NA	NA	NA	NA	NA	4	2	1	NA	NA	NA	7	2	5
8	64755721	75808129	6	4	2	2	d	4	3	1.49	0.0485473831517	0.0986257040176	6	2	4	4	2	1	NA	NA	NA	NA	NA	NA	NA	6	2	4	4	2	1	NA	NA	NA	7	2	5
8	75808130	75809843	2	2	0	1	g	NA	3	1.49	0.05	0.1	6	2	4	2	0	1	NA	NA	NA	NA	NA	NA	NA	4	1	3	4	2	1	NA	NA	NA	3	0	3
8	75809844	109784556	6	4	2	2	d	4	3	1.49	0.046844206138	0.0960587631547	6	2	4	4	2	1	NA	NA	NA	NA	NA	NA	NA	6	2	4	4	2	1	NA	NA	NA	7	2	5
8	109784557	109790166	5	3	2	2	e	2	3	1.34	0.05	0.1	6	2	4	2	2	1	NA	NA	NA	NA	NA	NA	NA	5	2	3	4	2	1	NA	NA	NA	4	2	2
8	109790167	110882856	6	4	2	2	d	4	3	1.34	0.0463954822456	0.0894108410158	6	2	4	4	2	1	NA	NA	NA	NA	NA	NA	NA	6	2	4	4	2	1	NA	NA	NA	7	2	5
8	110882857	110884020	6	4	2	2	d	3	3	1.49	0.05	0.1	6	2	4	4	2	1	NA	NA	NA	NA	NA	NA	NA	NA	NA	NA	4	2	1	NA	NA	NA	7	2	5
8	110884021	119880977	6	4	2	2	d	4	3	1.49	0.0462743195283	0.0954651130378	6	2	4	4	2	1	NA	NA	NA	NA	NA	NA	NA	6	2	4	4	2	1	NA	NA	NA	7	2	5
8	119880978	138343333	6	4	2	2	d	4	3	1.49	0.0473369409349	0.100703759654	6	2	4	4	2	1	NA	NA	NA	NA	NA	NA	NA	6	2	4	4	2	1	NA	NA	NA	7	2	5
8	138343334	138344809	6	4	2	2	d	3	3	1.49	0.05	0.1	6	2	4	4	2	1	NA	NA	NA	NA	NA	NA	NA	NA	NA	NA	4	2	1	NA	NA	NA	7	2	5
8	138344810	146364021	6	4	2	2	d	4	3	1.49	0.0476935266503	0.109020288416	6	2	4	4	2	1	NA	NA	NA	NA	NA	NA	NA	6	2	4	4	2	1	NA	NA	NA	7	2	5
9	153761	29488460	2	2	0	2	d	3	2	0.22	0.0600670485237	0.0790921912199	2	0	2	2	0	1	NA	NA	NA	NA	NA	NA	NA	2	0	2	2	0	0.503362	1	0	0.496638	1	0	1
9	29488461	29490548	3	3	0	2	e	0	2	0.22	0.05	0.1	2	0	2	1	0	1	NA	NA	NA	NA	NA	NA	NA	1	0	1	2	0	0.503362	1	0	0.496638	0	0	0
9	29490549	44730773	2	2	0	2	d	3	2	0.22	0.0590228705556	0.0996377502573	2	0	2	2	0	1	NA	NA	NA	NA	NA	NA	NA	2	0	2	2	0	0.522974	1	0	0.477026	1	0	1
9	44730774	47299999	2	2	0	2	d	3	2	0.22	0.05	0.392288386728	2	0	2	2	0	1	NA	NA	NA	NA	NA	NA	NA	1	0	1	2	0	1	NA	NA	NA	1	0	1
9	47300000	50699999	NA	NA	NA	NA	NA	NA	2	0.22	0.05	0.1	NA	NA	NA	NA	NA	NA	NA	NA	NA	NA	NA	NA	NA	1	0	1	2	0	1	NA	NA	NA	1	0	1
9	50700000	66506724	3	2	1	2	f	1	2	0.22	0.05	0.116948880756	NA	NA	NA	NA	NA	NA	NA	NA	NA	NA	NA	NA	NA	NA	NA	NA	2	0	1	NA	NA	NA	1	0	1
9	66506725	106594577	2	2	0	2	d	3	2	0.22	0.0608868828083	0.0840805479065	2	0	2	2	0	1	NA	NA	NA	NA	NA	NA	NA	2	0	2	2	0	0.522974	1	0	0.477026	1	0	1
9	106594578	106596635	1	1	0	1	g	NA	2	0.22	0.05	0.1	2	0	2	1	0	1	NA	NA	NA	NA	NA	NA	NA	NA	NA	NA	2	0	0.522974	1	0	0.477026	0	0	0
9	106596636	131134396	2	2	0	2	d	3	2	0.22	0.0595349806978	0.0756133069793	2	0	2	2	0	1	NA	NA	NA	NA	NA	NA	NA	2	0	2	2	0	0.522974	1	0	0.477026	1	0	1
9	131134397	131135603	2	2	0	2	d	2	2	0.22	0.05	0.1	2	0	2	2	0	1	NA	NA	NA	NA	NA	NA	NA	NA	NA	NA	2	0	0.522974	1	0	0.477026	1	0	1
9	131135604	136954128	2	2	0	2	d	3	2	0.22	0.0600252024891	0.0942443199221	2	0	2	2	0	1	NA	NA	NA	NA	NA	NA	NA	2	0	2	2	0	0.756638	2	1	0.243362	1	0	1
9	136954129	136955204	2	2	0	2	d	2	2	0.22	0.05	0.1	2	0	2	2	0	1	NA	NA	NA	NA	NA	NA	NA	NA	NA	NA	2	0	0.756638	2	1	0.243362	1	0	1
9	136955205	141213430	2	2	0	2	d	3	2	0.22	0.0663709492136	0.0924759510668	2	0	2	2	0	1	NA	NA	NA	NA	NA	NA	NA	2	0	2	2	0	0.567933	1	0	0.432067	1	0	1
10	135171	9777076	3	2	1	3	b	6	2	1	0.0478479620075	0.0950294290307	3	1	2	2	1	1	NA	NA	NA	NA	NA	NA	NA	3	1	2	2	1	1	NA	NA	NA	2	0	2
10	9777077	9779322	3	2	1	2	d	4	2	1	0.05	0.1	3	1	2	4	0	1	NA	NA	NA	NA	NA	NA	NA	3	1	2	2	1	1	NA	NA	NA	0	0	0
10	9779323	37999999	3	2	1	3	b	6	2	1	0.0484304545008	0.0885234761418	3	1	2	2	1	1	NA	NA	NA	NA	NA	NA	NA	3	1	2	2	1	1	NA	NA	NA	2	0	2
10	38000000	42635637	NA	NA	NA	NA	NA	NA	2	1	0.0455925319853	0.16315775951	3	1	2	NA	NA	NA	NA	NA	NA	NA	NA	NA	NA	3	1	2	2	1	1	NA	NA	NA	2	0	2
10	42635638	77436610	3	3	0	2	d	4	3	0	0.0548760469209	0.0895392770207	3	0	3	3	0	1	NA	NA	NA	NA	NA	NA	NA	3	0	3	3	0	0.222164	2	0	0.777836	2	0	2
10	77436611	77439749	3	3	0	2	d	3	3	0	0.05	0.1	3	0	3	3	0	1	NA	NA	NA	NA	NA	NA	NA	NA	NA	NA	3	0	0.222164	2	0	0.777836	2	0	2
10	77439750	135534746	3	3	0	2	d	4	3	0	0.0546073941852	0.101541534808	3	0	3	3	0	1	NA	NA	NA	NA	NA	NA	NA	3	0	3	3	0	0.222164	2	0	0.777836	2	0	2
11	197337	17961111	4	2	2	3	b	6	2	2	0.0388984054972	0.114401895253	4	2	2	2	2	1	NA	NA	NA	NA	NA	NA	NA	4	2	2	2	2	1	NA	NA	NA	4	1	3
11	17961112	17964556	4	2	2	2	d	3	2	2	0.05	0.1	4	2	2	2	0	0.703356142065819	2	1	0.296643857934181	NA	0	0.703356142065819	0.703356142065819	NA	NA	NA	2	2	1	NA	NA	NA	1	0	1
11	17964557	35060198	4	2	2	3	b	6	2	2	0.0378026426185	0.0931508181134	4	2	2	2	2	1	NA	NA	NA	NA	NA	NA	NA	4	2	2	2	2	1	NA	NA	NA	4	1	3
11	35060199	35318517	6	4	2	3	b	6	4	2	0.0351905384292	0.0967762505905	6	2	4	4	2	1	NA	NA	NA	NA	NA	NA	NA	6	2	4	4	2	1	NA	NA	NA	7	2	5
11	35318518	51599999	4	2	2	3	b	6	2	2	0.0348028207957	0.100583104088	4	2	2	2	2	1	NA	NA	NA	NA	NA	NA	NA	4	2	2	2	2	1	NA	NA	NA	4	1	3
11	51600000	55699999	4	2	2	2	d	4	2	2	0.0342318799774	0.149685844624	4.186058	2.093028984	2.093029	2	2	1	NA	NA	NA	NA	NA	NA	NA	4	2	2	2	2	1	NA	NA	NA	4	1	3
11	55700000	78634763	4	2	2	3	b	6	2	2	0.0347096821185	0.110392582975	4	2	2	2	2	1	NA	NA	NA	NA	NA	NA	NA	4	2	2	2	2	1	NA	NA	NA	4	1	3
11	78634764	78638289	4	2	2	2	d	3	2	2	0.05	0.1	4	2	2	1	0	1	NA	NA	NA	NA	NA	NA	NA	NA	NA	NA	2	2	1	NA	NA	NA	1	0	1
11	78638290	94510098	4	2	2	3	b	6	2	2	0.0333881182177	0.105271850478	4	2	2	2	2	1	NA	NA	NA	NA	NA	NA	NA	4	2	2	2	2	1	NA	NA	NA	4	1	3
11	94510099	105604699	6	4	2	2	d	4	3.51	2	0.0495529383978	0.105868361278	6	2	4	4	2	1	NA	NA	NA	NA	NA	NA	NA	6	2	4	4	2	1	NA	NA	NA	7	2	5
11	105604700	105605894	6	4	2	2	d	2	NA	NA	NA	NA	6	2	4	NA	NA	NA	NA	NA	NA	NA	NA	NA	NA	NA	NA	NA	4	2	1	NA	NA	NA	7	2	5
11	105605895	106760452	10	8	2	2	f	2	14	2	0.0326335364631	0.13293011534	9.819945	2.004465522	7.8154791	8	2	1	NA	NA	NA	NA	NA	NA	NA	8	1	7	8	2	1	NA	NA	NA	12	0	12
11	106760453	106761749	11	8	3	2	f	2	14	2	0.05	0.1	9.819945	2.004465522	7.8154791	8	3	1	NA	NA	NA	NA	NA	NA	NA	NA	NA	NA	8	2	1	NA	NA	NA	9	1	8
11	106761750	109511201	10	8	2	2	f	2	14	2	0.0410825196908	0.139729349833	9.831213	2.016030622	7.8151826	8	2	1	NA	NA	NA	NA	NA	NA	NA	8	2	6	8	2	1	NA	NA	NA	13	0	13
11	109511202	109522518	5	3	2	1	g	NA	14	2	0.05	0.1	9.831213	2.016030622	7.8151826	3	2	1	NA	NA	NA	NA	NA	NA	NA	6	2	4	3	3	1	NA	NA	NA	7	2	5
11	109522519	128529625	2	2	0	2	d	4	2	0	0.0594326683067	0.0745659822205	2	0	2	2	0	1	NA	NA	NA	NA	NA	NA	NA	2	0	2	2	0	0.503362	1	0	0.496638	1	0	1
11	128529626	128531341	1	1	0	1	g	NA	2	0	0.05	0.1	2	0	2	1	0	1	NA	NA	NA	NA	NA	NA	NA	1	0	1	2	0	0.503362	1	0	0.496638	0	0	0
11	128531342	129144047	2	2	0	2	d	4	2	0	0.0579408174394	0.0778114683537	2	0	2	2	0	1	NA	NA	NA	NA	NA	NA	NA	2	0	2	2	0	0.510222	1	0	0.489778	1	0	1
11	129144048	129165720	0	0	0	2	d	3	0	0	0.05	0.1	2	0	2	0	0	1	NA	NA	NA	NA	NA	NA	NA	NA	NA	NA	2	0	0.480483	1	0	0.519517	0	0	0
11	129165721	135006515	2	2	0	2	d	4	2	0	0.0611431595268	0.0749585127689	2	0	2	2	0	1	NA	NA	NA	NA	NA	NA	NA	2	0	2	2	0	0.480483	1	0	0.519517	1	0	1
12	110107	12094020	4	2	2	3	b	6	2	2	0.0355915944848	0.108604300996	4	2	2	2	2	1	NA	NA	NA	NA	NA	NA	NA	4	2	2	2	2	1	NA	NA	NA	4	1	3
12	12094021	12095136	4	2	2	2	d	4	2	2	0.05	0.1	4	2	2	2	2	1	NA	NA	NA	NA	NA	NA	NA	NA	NA	NA	2	2	1	NA	NA	NA	4	1	3
12	12095137	25662910	4	2	2	3	b	6	2	2	0.0348537434332	0.0856159005744	4	2	2	2	2	1	NA	NA	NA	NA	NA	NA	NA	4	2	2	2	2	1	NA	NA	NA	4	1	3
12	25662911	25663053	4	2	2	2	d	4	2	2	0.05	0.1	4	2	2	2	2	1	NA	NA	NA	NA	NA	NA	NA	NA	NA	NA	2	2	1	NA	NA	NA	4	1	3
12	25663054	33299999	4	2	2	3	b	6	2	2	0.0385242846933	0.0919665130215	4	2	2	2	2	1	NA	NA	NA	NA	NA	NA	NA	4	2	2	2	2	1	NA	NA	NA	4	1	3
12	33300000	38199999	4	2	2	2	d	3	2	2	0.0326139169729	0.126446538377	4.126155	2.063077345	2.0630773	NA	NA	NA	NA	NA	NA	NA	NA	NA	NA	4	2	2	2	2	1	NA	NA	NA	4	1	3
12	38200000	99705800	4	2	2	3	b	6	2	2	0.0347928709778	0.102746552501	4	2	2	2	2	1	NA	NA	NA	NA	NA	NA	NA	4	2	2	2	2	1	NA	NA	NA	4	1	3
12	99705801	99706654	4	2	2	2	d	4	2	2	0.05	0.1	4	2	2	2	2	1	NA	NA	NA	NA	NA	NA	NA	NA	NA	NA	2	2	1	NA	NA	NA	4	1	3
12	99706655	100118737	4	2	2	2	d	4	2	2	0.0217075802299	0.126460397704	3.782526	1.891263106	1.8912631	2	2	1	NA	NA	NA	NA	NA	NA	NA	4	2	2	2	2	1	NA	NA	NA	3	1	2
12	100118738	100119796	4	2	2	2	f	3	2	2	0.05	0.1	3.782526	1.891263106	1.8912631	3	0	1	NA	NA	NA	NA	NA	NA	NA	1	0	1	2	2	1	NA	NA	NA	2	0	2
12	100119797	108396091	4	2	2	3	b	6	2	2	0.0349268694109	0.0896148774029	4	2	2	2	2	1	NA	NA	NA	NA	NA	NA	NA	4	2	2	2	2	1	NA	NA	NA	4	1	3
12	108396092	108397499	4	2	2	2	d	4	2	2	0.05	0.1	4	2	2	2	2	1	NA	NA	NA	NA	NA	NA	NA	NA	NA	NA	2	2	1	NA	NA	NA	4	1	3
12	108397500	133851894	4	2	2	3	b	6	2	2	0.0354521809666	0.0942314679316	4	2	2	2	2	1	NA	NA	NA	NA	NA	NA	NA	4	2	2	2	2	1	NA	NA	NA	4	1	3
13	1	16299999	4	3	1	1	h	1	NA	NA	NA	NA	NA	NA	NA	NA	NA	NA	NA	NA	NA	NA	NA	NA	NA	NA	NA	NA	NA	NA	NA	NA	NA	NA	4	1	3
13	16300000	19499999	NA	NA	NA	NA	NA	NA	2	2	0.0290417989724	0.103347678768	NA	NA	NA	2	2	1	NA	NA	NA	NA	NA	NA	NA	NA	NA	NA	2	2	1	NA	NA	NA	4	1	3
13	19500000	55153718	4	2	2	3	b	6	2	2	0.0353112442444	0.091574235161	4	2	2	2	2	1	NA	NA	NA	NA	NA	NA	NA	4	2	2	2	2	1	NA	NA	NA	4	1	3
13	55153719	55156895	4	2	2	2	d	4	2	2	0.05	0.1	4	2	2	2	2	1	NA	NA	NA	NA	NA	NA	NA	NA	NA	NA	2	2	1	NA	NA	NA	4	1	3
13	55156896	56898360	4	2	2	3	b	6	2	2	0.0349909370388	0.0853461894933	4	2	2	2	2	1	NA	NA	NA	NA	NA	NA	NA	4	2	2	2	2	1	NA	NA	NA	4	1	3
13	56898361	56901105	4	2	2	2	d	4	2	2	0.05	0.1	4	2	2	2	2	1	NA	NA	NA	NA	NA	NA	NA	NA	NA	NA	2	2	1	NA	NA	NA	4	1	3
13	56901106	58071526	4	2	2	2	d	4	2	2	0.0299614456117	0.125625683061	4.115647	2.057823365	2.0578234	2	2	1	NA	NA	NA	NA	NA	NA	NA	4	2	2	2	2	1	NA	NA	NA	4	1	3
13	58071527	58072774	4	2	2	2	d	3	2	2	0.05	0.1	4.115647	2.057823365	2.0578234	2	2	1	NA	NA	NA	NA	NA	NA	NA	NA	NA	NA	2	2	1	NA	NA	NA	4	1	3
13	58072775	91122571	4	2	2	3	b	6	2	2	0.0349130411348	0.0891874004695	4	2	2	2	2	1	NA	NA	NA	NA	NA	NA	NA	4	2	2	2	2	1	NA	NA	NA	4	1	3
13	91122572	91389954	4	2	2	3	b	6	2	2	0.0258225572047	0.0782177209898	4	2	2	2	2	1	NA	NA	NA	NA	NA	NA	NA	4	2	2	2	2	1	NA	NA	NA	4	1	3
13	91389955	115169877	4	2	2	3	b	6	2	2	0.0350128400229	0.101257567553	4	2	2	2	2	1	NA	NA	NA	NA	NA	NA	NA	4	2	2	2	2	1	NA	NA	NA	4	1	3
14	1	16099999	3	2	1	1	h	1	NA	NA	NA	NA	NA	NA	NA	NA	NA	NA	NA	NA	NA	NA	NA	NA	NA	NA	NA	NA	NA	NA	NA	NA	NA	NA	3	1	2
14	16100000	19099999	NA	NA	NA	NA	NA	NA	NA	NA	NA	NA	NA	NA	NA	NA	NA	NA	NA	NA	NA	NA	NA	NA	NA	NA	NA	NA	3	0	1	NA	NA	NA	3	1	2
14	19100000	20214652	4	4	0	1	h	1	2	2	0.05	0.548508248286	NA	NA	NA	NA	NA	NA	NA	NA	NA	NA	NA	NA	NA	NA	NA	NA	4	0	1	NA	NA	NA	3	1	2
14	20214653	44503599	4	2	2	2	d	3	2	2	0.0367302966552	0.0975113486917	3.714587	1.857293694	1.8572937	2	1	0.25550342130987	2	2	0.74449657869013	0.00872962297858926	0.00864335544375935	0.233705405832369	0.267068354528598	4	2	2	2	2	1	NA	NA	NA	3	1	2
14	44503600	44563064	2	2	0	2	d	3	2	0	0.05	0.0897504893802	2.294549	0.12986615	2.1646831	2	0	1	NA	NA	NA	NA	NA	NA	NA	2	0	2	2	0	0.729628	2	1	0.270372	1	0	1
14	44563065	45054268	4	2	2	2	d	3	2	2	0.0381073787459	0.0807042381636	3.770186	1.885092743	1.8850927	2	2	1	NA	NA	NA	NA	NA	NA	NA	3	1	2	2	2	1	NA	NA	NA	3	1	2
14	45054269	45055979	4	2	2	2	d	2	2	2	0.05	0.1	3.770186	1.885092743	1.8850927	NA	NA	NA	NA	NA	NA	NA	NA	NA	NA	NA	NA	NA	2	2	1	NA	NA	NA	3	1	2
14	45055980	53905560	4	2	2	2	d	3	2	2	0.0345545269305	0.0857023227929	3.725012	1.862506164	1.8625062	2	1	0.362416200439532	2	2	0.637583799560468	0.0116315118054002	0.0120633913000781	0.325416489296459	0.373389308389757	4	2	2	2	2	1	NA	NA	NA	3	1	2
14	53905561	56930035	5	3	2	2	d	3	3	2	0.042251047827	0.132467964015	5.371438	2.025984487	3.3454536	3	2	0.712579660066525	4	2	0.287420339933475	0.0381387595497319	0.038002417794367	0.654752629045643	0.806299291334135	5	2	3	3	2	1	NA	NA	NA	6	2	4
14	56930036	57201700	4	2	2	2	d	3	2	2	0.0397858860302	0.101987446289	3.789845	1.894922311	1.8949223	2	1	0.207726358788513	2	2	0.792273641211487	0.0642068604697547	0.0646881187488019	0.0586394781339204	0.314902166691919	4	2	2	2	2	1	NA	NA	NA	4	1	3
14	57201701	61030274	5	3	2	2	d	3	3	2	0.0410112328677	0.0999874387965	5.346937	2.020407351	3.3265296	3	2	0.66164874551972	4	2	0.33835125448028	0.0281999203270429	0.0268621268146382	0.700851571208833	0.804995149599439	5	2	3	3	2	1	NA	NA	NA	6	2	4
14	61030275	61589112	4	2	2	2	d	4	2	2	0.0331425521996	0.0897787087886	3.679613	1.839806519	1.8398065	2	2	1	NA	NA	NA	NA	NA	NA	NA	4	2	2	2	2	1	NA	NA	NA	3	1	2
14	61589113	65514173	5	3	2	2	d	3	3	2	0.0489375692177	0.102826684591	5.364981	2.039436036	3.3255447	3	2	0.747532248481018	4	2	0.252467751518982	0.0328874780163946	0.0326788051157814	0.674675813742441	0.801291910885265	5	2	3	3	2	1	NA	NA	NA	6	2	4
14	65514174	70071049	4	2	2	2	d	3	2	2	0.037679481732	0.093480162247	3.719038	1.859519025	1.859519	2	1	0.311589538182773	2	2	0.688410461817227	0.0219394631605508	0.021831991814959	0.273612118631576	0.35732586579421	4	2	2	2	2	1	NA	NA	NA	4	1	3
14	70071050	70462503	5	3	2	1	g	NA	3	2	0.0453991053529	0.100721894498	5.352641	1.978773667	3.3738671	3	2	0.616023134571513	4	2	0.383976865428487	0.0965170065655394	0.0989264169622545	0.381916646486616	0.778166206209467	5	2	3	2	2	1	NA	NA	NA	6	2	4
14	70462504	73181327	4	2	2	2	d	3	2	2	0.0339687476689	0.0907983022276	3.720453	1.860226672	1.8602267	2	1	0.345274893661986	2	2	0.654725106338014	0.0249350257496287	0.0248622818819651	0.291857778642906	0.391738707388498	4	2	2	2	2	1	NA	NA	NA	4	1	3
14	73181328	73207723	5	3	2	2	f	2	3	3	0.05	0.1	3.720453	1.860226672	1.8602267	3	2	1	NA	NA	NA	NA	NA	NA	NA	5	1	4	3	2	1	NA	NA	NA	6	2	4
14	73207724	73581631	4	2	2	2	d	3	2	2	0.0514726124964	0.10206475747	3.696823	1.848411345	1.8484113	2	1	0.431302196674319	2	2	0.568697803325681	0.0748677019023376	0.073103357498015	0.27494504210877	0.582191249567731	4	2	2	2	2	1	NA	NA	NA	4	1	3
14	73581632	74673308	5	3	2	2	f	3	3	2	0.0435794439851	0.100026088349	5.411798	2.067122924	3.3446747	3	2	0.722482893450632	4	2	0.277517106549368	0.0576363660533166	0.058742038605161	0.667241493736699	0.899344594522523	6	3	3	2	2	1	NA	NA	NA	6	2	4
14	74673309	77855445	4	2	2	2	d	3	2	2	0.03780139475	0.0910006020214	3.693198	1.846598741	1.8465987	2	1	0.283892690344305	2	2	0.716107309655695	0.0262251211187889	0.0254770006627607	0.259464390680767	0.353807486120462	4	2	2	2	2	1	NA	NA	NA	4	1	3
14	77855446	78306444	5	3	2	2	d	3	3	2	0.0475025742492	0.0931656074153	5.196199	1.944010521	3.2521889	3	2	0.738254709580875	4	2	0.261745290419125	0.077083595486361	0.0775862984198877	0.60934029047234	0.900485660434755	5	2	3	3	2	1	NA	NA	NA	6	2	4
14	78306445	78896528	4	2	2	2	d	3	2	2	0.037492400623	0.0784896775532	3.613246	1.80662303	1.806623	2	1	0.327622824149185	2	2	0.672377175850815	0.0117475583039486	0.0118642024349021	0.303648572239372	0.350087075651641	4	2	2	2	2	1	NA	NA	NA	3	1	2
14	78896529	78990540	4	2	2	2	f	3	NA	NA	NA	NA	3.613246	1.80662303	1.806623	2	1	0.327622824149185	2	2	0.672377175850815	0.0117475583039486	0.0118642024349021	0.303648572239372	0.350087075651641	NA	NA	NA	2	2	1	NA	NA	NA	3	1	2
14	78990541	88788800	4	2	2	2	d	3	2	2	0.0387162462539	0.0843475487045	3.707644	1.853822272	1.8538223	2	1	0.327622824149185	2	2	0.672377175850815	0.0117475583039486	0.0118642024349021	0.303648572239372	0.350087075651641	4	2	2	2	2	1	NA	NA	NA	3	1	2
14	88788801	88791104	4	2	2	2	d	2	2	2	0.05	0.1	3.707644	1.853822272	1.8538223	2	1	0.327622824149185	2	2	0.672377175850815	0.0117475583039486	0.0118642024349021	0.303648572239372	0.350087075651641	NA	NA	NA	2	2	1	NA	NA	NA	3	1	2
14	88791105	90782890	4	2	2	2	d	3	2	2	0.0422753902707	0.0870817158608	3.718978	1.85948898	1.859489	2	1	0.327622824149185	2	2	0.672377175850815	0.0117475583039486	0.0118642024349021	0.303648572239372	0.350087075651641	4	2	2	2	2	1	NA	NA	NA	4	1	3
14	90782891	90789258	4	2	2	2	f	3	2	2	0.05	0.1	3.718978	1.85948898	1.859489	2	0	1	NA	NA	NA	NA	NA	NA	NA	NA	NA	NA	2	2	1	NA	NA	NA	0	0	0
14	90789259	91792978	4	2	2	2	d	3	2	2	0.0488681251676	0.125129260286	3.67894	1.839470091	1.8394701	2	1	0.315436322604778	2	2	0.684563677395222	0.0399587971150805	0.0401972442429235	0.244547091734648	0.407199706228967	4	2	2	2	2	1	NA	NA	NA	4	1	3
14	91792979	106312500	2	2	0	2	d	4	2	0	0.0629572109443	0.0922103364638	2	0	2	2	0	1	NA	NA	NA	NA	NA	NA	NA	2	0	2	2	0	0.545124	1	0	0.454876	1	0	1
14	106312501	107349539	2	2	0	2	d	4	2	0	0.0759107223083	0.1	2	0	2	2	0	1	NA	NA	NA	NA	NA	NA	NA	2	0	2	2	0	0.571963	1	0	0.428037	1	0	1
15	1	15799999	3	2	1	1	h	1	NA	NA	NA	NA	NA	NA	NA	NA	NA	NA	NA	NA	NA	NA	NA	NA	NA	NA	NA	NA	NA	NA	NA	NA	NA	NA	3	1	2
15	15800000	20699999	3	2	1	2	d	2	3	0	0.05	0.280820039859	NA	NA	NA	2	1	1	NA	NA	NA	NA	NA	NA	NA	NA	NA	NA	3	1	0.957241	2	1	0.0427593	3	1	2
15	20700000	21167769	3	2	1	2	d	2	NA	NA	NA	NA	NA	NA	NA	2	1	1	NA	NA	NA	NA	NA	NA	NA	NA	NA	NA	3	0	1	NA	NA	NA	3	1	2
15	21167770	53096755	3	2	1	2	d	5	2	1.22	0.0488436648248	0.109490285832	3	1	2	2	1	1	NA	NA	NA	NA	NA	NA	NA	3	1	2	2	1	1	NA	NA	NA	3	1	2
15	53096756	53099364	3	2	1	2	d	3	2	1.22	0.05	0.1	3	1	2	2	1	0.370804822417726	3	1	0.629195177582274	NA	0	0.370804822417726	0.370804822417726	NA	NA	NA	2	1	1	NA	NA	NA	3	1	2
15	53099365	91615460	3	2	1	2	d	5	2	1.22	0.049319923923	0.0865665934604	3	1	2	2	1	1	NA	NA	NA	NA	NA	NA	NA	3	1	2	2	1	1	NA	NA	NA	3	1	2
15	91615461	91628979	4	2	2	2	e	3	2	1.22	0.05	0.1	3	1	2	2	2	1	NA	NA	NA	NA	NA	NA	NA	NA	NA	NA	2	1	1	NA	NA	NA	4	2	2
15	91628980	98891205	3	2	1	2	d	5	2	1.22	0.0481514012177	0.0924912083649	3	1	2	2	1	1	NA	NA	NA	NA	NA	NA	NA	3	1	2	2	1	1	NA	NA	NA	3	1	2
15	98891206	98891471	3	2	1	2	d	4	2	1.22	0.05	0.1	3	1	2	2	1	1	NA	NA	NA	NA	NA	NA	NA	NA	NA	NA	2	1	1	NA	NA	NA	3	1	2
15	98891472	98955638	3	2	1	2	d	4	2	1.22	0.0393734422623	0.0525742721695	3	1	2	2	1	1	NA	NA	NA	NA	NA	NA	NA	3	1	2	2	1	1	NA	NA	NA	2	0	2
15	98955639	98956514	3	2	1	2	d	3	NA	NA	NA	NA	3	1	2	3	2	1	NA	NA	NA	NA	NA	NA	NA	1	0	1	2	1	1	NA	NA	NA	3	1	2
15	98956515	98956526	3	2	1	1	h	1	NA	NA	NA	NA	NA	NA	NA	NA	NA	NA	NA	NA	NA	NA	NA	NA	NA	NA	NA	NA	2	1	1	NA	NA	NA	4	1	3
15	98956527	98965861	4	2	2	1	g	NA	NA	NA	NA	NA	NA	NA	NA	2	2	1	NA	NA	NA	NA	NA	NA	NA	3	1	2	2	2	1	NA	NA	NA	4	1	3
15	98965862	98966216	8	6	2	1	g	NA	NA	NA	NA	NA	NA	NA	NA	6	2	1	NA	NA	NA	NA	NA	NA	NA	NA	NA	NA	2	2	1	NA	NA	NA	4	1	3
15	98966217	99043024	4	2	2	3	b	6	2	2	0.05	0.0938958487612	4	2	2	2	2	1	NA	NA	NA	NA	NA	NA	NA	4	2	2	2	2	1	NA	NA	NA	4	1	3
15	99043025	102429049	3	2	1	3	a	6	2	1	0.0493773633186	0.0911199858936	3	1	2	2	1	1	NA	NA	NA	NA	NA	NA	NA	3	1	2	2	1	1	NA	NA	NA	3	1	2
16	84870	8491542	4	2	2	3	b	6	2	2	0.0351623153832	0.109793143996	4	2	2	2	2	1	NA	NA	NA	NA	NA	NA	NA	4	2	2	2	2	1	NA	NA	NA	4	1	3
16	8491543	13129768	3	2	1	3	b	6	2	1	0.0495156979374	0.0936903916574	3	1	2	2	1	1	NA	NA	NA	NA	NA	NA	NA	3	1	2	2	1	1	NA	NA	NA	3	0	3
16	13129769	14645375	4	2	2	2	d	4	2	2	0.0384135588222	0.111858587412	4.1971	2.098550209	2.0985502	2	2	1	NA	NA	NA	NA	NA	NA	NA	4	2	2	2	2	1	NA	NA	NA	4	1	3
16	14645376	14657095	4	2	2	2	d	3	2	2	0.05	0.1	4.1971	2.098550209	2.0985502	2	2	1	NA	NA	NA	NA	NA	NA	NA	NA	NA	NA	2	2	1	NA	NA	NA	4	1	3
16	14657096	18152485	4	2	2	3	b	6	2	2	0.039260409281	0.109400471954	4	2	2	2	2	1	NA	NA	NA	NA	NA	NA	NA	4	2	2	2	2	1	NA	NA	NA	4	1	3
16	18152486	18735711	4	2	2	2	d	4	2	2	0.05	0.11914646499	4	2	2	2	1	1	NA	NA	NA	NA	NA	NA	NA	4	2	2	2	2	1	NA	NA	NA	4	1	3
16	18735712	23756245	3	2	1	3	b	6	2	1	0.0496700069274	0.118544262362	3	1	2	2	1	1	NA	NA	NA	NA	NA	NA	NA	3	1	2	2	1	1	NA	NA	NA	3	0	3
16	23756246	23860914	3	2	1	2	d	4	1.67	1.67	0.05	0.126317137425	3.048191	1.105819902	1.9423707	2	1	1	NA	NA	NA	NA	NA	NA	NA	3	1	2	2	1	1	NA	NA	NA	3	1	2
16	23860915	26015198	5	3	2	2	d	3	2	2	0.0364447057021	0.0899565061807	4.479521	2.239760509	2.2397605	2	2	0.579589861132019	3	2	0.420410138867981	0.03443811143776	0.0334627812427677	0.512290957309975	0.646319944514925	5	2	3	3	2	1	NA	NA	NA	5	2	3
16	26015199	26018316	5	3	2	2	d	2	2	2	0.05	0.1	4.479521	2.239760509	2.2397605	2	2	0.579589861132019	3	2	0.420410138867981	0.03443811143776	0.0334627812427677	0.512290957309975	0.646319944514925	NA	NA	NA	3	2	1	NA	NA	NA	5	2	3
16	26018317	26222752	4	2	2	2	d	3	2	2	0.0377097523912	0.0743720297166	4.467799	2.233899297	2.2338993	2	2	0.579589861132019	3	2	0.420410138867981	0.03443811143776	0.0334627812427677	0.512290957309975	0.646319944514925	4	2	2	2	2	1	NA	NA	NA	5	2	3
16	26222753	34599999	4	2	2	2	d	3	2	2	0.0426643550477	0.149302897701	3.814299	1.907149576	1.9071496	2	1	0.364819401991815	2	2	0.635180598008185	0.0219727368859697	0.0218828283372033	0.322697756406761	0.409220895053423	4	2	2	2	2	1	NA	NA	NA	4	1	3
16	34600000	38599999	NA	NA	NA	NA	NA	NA	2	2	0.05	0.150945284631	4	2	2	2	1	0.364819401991815	2	2	0.635180598008185	0.0219727368859697	0.0218828283372033	0.322697756406761	0.409220895053423	4	2	2	2	2	1	NA	NA	NA	3	0	3
16	38600000	65852944	2	2	0	2	d	3	2	0.22	0.0604817108339	0.100047671033	2	0	2	2	0	1	NA	NA	NA	NA	NA	NA	NA	2	0	2	2	0	0.522974	1	0	0.477026	3	0	3
16	65852945	65855215	2	2	0	1	h	1	2	0.22	0.05	0.1	2	0	2	0	0	0.548321928967095	1	0	0.451678071032905	NA	0	0.548321928967095	0.548321928967095	NA	NA	NA	2	0	0.522974	1	0	0.477026	0	0	0
16	65855216	79276287	2	2	0	2	d	3	2	0.22	0.0614990663865	0.0846424234829	2	0	2	2	0	1	NA	NA	NA	NA	NA	NA	NA	2	0	2	2	0	0.545124	1	0	0.454876	1	0	1
16	79276288	79278295	3	2	1	2	f	2	2	0.22	0.05	0.1	2	0	2	0	0	1	NA	NA	NA	NA	NA	NA	NA	3	1	2	2	0	0.545124	1	0	0.454876	0	0	0
16	79278296	90354752	2	2	0	2	d	3	2	0.22	0.0601472642528	0.0871976229836	2	0	2	2	0	1	NA	NA	NA	NA	NA	NA	NA	2	0	2	2	0	0.545124	1	0	0.454876	1	0	1
17	366	21988480	2	2	0	2	d	3	2	0.22	0.0622168599642	0.0941074321167	2	0	2	2	0	1	NA	NA	NA	NA	NA	NA	NA	2	0	2	2	0	0.554828	1	0	0.445172	1	0	1
17	21988481	21989112	2	2	0	1	g	1	6	3	0.05	0.1	2	0	2	NA	NA	NA	NA	NA	NA	NA	NA	NA	NA	NA	NA	NA	2	0	0.554828	1	0	0.445172	1	0	1
17	21989113	22199999	9	7	2	1	g	NA	6	3	0.05	0.161378032289	NA	NA	NA	7	2	1	NA	NA	NA	NA	NA	NA	NA	8	2	6	3	2	1	NA	NA	NA	13	2	11
17	22200000	25799999	NA	NA	NA	NA	NA	NA	2	2	0.0322630731896	0.396715215428	4.413292	2.206646203	2.2066462	NA	NA	NA	NA	NA	NA	NA	NA	NA	NA	5	2	3	3	2	1	NA	NA	NA	4	1	3
17	25800000	76189027	4	2	2	3	b	6	2	2	0.0356823659022	0.112165677659	4	2	2	2	2	1	NA	NA	NA	NA	NA	NA	NA	4	2	2	2	2	1	NA	NA	NA	4	1	3
17	76189028	76193494	3	2	1	1	g	NA	2	2	0.05	0.1	4	2	2	2	1	1	NA	NA	NA	NA	NA	NA	NA	3	1	2	2	2	1	NA	NA	NA	2	0	2
17	76193495	81195209	4	2	2	3	b	6	2	2	0.042133999845	0.154468403654	4	2	2	2	2	1	NA	NA	NA	NA	NA	NA	NA	4	2	2	2	2	1	NA	NA	NA	4	1	3
18	27500	125631	5	3	2	1	h	1	3	2	0.05	0.258094277979	NA	NA	NA	NA	NA	NA	NA	NA	NA	NA	NA	NA	NA	4	2	2	3	2	1	NA	NA	NA	6	2	4
18	125632	4213377	5	3	2	3	b	6	3	2	0.0388644190053	0.106069936758	5	2	3	3	2	1	NA	NA	NA	NA	NA	NA	NA	5	2	3	3	2	1	NA	NA	NA	6	2	4
18	4213378	5130482	3	2	1	2	d	2	2	2	0.0374471240141	0.088426051991	3.542693	1.771346646	1.7713466	2	1	0.275133939809035	2	2	0.724866060190965	0.0291196967471864	0.0303084866396996	0.217210211801538	0.335576546156712	3	1	2	2	2	0.839099	2	1	0.160901	3	1	2
18	5130483	5132639	4	2	2	2	e	4	2	2	0.05	0.1	3.542693	1.771346646	1.7713466	2	1	0.275133939809035	2	2	0.724866060190965	0.0291196967471864	0.0303084866396996	0.217210211801538	0.335576546156712	NA	NA	NA	2	2	0.839099	2	1	0.160901	3	1	2
18	5132640	6549963	3	2	1	2	d	2	2	2	0.0423853055084	0.0880194335618	3.518361	1.759180263	1.7591803	2	1	0.275133939809035	2	2	0.724866060190965	0.0291196967471864	0.0303084866396996	0.217210211801538	0.335576546156712	3	1	2	2	2	0.705001	2	1	0.294999	3	1	2
18	6549964	9873178	5	3	2	2	d	4	3	2	0.0405274960878	0.101462469049	5.110984	2.062124211	3.0488596	3	2	1	NA	NA	NA	NA	NA	NA	NA	5	2	3	3	2	1	NA	NA	NA	6	2	4
18	9873179	10391426	4	2	2	2	d	3	2	2	0.0393853574725	0.115072414974	3.648488	1.824243827	1.8242438	2	1	0.362416200439532	2	2	0.637583799560468	0.0550789969073683	0.0542921068161683	0.262128556530193	0.477418723614066	4	2	2	2	2	1	NA	NA	NA	3	1	2
18	10391427	10473725	4	2	2	2	e	3	2.51	2.51	0.05	0.198630780069	4.578747	2.289373261	2.2893733	2	2	1	NA	NA	NA	NA	NA	NA	NA	5	2	3	3	2	1	NA	NA	NA	4	1	3
18	10473726	14119956	4	2	2	2	d	3	2	2	0.0354285411052	0.0932492883056	3.569825	1.784912509	1.7849125	2	1	0.46036652488266	2	2	0.53963347511734	0.019990459048073	0.0193963335199383	0.422733138123162	0.499674255881891	4	2	2	2	2	1	NA	NA	NA	3	1	2
18	14119957	15399999	5	3	2	2	e	0	2	2	0.0343519224412	0.227267147723	3.569825	1.784912509	1.7849125	NA	NA	NA	NA	NA	NA	NA	NA	NA	NA	3	1	2	2	2	1	NA	NA	NA	3	1	2
18	15400000	19180262	NA	NA	NA	NA	NA	NA	2.51	2.51	0.0278098543583	0.132377568021	5.081649	2.203011704	2.8786376	3	2	0.645029216900175	3	3	0.354970783099825	0.119423859522132	0.119053447428833	0.307443462773639	0.749840248654161	5	2	3	3	2	1	NA	NA	NA	3	1	2
18	19180263	20531104	4	2	2	2	d	3	2	2	0.0389308887689	0.0892028145266	3.581927	1.790963481	1.7909635	2	1	0.46036652488266	2	2	0.53963347511734	0.0415053487575704	0.0412574571722523	0.386379201005594	0.546633457544421	4	2	2	2	2	1	NA	NA	NA	3	1	2
18	20531105	22306681	5	3	2	3	b	6	3	2	0.0473275078887	0.100297179321	5	2	3	3	2	1	NA	NA	NA	NA	NA	NA	NA	5	2	3	3	2	1	NA	NA	NA	6	2	4
18	22306682	24968365	3	2	1	2	d	2	2	2	0.0358087860752	0.0871805237465	3.587159	1.793579402	1.7935794	2	1	0.442053024176954	2	2	0.557946975823046	0.0283066885501103	0.0277868190743015	0.406424524145477	0.516300142913115	3	1	2	2	2	0.664296	2	1	0.335704	3	1	2
18	24968366	28680005	2	2	0	2	d	4	2	0	0.0587989038434	0.0722489229868	2	0	2	2	0	1	NA	NA	NA	NA	NA	NA	NA	2	0	2	2	0	0.534553	1	0	0.465447	1	0	1
18	28680006	28902062	3	2	1	2	d	2	2	2	0.0495022706784	0.0878256610796	3.588055	1.794027315	1.7940273	2	1	0.345274893661986	2	2	0.654725106338014	0.0527744594793303	0.0518597341771188	0.24616401213009	0.445118211606325	3	1	2	2	0	0.534553	1	0	0.465447	3	1	2
18	28902063	28903813	5	3	2	2	d	2	4	2	0.05	0.1	3.588055	1.794027315	1.7940273	3	2	1	NA	NA	NA	NA	NA	NA	NA	NA	NA	NA	NA	NA	NA	NA	NA	NA	5	2	3
18	28903814	29045264	7	5	2	2	e	4	4	2	0.040392168631	0.115389916082	6.441185	1.932725557	4.5084592	4	2	0.500510008925168	5	2	0.499489991074832	0.166707212366495	0.159059656863898	0.270855902862266	0.901685116239984	7	2	5	5	2	0.203761	4	2	0.796239	8	1	7
18	29045265	29046210	7	5	2	2	f	2	NA	NA	NA	NA	6.441185	1.932725557	4.5084592	NA	NA	NA	NA	NA	NA	NA	NA	NA	NA	NA	NA	NA	5	2	0.203761	4	2	0.796239	8	1	7
18	29046211	29046472	6	4	2	1	h	1	NA	NA	NA	NA	NA	NA	NA	NA	NA	NA	NA	NA	NA	NA	NA	NA	NA	1	0	1	5	2	0.203761	4	2	0.796239	NA	NA	NA
18	29046473	29047530	6	4	2	1	h	1	3	2	0.05	0.1	NA	NA	NA	NA	NA	NA	NA	NA	NA	NA	NA	NA	NA	1	0	1	5	2	0.203761	4	2	0.796239	NA	NA	NA
18	29047531	29047596	6	4	2	2	f	2	3	2	0.05	0.1	NA	NA	NA	NA	NA	NA	NA	NA	NA	NA	NA	NA	NA	NA	NA	NA	5	2	0.203761	4	2	0.796239	6	2	4
18	29047597	29334242	5	3	2	2	d	4	3	2	0.0465577444757	0.0999105990498	5.108177	2.011041595	3.0971353	3	2	1	NA	NA	NA	NA	NA	NA	NA	5	2	3	3	2	1	NA	NA	NA	6	2	4
18	29334243	30116217	3	2	1	2	d	2	2	2	0.037825777244	0.0868596397884	3.593536	1.796767765	1.7967678	2	1	0.448251616333113	2	2	0.551748383666887	0.0500931595021681	0.0512761008752924	0.331007984020029	0.533545521029719	3	1	2	2	2	0.615623	2	1	0.384377	3	1	2
18	30116218	31028377	2	2	0	2	d	4	2	0	0.045101633162	0.0777375399744	2	0	2	2	0	1	NA	NA	NA	NA	NA	NA	NA	2	0	2	2	0	0.467551	1	0	0.532449	1	0	1
18	31028378	31481324	3	2	1	2	d	2	2	2	0.0343298302271	0.0879915065733	3.641731	1.820865309	1.8208653	2	1	0.399224095796673	2	2	0.600775904203327	0.0566513237409329	0.0532470693609057	0.290969567154463	0.501128553366524	3	1	2	2	2	0.714088	2	1	0.285912	3	1	2
18	31481325	31481369	4	2	2	1	h	1	NA	NA	NA	NA	3.641731	1.820865309	1.8208653	NA	NA	NA	NA	NA	NA	NA	NA	NA	NA	1	0	1	2	2	0.714088	2	1	0.285912	3	1	2
18	31481370	31481460	4	2	2	1	h	1	NA	NA	NA	NA	NA	NA	NA	NA	NA	NA	NA	NA	NA	NA	NA	NA	NA	NA	NA	NA	2	2	0.714088	2	1	0.285912	NA	NA	NA
18	31481461	32128988	2	2	0	2	d	3	2	0	0.0553363044081	0.0634288081639	2.106465	0.051572073	2.0548926	2	0	1	NA	NA	NA	NA	NA	NA	NA	2	0	2	2	0	0.56374	1	0	0.43626	1	0	1
18	32128989	32129218	2	2	0	2	d	2	2	0	0.05	0.1	2.106465	0.051572073	2.0548926	2	0	1	NA	NA	NA	NA	NA	NA	NA	NA	NA	NA	2	0	0.56374	1	0	0.43626	1	0	1
18	32129219	33578306	2	2	0	2	d	3	2	0	0.0524111693612	0.0712852211227	2.05675	0.120526245	1.9362237	2	0	1	NA	NA	NA	NA	NA	NA	NA	2	0	2	2	0	0.496137	1	0	0.503863	1	0	1
18	33578307	34150011	4	2	2	2	d	3	2	2	0.0366941080605	0.0693690312776	3.60107	1.5405329	2.0605369	2	1	0.405560986206147	2	2	0.594439013793853	0.0506670020545131	0.0529837335233932	0.294303799604772	0.497628410850887	4	2	2	2	2	1	NA	NA	NA	3	1	2
18	34150012	34722769	5	3	2	3	a	6	3	2	0.0444005154008	0.105680746016	5	2	3	3	2	1	NA	NA	NA	NA	NA	NA	NA	5	2	3	3	2	1	NA	NA	NA	5	2	3
18	34722770	36234665	3	2	1	2	d	2	2	2	0.036867344197	0.0862982443098	3.503143	1.751571677	1.7515717	2	1	0.456256109481918	2	2	0.543743890518082	0.0313858045517893	0.0313308013072864	0.406726128431701	0.528478406529201	3	1	2	2	2	0.756546	2	1	0.243454	3	1	2
18	36234666	36361125	5	3	2	2	d	4	3	2	0.05	0.0799490323229	5.079262	1.904027061	3.1752352	3	2	1	NA	NA	NA	NA	NA	NA	NA	5	2	3	3	2	1	NA	NA	NA	6	2	4
18	36361126	37577365	6	4	2	2	e	5	4.51	2	0.046780007333	0.107939201778	6.592327	2.063035639	4.5292914	4	2	0.566634082763114	5	2	0.433365917236886	0.0506282168462072	0.0536110172084537	0.408921454948997	0.6238945939918	6	2	4	5	2	0.233401	4	2	0.766599	8	2	6
18	37577366	38688580	5	3	2	3	a	6	3	2	0.0454917601699	0.104341873547	5	2	3	3	2	1	NA	NA	NA	NA	NA	NA	NA	5	2	3	3	2	1	NA	NA	NA	5	2	3
18	38688581	38722687	3	2	1	2	d	2	2	2	0.05	0.1	3.59882	1.799409778	1.7994098	2	1	0.474146162154818	2	2	0.525853837845182	0.189883550118159	0.19299886375944	0.0938496938630572	0.849909635366517	3	1	2	2	2	0.577195	2	1	0.422805	3	1	2
18	38722688	68527618	2	2	0	2	d	3	2	0.22	0.0591606490332	0.0750009840455	2	0	2	2	0	1	NA	NA	NA	NA	NA	NA	NA	2	0	2	2	0	0.510222	1	0	0.489778	1	0	1
18	68527619	68531870	1	1	0	1	g	NA	NA	NA	NA	NA	2	0	2	1	0	1	NA	NA	NA	NA	NA	NA	NA	NA	NA	NA	2	0	0.510222	1	0	0.489778	0	0	0
18	68531871	78077247	2	2	0	2	d	3	2	0.22	0.057318902811	0.0777646299176	2	0	2	2	0	1	NA	NA	NA	NA	NA	NA	NA	2	0	2	2	0	0.545124	1	0	0.454876	1	0	1
19	102500	240553	2	2	0	1	g	1	2	0	0.05	0.1	NA	NA	NA	NA	NA	NA	NA	NA	NA	NA	NA	NA	NA	NA	NA	NA	2	0	0.522974	1	0	0.477026	1	0	1
19	240554	1237773	2	2	0	2	d	3	2	0	0.0650114874043	0.0956107362266	2.131126	0.076502572	2.0546238	2	0	1	NA	NA	NA	NA	NA	NA	NA	2	0	2	2	0	0.522974	1	0	0.477026	1	0	1
19	1237774	1238548	2	2	0	2	f	2	NA	NA	NA	NA	2.131126	0.076502572	2.0546238	4	1	0.5424710817856	4	2	0.4575289182144	NA	0	0.5424710817856	0.5424710817856	NA	NA	NA	2	0	0.522974	1	0	0.477026	5	1	4
19	1238549	1262211	2	2	0	2	d	2	NA	NA	NA	NA	NA	NA	NA	2	0	1	NA	NA	NA	NA	NA	NA	NA	NA	NA	NA	3	0	0.612331	3	1	0.387669	2	0	2
19	1262212	1309094	3	3	0	2	f	2	NA	NA	NA	NA	NA	NA	NA	3	0	1	NA	NA	NA	NA	NA	NA	NA	5	1	4	3	0	0.612331	3	1	0.387669	5	0	5
19	1309095	3361243	2	2	0	2	d	3	2	0.22	0.062909178884	0.100588745259	2.118133	0.016990705	2.1011419	2	0	1	NA	NA	NA	NA	NA	NA	NA	2	0	2	2	0	1	NA	NA	NA	1	0	1
19	3361244	3363396	0	0	0	2	d	2	2	0.22	0.05	0.1	2.118133	0.016990705	2.1011419	0	0	1	NA	NA	NA	NA	NA	NA	NA	NA	NA	NA	2	0	1	NA	NA	NA	0	0	0
19	3363397	24399999	2	2	0	2	d	2	2	0.22	0.0616668923042	0.0884279501419	2.111704	0.059032659	2.052671	2	0	1	NA	NA	NA	NA	NA	NA	NA	2	0	2	2	0	0.730913	2	1	0.269087	1	0	1
19	24400000	28599999	NA	NA	NA	NA	NA	NA	3	1.49	0.041760848243	0.316083745941	5.613434	1.910001482	3.703432	NA	NA	NA	NA	NA	NA	NA	NA	NA	NA	6	2	4	3	2	1	NA	NA	NA	3	0	3
19	28600000	38998968	6	4	2	2	d	4	3.66	2	0.0493809991573	0.136009467947	6	2	4	4	2	1	NA	NA	NA	NA	NA	NA	NA	6	2	4	4	2	1	NA	NA	NA	7	2	5
19	38998969	39278433	6	4	2	2	d	3	3.66	2	0.05	0.12459161663	6	2	4	4	2	1	NA	NA	NA	NA	NA	NA	NA	6	2	4	4	3	0.136877	4	2	0.863123	7	2	5
19	39278434	56266170	6	4	2	2	d	2	3.66	2	0.0487068449411	0.220784276454	6.147987	2.069091894	4.0788947	4	2	1	NA	NA	NA	NA	NA	NA	NA	6	2	4	4	3	0.136877	4	2	0.863123	8	2	6
19	56266171	56266228	6	4	2	1	h	1	3.66	2	0.05	0.1	6.147987	2.069091894	4.0788947	NA	NA	NA	NA	NA	NA	NA	NA	NA	NA	1	0	1	4	3	0.136877	4	2	0.863123	14	0	14
19	56266229	56266971	5	3	2	2	f	1	3.66	2	0.05	0.1	NA	NA	NA	NA	NA	NA	NA	NA	NA	NA	NA	NA	NA	NA	NA	NA	4	3	0.136877	4	2	0.863123	14	0	14
19	56266972	56271256	5	3	2	2	f	1	3.66	2	0.05	0.1	NA	NA	NA	23	0	1	NA	NA	NA	NA	NA	NA	NA	NA	NA	NA	4	3	0.186125	4	2	0.813875	14	0	14
19	56271257	56271567	5	3	2	2	f	1	3.66	2	0.05	0.1	NA	NA	NA	19	0	1	NA	NA	NA	NA	NA	NA	NA	1	0	1	4	3	0.186125	4	2	0.813875	14	0	14
19	56271568	56271817	5	3	2	2	f	1	3.66	2	0.05	0.1	NA	NA	NA	NA	NA	NA	NA	NA	NA	NA	NA	NA	NA	1	0	1	4	3	0.186125	4	2	0.813875	14	0	14
19	56271818	56275970	5	3	2	2	f	1	3.66	2	0.05	0.1	NA	NA	NA	NA	NA	NA	NA	NA	NA	NA	NA	NA	NA	1	0	1	4	3	0.186125	4	2	0.813875	14	0	14
19	56275971	56276523	5	3	2	2	f	1	3.66	2	0.05	0.1	NA	NA	NA	NA	NA	NA	NA	NA	NA	NA	NA	NA	NA	1	0	1	4	3	0.186125	4	2	0.813875	NA	NA	NA
19	56276524	56276851	5	3	2	2	f	1	3.66	2	0.05	0.1	NA	NA	NA	NA	NA	NA	NA	NA	NA	NA	NA	NA	NA	1	0	1	4	3	0.186125	4	2	0.813875	NA	NA	NA
19	56276852	56278594	5	3	2	2	f	1	3.66	2	0.05	0.1	NA	NA	NA	NA	NA	NA	NA	NA	NA	NA	NA	NA	NA	NA	NA	NA	4	3	0.186125	4	2	0.813875	NA	NA	NA
19	56278595	59128982	6	4	2	2	d	2	3.66	2	0.0482137786619	0.125632422514	6.160159	2.100509527	4.0596494	4	2	1	NA	NA	NA	NA	NA	NA	NA	6	2	4	4	3	0.186125	4	2	0.813875	7	2	5
20	60479	12116497	4	2	2	2	d	4	2	2	0.0347398647489	0.0912350252086	4	2	2	NA	NA	NA	NA	NA	NA	NA	NA	NA	NA	4	2	2	2	2	1	NA	NA	NA	NA	NA	NA
20	12116498	12119482	4	2	2	2	d	3	2	2	0.05	0.1	4	2	2	NA	NA	NA	NA	NA	NA	NA	NA	NA	NA	NA	NA	NA	2	2	1	NA	NA	NA	NA	NA	NA
20	12119483	25599999	4	2	2	3	b	6	2	2	0.0353822282099	0.0895293707767	4	2	2	2	2	1	NA	NA	NA	NA	NA	NA	NA	4	2	2	2	2	1	NA	NA	NA	4	1	3
20	25600000	29399999	4	2	2	3	b	6	2	2	0.0299361230343	0.120828288528	4	2	2	2	2	1	NA	NA	NA	NA	NA	NA	NA	4	2	2	2	2	1	NA	NA	NA	4	1	3
20	29400000	53470149	4	2	2	3	b	6	2	2	0.0339891806536	0.0967778699509	4	2	2	2	2	1	NA	NA	NA	NA	NA	NA	NA	4	2	2	2	2	1	NA	NA	NA	4	1	3
20	53470150	53470617	4	2	2	2	d	3	2	2	0.05	0.1	4	2	2	2	1	1	NA	NA	NA	NA	NA	NA	NA	NA	NA	NA	2	2	1	NA	NA	NA	5	1	4
20	53470618	63025519	4	2	2	3	b	6	2	2	0.0345657483484	0.093827347216	4	2	2	2	2	1	NA	NA	NA	NA	NA	NA	NA	4	2	2	2	2	1	NA	NA	NA	4	1	3
21	1	9417499	NA	NA	NA	NA	NA	NA	NA	NA	NA	NA	NA	NA	NA	NA	NA	NA	NA	NA	NA	NA	NA	NA	NA	NA	NA	NA	3	0	1	NA	NA	NA	NA	NA	NA
21	9417500	10899999	NA	NA	NA	NA	NA	NA	NA	NA	NA	NA	NA	NA	NA	NA	NA	NA	NA	NA	NA	NA	NA	NA	NA	NA	NA	NA	3	0	1	NA	NA	NA	NA	NA	NA
21	10900000	14459155	3	3	0	1	h	1	NA	NA	NA	NA	NA	NA	NA	NA	NA	NA	NA	NA	NA	NA	NA	NA	NA	NA	NA	NA	3	0	1	NA	NA	NA	NA	NA	NA
21	14459156	16536758	1	1	0	2	d	4	1	0	0.0588364805942	0.0850874364173	1	0	1	1	0	1	NA	NA	NA	NA	NA	NA	NA	NA	NA	NA	1	0	1	NA	NA	NA	NA	NA	NA
21	16536759	16540336	1	1	0	2	d	4	1	0	0.05	0.1	1	0	1	1	0	1	NA	NA	NA	NA	NA	NA	NA	NA	NA	NA	1	0	1	NA	NA	NA	NA	NA	NA
21	16540337	17780004	1	1	0	2	d	3	1	0	0.0459207725478	0.0672895632457	1	0	1	1	0	1	NA	NA	NA	NA	NA	NA	NA	NA	NA	NA	NA	NA	NA	NA	NA	NA	0	0	0
21	17780005	18686755	3	2	1	3	b	6	2	1	0.0511297343372	0.0774146671906	3	1	2	2	1	1	NA	NA	NA	NA	NA	NA	NA	3	1	2	2	1	1	NA	NA	NA	2	0	2
21	18686756	19649029	1	1	0	3	b	6	1	0	0.0528562278746	0.0645308793112	1	0	1	1	0	1	NA	NA	NA	NA	NA	NA	NA	1	0	1	1	0	1	NA	NA	NA	0	0	0
21	19649030	19653765	1	1	0	2	d	2	NA	NA	NA	NA	1	0	1	NA	NA	NA	NA	NA	NA	NA	NA	NA	NA	NA	NA	NA	1	0	1	NA	NA	NA	0	0	0
21	19653766	19654771	3	2	1	1	h	1	NA	NA	NA	NA	NA	NA	NA	NA	NA	NA	NA	NA	NA	NA	NA	NA	NA	1	0	1	2	1	1	NA	NA	NA	0	0	0
21	19654772	19656326	3	2	1	1	h	1	NA	NA	NA	NA	NA	NA	NA	NA	NA	NA	NA	NA	NA	NA	NA	NA	NA	1	0	1	2	1	1	NA	NA	NA	NA	NA	NA
21	19656327	19659641	3	2	1	2	d	2	2	1	0.05	0.1	NA	NA	NA	NA	NA	NA	NA	NA	NA	NA	NA	NA	NA	NA	NA	NA	2	1	1	NA	NA	NA	NA	NA	NA
21	19659642	48129894	3	2	1	3	b	6	2	1	0.0509777157277	0.0912005477252	3	1	2	2	1	1	NA	NA	NA	NA	NA	NA	NA	3	1	2	2	1	1	NA	NA	NA	2	0	2
22	1	12199999	1	1	0	1	h	1	NA	NA	NA	NA	NA	NA	NA	NA	NA	NA	NA	NA	NA	NA	NA	NA	NA	NA	NA	NA	NA	NA	NA	NA	NA	NA	1	0	1
22	12200000	17899999	NA	NA	NA	NA	NA	NA	2	0	0.0606268659655	0.149881893739	2.109314	0.040459981	2.0688543	2	0	1	NA	NA	NA	NA	NA	NA	NA	2	0	2	2	0	0.726396	2	1	0.273604	1	0	1
22	17900000	20805012	2	2	0	2	d	4	2	0	0.0668214173734	0.106591140708	2	0	2	2	0	1	NA	NA	NA	NA	NA	NA	NA	2	0	2	2	0	0.762523	2	1	0.237477	1	0	1
22	20805013	20829937	4	2	2	1	g	NA	4	2	0.05	0.1	2	0	2	2	2	1	NA	NA	NA	NA	NA	NA	NA	5	2	3	2	2	1	NA	NA	NA	5	2	3
22	20829938	21447499	6	4	2	2	f	3	4	2	0.0465917454045	0.177580267622	5.865054	2.194322473	3.670732	3	2	0.580536548278495	4	2	0.419463451721505	0.0948224984854287	0.0935810556686993	0.47906864441907	0.847277378014278	6	3	3	4	3	0.557214	4	2	0.442786	7	2	5
22	21447500	22107661	4	2	2	3	b	6	2	2	0.029378986958	0.338642134548	4	2	2	2	2	1	NA	NA	NA	NA	NA	NA	NA	4	2	2	2	2	1	NA	NA	NA	3	1	2
22	22107662	23298483	6	4	2	2	d	3	3.66	2	0.0396681632802	0.122017574538	5.889678	2.031309247	3.8583689	4	2	1	NA	NA	NA	NA	NA	NA	NA	6	2	4	4	2	1	NA	NA	NA	7	2	5
22	23298484	23811829	4	2	2	3	b	6	2	2	0.0371597263263	0.149122054633	4	2	2	2	2	1	NA	NA	NA	NA	NA	NA	NA	4	2	2	2	2	1	NA	NA	NA	4	1	3
22	23811830	24422999	2	2	0	2	d	4	2	0	0.0539067719822	0.131444144086	2.10729	0.053549424	2.0537407	2	0	1	NA	NA	NA	NA	NA	NA	NA	2	0	2	2	0	1	NA	NA	NA	1	0	1
22	24423000	25228569	4	2	2	3	b	6	2	2	0.0357664746597	0.0882426539196	4	2	2	2	2	1	NA	NA	NA	NA	NA	NA	NA	4	2	2	2	2	1	NA	NA	NA	4	1	3
22	25228570	40499322	2	2	0	2	d	3	2	0.22	0.0600839590444	0.0867492870939	2	0	2	2	0	1	NA	NA	NA	NA	NA	NA	NA	2	0	2	2	0	0.545124	1	0	0.454876	1	0	1
22	40499323	41260047	4	2	2	3	b	6	2	2	0.0359591088288	0.134974351894	4	2	2	2	2	1	NA	NA	NA	NA	NA	NA	NA	4	2	2	2	2	1	NA	NA	NA	4	1	3
22	41260048	41695984	6	4	2	2	d	3	4	2	0.05	0.0875400565507	6.257834	2.173023162	4.0848108	4	2	1	NA	NA	NA	NA	NA	NA	NA	6	2	4	4	3	0.182008	4	2	0.817992	8	2	6
22	41695985	42827893	4	2	2	3	b	6	2	2	0.0312360791291	0.0994222637632	4	2	2	2	2	1	NA	NA	NA	NA	NA	NA	NA	4	2	2	2	2	1	NA	NA	NA	4	1	3
22	42827894	43167955	6	4	2	2	e	4	4	2	0.0429108200413	0.275399171404	6.333845	2.278094536	4.0557501	4	2	1	NA	NA	NA	NA	NA	NA	NA	7	3	4	4	3	0.414049	4	2	0.585951	8	2	6
22	43167956	43339986	8	6	2	2	d	3	6	2	0.0566332996386	0.145825269061	7.807185	2.074846753	5.732338	6	2	1	NA	NA	NA	NA	NA	NA	NA	8	3	5	6	2	1	NA	NA	NA	10	1	9
22	43339987	43754999	6	4	2	2	d	4	4	2	0.0438442915884	0.124520481193	5.89975	1.959273634	3.9404768	4	2	1	NA	NA	NA	NA	NA	NA	NA	6	2	4	4	2	1	NA	NA	NA	7	2	5
22	43755000	51304565	2	2	0	2	d	3	2	0.34	0.0644449295834	0.0827123956483	2	0	2	2	0	1	NA	NA	NA	NA	NA	NA	NA	2	0	2	2	0	0.522974	1	0	0.477026	1	0	1
X	1	2210562	4	2	2	1	g	NA	1	1	0.0427466738043	0.193795092053	NA	NA	NA	2	2	1	NA	NA	NA	NA	NA	NA	NA	1	0	1	NA	NA	NA	NA	NA	NA	4	1	3
X	2210563	2215885	2	2	0	2	d	2	1	1	0.05	0.1	NA	NA	NA	2	0	1	NA	NA	NA	NA	NA	NA	NA	NA	NA	NA	NA	NA	NA	NA	NA	NA	2	0	2
X	2215886	27446326	4	2	2	2	d	3	1	1	0.0340582401372	0.144709121509	4	2	2	2	2	1	NA	NA	NA	NA	NA	NA	NA	4	2	2	NA	NA	NA	NA	NA	NA	4	1	3
X	27446327	27447359	4	2	2	2	e	1	NA	NA	NA	NA	3.818493	0	3.818493	2	1	0.345274893661986	2	2	0.654725106338014	NA	0	0.345274893661986	0.345274893661986	3	1	2	NA	NA	NA	NA	NA	NA	2	1	1
X	27447360	31868315	4	2	2	2	d	3	1	1	0.0322960591552	0.0836335473294	4	2	2	2	2	1	NA	NA	NA	NA	NA	NA	NA	4	2	2	NA	NA	NA	NA	NA	NA	4	1	3
X	31868316	31869873	4	2	2	2	e	2	1	1	0.05	0.1	3.425034	0	3.425034	2	2	1	NA	NA	NA	NA	NA	NA	NA	NA	NA	NA	NA	NA	NA	NA	NA	NA	4	1	3
X	31869874	58099999	4	2	2	2	d	3	1	1	0.033909731811	0.101053077527	4	2	2	2	2	1	NA	NA	NA	NA	NA	NA	NA	4	2	2	NA	NA	NA	NA	NA	NA	4	1	3
X	58100000	62999999	4	2	2	2	d	3	1	1	0.05	0.255865394478	4	2	2	2	2	1	NA	NA	NA	NA	NA	NA	NA	4	2	2	NA	NA	NA	NA	NA	NA	4	1	3
X	63000000	78844281	4	2	2	2	d	3	1	1	0.0343616124581	0.102750643797	4	2	2	2	2	1	NA	NA	NA	NA	NA	NA	NA	4	2	2	NA	NA	NA	NA	NA	NA	4	1	3
X	78844282	78847951	4	2	2	2	e	1	1	1	0.05	0.1	3.339631	0	3.339631	2	0	1	NA	NA	NA	NA	NA	NA	NA	NA	NA	NA	NA	NA	NA	NA	NA	NA	1	0	1
X	78847952	88177412	4	2	2	2	d	3	1	1	0.0324240334071	0.106251448938	4	2	2	2	2	1	NA	NA	NA	NA	NA	NA	NA	4	2	2	NA	NA	NA	NA	NA	NA	4	1	3
X	88177413	88195312	2	2	0	2	e	3	1	1	0.05	0.1	2.434394	0	2.4343937	2	0	0.62274699456364	3	0	0.37725300543636	0.190022745542737	0.183864194271612	0.211998795809539	0.945062258599724	2	0	2	NA	NA	NA	NA	NA	NA	1	0	1
X	88195313	98877792	4	2	2	2	d	3	1	1	0.0429554491443	0.115387650565	4	2	2	2	2	1	NA	NA	NA	NA	NA	NA	NA	4	2	2	NA	NA	NA	NA	NA	NA	4	1	3
X	98877793	98881070	4	2	2	2	e	2	1	1	0.05	0.1	3.441274	0	3.441274	2	2	1	NA	NA	NA	NA	NA	NA	NA	NA	NA	NA	NA	NA	NA	NA	NA	NA	4	1	3
X	98881071	126977880	4	2	2	2	d	3	1	1	0.0329064263089	0.110669674089	4	2	2	2	2	1	NA	NA	NA	NA	NA	NA	NA	4	2	2	NA	NA	NA	NA	NA	NA	4	1	3
X	126977881	127148315	2	1	1	1	g	NA	1	1	0.0418014326594	0.1	3	1	2	1	1	1	NA	NA	NA	NA	NA	NA	NA	3	1	2	NA	NA	NA	NA	NA	NA	2	0	2
X	127148316	136872215	4	2	2	2	d	3	1	1	0.0348312736994	0.133563912938	4	2	2	2	2	1	NA	NA	NA	NA	NA	NA	NA	4	2	2	NA	NA	NA	NA	NA	NA	4	1	3
X	136872216	136874978	4	2	2	2	e	1	1	1	0.05	0.1	2.671136	0	2.671136	2	0	1	NA	NA	NA	NA	NA	NA	NA	NA	NA	NA	NA	NA	NA	NA	NA	NA	1	0	1
X	136874979	139715212	4	2	2	2	d	3	1	1	0.0382224556407	0.0959251220549	4	2	2	2	2	1	NA	NA	NA	NA	NA	NA	NA	4	2	2	NA	NA	NA	NA	NA	NA	4	1	3
X	139715213	139717824	4	2	2	1	g	NA	1	1	0.05	0.1	4	2	2	2	2	1	NA	NA	NA	NA	NA	NA	NA	NA	NA	NA	NA	NA	NA	NA	NA	NA	4	1	3
X	139717825	150382702	4	2	2	2	d	3	1	1	0.0361565817309	0.110605610961	4	2	2	2	2	1	NA	NA	NA	NA	NA	NA	NA	4	2	2	NA	NA	NA	NA	NA	NA	4	1	3
X	150382703	150385553	2	2	0	1	g	NA	1	1	0.05	0.1	4	0	4	2	0	1	NA	NA	NA	NA	NA	NA	NA	3	0	3	NA	NA	NA	NA	NA	NA	1	0	1
X	150385554	155270559	4	2	2	2	d	3	1	1	0.0321329328898	0.10172535876	4	2	2	2	2	1	NA	NA	NA	NA	NA	NA	NA	4	2	2	NA	NA	NA	NA	NA	NA	4	1	3
