chromosome	start	end	total_cn	major_cn	minor_cn	star	level	methods_agree	absolute_broad_major_cn	absolute_broad_minor_cn	absolute_broad_het_error	absolute_broad_cov_error	aceseq_copy_number	aceseq_minor_cn	aceseq_major_cn	battenberg_nMaj1_A	battenberg_nMin1_A	battenberg_frac1_A	battenberg_nMaj2_A	battenberg_nMin2_A	battenberg_frac2_A	battenberg_SDfrac_A	battenberg_SDfrac_A_BS	battenberg_frac1_A_0.025	battenberg_frac1_A_0.975	clonehd_copy_number	clonehd_minor_cn	clonehd_major_cn	sclust_nMaj1_A	sclust_nMin1_A	sclust_frac1_A	sclust_nMaj2_A	sclust_nMin2_A	sclust_frac2_A	jabba_copy_number	jabba_minor_cn	jabba_major_cn
1	1	792361	2	2	0	2	d	2	2	0	0.05	1.46764272585	NA	NA	NA	NA	NA	NA	NA	NA	NA	NA	NA	NA	NA	NA	NA	NA	NA	NA	NA	NA	NA	NA	2	0	2
1	792362	28441150	2	2	0	2	d	5	2	0	0.0696996194423	0.170204486436	2	0	2	2	0	1	NA	NA	NA	NA	NA	NA	NA	2	0	2	2	0	0.636364	1	0	0.363636	2	0	2
1	28441151	28450420	2	2	0	2	d	3	2	0	0.05	0.1	2	0	2	2	0	1	NA	NA	NA	NA	NA	NA	NA	NA	NA	NA	2	0	0.636364	1	0	0.363636	1	0	1
1	28450421	72770209	2	2	0	2	d	5	2	0	0.0653740451459	0.116456017686	2	0	2	2	0	1	NA	NA	NA	NA	NA	NA	NA	2	0	2	2	0	0.636364	1	0	0.363636	2	0	2
1	72770210	86005401	2	2	0	2	d	5	2	0	0.0628213510341	0.116312141557	2	0	2	2	0	1	NA	NA	NA	NA	NA	NA	NA	2	0	2	2	0	0.58823	1	0	0.41177	2	0	2
1	86005402	120531602	2	2	0	2	d	5	2	0	0.0657971004205	0.12743965169	2	0	2	2	0	1	NA	NA	NA	NA	NA	NA	NA	2	0	2	2	0	0.575675	1	0	0.424325	2	0	2
1	120531603	121141001	2	2	0	2	d	3	2	0	0.05	0.245164355702	2	0	2	1	0	1	NA	NA	NA	NA	NA	NA	NA	NA	NA	NA	2	0	0.520255	2	1	0.479745	2	0	2
1	121141002	121336938	2	2	0	2	d	4	2	0	0.05	0.111878640505	NA	NA	NA	2	0	1	NA	NA	NA	NA	NA	NA	NA	2	0	2	2	0	0.520255	2	1	0.479745	2	0	2
1	121336939	121427801	2	2	0	3	b	5	2	0	0.05	1.44462745614	NA	NA	NA	2	0	1	NA	NA	NA	NA	NA	NA	NA	2	0	2	2	0	1	NA	NA	NA	2	0	2
1	121427802	128899999	2	2	0	1	g	NA	NA	NA	NA	NA	NA	NA	NA	NA	NA	NA	NA	NA	NA	NA	NA	NA	NA	1	0	1	4	2	1	NA	NA	NA	2	0	2
1	128900000	143343001	2	2	0	1	g	NA	NA	NA	NA	NA	NA	NA	NA	NA	NA	NA	NA	NA	NA	NA	NA	NA	NA	1	0	1	4	2	1	NA	NA	NA	2	0	2
1	143343002	143544202	2	2	0	1	g	NA	4	1	0.05	0.358602140502	NA	NA	NA	NA	NA	NA	NA	NA	NA	NA	NA	NA	NA	1	0	1	4	1	1	NA	NA	NA	2	0	2
1	143544203	144832422	5	4	1	2	d	2	4	1	0.05	0.479615863936	NA	NA	NA	NA	NA	NA	NA	NA	NA	NA	NA	NA	NA	1	0	1	4	1	1	NA	NA	NA	NA	NA	NA
1	144832423	144963801	5	3	2	1	g	NA	4	1	0.05	0.216248938348	NA	NA	NA	4	3	1	NA	NA	NA	NA	NA	NA	NA	NA	NA	NA	4	1	1	NA	NA	NA	5	2	3
1	144963802	149756401	8	4	4	2	f	3	3	3	0.03930326717	0.328510572808	7.763941	3.881970328	3.88197	4	4	1	NA	NA	NA	NA	NA	NA	NA	8	4	4	5	4	1	NA	NA	NA	5	2	3
1	149756402	195666255	8	4	4	2	d	4	3	3	0.0315609673595	0.226315172981	8	4	4	4	4	1	NA	NA	NA	NA	NA	NA	NA	8	4	4	5	4	1	NA	NA	NA	8	4	4
1	195666256	195667029	5	5	0	1	g	NA	3	3	0.05	0.1	8	4	4	6	0	1	NA	NA	NA	NA	NA	NA	NA	NA	NA	NA	NA	NA	NA	NA	NA	NA	5	0	5
1	195667030	196808728	8	4	4	2	d	3	3	3	0.0239082294753	0.266924006001	8	4	4	5	5	1	NA	NA	NA	NA	NA	NA	NA	8	4	4	NA	NA	NA	NA	NA	NA	8	4	4
1	196808729	240098903	9	5	4	2	f	3	3.78	3.16	0.0348311732932	0.250814970948	8.846602	3.971359294	4.875243	5	4	1	NA	NA	NA	NA	NA	NA	NA	8	4	4	5	5	1	NA	NA	NA	9	4	5
1	240098904	240112921	8	4	4	2	d	3	3.78	3.16	0.05	0.1	8.846602	3.971359294	4.875243	4	4	1	NA	NA	NA	NA	NA	NA	NA	8	4	4	5	5	1	NA	NA	NA	8	4	4
1	240112922	247247500	7	4	3	2	e	1	3.78	3.16	0.0381728719168	0.274019482731	8.893737	3.989497925	4.904239	5	4	1	NA	NA	NA	NA	NA	NA	NA	8	4	4	5	5	1	NA	NA	NA	9	4	5
1	247247501	249250620	9	5	4	2	d	3	NA	NA	NA	NA	9	4	5	5	4	1	NA	NA	NA	NA	NA	NA	NA	8	4	4	5	5	1	NA	NA	NA	9	4	5
2	47281	52785201	5	4	1	2	d	2	3.78	1	0.0530361330338	0.195684655395	4.865673	1.067973687	3.797699	3	1	0.254932328936936	4	1	0.745067671063064	0.00623618144696642	0.00625519603642621	0.24289896920666	0.267077798141039	5	1	4	4	1	0.447485	3	1	0.552515	5	1	4
2	52785202	89840101	5	4	1	2	d	2	3.78	1	0.0511702224516	0.214667627791	4.874628	1.071805646	3.802822	3	1	0.254932328936936	4	1	0.745067671063064	0.00623618144696642	0.00625519603642621	0.24289896920666	0.267077798141039	5	1	4	4	1	0.424181	3	1	0.575819	5	1	4
2	89840102	90441001	4	3	1	2	e	3	3.78	1	0.05	0.446437094209	4.874628	1.071805646	3.802822	3	1	0.254932328936936	4	1	0.745067671063064	0.00623618144696642	0.00625519603642621	0.24289896920666	0.267077798141039	5	2	3	4	2	0.660297	4	1	0.339703	5	1	4
2	90441002	96799999	NA	NA	NA	NA	NA	NA	4	1	0.0483913743232	0.339759577791	4.841971	0.982253375	3.859718	NA	NA	NA	NA	NA	NA	NA	NA	NA	NA	5	1	4	4	1	1	NA	NA	NA	5	1	4
2	96800000	226813899	5	4	1	2	d	4	3.78	0.84	0.0519989495389	0.200970235369	4.96169	1.088506914	3.873183	4	1	1	NA	NA	NA	NA	NA	NA	NA	5	1	4	4	1	1	NA	NA	NA	5	1	4
2	226813900	227680425	6	4	2	2	d	2	3.65	2	0.0561671252435	0.203091256095	6.032825	2.198254363	3.834571	3	2	0.373134328358203	4	2	0.626865671641797	0.0637637243049349	0.0635829732294005	0.281688754681397	0.540671096103758	6	2	4	4	3	0.323878	4	2	0.676122	6	2	4
2	227680426	230715001	5	4	1	2	d	5	3.65	0.84	0.0497695888723	0.212460572922	5	1	4	4	1	1	NA	NA	NA	NA	NA	NA	NA	5	1	4	4	1	1	NA	NA	NA	5	1	4
2	230715002	230902602	5	4	1	1	g	1	3.52	0.84	0.05	0.214177503786	5	1	4	5	0	0.737068465396785	5	1	0.262931534603215	0.058752187478419	0.056601703066488	0.582689443992425	0.805183871579727	NA	NA	NA	5	0	0.598242	5	1	0.401758	6	0	6
2	230902603	242955889	5	4	1	2	d	4	3.52	0.84	0.0545825251881	0.228194027117	4.951586	1.078309231	3.873277	4	1	1	NA	NA	NA	NA	NA	NA	NA	5	1	4	4	1	1	NA	NA	NA	5	1	4
3	100074	6450916	3	3	0	2	d	5	3	0	0.0514058763096	0.173573865498	3	0	3	3	0	1	NA	NA	NA	NA	NA	NA	NA	3	0	3	3	0	0.363645	2	0	0.636355	3	0	3
3	6450917	6453654	3	3	0	2	d	3	3	0	0.05	0.1	3	0	3	3	0	1	NA	NA	NA	NA	NA	NA	NA	NA	NA	NA	3	0	0.380162	2	0	0.619838	2	0	2
3	6453655	22440871	3	3	0	2	d	5	3	0	0.0563544240263	0.166013115437	3	0	3	3	0	1	NA	NA	NA	NA	NA	NA	NA	3	0	3	3	0	0.380162	2	0	0.619838	3	0	3
3	22440872	22444051	3	3	0	2	d	4	3	0	0.05	0.1	3	0	3	3	0	1	NA	NA	NA	NA	NA	NA	NA	NA	NA	NA	3	0	0.372729	2	0	0.627271	3	0	3
3	22444052	41762431	3	3	0	2	d	5	3	0	0.0522492124415	0.139232598377	3	0	3	3	0	1	NA	NA	NA	NA	NA	NA	NA	3	0	3	3	0	0.372729	2	0	0.627271	3	0	3
3	41762432	41851187	2	2	0	2	d	4	2	0	0.05	0.0879645088394	2.189875	0.12516552	2.064709	1	0	1	NA	NA	NA	NA	NA	NA	NA	2	0	2	2	0	1	NA	NA	NA	2	0	2
3	41851188	75751800	3	3	0	2	d	5	3	0	0.0547477625521	0.150159194616	3	0	3	3	0	1	NA	NA	NA	NA	NA	NA	NA	3	0	3	3	0	0.380162	2	0	0.619838	3	0	3
3	75751801	87899999	3	3	0	2	d	4	3	0	0.0522577453218	0.153307345606	3.11869	0.047004675	3.071685	3	0	1	NA	NA	NA	NA	NA	NA	NA	3	0	3	3	0	0.386358	2	0	0.613642	3	0	3
3	87900000	93899999	NA	NA	NA	NA	NA	NA	3	0	0.0522572735453	0.193742768764	3.153889	0.073726803	3.080162	NA	NA	NA	NA	NA	NA	NA	NA	NA	NA	3	0	3	3	0	0.265729	2	0	0.734271	4	1	3
3	93900000	185618540	4	3	1	3	a	6	3	1	0.0560123442426	0.171007240024	4	1	3	3	1	1	NA	NA	NA	NA	NA	NA	NA	4	1	3	3	1	1	NA	NA	NA	4	1	3
3	185618541	185630599	4	3	1	2	d	3	3	1	0.05	0.1	4	1	3	2	1	1	NA	NA	NA	NA	NA	NA	NA	NA	NA	NA	3	1	1	NA	NA	NA	3	1	2
3	185630600	197847500	4	3	1	3	a	6	3	1	0.0567890009722	0.202624767626	4	1	3	3	1	1	NA	NA	NA	NA	NA	NA	NA	4	1	3	3	1	1	NA	NA	NA	4	1	3
4	27500	911797	4	3	1	2	d	3	3	1	0.0589231051898	0.238255665281	3.827584	1.044102453	2.783482	2	1	0.259694114357925	3	1	0.740305885642075	0.00660813457764844	0.00682478342429087	0.245666868362297	0.27222118441795	4	1	3	3	1	0.525664	2	1	0.474336	4	1	3
4	911798	915469	4	3	1	2	d	2	3	1	0.05	0.1	3.827584	1.044102453	2.783482	2	1	0.259694114357925	3	1	0.740305885642075	0.00660813457764844	0.00682478342429087	0.245666868362297	0.27222118441795	NA	NA	NA	3	1	0.568875	2	1	0.431125	4	1	3
4	915470	34829201	4	3	1	2	d	3	3	1	0.0590001752154	0.174828480228	3.806792	1.04022416	2.766568	2	1	0.259694114357925	3	1	0.740305885642075	0.00660813457764844	0.00682478342429087	0.245666868362297	0.27222118441795	4	1	3	3	1	0.568875	2	1	0.431125	4	1	3
4	34829202	48199999	4	3	1	2	d	3	3	1	0.0575319371239	0.164471561097	3.823328	1.05139949	2.771928	2	1	0.259694114357925	3	1	0.740305885642075	0.00660813457764844	0.00682478342429087	0.245666868362297	0.27222118441795	4	1	3	3	1	0.54394	2	1	0.45606	4	1	3
4	48200000	52699999	NA	NA	NA	NA	NA	NA	3	1	0.0497212407773	0.997159112278	3.719685	0.981357534	2.738327	2	1	0.259694114357925	3	1	0.740305885642075	0.00660813457764844	0.00682478342429087	0.245666868362297	0.27222118441795	4	1	3	3	1	0.557007	2	1	0.442993	4	1	3
4	52700000	59125801	2	1	1	2	d	5	1	1	0.0429016646051	0.114023771502	2.121741	1.0608704	1.06087	1	1	1	NA	NA	NA	NA	NA	NA	NA	2	1	1	1	1	1	NA	NA	NA	2	1	1
4	59125802	64068354	4	3	1	2	d	3	3	1	0.0542242488196	0.181015843588	3.869418	1.076871104	2.792547	2	1	0.272526257600881	3	1	0.72747374239912	0.0181375757033894	0.0179816655388667	0.23444334869217	0.303664950112029	4	1	3	3	1	0.52951	2	1	0.47049	4	1	3
4	64068355	64078650	3	2	1	2	e	4	1	1	0.05	0.1	3.869418	1.076871104	2.792547	3	1	1	NA	NA	NA	NA	NA	NA	NA	3	1	2	3	1	0.52951	2	1	0.47049	3	1	2
4	64078651	74274142	2	1	1	2	d	5	1	1	0.0431955127841	0.134120563831	2.14119	1.070594888	1.070595	1	1	1	NA	NA	NA	NA	NA	NA	NA	2	1	1	1	1	1	NA	NA	NA	2	1	1
4	74274143	74413272	2	1	1	2	f	3	1	1	0.05	0.131790294707	2.14119	1.070594888	1.070595	2	1	1	NA	NA	NA	NA	NA	NA	NA	3	1	2	1	1	1	NA	NA	NA	3	0	3
4	74413273	113531202	2	1	1	2	d	5	1	1	0.0426463340717	0.125363810141	2.122305	1.061152488	1.061152	1	1	1	NA	NA	NA	NA	NA	NA	NA	2	1	1	1	1	1	NA	NA	NA	2	1	1
4	113531203	113708931	3	2	1	2	d	5	2	2	0.05	0.161268710356	3	1	2	2	1	1	NA	NA	NA	NA	NA	NA	NA	3	1	2	2	1	1	NA	NA	NA	3	1	2
4	113708932	113713471	3	2	1	2	d	3	NA	NA	NA	NA	3	1	2	2	0	1	NA	NA	NA	NA	NA	NA	NA	3	1	2	2	1	1	NA	NA	NA	2	0	2
4	113713472	191154275	3	2	1	2	d	4	2.16	1	0.0574882428509	0.157850548002	3.110036	1.057287324	2.052749	2	1	1	NA	NA	NA	NA	NA	NA	NA	3	1	2	2	1	1	NA	NA	NA	3	1	2
5	22500	850202	4	2	2	2	d	4	2	2	0.0338255376588	0.582988965688	4	2	2	NA	NA	NA	NA	NA	NA	NA	NA	NA	NA	4	2	2	2	2	0.238345	2	1	0.761655	4	2	2
5	850203	39923117	4	2	2	3	a	6	2	2	0.0382519805808	0.17461164438	4	2	2	2	2	1	NA	NA	NA	NA	NA	NA	NA	4	2	2	2	2	1	NA	NA	NA	4	2	2
5	39923118	39939046	4	2	2	2	d	3	2	2	0.05	0.1	4	2	2	2	1	0.731659164494989	2	2	0.268340835505011	0.141739785122778	0.138461326226433	0.402479291070933	0.960417586747208	3	1	2	2	2	1	NA	NA	NA	3	1	2
5	39939047	46099999	4	2	2	3	a	6	2	2	0.0362755707268	0.166131909401	4	2	2	2	2	1	NA	NA	NA	NA	NA	NA	NA	4	2	2	2	2	1	NA	NA	NA	4	2	2
5	46100000	50699999	4	2	2	3	b	5	2	2	0.0352995308885	0.202055336356	4	2	2	NA	NA	NA	NA	NA	NA	NA	NA	NA	NA	4	2	2	2	2	1	NA	NA	NA	4	2	2
5	50700000	143731019	4	2	2	3	a	6	2	2	0.0375670921774	0.184630014627	4	2	2	2	2	1	NA	NA	NA	NA	NA	NA	NA	4	2	2	2	2	1	NA	NA	NA	4	2	2
5	143731020	143731343	4	2	2	3	b	5	2	2	0.05	0.1	4	2	2	2	2	1	NA	NA	NA	NA	NA	NA	NA	NA	NA	NA	2	2	1	NA	NA	NA	4	2	2
5	143731344	144925048	4	2	2	3	a	6	2	2	0.0350699270522	0.150766347103	4	2	2	2	2	1	NA	NA	NA	NA	NA	NA	NA	4	2	2	2	2	1	NA	NA	NA	4	2	2
5	144925049	144925079	4	2	2	3	b	5	2	2	0.05	0.1	4	2	2	2	2	1	NA	NA	NA	NA	NA	NA	NA	NA	NA	NA	2	2	1	NA	NA	NA	4	2	2
5	144925080	180687907	4	2	2	3	a	6	2	2	0.0381202370689	0.182180199429	4	2	2	2	2	1	NA	NA	NA	NA	NA	NA	NA	4	2	2	2	2	1	NA	NA	NA	4	2	2
6	39681	242500	6	3	3	2	f	3	2	2	0.05	0.1	5.794613	2.897306496	2.897306	3	3	1	NA	NA	NA	NA	NA	NA	NA	1	0	1	3	3	1	NA	NA	NA	5	2	3
6	242501	399995	6	3	3	2	f	3	1	1	0.05	0.728122054238	4.738321	2.369160504	2.369161	3	3	1	NA	NA	NA	NA	NA	NA	NA	NA	NA	NA	3	3	1	NA	NA	NA	5	2	3
6	399996	12571647	6	3	3	2	d	5	2.78	2.78	0.0382937096218	0.211730810521	6	3	3	3	3	1	NA	NA	NA	NA	NA	NA	NA	6	3	3	3	3	1	NA	NA	NA	6	3	3
6	12571648	12572593	6	3	3	2	d	4	2.78	2.78	0.05	0.1	6	3	3	3	3	1	NA	NA	NA	NA	NA	NA	NA	NA	NA	NA	3	3	1	NA	NA	NA	6	3	3
6	12572594	12616763	6	3	3	2	d	2	2.78	2.78	0.05	0.1	NA	NA	NA	3	3	1	NA	NA	NA	NA	NA	NA	NA	NA	NA	NA	3	3	1	NA	NA	NA	7	3	4
6	12616764	12616986	6	3	3	2	d	2	2.78	2.78	0.05	0.1	NA	NA	NA	3	3	1	NA	NA	NA	NA	NA	NA	NA	NA	NA	NA	3	3	1	NA	NA	NA	7	3	4
6	12616987	13188185	6	3	3	2	d	5	2.78	2.78	0.0297293873664	0.175817701802	6	3	3	3	3	1	NA	NA	NA	NA	NA	NA	NA	6	3	3	3	3	1	NA	NA	NA	6	3	3
6	13188186	28771779	6	3	3	2	d	5	2.78	2.78	0.0338176042447	0.217968150723	6	3	3	3	3	1	NA	NA	NA	NA	NA	NA	NA	6	3	3	3	3	1	NA	NA	NA	6	3	3
6	28771780	28786167	6	3	3	2	e	2	2.78	2.78	0.05	0.1	6	3	3	4	3	0.472636815920388	5	3	0.527363184079612	0.218417497883915	0.199005501212158	0.221659686638363	1.00607474338603	7	3	4	3	3	1	NA	NA	NA	7	3	4
6	28786168	58699999	6	3	3	2	d	5	2.78	2.78	0.0397616415972	0.297297700678	6	3	3	3	3	1	NA	NA	NA	NA	NA	NA	NA	6	3	3	3	3	1	NA	NA	NA	6	3	3
6	58700000	63299999	6	3	3	2	d	4	2.78	2.78	0.0244983758876	0.267734070633	6	3	3	NA	NA	NA	NA	NA	NA	NA	NA	NA	NA	6	3	3	3	3	1	NA	NA	NA	6	3	3
6	63300000	75234034	6	3	3	2	d	5	2.78	2.78	0.0314358000102	0.208952766736	6	3	3	3	3	1	NA	NA	NA	NA	NA	NA	NA	6	3	3	3	3	1	NA	NA	NA	6	3	3
6	75234035	98134311	3	3	0	2	d	5	3	0	0.0534463748488	0.148507647022	3	0	3	3	0	1	NA	NA	NA	NA	NA	NA	NA	3	0	3	3	0	0.380162	2	0	0.619838	3	0	3
6	98134312	158775806	6	3	3	2	d	5	2.78	2.78	0.031702269041	0.212446643595	6	3	3	3	3	1	NA	NA	NA	NA	NA	NA	NA	6	3	3	3	3	1	NA	NA	NA	6	3	3
6	158775807	158777759	6	3	3	2	d	4	2.78	2.78	0.05	0.1	6	3	3	3	3	1	NA	NA	NA	NA	NA	NA	NA	NA	NA	NA	3	3	1	NA	NA	NA	6	3	3
6	158777760	170899800	6	3	3	2	d	5	2.78	2.78	0.0350485444675	0.208915488591	6	3	3	3	3	1	NA	NA	NA	NA	NA	NA	NA	6	3	3	3	3	1	NA	NA	NA	6	3	3
7	40386	57999999	4	2	2	2	d	4	1.78	1.78	0.0396810371644	0.173411263456	4	2	2	2	2	0.743919292426754	3	2	0.256080707573246	0.00469126816921916	0.00482354930185911	0.728709418632168	0.746845880949137	4	2	2	2	2	1	NA	NA	NA	4	2	2
7	58000000	61699999	4	2	2	2	d	4	2	2	0.05	0.304378368157	4	2	2	NA	NA	NA	NA	NA	NA	NA	NA	NA	NA	NA	NA	NA	2	2	1	NA	NA	NA	4	2	2
7	61700000	66347772	4	2	2	2	d	4	2	2	0.0412733969527	0.235425362004	4.256167	2.128083304	2.128083	2	2	0.720639228101908	3	2	0.279360771898092	0.021685153793454	0.0216638070694697	0.677423367723794	0.762452836998385	4	2	2	2	2	1	NA	NA	NA	4	2	2
7	66347773	66350388	4	2	2	2	d	2	NA	NA	NA	NA	4.256167	2.128083304	2.128083	NA	NA	NA	NA	NA	NA	NA	NA	NA	NA	NA	NA	NA	2	2	1	NA	NA	NA	4	2	2
7	66350389	93347029	4	2	2	2	d	4	2	2	0.0385225347295	0.176359076748	4.224767	2.112383464	2.112383	2	2	0.736602700781812	3	2	0.263397299218188	0.00773422770383719	0.00766082125295997	0.715695500606552	0.745982082234276	4	2	2	2	2	1	NA	NA	NA	4	2	2
7	93347030	93581084	3	2	1	2	d	3	2	1	0.0457483045521	0.1092805521	3.594348	1.356153476	2.238195	2	1	1	NA	NA	NA	NA	NA	NA	NA	3	1	2	2	2	0.273904	2	1	0.726096	4	2	2
7	93581085	120942060	4	2	2	2	d	4	2	2	0.0377853138199	0.170709145693	4.216699	2.108349576	2.10835	2	2	0.720639228101908	3	2	0.279360771898092	0.00821862699379283	0.00804165252809189	0.689634822381815	0.721996700509102	4	2	2	2	2	1	NA	NA	NA	4	2	2
7	120942061	120947132	4	2	2	2	d	3	2	2	0.05	0.1	4.216699	2.108349576	2.10835	NA	NA	NA	NA	NA	NA	NA	NA	NA	NA	NA	NA	NA	2	2	1	NA	NA	NA	4	2	2
7	120947133	121069742	4	2	2	2	d	4	2	2	0.0344970662607	0.163150909801	4.173903	2.08695144	2.086951	2	2	0.743919292426754	3	2	0.256080707573246	0.00688899061793236	0.00671348650343749	0.718685328449539	0.744774330123558	4	2	2	2	2	1	NA	NA	NA	4	2	2
7	121069743	121076628	4	2	2	2	d	3	2	2	0.05	0.1	4.173903	2.08695144	2.086951	2	2	0.743919292426754	3	2	0.256080707573246	0.00688899061793236	0.00671348650343749	0.718685328449539	0.744774330123558	NA	NA	NA	2	2	1	NA	NA	NA	4	2	2
7	121076629	153514508	4	2	2	2	d	4	2	2	0.0389047813721	0.173575856685	4.210339	2.105169352	2.105169	2	2	0.743919292426754	3	2	0.256080707573246	0.00688899061793236	0.00671348650343749	0.718685328449539	0.744774330123558	4	2	2	2	2	1	NA	NA	NA	4	2	2
7	153514509	153529976	4	2	2	2	d	3	2	2	0.05	0.1	4.210339	2.105169352	2.105169	2	1	1	NA	NA	NA	NA	NA	NA	NA	3	1	2	2	2	1	NA	NA	NA	4	2	2
7	153529977	158821400	4	2	2	2	d	4	2	2	0.0386043922852	0.182659325754	4.184117	2.092058624	2.092059	2	2	0.803853075050282	3	2	0.196146924949718	0.0172105174841897	0.017036101943672	0.742985378979969	0.80943479967107	4	2	2	2	2	1	NA	NA	NA	4	2	2
8	185012	17737182	2	2	0	2	d	4	2.52	0	0.0657577287254	0.187351528996	2	0	2	2	0	1	NA	NA	NA	NA	NA	NA	NA	2	0	2	2	0	0.577925	1	0	0.422075	2	0	2
8	17737183	17738918	2	2	0	2	d	3	NA	NA	NA	NA	2	0	2	2	0	1	NA	NA	NA	NA	NA	NA	NA	NA	NA	NA	2	0	0.577925	1	0	0.422075	2	0	2
8	17738919	30718847	2	2	0	2	d	4	2.38	0	0.0669088031179	0.133108407239	2	0	2	2	0	1	NA	NA	NA	NA	NA	NA	NA	2	0	2	2	0	0.577925	1	0	0.422075	2	0	2
8	30718848	34719202	1	1	0	2	d	4	1.38	0	0.0753786069971	0.0943868897902	1.11398	0.045977828	1.068002	1	0	1	NA	NA	NA	NA	NA	NA	NA	1	0	1	1	0	1	NA	NA	NA	1	0	1
8	34719203	38419582	2	1	1	2	d	5	1.16	1.16	0.0549511029223	0.138592022562	2	1	1	1	1	1	NA	NA	NA	NA	NA	NA	NA	2	1	1	1	1	1	NA	NA	NA	2	1	1
8	38419583	39420022	3	2	1	2	d	5	2.38	1	0.0529942487669	0.154713070663	3	1	2	2	1	1	NA	NA	NA	NA	NA	NA	NA	3	1	2	2	1	1	NA	NA	NA	3	1	2
8	39420023	41016512	2	2	0	2	d	4	2.38	0	0.0633037587727	0.125202913981	2	0	2	2	0	1	NA	NA	NA	NA	NA	NA	NA	2	0	2	2	0	0.55826	1	0	0.44174	2	0	2
8	41016513	41017812	3	2	1	1	g	NA	3	1	0.05	0.1	2	0	2	2	1	0.682881886861986	2	2	0.317118113138014	NA	0	0.682881886861986	0.682881886861986	1	0	1	2	1	1	NA	NA	NA	3	1	2
8	41017813	41018823	3	2	1	2	d	2	3	1	0.05	0.1	NA	NA	NA	NA	NA	NA	NA	NA	NA	NA	NA	NA	NA	NA	NA	NA	2	1	1	NA	NA	NA	3	1	2
8	41018824	41199081	3	2	1	2	d	4	3	1	0.0436205608281	0.166733029617	3.038541	0.919444194	2.119097	2	1	1	NA	NA	NA	NA	NA	NA	NA	3	1	2	2	1	1	NA	NA	NA	3	1	2
8	41199082	42364342	2	2	0	2	d	4	2.16	0	0.0535291258558	0.120583439945	2	0	2	2	0	1	NA	NA	NA	NA	NA	NA	NA	2	0	2	2	1	1	NA	NA	NA	2	0	2
8	42364343	42366491	2	2	0	2	d	3	2.16	0	0.05	0.1	2	0	2	NA	NA	NA	NA	NA	NA	NA	NA	NA	NA	1	0	1	2	0	1	NA	NA	NA	2	0	2
8	42366492	42366520	2	2	0	2	f	2	2.16	0	0.05	0.1	NA	NA	NA	NA	NA	NA	NA	NA	NA	NA	NA	NA	NA	NA	NA	NA	2	0	1	NA	NA	NA	NA	NA	NA
8	42366521	42370411	2	2	0	2	f	2	2.16	0	0.05	0.1	NA	NA	NA	NA	NA	NA	NA	NA	NA	NA	NA	NA	NA	NA	NA	NA	2	0	1	NA	NA	NA	NA	NA	NA
8	42370412	43099999	2	2	0	2	d	3	2.16	0	0.05	0.126259604786	NA	NA	NA	2	0	0.377958421227423	2	1	0.622041578772577	0.150117279774037	0.150886215894894	0.0849595295261207	0.668313453534661	2	0	2	2	0	1	NA	NA	NA	2	0	2
8	43100000	48099999	NA	NA	NA	NA	NA	NA	2.16	1	0.05	0.285573515158	2.795372	0.87663933	1.918733	NA	NA	NA	NA	NA	NA	NA	NA	NA	NA	3	1	2	2	1	0.961062	1	1	0.0389381	3	1	2
8	48100000	53043968	3	2	1	2	d	5	2.16	1	0.0618925901942	0.146662019903	3	1	2	2	1	1	NA	NA	NA	NA	NA	NA	NA	3	1	2	2	1	1	NA	NA	NA	3	1	2
8	53043969	53511360	2	2	0	2	d	4	2.16	0	0.0619571424524	0.114609999224	2	0	2	2	0	1	NA	NA	NA	NA	NA	NA	NA	2	0	2	2	0	0.510487	1	0	0.489513	2	0	2
8	53511361	63032711	3	2	1	2	d	5	2.16	1	0.0583002732488	0.186710975803	3	1	2	2	1	1	NA	NA	NA	NA	NA	NA	NA	3	1	2	2	1	1	NA	NA	NA	3	1	2
8	63032712	63032985	3	2	1	2	d	3	2.16	1	0.05	0.1	3	1	2	NA	NA	NA	NA	NA	NA	NA	NA	NA	NA	NA	NA	NA	2	1	1	NA	NA	NA	3	1	2
8	63032986	63048342	3	2	1	2	d	2	2.16	1	0.05	0.1	NA	NA	NA	NA	NA	NA	NA	NA	NA	NA	NA	NA	NA	3	1	2	2	1	1	NA	NA	NA	NA	NA	NA
8	63048343	63125190	2	1	1	1	g	NA	NA	NA	NA	NA	NA	NA	NA	1	1	1	NA	NA	NA	NA	NA	NA	NA	3	1	2	2	1	1	NA	NA	NA	2	1	1
8	63125191	63282867	3	2	1	3	a	6	2	1	0.05	0.143867271398	3	1	2	2	1	1	NA	NA	NA	NA	NA	NA	NA	3	1	2	2	1	1	NA	NA	NA	3	1	2
8	63282868	63397746	2	1	1	2	d	5	1	1	0.0448480587873	0.0920009327307	2	1	1	1	0	0.168206586117034	1	1	0.831793413882966	0.0565062081780846	0.0584142142688511	0.0247716851531893	0.260752162888382	2	1	1	1	1	1	NA	NA	NA	2	1	1
8	63397747	64604979	3	2	1	2	d	5	2	1	0.0602142733819	0.142031737141	3	1	2	2	1	0.828322157329292	3	1	0.171677842670708	0.0545880467360047	0.0532390903742965	0.773192882962522	0.975420169037076	3	1	2	2	1	1	NA	NA	NA	3	1	2
8	64604980	68448451	2	1	1	3	a	6	1	1	0.0421393027199	0.113208352897	2	1	1	1	1	1	NA	NA	NA	NA	NA	NA	NA	2	1	1	1	1	1	NA	NA	NA	2	1	1
8	68448452	103888353	3	2	1	3	a	6	2	1	0.0579383815784	0.154934505671	3	1	2	2	1	1	NA	NA	NA	NA	NA	NA	NA	3	1	2	2	1	1	NA	NA	NA	3	1	2
8	103888354	104979858	4	3	1	3	a	6	3	1	0.0550789078685	0.17340320798	4	1	3	3	1	1	NA	NA	NA	NA	NA	NA	NA	4	1	3	3	1	1	NA	NA	NA	4	1	3
8	104979859	106920947	3	2	1	3	a	6	2	1	0.0577931617022	0.134936114383	3	1	2	2	1	1	NA	NA	NA	NA	NA	NA	NA	3	1	2	2	1	1	NA	NA	NA	3	1	2
8	106920948	106923427	3	2	1	2	d	3	2	1	0.05	0.1	3	1	2	5	0	1	NA	NA	NA	NA	NA	NA	NA	NA	NA	NA	2	1	1	NA	NA	NA	2	0	2
8	106923428	129490686	3	2	1	3	a	6	2	1	0.0600574305512	0.147949453534	3	1	2	2	1	1	NA	NA	NA	NA	NA	NA	NA	3	1	2	2	1	1	NA	NA	NA	3	1	2
8	129490687	129606819	4	3	1	3	a	6	3	1	0.05	0.157582954659	4	1	3	3	1	1	NA	NA	NA	NA	NA	NA	NA	4	1	3	3	1	1	NA	NA	NA	4	1	3
8	129606820	137679944	3	2	1	3	a	6	2	1	0.0596053441523	0.137658514879	3	1	2	2	1	1	NA	NA	NA	NA	NA	NA	NA	3	1	2	2	1	1	NA	NA	NA	3	1	2
8	137679945	137860008	3	2	1	2	d	2	NA	NA	NA	NA	3	1	2	NA	NA	1	NA	NA	NA	NA	NA	NA	NA	NA	NA	NA	2	1	1	NA	NA	NA	2	0	2
8	137860009	146364021	3	2	1	3	a	6	2	1	0.0578677153802	0.155847510205	3	1	2	2	1	1	NA	NA	NA	NA	NA	NA	NA	3	1	2	2	1	1	NA	NA	NA	3	1	2
9	47500	201450	3	2	1	2	d	2	2.38	1.16	0.05	0.1	NA	NA	NA	NA	NA	NA	NA	NA	NA	NA	NA	NA	NA	3	1	2	2	0	0.513559	2	1	0.486441	3	1	2
9	201451	44396213	3	2	1	2	d	5	2.38	1.16	0.0582435515004	0.194435686416	3	1	2	2	1	1	NA	NA	NA	NA	NA	NA	NA	3	1	2	2	1	1	NA	NA	NA	3	1	2
9	44396214	47299999	3	2	1	2	d	3	2.38	1.16	0.05	0.376250754543	3	1	2	2	1	1	NA	NA	NA	NA	NA	NA	NA	1	0	1	2	0	0.554821	2	1	0.445179	3	1	2
9	47300000	50699999	3	2	1	2	f	3	2.38	1.16	0.05	0.1	NA	NA	NA	NA	NA	NA	NA	NA	NA	NA	NA	NA	NA	1	0	1	2	0	0.554821	2	1	0.445179	3	1	2
9	50700000	67890371	3	2	1	2	f	3	2.38	1.16	0.05	0.485165359227	NA	NA	NA	NA	NA	NA	NA	NA	NA	NA	NA	NA	NA	NA	NA	NA	2	0	0.554821	2	1	0.445179	3	1	2
9	67890372	92811965	3	2	1	2	d	5	2.38	1.16	0.0594213549652	0.160044238296	3	1	2	2	1	1	NA	NA	NA	NA	NA	NA	NA	3	1	2	2	1	1	NA	NA	NA	3	1	2
9	92811966	92832874	3	2	1	2	d	4	2	1	0.05	0.1	3	1	2	1	0	0.18025812964165	1	1	0.81974187035835	NA	0	0.18025812964165	0.18025812964165	3	1	2	2	1	1	NA	NA	NA	2	1	1
9	92832875	140273200	3	2	1	3	a	6	2	1	0.0596849056732	0.151389949045	3	1	2	2	1	1	NA	NA	NA	NA	NA	NA	NA	3	1	2	2	1	1	NA	NA	NA	3	1	2
10	96469	37999999	5	3	2	2	d	5	3	2	0.0488598499735	0.213918048011	4.889826	1.995576369	2.894249	3	2	1	NA	NA	NA	NA	NA	NA	NA	5	2	3	3	2	1	NA	NA	NA	5	2	3
10	38000000	42299999	5	3	2	2	d	3	3	2	0.05	0.281489854933	4.889826	1.995576369	2.894249	2	2	1	NA	NA	NA	NA	NA	NA	NA	5	2	3	NA	NA	NA	NA	NA	NA	5	2	3
10	42300000	113913824	5	3	2	2	d	5	3	2	0.0477055404692	0.19283295051	4.881535	1.986326631	2.895209	3	2	1	NA	NA	NA	NA	NA	NA	NA	5	2	3	3	2	1	NA	NA	NA	5	2	3
10	113913825	114010334	6	3	3	2	d	5	3	3	0.05	0.202037700957	5.812956	2.90647776	2.906478	3	3	1	NA	NA	NA	NA	NA	NA	NA	6	3	3	3	3	1	NA	NA	NA	6	3	3
10	114010335	135235890	5	3	2	2	d	4	2.65	1.78	0.0494907134806	0.190690162205	4.848421	1.977574163	2.870846	3	2	1	NA	NA	NA	NA	NA	NA	NA	5	2	3	3	2	1	NA	NA	NA	5	2	3
10	135235891	135389924	5	3	2	2	f	3	5	2	0.0618848381779	0.318207157173	4.477115	1.550017883	2.927097	NA	NA	NA	NA	NA	NA	NA	NA	NA	NA	1	0	1	3	2	0.307462	3	1	0.692538	5	2	3
11	20721	204342	4	3	1	2	d	2	2.78	0.84	0.05	0.1	NA	NA	NA	NA	NA	NA	NA	NA	NA	NA	NA	NA	NA	NA	NA	NA	3	1	1	NA	NA	NA	4	1	3
11	204343	23326080	4	3	1	2	d	5	2.78	0.84	0.0570873952554	0.171369504597	4	1	3	3	1	1	NA	NA	NA	NA	NA	NA	NA	4	1	3	3	1	1	NA	NA	NA	4	1	3
11	23326081	23349703	3	2	1	2	e	4	2.78	0.84	0.05	0.1	4	1	3	2	1	0.716733791360659	3	1	0.283266208639341	0.119764392529894	0.122353492251417	0.415902192829046	0.890490243983708	3	1	2	2	1	1	NA	NA	NA	4	1	3
11	23349704	23350044	3	2	1	2	f	2	2.78	0.84	0.05	0.1	NA	NA	NA	NA	NA	NA	NA	NA	NA	NA	NA	NA	NA	NA	NA	NA	2	1	1	NA	NA	NA	4	1	3
11	23350045	23353999	4	3	1	2	e	2	2.78	0.84	0.05	0.1	NA	NA	NA	2	1	1	NA	NA	NA	NA	NA	NA	NA	3	1	2	3	1	1	NA	NA	NA	4	1	3
11	23354000	51599999	4	3	1	2	d	5	2.78	0.84	0.0573366131928	0.170337084078	4	1	3	3	1	1	NA	NA	NA	NA	NA	NA	NA	4	1	3	3	1	1	NA	NA	NA	4	1	3
11	51600000	55699999	4	3	1	2	d	4	2.78	0.84	0.0680596274529	0.203297890966	3.872984	0.957661317	2.915323	3	1	1	NA	NA	NA	NA	NA	NA	NA	4	1	3	3	1	1	NA	NA	NA	4	1	3
11	55700000	134452200	4	3	1	2	d	5	2.78	0.84	0.0578830102074	0.159600322666	4	1	3	3	1	1	NA	NA	NA	NA	NA	NA	NA	4	1	3	3	1	1	NA	NA	NA	4	1	3
12	110107	208345	3	2	1	2	f	3	2.65	1.16	0.05	0.307811417287	NA	NA	NA	2	1	1	NA	NA	NA	NA	NA	NA	NA	NA	NA	NA	3	1	0.141525	2	1	0.858475	4	1	3
12	208346	11168962	4	3	1	2	d	2	2.65	1.16	0.0583606405793	0.189505081304	3.992308	1.293352469	2.698956	2	1	0.711560642247726	3	1	0.288439357752274	0.00633752566317319	0.00643672767652659	0.699080689434282	0.724245554280456	4	1	3	3	1	0.141525	2	1	0.858475	4	1	3
12	11168963	11257148	3	2	1	2	d	2	2.65	1.16	0.05	0.1	3.992308	1.293352469	2.698956	2	1	0.711560642247726	3	1	0.288439357752274	0.00633752566317319	0.00643672767652659	0.699080689434282	0.724245554280456	3	1	2	2	1	1	NA	NA	NA	4	1	3
12	11257149	33299999	4	3	1	2	d	2	2.65	1.16	0.056130990168	0.170083429816	4.011023	1.295117857	2.715905	2	1	0.711560642247726	3	1	0.288439357752274	0.00633752566317319	0.00643672767652659	0.699080689434282	0.724245554280456	4	1	3	3	1	0.15045	2	1	0.84955	4	1	3
12	33300000	38199999	4	3	1	2	d	2	3	1.16	0.055506841995	0.326611825148	4.081364	1.316710248	2.764654	NA	NA	NA	NA	NA	NA	NA	NA	NA	NA	4	1	3	3	1	0.141525	2	1	0.858475	4	1	3
12	38200000	97276245	4	3	1	2	d	2	2.65	1.16	0.0564429285833	0.169012115314	4.014522	1.294198991	2.720323	3	1	0.564598672014933	3	2	0.435401327985067	0.00405544895573323	0.00401014265093736	0.556728045341741	0.572203411965201	4	1	3	3	1	0.15045	2	1	0.84955	4	1	3
12	97276246	132349400	3	3	0	2	d	2	2.65	0	0.0588964467965	0.142176113366	3.012581	0.301969147	2.710612	2	0	1	NA	NA	NA	NA	NA	NA	NA	3	0	3	3	1	0.15045	2	1	0.84955	3	0	3
12	132349401	133851894	3	3	0	2	d	2	NA	NA	NA	NA	2.999267	0.299809455	2.699458	2	0	1	NA	NA	NA	NA	NA	NA	NA	3	0	3	NA	NA	NA	NA	NA	NA	3	0	3
13	1	16299999	2	2	0	1	g	NA	NA	NA	NA	NA	NA	NA	NA	NA	NA	NA	NA	NA	NA	NA	NA	NA	NA	NA	NA	NA	NA	NA	NA	NA	NA	NA	2	0	2
13	16300000	19499999	2	2	0	2	d	3	2	0	0.0517695571704	0.249906520784	NA	NA	NA	2	0	1	NA	NA	NA	NA	NA	NA	NA	NA	NA	NA	NA	NA	NA	NA	NA	NA	2	0	2
13	19500000	53101601	2	2	0	2	d	5	2	0	0.0649061935259	0.122219193156	2	0	2	2	0	1	NA	NA	NA	NA	NA	NA	NA	2	0	2	2	0	0.561988	1	0	0.438012	2	0	2
13	53101602	114142800	2	2	0	2	d	5	2	0	0.0644155309059	0.12797110857	2	0	2	2	0	1	NA	NA	NA	NA	NA	NA	NA	2	0	2	2	0	0.568176	1	0	0.431824	2	0	2
13	114142801	115169877	2	2	0	2	d	4	NA	NA	NA	NA	2	0	2	2	0	1	NA	NA	NA	NA	NA	NA	NA	2	0	2	2	0	0.487604	1	0	0.512396	2	0	2
14	1	16099999	3	2	1	1	g	NA	NA	NA	NA	NA	NA	NA	NA	NA	NA	NA	NA	NA	NA	NA	NA	NA	NA	NA	NA	NA	NA	NA	NA	NA	NA	NA	3	1	2
14	16100000	19099999	3	2	1	2	d	2	NA	NA	NA	NA	NA	NA	NA	NA	NA	NA	NA	NA	NA	NA	NA	NA	NA	NA	NA	NA	2	1	1	NA	NA	NA	3	1	2
14	19100000	106368400	3	2	1	3	a	6	2	1	0.0592083668804	0.172220109302	3	1	2	2	1	1	NA	NA	NA	NA	NA	NA	NA	3	1	2	2	1	1	NA	NA	NA	3	1	2
15	1	15799999	4	2	2	1	g	NA	NA	NA	NA	NA	NA	NA	NA	NA	NA	NA	NA	NA	NA	NA	NA	NA	NA	NA	NA	NA	NA	NA	NA	NA	NA	NA	4	2	2
15	15800000	20699999	4	2	2	2	d	3	1.78	1.78	0.05	0.312902628531	NA	NA	NA	2	2	1	NA	NA	NA	NA	NA	NA	NA	4	2	2	2	2	0.0275702	2	1	0.97243	4	2	2
15	20700000	100338800	4	2	2	2	d	5	1.78	1.78	0.0382491276638	0.178396766417	4	2	2	2	2	1	NA	NA	NA	NA	NA	NA	NA	4	2	2	2	2	1	NA	NA	NA	4	2	2
15	100338801	102443913	4	2	2	3	b	5	NA	NA	NA	NA	4	2	2	2	2	1	NA	NA	NA	NA	NA	NA	NA	4	2	2	2	2	1	NA	NA	NA	4	2	2
16	85065	34599999	3	2	1	3	a	6	2	1	0.0615859601278	0.193034438083	3	1	2	2	1	1	NA	NA	NA	NA	NA	NA	NA	3	1	2	2	1	1	NA	NA	NA	3	1	2
16	34600000	38599999	3	2	1	3	a	6	2	1	0.05	0.204393708979	3	1	2	2	1	1	NA	NA	NA	NA	NA	NA	NA	3	1	2	2	1	1	NA	NA	NA	3	1	2
16	38600000	46447499	3	2	1	3	b	5	NA	NA	NA	NA	3	1	2	2	1	1	NA	NA	NA	NA	NA	NA	NA	3	1	2	2	1	1	NA	NA	NA	3	1	2
16	46447500	62874528	3	2	1	3	a	6	2	1	0.0590634854192	0.146868229979	3	1	2	2	1	1	NA	NA	NA	NA	NA	NA	NA	3	1	2	2	1	1	NA	NA	NA	3	1	2
16	62874529	88827200	3	2	1	3	a	6	2	1	0.0598498770887	0.161335370402	3	1	2	2	1	1	NA	NA	NA	NA	NA	NA	NA	3	1	2	2	1	1	NA	NA	NA	3	1	2
16	88827201	90354752	3	2	1	3	b	5	NA	NA	NA	NA	3	1	2	2	1	1	NA	NA	NA	NA	NA	NA	NA	3	1	2	2	1	1	NA	NA	NA	3	1	2
17	7763	57016	4	4	0	2	d	4	4	0	0.05	0.1	3.77018	0	3.77018	4	0	1	NA	NA	NA	NA	NA	NA	NA	4	0	4	4	0	1	NA	NA	NA	1	0	1
17	57017	1158045	4	4	0	2	d	4	4	0	0.0491593832586	0.198228786822	3.869875	0.020847889	3.849027	4	0	1	NA	NA	NA	NA	NA	NA	NA	4	0	4	4	0	0.0909171	3	0	0.909083	4	0	4
17	1158046	1158072	4	4	0	2	d	3	4	0	0.05	0.1	3.869875	0.020847889	3.849027	4	0	1	NA	NA	NA	NA	NA	NA	NA	NA	NA	NA	4	0	0.0909171	3	0	0.909083	4	0	4
17	1158073	1741235	4	4	0	3	a	6	4	0	0.0462603566439	0.112869870828	4	0	4	4	0	1	NA	NA	NA	NA	NA	NA	NA	4	0	4	4	0	1	NA	NA	NA	4	0	4
17	1741236	1742737	4	4	0	3	b	5	4	0	0.05	0.1	4	0	4	4	0	1	NA	NA	NA	NA	NA	NA	NA	NA	NA	NA	4	0	1	NA	NA	NA	4	0	4
17	1742738	2286412	4	4	0	3	a	6	4	0	0.0473709702361	0.161804040282	4	0	4	4	0	1	NA	NA	NA	NA	NA	NA	NA	4	0	4	4	0	1	NA	NA	NA	4	0	4
17	2286413	2286451	4	4	0	3	b	6	4	0	0.05	0.1	4	0	4	4	0	1	NA	NA	NA	NA	NA	NA	NA	1	0	1	4	0	1	NA	NA	NA	4	0	4
17	2286452	2286761	4	4	0	2	d	4	4	0	0.05	0.1	NA	NA	NA	4	0	1	NA	NA	NA	NA	NA	NA	NA	NA	NA	NA	4	0	1	NA	NA	NA	4	0	4
17	2286762	3752607	4	4	0	3	a	6	4	0	0.0485712389962	0.154769759269	4	0	4	4	0	1	NA	NA	NA	NA	NA	NA	NA	4	0	4	4	0	1	NA	NA	NA	4	0	4
17	3752608	3753095	4	4	0	2	d	4	NA	NA	NA	NA	4	0	4	4	0	1	NA	NA	NA	NA	NA	NA	NA	3	1	2	4	0	1	NA	NA	NA	4	0	4
17	3753096	3896385	4	4	0	2	d	4	4	0	0.05	0.1	4.105217	0.077391282	4.027826	4	0	1	NA	NA	NA	NA	NA	NA	NA	4	0	4	4	0	0.0272652	3	0	0.972735	4	0	4
17	3896386	3896632	4	4	0	2	d	3	4	0	0.05	0.1	4.105217	0.077391282	4.027826	4	0	1	NA	NA	NA	NA	NA	NA	NA	NA	NA	NA	4	0	0.0272652	3	0	0.972735	4	0	4
17	3896633	4101696	4	4	0	3	a	6	4	0	0.0435170382081	0.154145902182	4	0	4	4	0	1	NA	NA	NA	NA	NA	NA	NA	4	0	4	4	0	1	NA	NA	NA	4	0	4
17	4101697	4101725	4	4	0	2	d	4	NA	NA	NA	NA	4	0	4	4	0	1	NA	NA	NA	NA	NA	NA	NA	NA	NA	NA	4	0	1	NA	NA	NA	4	0	4
17	4101726	4577077	4	4	0	3	a	6	4	0	0.046285617052	0.161187797445	4	0	4	4	0	1	NA	NA	NA	NA	NA	NA	NA	4	0	4	4	0	1	NA	NA	NA	4	0	4
17	4577078	4577234	4	4	0	3	b	5	4	0	0.05	0.1	4	0	4	4	0	1	NA	NA	NA	NA	NA	NA	NA	NA	NA	NA	4	0	1	NA	NA	NA	4	0	4
17	4577235	5765048	4	4	0	3	a	6	4	0	0.0370490031864	0.168448974358	4	0	4	4	0	1	NA	NA	NA	NA	NA	NA	NA	4	0	4	4	0	1	NA	NA	NA	4	0	4
17	5765049	5773329	1	1	0	2	d	3	4	0	0.05	0.1	4	0	4	1	0	1	NA	NA	NA	NA	NA	NA	NA	1	0	1	4	0	0.0681829	3	0	0.931817	1	0	1
17	5773330	5856679	4	4	0	2	d	4	4	0	0.0602864981284	0.1	3.86017	0	3.86017	4	0	1	NA	NA	NA	NA	NA	NA	NA	4	0	4	4	0	0.0681829	3	0	0.931817	4	0	4
17	5856680	5858386	4	4	0	2	d	3	4	0	0.05	0.1	3.86017	0	3.86017	4	0	1	NA	NA	NA	NA	NA	NA	NA	NA	NA	NA	4	0	0.0681829	3	0	0.931817	4	0	4
17	5858387	5950930	4	4	0	2	d	4	4	0	0.05	0.138567405135	4.137313	0.126207184	4.011105	4	0	1	NA	NA	NA	NA	NA	NA	NA	4	0	4	4	0	0.0681829	3	0	0.931817	4	0	4
17	5950931	5950954	6	5	1	2	f	2	NA	NA	NA	NA	4.137313	0.126207184	4.011105	1	0	0.43931855872154	2	0	0.56068144127846	NA	0	0.43931855872154	0.43931855872154	NA	NA	NA	NA	NA	NA	NA	NA	NA	6	1	5
17	5950955	6735344	4	4	0	3	a	6	4	0	0.0422801437902	0.173107249232	4	0	4	4	0	1	NA	NA	NA	NA	NA	NA	NA	4	0	4	4	0	1	NA	NA	NA	4	0	4
17	6735345	8251611	1	1	0	3	b	6	1	0	0.0891154217744	0.0896922949714	1	0	1	1	0	1	NA	NA	NA	NA	NA	NA	NA	1	0	1	0	0	1	NA	NA	NA	1	0	1
17	8251612	10194800	4	4	0	2	d	5	4	0	0.043172819121	0.165186269979	4	0	4	4	0	1	NA	NA	NA	NA	NA	NA	NA	4	0	4	4	0	0.155849	3	0	0.844151	4	0	4
17	10194801	10194924	4	4	0	2	d	4	4	0	0.05	0.1	4	0	4	4	0	1	NA	NA	NA	NA	NA	NA	NA	NA	NA	NA	4	0	0.155849	3	0	0.844151	4	0	4
17	10194925	14844928	4	4	0	3	a	6	4	0	0.0481656296829	0.163472990411	4	0	4	4	0	1	NA	NA	NA	NA	NA	NA	NA	4	0	4	4	0	1	NA	NA	NA	4	0	4
17	14844929	14845298	4	4	0	2	d	4	4	0	0.05	0.1	4	0	4	4	0	1	NA	NA	NA	NA	NA	NA	NA	NA	NA	NA	4	0	0.0495791	3	0	0.950421	4	0	4
17	14845299	16169310	4	4	0	2	d	5	4	0	0.0606858133437	0.165085430309	4	0	4	4	0	1	NA	NA	NA	NA	NA	NA	NA	4	0	4	4	0	0.0495791	3	0	0.950421	4	0	4
17	16169311	16169331	4	4	0	2	d	4	4	0	0.05	0.1	4	0	4	4	0	1	NA	NA	NA	NA	NA	NA	NA	NA	NA	NA	4	0	0.0495791	3	0	0.950421	4	0	4
17	16169332	17521145	4	4	0	2	d	5	4	0	0.0583649241013	0.173324239762	4	0	4	4	0	1	NA	NA	NA	NA	NA	NA	NA	4	0	4	4	0	0.136361	3	0	0.863639	4	0	4
17	17521146	17521735	4	4	0	2	d	2	NA	NA	NA	NA	4	0	4	NA	NA	NA	NA	NA	NA	NA	NA	NA	NA	NA	NA	NA	4	0	0.136361	3	0	0.863639	4	0	4
17	17521736	17798797	4	4	0	1	g	NA	5	0	0.05	0.177593936355	NA	NA	NA	3	0	1	NA	NA	NA	NA	NA	NA	NA	4	0	4	4	0	0.136361	3	0	0.863639	4	0	4
17	17798798	17801454	4	4	0	2	d	2	NA	NA	NA	NA	NA	NA	NA	NA	NA	NA	NA	NA	NA	NA	NA	NA	NA	NA	NA	NA	4	0	1	NA	NA	NA	4	0	4
17	17801455	17943601	4	4	0	2	d	3	4	0	0.05	0.219138760184	NA	NA	NA	2	2	1	NA	NA	NA	NA	NA	NA	NA	NA	NA	NA	4	0	1	NA	NA	NA	4	0	4
17	17943602	17943829	4	4	0	2	d	3	4	0	0.05	0.1	NA	NA	NA	NA	NA	NA	NA	NA	NA	NA	NA	NA	NA	NA	NA	NA	4	0	1	NA	NA	NA	4	0	4
17	17943830	19524562	4	4	0	3	a	6	4	0	0.0494453345543	0.433153034802	4	0	4	4	0	1	NA	NA	NA	NA	NA	NA	NA	4	0	4	4	0	1	NA	NA	NA	4	0	4
17	19524563	20228101	1	1	0	3	b	6	1	0	0.0745479532746	0.0832042894483	1	0	1	1	0	1	NA	NA	NA	NA	NA	NA	NA	1	0	1	0	0	1	NA	NA	NA	1	0	1
17	20228102	20376037	4	4	0	2	d	3	4	0	0.05	0.1	1	0	1	3	0	1	NA	NA	NA	NA	NA	NA	NA	NA	NA	NA	4	0	1	NA	NA	NA	4	0	4
17	20376038	21635913	4	4	0	3	a	6	4	0	0.0388469297115	0.167595427817	4	0	4	4	0	1	NA	NA	NA	NA	NA	NA	NA	4	0	4	4	0	1	NA	NA	NA	4	0	4
17	21635914	25799999	NA	NA	NA	NA	NA	NA	4	1	0.05	0.291226951565	5	1	4	NA	NA	NA	NA	NA	NA	NA	NA	NA	NA	5	1	4	4	1	1	NA	NA	NA	4	0	4
17	25800000	26481790	5	4	1	2	d	5	4	1	0.0521656400901	0.167442423945	4.88596	0.950795733	3.935164	4	1	1	NA	NA	NA	NA	NA	NA	NA	5	1	4	4	1	1	NA	NA	NA	5	1	4
17	26481791	26483953	5	4	1	2	d	4	4	1	0.05	0.1	4.88596	0.950795733	3.935164	4	1	1	NA	NA	NA	NA	NA	NA	NA	NA	NA	NA	4	1	1	NA	NA	NA	5	1	4
17	26483954	28491657	5	4	1	3	a	6	4	1	0.0493192533439	0.184929066243	5	1	4	4	1	1	NA	NA	NA	NA	NA	NA	NA	5	1	4	4	1	1	NA	NA	NA	5	1	4
17	28491658	28491691	5	4	1	2	d	4	NA	NA	NA	NA	5	1	4	4	1	1	NA	NA	NA	NA	NA	NA	NA	NA	NA	NA	4	1	1	NA	NA	NA	5	1	4
17	28491692	29507486	5	4	1	2	d	5	4	0.62	0.0523811824456	0.172715595277	5	1	4	4	1	1	NA	NA	NA	NA	NA	NA	NA	5	1	4	4	1	1	NA	NA	NA	5	1	4
17	29507487	29803562	5	4	1	2	d	4	4	0.62	0.0509887092722	0.197781303826	4.895458	0.927762434	3.967696	4	1	1	NA	NA	NA	NA	NA	NA	NA	5	1	4	4	1	1	NA	NA	NA	5	1	4
17	29803563	29803594	5	4	1	2	d	3	NA	NA	NA	NA	4.895458	0.927762434	3.967696	4	1	1	NA	NA	NA	NA	NA	NA	NA	NA	NA	NA	4	1	1	NA	NA	NA	5	1	4
17	29803595	30227028	5	4	1	2	d	5	4	0.84	0.0427449682296	0.175897636767	5	1	4	4	1	1	NA	NA	NA	NA	NA	NA	NA	5	1	4	4	1	1	NA	NA	NA	5	1	4
17	30227029	30229157	5	4	1	2	d	4	4	0.84	0.05	0.1	5	1	4	4	1	1	NA	NA	NA	NA	NA	NA	NA	NA	NA	NA	4	1	1	NA	NA	NA	5	1	4
17	30229158	31459350	5	4	1	2	d	5	4	0.84	0.0478591457496	0.194713506335	5	1	4	4	1	1	NA	NA	NA	NA	NA	NA	NA	5	1	4	4	1	1	NA	NA	NA	5	1	4
17	31459351	31459561	5	4	1	2	d	4	4	0.84	0.05	0.1	5	1	4	4	1	1	NA	NA	NA	NA	NA	NA	NA	NA	NA	NA	4	1	1	NA	NA	NA	5	1	4
17	31459562	31655524	5	4	1	2	d	4	4	0.84	0.0539900592506	0.200698324471	5.111637	1.056376906	4.05526	4	1	1	NA	NA	NA	NA	NA	NA	NA	5	1	4	4	1	1	NA	NA	NA	5	1	4
17	31655525	31657352	5	4	1	2	d	2	4	0.84	0.05	0.1	5.111637	1.056376906	4.05526	NA	NA	NA	NA	NA	NA	NA	NA	NA	NA	NA	NA	NA	4	1	1	NA	NA	NA	5	1	4
17	31657353	31737201	5	4	1	2	d	3	4	0.84	0.0693092304275	0.148643875509	4.894045	1.007126976	3.886918	3	1	1	NA	NA	NA	NA	NA	NA	NA	5	1	4	4	1	1	NA	NA	NA	5	1	4
17	31737202	31740287	4	3	1	2	e	1	4	0.84	0.05	0.1	4.894045	1.007126976	3.886918	1	0	0.360516259283297	1	1	0.639483740716703	0.105750243868235	0.0999980237750597	0.0988373315924741	0.486178101360004	3	1	2	4	1	1	NA	NA	NA	2	1	1
17	31740288	32715218	5	4	1	2	d	5	4	0.84	0.053937013633	0.190306808303	5	1	4	4	1	1	NA	NA	NA	NA	NA	NA	NA	5	1	4	4	1	1	NA	NA	NA	5	1	4
17	32715219	32715270	5	4	1	2	d	4	4	0.84	0.05	0.1	5	1	4	4	1	1	NA	NA	NA	NA	NA	NA	NA	NA	NA	NA	4	1	1	NA	NA	NA	5	1	4
17	32715271	35382420	5	4	1	2	d	5	4	0.84	0.0513828485636	0.215327166934	5	1	4	4	1	1	NA	NA	NA	NA	NA	NA	NA	5	1	4	4	1	1	NA	NA	NA	5	1	4
17	35382421	38209694	5	4	1	2	d	5	4	0.84	0.050693679937	0.253237849762	5	1	4	4	1	1	NA	NA	NA	NA	NA	NA	NA	5	1	4	4	1	1	NA	NA	NA	5	1	4
17	38209695	38598147	5	4	1	2	d	5	4	0.84	0.05	0.194851047689	5	1	4	4	1	1	NA	NA	NA	NA	NA	NA	NA	5	1	4	4	1	1	NA	NA	NA	5	1	4
17	38598148	38600220	5	4	1	2	e	3	4	0.84	0.05	0.1	5	1	4	1	0	1	NA	NA	NA	NA	NA	NA	NA	NA	NA	NA	4	1	1	NA	NA	NA	2	1	1
17	38600221	38804425	5	4	1	2	d	5	4	0.84	0.0562066617003	0.170226527764	5	1	4	4	1	1	NA	NA	NA	NA	NA	NA	NA	5	1	4	4	1	1	NA	NA	NA	5	1	4
17	38804426	38807018	5	4	1	2	d	2	NA	NA	NA	NA	5	1	4	1	0	0.54077438892494	1	1	0.45922561107506	NA	0	0.54077438892494	0.54077438892494	NA	NA	NA	4	1	1	NA	NA	NA	3	1	2
17	38807019	38807191	3	2	1	1	g	NA	NA	NA	NA	NA	NA	NA	NA	NA	NA	NA	NA	NA	NA	NA	NA	NA	NA	NA	NA	NA	4	1	1	NA	NA	NA	3	1	2
17	38807192	40780940	5	4	1	2	d	5	4	0.84	0.053541285254	0.210370751574	5	1	4	4	1	1	NA	NA	NA	NA	NA	NA	NA	5	1	4	4	1	1	NA	NA	NA	5	1	4
17	40780941	40781003	5	4	1	2	d	4	4	0.84	0.05	0.1	5	1	4	4	1	1	NA	NA	NA	NA	NA	NA	NA	NA	NA	NA	4	1	1	NA	NA	NA	5	1	4
17	40781004	42612520	5	4	1	2	d	5	4	0.84	0.0571639112563	0.231234241165	5	1	4	4	1	1	NA	NA	NA	NA	NA	NA	NA	5	1	4	4	1	1	NA	NA	NA	5	1	4
17	42612521	42615083	5	4	1	2	d	2	NA	NA	NA	NA	5	1	4	3	0	0.262760272710518	3	1	0.737239727289482	NA	0	0.262760272710518	0.262760272710518	NA	NA	NA	4	1	1	NA	NA	NA	2	0	2
17	42615084	44797758	5	4	1	2	d	5	4	1	0.0616236144674	0.227893230598	4.840524	1.01851542	3.822009	4	1	1	NA	NA	NA	NA	NA	NA	NA	5	1	4	4	1	1	NA	NA	NA	5	1	4
17	44797759	44797904	5	4	1	2	d	4	4	1	0.05	0.1	4.840524	1.01851542	3.822009	4	1	1	NA	NA	NA	NA	NA	NA	NA	NA	NA	NA	4	1	1	NA	NA	NA	5	1	4
17	44797905	45070159	5	4	1	2	d	4	4	1	0.0652355651237	0.221871965065	4.785468	1.042936747	3.742532	4	1	1	NA	NA	NA	NA	NA	NA	NA	5	1	4	4	1	0.437349	3	1	0.562651	5	1	4
17	45070160	45070218	5	4	1	2	d	3	4	1	0.05	0.1	4.785468	1.042936747	3.742532	4	1	1	NA	NA	NA	NA	NA	NA	NA	NA	NA	NA	4	1	0.437349	3	1	0.562651	5	1	4
17	45070219	45757374	5	4	1	2	d	5	4	1	0.0438060768698	0.1655888956	5.103411	1.056250541	4.04716	4	1	1	NA	NA	NA	NA	NA	NA	NA	5	1	4	4	1	1	NA	NA	NA	5	1	4
17	45757375	45758108	5	4	1	2	d	4	4	1	0.05	0.1	5.103411	1.056250541	4.04716	4	1	1	NA	NA	NA	NA	NA	NA	NA	NA	NA	NA	4	1	1	NA	NA	NA	5	1	4
17	45758109	47332078	5	4	1	3	a	6	4	1	0.0507911900239	0.183505047678	5	1	4	4	1	1	NA	NA	NA	NA	NA	NA	NA	5	1	4	4	1	1	NA	NA	NA	5	1	4
17	47332079	47332100	5	4	1	2	d	4	4	1	0.05	0.1	5	1	4	NA	NA	NA	NA	NA	NA	NA	NA	NA	NA	1	0	1	4	1	1	NA	NA	NA	5	1	4
17	47332101	47332936	5	4	1	2	d	3	4	1	0.05	0.1	NA	NA	NA	1	1	0.769670167680121	2	1	0.230329832319879	NA	0	0.769670167680121	0.769670167680121	NA	NA	NA	4	1	1	NA	NA	NA	5	1	4
17	47332937	47924122	5	4	1	3	a	6	4	1	0.0510805335449	0.191680971949	5	1	4	4	1	1	NA	NA	NA	NA	NA	NA	NA	5	1	4	4	1	1	NA	NA	NA	5	1	4
17	47924123	47924500	5	4	1	3	b	5	4	1	0.05	0.1	5	1	4	4	1	1	NA	NA	NA	NA	NA	NA	NA	NA	NA	NA	4	1	1	NA	NA	NA	5	1	4
17	47924501	48576283	5	4	1	3	a	6	4	1	0.0726975627709	0.214945440592	5	1	4	4	1	1	NA	NA	NA	NA	NA	NA	NA	5	1	4	4	1	1	NA	NA	NA	5	1	4
17	48576284	48578855	5	4	1	2	d	4	4.16	0.84	0.05	0.1	5	1	4	4	1	1	NA	NA	NA	NA	NA	NA	NA	NA	NA	NA	4	1	1	NA	NA	NA	5	1	4
17	48578856	49954121	5	4	1	2	d	5	4.16	0.84	0.0613812119456	0.193621692937	5	1	4	4	1	1	NA	NA	NA	NA	NA	NA	NA	5	1	4	4	1	1	NA	NA	NA	5	1	4
17	49954122	49955219	5	4	1	2	d	2	NA	NA	NA	NA	5	1	4	1	0	0.138197899391931	1	1	0.861802100608069	NA	0	0.138197899391931	0.138197899391931	NA	NA	NA	4	1	1	NA	NA	NA	2	1	1
17	49955220	53898355	5	4	1	3	a	6	4	1	0.0506069460135	0.185421635104	5	1	4	4	1	1	NA	NA	NA	NA	NA	NA	NA	5	1	4	4	1	1	NA	NA	NA	5	1	4
17	53898356	53899672	5	4	1	2	d	4	4	0.84	0.05	0.1	5	1	4	4	1	1	NA	NA	NA	NA	NA	NA	NA	NA	NA	NA	4	1	1	NA	NA	NA	5	1	4
17	53899673	56333015	5	4	1	2	d	5	4	0.84	0.0530868652812	0.200170575052	5	1	4	4	1	1	NA	NA	NA	NA	NA	NA	NA	5	1	4	4	1	1	NA	NA	NA	5	1	4
17	56333016	56333120	5	4	1	2	d	4	NA	NA	NA	NA	5	1	4	4	1	1	NA	NA	NA	NA	NA	NA	NA	NA	NA	NA	4	1	1	NA	NA	NA	5	1	4
17	56333121	59517866	5	4	1	2	d	5	4	0.84	0.0571433786013	0.169478516856	5	1	4	4	1	1	NA	NA	NA	NA	NA	NA	NA	5	1	4	4	1	1	NA	NA	NA	5	1	4
17	59517867	59518754	5	4	1	2	d	4	4	0.84	0.05	0.1	5	1	4	4	1	1	NA	NA	NA	NA	NA	NA	NA	NA	NA	NA	4	1	1	NA	NA	NA	5	1	4
17	59518755	59917770	5	4	1	2	d	5	4	0.84	0.05	0.196688961951	5	1	4	4	1	1	NA	NA	NA	NA	NA	NA	NA	5	1	4	4	1	1	NA	NA	NA	5	1	4
17	59917771	59920804	5	4	1	2	d	3	NA	NA	NA	NA	5	1	4	0	0	0.946351575456051	1	0	0.0536484245439494	NA	0	0.946351575456051	0.946351575456051	NA	NA	NA	4	1	1	NA	NA	NA	5	1	4
17	59920805	61919877	5	4	1	2	d	5	4	0.84	0.0477660475518	0.19752908269	5	1	4	4	1	1	NA	NA	NA	NA	NA	NA	NA	5	1	4	4	1	1	NA	NA	NA	5	1	4
17	61919878	61921406	5	4	1	2	d	4	4	0.84	0.05	0.1	5	1	4	4	1	1	NA	NA	NA	NA	NA	NA	NA	1	0	1	4	1	1	NA	NA	NA	5	1	4
17	61921407	61922040	5	4	1	2	d	2	4	0.84	0.05	0.1	NA	NA	NA	4	1	1	NA	NA	NA	NA	NA	NA	NA	1	0	1	4	1	1	NA	NA	NA	NA	NA	NA
17	61922041	61922112	5	4	1	2	d	3	4	0.84	0.05	0.1	NA	NA	NA	4	1	1	NA	NA	NA	NA	NA	NA	NA	NA	NA	NA	4	1	1	NA	NA	NA	5	1	4
17	61922113	62957770	5	4	1	2	d	5	4	0.84	0.0528889300102	0.189705791022	5	1	4	4	1	1	NA	NA	NA	NA	NA	NA	NA	5	1	4	4	1	1	NA	NA	NA	5	1	4
17	62957771	62958139	5	4	1	2	d	4	4	0.84	0.05	0.1	5	1	4	4	1	1	NA	NA	NA	NA	NA	NA	NA	NA	NA	NA	4	1	1	NA	NA	NA	5	1	4
17	62958140	63509093	5	4	1	2	d	4	4	0.84	0.05	0.177268511244	5.042367	1.104615389	3.937751	4	1	1	NA	NA	NA	NA	NA	NA	NA	5	1	4	4	1	1	NA	NA	NA	5	1	4
17	63509094	63510346	5	4	1	2	d	3	4	0.84	0.05	0.1	5.042367	1.104615389	3.937751	4	1	1	NA	NA	NA	NA	NA	NA	NA	NA	NA	NA	4	1	1	NA	NA	NA	5	1	4
17	63510347	64069058	5	4	1	2	d	5	4	0.84	0.0466733000612	0.186014737172	5	1	4	4	1	1	NA	NA	NA	NA	NA	NA	NA	5	1	4	4	1	1	NA	NA	NA	5	1	4
17	64069059	64073334	5	4	1	2	e	3	4	0.84	0.05	0.1	5	1	4	1	1	1	NA	NA	NA	NA	NA	NA	NA	3	1	2	4	1	1	NA	NA	NA	3	1	2
17	64073335	64363482	5	4	1	2	d	5	4	0.84	0.05	0.214889387877	5	1	4	4	1	1	NA	NA	NA	NA	NA	NA	NA	5	1	4	4	1	1	NA	NA	NA	5	1	4
17	64363483	64363662	5	4	1	2	d	3	4	0.84	0.05	0.1	5	1	4	NA	NA	NA	NA	NA	NA	NA	NA	NA	NA	NA	NA	NA	4	1	1	NA	NA	NA	5	1	4
17	64363663	64483774	5	4	1	2	d	4	4	0.84	0.05	0.149103868056	5	1	4	4	0	0.210700603628309	4	1	0.789299396371691	0.088698639714829	0.0837790961676888	0.124858640722468	0.46680724546534	5	1	4	4	1	1	NA	NA	NA	5	1	4
17	64483775	64926184	2	1	1	2	d	5	0.84	0.84	0.0409941748611	0.10034945813	2	1	1	1	1	1	NA	NA	NA	NA	NA	NA	NA	2	1	1	1	1	1	NA	NA	NA	2	1	1
17	64926185	64926758	2	1	1	2	d	3	NA	NA	NA	NA	2	1	1	NA	NA	NA	NA	NA	NA	NA	NA	NA	NA	1	0	1	1	1	1	NA	NA	NA	2	1	1
17	64926759	64926876	2	1	1	1	h	1	NA	NA	NA	NA	NA	NA	NA	NA	NA	NA	NA	NA	NA	NA	NA	NA	NA	NA	NA	NA	1	1	1	NA	NA	NA	NA	NA	NA
17	64926877	65568502	5	4	1	2	d	5	4	1	0.0459059678877	0.187330233064	5.021639	1.117354234	3.904285	4	1	1	NA	NA	NA	NA	NA	NA	NA	5	1	4	4	1	1	NA	NA	NA	5	1	4
17	65568503	65571061	5	4	1	2	d	2	4	1	0.05	0.1	5.021639	1.117354234	3.904285	1	0	0.43186843559978	1	1	0.56813156440022	NA	0	0.43186843559978	0.43186843559978	NA	NA	NA	4	1	1	NA	NA	NA	2	1	1
17	65571062	66259759	5	4	1	2	d	5	4	1	0.0434189585847	0.162955075393	4.858411	0.959545879	3.898865	4	1	1	NA	NA	NA	NA	NA	NA	NA	5	1	4	4	1	1	NA	NA	NA	5	1	4
17	66259760	66600359	5	4	1	2	d	5	4	1	0.0426480599732	0.163421903115	4.991191	1.205371587	3.78582	4	1	1	NA	NA	NA	NA	NA	NA	NA	5	1	4	4	1	1	NA	NA	NA	5	1	4
17	66600360	66815561	2	1	1	2	d	5	1	1	0.0392959846892	0.109192125398	2.122217	1.06110868	1.061109	1	1	1	NA	NA	NA	NA	NA	NA	NA	2	1	1	1	1	1	NA	NA	NA	2	1	1
17	66815562	67357792	5	4	1	2	d	5	4	0.84	0.0379129141575	0.188388870634	5	1	4	4	1	1	NA	NA	NA	NA	NA	NA	NA	5	1	4	4	1	1	NA	NA	NA	5	1	4
17	67357793	67358386	5	4	1	2	d	4	4	0.84	0.05	0.1	5	1	4	4	1	1	NA	NA	NA	NA	NA	NA	NA	NA	NA	NA	4	1	1	NA	NA	NA	5	1	4
17	67358387	67725038	5	4	1	2	d	5	4	0.84	0.0539145150807	0.16432960793	5	1	4	4	1	1	NA	NA	NA	NA	NA	NA	NA	5	1	4	4	1	1	NA	NA	NA	5	1	4
17	67725039	67725050	5	4	1	2	d	4	4	0.84	0.05	0.1	5	1	4	4	1	1	NA	NA	NA	NA	NA	NA	NA	NA	NA	NA	4	1	1	NA	NA	NA	5	1	4
17	67725051	70663454	5	4	1	2	d	5	4	0.84	0.0529635567239	0.181482674916	5	1	4	4	1	1	NA	NA	NA	NA	NA	NA	NA	5	1	4	4	1	1	NA	NA	NA	5	1	4
17	70663455	70663843	5	4	1	2	d	4	4	0.84	0.05	0.1	5	1	4	4	1	1	NA	NA	NA	NA	NA	NA	NA	NA	NA	NA	4	1	1	NA	NA	NA	5	1	4
17	70663844	71183419	5	4	1	2	d	5	4	0.84	0.0615406065857	0.169959716852	5	1	4	4	1	1	NA	NA	NA	NA	NA	NA	NA	5	1	4	4	1	1	NA	NA	NA	5	1	4
17	71183420	71183445	5	4	1	2	d	4	4	0.84	0.05	0.1	5	1	4	4	1	1	NA	NA	NA	NA	NA	NA	NA	NA	NA	NA	4	1	1	NA	NA	NA	5	1	4
17	71183446	72380264	5	4	1	2	d	5	4	0.84	0.0583789484732	0.185273854943	5	1	4	4	1	1	NA	NA	NA	NA	NA	NA	NA	5	1	4	4	1	1	NA	NA	NA	5	1	4
17	72380265	72416216	5	4	1	2	e	3	4	0.84	0.05	0.1	5	1	4	1	1	1	NA	NA	NA	NA	NA	NA	NA	NA	NA	NA	4	1	1	NA	NA	NA	2	0	2
17	72416217	74523032	5	4	1	2	d	5	4	0.84	0.0553275704684	0.21353924948	5	1	4	4	1	1	NA	NA	NA	NA	NA	NA	NA	5	1	4	4	1	1	NA	NA	NA	5	1	4
17	74523033	74716522	5	4	1	2	d	5	4	0.84	0.0577745913278	0.1	5	1	4	4	1	1	NA	NA	NA	NA	NA	NA	NA	5	1	4	4	1	1	NA	NA	NA	5	1	4
17	74716523	74716677	5	4	1	2	d	4	4	0.84	0.05	0.1	5	1	4	4	1	1	NA	NA	NA	NA	NA	NA	NA	NA	NA	NA	4	1	1	NA	NA	NA	5	1	4
17	74716678	76080680	5	4	1	2	d	5	4	0.84	0.0488430453949	0.208971958236	5	1	4	4	1	1	NA	NA	NA	NA	NA	NA	NA	5	1	4	4	1	1	NA	NA	NA	5	1	4
17	76080681	76080797	5	4	1	2	d	4	4	0.84	0.05	0.1	5	1	4	4	1	1	NA	NA	NA	NA	NA	NA	NA	NA	NA	NA	4	1	1	NA	NA	NA	5	1	4
17	76080798	76356675	5	4	1	2	d	4	4	0.84	0.0469871165796	0.157765441901	4.897361	0.957934451	3.939426	4	1	1	NA	NA	NA	NA	NA	NA	NA	5	1	4	4	1	1	NA	NA	NA	5	1	4
17	76356676	76766615	2	1	1	2	d	3	0.84	0.84	0.0496425939082	0.105299273417	2	1	1	1	0	0.0901290648208224	1	1	0.909870935179178	0.0401107700541751	0.0390405910166783	0.0301440251772541	0.182577834129239	2	1	1	1	0	0.279504	1	1	0.720496	2	1	1
17	76766616	77976114	5	4	1	2	d	5	4.16	1	0.0505982381694	0.214144036811	5	1	4	4	1	1	NA	NA	NA	NA	NA	NA	NA	5	1	4	4	1	1	NA	NA	NA	5	1	4
17	77976115	77976205	5	4	1	2	d	2	4.16	1	0.05	0.1	5	1	4	1	0	0.630903453745766	1	1	0.369096546254234	NA	0	0.630903453745766	0.630903453745766	NA	NA	NA	4	1	1	NA	NA	NA	2	1	1
17	77976206	79602275	5	4	1	2	d	5	4.16	1	0.0587040543738	0.216397893026	5	1	4	4	1	1	NA	NA	NA	NA	NA	NA	NA	5	1	4	4	1	1	NA	NA	NA	5	1	4
17	79602276	79602539	5	4	1	2	d	4	NA	NA	NA	NA	5	1	4	4	1	1	NA	NA	NA	NA	NA	NA	NA	NA	NA	NA	4	1	1	NA	NA	NA	5	1	4
17	79602540	81011329	5	4	1	2	d	3	NA	NA	NA	NA	4.930553	1.031368948	3.899184	4	1	1	NA	NA	NA	NA	NA	NA	NA	5	1	4	4	1	1	NA	NA	NA	6	1	5
18	27500	15399999	4	3	1	2	d	3	3	1	0.0596456653429	0.171960885769	3.759524	1.046146752	2.713377	2	1	0.25870646766169	3	1	0.74129353233831	0.011763334693559	0.0120951295514685	0.265534824084173	0.314009862347115	4	1	3	3	1	0.536911	2	1	0.463089	4	1	3
18	15400000	18999999	4	3	1	2	d	3	3	1	0.05	0.197778581644	3.747559	1.058827205	2.688732	2	1	0.28096349195759	3	1	0.71903650804241	0.0245978344414899	0.0237907060518133	0.235796218725839	0.329660914972167	4	1	3	3	1	0.4024	2	1	0.5976	4	1	3
18	19000000	23964513	4	3	1	2	d	3	3	1	0.0603595394526	0.170202726972	3.783307	1.036375775	2.746931	2	1	0.28096349195759	3	1	0.71903650804241	0.0245978344414899	0.0237907060518133	0.235796218725839	0.329660914972167	4	1	3	3	1	0.536911	2	1	0.463089	4	1	3
18	23964514	24486209	2	1	1	3	a	6	1	1	0.0435781250413	0.101458693812	2	1	1	1	1	1	NA	NA	NA	NA	NA	NA	NA	2	1	1	1	1	1	NA	NA	NA	2	1	1
18	24486210	24873434	4	3	1	2	d	4	3	1	0.05	0.155401140837	3.714488	1.08439581	2.630092	3	1	1	NA	NA	NA	NA	NA	NA	NA	4	1	3	3	1	0.528908	2	1	0.471092	4	1	3
18	24873435	24883782	4	3	1	1	g	NA	3	1	0.05	0.1	3.714488	1.08439581	2.630092	NA	NA	NA	NA	NA	NA	NA	NA	NA	NA	3	1	2	1	1	1	NA	NA	NA	4	1	3
18	24883783	24890018	2	1	1	1	h	1	3	1	0.05	0.1	NA	NA	NA	NA	NA	NA	NA	NA	NA	NA	NA	NA	NA	NA	NA	NA	1	1	1	NA	NA	NA	NA	NA	NA
18	24890019	25082499	2	1	1	3	b	5	1	1	0.05	0.161230481048	NA	NA	NA	1	1	1	NA	NA	NA	NA	NA	NA	NA	2	1	1	1	1	1	NA	NA	NA	2	1	1
18	25082500	25177311	4	3	1	1	g	NA	NA	NA	NA	NA	NA	NA	NA	2	1	1	NA	NA	NA	NA	NA	NA	NA	NA	NA	NA	1	1	1	NA	NA	NA	4	1	3
18	25177312	76117000	2	1	1	3	a	6	1	1	0.0443612464177	0.121810415253	2	1	1	1	1	1	NA	NA	NA	NA	NA	NA	NA	2	1	1	1	1	1	NA	NA	NA	2	1	1
18	76117001	78077247	2	1	1	3	b	5	NA	NA	NA	NA	2	1	1	1	1	1	NA	NA	NA	NA	NA	NA	NA	2	1	1	1	1	1	NA	NA	NA	2	1	1
19	102500	260300	4	3	1	2	d	3	NA	NA	NA	NA	NA	NA	NA	3	1	1	NA	NA	NA	NA	NA	NA	NA	NA	NA	NA	3	1	1	NA	NA	NA	4	1	3
19	260301	6700571	4	3	1	2	d	5	3	1	0.0611638892528	0.182076076467	3.816582	0.99673722	2.819845	3	1	1	NA	NA	NA	NA	NA	NA	NA	4	1	3	3	1	1	NA	NA	NA	4	1	3
19	6700572	8775617	5	3	2	2	d	4	2	2	0.050651885112	0.187685305405	4.730306	1.969252612	2.761053	3	2	1	NA	NA	NA	NA	NA	NA	NA	5	2	3	3	2	1	NA	NA	NA	5	2	3
19	8775618	8778811	6	4	2	1	g	NA	3	3	0.05	0.1	4.730306	1.969252612	2.761053	4	2	1	NA	NA	NA	NA	NA	NA	NA	NA	NA	NA	3	3	1	NA	NA	NA	6	2	4
19	8778812	8778879	7	4	3	1	g	NA	3	3	0.05	0.1	NA	NA	NA	4	4	1	NA	NA	NA	NA	NA	NA	NA	3	1	2	3	3	1	NA	NA	NA	7	3	4
19	8778880	8779488	6	3	3	2	d	3	3	3	0.05	0.1	NA	NA	NA	4	3	0.563663165653209	4	4	0.436336834346791	NA	0	0.563663165653209	0.563663165653209	NA	NA	NA	3	3	1	NA	NA	NA	6	3	3
19	8779489	8779527	6	3	3	2	d	3	3	3	0.05	0.1	NA	NA	NA	NA	NA	NA	NA	NA	NA	NA	NA	NA	NA	NA	NA	NA	3	3	1	NA	NA	NA	6	3	3
19	8779528	9118795	6	3	3	3	a	6	3	3	0.0331441531536	0.193058724057	6	3	3	3	3	1	NA	NA	NA	NA	NA	NA	NA	6	3	3	3	3	1	NA	NA	NA	6	3	3
19	9118796	9388851	5	3	2	2	d	5	3	2	0.0396050198547	0.223003197027	4.89996	2.035982442	2.863978	3	2	1	NA	NA	NA	NA	NA	NA	NA	5	2	3	3	2	1	NA	NA	NA	5	2	3
19	9388852	9628685	6	3	3	2	d	3	3	2	0.05	0.210758124098	4.89996	2.035982442	2.863978	3	3	1	NA	NA	NA	NA	NA	NA	NA	6	3	3	3	2	1	NA	NA	NA	6	3	3
19	9628686	9724403	5	3	2	2	d	3	3	2	0.05	0.103901614214	NA	NA	NA	3	2	1	NA	NA	NA	NA	NA	NA	NA	5	2	3	NA	NA	NA	NA	NA	NA	5	1	4
19	9724404	9914536	4	3	1	2	d	4	3	1	0.05	0.197590531746	NA	NA	NA	3	1	1	NA	NA	NA	NA	NA	NA	NA	4	1	3	NA	NA	NA	NA	NA	NA	4	1	3
19	9914537	10014180	5	3	2	2	d	3	3	1	0.05	0.1	4.799946	1.919485196	2.880461	3	2	1	NA	NA	NA	NA	NA	NA	NA	5	2	3	NA	NA	NA	NA	NA	NA	5	2	3
19	10014181	10522617	4	3	1	2	d	4	3	1	0.0651617993866	0.1	3.841694	1.018039878	2.823655	3	1	1	NA	NA	NA	NA	NA	NA	NA	4	1	3	3	1	0.603064	2	1	0.396936	4	1	3
19	10522618	12173331	5	3	2	2	d	5	3	2	0.0422175874826	0.21227895364	4.758844	1.934761155	2.824083	3	2	1	NA	NA	NA	NA	NA	NA	NA	5	2	3	3	2	1	NA	NA	NA	5	2	3
19	12173332	12174296	5	3	2	2	d	4	3	2	0.05	0.1	4.758844	1.934761155	2.824083	3	2	1	NA	NA	NA	NA	NA	NA	NA	3	1	2	3	2	1	NA	NA	NA	5	2	3
19	12174297	12180862	5	3	2	2	d	3	3	2	0.05	0.1	NA	NA	NA	3	2	1	NA	NA	NA	NA	NA	NA	NA	NA	NA	NA	3	2	1	NA	NA	NA	NA	NA	NA
19	12180863	12184801	5	3	2	2	d	4	3	2	0.05	0.1	NA	NA	NA	3	2	1	NA	NA	NA	NA	NA	NA	NA	5	2	3	3	2	1	NA	NA	NA	NA	NA	NA
19	12184802	12649454	5	3	2	2	d	5	3	2	0.0380909046672	0.197503658963	4.768536	1.953542765	2.814993	3	2	1	NA	NA	NA	NA	NA	NA	NA	5	2	3	3	2	1	NA	NA	NA	5	2	3
19	12649455	13097441	6	3	3	2	d	4	3	3	0.0301244865263	0.1	5.626724	2.81336208	2.813362	3	3	1	NA	NA	NA	NA	NA	NA	NA	6	3	3	3	3	1	NA	NA	NA	6	2	4
19	13097442	13724857	5	3	2	2	d	5	3	2	0.0469846265701	0.191446864885	4.857832	2.000301325	2.85753	3	2	1	NA	NA	NA	NA	NA	NA	NA	5	2	3	3	2	1	NA	NA	NA	5	2	3
19	13724858	15711194	6	3	3	2	d	5	3	3	0.0347026592507	0.218564964787	5.806465	2.903232416	2.903232	3	3	1	NA	NA	NA	NA	NA	NA	NA	6	3	3	3	3	1	NA	NA	NA	6	3	3
19	15711195	15802949	5	3	2	2	d	3	3	3	0.0378110463644	0.231269935109	4.942758	2.060223525	2.882535	2	2	0.268340835505016	3	2	0.731659164494984	0.077628429452094	0.0778493807684507	0.0981971285224165	0.40346916929486	5	2	3	3	2	1	NA	NA	NA	5	2	3
19	15802950	15984772	6	3	3	2	d	5	3	3	0.0336641040947	0.239001691069	5.886242	2.943120784	2.943121	3	3	1	NA	NA	NA	NA	NA	NA	NA	6	3	3	3	3	1	NA	NA	NA	6	3	3
19	15984773	16182555	5	3	2	3	a	6	3	2	0.0364195257814	0.191818131027	5	2	3	3	2	1	NA	NA	NA	NA	NA	NA	NA	5	2	3	3	2	1	NA	NA	NA	5	2	3
19	16182556	16433079	6	3	3	2	d	5	3	3	0.05	0.1	5.718591	2.85929536	2.859295	3	3	1	NA	NA	NA	NA	NA	NA	NA	6	3	3	3	3	1	NA	NA	NA	6	3	3
19	16433080	16907887	5	3	2	2	d	4	3	2	0.05	0.17923747563	4.680123	1.86290997	2.817213	3	2	1	NA	NA	NA	NA	NA	NA	NA	5	2	3	3	2	0.990025	2	2	0.00997489	5	2	3
19	16907888	16913696	5	3	2	2	d	5	3	2	0.05	0.1	4.680123	1.86290997	2.817213	3	2	1	NA	NA	NA	NA	NA	NA	NA	5	2	3	3	2	1	NA	NA	NA	5	2	3
19	16913697	17783018	5	3	2	2	d	5	3	2	0.0511225577725	0.177343021157	4.795883	2.02039242	2.775491	3	2	1	NA	NA	NA	NA	NA	NA	NA	5	2	3	3	2	1	NA	NA	NA	5	2	3
19	17783019	22363057	4	3	1	2	d	4	2.52	0.84	0.0595052658274	0.168234330274	3.852526	1.006580414	2.845946	3	1	1	NA	NA	NA	NA	NA	NA	NA	4	1	3	3	1	1	NA	NA	NA	4	1	3
19	22363058	22442310	4	3	1	1	g	NA	2.52	0.84	0.05	0.193021129541	3.852526	1.006580414	2.845946	3	1	1	NA	NA	NA	NA	NA	NA	NA	5	2	3	3	2	1	NA	NA	NA	4	1	3
19	22442311	24399999	5	3	2	2	d	4	2.38	2.38	0.0565890103923	0.201672057321	4.893095	1.966316054	2.926779	3	2	1	NA	NA	NA	NA	NA	NA	NA	5	2	3	3	2	1	NA	NA	NA	5	2	3
19	24400000	28599999	5	3	2	2	d	4	2.78	1	0.0440954816725	0.31821394547	5	2	3	NA	NA	NA	NA	NA	NA	NA	NA	NA	NA	5	2	3	3	2	1	NA	NA	NA	5	2	3
19	28600000	59128982	5	3	2	2	d	5	2.78	1	0.0513787168713	0.274529095473	5	2	3	3	2	1	NA	NA	NA	NA	NA	NA	NA	5	2	3	3	2	1	NA	NA	NA	5	2	3
20	32012	19826302	5	3	2	2	d	3	2.78	2	0.0498081038955	0.182550106796	5	2	3	NA	NA	NA	NA	NA	NA	NA	NA	NA	NA	5	2	3	3	2	1	NA	NA	NA	NA	NA	NA
20	19826303	19864793	6	3	3	2	d	3	3	3	0.0529399838093	0.1	5.584819	2.792409424	2.792409	NA	NA	NA	NA	NA	NA	NA	NA	NA	NA	6	3	3	3	3	1	NA	NA	NA	NA	NA	NA
20	19864794	25599999	5	3	2	2	d	5	2.65	1.78	0.0483625330328	0.179544289603	5	2	3	3	2	1	NA	NA	NA	NA	NA	NA	NA	5	2	3	3	2	1	NA	NA	NA	5	2	3
20	25600000	29399999	5	3	2	2	d	5	2.65	1.78	0.0480240570696	0.266936540036	5	2	3	3	2	1	NA	NA	NA	NA	NA	NA	NA	5	2	3	3	2	1	NA	NA	NA	5	2	3
20	29400000	62432500	5	3	2	2	d	5	2.65	1.78	0.0499134062727	0.182384131546	5	2	3	3	2	1	NA	NA	NA	NA	NA	NA	NA	5	2	3	3	2	1	NA	NA	NA	5	2	3
21	1	9436801	NA	NA	NA	NA	NA	NA	2	2	0.05	0.1	NA	NA	NA	NA	NA	NA	NA	NA	NA	NA	NA	NA	NA	NA	NA	NA	2	0	1	NA	NA	NA	NA	NA	NA
21	9436802	10899999	NA	NA	NA	NA	NA	NA	2	2	0.05	0.265793832643	NA	NA	NA	NA	NA	NA	NA	NA	NA	NA	NA	NA	NA	NA	NA	NA	2	0	1	NA	NA	NA	NA	NA	NA
21	10900000	15223231	4	2	2	2	d	2	2	2	0.0305303013301	0.181686067552	NA	NA	NA	NA	NA	NA	NA	NA	NA	NA	NA	NA	NA	4	2	2	2	2	0.387058	2	1	0.612942	NA	NA	NA
21	15223232	24498928	4	2	2	3	b	5	2	2	0.0385782062815	0.178284518584	4	2	2	2	2	1	NA	NA	NA	NA	NA	NA	NA	4	2	2	2	2	1	NA	NA	NA	NA	NA	NA
21	24498929	46937500	3	2	1	2	d	5	2	0.84	0.0596924267275	0.146280357854	3	1	2	2	1	1	NA	NA	NA	NA	NA	NA	NA	3	1	2	2	1	1	NA	NA	NA	3	1	2
21	46937501	48129894	3	2	1	3	b	5	NA	NA	NA	NA	3	1	2	2	1	1	NA	NA	NA	NA	NA	NA	NA	3	1	2	2	1	1	NA	NA	NA	3	1	2
22	1	12199999	4	2	2	1	g	NA	NA	NA	NA	NA	NA	NA	NA	NA	NA	NA	NA	NA	NA	NA	NA	NA	NA	NA	NA	NA	NA	NA	NA	NA	NA	NA	4	2	2
22	12200000	17899999	4	2	2	3	a	6	2	2	0.0380248067726	0.250808590074	4	2	2	2	2	1	NA	NA	NA	NA	NA	NA	NA	4	2	2	2	2	1	NA	NA	NA	4	2	2
22	17900000	24165418	4	2	2	3	a	6	2	2	0.0363437990348	0.191966195176	4	2	2	2	2	1	NA	NA	NA	NA	NA	NA	NA	4	2	2	2	2	1	NA	NA	NA	4	2	2
22	24165419	24167048	4	2	2	3	b	5	2	2	0.05	0.1	4	2	2	2	2	1	NA	NA	NA	NA	NA	NA	NA	NA	NA	NA	2	2	1	NA	NA	NA	4	2	2
22	24167049	29065720	4	2	2	3	a	6	2	2	0.0418769672732	0.165538796248	4	2	2	2	2	1	NA	NA	NA	NA	NA	NA	NA	4	2	2	2	2	1	NA	NA	NA	4	2	2
22	29065721	49687500	4	2	2	3	a	6	2	2	0.0419505821769	0.17910115895	4	2	2	2	2	1	NA	NA	NA	NA	NA	NA	NA	4	2	2	2	2	1	NA	NA	NA	4	2	2
22	49687501	51304565	4	2	2	2	d	4	NA	NA	NA	NA	4	2	2	2	2	0.845975906936391	3	2	0.154024093063609	0.0760159712073297	0.076130231748612	0.671046459090925	0.962322006246373	4	2	2	2	2	1	NA	NA	NA	4	2	2
X	1	58099999	3	2	1	2	d	4	1	0.57	0.0575170969487	0.196569692848	3	1	2	2	1	1	NA	NA	NA	NA	NA	NA	NA	3	1	2	NA	NA	NA	NA	NA	NA	3	1	2
X	58100000	62999999	3	2	1	2	d	2	1	0.57	0.0422327262361	0.407706201036	3.137615	1.110091944	2.027523	NA	NA	NA	NA	NA	NA	NA	NA	NA	NA	3	1	2	NA	NA	NA	NA	NA	NA	3	1	2
X	63000000	93257246	3	2	1	2	d	4	1	0.57	0.0595908395192	0.199062544714	3	1	2	2	1	1	NA	NA	NA	NA	NA	NA	NA	3	1	2	NA	NA	NA	NA	NA	NA	3	1	2
X	93257247	93262527	3	2	1	2	d	2	1	0.57	0.05	0.1	3.176734	0	3.176734	2	2	0.643431926163836	3	2	0.356568073836164	0.0274372186685612	0.0198819024716154	0.615878938640137	0.670753375977261	3	1	2	NA	NA	NA	NA	NA	NA	3	1	2
X	93262528	121795455	3	2	1	2	d	4	1	0.57	0.0592263050319	0.205526052705	3	1	2	2	1	1	NA	NA	NA	NA	NA	NA	NA	3	1	2	NA	NA	NA	NA	NA	NA	3	1	2
X	121795456	121796348	3	2	1	1	g	NA	1	0.57	0.05	0.1	3	0	3	NA	NA	NA	NA	NA	NA	NA	NA	NA	NA	1	0	1	NA	NA	NA	NA	NA	NA	3	1	2
X	121796349	121798535	2	1	1	2	e	1	1	0.57	0.05	0.1	3	0	3	2	1	0.714643835088129	2	2	0.285356164911871	NA	0	0.714643835088129	0.714643835088129	1	0	1	NA	NA	NA	NA	NA	NA	3	1	2
X	121798536	121798573	2	1	1	2	e	1	1	0.57	0.05	0.1	3	0	3	NA	NA	NA	NA	NA	NA	NA	NA	NA	NA	NA	NA	NA	NA	NA	NA	NA	NA	NA	3	1	2
X	121798574	154913600	3	2	1	2	d	4	1	0.57	0.0578229538351	0.191859261742	3	1	2	2	1	1	NA	NA	NA	NA	NA	NA	NA	3	1	2	NA	NA	NA	NA	NA	NA	3	1	2
