chromosome	start	end	total_cn	major_cn	minor_cn	star	level	methods_agree	absolute_broad_major_cn	absolute_broad_minor_cn	absolute_broad_het_error	absolute_broad_cov_error	aceseq_copy_number	aceseq_minor_cn	aceseq_major_cn	battenberg_nMaj1_A	battenberg_nMin1_A	battenberg_frac1_A	battenberg_nMaj2_A	battenberg_nMin2_A	battenberg_frac2_A	battenberg_SDfrac_A	battenberg_SDfrac_A_BS	battenberg_frac1_A_0.025	battenberg_frac1_A_0.975	clonehd_copy_number	clonehd_minor_cn	clonehd_major_cn	sclust_nMaj1_A	sclust_nMin1_A	sclust_frac1_A	sclust_nMaj2_A	sclust_nMin2_A	sclust_frac2_A	jabba_copy_number	jabba_minor_cn	jabba_major_cn
1	10001	86495033	1	1	0	2	d	2	1	0.39	0.0783281236381	0.0933891578256	1.309282	0.2981808	1.011101	1	0	0.724267211997273	1	1	0.275732788002727	0.00317362106274055	0.00316699147684852	0.719215479985528	0.731357122042271	1	0	1	1	0	0.763553	1	1	0.236447	1	0	1
1	86495034	90727431	6	5	1	2	d	3	4.61	1	0.0582370625092	0.288064434016	5.458488	0.98741649	4.4710712	4	1	0.430397312299164	5	1	0.569602687700836	0.0436863401081471	0.0409555340107004	0.473185331838617	0.63687947357316	6	1	5	5	1	1	NA	NA	NA	6	1	5
1	90727432	90849313	4	3	1	2	d	2	2.61	1	0.072436147021	0.154215755727	3.516791	1.07123965	2.4455517	2	1	0.338445807770952	3	1	0.661554192229048	0.163067430156298	0.154640464810562	0.10494038325986	0.719011494691245	4	1	3	3	1	0.465349	2	1	0.534651	4	1	3
1	90849314	92951959	6	5	1	2	d	3	4.32	1	0.0624444074093	0.147752653146	5.296615	1.04832153	4.2482937	4	1	1	NA	NA	NA	NA	NA	NA	NA	6	1	5	5	1	1	NA	NA	NA	6	1	5
1	92951960	93201133	3	2	1	2	d	3	1.32	1	0.065508012974	0.130242557752	2.883179	0.99059146	1.8925874	1	1	0.164307063080065	2	1	0.835692936919935	0.0908593491023804	0.0871555824288887	0.0668008347809244	0.405254812906604	3	1	2	2	1	1	NA	NA	NA	3	1	2
1	93201134	94366334	1	1	0	2	d	3	1	0	0.0764748615117	0.0810635593064	1.337753	0.30956914	1.0281835	1	0	0.724267211997273	1	1	0.275732788002727	0.0284166617066103	0.029167054688333	0.670469835835676	0.789443388331136	1	0	1	1	0	0.763553	1	1	0.236447	1	0	1
1	94366335	97245427	3	2	1	2	d	2	1.61	1	0.061470615148	0.0956062725883	2.672757	1.04069386	1.632063	1	1	0.379199532573766	2	1	0.620800467426234	0.0225267235879335	0.0225795989738048	0.333698083633241	0.424641461305526	3	1	2	2	1	0.48974	1	1	0.51026	3	1	2
1	97245428	97571472	2	1	1	2	d	4	1	1	0.0737111652131	0.0630497072646	1.685716	0.65216289	1.0335534	1	0	0.326803498096333	1	1	0.673196501903667	0.0663489942188153	0.0652932749993321	0.24308524212531	0.498230765148375	2	1	1	1	1	1	NA	NA	NA	2	1	1
1	97571473	97929830	3	2	1	2	d	4	2	1	0.0677989465217	0.100138726441	2.660043	0.95584986	1.7041935	1	1	0.432232738333793	2	1	0.567767261666207	0.0740812424693145	0.0725695618293586	0.227767740775867	0.515683365270915	3	1	2	2	1	1	NA	NA	NA	3	1	2
1	97929831	98771310	4	3	1	3	b	6	3	1	0.0679834411538	0.12917896699	4	1	3	3	1	1	NA	NA	NA	NA	NA	NA	NA	5	1	4	3	1	1	NA	NA	NA	4	1	3
1	98771311	99054948	3	2	1	2	d	2	1.32	1.32	0.0513107910155	0.0872359510829	2.744889	1.13433935	1.6105497	1	1	0.493673377631091	2	1	0.506326622368909	0.0724241842278793	0.0738681506900006	0.308247382953513	0.595422276717556	3	1	2	2	1	0.276152	1	1	0.723848	3	1	2
1	99054949	99109232	4	3	1	1	g	NA	NA	NA	NA	NA	2.744889	1.13433935	1.6105497	3	1	1	NA	NA	NA	NA	NA	NA	NA	NA	NA	NA	3	1	0.563139	2	1	0.436861	3	1	2
1	99109233	99228579	5	4	1	2	d	2	NA	NA	NA	NA	NA	NA	NA	4	1	1	NA	NA	NA	NA	NA	NA	NA	5	1	4	3	1	0.563139	2	1	0.436861	4	1	3
1	99228580	99235607	3	2	1	2	d	2	NA	NA	NA	NA	NA	NA	NA	2	1	1	NA	NA	NA	NA	NA	NA	NA	NA	NA	NA	3	1	0.563139	2	1	0.436861	3	1	2
1	99235608	99247624	4	3	1	1	g	NA	2	1	0.05	0.1	NA	NA	NA	3	0	0.153704070189328	3	1	0.846295929810672	NA	0	0.153704070189328	0.153704070189328	NA	NA	NA	3	1	0.563139	2	1	0.436861	4	1	3
1	99247625	99739947	3	2	1	2	d	2	2	1	0.0596710662193	0.0964017415208	3.28397	0.91946907	2.3645011	2	1	0.400320829433984	3	1	0.599679170566016	0.12814306788269	0.118807804056941	0.250550191953354	0.718644087661118	4	1	3	3	1	0.563139	2	1	0.436861	3	1	2
1	99739948	99741285	3	2	1	2	d	3	2	1	0.05	0.1	3.28397	0.91946907	2.3645011	NA	NA	NA	NA	NA	NA	NA	NA	NA	NA	3	1	2	3	1	0.563139	2	1	0.436861	3	1	2
1	99741286	99750439	2	1	1	1	g	NA	2	1	0.05	0.1	NA	NA	NA	NA	NA	NA	NA	NA	NA	NA	NA	NA	NA	NA	NA	NA	1	1	1	NA	NA	NA	NA	NA	NA
1	99750440	101717201	2	1	1	2	d	4	1	1	0.0556133086917	0.0923751125722	2.316962	1.15848081	1.1584808	1	1	0.771284038316651	2	1	0.228715961683349	0.0301477123618987	0.0288753243990301	0.733191995147677	0.848764696365543	2	1	1	1	1	1	NA	NA	NA	2	1	1
1	101717202	101718984	2	1	1	2	d	3	1	1	0.05	0.1	2.316962	1.15848081	1.1584808	2	0	0.65439672801636	3	0	0.34560327198364	NA	0	0.65439672801636	0.65439672801636	NA	NA	NA	1	1	1	NA	NA	NA	2	1	1
1	101718985	101879264	2	1	1	2	d	4	1	1	0.0367694128005	0.0903457547395	2.231462	1.11573101	1.115731	1	1	0.531028098188165	2	1	0.468971901811835	0.0721886351037655	0.0667910458024123	0.481741590858443	0.73616437852041	2	1	1	1	1	1	NA	NA	NA	2	1	1
1	101879265	101882960	2	1	1	2	f	3	1	1	0.05	0.1	2.231462	1.11573101	1.115731	1	0	1	NA	NA	NA	NA	NA	NA	NA	NA	NA	NA	1	1	1	NA	NA	NA	1	0	1
1	101882961	102195704	2	1	1	2	d	5	1	1	0.0480996794373	0.0827571311766	2.26809	1.13404496	1.134045	1	1	1	NA	NA	NA	NA	NA	NA	NA	2	1	1	1	1	1	NA	NA	NA	2	1	1
1	102195705	120152719	1	1	0	2	d	2	1	0.39	0.0786633987311	0.0822469033846	1.332148	0.32974887	1.0023989	1	0	0.724267211997273	1	1	0.275732788002727	0.00568510576709103	0.00567716098767602	0.687889742764803	0.710196326532022	1	0	1	1	0	0.735846	1	1	0.264154	1	0	1
1	120152720	121499999	2	1	1	2	d	4	1	1	0.0535615879742	0.224484650915	2.296856	1.14842778	1.1484278	1	1	0.744376278118608	2	1	0.255623721881392	0.0542853771254263	0.0524708652757589	0.66287074544908	0.869000399827877	2	1	1	1	1	1	NA	NA	NA	2	1	1
1	121500000	128899999	2	1	1	2	d	3	1	1	0.05	0.1	2.296856	1.14842778	1.1484278	NA	NA	NA	NA	NA	NA	NA	NA	NA	NA	1	0	1	1	1	1	NA	NA	NA	2	1	1
1	128900000	144920086	2	1	1	2	d	3	1	1	0.05	0.185037630578	NA	NA	NA	NA	NA	NA	NA	NA	NA	NA	NA	NA	NA	NA	NA	NA	1	1	1	NA	NA	NA	2	1	1
1	144920087	247247500	2	1	1	3	a	6	1	1	0.0555617139266	0.0941334794923	2	1	1	1	1	1	NA	NA	NA	NA	NA	NA	NA	2	1	1	1	1	1	NA	NA	NA	2	1	1
1	247247501	249250620	2	1	1	2	d	4	NA	NA	NA	NA	2	1	1	1	0	0.114357980841671	1	1	0.885642019158329	0.0240602242679764	0.0233449010992784	0.078044956254756	0.168498197485004	2	1	1	1	1	1	NA	NA	NA	2	1	1
2	20016	90499999	2	1	1	3	a	6	1	1	0.0554706393336	0.0961830282197	2	1	1	1	1	1	NA	NA	NA	NA	NA	NA	NA	2	1	1	1	1	1	NA	NA	NA	2	1	1
2	90500000	96799999	2	1	1	3	a	6	1	1	0.0563671626356	0.119482059192	2	1	1	1	1	1	NA	NA	NA	NA	NA	NA	NA	2	1	1	1	1	1	NA	NA	NA	2	1	1
2	96800000	242985493	2	1	1	3	a	6	1	1	0.0556545172461	0.0923838360838	2	1	1	1	1	1	NA	NA	NA	NA	NA	NA	NA	2	1	1	1	1	1	NA	NA	NA	2	1	1
3	62226	87899999	2	1	1	3	a	6	1	1	0.0549991819566	0.091231639418	2	1	1	1	1	1	NA	NA	NA	NA	NA	NA	NA	2	1	1	1	1	1	NA	NA	NA	2	1	1
3	87900000	93899999	2	1	1	3	b	5	1	1	0.0434347981844	0.106823412203	2	1	1	NA	NA	NA	NA	NA	NA	NA	NA	NA	NA	2	1	1	1	1	1	NA	NA	NA	2	1	1
3	93900000	196502135	2	1	1	3	a	6	1	1	0.0539945860404	0.092306441073	2	1	1	1	1	1	NA	NA	NA	NA	NA	NA	NA	2	1	1	1	1	1	NA	NA	NA	2	1	1
3	196502136	196502178	2	1	1	2	d	3	NA	NA	NA	NA	2	1	1	NA	NA	NA	NA	NA	NA	NA	NA	NA	NA	NA	NA	NA	1	1	1	NA	NA	NA	2	1	1
3	196502179	198022429	3	2	1	3	a	6	2	1	0.0691466800874	0.153523147067	3	1	2	2	1	1	NA	NA	NA	NA	NA	NA	NA	3	1	2	2	1	1	NA	NA	NA	3	1	2
4	27500	48199999	2	1	1	3	a	6	1	1	0.0572189831952	0.0935928841781	2	1	1	1	1	1	NA	NA	NA	NA	NA	NA	NA	2	1	1	1	1	1	NA	NA	NA	2	1	1
4	48200000	52699999	2	1	1	3	a	6	1	1	0.0467688453907	0.177191775571	2	1	1	1	1	1	NA	NA	NA	NA	NA	NA	NA	2	1	1	1	1	1	NA	NA	NA	2	1	1
4	52700000	191154275	2	1	1	3	a	6	1	1	0.0535557236224	0.0894585019854	2	1	1	1	1	1	NA	NA	NA	NA	NA	NA	NA	2	1	1	1	1	1	NA	NA	NA	2	1	1
5	22500	41477302	2	1	1	3	a	6	1	1	0.0558275586462	0.107171524126	2	1	1	1	1	1	NA	NA	NA	NA	NA	NA	NA	2	1	1	1	1	1	NA	NA	NA	2	1	1
5	41477303	41482278	2	1	1	2	d	3	1	1	0.05	0.1	2	1	1	1	0	0.760480572597137	1	1	0.239519427402863	NA	0	0.760480572597137	0.760480572597137	NA	NA	NA	1	1	1	NA	NA	NA	1	0	1
5	41482279	46099999	2	1	1	3	a	6	1	1	0.0558261030107	0.123586556257	2	1	1	1	1	1	NA	NA	NA	NA	NA	NA	NA	2	1	1	1	1	1	NA	NA	NA	2	1	1
5	46100000	50699999	2	1	1	3	b	5	1	1	0.0475848969461	0.102542492309	2	1	1	NA	NA	NA	NA	NA	NA	NA	NA	NA	NA	2	1	1	1	1	1	NA	NA	NA	2	1	1
5	50700000	92711130	2	1	1	3	a	6	1	1	0.0537303319605	0.0895640150245	2	1	1	1	1	1	NA	NA	NA	NA	NA	NA	NA	2	1	1	1	1	1	NA	NA	NA	2	1	1
5	92711131	92711150	2	1	1	3	b	5	1	1	0.05	0.1	2	1	1	1	1	1	NA	NA	NA	NA	NA	NA	NA	NA	NA	NA	1	1	1	NA	NA	NA	2	1	1
5	92711151	132288031	2	1	1	3	a	6	1	1	0.052968376048	0.0882630921341	2	1	1	1	1	1	NA	NA	NA	NA	NA	NA	NA	2	1	1	1	1	1	NA	NA	NA	2	1	1
5	132288032	132288047	2	1	1	3	b	5	1	1	0.05	0.1	2	1	1	1	1	1	NA	NA	NA	NA	NA	NA	NA	NA	NA	NA	1	1	1	NA	NA	NA	2	1	1
5	132288048	150863015	2	1	1	3	a	6	1	1	0.0579044092289	0.0931892625964	2	1	1	1	1	1	NA	NA	NA	NA	NA	NA	NA	2	1	1	1	1	1	NA	NA	NA	2	1	1
5	150863016	180689978	1	1	0	3	a	6	1	0	0.086362124406	0.0789015593288	1	0	1	1	0	1	NA	NA	NA	NA	NA	NA	NA	1	0	1	1	0	1	NA	NA	NA	1	0	1
6	39681	202330	2	1	1	2	d	2	NA	NA	NA	NA	NA	NA	NA	NA	NA	NA	NA	NA	NA	NA	NA	NA	NA	NA	NA	NA	1	1	1	NA	NA	NA	2	1	1
6	202331	58699999	2	1	1	3	a	6	1	1	0.0567514519118	0.0923565178984	2	1	1	1	1	1	NA	NA	NA	NA	NA	NA	NA	2	1	1	1	1	1	NA	NA	NA	2	1	1
6	58700000	63299999	2	1	1	3	a	6	1	1	0.0526238087166	0.0992623003564	2	1	1	1	1	1	NA	NA	NA	NA	NA	NA	NA	2	1	1	1	1	1	NA	NA	NA	2	1	1
6	63300000	88136789	2	1	1	3	a	6	1	1	0.0545075455179	0.0961916496206	2	1	1	1	1	1	NA	NA	NA	NA	NA	NA	NA	2	1	1	1	1	1	NA	NA	NA	2	1	1
6	88136790	105074685	2	1	1	3	a	6	1	1	0.0520458372751	0.086839245655	2	1	1	1	1	1	NA	NA	NA	NA	NA	NA	NA	2	1	1	1	1	1	NA	NA	NA	2	1	1
6	105074686	170858228	2	1	1	3	a	6	1	1	0.0528842200057	0.0899796969705	2	1	1	1	1	1	NA	NA	NA	NA	NA	NA	NA	2	1	1	1	1	1	NA	NA	NA	2	1	1
7	40386	57999999	2	1	1	3	a	6	1	1	0.054298359746	0.105250574833	2	1	1	1	1	1	NA	NA	NA	NA	NA	NA	NA	2	1	1	1	1	1	NA	NA	NA	2	1	1
7	58000000	61699999	2	1	1	2	d	4	1	1	0.05	0.191378956037	2	1	1	NA	NA	NA	NA	NA	NA	NA	NA	NA	NA	NA	NA	NA	1	1	1	NA	NA	NA	2	1	1
7	61700000	158817500	2	1	1	3	a	6	1	1	0.0559791046383	0.0936882323246	2	1	1	1	1	1	NA	NA	NA	NA	NA	NA	NA	2	1	1	1	1	1	NA	NA	NA	2	1	1
8	10001	170011	2	1	1	2	d	3	1	1	0.05	0.1	NA	NA	NA	NA	NA	NA	NA	NA	NA	NA	NA	NA	NA	NA	NA	NA	1	1	1	NA	NA	NA	2	1	1
8	170012	43099999	2	1	1	2	d	4	1	1	0.0633528498102	0.110776617457	1.649725	0.63590859	1.0138161	1	0	0.387350325757913	1	1	0.612649674242087	0.00390721429645238	0.00389565046932534	0.379771788057536	0.394974735094626	2	1	1	1	1	1	NA	NA	NA	2	1	1
8	43100000	48099999	2	1	1	2	d	4	1	1	0.0638735757442	0.141635173383	1.502948	0.75147404	0.751474	NA	NA	NA	NA	NA	NA	NA	NA	NA	NA	2	1	1	1	1	1	NA	NA	NA	2	1	1
8	48100000	146364021	2	1	1	2	d	4	1	1	0.0615810532425	0.0904977844761	1.683618	0.84180892	0.8418089	1	0	0.345081595077899	1	1	0.654918404922101	0.00312879679759476	0.00312295862375104	0.338758934817853	0.350941790778921	2	1	1	1	1	1	NA	NA	NA	2	1	1
9	47500	226198	2	1	1	2	d	2	1	1	0.05	0.1	NA	NA	NA	NA	NA	NA	NA	NA	NA	NA	NA	NA	NA	NA	NA	NA	NA	NA	NA	NA	NA	NA	2	1	1
9	226199	42147030	2	1	1	3	a	6	1	1	0.0534424036381	0.101677429669	2	1	1	1	1	1	NA	NA	NA	NA	NA	NA	NA	2	1	1	1	1	1	NA	NA	NA	2	1	1
9	42147031	47299999	2	1	1	2	d	4	1	1	0.05	0.315247933797	2	1	1	1	1	1	NA	NA	NA	NA	NA	NA	NA	1	0	1	2	0	1	NA	NA	NA	2	1	1
9	47300000	50699999	NA	NA	NA	NA	NA	NA	1	1	0.05	0.1	NA	NA	NA	NA	NA	NA	NA	NA	NA	NA	NA	NA	NA	1	0	1	2	0	1	NA	NA	NA	2	1	1
9	50700000	66486485	2	2	0	1	g	NA	1	1	0.05	0.260415333234	NA	NA	NA	NA	NA	NA	NA	NA	NA	NA	NA	NA	NA	1	0	1	2	0	1	NA	NA	NA	2	1	1
9	66486486	71036006	2	2	0	1	g	NA	1	1	0.05	0.189570486185	NA	NA	NA	NA	NA	NA	NA	NA	NA	NA	NA	NA	NA	1	0	1	2	0	1	NA	NA	NA	2	1	1
9	71036007	140267500	1	1	0	3	a	6	1	0	0.0890977080894	0.0808829883716	1	0	1	1	0	1	NA	NA	NA	NA	NA	NA	NA	1	0	1	1	0	1	NA	NA	NA	1	0	1
9	140267501	141069463	1	1	0	3	b	5	NA	NA	NA	NA	1	0	1	1	0	1	NA	NA	NA	NA	NA	NA	NA	1	0	1	1	0	1	NA	NA	NA	1	0	1
10	114779	37999999	2	1	1	3	a	6	1	1	0.0551239082527	0.0917763670199	2	1	1	1	1	1	NA	NA	NA	NA	NA	NA	NA	2	1	1	1	1	1	NA	NA	NA	2	1	1
10	38000000	42299999	2	1	1	2	d	4	1	1	0.0509651606002	0.190485475292	2.532518	1.26625914	1.2662591	1	1	1	NA	NA	NA	NA	NA	NA	NA	2	1	1	NA	NA	NA	NA	NA	NA	2	1	1
10	42300000	135389924	2	1	1	3	a	6	1	1	0.0563316397108	0.0974320425964	2	1	1	1	1	1	NA	NA	NA	NA	NA	NA	NA	2	1	1	1	1	1	NA	NA	NA	2	1	1
11	20721	200001	2	1	1	2	d	3	1	1	0.05	0.1	NA	NA	NA	2	0	0.41013406044081	2	1	0.58986593955919	NA	0	0.41013406044081	0.41013406044081	NA	NA	NA	1	1	1	NA	NA	NA	2	1	1
11	200002	51599999	2	1	1	3	a	6	1	1	0.0565926110746	0.112217960245	2	1	1	1	1	1	NA	NA	NA	NA	NA	NA	NA	2	1	1	1	1	1	NA	NA	NA	2	1	1
11	51600000	55699999	2	1	1	3	b	5	1	1	0.0672394469862	0.16396904423	2	1	1	1	0	0.167138587383986	1	1	0.832861412616014	0.0222329158822883	0.0228072593199748	0.100015178554103	0.189479705342353	2	1	1	1	1	1	NA	NA	NA	2	1	1
11	55700000	110463803	2	1	1	3	a	6	1	1	0.0551054611472	0.0947679309058	2	1	1	1	1	1	NA	NA	NA	NA	NA	NA	NA	2	1	1	1	1	1	NA	NA	NA	2	1	1
11	110463804	110464936	2	1	1	2	d	4	1	1	0.05	0.1	2	1	1	NA	NA	NA	NA	NA	NA	NA	NA	NA	NA	NA	NA	NA	1	1	1	NA	NA	NA	2	1	1
11	110464937	134442500	2	1	1	2	d	5	1	1	0.0562576458697	0.094231786923	2	1	1	1	0	0.0891942936041793	1	1	0.910805706395821	0.00705397730759621	0.0075027974040673	0.0748257064762564	0.103843919194156	2	1	1	1	1	1	NA	NA	NA	2	1	1
12	110107	33299999	2	1	1	3	a	6	1	1	0.0553344058128	0.0950764328727	2	1	1	1	1	1	NA	NA	NA	NA	NA	NA	NA	2	1	1	1	1	1	NA	NA	NA	2	1	1
12	33300000	38199999	2	1	1	3	b	5	1	1	0.0444597182079	0.0989943064244	2	1	1	NA	NA	NA	NA	NA	NA	NA	NA	NA	NA	2	1	1	1	1	1	NA	NA	NA	2	1	1
12	38200000	132342500	2	1	1	3	a	6	1	1	0.0557759380289	0.103284572438	2	1	1	1	1	1	NA	NA	NA	NA	NA	NA	NA	2	1	1	1	1	1	NA	NA	NA	2	1	1
12	132342501	133851894	2	1	1	2	d	4	NA	NA	NA	NA	2	1	1	1	1	1	NA	NA	NA	NA	NA	NA	NA	NA	NA	NA	1	1	1	NA	NA	NA	2	1	1
13	1	16299999	2	1	1	1	h	1	NA	NA	NA	NA	NA	NA	NA	NA	NA	NA	NA	NA	NA	NA	NA	NA	NA	NA	NA	NA	NA	NA	NA	NA	NA	NA	2	1	1
13	16300000	19499999	2	1	1	2	d	2	1	1	0.05	0.182095102374	NA	NA	NA	NA	NA	NA	NA	NA	NA	NA	NA	NA	NA	NA	NA	NA	1	0	0.735846	1	1	0.264154	2	1	1
13	19500000	23912096	2	1	1	2	d	4	1	1	0.0592222083316	0.0921646066504	1.837865	0.91893237	0.9189324	1	0	0.197527421453802	1	1	0.802472578546198	0.0129582974439173	0.0129589548626017	0.179737280000314	0.230839504276784	2	1	1	1	1	1	NA	NA	NA	2	1	1
13	23912097	114820177	2	1	1	3	a	6	1	1	0.054484904071	0.0911504866139	2	1	1	1	1	1	NA	NA	NA	NA	NA	NA	NA	2	1	1	1	1	1	NA	NA	NA	2	1	1
13	114820178	114820228	2	1	1	2	d	4	NA	NA	NA	NA	2	1	1	1	1	1	NA	NA	NA	NA	NA	NA	NA	1	0	1	1	1	1	NA	NA	NA	2	1	1
14	1	16099999	2	1	1	1	h	1	NA	NA	NA	NA	NA	NA	NA	NA	NA	NA	NA	NA	NA	NA	NA	NA	NA	NA	NA	NA	NA	NA	NA	NA	NA	NA	2	1	1
14	16100000	19099999	NA	NA	NA	NA	NA	NA	2	0	0.05	0.0937569036776	NA	NA	NA	NA	NA	NA	NA	NA	NA	NA	NA	NA	NA	NA	NA	NA	2	0	0.0105136	1	0	0.989486	2	1	1
14	19100000	20433515	2	1	1	2	d	2	2	0	0.05	0.217393307832	2	1	1	NA	NA	NA	NA	NA	NA	NA	NA	NA	NA	NA	NA	NA	2	0	0.734067	2	1	0.265933	2	1	1
14	20433516	106362500	2	1	1	3	a	6	1	1	0.0546732495955	0.0932367914993	2	1	1	1	1	1	NA	NA	NA	NA	NA	NA	NA	2	1	1	1	1	1	NA	NA	NA	2	1	1
15	1	15799999	2	1	1	1	h	1	NA	NA	NA	NA	NA	NA	NA	NA	NA	NA	NA	NA	NA	NA	NA	NA	NA	NA	NA	NA	NA	NA	NA	NA	NA	NA	2	1	1
15	15800000	20699999	2	1	1	2	d	4	1	1	0.05	0.182559897725	NA	NA	NA	1	1	1	NA	NA	NA	NA	NA	NA	NA	2	1	1	2	1	0.798288	1	1	0.201712	2	1	1
15	20700000	24725755	2	1	1	2	d	5	1	1	0.0600667176027	0.262380589175	2	1	1	1	1	1	NA	NA	NA	NA	NA	NA	NA	2	1	1	2	1	0.992812	1	1	0.00718776	2	1	1
15	24725756	100332500	2	1	1	3	a	6	1	1	0.0559053095209	0.0956690500117	2	1	1	1	1	1	NA	NA	NA	NA	NA	NA	NA	2	1	1	1	1	1	NA	NA	NA	2	1	1
15	100332501	102372627	2	1	1	3	b	5	NA	NA	NA	NA	2	1	1	1	1	1	NA	NA	NA	NA	NA	NA	NA	2	1	1	1	1	1	NA	NA	NA	2	1	1
16	102221	34599999	2	1	1	3	a	6	1	1	0.0573867059937	0.106438715707	2	1	1	1	1	1	NA	NA	NA	NA	NA	NA	NA	2	1	1	1	1	1	NA	NA	NA	2	1	1
16	34600000	38599999	2	1	1	3	a	6	1	1	0.05	0.165748792761	2	1	1	1	1	1	NA	NA	NA	NA	NA	NA	NA	2	1	1	1	1	1	NA	NA	NA	2	1	1
16	38600000	46447499	2	1	1	2	d	4	NA	NA	NA	NA	2	1	1	1	1	1	NA	NA	NA	NA	NA	NA	NA	NA	NA	NA	1	1	1	NA	NA	NA	2	1	1
16	46447500	88822500	2	1	1	3	a	6	1	1	0.0552628960938	0.0942998591805	2	1	1	1	1	1	NA	NA	NA	NA	NA	NA	NA	2	1	1	1	1	1	NA	NA	NA	2	1	1
16	88822501	90354752	2	1	1	2	d	4	NA	NA	NA	NA	2	1	1	1	1	0.844799883143441	2	1	0.155200116856559	0.0372374315520927	0.0368885074922373	0.765349550521452	0.909684854987256	2	1	1	1	1	1	NA	NA	NA	2	1	1
17	12500	10899972	1	1	0	3	a	6	1	0	0.0913946415032	0.0812128864227	1	0	1	1	0	1	NA	NA	NA	NA	NA	NA	NA	1	0	1	1	0	1	NA	NA	NA	1	0	1
17	10899973	15865266	2	1	1	3	a	6	1	1	0.0573462243123	0.104710236877	2	1	1	1	1	1	NA	NA	NA	NA	NA	NA	NA	2	1	1	1	1	1	NA	NA	NA	2	1	1
17	15865267	16806928	7	6	1	3	b	6	6	1	0.0453020455296	0.659781771994	7	1	6	6	1	1	NA	NA	NA	NA	NA	NA	NA	7	1	6	6	1	1	NA	NA	NA	7	0	7
17	16806929	17273039	3	2	1	2	d	5	2	1.32	0.0789988914146	0.156888157918	3	1	2	2	1	1	NA	NA	NA	NA	NA	NA	NA	3	1	2	2	1	1	NA	NA	NA	3	1	2
17	17273040	17350460	7	6	1	2	d	5	6	1	0.05	0.155836747742	6.688801	1.00597984	5.6828211	6	1	1	NA	NA	NA	NA	NA	NA	NA	7	1	6	6	1	1	NA	NA	NA	7	1	6
17	17350461	17543253	10	9	1	2	f	2	20	1	0.05	0.182653067848	10.398552	1.10955716	9.2889946	9	1	1	NA	NA	NA	NA	NA	NA	NA	7	0	7	10	1	1	NA	NA	NA	10	0	10
17	17543254	18872500	7	6	1	2	d	4	6	1	0.0482267180392	0.196291609906	6.894524	1.01379314	5.8807311	6	1	1	NA	NA	NA	NA	NA	NA	NA	7	1	6	6	1	1	NA	NA	NA	7	0	7
17	18872501	22199999	6	5	1	3	b	6	5	1	0.0482428933089	0.211929230484	6	1	5	5	1	1	NA	NA	NA	NA	NA	NA	NA	6	1	5	5	1	1	NA	NA	NA	6	0	6
17	22200000	25799999	NA	NA	NA	NA	NA	NA	4	1	0.0554935669927	0.200700849545	5.041952	0.93760587	4.1043462	NA	NA	NA	NA	NA	NA	NA	NA	NA	NA	5	1	4	4	1	1	NA	NA	NA	5	1	4
17	25800000	30288174	5	4	1	3	a	6	4	1	0.0637773819623	0.130949328197	5	1	4	4	1	1	NA	NA	NA	NA	NA	NA	NA	5	1	4	4	1	1	NA	NA	NA	5	1	4
17	30288175	30313117	5	4	1	2	d	3	4	1	0.05	0.1	5	1	4	4	1	1	NA	NA	NA	NA	NA	NA	NA	NA	NA	NA	1	0	1	NA	NA	NA	3	0	3
17	30313118	30685736	1	1	0	2	d	4	1	1	0.05	0.0764021321409	1.114034	0.04741104	1.0666228	1	0	1	NA	NA	NA	NA	NA	NA	NA	1	0	1	1	0	1	NA	NA	NA	1	0	1
17	30685737	78772500	2	1	1	3	a	6	1	1	0.0594815416207	0.102977105888	2	1	1	1	1	1	NA	NA	NA	NA	NA	NA	NA	2	1	1	1	1	1	NA	NA	NA	2	1	1
17	78772501	81195209	2	1	1	2	d	4	NA	NA	NA	NA	2	1	1	1	1	0.782719836400818	2	1	0.217280163599182	0.0538994444521879	0.0547546048674791	0.667452485478751	0.878915617434223	2	1	1	1	1	1	NA	NA	NA	2	1	1
18	10001	15399999	2	1	1	3	a	6	1	1	0.0568527371775	0.0923106721694	2	1	1	1	1	1	NA	NA	NA	NA	NA	NA	NA	2	1	1	1	1	1	NA	NA	NA	2	1	1
18	15400000	18999999	2	1	1	3	a	6	1	1	0.0501673528128	0.137527442247	2	1	1	1	1	1	NA	NA	NA	NA	NA	NA	NA	2	1	1	1	1	1	NA	NA	NA	2	1	1
18	19000000	23720354	2	1	1	3	a	6	1	1	0.0549685734747	0.0892260842972	2	1	1	1	1	1	NA	NA	NA	NA	NA	NA	NA	2	1	1	1	1	1	NA	NA	NA	2	1	1
18	23720355	76302629	2	1	1	2	d	4	1	1	0.0565442806765	0.0955374509103	1.812385	0.90619236	0.9061924	1	0	0.209149126224497	1	1	0.790850873775503	0.00421191194015846	0.004239817331626	0.200826396792402	0.217930024910832	2	1	1	1	1	1	NA	NA	NA	2	1	1
18	76302630	78077247	2	1	1	2	d	3	NA	NA	NA	NA	1.808611	0.90430543	0.9043054	1	0	0.209149126224497	1	1	0.790850873775503	0.00421191194015846	0.004239817331626	0.200826396792402	0.217930024910832	2	1	1	1	1	1	NA	NA	NA	2	1	1
19	102500	293071	2	1	1	2	d	4	1	1	0.05	0.1	NA	NA	NA	1	1	1	NA	NA	NA	NA	NA	NA	NA	NA	NA	NA	1	1	1	NA	NA	NA	2	1	1
19	293072	24399999	2	1	1	2	d	5	1	1	0.0590971169987	0.104594394076	2.101254	1.05062699	1.050627	1	1	1	NA	NA	NA	NA	NA	NA	NA	2	1	1	1	1	1	NA	NA	NA	2	1	1
19	24400000	28599999	2	1	1	3	a	6	1	1	0.0635182459902	0.141234753381	2	1	1	1	1	1	NA	NA	NA	NA	NA	NA	NA	2	1	1	1	1	1	NA	NA	NA	2	1	1
19	28600000	34803423	2	1	1	3	a	6	1	1	0.0566281892746	0.0936319460306	2	1	1	1	1	1	NA	NA	NA	NA	NA	NA	NA	2	1	1	1	1	1	NA	NA	NA	2	1	1
19	34803424	43252500	2	1	1	3	a	6	1	1	0.0612328283869	0.134130210002	2	1	1	1	1	1	NA	NA	NA	NA	NA	NA	NA	2	1	1	1	1	1	NA	NA	NA	2	1	1
19	43252501	43372499	2	1	1	2	d	2	NA	NA	NA	NA	2	1	1	2	0	1	NA	NA	NA	NA	NA	NA	NA	NA	NA	NA	2	0	0.553654	2	1	0.446346	2	1	1
19	43372500	59128982	2	1	1	3	a	6	1	1	0.060234473763	0.128604416277	2	1	1	1	1	1	NA	NA	NA	NA	NA	NA	NA	2	1	1	1	1	1	NA	NA	NA	2	1	1
20	32012	25599999	2	1	1	3	a	6	1	1	0.0565771724874	0.0902300624624	2	1	1	1	1	1	NA	NA	NA	NA	NA	NA	NA	2	1	1	1	1	1	NA	NA	NA	2	1	1
20	25600000	29399999	2	1	1	3	a	6	1	1	0.051548908487	0.119170796872	2	1	1	1	1	1	NA	NA	NA	NA	NA	NA	NA	2	1	1	1	1	1	NA	NA	NA	2	1	1
20	29400000	62432500	2	1	1	3	a	6	1	1	0.0590943393472	0.0996392139161	2	1	1	1	1	1	NA	NA	NA	NA	NA	NA	NA	2	1	1	1	1	1	NA	NA	NA	2	1	1
21	1	9417499	NA	NA	NA	NA	NA	NA	1	1	0.05	0.1	NA	NA	NA	NA	NA	NA	NA	NA	NA	NA	NA	NA	NA	NA	NA	NA	2	0	1	NA	NA	NA	NA	NA	NA
21	9417500	10899999	NA	NA	NA	NA	NA	NA	1	1	0.05	0.180241399426	NA	NA	NA	NA	NA	NA	NA	NA	NA	NA	NA	NA	NA	NA	NA	NA	2	0	1	NA	NA	NA	NA	NA	NA
21	10900000	14299999	2	2	0	1	g	NA	1	1	0.05	0.16347532364	NA	NA	NA	NA	NA	NA	NA	NA	NA	NA	NA	NA	NA	NA	NA	NA	2	0	0.683122	2	1	0.316878	NA	NA	NA
21	14300000	46937500	2	1	1	3	b	5	1	1	0.0554303208369	0.096422542891	2	1	1	1	1	1	NA	NA	NA	NA	NA	NA	NA	2	1	1	1	1	1	NA	NA	NA	NA	NA	NA
21	46937501	48129894	2	1	1	2	d	4	NA	NA	NA	NA	2	1	1	1	1	1	NA	NA	NA	NA	NA	NA	NA	2	1	1	1	1	1	NA	NA	NA	NA	NA	NA
22	1	12199999	2	1	1	1	h	1	NA	NA	NA	NA	NA	NA	NA	NA	NA	NA	NA	NA	NA	NA	NA	NA	NA	NA	NA	NA	NA	NA	NA	NA	NA	NA	2	1	1
22	12200000	17899999	2	1	1	2	d	5	1	1	0.0637484965454	0.178835740044	2.138022	1.06901096	1.069011	1	1	1	NA	NA	NA	NA	NA	NA	NA	2	1	1	1	1	1	NA	NA	NA	2	1	1
22	17900000	42851807	2	1	1	3	a	6	1	1	0.0577168302214	0.101074940664	2	1	1	1	1	1	NA	NA	NA	NA	NA	NA	NA	2	1	1	1	1	1	NA	NA	NA	2	1	1
22	42851808	42851857	2	1	1	3	b	5	1	1	0.05	0.1	2	1	1	1	1	1	NA	NA	NA	NA	NA	NA	NA	NA	NA	NA	1	1	1	NA	NA	NA	2	1	1
22	42851858	49687500	2	1	1	3	a	6	1	1	0.0634084465951	0.100955978317	2	1	1	1	1	1	NA	NA	NA	NA	NA	NA	NA	2	1	1	1	1	1	NA	NA	NA	2	1	1
22	49687501	51304565	2	1	1	2	d	4	NA	NA	NA	NA	2	1	1	1	1	0.699969484562383	2	1	0.300030515437617	0.0641393160095136	0.0621259819104561	0.598221065258294	0.848584037065061	2	1	1	1	1	1	NA	NA	NA	2	1	1
X	1	53002001	1	1	0	2	d	2	1	0.37	0.0771358174018	0.131385463899	1.273878	0.28401913	0.9898585	1	0	0.724267211997273	1	1	0.275732788002727	0.00549424346122052	0.00537745804349642	0.713071911351884	0.733678375781328	1	0	1	NA	NA	NA	NA	NA	NA	1	0	1
X	53002002	55625869	6	5	1	2	e	3	4.68	1	0.0542138933781	0.24487652988	5.313891	0.98330896	4.3305818	4	1	0.37866394001364	5	1	0.62133605998636	0.128614133408502	0.119016996176003	0.4730221199073	0.958047043044065	6	1	5	NA	NA	NA	NA	NA	NA	5	1	4
X	55625870	57448333	4	3	1	2	d	2	3.8	0.6	0.05	0.119973340472	4.202563	0	4.202563	3	1	0.443762781186097	4	1	0.556237218813903	0.507239448475577	0.387758794809002	0.375665018772228	1.90652304401111	4	1	3	NA	NA	NA	NA	NA	NA	4	1	3
X	57448334	62999999	NA	NA	NA	NA	NA	NA	1	1	0.05	0.502693914371	2	1	1	NA	NA	NA	NA	NA	NA	NA	NA	NA	NA	2	1	1	NA	NA	NA	NA	NA	NA	2	1	1
X	63000000	154929638	2	1	1	3	a	5	1	1	0.0553771658886	0.104227381675	2	1	1	1	1	1	NA	NA	NA	NA	NA	NA	NA	2	1	1	NA	NA	NA	NA	NA	NA	2	1	1
