chromosome	start	end	total_cn	major_cn	minor_cn	star	level	methods_agree	absolute_broad_major_cn	absolute_broad_minor_cn	absolute_broad_het_error	absolute_broad_cov_error	aceseq_copy_number	aceseq_minor_cn	aceseq_major_cn	battenberg_nMaj1_A	battenberg_nMin1_A	battenberg_frac1_A	battenberg_nMaj2_A	battenberg_nMin2_A	battenberg_frac2_A	battenberg_SDfrac_A	battenberg_SDfrac_A_BS	battenberg_frac1_A_0.025	battenberg_frac1_A_0.975	clonehd_copy_number	clonehd_minor_cn	clonehd_major_cn	sclust_nMaj1_A	sclust_nMin1_A	sclust_frac1_A	sclust_nMaj2_A	sclust_nMin2_A	sclust_frac2_A	jabba_copy_number	jabba_minor_cn	jabba_major_cn
1	1	121499999	2	1	1	3	a	6	1	1	0.0544325497681	0.0820435123395	2	1	1	1	1	1	NA	NA	NA	NA	NA	NA	NA	2	1	1	1	1	1	NA	NA	NA	2	1	1
1	121500000	128899999	2	1	1	2	d	4	1	1	0.05	0.1	2	1	1	1	1	1	NA	NA	NA	NA	NA	NA	NA	NA	NA	NA	NA	NA	NA	NA	NA	NA	2	1	1
1	128900000	249250620	2	1	1	3	a	6	1	1	0.0538864145388	0.0764933765049	2	1	1	1	1	1	NA	NA	NA	NA	NA	NA	NA	2	1	1	1	1	1	NA	NA	NA	2	1	1
2	20016	90499999	2	1	1	3	a	6	1	1	0.0539584533187	0.075994832062	2	1	1	1	1	1	NA	NA	NA	NA	NA	NA	NA	2	1	1	1	1	1	NA	NA	NA	2	1	1
2	90500000	96799999	2	1	1	3	a	6	1	1	0.0376838517935	0.0786740387143	2	1	1	1	1	1	NA	NA	NA	NA	NA	NA	NA	2	1	1	1	1	1	NA	NA	NA	2	1	1
2	96800000	242985493	2	1	1	3	a	6	1	1	0.0523591733341	0.0745414940054	2	1	1	1	1	1	NA	NA	NA	NA	NA	NA	NA	2	1	1	1	1	1	NA	NA	NA	2	1	1
3	100074	87899999	2	1	1	3	a	6	1	1	0.0533413168417	0.0806235392085	2	1	1	1	1	1	NA	NA	NA	NA	NA	NA	NA	2	1	1	1	1	1	NA	NA	NA	2	1	1
3	87900000	93899999	2	1	1	3	b	5	1	1	0.0523397458721	0.0756046616585	2	1	1	NA	NA	NA	NA	NA	NA	NA	NA	NA	NA	2	1	1	1	1	1	NA	NA	NA	2	1	1
3	93900000	197847500	2	1	1	3	a	6	1	1	0.0526028968088	0.07553800732	2	1	1	1	1	1	NA	NA	NA	NA	NA	NA	NA	2	1	1	1	1	1	NA	NA	NA	2	1	1
4	27500	48199999	2	1	1	3	a	6	1	1	0.0534590363785	0.0763147720256	2	1	1	1	1	1	NA	NA	NA	NA	NA	NA	NA	2	1	1	1	1	1	NA	NA	NA	2	1	1
4	48200000	52699999	2	1	1	3	a	6	1	1	0.0494798437412	0.205247066081	2	1	1	1	1	1	NA	NA	NA	NA	NA	NA	NA	2	1	1	1	1	1	NA	NA	NA	2	1	1
4	52700000	190749943	2	1	1	3	a	6	1	1	0.0523959600433	0.0722106364355	2	1	1	1	1	1	NA	NA	NA	NA	NA	NA	NA	2	1	1	1	1	1	NA	NA	NA	2	1	1
5	22500	46099999	2	1	1	3	a	6	1	1	0.053025214149	0.075343966365	2	1	1	1	1	1	NA	NA	NA	NA	NA	NA	NA	2	1	1	1	1	1	NA	NA	NA	2	1	1
5	46100000	50699999	2	1	1	3	b	5	1	1	0.044463662164	0.0802772880618	2	1	1	NA	NA	NA	NA	NA	NA	NA	NA	NA	NA	2	1	1	1	1	1	NA	NA	NA	2	1	1
5	50700000	180689978	2	1	1	3	a	6	1	1	0.0542939298818	0.0722865635015	2	1	1	1	1	1	NA	NA	NA	NA	NA	NA	NA	2	1	1	1	1	1	NA	NA	NA	2	1	1
6	202331	58699999	2	1	1	3	a	6	1	1	0.0565996175948	0.0833287544499	2	1	1	1	1	1	NA	NA	NA	NA	NA	NA	NA	2	1	1	1	1	1	NA	NA	NA	2	1	1
6	58700000	63299999	2	1	1	3	a	6	1	1	0.0541471507453	0.0888376044631	2	1	1	1	1	1	NA	NA	NA	NA	NA	NA	NA	2	1	1	1	1	1	NA	NA	NA	2	1	1
6	63300000	170899934	2	1	1	3	a	6	1	1	0.05240409794	0.0756865922018	2	1	1	1	1	1	NA	NA	NA	NA	NA	NA	NA	2	1	1	1	1	1	NA	NA	NA	2	1	1
7	40386	224454	2	1	1	3	b	6	1	1	0.054903420937	0.0873233538122	2	1	1	1	1	1	NA	NA	NA	NA	NA	NA	NA	1	0	1	1	1	1	NA	NA	NA	2	1	1
7	224455	225955	2	1	1	2	d	4	NA	NA	NA	NA	2	1	1	1	1	1	NA	NA	NA	NA	NA	NA	NA	NA	NA	NA	1	1	1	NA	NA	NA	2	1	1
7	225956	57999999	2	1	1	3	a	6	1	1	0.0532638446694	0.0755897158161	2	1	1	1	1	1	NA	NA	NA	NA	NA	NA	NA	2	1	1	1	1	1	NA	NA	NA	2	1	1
7	58000000	61699999	2	1	1	3	b	5	1	1	0.05	0.286051025664	2	1	1	1	1	1	NA	NA	NA	NA	NA	NA	NA	NA	NA	NA	1	1	1	NA	NA	NA	2	1	1
7	61700000	138523599	2	1	1	3	a	6	1	1	0.0526208354289	0.0743250519217	2	1	1	1	1	1	NA	NA	NA	NA	NA	NA	NA	2	1	1	1	1	1	NA	NA	NA	2	1	1
7	138523600	140489247	3	2	1	3	b	6	2	1	0.0679554921638	0.0838850453923	3	1	2	2	1	1	NA	NA	NA	NA	NA	NA	NA	7	2	5	2	1	1	NA	NA	NA	3	1	2
7	140489248	159138662	2	1	1	3	a	6	1	1	0.0536322607147	0.0852184149582	2	1	1	1	1	1	NA	NA	NA	NA	NA	NA	NA	2	1	1	1	1	1	NA	NA	NA	2	1	1
8	170012	43099999	2	1	1	3	a	6	1	1	0.054948051665	0.0789531871514	2	1	1	1	1	1	NA	NA	NA	NA	NA	NA	NA	2	1	1	1	1	1	NA	NA	NA	2	1	1
8	43100000	48099999	2	1	1	2	d	5	1	1	0.05	0.114022714347	2.07108	0.8870586	1.1840217	1	1	1	NA	NA	NA	NA	NA	NA	NA	2	1	1	1	1	1	NA	NA	NA	2	1	1
8	48100000	146364021	2	1	1	3	a	6	1	1	0.0518500771283	0.0732507071432	2	1	1	1	1	1	NA	NA	NA	NA	NA	NA	NA	2	1	1	1	1	1	NA	NA	NA	2	1	1
9	59859	47299999	2	1	1	3	a	6	1	1	0.0530017911141	0.0748230975585	2	1	1	1	1	1	NA	NA	NA	NA	NA	NA	NA	2	1	1	1	1	1	NA	NA	NA	2	1	1
9	47300000	50699999	2	1	1	2	d	4	1	1	0.05	0.1	2	1	1	NA	NA	NA	NA	NA	NA	NA	NA	NA	NA	1	0	1	1	1	1	NA	NA	NA	2	1	1
9	50700000	67214837	2	1	1	2	d	3	1	1	0.05	0.155351451976	NA	NA	NA	NA	NA	NA	NA	NA	NA	NA	NA	NA	NA	NA	NA	NA	1	1	1	NA	NA	NA	2	1	1
9	67214838	141213430	2	1	1	3	a	6	1	1	0.0538689967798	0.0769376568644	2	1	1	1	1	1	NA	NA	NA	NA	NA	NA	NA	2	1	1	1	1	1	NA	NA	NA	2	1	1
10	130013	37999999	2	1	1	3	a	6	1	1	0.0538164931586	0.0745960935845	2	1	1	1	1	1	NA	NA	NA	NA	NA	NA	NA	2	1	1	1	1	1	NA	NA	NA	2	1	1
10	38000000	42299999	2	1	1	3	b	5	1	1	0.0384405578545	0.0859522650102	2	1	1	1	1	1	NA	NA	NA	NA	NA	NA	NA	2	1	1	NA	NA	NA	NA	NA	NA	2	1	1
10	42300000	135534746	2	1	1	3	a	6	1	1	0.0538728292685	0.0750694360479	2	1	1	1	1	1	NA	NA	NA	NA	NA	NA	NA	2	1	1	1	1	1	NA	NA	NA	2	1	1
11	190010	51599999	2	1	1	3	a	6	1	1	0.0528967709039	0.0771939432861	2	1	1	1	1	1	NA	NA	NA	NA	NA	NA	NA	2	1	1	1	1	1	NA	NA	NA	2	1	1
11	51600000	55699999	2	1	1	3	a	6	1	1	0.0484572580461	0.121811274943	2	1	1	1	1	1	NA	NA	NA	NA	NA	NA	NA	2	1	1	1	1	1	NA	NA	NA	2	1	1
11	55700000	135006515	2	1	1	3	a	6	1	1	0.0538208382041	0.0751677572137	2	1	1	1	1	1	NA	NA	NA	NA	NA	NA	NA	2	1	1	1	1	1	NA	NA	NA	2	1	1
12	160107	33299999	2	1	1	3	a	6	1	1	0.0549941573265	0.0866790321124	2	1	1	1	1	1	NA	NA	NA	NA	NA	NA	NA	2	1	1	1	1	1	NA	NA	NA	2	1	1
12	33300000	38199999	2	1	1	3	a	6	1	1	0.0462692912536	0.0750047154022	2	1	1	1	1	1	NA	NA	NA	NA	NA	NA	NA	2	1	1	1	1	1	NA	NA	NA	2	1	1
12	38200000	133851894	2	1	1	3	a	6	1	1	0.0544757672016	0.0757358316088	2	1	1	1	1	1	NA	NA	NA	NA	NA	NA	NA	2	1	1	1	1	1	NA	NA	NA	2	1	1
13	1	16299999	2	1	1	1	h	1	NA	NA	NA	NA	NA	NA	NA	NA	NA	NA	NA	NA	NA	NA	NA	NA	NA	NA	NA	NA	NA	NA	NA	NA	NA	NA	2	1	1
13	16300000	19499999	2	1	1	2	d	4	1	1	0.0680501511758	0.141500427572	NA	NA	NA	1	1	1	NA	NA	NA	NA	NA	NA	NA	NA	NA	NA	1	1	1	NA	NA	NA	2	1	1
13	19500000	115169877	2	1	1	3	a	6	1	1	0.0539825652367	0.0740483724708	2	1	1	1	1	1	NA	NA	NA	NA	NA	NA	NA	2	1	1	1	1	1	NA	NA	NA	2	1	1
14	1	16099999	2	1	1	1	h	1	NA	NA	NA	NA	NA	NA	NA	NA	NA	NA	NA	NA	NA	NA	NA	NA	NA	NA	NA	NA	NA	NA	NA	NA	NA	NA	2	1	1
14	16100000	19099999	2	1	1	2	d	2	1	1	0.05	0.0864201539207	NA	NA	NA	NA	NA	NA	NA	NA	NA	NA	NA	NA	NA	NA	NA	NA	2	0	0.699389	2	1	0.300611	2	1	1
14	19100000	107349539	2	1	1	3	a	6	1	1	0.0532169870952	0.0770422317402	2	1	1	1	1	1	NA	NA	NA	NA	NA	NA	NA	2	1	1	1	1	1	NA	NA	NA	2	1	1
15	1	15799999	2	1	1	1	h	1	NA	NA	NA	NA	NA	NA	NA	NA	NA	NA	NA	NA	NA	NA	NA	NA	NA	NA	NA	NA	NA	NA	NA	NA	NA	NA	2	1	1
15	15800000	20699999	2	1	1	2	d	3	1	1	0.05	0.160608875338	NA	NA	NA	1	1	1	NA	NA	NA	NA	NA	NA	NA	NA	NA	NA	NA	NA	NA	NA	NA	NA	2	1	1
15	20700000	102399919	2	1	1	3	a	6	1	1	0.0537055048313	0.0793274620338	2	1	1	1	1	1	NA	NA	NA	NA	NA	NA	NA	2	1	1	1	1	1	NA	NA	NA	2	1	1
16	100010	34599999	2	1	1	3	a	6	1	1	0.0561479501767	0.0861388741919	2	1	1	1	1	1	NA	NA	NA	NA	NA	NA	NA	2	1	1	1	1	1	NA	NA	NA	2	1	1
16	34600000	38599999	2	1	1	3	a	6	1	1	0.05	0.0995000421063	2	1	1	1	1	1	NA	NA	NA	NA	NA	NA	NA	2	1	1	1	1	1	NA	NA	NA	2	1	1
16	38600000	90354752	2	1	1	3	a	6	1	1	0.0543154779284	0.0853754585513	2	1	1	1	1	1	NA	NA	NA	NA	NA	NA	NA	2	1	1	1	1	1	NA	NA	NA	2	1	1
17	6375	22199999	2	1	1	3	a	6	1	1	0.0564388893558	0.0872506722866	2	1	1	1	1	1	NA	NA	NA	NA	NA	NA	NA	2	1	1	1	1	1	NA	NA	NA	2	1	1
17	22200000	25799999	2	1	1	3	a	6	1	1	0.0540459945504	0.0854781189214	2	1	1	1	1	1	NA	NA	NA	NA	NA	NA	NA	2	1	1	1	1	1	NA	NA	NA	2	1	1
17	25800000	81195209	2	1	1	3	a	6	1	1	0.0547833759233	0.0827068337365	2	1	1	1	1	1	NA	NA	NA	NA	NA	NA	NA	2	1	1	1	1	1	NA	NA	NA	2	1	1
18	27500	98018	2	1	1	2	d	2	1	1	0.05	0.1	NA	NA	NA	NA	NA	NA	NA	NA	NA	NA	NA	NA	NA	3	1	2	1	0	0.416338	1	1	0.583662	2	1	1
18	98019	15399999	2	1	1	3	a	6	1	1	0.0536711362142	0.0757029890189	2	1	1	1	1	1	NA	NA	NA	NA	NA	NA	NA	2	1	1	1	1	1	NA	NA	NA	2	1	1
18	15400000	18999999	2	1	1	3	a	6	1	1	0.05	0.0723911853593	2	1	1	1	1	1	NA	NA	NA	NA	NA	NA	NA	2	1	1	1	1	1	NA	NA	NA	2	1	1
18	19000000	78077247	2	1	1	3	a	6	1	1	0.0526310471974	0.0732439487796	2	1	1	1	1	1	NA	NA	NA	NA	NA	NA	NA	2	1	1	1	1	1	NA	NA	NA	2	1	1
19	102500	260136	2	1	1	2	d	2	NA	NA	NA	NA	NA	NA	NA	1	1	0.855158730158729	2	1	0.144841269841271	NA	0	0.855158730158729	0.855158730158729	NA	NA	NA	1	1	1	NA	NA	NA	2	1	1
19	260137	24399999	2	1	1	3	a	6	1	1	0.0593022794102	0.0779304529259	2	1	1	1	1	1	NA	NA	NA	NA	NA	NA	NA	2	1	1	1	1	1	NA	NA	NA	2	1	1
19	24400000	28599999	2	1	1	2	d	5	1	1	0.0700917294708	0.0992886567386	2.10215	1.0510752	1.0510752	1	1	1	NA	NA	NA	NA	NA	NA	NA	2	1	1	1	1	1	NA	NA	NA	2	1	1
19	28600000	59128982	2	1	1	3	a	6	1	1	0.0545881802664	0.086955484998	2	1	1	1	1	1	NA	NA	NA	NA	NA	NA	NA	2	1	1	1	1	1	NA	NA	NA	2	1	1
20	60479	25599999	2	1	1	3	a	6	1	1	0.0557061582434	0.0717487066353	2	1	1	1	1	1	NA	NA	NA	NA	NA	NA	NA	2	1	1	1	1	1	NA	NA	NA	2	1	1
20	25600000	29399999	2	1	1	2	d	4	1	1	0.05	0.0940138573054	2	1	1	2	1	1	NA	NA	NA	NA	NA	NA	NA	3	1	2	1	1	1	NA	NA	NA	2	1	1
20	29400000	63025519	2	1	1	3	a	6	1	1	0.0535369002344	0.0737102967142	2	1	1	1	1	1	NA	NA	NA	NA	NA	NA	NA	2	1	1	1	1	1	NA	NA	NA	2	1	1
21	1	10899999	NA	NA	NA	NA	NA	NA	1	1	0.05	0.202480236006	NA	NA	NA	NA	NA	NA	NA	NA	NA	NA	NA	NA	NA	NA	NA	NA	2	0	0.465405	2	1	0.534595	NA	NA	NA
21	10900000	14299999	2	1	1	2	d	2	1	1	0.05	0.183972782709	NA	NA	NA	NA	NA	NA	NA	NA	NA	NA	NA	NA	NA	NA	NA	NA	1	1	1	NA	NA	NA	NA	NA	NA
21	14300000	48129894	2	1	1	3	b	5	1	1	0.053500055285	0.0741111547324	2	1	1	1	1	1	NA	NA	NA	NA	NA	NA	NA	2	1	1	1	1	1	NA	NA	NA	NA	NA	NA
22	1	12199999	2	1	1	1	h	1	NA	NA	NA	NA	NA	NA	NA	NA	NA	NA	NA	NA	NA	NA	NA	NA	NA	NA	NA	NA	NA	NA	NA	NA	NA	NA	2	1	1
22	12200000	17899999	2	1	1	3	a	6	1	1	0.0607133662533	0.0912166244216	2	1	1	1	1	1	NA	NA	NA	NA	NA	NA	NA	2	1	1	1	1	1	NA	NA	NA	2	1	1
22	17900000	51304565	2	1	1	3	a	6	1	1	0.0563098430588	0.101174545721	2	1	1	1	1	1	NA	NA	NA	NA	NA	NA	NA	2	1	1	1	1	1	NA	NA	NA	2	1	1
X	1	58099999	2	1	1	3	a	5	1	1	0.0534063977955	0.0803024486281	2	1	1	1	1	1	NA	NA	NA	NA	NA	NA	NA	2	1	1	NA	NA	NA	NA	NA	NA	2	1	1
X	58100000	62999999	2	1	1	3	a	5	1	1	0.0566229564534	0.218739046434	2	1	1	1	1	1	NA	NA	NA	NA	NA	NA	NA	2	1	1	NA	NA	NA	NA	NA	NA	2	1	1
X	63000000	155270559	2	1	1	3	a	5	1	1	0.0535896610181	0.0815161208436	2	1	1	1	1	1	NA	NA	NA	NA	NA	NA	NA	2	1	1	NA	NA	NA	NA	NA	NA	2	1	1
