chromosome	start	end	total_cn	major_cn	minor_cn	star	level	methods_agree	absolute_broad_major_cn	absolute_broad_minor_cn	absolute_broad_het_error	absolute_broad_cov_error	aceseq_copy_number	aceseq_minor_cn	aceseq_major_cn	battenberg_nMaj1_A	battenberg_nMin1_A	battenberg_frac1_A	battenberg_nMaj2_A	battenberg_nMin2_A	battenberg_frac2_A	battenberg_SDfrac_A	battenberg_SDfrac_A_BS	battenberg_frac1_A_0.025	battenberg_frac1_A_0.975	clonehd_copy_number	clonehd_minor_cn	clonehd_major_cn	sclust_nMaj1_A	sclust_nMin1_A	sclust_frac1_A	sclust_nMaj2_A	sclust_nMin2_A	sclust_frac2_A	jabba_copy_number	jabba_minor_cn	jabba_major_cn
1	10001	790008	2	1	1	2	d	3	1	1	0.05	0.566224031996	NA	NA	NA	1	1	1	NA	NA	NA	NA	NA	NA	NA	1	0	1	NA	NA	NA	NA	NA	NA	2	1	1
1	790009	3546548	2	1	1	3	b	6	1	1	0.0437905566376	0.172896874361	2	1	1	1	1	1	NA	NA	NA	NA	NA	NA	NA	1	0	1	1	1	1	NA	NA	NA	2	1	1
1	3546549	12867500	1	1	0	2	d	5	1.07	0	0.07644254985	0.0861198169873	1	0	1	1	0	1	NA	NA	NA	NA	NA	NA	NA	1	0	1	1	0	1	NA	NA	NA	1	0	1
1	12867501	16927500	1	1	0	2	d	5	1.07	0	0.0781142984274	0.143385381167	1	0	1	1	0	1	NA	NA	NA	NA	NA	NA	NA	1	0	1	1	0	1	NA	NA	NA	1	0	1
1	16927501	17082499	1	1	0	3	b	5	NA	NA	NA	NA	1	0	1	1	0	1	NA	NA	NA	NA	NA	NA	NA	1	0	1	1	0	1	NA	NA	NA	1	0	1
1	17082500	17315657	1	1	0	2	d	3	2	0	0.05	0.287869666908	NA	NA	NA	1	0	1	NA	NA	NA	NA	NA	NA	NA	1	0	1	1	0	0.542444	1	1	0.457556	1	0	1
1	17315658	31626416	1	1	0	2	d	5	1.12	0	0.0759828180624	0.0770535148188	1	0	1	1	0	1	NA	NA	NA	NA	NA	NA	NA	1	0	1	1	0	1	NA	NA	NA	1	0	1
1	31626417	121499999	2	1	1	3	a	6	1	1	0.0438892757518	0.10219726711	2	1	1	1	1	1	NA	NA	NA	NA	NA	NA	NA	2	1	1	1	1	1	NA	NA	NA	2	1	1
1	121500000	128899999	2	1	1	3	b	5	1	1	0.05	0.1	2	1	1	1	1	1	NA	NA	NA	NA	NA	NA	NA	NA	NA	NA	1	1	1	NA	NA	NA	2	1	1
1	128900000	201981262	2	1	1	3	a	6	1	1	0.0448406389224	0.101554581324	2	1	1	1	1	1	NA	NA	NA	NA	NA	NA	NA	2	1	1	1	1	1	NA	NA	NA	2	1	1
1	201981263	201985106	2	1	1	2	d	4	1	1	0.05	0.1	2	1	1	5	0	1	NA	NA	NA	NA	NA	NA	NA	1	0	1	1	1	1	NA	NA	NA	2	1	1
1	201985107	208188303	2	1	1	3	a	6	1	1	0.0470212640316	0.0876254592379	2	1	1	1	1	1	NA	NA	NA	NA	NA	NA	NA	2	1	1	1	1	1	NA	NA	NA	2	1	1
1	208188304	210602016	1	1	0	2	d	5	0.88	0	0.0782774153134	0.0686836689607	1	0	1	1	0	1	NA	NA	NA	NA	NA	NA	NA	1	0	1	1	0	1	NA	NA	NA	1	0	1
1	210602017	247247500	2	1	1	2	d	5	0.93	0.93	0.0452235225052	0.0909596763835	2	1	1	1	1	1	NA	NA	NA	NA	NA	NA	NA	2	1	1	1	1	1	NA	NA	NA	2	1	1
1	247247501	249250620	2	1	1	3	b	5	NA	NA	NA	NA	2	1	1	1	1	1	NA	NA	NA	NA	NA	NA	NA	2	1	1	1	1	1	NA	NA	NA	2	1	1
2	12220	90499999	2	1	1	3	a	6	1	1	0.0439028201	0.0980495243938	2	1	1	1	1	1	NA	NA	NA	NA	NA	NA	NA	2	1	1	1	1	1	NA	NA	NA	2	1	1
2	90500000	96799999	2	1	1	3	a	6	1	1	0.05	0.134318782607	2	1	1	1	1	1	NA	NA	NA	NA	NA	NA	NA	2	1	1	1	1	1	NA	NA	NA	2	1	1
2	96800000	197760339	2	1	1	3	a	6	1	1	0.0427485962558	0.100783222454	2	1	1	1	1	1	NA	NA	NA	NA	NA	NA	NA	2	1	1	1	1	1	NA	NA	NA	2	1	1
2	197760340	198178756	2	1	1	2	e	5	1	0.62	0.0733252143716	0.0708792536982	1.491183	0.49378481	0.99739773	1	0	0.560035842293907	1	1	0.439964157706093	0.0401974230599099	0.0402016055574805	0.45324269530107	0.616782001747304	2	1	1	1	0	0.561676	1	1	0.438324	1	0	1
2	198178757	242986605	2	1	1	3	a	6	1	1	0.0439163510899	0.0932937586053	2	1	1	1	1	1	NA	NA	NA	NA	NA	NA	NA	2	1	1	1	1	1	NA	NA	NA	2	1	1
3	100074	87899999	2	1	1	3	a	6	1	1	0.0459571676002	0.0991497102745	2	1	1	1	1	1	NA	NA	NA	NA	NA	NA	NA	2	1	1	1	1	1	NA	NA	NA	2	1	1
3	87900000	93899999	2	1	1	3	a	6	1	1	0.0499623874629	0.100496561039	2	1	1	1	1	1	NA	NA	NA	NA	NA	NA	NA	2	1	1	1	1	1	NA	NA	NA	2	1	1
3	93900000	152509317	2	1	1	3	a	6	1	1	0.0432908617201	0.0907066516811	2	1	1	1	1	1	NA	NA	NA	NA	NA	NA	NA	2	1	1	1	1	1	NA	NA	NA	2	1	1
3	152509318	153321341	1	1	0	2	d	2	1	0.48	0.0672322382439	0.0811102524443	1.515783	0.48919216	1.02659046	1	0	0.534579667644186	1	1	0.465420332355814	0.0166009685308367	0.0163584279380421	0.498434712855171	0.562674472325498	1	0	1	1	0	0.561676	1	1	0.438324	1	0	1
3	153321342	181400008	2	1	1	3	a	6	1	1	0.0426494559322	0.0977901516222	2	1	1	1	1	1	NA	NA	NA	NA	NA	NA	NA	2	1	1	1	1	1	NA	NA	NA	2	1	1
3	181400009	182350017	2	1	1	2	e	5	1	0.48	0.0684636239898	0.0841634659666	1.486397	0.52490208	0.96149446	1	0	0.50347776713155	1	1	0.49652223286845	0.0240348085225779	0.023716647152751	0.466147007896296	0.557092353285748	2	1	1	1	0	0.523788	1	1	0.476212	1	0	1
3	182350018	198022429	2	1	1	3	a	6	1	1	0.0447658932378	0.113076360176	2	1	1	1	1	1	NA	NA	NA	NA	NA	NA	NA	2	1	1	1	1	1	NA	NA	NA	2	1	1
4	31303	48199999	2	1	1	2	d	3	0.93	0.93	0.0502520236952	0.09455564539	1.790675	0.89533739	0.89533739	1	0	0.223996704132218	1	1	0.776003295867782	0.00281887543425599	0.00290704080929922	0.2179881500714	0.229650115287499	2	1	1	1	1	1	NA	NA	NA	2	1	1
4	48200000	52699999	2	1	1	2	d	3	0.93	0.93	0.0570508230596	0.487333091609	1.80243	0.78034025	1.02208953	NA	NA	NA	NA	NA	NA	NA	NA	NA	NA	2	1	1	1	1	1	NA	NA	NA	2	1	1
4	52700000	186011259	2	1	1	2	d	3	0.93	0.93	0.0499250938845	0.0943469070193	1.810065	0.90503236	0.90503236	1	0	0.222187285957152	1	1	0.777812714042848	0.00179219690007694	0.00175550494290298	0.218873683779768	0.225510556926853	2	1	1	1	1	1	NA	NA	NA	2	1	1
4	186011260	186498337	4	3	1	2	e	1	2.52	1	0.0424417760811	0.326931981633	1.899603	0.35387175	1.54573096	1	0	1	NA	NA	NA	NA	NA	NA	NA	NA	NA	NA	2	0	0.0333956	1	0	0.966604	2	1	1
4	186498338	191154275	2	1	1	2	d	4	1	1	0.0526502459352	0.0918647179815	1.802611	0.90130541	0.90130541	1	0	0.222541250625011	1	1	0.777458749374989	0.0100287148066443	0.00986959734658758	0.192879742264	0.231816099295702	2	1	1	1	1	1	NA	NA	NA	2	1	1
5	22500	24731127	2	1	1	3	a	6	1	1	0.0443467780963	0.0927129285273	2	1	1	1	1	1	NA	NA	NA	NA	NA	NA	NA	2	1	1	1	1	1	NA	NA	NA	2	1	1
5	24731128	24931144	1	1	0	3	a	6	1	0	0.0666540981402	0.0703179216281	1	0	1	1	0	1	NA	NA	NA	NA	NA	NA	NA	1	0	1	1	0	1	NA	NA	NA	1	0	1
5	24931145	46099999	2	1	1	3	a	6	1	1	0.0440758018328	0.093176831367	2	1	1	1	1	1	NA	NA	NA	NA	NA	NA	NA	2	1	1	1	1	1	NA	NA	NA	2	1	1
5	46100000	50699999	2	1	1	3	a	6	1	1	0.0493836529772	0.14051422064	2	1	1	1	1	1	NA	NA	NA	NA	NA	NA	NA	2	1	1	1	1	1	NA	NA	NA	2	1	1
5	50700000	109521070	2	1	1	3	a	6	1	1	0.0433940274112	0.0977462971796	2	1	1	1	1	1	NA	NA	NA	NA	NA	NA	NA	2	1	1	1	1	1	NA	NA	NA	2	1	1
5	109521071	110621546	1	1	0	3	a	6	1	0	0.0665760125539	0.0737534188297	1	0	1	1	0	1	NA	NA	NA	NA	NA	NA	NA	1	0	1	1	0	1	NA	NA	NA	1	0	1
5	110621547	168635456	2	1	1	3	a	6	1	1	0.044168326564	0.106734962798	2	1	1	1	1	1	NA	NA	NA	NA	NA	NA	NA	2	1	1	1	1	1	NA	NA	NA	2	1	1
5	168635457	169865336	1	1	0	2	d	2	1	0.48	0.0650154953774	0.0780983552209	1.426764	0.47812532	0.94863883	1	0	0.514149391247124	1	1	0.485850608752876	0.0155772978257573	0.0157495066196984	0.469972601266304	0.531318674266028	1	0	1	1	0	0.523788	1	1	0.476212	1	0	1
5	169865337	180689978	2	1	1	3	a	6	1	1	0.044226192537	0.103606505969	2	1	1	1	1	1	NA	NA	NA	NA	NA	NA	NA	2	1	1	1	1	1	NA	NA	NA	2	1	1
6	39681	202330	2	1	1	1	g	NA	NA	NA	NA	NA	NA	NA	NA	NA	NA	NA	NA	NA	NA	NA	NA	NA	NA	NA	NA	NA	NA	NA	NA	NA	NA	NA	2	1	1
6	202331	6739875	2	1	1	2	d	3	0.88	0.88	0.0534728988125	0.08732786451	1.785623	0.76722512	1.01839822	1	0	0.22910557184751	1	1	0.77089442815249	0.0080089960338485	0.00825858029695766	0.2086471295871	0.240509688232315	2	1	1	1	1	1	NA	NA	NA	2	1	1
6	6739876	7788733	1	1	0	3	a	6	1	0	0.0774317427503	0.0644236031801	1	0	1	1	0	1	NA	NA	NA	NA	NA	NA	NA	1	0	1	1	0	1	NA	NA	NA	1	0	1
6	7788734	8908721	2	1	1	2	d	3	0.88	0.88	0.0440452268558	0.0797524588133	1.806758	0.90337882	0.90337882	1	0	0.23588264615823	1	1	0.76411735384177	0.0183535506525319	0.018600821187823	0.189212903368235	0.26154548381961	2	1	1	1	1	1	NA	NA	NA	2	1	1
6	8908722	10054179	1	1	0	3	a	6	1	0	0.0758092187153	0.0643900525366	1	0	1	1	0	1	NA	NA	NA	NA	NA	NA	NA	1	0	1	1	0	1	NA	NA	NA	1	0	1
6	10054180	58699999	2	1	1	2	d	3	1	0.88	0.0534895433197	0.108655615732	1.783438	0.89171891	0.89171891	1	0	0.231424891003458	1	1	0.768575108996542	0.00279397460624657	0.00275769520162018	0.225651648652984	0.236519858365725	2	1	1	1	1	1	NA	NA	NA	2	1	1
6	58700000	63299999	2	1	1	2	d	3	1	0.88	0.0439995956939	0.119112673159	1.770722	0.88536077	0.88536077	NA	NA	NA	NA	NA	NA	NA	NA	NA	NA	2	1	1	1	1	1	NA	NA	NA	2	1	1
6	63300000	162247498	2	1	1	2	d	3	1	0.88	0.0495582966007	0.0853336478595	1.804386	0.90219318	0.90219318	1	0	0.223095957034631	1	1	0.776904042965369	0.00199988210234854	0.00201003851580788	0.219245028485108	0.227128539110618	2	1	1	1	1	1	NA	NA	NA	2	1	1
6	162247499	162359953	2	1	1	2	d	2	1	1	0.05	0.146405737653	1.288477	0.64423861	0.64423861	1	0	0.223095957034631	1	1	0.776904042965369	0.00199988210234854	0.00201003851580788	0.219245028485108	0.227128539110618	1	0	1	1	0	0.497998	1	1	0.502002	2	1	1
6	162359954	164345283	2	1	1	2	d	3	0.88	0.88	0.0501625227596	0.0869151546947	1.814873	0.90743654	0.90743654	1	0	0.223095957034631	1	1	0.776904042965369	0.00199988210234854	0.00201003851580788	0.219245028485108	0.227128539110618	2	1	1	1	1	1	NA	NA	NA	2	1	1
6	164345284	164909988	1	1	0	2	d	2	1	0.24	0.0645963566299	0.0767204448536	1.255098	0.28868068	0.96641698	1	0	0.747201391153134	1	1	0.252798608846866	0.0220365284700919	0.0212429550470419	0.681850762903131	0.764696248397732	1	0	1	1	0	0.751542	1	1	0.248458	1	0	1
6	164909989	170853479	2	1	1	2	d	3	0.88	0.88	0.0486537688282	0.0908626486451	1.788283	0.89414136	0.89414136	1	0	0.2400153609831	1	1	0.7599846390169	0.00794014853376693	0.00802403472271148	0.214898090777083	0.246944839638389	2	1	1	1	1	1	NA	NA	NA	2	1	1
7	40386	57999999	2	1	1	3	a	6	1	1	0.0436648977971	0.0972012313727	2	1	1	1	1	1	NA	NA	NA	NA	NA	NA	NA	2	1	1	1	1	1	NA	NA	NA	2	1	1
7	58000000	61699999	2	1	1	3	b	5	1	1	0.05	0.177431388103	2	1	1	1	1	1	NA	NA	NA	NA	NA	NA	NA	NA	NA	NA	1	1	1	NA	NA	NA	2	1	1
7	61700000	92256019	2	1	1	3	a	6	1	1	0.045529104783	0.10585321462	2	1	1	1	1	1	NA	NA	NA	NA	NA	NA	NA	2	1	1	1	1	1	NA	NA	NA	2	1	1
7	92256020	92256659	2	1	1	3	b	5	1	1	0.05	0.1	2	1	1	1	1	1	NA	NA	NA	NA	NA	NA	NA	NA	NA	NA	1	1	1	NA	NA	NA	2	1	1
7	92256660	143611880	2	1	1	3	a	6	1	1	0.0426077022809	0.0930192169636	2	1	1	1	1	1	NA	NA	NA	NA	NA	NA	NA	2	1	1	1	1	1	NA	NA	NA	2	1	1
7	143611881	143641363	2	1	1	2	d	4	NA	NA	NA	NA	2	1	1	1	1	1	NA	NA	NA	NA	NA	NA	NA	NA	NA	NA	1	1	1	NA	NA	NA	2	1	1
7	143641364	145207780	2	1	1	2	d	5	1	1	0.0412679762261	0.120421751113	2.105506	1.05275308	1.05275308	1	1	1	NA	NA	NA	NA	NA	NA	NA	2	1	1	1	1	1	NA	NA	NA	2	1	1
7	145207781	146038783	2	1	1	2	d	2	1	0	0.05	0.0822367275658	1.537922	0.58294683	0.95497516	1	0	0.455276862693938	1	1	0.544723137306062	0.0490181636232536	0.0471857570982503	0.376435413209937	0.569141047906417	2	1	1	1	0	0.500765	1	1	0.499235	2	1	1
7	146038784	158817500	2	1	1	3	a	6	1	1	0.0453343976292	0.0980713506572	2	1	1	1	1	1	NA	NA	NA	NA	NA	NA	NA	2	1	1	1	1	1	NA	NA	NA	2	1	1
8	10001	172499	1	1	0	2	d	2	0.62	0.62	0.05	0.1	NA	NA	NA	1	1	1	NA	NA	NA	NA	NA	NA	NA	1	0	1	1	0	0.474048	1	1	0.525952	1	0	1
8	172500	39000048	1	1	0	2	d	2	0.62	0.62	0.0558062938551	0.093763492074	1.148195	0.57409748	0.57409748	1	0	0.219144460028053	1	1	0.780855539971947	0.00315729227767393	0.00314783771881174	0.208775713540563	0.220782678391726	1	0	1	1	0	0.307172	1	1	0.692828	1	0	1
8	39000049	43099999	2	1	1	2	d	3	0.88	0.88	0.0553907606385	0.0897154684285	1.699949	0.69437422	1.00557519	1	0	0.323097601323407	1	1	0.676902398676593	0.0103403894502451	0.0102897788430278	0.313623901235338	0.35471358829029	2	1	1	1	1	1	NA	NA	NA	2	1	1
8	43100000	48099999	2	1	1	2	d	5	0.93	0.93	0.0520697263656	0.136007685267	2	1	1	1	1	1	NA	NA	NA	NA	NA	NA	NA	2	1	1	1	1	1	NA	NA	NA	2	1	1
8	48100000	81639880	2	1	1	2	d	5	0.93	0.93	0.0427939156028	0.0965000928113	2	1	1	1	1	1	NA	NA	NA	NA	NA	NA	NA	2	1	1	1	1	1	NA	NA	NA	2	1	1
8	81639881	85623495	3	2	1	2	d	2	1.28	1	0.0541776567542	0.0954886607188	2.586023	1.06112872	1.52489407	1	1	0.551425437150564	2	1	0.448574562849436	0.0138122877830919	0.0136042286414711	0.522842816796522	0.577489911825055	3	1	2	2	1	0.408953	1	1	0.591047	3	1	2
8	85623496	85741455	3	2	1	2	d	2	1.28	1	0.05	0.108814354566	2.586023	1.06112872	1.52489407	1	1	0.551425437150564	2	1	0.448574562849436	0.0138122877830919	0.0136042286414711	0.522842816796522	0.577489911825055	3	1	2	2	1	0.37237	1	1	0.62763	3	1	2
8	85741456	136511065	3	2	1	2	d	2	1.28	1	0.0502913402575	0.100879496027	2.585356	1.07800895	1.50734726	1	1	0.566423864030524	2	1	0.433576135969476	0.00402713297022733	0.0039280663114227	0.574474159784385	0.590127163074302	3	1	2	2	1	0.37237	1	1	0.62763	3	1	2
8	136511066	136512386	4	2	2	2	f	1	NA	NA	NA	NA	2.585356	1.07800895	1.50734726	NA	NA	NA	NA	NA	NA	NA	NA	NA	NA	NA	NA	NA	2	1	0.361999	1	1	0.638001	3	1	2
8	136512387	146364021	3	2	1	2	d	2	1.38	1	0.0525773470352	0.106561757913	2.587204	1.08463464	1.50256891	1	1	0.594456803856135	2	1	0.405543196143865	0.00810732274461362	0.00780955573133695	0.589573762869992	0.620121352439464	3	1	2	2	1	0.361999	1	1	0.638001	3	1	2
9	10001	21545920	1	1	0	2	d	5	1.12	0	0.0772371094568	0.0791866839837	1	0	1	1	0	1	NA	NA	NA	NA	NA	NA	NA	1	0	1	1	0	1	NA	NA	NA	1	0	1
9	21545921	22189478	0	0	0	3	a	6	0	0	0.0802871130081	0.0501505229043	0	0	0	0	0	1	NA	NA	NA	NA	NA	NA	NA	0	0	0	0	0	1	NA	NA	NA	0	0	0
9	22189479	41969707	1	1	0	2	d	5	1.12	0	0.0767109894578	0.0814839218463	1	0	1	1	0	1	NA	NA	NA	NA	NA	NA	NA	1	0	1	1	0	1	NA	NA	NA	1	0	1
9	41969708	47299999	1	1	0	2	d	5	1.12	0	0.05	0.400395430771	1	0	1	1	0	1	NA	NA	NA	NA	NA	NA	NA	1	0	1	1	0	1	NA	NA	NA	1	0	1
9	47300000	50699999	1	1	0	2	d	3	NA	NA	NA	NA	NA	NA	NA	NA	NA	NA	NA	NA	NA	NA	NA	NA	NA	1	0	1	1	0	1	NA	NA	NA	1	0	1
9	50700000	66267499	1	1	0	2	d	3	NA	NA	NA	NA	NA	NA	NA	NA	NA	NA	NA	NA	NA	NA	NA	NA	NA	1	0	1	1	0	1	NA	NA	NA	1	0	1
9	66267500	105058112	1	1	0	2	d	5	1.07	0	0.0746734913667	0.0873521669163	1	0	1	1	0	1	NA	NA	NA	NA	NA	NA	NA	1	0	1	1	0	1	NA	NA	NA	1	0	1
9	105058113	105068225	1	1	0	2	d	4	1.07	0	0.05	0.1	1	0	1	1	0	1	NA	NA	NA	NA	NA	NA	NA	NA	NA	NA	1	0	1	NA	NA	NA	1	0	1
9	105068226	140223200	1	1	0	2	d	5	1.07	0	0.0785920401912	0.0808963686473	1	0	1	1	0	1	NA	NA	NA	NA	NA	NA	NA	1	0	1	1	0	1	NA	NA	NA	1	0	1
9	140223201	141019790	1	1	0	2	d	5	1.07	0	0.0793250874883	0.1	1	0	1	1	0	1	NA	NA	NA	NA	NA	NA	NA	1	0	1	1	0	1	NA	NA	NA	1	0	1
10	102500	37999999	2	1	1	3	a	6	1	1	0.0446524537851	0.0955834739762	2	1	1	1	1	1	NA	NA	NA	NA	NA	NA	NA	2	1	1	1	1	1	NA	NA	NA	2	1	1
10	38000000	42299999	2	1	1	3	b	5	1	1	0.0289904479467	0.114477460979	2	1	1	1	1	1	NA	NA	NA	NA	NA	NA	NA	2	1	1	NA	NA	NA	NA	NA	NA	2	1	1
10	42300000	81084194	2	1	1	3	a	6	1	1	0.0453301684738	0.0974438471176	2	1	1	1	1	1	NA	NA	NA	NA	NA	NA	NA	2	1	1	1	1	1	NA	NA	NA	2	1	1
10	81084195	81135466	1	1	0	3	a	6	1	0	0.05	0.0692616460231	1	0	1	1	0	1	NA	NA	NA	NA	NA	NA	NA	1	0	1	1	0	1	NA	NA	NA	1	0	1
10	81135467	107737048	2	1	1	3	a	6	1	1	0.0442227876931	0.0966670861909	2	1	1	1	1	1	NA	NA	NA	NA	NA	NA	NA	2	1	1	1	1	1	NA	NA	NA	2	1	1
10	107737049	107806921	1	1	0	2	d	3	0.48	0.48	0.05	0.0751658122368	1.188802	0.12636104	1.06244067	1	0	0.964686017361757	1	1	0.0353139826382426	0.0406966069653701	0.0415242611471769	0.825114661243532	0.98730930578911	1	0	1	1	0	1	NA	NA	NA	1	0	1
10	107806922	135389924	2	1	1	3	a	6	1	1	0.0444822072797	0.0934254314538	2	1	1	1	1	1	NA	NA	NA	NA	NA	NA	NA	2	1	1	1	1	1	NA	NA	NA	2	1	1
11	20721	187499	2	1	1	2	d	3	1	1	0.05	0.1	NA	NA	NA	NA	NA	NA	NA	NA	NA	NA	NA	NA	NA	NA	NA	NA	1	1	1	NA	NA	NA	2	1	1
11	187500	5839900	2	1	1	3	a	6	1	1	0.0544627118494	0.116534472627	2	1	1	1	1	1	NA	NA	NA	NA	NA	NA	NA	2	1	1	1	1	1	NA	NA	NA	2	1	1
11	5839901	5942499	2	1	1	2	d	2	1.12	1.12	0.0562932741407	0.217347048585	2	1	1	1	0	0.31502016129032	1	1	0.68497983870968	0.0430003872547493	0.042649588419613	0.268527097113727	0.435958665793708	NA	NA	NA	2	1	0.772142	1	1	0.227858	2	1	1
11	5942500	22947998	2	1	1	3	a	6	1	1	0.045029432784	0.0979119025279	2	1	1	1	1	1	NA	NA	NA	NA	NA	NA	NA	2	1	1	1	1	1	NA	NA	NA	2	1	1
11	22947999	23011642	1	1	0	3	a	6	1	0	0.05	0.0473787302562	1	0	1	1	0	1	NA	NA	NA	NA	NA	NA	NA	1	0	1	1	0	1	NA	NA	NA	1	0	1
11	23011643	51599999	2	1	1	3	a	6	1	1	0.0437121300299	0.0962814919262	2	1	1	1	1	1	NA	NA	NA	NA	NA	NA	NA	2	1	1	1	1	1	NA	NA	NA	2	1	1
11	51600000	55699999	2	1	1	2	d	5	1	1	0.05	0.262679930202	1.994223	0.86510492	1.12911808	1	1	1	NA	NA	NA	NA	NA	NA	NA	2	1	1	1	1	1	NA	NA	NA	2	1	1
11	55700000	134442500	2	1	1	3	a	6	1	1	0.0445944208403	0.102116659682	2	1	1	1	1	1	NA	NA	NA	NA	NA	NA	NA	2	1	1	1	1	1	NA	NA	NA	2	1	1
12	110107	200013	2	1	1	2	d	3	1	1	0.05	0.1	NA	NA	NA	NA	NA	NA	NA	NA	NA	NA	NA	NA	NA	NA	NA	NA	1	1	1	NA	NA	NA	2	1	1
12	200014	11521336	2	1	1	3	a	6	1	1	0.0478244506652	0.112454474759	2	1	1	1	1	1	NA	NA	NA	NA	NA	NA	NA	2	1	1	1	1	1	NA	NA	NA	2	1	1
12	11521337	22382575	1	1	0	3	a	6	1	0	0.0750311540727	0.0691058394396	1	0	1	1	0	1	NA	NA	NA	NA	NA	NA	NA	1	0	1	1	0	1	NA	NA	NA	1	0	1
12	22382576	33299999	2	1	1	3	a	6	1	1	0.0431667151758	0.0957151369547	2	1	1	1	1	1	NA	NA	NA	NA	NA	NA	NA	2	1	1	1	1	1	NA	NA	NA	2	1	1
12	33300000	38199999	2	1	1	3	b	5	1	1	0.0594932880773	0.17867178953	2	1	1	NA	NA	NA	NA	NA	NA	NA	NA	NA	NA	2	1	1	1	1	1	NA	NA	NA	2	1	1
12	38200000	39268841	2	1	1	3	a	6	1	1	0.0447304460102	0.12525379607	2	1	1	1	1	1	NA	NA	NA	NA	NA	NA	NA	2	1	1	1	1	1	NA	NA	NA	2	1	1
12	39268842	46166733	1	1	0	3	a	6	1	0	0.071452156291	0.0782942196533	1	0	1	1	0	1	NA	NA	NA	NA	NA	NA	NA	1	0	1	1	0	1	NA	NA	NA	1	0	1
12	46166734	46335642	0	0	0	3	a	6	0	0	0.05	0.0473730622206	0	0	0	0	0	1	NA	NA	NA	NA	NA	NA	NA	0	0	0	0	0	1	NA	NA	NA	0	0	0
12	46335643	55645506	1	1	0	3	a	6	1	0	0.0760537491395	0.079340575009	1	0	1	1	0	1	NA	NA	NA	NA	NA	NA	NA	1	0	1	1	0	1	NA	NA	NA	1	0	1
12	55645507	132342500	2	1	1	3	a	6	1	1	0.0433208064004	0.0944266094278	2	1	1	1	1	1	NA	NA	NA	NA	NA	NA	NA	2	1	1	1	1	1	NA	NA	NA	2	1	1
12	132342501	133851894	2	1	1	3	b	5	NA	NA	NA	NA	2	1	1	1	1	1	NA	NA	NA	NA	NA	NA	NA	2	1	1	1	1	1	NA	NA	NA	2	1	1
13	1	16299999	2	1	1	1	g	NA	NA	NA	NA	NA	NA	NA	NA	NA	NA	NA	NA	NA	NA	NA	NA	NA	NA	NA	NA	NA	NA	NA	NA	NA	NA	NA	2	1	1
13	16300000	19499999	2	1	1	2	d	4	1	1	0.05	0.12042519689	NA	NA	NA	1	1	1	NA	NA	NA	NA	NA	NA	NA	NA	NA	NA	1	1	1	NA	NA	NA	2	1	1
13	19500000	114137500	2	1	1	3	a	6	1	1	0.0444659941775	0.0927395766746	2	1	1	1	1	1	NA	NA	NA	NA	NA	NA	NA	2	1	1	1	1	1	NA	NA	NA	2	1	1
13	114137501	115169877	2	1	1	3	b	5	NA	NA	NA	NA	2	1	1	1	1	1	NA	NA	NA	NA	NA	NA	NA	2	1	1	1	1	1	NA	NA	NA	2	1	1
14	1	16099999	1	1	0	1	g	NA	NA	NA	NA	NA	NA	NA	NA	NA	NA	NA	NA	NA	NA	NA	NA	NA	NA	NA	NA	NA	NA	NA	NA	NA	NA	NA	1	0	1
14	16100000	19099999	1	1	0	2	d	3	1	0	0.05	0.0803060247324	NA	NA	NA	NA	NA	NA	NA	NA	NA	NA	NA	NA	NA	NA	NA	NA	1	0	1	NA	NA	NA	1	0	1
14	19100000	20357500	1	1	0	2	d	3	1	0	0.05	0.305882045683	NA	NA	NA	NA	NA	NA	NA	NA	NA	NA	NA	NA	NA	NA	NA	NA	1	0	1	NA	NA	NA	1	0	1
14	20357501	106362500	1	1	0	3	b	5	1	0	0.0764923576041	0.0778909398338	1	0	1	1	0	1	NA	NA	NA	NA	NA	NA	NA	NA	NA	NA	1	0	1	NA	NA	NA	1	0	1
15	1	15799999	2	1	1	1	g	NA	NA	NA	NA	NA	NA	NA	NA	NA	NA	NA	NA	NA	NA	NA	NA	NA	NA	NA	NA	NA	NA	NA	NA	NA	NA	NA	2	1	1
15	15800000	20699999	2	1	1	2	d	3	1	1	0.05	0.321726431287	NA	NA	NA	1	1	1	NA	NA	NA	NA	NA	NA	NA	NA	NA	NA	2	0	0.632058	2	1	0.367942	2	1	1
15	20700000	100332500	2	1	1	3	a	6	1	1	0.0427445345653	0.0987886368226	2	1	1	1	1	1	NA	NA	NA	NA	NA	NA	NA	2	1	1	1	1	1	NA	NA	NA	2	1	1
15	100332501	102399919	2	1	1	3	b	5	NA	NA	NA	NA	2	1	1	1	1	1	NA	NA	NA	NA	NA	NA	NA	2	1	1	1	1	1	NA	NA	NA	2	1	1
16	100010	34599999	2	1	1	2	d	4	1	1	0.0514091739035	0.12227338147	1.770805	0.88540249	0.88540249	1	0	0.22910557184751	1	1	0.77089442815249	0.00352090077695727	0.00376053577193511	0.217078380722946	0.231668114374661	2	1	1	1	1	1	NA	NA	NA	2	1	1
16	34600000	38599999	2	1	1	2	d	4	1	0	0.05	0.280163340302	1.770805	0.88540249	0.88540249	1	1	1	NA	NA	NA	NA	NA	NA	NA	2	1	1	1	1	1	NA	NA	NA	2	1	1
16	38600000	78389996	2	1	1	2	d	4	1	1	0.0489744960185	0.0958660568619	1.780414	0.89020723	0.89020723	1	0	0.219144460028053	1	1	0.780855539971947	0.00387085694539835	0.0038699089543846	0.207575802678738	0.222857340425904	2	1	1	1	1	1	NA	NA	NA	2	1	1
16	78389997	78429993	1	1	0	2	d	4	1	0	0.080791849195	0.1	0.825248	0.01813605	0.80711241	0	0	0.364327267833402	1	0	0.635672732166598	0.0485120618257371	0.0483475717127466	0.265062068619726	0.457650783491413	1	0	1	1	0	1	NA	NA	NA	1	0	1
16	78429994	78519997	1	1	0	2	d	3	0.48	0.48	0.101076572782	0.242746163702	1.10535	0.17744337	0.92790675	0	0	0.364327267833402	1	0	0.635672732166598	0.0485120618257371	0.0483475717127466	0.265062068619726	0.457650783491413	1	0	1	1	0	1	NA	NA	NA	1	0	1
16	78519998	78633148	2	1	1	2	d	4	1	1	0.0586626248615	0.0805747431491	1.81883	0.90941517	0.90941517	1	0	0.219144460028053	1	1	0.780855539971947	0.0362926524591164	0.0343166893360821	0.185280498312571	0.318775223174678	2	1	1	1	1	1	NA	NA	NA	2	1	1
16	78633149	78653439	1	1	0	2	d	2	NA	NA	NA	NA	1.81883	0.90941517	0.90941517	1	0	0.840053763440861	1	1	0.159946236559139	0.0547239891087364	0.054141460730287	0.682782590031549	0.899012396167925	1	0	1	1	0	0.726227	1	1	0.273773	1	0	1
16	78653440	88822500	2	1	1	2	d	4	1	1	0.0539692886785	0.105572402106	1.762324	0.88116215	0.88116215	1	0	0.22708830969896	1	1	0.77291169030104	0.00494001237767237	0.00497266975681632	0.216581268839514	0.236699873479329	2	1	1	1	1	1	NA	NA	NA	2	1	1
16	88822501	90354752	2	1	1	2	d	3	NA	NA	NA	NA	1.778493	0.88924672	0.88924672	1	0	0.22708830969896	1	1	0.77291169030104	0.00494001237767237	0.00497266975681632	0.216581268839514	0.236699873479329	2	1	1	1	1	1	NA	NA	NA	2	1	1
17	12500	22199999	1	1	0	2	d	5	1.07	0	0.0751063905968	0.0978472520459	1	0	1	1	0	1	NA	NA	NA	NA	NA	NA	NA	1	0	1	1	0	1	NA	NA	NA	1	0	1
17	22200000	25799999	NA	NA	NA	NA	NA	NA	1.52	1	0.0627081573891	0.309750415786	2.398192	0.99482508	1.40336742	NA	NA	NA	NA	NA	NA	NA	NA	NA	NA	3	1	2	1	1	1	NA	NA	NA	2	1	1
17	25800000	78772500	3	2	1	2	d	2	1.52	1	0.0528691686864	0.117315811916	2.530891	1.00677027	1.52412056	1	1	0.476619258941704	2	1	0.523380741058296	0.00440127577375796	0.00443167025592062	0.46845883397508	0.485366639994868	3	1	2	2	1	0.516036	1	1	0.483964	3	1	2
17	78772501	81195209	3	2	1	2	d	2	NA	NA	NA	NA	2.495704	1.00862977	1.48707384	1	1	0.476619258941704	2	1	0.523380741058296	0.00440127577375796	0.00443167025592062	0.46845883397508	0.485366639994868	3	1	2	2	1	0.494377	1	1	0.505623	3	1	2
18	27500	15399999	2	1	1	2	d	4	1	1	0.0520251244304	0.0935547228029	1.792772	0.8963859	0.8963859	1	0	0.201612903225805	1	1	0.798387096774195	0.00543000079996754	0.00534996269957981	0.192625630139016	0.214392739265246	2	1	1	1	1	1	NA	NA	NA	2	1	1
18	15400000	18999999	2	1	1	2	d	4	1	1	0.05	0.103032506304	1.792772	0.8963859	0.8963859	1	0	0.229476231856705	1	1	0.770523768143295	0.0027021341257755	0.00265137638411666	0.224264248407634	0.234471153412617	2	1	1	1	1	1	NA	NA	NA	2	1	1
18	19000000	76112500	2	1	1	2	d	4	1	1	0.049712394792	0.090739101907	1.800565	0.90028256	0.90028256	1	0	0.229476231856705	1	1	0.770523768143295	0.0027021341257755	0.00265137638411666	0.224264248407634	0.234471153412617	2	1	1	1	1	1	NA	NA	NA	2	1	1
18	76112501	78077247	2	1	1	2	d	3	NA	NA	NA	NA	1.775446	0.76046732	1.01497851	1	0	0.229476231856705	1	1	0.770523768143295	0.0027021341257755	0.00265137638411666	0.224264248407634	0.234471153412617	2	1	1	1	1	1	NA	NA	NA	2	1	1
19	102500	260136	2	1	1	2	d	3	NA	NA	NA	NA	NA	NA	NA	1	1	1	NA	NA	NA	NA	NA	NA	NA	NA	NA	NA	1	1	1	NA	NA	NA	2	1	1
19	260137	24399999	2	1	1	2	d	5	1.07	1.07	0.0438955398061	0.118043571799	2	1	1	1	1	1	NA	NA	NA	NA	NA	NA	NA	2	1	1	1	1	1	NA	NA	NA	2	1	1
19	24400000	28599999	2	1	1	2	d	3	1	0.48	0.0689664079428	0.285871566005	1.57474	0.63372381	0.94101611	NA	NA	NA	NA	NA	NA	NA	NA	NA	NA	2	1	1	1	1	1	NA	NA	NA	2	1	1
19	28600000	32501822	2	1	1	2	e	5	1	0.48	0.0662044847935	0.081580527785	1.559886	0.5670499	0.99283608	1	0	0.453336576169087	1	1	0.546663423830913	0.00344837384903163	0.00361091064109085	0.445690974307567	0.460191504770827	2	1	1	1	0	0.464919	1	1	0.535081	1	0	1
19	32501823	59128982	2	1	1	2	d	2	1	0.62	0.0631106355426	0.187823039381	1.566717	0.55572622	1.01099116	1	0	0.453336576169087	1	1	0.546663423830913	0.00344837384903163	0.00361091064109085	0.445690974307567	0.460191504770827	2	1	1	1	0	0.487932	1	1	0.512068	2	1	1
20	37416	14984202	2	1	1	2	d	4	1	1	0.0454941813906	0.0916375998186	2	1	1	NA	NA	NA	NA	NA	NA	NA	NA	NA	NA	2	1	1	1	1	1	NA	NA	NA	NA	NA	NA
20	14984203	15147293	1	1	0	2	d	4	1	0	0.0530702037632	0.080834824008	1	0	1	NA	NA	NA	NA	NA	NA	NA	NA	NA	NA	1	0	1	1	0	1	NA	NA	NA	NA	NA	NA
20	15147294	15156147	1	1	0	2	d	3	1	0	0.05	0.1	1	0	1	NA	NA	NA	NA	NA	NA	NA	NA	NA	NA	2	1	1	1	0	1	NA	NA	NA	NA	NA	NA
20	15156148	15408734	1	1	0	2	d	4	1	0	0.0632505682442	0.0777823244223	1	0	1	NA	NA	NA	NA	NA	NA	NA	NA	NA	NA	1	0	1	1	0	1	NA	NA	NA	NA	NA	NA
20	15408735	25599999	2	1	1	3	a	6	1	1	0.0440050085916	0.0877959282975	2	1	1	1	1	1	NA	NA	NA	NA	NA	NA	NA	2	1	1	1	1	1	NA	NA	NA	2	1	1
20	25600000	29399999	2	1	1	3	b	5	1	1	0.0650643127926	0.133583734315	2	1	1	1	1	0.826195773081203	2	1	0.173804226918797	0.0455674007144745	0.0441642767193696	0.778155536194464	0.949938037474357	2	1	1	1	1	1	NA	NA	NA	2	1	1
20	29400000	62432500	2	1	1	3	a	6	1	1	0.043890574394	0.0952539076209	2	1	1	1	1	1	NA	NA	NA	NA	NA	NA	NA	2	1	1	1	1	1	NA	NA	NA	2	1	1
21	1	10899999	NA	NA	NA	NA	NA	NA	1	1	0.05	0.187125372633	NA	NA	NA	NA	NA	NA	NA	NA	NA	NA	NA	NA	NA	NA	NA	NA	2	0	0.265306	1	0	0.734694	NA	NA	NA
21	10900000	14299999	2	1	1	2	d	2	1	1	0.05	0.154908289549	NA	NA	NA	NA	NA	NA	NA	NA	NA	NA	NA	NA	NA	NA	NA	NA	1	1	1	NA	NA	NA	NA	NA	NA
21	14300000	46937500	2	1	1	3	b	5	1	1	0.04386731109	0.095898315251	2	1	1	1	1	1	NA	NA	NA	NA	NA	NA	NA	2	1	1	1	1	1	NA	NA	NA	NA	NA	NA
21	46937501	48129894	2	1	1	2	d	3	NA	NA	NA	NA	2	1	1	1	0	0.124629944932743	1	1	0.875370055067257	0.0350187753496142	0.0363019913651683	0.0290506575888854	0.166344195146325	2	1	1	1	1	1	NA	NA	NA	NA	NA	NA
22	1	12199999	2	1	1	1	g	NA	NA	NA	NA	NA	NA	NA	NA	NA	NA	NA	NA	NA	NA	NA	NA	NA	NA	NA	NA	NA	NA	NA	NA	NA	NA	NA	2	1	1
22	12200000	17899999	2	1	1	2	d	5	1.07	1.07	0.0421584715599	0.189646568728	2	1	1	1	1	1	NA	NA	NA	NA	NA	NA	NA	2	1	1	1	1	1	NA	NA	NA	2	1	1
22	17900000	49687500	2	1	1	2	d	5	1.07	1.07	0.0460536605164	0.106330916178	2	1	1	1	1	1	NA	NA	NA	NA	NA	NA	NA	2	1	1	1	1	1	NA	NA	NA	2	1	1
22	49687501	51304565	2	1	1	3	b	5	NA	NA	NA	NA	2	1	1	1	1	1	NA	NA	NA	NA	NA	NA	NA	2	1	1	1	1	1	NA	NA	NA	2	1	1
X	1	58099999	1	1	0	3	a	3	1	0	0.0755359017972	0.139171661825	1	0	1	NA	NA	NA	NA	NA	NA	NA	NA	NA	NA	1	0	1	NA	NA	NA	NA	NA	NA	2	1	1
X	58100000	62999999	1	1	0	2	d	2	0.12	0	0.05	0.347158457757	1	0	1	NA	NA	NA	NA	NA	NA	NA	NA	NA	NA	1	0	1	NA	NA	NA	NA	NA	NA	2	1	1
X	63000000	155270559	1	1	0	3	a	3	1	0	0.05	0.122761422988	1	0	1	NA	NA	NA	NA	NA	NA	NA	NA	NA	NA	1	0	1	NA	NA	NA	NA	NA	NA	2	1	1
Y	1	11599999	1	1	0	1	h	1	NA	NA	NA	NA	1	0	1	NA	NA	NA	NA	NA	NA	NA	NA	NA	NA	NA	NA	NA	NA	NA	NA	NA	NA	NA	NA	NA	NA
Y	11600000	13399999	1	1	0	1	h	1	NA	NA	NA	NA	1	0	1	NA	NA	NA	NA	NA	NA	NA	NA	NA	NA	NA	NA	NA	NA	NA	NA	NA	NA	NA	NA	NA	NA
Y	13400000	59373565	1	1	0	1	h	1	NA	NA	NA	NA	1	0	1	NA	NA	NA	NA	NA	NA	NA	NA	NA	NA	NA	NA	NA	NA	NA	NA	NA	NA	NA	NA	NA	NA
