chromosome	start	end	total_cn	major_cn	minor_cn	star	level	methods_agree	absolute_broad_major_cn	absolute_broad_minor_cn	absolute_broad_het_error	absolute_broad_cov_error	aceseq_copy_number	aceseq_minor_cn	aceseq_major_cn	battenberg_nMaj1_A	battenberg_nMin1_A	battenberg_frac1_A	battenberg_nMaj2_A	battenberg_nMin2_A	battenberg_frac2_A	battenberg_SDfrac_A	battenberg_SDfrac_A_BS	battenberg_frac1_A_0.025	battenberg_frac1_A_0.975	clonehd_copy_number	clonehd_minor_cn	clonehd_major_cn	sclust_nMaj1_A	sclust_nMin1_A	sclust_frac1_A	sclust_nMaj2_A	sclust_nMin2_A	sclust_frac2_A	jabba_copy_number	jabba_minor_cn	jabba_major_cn
1	10001	9772738	2	1	1	2	d	3	1.33	1	0.0632756027161	0.193364432764	2.266411	0.983575952	1.2828347	1	1	0.598417647600745	2	1	0.401582352399255	0.0023921977527952	0.00235932169842257	0.593606564022373	0.602897464846582	2	1	1	1	1	1	NA	NA	NA	2	1	1
1	9772739	32910676	2	1	1	2	d	3	1.33	1	0.0607460809894	0.187423102642	2.262559	0.975395465	1.287163	1	1	0.598417647600745	2	1	0.401582352399255	0.0023921977527952	0.00235932169842257	0.593606564022373	0.602897464846582	2	1	1	1	1	1	NA	NA	NA	2	1	1
1	32910677	121499999	2	1	1	2	d	3	1.25	1	0.0574385150251	0.138963617759	2.251286	0.974255499	1.2770304	1	1	0.598417647600745	2	1	0.401582352399255	0.0023921977527952	0.00235932169842257	0.593606564022373	0.602897464846582	2	1	1	1	1	1	NA	NA	NA	2	1	1
1	121500000	128899999	2	1	1	2	d	2	1.25	1	0.05	0.1	2.251286	0.974255499	1.2770304	NA	NA	NA	NA	NA	NA	NA	NA	NA	NA	NA	NA	NA	1	1	1	NA	NA	NA	2	1	1
1	128900000	247247500	2	1	1	2	d	3	1.25	1	0.0574464360874	0.128322075642	2.262437	0.975342662	1.2870944	1	1	0.597414650269008	2	1	0.402585349730992	0.00246654630550014	0.00246063649902213	0.592558438435909	0.602318901537784	2	1	1	1	1	1	NA	NA	NA	2	1	1
1	247247501	249250620	2	1	1	2	d	3	NA	NA	NA	NA	2.284049	0.993357738	1.2906917	1	1	0.597414650269008	2	1	0.402585349730992	0.00246654630550014	0.00246063649902213	0.592558438435909	0.602318901537784	2	1	1	1	1	1	NA	NA	NA	2	1	1
2	42957	52746766	2	2	0	2	d	4	2	0.29	0.0500315713533	0.130127222871	2.243502	0.25232506	1.9911767	2	0	1	NA	NA	NA	NA	NA	NA	NA	2	0	2	2	0	1	NA	NA	NA	2	0	2
2	52746767	90499999	2	2	0	2	d	4	2	0.29	0.0486260819567	0.137575346172	2.258785	0.256737411	2.0020477	2	0	1	NA	NA	NA	NA	NA	NA	NA	2	0	2	2	0	1	NA	NA	NA	2	0	2
2	90500000	96799999	2	2	0	2	d	3	2	0.29	0.0551668675749	0.162149762997	2.213274	0.21708229	1.9961921	NA	NA	NA	NA	NA	NA	NA	NA	NA	NA	2	0	2	2	0	1	NA	NA	NA	2	0	2
2	96800000	170307499	2	2	0	2	d	4	2	0.29	0.0492230829866	0.124512903796	2.248793	0.253030494	1.995762	2	0	1	NA	NA	NA	NA	NA	NA	NA	2	0	2	2	0	1	NA	NA	NA	2	0	2
2	170307500	242985695	2	2	0	3	b	6	2	0	0.0323202935298	0.121953842733	2	0	2	11	0	1	NA	NA	NA	NA	NA	NA	NA	2	0	2	2	0	1	NA	NA	NA	2	0	2
3	62746	87899999	2	1	1	2	d	5	1	1	0.0496051648189	0.116433183429	2	1	1	1	0	0.0591540964211764	1	1	0.940845903578824	0.00195789444798045	0.00197884352240013	0.0470286184418932	0.0547580373292853	2	1	1	1	1	1	NA	NA	NA	2	1	1
3	87900000	93899999	2	1	1	3	b	5	1	1	0.0394656247134	0.117368752593	2	1	1	NA	NA	NA	NA	NA	NA	NA	NA	NA	NA	2	1	1	1	1	1	NA	NA	NA	2	1	1
3	93900000	198022429	2	1	1	3	a	6	1	1	0.0478990233521	0.11106500383	2	1	1	1	1	1	NA	NA	NA	NA	NA	NA	NA	2	1	1	1	1	1	NA	NA	NA	2	1	1
4	59541	27057499	2	1	1	3	a	6	1	1	0.0495042768682	0.116128712416	2	1	1	1	1	1	NA	NA	NA	NA	NA	NA	NA	2	1	1	1	1	1	NA	NA	NA	2	1	1
4	27057500	27790944	1	1	0	1	g	1	2	1	0.0690276427928	0.296386753762	1.937065	0.680824979	1.25624	1	0	0.618429189857762	1	1	0.381570810142238	0.0135759848370237	0.0137609725273874	0.533992889493618	0.58867418151531	NA	NA	NA	1	0	0.607501	1	1	0.392499	2	1	1
4	27790945	48199999	2	1	1	3	a	6	1	1	0.0483096269442	0.111339410435	2	1	1	1	1	1	NA	NA	NA	NA	NA	NA	NA	2	1	1	1	1	1	NA	NA	NA	2	1	1
4	48200000	52699999	2	1	1	2	d	5	1	1	0.0756055240782	0.299324484399	2	1	1	1	1	1	NA	NA	NA	NA	NA	NA	NA	2	1	1	1	0	0.329863	1	1	0.670137	2	1	1
4	52700000	191154275	2	1	1	3	a	6	1	1	0.0470189595122	0.109178057378	2	1	1	1	1	1	NA	NA	NA	NA	NA	NA	NA	2	1	1	1	1	1	NA	NA	NA	2	1	1
5	22500	46099999	2	1	1	2	d	3	1.18	1	0.0553762669855	0.124034710584	2.216189	0.97361122	1.2425774	1	1	0.64928702588451	2	1	0.35071297411549	0.00328746072606706	0.00338295395114469	0.643017187978641	0.656045135444406	2	1	1	1	1	1	NA	NA	NA	2	1	1
5	46100000	50699999	2	1	1	2	d	3	1.18	1	0.0491588703029	0.156576175376	2.266334	0.987191566	1.2791419	NA	NA	NA	NA	NA	NA	NA	NA	NA	NA	2	1	1	1	1	1	NA	NA	NA	2	1	1
5	50700000	180689978	2	1	1	2	d	3	1.18	1	0.0556280165717	0.120841150562	2.207496	0.967983044	1.2395127	1	1	0.640133762486597	2	1	0.359866237513403	0.00211836114977498	0.00207759262161454	0.636167941723262	0.644153649487834	2	1	1	1	1	1	NA	NA	NA	2	1	1
6	39681	202330	2	1	1	2	d	2	NA	NA	NA	NA	NA	NA	NA	NA	NA	NA	NA	NA	NA	NA	NA	NA	NA	NA	NA	NA	1	1	1	NA	NA	NA	2	1	1
6	202331	58699999	2	1	1	2	d	3	1.25	1	0.0587164344223	0.134836658776	2.251027	0.973033688	1.2779935	1	1	0.602202519665377	2	1	0.397797480334623	0.0030607891800018	0.00312824785707647	0.596185724172617	0.608296892333963	2	1	1	1	1	1	NA	NA	NA	2	1	1
6	58700000	63299999	2	1	1	2	d	3	1.25	1	0.0549430103314	0.169249017392	2.292585	0.993652152	1.298933	NA	NA	NA	NA	NA	NA	NA	NA	NA	NA	2	1	1	1	1	1	NA	NA	NA	2	1	1
6	63300000	163541337	2	1	1	2	d	3	1.25	1	0.0551086116933	0.119106583748	2.259408	0.975699486	1.2837082	1	1	0.601261393136326	2	1	0.398738606863674	0.0023772123286559	0.00250402005083728	0.596094005344604	0.606182528858082	2	1	1	1	1	1	NA	NA	NA	2	1	1
6	163541338	164176696	3	2	1	2	d	2	1.33	1.33	0.041469521104	0.129521312929	2.656464	1.328231761	1.3282318	1	1	0.89325115686541	2	1	0.10674884313459	0.0206977999813591	0.0197320974215646	0.846535196107469	0.924031000774666	3	1	2	1	1	1	NA	NA	NA	3	1	2
6	164176697	170905605	2	1	1	2	d	3	1.25	1	0.0616101872863	0.12956121725	2.229099	0.963475196	1.2656237	1	1	0.585921325051757	2	1	0.414078674948243	0.00860861369181726	0.00889235079853399	0.56836643703794	0.60370562316115	2	1	1	1	1	1	NA	NA	NA	2	1	1
7	40386	57999999	3	2	1	2	d	2	2.1	1	0.0582381698456	0.164041325787	3.178626	0.98817001	2.1904555	2	1	0.424633011099181	3	1	0.575366988900819	0.00449632781269535	0.00450042463784978	0.446936609746558	0.464585184704649	3	1	2	3	1	0.512871	2	1	0.487129	3	1	2
7	58000000	61699999	3	2	1	2	d	2	2.1	1	0.05	0.267366712025	3.178626	0.98817001	2.1904555	NA	NA	NA	NA	NA	NA	NA	NA	NA	NA	3	1	2	3	1	0.403735	2	1	0.596265	3	1	2
7	61700000	158817500	3	2	1	2	d	2	2.1	1	0.0583869696721	0.179663634838	3.203259	0.996007861	2.2072509	2	1	0.421768707482999	3	1	0.578231292517001	0.00433788678508232	0.00421611596414475	0.443759509795858	0.459905169155854	3	1	2	3	1	0.512871	2	1	0.487129	3	1	2
8	10001	43099999	2	1	1	3	a	6	1	1	0.051308282868	0.126958035038	2	1	1	1	1	1	NA	NA	NA	NA	NA	NA	NA	2	1	1	1	1	1	NA	NA	NA	2	1	1
8	43100000	48099999	2	1	1	3	a	6	1	1	0.0364444336405	0.244518523043	2	1	1	1	1	1	NA	NA	NA	NA	NA	NA	NA	2	1	1	1	1	1	NA	NA	NA	2	1	1
8	48100000	146364021	2	1	1	3	a	6	1	1	0.0471099191546	0.113625342033	2	1	1	1	1	1	NA	NA	NA	NA	NA	NA	NA	2	1	1	1	1	1	NA	NA	NA	2	1	1
9	10001	43657499	2	1	1	3	a	6	1	1	0.0486809589697	0.120547858968	2	1	1	1	1	1	NA	NA	NA	NA	NA	NA	NA	2	1	1	1	1	1	NA	NA	NA	2	1	1
9	43657500	47299999	2	1	1	2	d	4	1	1	0.05	0.31712107387	2	1	1	1	1	1	NA	NA	NA	NA	NA	NA	NA	1	0	1	1	0	0.731701	1	1	0.268299	2	1	1
9	47300000	50699999	2	1	1	2	d	2	1	1	0.05	0.1	NA	NA	NA	NA	NA	NA	NA	NA	NA	NA	NA	NA	NA	NA	NA	NA	1	0	0.731701	1	1	0.268299	2	1	1
9	50700000	140267500	2	1	1	3	a	6	1	1	0.0503675465902	0.115490180548	2	1	1	1	1	1	NA	NA	NA	NA	NA	NA	NA	2	1	1	1	1	1	NA	NA	NA	2	1	1
10	102500	37999999	2	1	1	3	a	6	1	1	0.0502786657744	0.1097404021	2	1	1	1	1	1	NA	NA	NA	NA	NA	NA	NA	2	1	1	1	1	1	NA	NA	NA	2	1	1
10	38000000	42299999	2	1	1	2	d	4	1	1	0.0393281129493	0.170749953091	2.57	1.28500011	1.2850001	1	1	1	NA	NA	NA	NA	NA	NA	NA	2	1	1	NA	NA	NA	NA	NA	NA	2	1	1
10	42300000	135389924	2	1	1	3	a	6	1	1	0.0503590003095	0.123823210766	2	1	1	1	1	1	NA	NA	NA	NA	NA	NA	NA	2	1	1	1	1	1	NA	NA	NA	2	1	1
11	190010	51599999	2	1	1	3	a	6	1	1	0.0496094605358	0.125721756122	2	1	1	1	1	1	NA	NA	NA	NA	NA	NA	NA	2	1	1	1	1	1	NA	NA	NA	2	1	1
11	51600000	55699999	2	1	1	3	a	6	1	1	0.0443964397434	0.149001862854	2	1	1	1	1	1	NA	NA	NA	NA	NA	NA	NA	2	1	1	1	1	1	NA	NA	NA	2	1	1
11	55700000	134442500	2	1	1	3	a	6	1	1	0.0494813628389	0.115369530059	2	1	1	1	1	1	NA	NA	NA	NA	NA	NA	NA	2	1	1	1	1	1	NA	NA	NA	2	1	1
12	110107	188347	3	2	1	2	d	2	1.78	1	0.05	0.1	NA	NA	NA	NA	NA	NA	NA	NA	NA	NA	NA	NA	NA	NA	NA	NA	2	1	1	NA	NA	NA	3	1	2
12	188348	8883352	3	2	1	2	d	4	1.78	1	0.0677959682079	0.182224740323	2.701569	0.97222562	1.729343	2	1	1	NA	NA	NA	NA	NA	NA	NA	3	1	2	2	1	1	NA	NA	NA	3	1	2
12	8883353	8883395	3	2	1	2	d	2	1	1	0.05	0.1	2.701569	0.97222562	1.729343	NA	NA	NA	NA	NA	NA	NA	NA	NA	NA	NA	NA	NA	2	1	1	NA	NA	NA	3	1	2
12	8883396	33299999	2	1	1	2	d	5	1	1	0.0478165991676	0.114208791325	2	1	1	1	1	0.926901099896389	2	1	0.0730989001036114	0.00395442798070483	0.00405904320143441	0.919271507079361	0.935037057242874	2	1	1	1	1	1	NA	NA	NA	2	1	1
12	33300000	38199999	2	1	1	3	b	5	1	1	0.0435930704912	0.143911032248	2	1	1	NA	NA	NA	NA	NA	NA	NA	NA	NA	NA	2	1	1	1	1	1	NA	NA	NA	2	1	1
12	38200000	132342500	2	1	1	2	d	5	1	1	0.0483522991642	0.116296350084	2	1	1	1	1	0.933323816515834	2	1	0.0666761834841657	0.00222356135681817	0.00224693937572643	0.929020288904993	0.937870889090807	2	1	1	1	1	1	NA	NA	NA	2	1	1
12	132342501	133851894	2	1	1	2	d	4	NA	NA	NA	NA	2	1	1	1	1	0.933323816515834	2	1	0.0666761834841657	0.00222356135681817	0.00224693937572643	0.929020288904993	0.937870889090807	2	1	1	1	1	1	NA	NA	NA	2	1	1
13	1	16299999	3	2	1	1	h	1	NA	NA	NA	NA	NA	NA	NA	NA	NA	NA	NA	NA	NA	NA	NA	NA	NA	NA	NA	NA	NA	NA	NA	NA	NA	NA	3	1	2
13	16300000	19499999	NA	NA	NA	NA	NA	NA	1.78	0.9	0.05	0.187628348785	NA	NA	NA	2	1	0.69599873457003	3	1	0.30400126542997	0.00337731497151089	0.00335021499237023	0.689330685453501	0.702721573323922	NA	NA	NA	2	0	0.263632	2	1	0.736368	3	1	2
13	19500000	114137500	3	2	1	2	d	3	1.78	0.9	0.0598144663542	0.13811803094	3	1	2	2	1	0.69599873457003	3	1	0.30400126542997	0.00337731497151089	0.00335021499237023	0.689330685453501	0.702721573323922	3	1	2	2	0	0.147344	2	1	0.852656	3	1	2
13	114137501	115169877	3	2	1	2	d	2	NA	NA	NA	NA	3	1	2	2	1	0.69599873457003	3	1	0.30400126542997	0.00337731497151089	0.00335021499237023	0.689330685453501	0.702721573323922	NA	NA	NA	2	0	0.147344	2	1	0.852656	3	1	2
14	1	16099999	3	2	1	1	h	1	NA	NA	NA	NA	NA	NA	NA	NA	NA	NA	NA	NA	NA	NA	NA	NA	NA	NA	NA	NA	NA	NA	NA	NA	NA	NA	3	1	2
14	16100000	19099999	3	2	1	2	d	2	NA	NA	NA	NA	NA	NA	NA	NA	NA	NA	NA	NA	NA	NA	NA	NA	NA	NA	NA	NA	2	1	1	NA	NA	NA	3	1	2
14	19100000	20437980	3	2	1	2	d	2	1.18	1.18	0.014125139493	0.377143996083	2.980233	1.49011669	1.4901167	NA	NA	NA	NA	NA	NA	NA	NA	NA	NA	NA	NA	NA	2	1	1	NA	NA	NA	3	1	2
14	20437981	106362500	3	2	1	2	d	4	2	1	0.0608767314579	0.152203887777	3	1	2	2	1	0.639455782312922	3	1	0.360544217687078	0.00392914059208682	0.0037824755345892	0.659152737061558	0.673858847416621	3	1	2	3	1	0.294174	2	1	0.705826	3	1	2
15	1	15799999	2	1	1	1	h	1	NA	NA	NA	NA	NA	NA	NA	NA	NA	NA	NA	NA	NA	NA	NA	NA	NA	NA	NA	NA	NA	NA	NA	NA	NA	NA	2	1	1
15	15800000	20699999	2	1	1	2	d	3	1	1	0.05	0.330363068052	NA	NA	NA	1	1	1	NA	NA	NA	NA	NA	NA	NA	NA	NA	NA	1	0	0.412559	1	1	0.587441	2	1	1
15	20700000	100332500	2	1	1	3	a	6	1	1	0.0493780194813	0.122512548635	2	1	1	1	1	1	NA	NA	NA	NA	NA	NA	NA	2	1	1	1	1	1	NA	NA	NA	2	1	1
15	100332501	102531391	2	1	1	3	b	5	NA	NA	NA	NA	2	1	1	1	1	1	NA	NA	NA	NA	NA	NA	NA	2	1	1	1	1	1	NA	NA	NA	2	1	1
16	100010	34599999	2	1	1	3	a	6	1	1	0.0517114034895	0.144227261985	2	1	1	1	1	1	NA	NA	NA	NA	NA	NA	NA	2	1	1	1	1	1	NA	NA	NA	2	1	1
16	34600000	38599999	2	1	1	3	a	6	1	1	0.05	0.126029192651	2	1	1	1	1	1	NA	NA	NA	NA	NA	NA	NA	2	1	1	1	1	1	NA	NA	NA	2	1	1
16	38600000	88822500	2	1	1	3	a	6	1	1	0.0513926464016	0.119475942172	2	1	1	1	1	1	NA	NA	NA	NA	NA	NA	NA	2	1	1	1	1	1	NA	NA	NA	2	1	1
16	88822501	90354752	2	1	1	3	b	5	NA	NA	NA	NA	2	1	1	1	1	1	NA	NA	NA	NA	NA	NA	NA	2	1	1	1	1	1	NA	NA	NA	2	1	1
17	24384	22199999	2	1	1	2	d	3	1.18	1	0.0566753633461	0.151931684015	2.234929	0.993117728	1.2418113	1	1	0.679868838792837	2	1	0.320131161207163	0.00529978561805744	0.00550859035328632	0.668935896132924	0.690487956152981	2	1	1	1	1	1	NA	NA	NA	2	1	1
17	22200000	25799999	2	1	1	2	d	3	1.18	1	0.0473753409099	0.148724508953	2.21587	0.984591315	1.2312786	NA	NA	NA	NA	NA	NA	NA	NA	NA	NA	2	1	1	1	1	1	NA	NA	NA	2	1	1
17	25800000	78772500	2	1	1	2	d	3	1.25	1	0.0573667554995	0.137595967891	2.210248	0.980767008	1.2294805	1	1	0.670997651156343	2	1	0.329002348843657	0.00360561876789944	0.00369479915821235	0.66413958651165	0.678115157303914	2	1	1	1	1	1	NA	NA	NA	2	1	1
17	78772501	81195209	2	1	1	2	d	2	NA	NA	NA	NA	2.272425	1.002874371	1.2695504	1	1	0.670997651156343	2	1	0.329002348843657	0.00360561876789944	0.00369479915821235	0.66413958651165	0.678115157303914	2	1	1	2	1	0.414761	1	1	0.585239	2	1	1
18	27500	144054	2	1	1	2	e	3	1.25	1	0.05	0.463093579219	NA	NA	NA	1	1	0.319727891156462	2	1	0.680272108843538	0.2286676325381	0.174460361798703	0.222483480011671	0.9239838011091	NA	NA	NA	2	1	0.860507	1	1	0.139493	2	1	1
18	144055	15399999	2	1	1	2	d	3	1.25	1	0.057650137948	0.12730505957	2.26816	0.974358719	1.2938013	1	1	0.574829931972785	2	1	0.425170068027215	0.00607881723141379	0.00595076732439622	0.574038298911223	0.597328984572017	2	1	1	1	1	1	NA	NA	NA	2	1	1
18	15400000	18999999	2	1	1	2	d	3	1.25	1	0.05	0.129135170902	2.26816	0.974358719	1.2938013	1	1	0.583932944062657	2	1	0.416067055937343	0.00321974253731833	0.00320842936710998	0.577620560864878	0.590410924141379	2	1	1	1	1	1	NA	NA	NA	2	1	1
18	19000000	76112500	2	1	1	2	d	3	1.25	1	0.056251039795	0.124671275277	2.245328	0.965957215	1.2793707	1	1	0.583932944062657	2	1	0.416067055937343	0.00321974253731833	0.00320842936710998	0.577620560864878	0.590410924141379	2	1	1	1	1	1	NA	NA	NA	2	1	1
18	76112501	78077247	2	1	1	2	d	2	NA	NA	NA	NA	2.282488	0.969090429	1.3133972	1	1	0.546485260770979	2	1	0.453514739229021	0.0208278447341275	0.0210595260981764	0.48718211551985	0.570080990689161	2	1	1	2	1	0.462559	1	1	0.537441	2	1	1
19	102500	281375	2	1	1	2	d	4	1	1	0.05	0.1	NA	NA	NA	1	1	1	NA	NA	NA	NA	NA	NA	NA	NA	NA	NA	1	1	1	NA	NA	NA	2	1	1
19	281376	24399999	2	1	1	2	d	4	1	1	0.0562999477947	0.185952594129	2.272408	1.027109852	1.2452978	1	1	0.77324263038549	2	1	0.22675736961451	0.0048519090841308	0.00487422754672854	0.756169965061225	0.775673972300473	2	1	1	1	1	1	NA	NA	NA	2	1	1
19	24400000	28599999	2	1	1	3	b	5	1	1	0.0446974766711	0.183536201307	2	1	1	NA	NA	NA	NA	NA	NA	NA	NA	NA	NA	2	1	1	1	1	1	NA	NA	NA	2	1	1
19	28600000	59128982	2	1	1	3	a	6	1	1	0.0520336388736	0.179042389338	2	1	1	1	1	1	NA	NA	NA	NA	NA	NA	NA	2	1	1	1	1	1	NA	NA	NA	2	1	1
20	32146	25599999	2	1	1	3	a	6	1	1	0.0487283956247	0.102439115653	2	1	1	1	1	1	NA	NA	NA	NA	NA	NA	NA	2	1	1	1	1	1	NA	NA	NA	2	1	1
20	25600000	29399999	2	1	1	3	a	6	1	1	0.042377877474	0.135380633043	2	1	1	1	1	1	NA	NA	NA	NA	NA	NA	NA	2	1	1	1	1	1	NA	NA	NA	2	1	1
20	29400000	62432500	2	1	1	3	a	6	1	1	0.0526786465071	0.109368971764	2	1	1	1	1	1	NA	NA	NA	NA	NA	NA	NA	2	1	1	1	1	1	NA	NA	NA	2	1	1
21	1	10670000	NA	NA	NA	NA	NA	NA	NA	NA	NA	NA	NA	NA	NA	NA	NA	NA	NA	NA	NA	NA	NA	NA	NA	NA	NA	NA	NA	NA	NA	NA	NA	NA	NA	NA	NA
21	10670001	14659741	3	2	1	1	h	1	1	1	0.05	0.298366249548	NA	NA	NA	NA	NA	NA	NA	NA	NA	NA	NA	NA	NA	NA	NA	NA	2	1	1	NA	NA	NA	NA	NA	NA
21	14659742	46937500	2	1	1	3	b	5	1	1	0.0480131642666	0.113055598076	2	1	1	1	1	1	NA	NA	NA	NA	NA	NA	NA	2	1	1	1	1	1	NA	NA	NA	NA	NA	NA
21	46937501	48129894	2	1	1	2	d	4	NA	NA	NA	NA	2	1	1	1	1	1	NA	NA	NA	NA	NA	NA	NA	2	1	1	1	1	1	NA	NA	NA	NA	NA	NA
22	1	12199999	2	2	0	1	h	1	NA	NA	NA	NA	NA	NA	NA	NA	NA	NA	NA	NA	NA	NA	NA	NA	NA	NA	NA	NA	NA	NA	NA	NA	NA	NA	2	0	2
22	12200000	17899999	2	2	0	2	d	4	2	0.29	0.0595318223391	0.240130402606	2.230396	0.263677947	1.9667182	2	0	1	NA	NA	NA	NA	NA	NA	NA	2	0	2	2	0	1	NA	NA	NA	2	0	2
22	17900000	28088678	2	2	0	2	d	4	2	0.29	0.0563293969204	0.15821267291	2.067701	0.249793092	1.8179075	2	0	1	NA	NA	NA	NA	NA	NA	NA	2	0	2	2	0	1	NA	NA	NA	2	0	2
22	28088679	28088807	2	2	0	2	d	2	NA	NA	NA	NA	2.067701	0.249793092	1.8179075	NA	NA	NA	NA	NA	NA	NA	NA	NA	NA	1	0	1	2	0	1	NA	NA	NA	2	0	2
22	28088808	28090274	1	1	0	2	d	2	NA	NA	NA	NA	NA	NA	NA	NA	NA	NA	NA	NA	NA	NA	NA	NA	NA	1	0	1	1	0	1	NA	NA	NA	2	0	2
22	28090275	28090315	1	1	0	2	d	2	NA	NA	NA	NA	NA	NA	NA	NA	NA	NA	NA	NA	NA	NA	NA	NA	NA	1	0	1	1	0	1	NA	NA	NA	2	0	2
22	28090316	49687500	1	1	0	2	d	4	1.18	0.29	0.0787831031986	0.0953845802219	1.395818	0.25690229	1.1389155	1	0	1	NA	NA	NA	NA	NA	NA	NA	1	0	1	1	0	1	NA	NA	NA	1	0	1
22	49687501	51304565	1	1	0	2	d	4	NA	NA	NA	NA	1.413782	0.255089057	1.1586924	1	0	1	NA	NA	NA	NA	NA	NA	NA	1	0	1	1	0	1	NA	NA	NA	1	0	1
X	1	1455799	1	1	0	2	d	2	1	0.21	0.0736076039689	0.36353228968	NA	NA	NA	NA	NA	NA	NA	NA	NA	NA	NA	NA	NA	1	0	1	NA	NA	NA	NA	NA	NA	1	0	1
X	1455800	58099999	1	1	0	2	d	2	1.65	0.35	0.0781462790146	0.25567113694	1.180439	0.197789897	0.9826489	1	0	0.858276643990927	2	0	0.141723356009073	0.00721049563078396	0.00661355263348814	0.920833678233283	0.946778402062075	1	0	1	NA	NA	NA	NA	NA	NA	1	0	1
X	58100000	62999999	1	1	0	2	d	2	1.65	0.35	0.05	0.328630397077	1.198861	0	1.198861	NA	NA	NA	NA	NA	NA	NA	NA	NA	NA	1	0	1	NA	NA	NA	NA	NA	NA	1	0	1
X	63000000	154929638	1	1	0	2	d	2	1.65	0.35	0.0756025775428	0.145608527212	1.196376	0.20097742	0.995399	1	0	0.846258503401356	2	0	0.153741496598644	0.00713080146028972	0.00677816753140283	0.89404957370557	0.920698791109123	1	0	1	NA	NA	NA	NA	NA	NA	1	0	1
