chromosome	start	end	total_cn	major_cn	minor_cn	star	level	methods_agree	absolute_broad_major_cn	absolute_broad_minor_cn	absolute_broad_het_error	absolute_broad_cov_error	aceseq_copy_number	aceseq_minor_cn	aceseq_major_cn	battenberg_nMaj1_A	battenberg_nMin1_A	battenberg_frac1_A	battenberg_nMaj2_A	battenberg_nMin2_A	battenberg_frac2_A	battenberg_SDfrac_A	battenberg_SDfrac_A_BS	battenberg_frac1_A_0.025	battenberg_frac1_A_0.975	clonehd_copy_number	clonehd_minor_cn	clonehd_major_cn	sclust_nMaj1_A	sclust_nMin1_A	sclust_frac1_A	sclust_nMaj2_A	sclust_nMin2_A	sclust_frac2_A	jabba_copy_number	jabba_minor_cn	jabba_major_cn
1	790009	12869535	4	4	0	2	d	4	4	0	0.0451850482366	0.149894780781	4.104647	0.022469975	4.0821765	4	0	1	NA	NA	NA	NA	NA	NA	NA	4	0	4	4	0	0.761665	4	1	0.238335	4	0	4
1	12869536	12971201	4	4	0	2	d	2	6	1	0.05	0.403977659202	4.104647	0.022469975	4.0821765	4	0	1	NA	NA	NA	NA	NA	NA	NA	NA	NA	NA	6	0	0.538707	6	1	0.461293	4	0	4
1	12971202	17011802	4	4	0	2	d	4	4	0	0.0466966084801	0.142388879678	4.123231	0.012075789	4.111155	4	0	1	NA	NA	NA	NA	NA	NA	NA	4	0	4	4	0	0.776194	4	1	0.223806	4	0	4
1	17011803	17278301	4	4	0	2	d	3	4	0	0.05	0.304438645861	4.123231	0.012075789	4.111155	4	0	1	NA	NA	NA	NA	NA	NA	NA	3	0	3	3	0	1	NA	NA	NA	4	0	4
1	17278302	22423391	4	4	0	2	d	5	4	0	0.0489669855424	0.105914053044	4	0	4	4	0	1	NA	NA	NA	NA	NA	NA	NA	4	0	4	4	0	0.762989	4	1	0.237011	4	0	4
1	22423392	25651202	4	4	0	2	d	4	4	0	0.0466028477713	0.100532578448	4.119622	0.001672633	4.1179498	4	0	1	NA	NA	NA	NA	NA	NA	NA	4	0	4	4	0	0.776194	4	1	0.223806	4	0	4
1	25651203	121499999	4	4	0	2	d	5	4	0	0.0449939508108	0.116114085391	4	0	4	4	0	1	NA	NA	NA	NA	NA	NA	NA	4	0	4	4	0	0.745617	4	1	0.254383	4	0	4
1	121500000	128899999	4	4	0	2	d	3	4	0	0.05	0.1	4	0	4	NA	NA	NA	NA	NA	NA	NA	NA	NA	NA	1	0	1	4	0	0.745617	4	1	0.254383	4	0	4
1	128900000	142535601	4	4	0	2	d	2	4	0	0.05	0.1	NA	NA	NA	NA	NA	NA	NA	NA	NA	NA	NA	NA	NA	1	0	1	4	0	0.745617	4	1	0.254383	4	0	4
1	142535602	143480938	4	4	0	2	d	2	4	0	0.05	0.304083664313	NA	NA	NA	NA	NA	NA	NA	NA	NA	NA	NA	NA	NA	1	0	1	4	0	0.745617	4	1	0.254383	4	0	4
1	143480939	143541938	2	2	0	1	h	1	NA	NA	NA	NA	NA	NA	NA	NA	NA	NA	NA	NA	NA	NA	NA	NA	NA	NA	NA	NA	2	0	1	NA	NA	NA	NA	NA	NA
1	143541939	148227002	3	3	0	2	e	0	5	0	0.0349966092202	0.215109001409	5.792126	0	5.7921265	6	0	1	NA	NA	NA	NA	NA	NA	NA	6	0	6	2	0	1	NA	NA	NA	4	0	4
1	148227003	152550724	6	6	0	2	d	3	5	0	0.0370527201226	0.191450824259	6.10864	0.03152469	6.0771154	6	0	1	NA	NA	NA	NA	NA	NA	NA	6	0	6	NA	NA	NA	NA	NA	NA	6	0	6
1	152550725	156073202	6	6	0	2	d	4	5	0	0.0363020551337	0.148070022164	6	0	6	6	0	1	NA	NA	NA	NA	NA	NA	NA	6	0	6	NA	NA	NA	NA	NA	NA	6	0	6
1	156073203	187904343	6	6	0	2	d	4	5	0	0.0364249213942	0.120808358678	6	0	6	6	0	1	NA	NA	NA	NA	NA	NA	NA	6	0	6	6	0	0.695872	6	1	0.304128	6	0	6
1	187904344	187984682	3	3	0	2	e	0	5	0	0.05	0.0668914035044	6	0	6	5	0	1	NA	NA	NA	NA	NA	NA	NA	NA	NA	NA	6	0	0.687371	6	1	0.312629	6	0	6
1	187984683	247249600	6	6	0	2	d	3	5	0	0.0373949128522	0.124378747071	5.906778	0.025113453	5.8816648	6	0	1	NA	NA	NA	NA	NA	NA	NA	6	0	6	6	0	0.687371	6	1	0.312629	6	0	6
1	247249601	249250620	6	6	0	2	d	4	NA	NA	NA	NA	6	0	6	6	0	1	NA	NA	NA	NA	NA	NA	NA	6	0	6	6	0	0.682238	6	1	0.317762	6	0	6
2	20016	6749251	5	3	2	2	d	5	3	2	0.0438103947895	0.129049053363	4.843567	1.992804705	2.850762	3	2	1	NA	NA	NA	NA	NA	NA	NA	5	2	3	3	2	1	NA	NA	NA	5	2	3
2	6749252	6938269	3	2	1	2	d	4	2	1	0.0597077806037	0.096004488639	2.933494	1.067651726	1.865842	2	1	1	NA	NA	NA	NA	NA	NA	NA	3	1	2	2	1	0.611884	1	1	0.388116	3	1	2
2	6938270	89880001	5	3	2	2	d	5	2.79	2	0.0433958982181	0.125240201037	5	2	3	3	2	1	NA	NA	NA	NA	NA	NA	NA	5	2	3	3	2	1	NA	NA	NA	5	2	3
2	89880002	90403001	4	3	1	1	g	NA	2	1	0.05	0.115633326493	5	2	3	NA	NA	NA	NA	NA	NA	NA	NA	NA	NA	NA	NA	NA	3	2	0.614418	3	1	0.385582	4	1	3
2	90403002	96799999	NA	NA	NA	NA	NA	NA	2	1	0.052930572313	0.494192325368	3	1	2	NA	NA	NA	NA	NA	NA	NA	NA	NA	NA	3	1	2	3	2	0.614418	3	1	0.385582	4	1	3
2	96800000	241612221	3	2	1	3	a	6	2	1	0.0521693088647	0.100521218289	3	1	2	2	1	1	NA	NA	NA	NA	NA	NA	NA	3	1	2	2	1	1	NA	NA	NA	3	1	2
2	241612222	242397152	2	2	0	2	d	5	2	0	0.0609526013511	0.0883237332688	2	0	2	2	0	1	NA	NA	NA	NA	NA	NA	NA	2	0	2	2	0	0.516651	1	0	0.483349	2	0	2
2	242397153	242951000	3	2	1	2	d	5	1.68	1.68	0.0446279116505	0.107477916661	3	1	2	2	1	1	NA	NA	NA	NA	NA	NA	NA	3	1	2	2	1	1	NA	NA	NA	3	1	2
3	17500	100073	4	2	2	2	d	4	1.68	1.68	0.05	0.1	NA	NA	NA	2	2	1	NA	NA	NA	NA	NA	NA	NA	4	2	2	2	2	1	NA	NA	NA	4	2	2
3	100074	9993016	4	2	2	3	a	6	2	2	0.0358843391071	0.150546838986	4	2	2	2	2	1	NA	NA	NA	NA	NA	NA	NA	4	2	2	2	2	1	NA	NA	NA	4	2	2
3	9993017	10330522	5	3	2	2	d	5	3	2	0.0373042023713	0.123973841362	5.134222	2.055689536	3.0785326	3	2	1	NA	NA	NA	NA	NA	NA	NA	5	2	3	3	2	1	NA	NA	NA	5	2	3
3	10330523	87899999	4	2	2	3	a	6	2	2	0.0346847507888	0.109954438056	4	2	2	2	2	1	NA	NA	NA	NA	NA	NA	NA	4	2	2	2	2	1	NA	NA	NA	4	2	2
3	87900000	93899999	NA	NA	NA	NA	NA	NA	2	2	0.0373549445201	0.246877321661	4	2	2	NA	NA	NA	NA	NA	NA	NA	NA	NA	NA	4	2	2	2	2	1	NA	NA	NA	4	2	2
3	93900000	114221364	6	4	2	2	d	5	3.79	2	0.0499083783351	0.138517238173	6	2	4	4	2	1	NA	NA	NA	NA	NA	NA	NA	6	2	4	4	2	1	NA	NA	NA	6	2	4
3	114221365	114359306	5	4	1	2	d	5	4	1	0.0482045419819	0.117357388941	5.136631	1.071598324	4.0650331	4	1	1	NA	NA	NA	NA	NA	NA	NA	5	1	4	4	1	1	NA	NA	NA	5	1	4
3	114359307	143605244	6	4	2	2	d	5	3.79	2	0.0483118374141	0.132789457587	6	2	4	4	2	1	NA	NA	NA	NA	NA	NA	NA	6	2	4	4	2	1	NA	NA	NA	6	2	4
3	143605245	143605437	6	4	2	2	d	4	3.79	2	0.05	0.1	6	2	4	4	2	1	NA	NA	NA	NA	NA	NA	NA	NA	NA	NA	4	2	1	NA	NA	NA	6	2	4
3	143605438	184676622	6	4	2	2	d	5	3.79	2	0.0471337287677	0.139230772793	6	2	4	4	2	1	NA	NA	NA	NA	NA	NA	NA	6	2	4	4	2	1	NA	NA	NA	6	2	4
3	184676623	184676927	6	4	2	2	d	4	3.79	2	0.05	0.1	6	2	4	4	2	1	NA	NA	NA	NA	NA	NA	NA	NA	NA	NA	4	2	1	NA	NA	NA	6	2	4
3	184676928	185888623	6	4	2	2	d	4	3.79	2	0.0490797046004	0.12338743502	6.091481	2.115702753	3.9757787	4	2	1	NA	NA	NA	NA	NA	NA	NA	6	2	4	4	2	1	NA	NA	NA	6	2	4
3	185888624	197847500	6	4	2	2	d	4	3.79	2	0.0506409296424	0.149632219144	6.118676	2.052242051	4.0664342	4	2	1	NA	NA	NA	NA	NA	NA	NA	6	2	4	4	2	1	NA	NA	NA	6	2	4
4	74473	47592633	2	2	0	2	d	5	2	0	0.0622261398437	0.101610503396	2	0	2	2	0	1	NA	NA	NA	NA	NA	NA	NA	2	0	2	2	0	0.504616	1	0	0.495384	2	0	2
4	47592634	52699999	NA	NA	NA	NA	NA	NA	4	0	0.0497163143571	0.213277725507	4	0	4	NA	NA	NA	NA	NA	NA	NA	NA	NA	NA	4	0	4	2	0	0.504616	1	0	0.495384	4	0	4
4	52700000	69371959	4	4	0	3	b	5	4	0	0.0477725829767	0.106815938158	4	0	4	4	0	1	NA	NA	NA	NA	NA	NA	NA	4	0	4	NA	NA	NA	NA	NA	NA	4	0	4
4	69371960	70118507	4	4	0	2	d	3	4	0	0.0424485323537	0.118097371727	4.399578	0.10471469	4.2948636	4	0	1	NA	NA	NA	NA	NA	NA	NA	4	0	4	NA	NA	NA	NA	NA	NA	5	0	5
4	70118508	70234580	4	4	0	2	f	2	2	0	0.05	0.205500442389	4.399578	0.10471469	4.2948636	3	0	0.735485413021701	4	0	0.264514586978299	2.33874236437886	0.76909619163482	1.44146871069696	4.44828288541839	NA	NA	NA	0	0	1	NA	NA	NA	1	0	1
4	70234581	97894635	4	4	0	3	b	6	4	0	0.046446590829	0.104248235615	4	0	4	4	0	1	NA	NA	NA	NA	NA	NA	NA	4	0	4	0	0	1	NA	NA	NA	4	0	4
4	97894636	162353446	4	4	0	3	b	5	4	0	0.0458400714511	0.106668471924	4	0	4	4	0	1	NA	NA	NA	NA	NA	NA	NA	4	0	4	NA	NA	NA	NA	NA	NA	4	0	4
4	162353447	162358925	1	1	0	1	g	NA	4	0	0.05	0.1	4	0	4	1	0	1	NA	NA	NA	NA	NA	NA	NA	NA	NA	NA	NA	NA	NA	NA	NA	NA	1	0	1
4	162358926	189214655	4	4	0	3	b	5	4	0	0.0471229748139	0.110467734694	4	0	4	4	0	1	NA	NA	NA	NA	NA	NA	NA	4	0	4	NA	NA	NA	NA	NA	NA	4	0	4
4	189214656	189216430	3	3	0	1	g	NA	4	0	0.05	0.1	4	0	4	5	0	1	NA	NA	NA	NA	NA	NA	NA	3	0	3	NA	NA	NA	NA	NA	NA	3	0	3
4	189216431	190987500	4	4	0	3	b	5	4	0	0.0526271899676	0.120895123305	4	0	4	4	0	1	NA	NA	NA	NA	NA	NA	NA	4	0	4	NA	NA	NA	NA	NA	NA	4	0	4
5	26902	851581	4	3	1	3	b	5	3	1	0.0512327573527	0.240563813187	4	1	3	NA	NA	NA	NA	NA	NA	NA	NA	NA	NA	4	1	3	3	1	1	NA	NA	NA	4	1	3
5	851582	24909147	4	3	1	3	a	6	3	1	0.0545405291568	0.109383635238	4	1	3	3	1	1	NA	NA	NA	NA	NA	NA	NA	4	1	3	3	1	1	NA	NA	NA	4	1	3
5	24909148	24912585	4	3	1	3	b	5	3	1	0.05	0.1	4	1	3	3	1	1	NA	NA	NA	NA	NA	NA	NA	NA	NA	NA	3	1	1	NA	NA	NA	4	1	3
5	24912586	46099999	4	3	1	3	a	6	3	1	0.0539586623373	0.113524984406	4	1	3	3	1	1	NA	NA	NA	NA	NA	NA	NA	4	1	3	3	1	1	NA	NA	NA	4	1	3
5	46100000	50699999	4	3	1	2	d	4	3	1	0.050830564135	0.143982711314	3.773758	0.932052275	2.8417055	NA	NA	NA	NA	NA	NA	NA	NA	NA	NA	4	1	3	3	1	1	NA	NA	NA	4	1	3
5	50700000	74669932	4	3	1	3	a	6	3	1	0.052385030554	0.10303474785	4	1	3	3	1	1	NA	NA	NA	NA	NA	NA	NA	4	1	3	3	1	1	NA	NA	NA	4	1	3
5	74669933	75819979	3	2	1	1	g	NA	3	3	0.0350252050458	0.121440631062	3.319984	1.659992109	1.6599921	2	1	0.34938899695745	2	2	0.65061100304255	0.0217979966789201	0.0217617508360845	0.295887344296228	0.380175629590535	NA	NA	NA	3	1	1	NA	NA	NA	3	1	2
5	75819980	171945198	4	3	1	3	a	6	3	1	0.0535642280471	0.114489996972	4	1	3	3	1	1	NA	NA	NA	NA	NA	NA	NA	4	1	3	3	1	1	NA	NA	NA	4	1	3
5	171945199	171947751	4	3	1	3	b	5	3	1	0.05	0.1	4	1	3	3	1	1	NA	NA	NA	NA	NA	NA	NA	NA	NA	NA	3	1	1	NA	NA	NA	4	1	3
5	171947752	180710261	4	3	1	3	a	6	3	1	0.0537878751284	0.127596657131	4	1	3	3	1	1	NA	NA	NA	NA	NA	NA	NA	4	1	3	3	1	1	NA	NA	NA	4	1	3
6	39681	212500	4	2	2	1	g	NA	3	3	0.05	0.1	NA	NA	NA	2	2	1	NA	NA	NA	NA	NA	NA	NA	1	0	1	NA	NA	NA	NA	NA	NA	4	2	2
6	212501	382201	4	2	2	2	d	2	3	3	0.0410864858625	0.297832681297	3.560419	1.780209506	1.7802095	2	2	1	NA	NA	NA	NA	NA	NA	NA	NA	NA	NA	NA	NA	NA	NA	NA	NA	4	2	2
6	382202	33528180	4	2	2	3	a	6	2	2	0.0399640481537	0.12410509686	4	2	2	2	2	1	NA	NA	NA	NA	NA	NA	NA	4	2	2	2	2	1	NA	NA	NA	4	2	2
6	33528181	33620978	4	2	2	2	d	3	2	2	0.0537805310008	0.1	4.459864	2.229932115	2.2299321	2	2	0.61179000338061	3	2	0.38820999661939	0.103116151716391	0.0984656962738707	0.418984120897032	0.798520535925395	4	2	2	3	2	1	NA	NA	NA	4	2	2
6	33620979	58699999	4	2	2	3	a	6	2	2	0.0348945990624	0.136465474417	4	2	2	2	2	1	NA	NA	NA	NA	NA	NA	NA	4	2	2	2	2	1	NA	NA	NA	4	2	2
6	58700000	63299999	4	2	2	2	d	5	2	2	0.0329605632251	0.16008462785	3.88472	1.942360162	1.9423602	2	2	1	NA	NA	NA	NA	NA	NA	NA	4	2	2	2	2	1	NA	NA	NA	4	2	2
6	63300000	69068307	4	2	2	3	a	6	2	2	0.0357855553024	0.100602154706	4	2	2	2	2	1	NA	NA	NA	NA	NA	NA	NA	4	2	2	2	2	1	NA	NA	NA	4	2	2
6	69068308	69071117	4	2	2	2	d	3	2	2	0.05	0.1	4	2	2	4	2	1	NA	NA	NA	NA	NA	NA	NA	NA	NA	NA	2	2	1	NA	NA	NA	3	1	2
6	69071118	170862653	4	2	2	3	a	6	2	2	0.0348753584766	0.142467986197	4	2	2	2	2	1	NA	NA	NA	NA	NA	NA	NA	4	2	2	2	2	1	NA	NA	NA	4	2	2
7	40386	38246616	3	2	1	3	a	6	2	1	0.0528641529442	0.102762152982	3	1	2	2	1	1	NA	NA	NA	NA	NA	NA	NA	3	1	2	2	1	1	NA	NA	NA	3	1	2
7	38246617	38352915	3	2	1	1	g	NA	1	1	0.0405977053192	0.1	5.590665	1.948461222	3.642204	3	2	0.471812664039103	4	2	0.528187335960897	0.145207622280739	0.146950512468277	0.168939194576322	0.759065293030459	NA	NA	NA	3	2	1	NA	NA	NA	3	1	2
7	38352916	57999999	3	2	1	3	a	6	2	1	0.0517502518007	0.107014982656	3	1	2	2	1	1	NA	NA	NA	NA	NA	NA	NA	3	1	2	2	1	1	NA	NA	NA	3	1	2
7	58000000	61699999	3	2	1	2	d	4	2	1	0.05	0.128780309118	3	1	2	NA	NA	NA	NA	NA	NA	NA	NA	NA	NA	NA	NA	NA	2	1	1	NA	NA	NA	3	1	2
7	61700000	77782802	3	2	1	3	a	6	2	1	0.0540793742011	0.134860896752	3	1	2	2	1	1	NA	NA	NA	NA	NA	NA	NA	3	1	2	2	1	1	NA	NA	NA	3	1	2
7	77782803	77818001	5	4	1	2	d	3	4	1	0.05	0.1	5.171615	0.763242012	4.4083726	5	1	1	NA	NA	NA	NA	NA	NA	NA	5	1	4	4	1	1	NA	NA	NA	4	0	4
7	77818002	102435449	3	2	1	3	a	6	2	1	0.0503639752105	0.0983007907845	3	1	2	2	1	1	NA	NA	NA	NA	NA	NA	NA	3	1	2	2	1	1	NA	NA	NA	3	1	2
7	102435450	102440127	2	2	0	1	g	NA	2	1	0.05	0.1	3	1	2	2	0	1	NA	NA	NA	NA	NA	NA	NA	2	0	2	2	1	1	NA	NA	NA	2	0	2
7	102440128	109050472	3	2	1	3	a	6	2	1	0.0524336203108	0.0930126101593	3	1	2	2	1	1	NA	NA	NA	NA	NA	NA	NA	3	1	2	2	1	1	NA	NA	NA	3	1	2
7	109050473	109057445	3	2	1	3	a	6	2	1	0.05	0.1	3	1	2	2	1	1	NA	NA	NA	NA	NA	NA	NA	3	1	2	2	1	1	NA	NA	NA	3	1	2
7	109057446	142270377	3	2	1	3	a	6	2	1	0.0524467868048	0.0948482338688	3	1	2	2	1	1	NA	NA	NA	NA	NA	NA	NA	3	1	2	2	1	1	NA	NA	NA	3	1	2
7	142270378	142490049	3	2	1	2	d	3	2	1	0.0545865079233	0.1	3	1	2	3	1	0.463126966838221	3	2	0.536873033161779	0.0519847157799402	0.0520184227545123	0.337980667552163	0.546129283816222	NA	NA	NA	3	2	0.615804	3	1	0.384196	3	1	2
7	142490050	144095174	3	2	1	3	a	6	2	1	0.0477249700381	0.0979370968194	3	1	2	2	1	1	NA	NA	NA	NA	NA	NA	NA	3	1	2	2	1	1	NA	NA	NA	3	1	2
7	144095175	144096034	1	1	0	1	g	NA	NA	NA	NA	NA	3	1	2	2	0	1	NA	NA	NA	NA	NA	NA	NA	1	0	1	2	1	1	NA	NA	NA	1	0	1
7	144096035	144096445	3	2	1	1	g	NA	NA	NA	NA	NA	NA	NA	NA	0	0	0.213742121276554	1	0	0.786257878723446	NA	0	0.213742121276554	0.213742121276554	1	0	1	NA	NA	NA	NA	NA	NA	3	1	2
7	144096446	153248738	1	1	0	3	b	5	1	0	0.0690735493573	0.0878228646557	1	0	1	1	0	1	NA	NA	NA	NA	NA	NA	NA	1	0	1	NA	NA	NA	NA	NA	NA	1	0	1
7	153248739	158821400	3	2	1	2	d	5	2	1.21	0.0527684737148	0.118381324109	3	1	2	2	1	1	NA	NA	NA	NA	NA	NA	NA	3	1	2	2	1	1	NA	NA	NA	3	1	2
8	10001	164049	3	2	1	2	d	3	NA	NA	NA	NA	NA	NA	NA	2	1	1	NA	NA	NA	NA	NA	NA	NA	NA	NA	NA	2	1	1	NA	NA	NA	3	1	2
8	164050	41419347	3	2	1	2	d	5	2	1	0.0538189765617	0.111412494516	2.863176	0.986845304	1.8763309	2	1	1	NA	NA	NA	NA	NA	NA	NA	3	1	2	2	1	1	NA	NA	NA	3	1	2
8	41419348	41437513	4	3	1	2	d	3	NA	NA	NA	NA	2.863176	0.986845304	1.8763309	3	1	1	NA	NA	NA	NA	NA	NA	NA	3	1	2	3	1	1	NA	NA	NA	4	1	3
8	41437514	43099999	5	4	1	2	d	5	4	1	0.0514732102329	0.121746227426	4.885775	1.005142354	3.8806326	4	1	1	NA	NA	NA	NA	NA	NA	NA	5	1	4	4	1	1	NA	NA	NA	5	1	4
8	43100000	48099999	NA	NA	NA	NA	NA	NA	2.79	1	0.0584698856687	0.266003966563	3.875824	0.939099766	2.9367241	NA	NA	NA	NA	NA	NA	NA	NA	NA	NA	4	1	3	3	1	1	NA	NA	NA	4	1	3
8	48100000	104218175	4	3	1	2	d	4	2.79	1	0.053999789188	0.108277259482	3.859526	0.98963616	2.8698895	3	1	1	NA	NA	NA	NA	NA	NA	NA	4	1	3	3	1	1	NA	NA	NA	4	1	3
8	104218176	104261458	1	1	0	2	d	3	0	0	0.05	0.1	3.859526	0.98963616	2.8698895	1	0	1	NA	NA	NA	NA	NA	NA	NA	1	0	1	3	1	1	NA	NA	NA	1	0	1
8	104261459	146364021	4	3	1	2	d	4	2.79	1	0.054598391465	0.104922060099	3.856112	0.990827338	2.8652844	3	1	1	NA	NA	NA	NA	NA	NA	NA	4	1	3	3	1	1	NA	NA	NA	4	1	3
9	10001	228017	4	2	2	2	d	4	2	2	0.0313598433477	0.1	4	2	2	2	2	1	NA	NA	NA	NA	NA	NA	NA	NA	NA	NA	NA	NA	NA	NA	NA	NA	4	2	2
9	228018	47299999	4	2	2	3	a	6	2	2	0.0350640123253	0.126771514303	4	2	2	2	2	1	NA	NA	NA	NA	NA	NA	NA	4	2	2	2	2	1	NA	NA	NA	4	2	2
9	47300000	50699999	4	2	2	2	d	4	2	2	0.05	0.1	4	2	2	NA	NA	NA	NA	NA	NA	NA	NA	NA	NA	1	0	1	2	2	1	NA	NA	NA	4	2	2
9	50700000	66494187	4	2	2	2	d	3	2	2	0.05	0.382680172535	NA	NA	NA	NA	NA	NA	NA	NA	NA	NA	NA	NA	NA	NA	NA	NA	2	2	1	NA	NA	NA	4	2	2
9	66494188	88916746	4	2	2	3	a	6	2	2	0.0332376963053	0.121342959466	4	2	2	2	2	1	NA	NA	NA	NA	NA	NA	NA	4	2	2	2	2	1	NA	NA	NA	4	2	2
9	88916747	115560060	4	2	2	3	a	6	2	2	0.0347458475208	0.106876471647	4	2	2	2	2	1	NA	NA	NA	NA	NA	NA	NA	4	2	2	2	2	1	NA	NA	NA	4	2	2
9	115560061	115560217	4	2	2	3	b	5	2	2	0.05	0.1	4	2	2	2	2	1	NA	NA	NA	NA	NA	NA	NA	NA	NA	NA	2	2	1	NA	NA	NA	4	2	2
9	115560218	140273200	4	2	2	3	a	6	2	2	0.0368020356619	0.110346162644	4	2	2	2	2	1	NA	NA	NA	NA	NA	NA	NA	4	2	2	2	2	1	NA	NA	NA	4	2	2
10	95074	37999999	3	2	1	3	a	6	2	1	0.0529561324632	0.117494014397	3	1	2	2	1	1	NA	NA	NA	NA	NA	NA	NA	3	1	2	2	1	1	NA	NA	NA	3	1	2
10	38000000	42299999	3	2	1	2	d	4	2	1	0.05	0.172359428844	3	1	2	1	1	0.501222006085098	2	1	0.498777993914902	0.196256995893957	0.166294857806819	0.480862055336508	1.12444935349122	3	1	2	NA	NA	NA	NA	NA	NA	3	1	2
10	42300000	135389924	3	2	1	3	a	6	2	1	0.0532049242668	0.109648718915	3	1	2	2	1	1	NA	NA	NA	NA	NA	NA	NA	3	1	2	2	1	1	NA	NA	NA	3	1	2
11	20721	202872	2	1	1	2	d	3	1	1	0.05	0.1	NA	NA	NA	1	1	1	NA	NA	NA	NA	NA	NA	NA	NA	NA	NA	2	0	1	NA	NA	NA	2	1	1
11	202873	45452740	2	1	1	3	a	6	1	1	0.0411835369413	0.105430480373	2	1	1	1	1	1	NA	NA	NA	NA	NA	NA	NA	2	1	1	1	1	1	NA	NA	NA	2	1	1
11	45452741	50044280	2	1	1	3	a	6	1	1	0.0398269979192	0.0984773660794	2	1	1	1	1	1	NA	NA	NA	NA	NA	NA	NA	2	1	1	1	1	1	NA	NA	NA	2	1	1
11	50044281	50202789	3	2	1	2	d	3	2	2	0.05	0.0918035292393	3.11215	0.976378499	2.1357719	2	1	0.801086040306053	3	1	0.198913959693947	0.0821526859967772	0.084239817148644	0.545298984635399	0.874885776433516	3	1	2	2	1	1	NA	NA	NA	3	1	2
11	50202790	50205560	4	3	1	2	e	3	NA	NA	NA	NA	3.11215	0.976378499	2.1357719	3	1	1	NA	NA	NA	NA	NA	NA	NA	1	0	1	2	1	1	NA	NA	NA	4	1	3
11	50205561	51191701	4	3	1	2	d	2	3	1	0.0396762826998	0.15725353159	2.983272	0.820761811	2.1625099	2	0	0.310208738590449	2	1	0.689791261409551	0.0241329197290391	0.0240728441644054	0.26261941393428	0.359007939230501	NA	NA	NA	2	1	1	NA	NA	NA	4	1	3
11	51191702	55699999	NA	NA	NA	NA	NA	NA	1	1	0.0377005001399	0.231878375185	1.832353	0.916176697	0.9161767	NA	NA	NA	NA	NA	NA	NA	NA	NA	NA	2	1	1	1	1	1	NA	NA	NA	4	1	3
11	55700000	61289806	2	1	1	3	a	6	1	1	0.0409250380541	0.0802149778575	2	1	1	1	1	1	NA	NA	NA	NA	NA	NA	NA	2	1	1	1	1	1	NA	NA	NA	2	1	1
11	61289807	68071215	3	2	1	2	d	3	2.32	1	0.050880214924	0.103513344747	3.383112	1.024383216	2.358729	2	1	0.649142933147127	3	1	0.350857066852873	0.0201119480184375	0.0198236240664698	0.640583799293547	0.717314682528336	3	1	2	2	1	1	NA	NA	NA	3	1	2
11	68071216	70835777	2	1	1	3	a	6	1	1	0.0387419332423	0.0828339855464	2	1	1	1	1	1	NA	NA	NA	NA	NA	NA	NA	2	1	1	1	1	1	NA	NA	NA	2	1	1
11	70835778	70836841	2	1	1	2	d	3	1	1	0.05	0.1	2	1	1	2	1	1	NA	NA	NA	NA	NA	NA	NA	NA	NA	NA	1	1	1	NA	NA	NA	3	1	2
11	70836842	78085378	2	1	1	3	a	6	1	1	0.0444221259148	0.0807050894171	2	1	1	1	1	1	NA	NA	NA	NA	NA	NA	NA	2	1	1	1	1	1	NA	NA	NA	2	1	1
11	78085379	78409986	3	2	1	2	d	4	3	0	0.05	0.0906312142025	2	1	1	2	1	1	NA	NA	NA	NA	NA	NA	NA	3	1	2	2	1	1	NA	NA	NA	3	1	2
11	78409987	134452200	2	1	1	3	a	6	1	1	0.039746904403	0.0860358831607	2	1	1	1	1	1	NA	NA	NA	NA	NA	NA	NA	2	1	1	1	1	1	NA	NA	NA	2	1	1
12	110107	190101	4	2	2	2	f	1	2	1.41	0.05	0.1	NA	NA	NA	2	1	0.627108456077478	2	2	0.372891543922522	0.0730318609457503	0.0578139020464958	0.568772785744687	0.806282300671049	NA	NA	NA	3	1	1	NA	NA	NA	3	1	2
12	190102	33299999	3	2	1	2	d	2	2	1.41	0.0463028791208	0.101896678202	3.360011	1.333446724	2.0265645	2	1	0.714659311958431	2	2	0.285340688041569	0.00520496733473863	0.0051863770831214	0.697457248457091	0.718453278565975	3	1	2	2	2	0.394677	2	1	0.605323	3	1	2
12	33300000	38199999	3	2	1	2	d	2	2	1.41	0.0518307717759	0.243379368676	3.132086	1.205434834	1.926651	NA	NA	NA	NA	NA	NA	NA	NA	NA	NA	3	1	2	2	2	0.384488	2	1	0.615512	3	1	2
12	38200000	132349400	3	2	1	2	d	2	2	1.41	0.0473385830374	0.105274282324	3.347512	1.327891681	2.0196207	2	1	0.69958973356977	2	2	0.30041026643023	0.00315271827246183	0.00318772496749452	0.692903926825661	0.705563022972046	3	1	2	2	2	0.394677	2	1	0.605323	3	1	2
12	132349401	133851894	3	2	1	2	d	2	NA	NA	NA	NA	3.344681	1.29520529	2.0494755	2	1	0.69958973356977	2	2	0.30041026643023	0.00315271827246183	0.00318772496749452	0.692903926825661	0.705563022972046	3	1	2	2	2	0.318125	2	1	0.681875	3	1	2
13	1	16299999	2	2	0	1	g	NA	NA	NA	NA	NA	NA	NA	NA	NA	NA	NA	NA	NA	NA	NA	NA	NA	NA	NA	NA	NA	NA	NA	NA	NA	NA	NA	2	0	2
13	16300000	19499999	2	2	0	3	b	5	2	0	0.0644639102342	0.121867444692	NA	NA	NA	2	0	1	NA	NA	NA	NA	NA	NA	NA	2	0	2	2	0	1	NA	NA	NA	2	0	2
13	19500000	55613531	2	2	0	2	d	5	2	0	0.0611193520048	0.0830425231261	2	0	2	2	0	1	NA	NA	NA	NA	NA	NA	NA	2	0	2	2	0	0.516651	1	0	0.483349	2	0	2
13	55613532	114142800	2	2	0	2	d	5	2	0	0.061659324799	0.0922034627666	2	0	2	2	0	1	NA	NA	NA	NA	NA	NA	NA	2	0	2	2	0	0.482444	1	0	0.517556	2	0	2
13	114142801	115169877	2	2	0	2	d	4	NA	NA	NA	NA	2	0	2	2	0	1	NA	NA	NA	NA	NA	NA	NA	2	0	2	2	0	0.547603	1	0	0.452397	2	0	2
14	1	16099999	NA	NA	NA	NA	NA	NA	NA	NA	NA	NA	NA	NA	NA	NA	NA	NA	NA	NA	NA	NA	NA	NA	NA	NA	NA	NA	NA	NA	NA	NA	NA	NA	NA	NA	NA
14	16100000	19099999	3	3	0	1	h	1	2	2	0.05	0.163905460087	NA	NA	NA	NA	NA	NA	NA	NA	NA	NA	NA	NA	NA	NA	NA	NA	3	0	1	NA	NA	NA	NA	NA	NA
14	19100000	20433515	4	2	2	2	f	2	2	2	0.0465950911378	0.255607106999	4.932224	2.042125778	2.8900983	NA	NA	NA	NA	NA	NA	NA	NA	NA	NA	NA	NA	NA	4	1	1	NA	NA	NA	NA	NA	NA
14	20433516	22450076	4	3	1	2	d	5	3	1	0.0549848734004	0.113766104948	4.138858	1.067013838	3.0718444	3	1	1	NA	NA	NA	NA	NA	NA	NA	4	1	3	3	1	1	NA	NA	NA	4	1	3
14	22450077	22969952	8	6	2	2	d	2	3	1	0.0532470659856	0.1	8.266724	2.220453265	6.0462708	6	2	1	NA	NA	NA	NA	NA	NA	NA	NA	NA	NA	6	3	0.372169	6	2	0.627831	8	2	6
14	22969953	41619000	4	3	1	3	a	6	3	1	0.0544534532855	0.112998440889	4	1	3	3	1	1	NA	NA	NA	NA	NA	NA	NA	4	1	3	3	1	1	NA	NA	NA	4	1	3
14	41619001	45626663	4	3	1	3	a	6	3	1	0.0515226409893	0.129982902787	4	1	3	3	1	1	NA	NA	NA	NA	NA	NA	NA	4	1	3	3	1	1	NA	NA	NA	4	1	3
14	45626664	45694724	4	3	1	2	d	4	3	1	0.05	0.105853664377	4	1	3	2	1	1	NA	NA	NA	NA	NA	NA	NA	4	2	2	3	1	1	NA	NA	NA	4	1	3
14	45694725	106368400	4	3	1	3	a	6	3	1	0.0527591165868	0.118971745506	4	1	3	3	1	1	NA	NA	NA	NA	NA	NA	NA	4	1	3	3	1	1	NA	NA	NA	4	1	3
15	1	15799999	4	3	1	1	g	NA	NA	NA	NA	NA	NA	NA	NA	NA	NA	NA	NA	NA	NA	NA	NA	NA	NA	NA	NA	NA	NA	NA	NA	NA	NA	NA	4	1	3
15	15800000	20699999	4	3	1	2	d	4	3	1	0.05	0.181513072433	NA	NA	NA	3	1	1	NA	NA	NA	NA	NA	NA	NA	NA	NA	NA	3	1	1	NA	NA	NA	4	1	3
15	20700000	22345049	4	3	1	2	d	4	3	1	0.05	0.457521052065	NA	NA	NA	3	1	1	NA	NA	NA	NA	NA	NA	NA	NA	NA	NA	3	1	1	NA	NA	NA	4	1	3
15	22345050	50612357	4	3	1	3	a	6	3	1	0.0529347659158	0.13402125332	4	1	3	3	1	1	NA	NA	NA	NA	NA	NA	NA	4	1	3	3	1	1	NA	NA	NA	4	1	3
15	50612358	50612563	4	3	1	3	b	5	3	1	0.05	0.1	4	1	3	3	1	1	NA	NA	NA	NA	NA	NA	NA	NA	NA	NA	3	1	1	NA	NA	NA	4	1	3
15	50612564	100338800	4	3	1	3	a	6	3	1	0.0530496292121	0.108211758727	4	1	3	3	1	1	NA	NA	NA	NA	NA	NA	NA	4	1	3	3	1	1	NA	NA	NA	4	1	3
15	100338801	102398060	4	3	1	2	d	4	NA	NA	NA	NA	3.85365	0.984387087	2.8692627	3	1	1	NA	NA	NA	NA	NA	NA	NA	4	1	3	3	1	1	NA	NA	NA	4	1	3
16	90538	9359508	4	3	1	3	a	6	3	1	0.0529137419941	0.114408988808	4	1	3	3	1	1	NA	NA	NA	NA	NA	NA	NA	4	1	3	3	1	1	NA	NA	NA	4	1	3
16	9359509	13419764	4	3	1	3	a	6	3	1	0.0533429253176	0.102834355642	4	1	3	3	1	1	NA	NA	NA	NA	NA	NA	NA	4	1	3	3	1	1	NA	NA	NA	4	1	3
16	13419765	33117401	3	2	1	3	a	6	2	1	0.0548586391653	0.161688178085	3	1	2	2	1	1	NA	NA	NA	NA	NA	NA	NA	3	1	2	2	1	1	NA	NA	NA	3	1	2
16	33117402	34599999	3	2	1	3	b	6	2	1	0.05	0.438411118262	3	1	2	1	1	1	NA	NA	NA	NA	NA	NA	NA	3	1	2	2	1	1	NA	NA	NA	3	1	2
16	34600000	38599999	3	2	1	3	b	5	2	1	0.05	0.130102536709	NA	NA	NA	2	1	1	NA	NA	NA	NA	NA	NA	NA	3	1	2	2	1	1	NA	NA	NA	3	1	2
16	38600000	46386001	3	2	1	2	d	2	NA	NA	NA	NA	NA	NA	NA	NA	NA	NA	NA	NA	NA	NA	NA	NA	NA	NA	NA	NA	2	1	1	NA	NA	NA	3	1	2
16	46386002	46447499	3	2	1	2	d	2	NA	NA	NA	NA	NA	NA	NA	NA	NA	NA	NA	NA	NA	NA	NA	NA	NA	NA	NA	NA	2	1	1	NA	NA	NA	3	1	2
16	46447500	88827200	3	2	1	3	a	6	2	1	0.0544998348771	0.0985160193731	3	1	2	2	1	1	NA	NA	NA	NA	NA	NA	NA	3	1	2	2	1	1	NA	NA	NA	3	1	2
16	88827201	90354752	3	2	1	2	d	4	NA	NA	NA	NA	3.140706	1.071964668	2.0687416	2	1	1	NA	NA	NA	NA	NA	NA	NA	3	1	2	2	1	1	NA	NA	NA	3	1	2
17	12500	22199999	3	2	1	3	a	6	2	1	0.0540395188484	0.111824581484	3	1	2	2	1	1	NA	NA	NA	NA	NA	NA	NA	3	1	2	2	1	1	NA	NA	NA	3	1	2
17	22200000	25799999	3	2	1	3	b	5	2	1	0.0493752283159	0.156058264058	3	1	2	NA	NA	NA	NA	NA	NA	NA	NA	NA	NA	3	1	2	2	1	1	NA	NA	NA	3	1	2
17	25800000	78774600	3	2	1	3	a	6	2	1	0.053698810016	0.112776349095	3	1	2	2	1	1	NA	NA	NA	NA	NA	NA	NA	3	1	2	2	1	1	NA	NA	NA	3	1	2
17	78774601	81195209	3	2	1	2	d	4	NA	NA	NA	NA	3.163093	1.094357701	2.0687354	2	1	1	NA	NA	NA	NA	NA	NA	NA	3	1	2	2	1	1	NA	NA	NA	3	1	2
18	10001	125370	4	2	2	2	d	2	2	2	0.05	0.47965265256	NA	NA	NA	NA	NA	NA	NA	NA	NA	NA	NA	NA	NA	NA	NA	NA	2	2	0.16504	2	1	0.83496	4	2	2
18	125371	15399999	4	2	2	3	a	6	2	2	0.0371169877673	0.115442304777	4	2	2	2	2	1	NA	NA	NA	NA	NA	NA	NA	4	2	2	2	2	1	NA	NA	NA	4	2	2
18	15400000	18999999	4	2	2	2	d	5	2	2	0.05	0.14909341876	4.101692	2.05084622	2.0508462	2	2	1	NA	NA	NA	NA	NA	NA	NA	4	2	2	2	2	1	NA	NA	NA	4	2	2
18	19000000	76117000	4	2	2	3	a	6	2	2	0.0347645178579	0.11595696595	4	2	2	2	2	1	NA	NA	NA	NA	NA	NA	NA	4	2	2	2	2	1	NA	NA	NA	4	2	2
18	76117001	78077247	4	2	2	3	b	5	NA	NA	NA	NA	4	2	2	2	2	1	NA	NA	NA	NA	NA	NA	NA	4	2	2	2	2	1	NA	NA	NA	4	2	2
19	102500	255095	3	2	1	2	d	4	2	1	0.05	0.1	NA	NA	NA	2	1	1	NA	NA	NA	NA	NA	NA	NA	NA	NA	NA	2	1	1	NA	NA	NA	3	1	2
19	255096	10580849	3	2	1	2	d	5	2	1	0.0526142392459	0.104663223497	3.155483	1.068417229	2.0870654	2	1	1	NA	NA	NA	NA	NA	NA	NA	3	1	2	2	1	1	NA	NA	NA	3	1	2
19	10580850	10692996	3	2	1	2	d	3	2	1	0.05	0.1	3.155483	1.068417229	2.0870654	3	1	1	NA	NA	NA	NA	NA	NA	NA	3	1	2	3	1	0.416491	2	1	0.583509	3	1	2
19	10692997	24399999	3	2	1	2	d	5	2	1	0.0541419213039	0.112508561443	3.115238	1.058178245	2.0570593	2	1	1	NA	NA	NA	NA	NA	NA	NA	3	1	2	2	1	1	NA	NA	NA	3	1	2
19	24400000	28599999	3	2	1	2	d	4	2	1	0.0521641749493	0.204029532311	2.786173	0.904791549	1.8813815	NA	NA	NA	NA	NA	NA	NA	NA	NA	NA	3	1	2	2	1	1	NA	NA	NA	3	1	2
19	28600000	59128982	3	2	1	3	a	6	2	1	0.0534792087356	0.151253092924	3	1	2	2	1	1	NA	NA	NA	NA	NA	NA	NA	3	1	2	2	1	1	NA	NA	NA	3	1	2
20	24347	13445305	5	3	2	2	d	4	3	2	0.0444302253524	0.119076569091	5	2	3	NA	NA	NA	NA	NA	NA	NA	NA	NA	NA	5	2	3	3	2	1	NA	NA	NA	NA	NA	NA
20	13445306	13561088	5	3	2	2	d	4	3	2	0.05	0.0999889487392	5	2	3	NA	NA	NA	NA	NA	NA	NA	NA	NA	NA	5	2	3	3	2	1	NA	NA	NA	NA	NA	NA
20	13561089	14574638	5	3	2	2	d	4	3	2	0.0390302872989	0.122548324983	5	2	3	NA	NA	NA	NA	NA	NA	NA	NA	NA	NA	5	2	3	3	2	1	NA	NA	NA	NA	NA	NA
20	14574639	14976366	4	2	2	2	d	4	2	2	0.0271252790794	0.125458271995	4	2	2	NA	NA	NA	NA	NA	NA	NA	NA	NA	NA	4	2	2	2	2	1	NA	NA	NA	NA	NA	NA
20	14976367	25599999	5	3	2	3	a	6	3	2	0.0472576793825	0.123514925677	5	2	3	3	2	1	NA	NA	NA	NA	NA	NA	NA	5	2	3	3	2	1	NA	NA	NA	5	2	3
20	25600000	29420550	5	3	2	2	d	5	3	2.32	0.0484898612078	0.180100288742	5	2	3	3	2	1	NA	NA	NA	NA	NA	NA	NA	5	2	3	3	2	1	NA	NA	NA	5	2	3
20	29420551	61191223	5	3	2	2	d	2	3	2.32	0.0401966538647	0.130889278636	5.312607	2.297064106	3.0155427	3	2	0.72873891398507	3	3	0.27126108601493	0.00662332668140314	0.00656638278089181	0.708549259337398	0.733488938640327	5	2	3	3	3	1	NA	NA	NA	5	2	3
20	61191224	61191767	5	3	2	2	e	3	3	2.32	0.05	0.1	5.312607	2.297064106	3.0155427	3	1	1	NA	NA	NA	NA	NA	NA	NA	NA	NA	NA	3	3	1	NA	NA	NA	5	2	3
20	61191768	62432500	5	3	2	2	d	3	3	2.32	0.0381839029831	0.132695401501	5.378265	2.349166749	3.0290985	3	2	0.714602932719839	3	3	0.285397067280161	0.0310420762803248	0.0306907150442572	0.655154690486807	0.774356531890149	5	2	3	3	2	1	NA	NA	NA	5	2	3
21	1	9417499	NA	NA	NA	NA	NA	NA	NA	NA	NA	NA	NA	NA	NA	NA	NA	NA	NA	NA	NA	NA	NA	NA	NA	NA	NA	NA	NA	NA	NA	NA	NA	NA	NA	NA	NA
21	9417500	9777201	NA	NA	NA	NA	NA	NA	NA	NA	NA	NA	NA	NA	NA	NA	NA	NA	NA	NA	NA	NA	NA	NA	NA	NA	NA	NA	NA	NA	NA	NA	NA	NA	NA	NA	NA
21	9777202	10899999	NA	NA	NA	NA	NA	NA	3	0	0.05	0.226704387176	NA	NA	NA	NA	NA	NA	NA	NA	NA	NA	NA	NA	NA	NA	NA	NA	2	0	1	NA	NA	NA	NA	NA	NA
21	10900000	15273816	3	3	0	2	f	2	3	0	0.0543531052638	0.245299443752	NA	NA	NA	NA	NA	NA	NA	NA	NA	NA	NA	NA	NA	NA	NA	NA	3	0	0.363644	2	0	0.636356	NA	NA	NA
21	15273817	19333992	3	3	0	2	d	3	3	0	0.0504135922741	0.0937899488992	3.127373	0.037718766	3.0896546	3	0	1	NA	NA	NA	NA	NA	NA	NA	3	0	3	3	0	0.294121	2	0	0.705879	NA	NA	NA
21	19333993	28117901	3	3	0	2	d	4	3	0	0.0546815252905	0.0987415690294	3	0	3	3	0	1	NA	NA	NA	NA	NA	NA	NA	3	0	3	3	0	0.226852	2	0	0.773148	NA	NA	NA
21	28117902	46937500	3	3	0	2	d	4	3	0	0.0522212762783	0.0962959508742	3	0	3	3	0	1	NA	NA	NA	NA	NA	NA	NA	3	0	3	3	0	0.321421	2	0	0.678579	NA	NA	NA
21	46937501	48129894	3	3	0	2	d	3	NA	NA	NA	NA	3	0	3	3	0	1	NA	NA	NA	NA	NA	NA	NA	3	0	3	3	0	0.238881	2	0	0.761119	NA	NA	NA
22	1	12199999	4	2	2	1	g	NA	NA	NA	NA	NA	NA	NA	NA	NA	NA	NA	NA	NA	NA	NA	NA	NA	NA	NA	NA	NA	NA	NA	NA	NA	NA	NA	4	2	2
22	12200000	17899999	4	2	2	3	a	6	2	2	0.0359535400999	0.200344897696	4	2	2	2	2	1	NA	NA	NA	NA	NA	NA	NA	4	2	2	2	2	1	NA	NA	NA	4	2	2
22	17900000	29065948	4	2	2	3	a	6	2	2	0.0404873951986	0.156327723353	4	2	2	2	2	1	NA	NA	NA	NA	NA	NA	NA	4	2	2	2	2	1	NA	NA	NA	4	2	2
22	29065949	49687500	4	2	2	3	a	6	2	2	0.0368844283028	0.128072013936	4	2	2	2	2	1	NA	NA	NA	NA	NA	NA	NA	4	2	2	2	2	1	NA	NA	NA	4	2	2
22	49687501	51304565	4	2	2	3	b	5	NA	NA	NA	NA	4	2	2	2	2	1	NA	NA	NA	NA	NA	NA	NA	4	2	2	2	2	1	NA	NA	NA	4	2	2
X	1	12009104	2	1	1	2	d	2	0.79	0.79	0.0431982949268	0.152589383578	2.298024	1.149012175	1.1490122	1	1	0.732797503259874	2	1	0.267202496740126	0.0123221000651539	0.0125901250438796	0.69773994991732	0.746181952842511	2	1	1	NA	NA	NA	NA	NA	NA	2	1	1
X	12009105	12011723	3	2	1	2	d	2	NA	NA	NA	NA	2.754824	0	2.754824	3	3	1	NA	NA	NA	NA	NA	NA	NA	3	1	2	NA	NA	NA	NA	NA	NA	3	1	2
X	12011724	12028725	3	2	1	2	d	2	NA	NA	NA	NA	3.447702	0	3.447702	2	1	1	NA	NA	NA	NA	NA	NA	NA	3	1	2	NA	NA	NA	NA	NA	NA	4	1	3
X	12028726	12030277	5	5	0	2	d	2	NA	NA	NA	NA	5	0	5	4	0	0.51833009127637	5	0	0.48166990872363	NA	0	0.51833009127637	0.51833009127637	7	1	6	NA	NA	NA	NA	NA	NA	5	0	5
X	12030278	12030976	6	5	1	2	d	2	NA	NA	NA	NA	8.463034	0	8.463034	5	1	1	NA	NA	NA	NA	NA	NA	NA	1	0	1	NA	NA	NA	NA	NA	NA	6	1	5
X	12030977	12031899	6	5	1	1	g	NA	NA	NA	NA	NA	8.463034	0	8.463034	NA	NA	NA	NA	NA	NA	NA	NA	NA	NA	NA	NA	NA	NA	NA	NA	NA	NA	NA	6	1	5
X	12031900	12038424	8	7	1	2	d	2	7.66	0.26	0.05	0.1	8.463034	0	8.463034	7	1	1	NA	NA	NA	NA	NA	NA	NA	NA	NA	NA	NA	NA	NA	NA	NA	NA	8	1	7
X	12038425	12039472	2	1	1	2	e	1	7.66	0.26	0.05	0.1	8.463034	0	8.463034	NA	NA	NA	NA	NA	NA	NA	NA	NA	NA	NA	NA	NA	NA	NA	NA	NA	NA	NA	8	1	7
X	12039473	12044323	2	1	1	2	e	1	7.66	0.26	0.05	0.1	12.664677	0	12.664677	9	1	1	NA	NA	NA	NA	NA	NA	NA	NA	NA	NA	NA	NA	NA	NA	NA	NA	7	0	7
X	12044324	12044566	2	1	1	2	e	1	7.66	0.26	0.05	0.1	13.153241	0	13.153241	NA	NA	NA	NA	NA	NA	NA	NA	NA	NA	1	0	1	NA	NA	NA	NA	NA	NA	13	2	11
X	12044567	12047096	2	1	1	2	e	1	7.66	0.26	0.05	0.1	13.153241	0	13.153241	15	1	1	NA	NA	NA	NA	NA	NA	NA	1	0	1	NA	NA	NA	NA	NA	NA	13	2	11
X	12047097	12047825	2	1	1	2	e	1	7.66	0.26	0.05	0.1	13.153241	0	13.153241	NA	NA	NA	NA	NA	NA	NA	NA	NA	NA	NA	NA	NA	NA	NA	NA	NA	NA	NA	13	2	11
X	12047826	12063028	2	1	1	2	e	1	7.66	0.26	0.05	0.1	10.639495	0	10.639495	3	3	1	NA	NA	NA	NA	NA	NA	NA	7	3	4	NA	NA	NA	NA	NA	NA	13	2	11
X	12063029	12067129	2	1	1	2	e	1	7.66	0.26	0.05	0.1	13.290577	0	13.290577	16	1	1	NA	NA	NA	NA	NA	NA	NA	7	3	4	NA	NA	NA	NA	NA	NA	19	0	19
X	12067130	12075451	2	1	1	2	e	1	7.66	0.26	0.05	0.1	14	0	14	18	1	1	NA	NA	NA	NA	NA	NA	NA	NA	NA	NA	NA	NA	NA	NA	NA	NA	19	0	19
X	12075452	12076755	2	1	1	2	e	1	7.66	0.26	0.05	0.1	14.401868	0	14.401868	NA	NA	NA	NA	NA	NA	NA	NA	NA	NA	1	0	1	NA	NA	NA	NA	NA	NA	19	0	19
X	12076756	12077522	2	1	1	2	e	1	7.66	0.26	0.05	0.1	14.401868	0	14.401868	NA	NA	NA	NA	NA	NA	NA	NA	NA	NA	NA	NA	NA	NA	NA	NA	NA	NA	NA	19	0	19
X	12077523	12078135	2	1	1	2	e	1	7.66	0.26	0.05	0.1	14.401868	0	14.401868	NA	NA	NA	NA	NA	NA	NA	NA	NA	NA	NA	NA	NA	NA	NA	NA	NA	NA	NA	NA	NA	NA
X	12078136	12078147	2	1	1	2	e	1	7.66	0.26	0.05	0.1	14.401868	0	14.401868	NA	NA	NA	NA	NA	NA	NA	NA	NA	NA	1	0	1	NA	NA	NA	NA	NA	NA	NA	NA	NA
X	12078148	12078393	2	1	1	2	e	1	7.66	0.26	0.05	0.1	14.401868	0	14.401868	7	0	0.681860109398638	7	1	0.318139890601362	NA	0	0.681860109398638	0.681860109398638	1	0	1	NA	NA	NA	NA	NA	NA	4	0	4
X	12078394	12078448	2	1	1	2	e	1	7.66	0.26	0.05	0.1	14.401868	0	14.401868	NA	NA	NA	NA	NA	NA	NA	NA	NA	NA	1	0	1	NA	NA	NA	NA	NA	NA	9	1	8
X	12078449	12079257	2	1	1	2	e	1	7.66	0.26	0.05	0.1	14.401868	0	14.401868	NA	NA	NA	NA	NA	NA	NA	NA	NA	NA	1	0	1	NA	NA	NA	NA	NA	NA	9	1	8
X	12079258	12081602	2	1	1	2	e	1	7.66	0.26	0.05	0.1	10	0	10	NA	NA	NA	NA	NA	NA	NA	NA	NA	NA	NA	NA	NA	NA	NA	NA	NA	NA	NA	9	1	8
X	12081603	12085223	2	1	1	2	e	1	7.66	0.26	0.05	0.1	7.551829	0	7.551829	7	0	1	NA	NA	NA	NA	NA	NA	NA	NA	NA	NA	NA	NA	NA	NA	NA	NA	9	1	8
X	12085224	12085728	2	1	1	2	e	1	7.66	0.26	0.05	0.1	7.551829	0	7.551829	5	0	0.616138653071058	5	1	0.383861346928942	NA	0	0.616138653071058	0.616138653071058	1	0	1	NA	NA	NA	NA	NA	NA	9	1	8
X	12085729	12086159	2	1	1	2	e	1	7.66	0.26	0.05	0.1	7.551829	0	7.551829	NA	NA	NA	NA	NA	NA	NA	NA	NA	NA	1	0	1	NA	NA	NA	NA	NA	NA	9	1	8
X	12086160	12086332	2	1	1	2	e	1	7.66	0.26	0.05	0.1	7.551829	0	7.551829	NA	NA	NA	NA	NA	NA	NA	NA	NA	NA	NA	NA	NA	NA	NA	NA	NA	NA	NA	5	1	4
X	12086333	12091216	5	4	1	2	d	2	7.66	0.26	0.05	0.1	6.397197	0	6.397197	5	1	1	NA	NA	NA	NA	NA	NA	NA	5	1	4	NA	NA	NA	NA	NA	NA	5	1	4
X	12091217	12091953	2	1	1	2	e	1	7.66	0.26	0.05	0.1	4	0	4	NA	NA	NA	NA	NA	NA	NA	NA	NA	NA	1	0	1	NA	NA	NA	NA	NA	NA	5	1	4
X	12091954	12092850	4	4	0	2	d	2	7.66	0.26	0.05	0.1	4	0	4	2	0	0.367908148844861	3	0	0.632091851155139	NA	0	0.367908148844861	0.367908148844861	NA	NA	NA	NA	NA	NA	NA	NA	NA	4	0	4
X	12092851	12133410	3	2	1	2	d	2	7.66	0.26	0.05	0.1	3.134087	0	3.134087	3	1	1	NA	NA	NA	NA	NA	NA	NA	3	1	2	NA	NA	NA	NA	NA	NA	3	1	2
X	12133411	12239733	2	1	1	2	d	2	0.74	0.74	0.05	0.1	2.349899	0	2.349899	1	1	1	NA	NA	NA	NA	NA	NA	NA	NA	NA	NA	NA	NA	NA	NA	NA	NA	2	1	1
X	12239734	12277168	2	1	1	2	e	1	0.74	0.74	0.05	0.1	4.808554	0	4.808554	5	2	1	NA	NA	NA	NA	NA	NA	NA	5	2	3	NA	NA	NA	NA	NA	NA	4	1	3
X	12277169	12278683	2	1	1	2	e	1	0.74	0.74	0.05	0.1	11	0	11	NA	NA	NA	NA	NA	NA	NA	NA	NA	NA	NA	NA	NA	NA	NA	NA	NA	NA	NA	4	1	3
X	12278684	12280601	2	1	1	2	e	1	0.74	0.74	0.05	0.1	9	0	9	NA	NA	NA	NA	NA	NA	NA	NA	NA	NA	NA	NA	NA	NA	NA	NA	NA	NA	NA	NA	NA	NA
X	12280602	12281912	2	1	1	2	e	1	0.74	0.74	0.05	0.1	5.442865	0	5.442865	NA	NA	NA	NA	NA	NA	NA	NA	NA	NA	NA	NA	NA	NA	NA	NA	NA	NA	NA	NA	NA	NA
X	12281913	12331620	2	1	1	2	d	2	0.74	0.74	0.05	0.1	2.718095	0	2.718095	2	1	1	NA	NA	NA	NA	NA	NA	NA	2	1	1	NA	NA	NA	NA	NA	NA	2	1	1
X	12331621	12331684	2	1	1	2	e	2	0.74	0.74	0.05	0.1	2.718095	0	2.718095	NA	NA	NA	NA	NA	NA	NA	NA	NA	NA	NA	NA	NA	NA	NA	NA	NA	NA	NA	2	1	1
X	12331685	41029439	2	1	1	2	d	4	0.74	0.74	0.041065688431	0.112909092713	2	1	1	1	1	1	NA	NA	NA	NA	NA	NA	NA	2	1	1	NA	NA	NA	NA	NA	NA	2	1	1
X	41029440	41276948	2	1	1	2	d	3	0.74	0.74	0.0508048246484	0.1	2.13637	1.068185052	1.0681851	1	1	1	NA	NA	NA	NA	NA	NA	NA	2	1	1	NA	NA	NA	NA	NA	NA	2	1	1
X	41276949	46529361	2	1	1	2	d	4	0.74	0.74	0.0564763217652	0.0953960743432	2	1	1	1	1	1	NA	NA	NA	NA	NA	NA	NA	2	1	1	NA	NA	NA	NA	NA	NA	2	1	1
X	46529362	46530472	2	1	1	2	e	3	0.74	0.74	0.05	0.1	14.141858	0	14.141858	NA	NA	NA	NA	NA	NA	NA	NA	NA	NA	1	0	1	NA	NA	NA	NA	NA	NA	2	1	1
X	46530473	46532842	2	1	1	2	e	1	0.74	0.74	0.05	0.1	14.141858	0	14.141858	NA	NA	NA	NA	NA	NA	NA	NA	NA	NA	NA	NA	NA	NA	NA	NA	NA	NA	NA	NA	NA	NA
X	46532843	46535346	2	1	1	2	e	1	0.74	0.74	0.05	0.1	14.141858	0	14.141858	NA	NA	NA	NA	NA	NA	NA	NA	NA	NA	7	3	4	NA	NA	NA	NA	NA	NA	NA	NA	NA
X	46535347	46550202	2	1	1	2	e	1	0.74	0.74	0.05	0.1	11.157614	0	11.157614	12	1	1	NA	NA	NA	NA	NA	NA	NA	NA	NA	NA	NA	NA	NA	NA	NA	NA	8	0	8
X	46550203	46567770	2	1	1	2	e	1	0.74	0.74	0.05	0.1	10.700163	0	10.700163	9	1	1	NA	NA	NA	NA	NA	NA	NA	7	0	7	NA	NA	NA	NA	NA	NA	9	0	9
X	46567771	46570094	9	9	0	1	g	NA	NA	NA	NA	NA	10.612947	0	10.612947	NA	NA	NA	NA	NA	NA	NA	NA	NA	NA	NA	NA	NA	NA	NA	NA	NA	NA	NA	9	0	9
X	46570095	46611907	5	4	1	2	d	2	NA	NA	NA	NA	4.481326	0	4.481326	4	1	1	NA	NA	NA	NA	NA	NA	NA	4	1	3	NA	NA	NA	NA	NA	NA	5	1	4
X	46611908	46643910	3	2	1	2	d	3	NA	NA	NA	NA	3.120613	0	3.120613	2	1	1	NA	NA	NA	NA	NA	NA	NA	3	1	2	NA	NA	NA	NA	NA	NA	3	1	2
X	46643911	58099999	2	1	1	2	d	3	1	1	0.0460169294075	0.124837497614	2.343972	1.171986019	1.171986	1	1	0.709598402334181	2	1	0.290401597665819	0.0195906094275534	0.0194961789465212	0.670446482720067	0.747980311647543	2	1	1	NA	NA	NA	NA	NA	NA	2	1	1
X	58100000	62999999	NA	NA	NA	NA	NA	NA	1	1	0.05	0.235347439954	2.632884	1.026393054	1.6064913	NA	NA	NA	NA	NA	NA	NA	NA	NA	NA	3	1	2	NA	NA	NA	NA	NA	NA	3	1	2
X	63000000	135412550	3	2	1	2	d	3	1.48	0.76	0.0525260109248	0.120579145322	2.889858	0.998119497	1.8917389	2	1	1	NA	NA	NA	NA	NA	NA	NA	3	1	2	NA	NA	NA	NA	NA	NA	3	1	2
X	135412551	135560969	2	2	0	2	d	3	1.86	0.14	0.0602602978573	0.1	1.851013	0	1.8510127	2	0	1	NA	NA	NA	NA	NA	NA	NA	2	0	2	NA	NA	NA	NA	NA	NA	2	0	2
X	135560970	154913600	3	2	1	2	d	3	1.52	0.74	0.0542475288157	0.117011927108	2.898343	0.99314064	1.9052025	2	1	1	NA	NA	NA	NA	NA	NA	NA	3	1	2	NA	NA	NA	NA	NA	NA	3	1	2
