chromosome	start	end	total_cn	major_cn	minor_cn	star	level	methods_agree	absolute_broad_major_cn	absolute_broad_minor_cn	absolute_broad_het_error	absolute_broad_cov_error	aceseq_copy_number	aceseq_minor_cn	aceseq_major_cn	battenberg_nMaj1_A	battenberg_nMin1_A	battenberg_frac1_A	battenberg_nMaj2_A	battenberg_nMin2_A	battenberg_frac2_A	battenberg_SDfrac_A	battenberg_SDfrac_A_BS	battenberg_frac1_A_0.025	battenberg_frac1_A_0.975	clonehd_copy_number	clonehd_minor_cn	clonehd_major_cn	sclust_nMaj1_A	sclust_nMin1_A	sclust_frac1_A	sclust_nMaj2_A	sclust_nMin2_A	sclust_frac2_A	jabba_copy_number	jabba_minor_cn	jabba_major_cn
1	1	1873817	2	1	1	2	d	4	1.12	1.2	0.0530412809589	0.38033177891	NA	NA	NA	1	1	1	NA	NA	NA	NA	NA	NA	NA	2	1	1	1	1	1	NA	NA	NA	2	1	1
1	1873818	17046420	1	1	0	2	d	4	1.2	0	0.0822134695307	0.181711995784	NA	NA	NA	1	0	1	NA	NA	NA	NA	NA	NA	NA	1	0	1	1	0	1	NA	NA	NA	1	0	1
1	17046421	17310657	1	1	0	2	d	3	NA	NA	NA	NA	NA	NA	NA	1	0	1	NA	NA	NA	NA	NA	NA	NA	1	0	1	1	0	0.481626	1	1	0.518374	1	0	1
1	17310658	35589243	1	1	0	2	d	4	1.12	0	0.081629726439	0.0988792349775	NA	NA	NA	1	0	1	NA	NA	NA	NA	NA	NA	NA	1	0	1	1	0	1	NA	NA	NA	1	0	1
1	35589244	35590674	1	1	0	1	g	NA	NA	NA	NA	NA	NA	NA	NA	NA	NA	NA	NA	NA	NA	NA	NA	NA	NA	NA	NA	NA	3	0	1	NA	NA	NA	1	0	1
1	35590675	36938597	3	3	0	3	b	5	3	0	0.0485669407429	0.179650679501	NA	NA	NA	3	0	1	NA	NA	NA	NA	NA	NA	NA	3	0	3	3	0	1	NA	NA	NA	3	0	3
1	36938598	36941631	2	2	0	1	g	NA	3	0	0.05	0.1	NA	NA	NA	2	0	1	NA	NA	NA	NA	NA	NA	NA	NA	NA	NA	3	0	1	NA	NA	NA	2	0	2
1	36941632	118501450	3	3	0	3	b	5	3	0	0.03583572676	0.186645070313	NA	NA	NA	3	0	1	NA	NA	NA	NA	NA	NA	NA	3	0	3	3	0	1	NA	NA	NA	3	0	3
1	118501451	119311664	2	2	0	3	b	5	2	0	0.0351747017954	0.125755772979	NA	NA	NA	2	0	1	NA	NA	NA	NA	NA	NA	NA	2	0	2	2	0	1	NA	NA	NA	2	0	2
1	119311665	120798685	3	3	0	2	d	3	2.81	0	0.0293206154728	0.161869382056	NA	NA	NA	4	0	1	NA	NA	NA	NA	NA	NA	NA	3	0	3	3	0	1	NA	NA	NA	3	0	3
1	120798686	121350938	3	3	0	2	d	2	2	0	0.05	0.129497203221	NA	NA	NA	1	0	0.230805928376049	2	0	0.769194071623951	0.398012929424445	0.167439322696461	0.694083175590756	1.33039017705098	NA	NA	NA	3	0	1	NA	NA	NA	3	0	3
1	121350939	128899999	NA	NA	NA	NA	NA	NA	1.61	1.61	0.05	1.67116612658	NA	NA	NA	1	0	0.639081483366199	2	0	0.360918516633801	NA	0	0.639081483366199	0.639081483366199	1	0	1	3	1	0.817544	2	1	0.182456	3	0	3
1	128900000	144851025	2	1	1	2	f	1	1.61	1.61	0.05	0.396011633038	NA	NA	NA	NA	NA	NA	NA	NA	NA	NA	NA	NA	NA	1	0	1	3	1	0.817544	2	1	0.182456	3	0	3
1	144851026	145091767	2	1	1	2	f	1	1.61	1.61	0.05	0.212384524173	NA	NA	NA	2	1	0.122820740720366	2	2	0.877179259279634	NA	0	0.122820740720366	0.122820740720366	NA	NA	NA	2	2	1	NA	NA	NA	3	0	3
1	145091768	192283976	4	2	2	2	d	4	1.61	1.61	0.0399494906277	0.197857078837	NA	NA	NA	2	2	1	NA	NA	NA	NA	NA	NA	NA	4	2	2	2	2	1	NA	NA	NA	4	2	2
1	192283977	192315098	3	2	1	1	g	NA	NA	NA	NA	NA	NA	NA	NA	2	0	0.269749716564954	2	1	0.730250283435046	NA	0	0.269749716564954	0.269749716564954	4	1	3	2	2	1	NA	NA	NA	3	1	2
1	192315099	205310065	4	2	2	2	d	4	1.61	1.61	0.0391018984716	0.204029549404	NA	NA	NA	2	2	1	NA	NA	NA	NA	NA	NA	NA	4	2	2	2	2	1	NA	NA	NA	4	2	2
1	205310066	205327833	5	3	2	3	b	5	3	2	0.05	0.1	NA	NA	NA	3	2	1	NA	NA	NA	NA	NA	NA	NA	5	2	3	3	2	1	NA	NA	NA	5	2	3
1	205327834	206868817	4	2	2	2	d	4	1.61	1.61	0.0393272759357	0.184621042523	NA	NA	NA	2	2	1	NA	NA	NA	NA	NA	NA	NA	4	2	2	2	2	1	NA	NA	NA	4	2	2
1	206868818	206897086	5	3	2	2	d	4	2	2	0.05	0.1	NA	NA	NA	3	2	1	NA	NA	NA	NA	NA	NA	NA	5	2	3	3	2	1	NA	NA	NA	5	2	3
1	206897087	234277968	4	2	2	2	d	4	1.61	1.61	0.039403125176	0.191998816888	NA	NA	NA	2	2	1	NA	NA	NA	NA	NA	NA	NA	4	2	2	2	2	1	NA	NA	NA	4	2	2
1	234277969	234315803	3	2	1	2	d	3	2	1	0.05	0.1	NA	NA	NA	2	1	1	NA	NA	NA	NA	NA	NA	NA	NA	NA	NA	2	2	1	NA	NA	NA	3	1	2
1	234315804	247249600	4	2	2	2	d	4	1.61	1.61	0.0402037938548	0.194149751692	NA	NA	NA	2	2	1	NA	NA	NA	NA	NA	NA	NA	4	2	2	2	2	1	NA	NA	NA	4	2	2
1	247249601	249159944	4	2	2	2	d	4	NA	NA	NA	NA	NA	NA	NA	2	2	1	NA	NA	NA	NA	NA	NA	NA	4	2	2	2	2	1	NA	NA	NA	4	2	2
2	20016	45291402	4	2	2	3	b	5	2	2	0.0392131142766	0.22471707321	NA	NA	NA	2	2	1	NA	NA	NA	NA	NA	NA	NA	4	2	2	2	2	1	NA	NA	NA	4	2	2
2	45291403	45537981	3	2	1	2	d	4	2	1	0.06007482116	0.173572086951	NA	NA	NA	1	1	0.151877531115493	2	1	0.848122468884507	0.0537245586314921	0.0526270248542181	0.0606405662486433	0.26819475311847	3	1	2	2	1	1	NA	NA	NA	3	1	2
2	45537982	57380898	4	2	2	3	b	5	2	2	0.0381288737477	0.235967440157	NA	NA	NA	2	2	1	NA	NA	NA	NA	NA	NA	NA	4	2	2	2	2	1	NA	NA	NA	4	2	2
2	57380899	82096079	4	2	2	2	d	3	2	1.51	0.050590624519	0.206811040414	NA	NA	NA	2	1	0.436958404485915	2	2	0.563041595514085	0.00451669619151468	0.00470015764162138	0.424291957820293	0.44315997635647	4	2	2	2	2	1	NA	NA	NA	4	2	2
2	82096080	82146194	3	2	1	2	d	3	1.81	1.45	0.05	0.125661211921	NA	NA	NA	2	1	1	NA	NA	NA	NA	NA	NA	NA	3	1	2	2	2	1	NA	NA	NA	3	1	2
2	82146195	89842499	4	2	2	2	d	3	1.81	1.45	0.0509120319413	0.294837315903	NA	NA	NA	2	1	0.405747089879776	2	2	0.594252910120224	0.00946049847448527	0.00942935293658273	0.401577163035696	0.437593469361971	4	2	2	2	2	1	NA	NA	NA	4	2	2
2	89842500	96799999	4	2	2	2	d	3	1.81	1.45	0.0357569312532	0.396672079291	NA	NA	NA	NA	NA	NA	NA	NA	NA	NA	NA	NA	NA	4	2	2	2	2	1	NA	NA	NA	4	2	2
2	96800000	207610936	4	2	2	2	d	3	1.81	1.45	0.0495340024819	0.222773128501	NA	NA	NA	2	1	0.426034444373765	2	2	0.573965555626235	0.00238317249543391	0.00243216668272937	0.422030545551012	0.431672270475866	4	2	2	2	2	1	NA	NA	NA	4	2	2
2	207610937	236599944	3	2	1	2	d	2	1.4	1	0.063286699196	0.168853353106	NA	NA	NA	1	1	0.44913859570432	2	1	0.55086140429568	0.00463397011200975	0.00458440266475991	0.440069493163323	0.458082975051749	3	1	2	2	1	0.534467	1	1	0.465533	3	1	2
2	236599945	236606135	2	1	1	2	e	3	1.4	1	0.05	0.1	NA	NA	NA	1	1	0.44913859570432	2	1	0.55086140429568	0.00463397011200975	0.00458440266475991	0.440069493163323	0.458082975051749	NA	NA	NA	2	1	0.584076	1	1	0.415924	3	1	2
2	236606136	237641612	2	1	1	2	d	2	1.4	1	0.0618444877652	0.145293437665	NA	NA	NA	1	1	0.44913859570432	2	1	0.55086140429568	0.00463397011200975	0.00458440266475991	0.440069493163323	0.458082975051749	2	1	1	2	1	0.584076	1	1	0.415924	2	1	1
2	237641613	237641933	2	1	1	2	e	3	1.4	1	0.05	0.1	NA	NA	NA	NA	NA	NA	NA	NA	NA	NA	NA	NA	NA	NA	NA	NA	2	1	0.584076	1	1	0.415924	2	1	1
2	237641934	239345476	2	1	1	2	d	2	1.4	1	0.0656855782052	0.152028905909	NA	NA	NA	1	1	0.491126518669298	2	1	0.508873481330702	0.0221404050057429	0.022649251200461	0.454973311431411	0.541644619692902	2	1	1	2	1	0.526683	1	1	0.473317	2	1	1
2	239345477	239352955	2	1	1	2	e	3	1.4	1	0.05	0.1	NA	NA	NA	NA	NA	NA	NA	NA	NA	NA	NA	NA	NA	NA	NA	NA	2	1	0.540394	1	1	0.459606	2	1	1
2	239352956	240578927	2	1	1	2	d	2	1.4	1	0.063413021243	0.16826834757	NA	NA	NA	1	1	0.487844443592918	2	1	0.512155556407082	0.0118901170565314	0.0118352473975168	0.463891587877529	0.510522094110022	2	1	1	2	1	0.540394	1	1	0.459606	2	1	1
2	240578928	240579557	2	1	1	2	e	4	1.4	1	0.05	0.1	NA	NA	NA	1	1	0.487844443592918	2	1	0.512155556407082	0.0118901170565314	0.0118352473975168	0.463891587877529	0.510522094110022	NA	NA	NA	2	1	0.540394	1	1	0.459606	2	1	1
2	240579558	242999968	2	1	1	2	d	2	1.4	1	0.066166423208	0.21130349393	NA	NA	NA	1	1	0.487844443592918	2	1	0.512155556407082	0.0118901170565314	0.0118352473975168	0.463891587877529	0.510522094110022	2	1	1	2	1	0.540394	1	1	0.459606	2	1	1
3	100074	29480869	2	1	1	3	b	5	1	1	0.0522589163608	0.148344022826	NA	NA	NA	1	1	1	NA	NA	NA	NA	NA	NA	NA	2	1	1	1	1	1	NA	NA	NA	2	1	1
3	29480870	29503439	2	1	1	2	d	4	1	1	0.05	0.1	NA	NA	NA	1	1	1	NA	NA	NA	NA	NA	NA	NA	1	0	1	1	1	1	NA	NA	NA	2	1	1
3	29503440	87899999	2	1	1	3	b	5	1	1	0.0520561608926	0.138338605462	NA	NA	NA	1	1	1	NA	NA	NA	NA	NA	NA	NA	2	1	1	1	1	1	NA	NA	NA	2	1	1
3	87900000	93899999	NA	NA	NA	NA	NA	NA	2	1	0.0669642557215	0.211714377831	NA	NA	NA	NA	NA	NA	NA	NA	NA	NA	NA	NA	NA	3	1	2	2	1	1	NA	NA	NA	3	1	2
3	93900000	101387273	3	2	1	3	b	5	2	1	0.0644282031299	0.173116358851	NA	NA	NA	2	1	1	NA	NA	NA	NA	NA	NA	NA	3	1	2	2	1	1	NA	NA	NA	3	1	2
3	101387274	109128796	4	3	1	2	d	2	2.32	1	0.061501732296	0.190963191085	NA	NA	NA	2	1	0.593902222638848	3	1	0.406097777361152	0.0130934374037587	0.0132981498887267	0.576877858092023	0.629652094799579	4	1	3	3	1	0.386402	2	1	0.613598	4	1	3
3	109128797	109130344	4	3	1	1	g	NA	NA	NA	NA	NA	NA	NA	NA	NA	NA	NA	NA	NA	NA	NA	NA	NA	NA	3	1	2	3	1	0.386402	2	1	0.613598	4	1	3
3	109130345	122070319	3	2	1	2	d	2	1.4	1	0.0648915247822	0.144244110717	NA	NA	NA	1	1	0.555364854155105	2	1	0.444635145844895	0.00376330539103109	0.00385974911098305	0.547261109581752	0.562807005967005	3	1	2	2	1	0.428846	1	1	0.571154	3	1	2
3	122070320	122087980	2	1	1	2	d	2	1.4	1	0.05	0.1	NA	NA	NA	1	1	0.555364854155105	2	1	0.444635145844895	0.00376330539103109	0.00385974911098305	0.547261109581752	0.562807005967005	2	1	1	2	1	0.428846	1	1	0.571154	2	1	1
3	122087981	128848267	2	1	1	2	d	2	1.4	1	0.0644500344235	0.177817254921	NA	NA	NA	1	1	0.555364854155105	2	1	0.444635145844895	0.00376330539103109	0.00385974911098305	0.547261109581752	0.562807005967005	2	1	1	2	1	0.428846	1	1	0.571154	2	1	1
3	128848268	152048136	3	2	1	2	d	2	1.4	1	0.0606642146914	0.147692635013	NA	NA	NA	1	1	0.555364854155105	2	1	0.444635145844895	0.00376330539103109	0.00385974911098305	0.547261109581752	0.562807005967005	3	1	2	2	1	0.410066	1	1	0.589934	3	1	2
3	152048137	165255228	3	2	1	2	d	2	1.45	1.45	0.045091484183	0.208265421533	NA	NA	NA	2	2	1	NA	NA	NA	NA	NA	NA	NA	3	1	2	2	1	0.410066	1	1	0.589934	3	1	2
3	165255229	165332569	4	2	2	2	d	2	1.45	1.45	0.05	0.206021125448	NA	NA	NA	2	1	0.478354463858268	2	2	0.521645536141732	0.138219078614666	0.122047286899908	0.312980455371304	0.790008470997278	4	2	2	NA	NA	NA	NA	NA	NA	4	2	2
3	165332570	167006585	3	2	1	2	d	2	1.45	1.45	0.0426828654243	0.172327183858	NA	NA	NA	2	2	1	NA	NA	NA	NA	NA	NA	NA	3	1	2	NA	NA	NA	NA	NA	NA	3	1	2
3	167006586	167012010	4	3	1	2	f	1	3.61	1.45	0.05	0.1	NA	NA	NA	11	2	1	NA	NA	NA	NA	NA	NA	NA	NA	NA	NA	4	2	0.59238	4	1	0.40762	13	1	12
3	167012011	167018929	16	15	1	1	g	NA	3.61	1.45	0.05	0.1	NA	NA	NA	16	2	1	NA	NA	NA	NA	NA	NA	NA	8	1	7	4	2	0.59238	4	1	0.40762	16	1	15
3	167018930	167550201	6	4	2	2	d	2	3.61	1.45	0.0509140929578	0.27662502555	NA	NA	NA	4	1	0.381217146116553	4	2	0.618782853883447	0.0277352955377272	0.0285770448511026	0.327980131890279	0.43892409351098	6	2	4	4	2	0.59238	4	1	0.40762	6	2	4
3	167550202	173295772	17	16	1	2	f	1	16	1.4	0.0324995534464	0.459515189846	NA	NA	NA	8	1	0.499572909756742	8	2	0.500427090243258	0.0108216776565762	0.0107094288205844	0.453929734639341	0.496184725636243	8	1	7	4	2	0.59238	4	1	0.40762	10	1	9
3	173295773	175424169	11	10	1	1	g	NA	17	1.45	0.0318309111856	0.465693125014	NA	NA	NA	9	1	0.417746962661404	9	2	0.582253037338596	0.0107169963148218	0.0108372657322322	0.384951514722763	0.427146470018742	8	1	7	NA	NA	NA	NA	NA	NA	11	1	10
3	175424170	176718879	18	17	1	2	f	1	17	1.45	0.0326542182176	0.48168218177	NA	NA	NA	8	1	0.516619676227458	8	2	0.483380323772542	0.0143802581173815	0.0149174393005282	0.480741847082321	0.541633481393869	8	1	7	9	2	1	NA	NA	NA	10	1	9
3	176718880	176806217	18	17	1	2	f	1	17	1.45	0.05	0.439434898186	NA	NA	NA	8	1	1	NA	NA	NA	NA	NA	NA	NA	8	1	7	11	2	1	NA	NA	NA	11	1	10
3	176806218	176830302	3	2	1	2	f	0	20	1.32	0.05	0.1	NA	NA	NA	11	1	0.694077984861008	11	2	0.305922015138992	0.102180247489951	0.0999527243653593	0.391713610244102	0.78190521831461	8	1	7	11	2	1	NA	NA	NA	13	1	12
3	176830303	176830870	13	11	2	2	d	2	20	1.32	0.05	0.1	NA	NA	NA	11	2	1	NA	NA	NA	NA	NA	NA	NA	NA	NA	NA	11	2	1	NA	NA	NA	10	1	9
3	176830871	179077943	12	11	1	1	g	NA	20	1.32	0.0266109827296	0.597062863514	NA	NA	NA	11	1	0.445113064737769	11	2	0.554886935262231	0.0133644432202061	0.0132801150691395	0.427152080347802	0.479114813574675	8	1	7	11	2	1	NA	NA	NA	12	1	11
3	179077944	181052812	3	2	1	2	e	0	16	1.32	0.0306562611939	0.415844522182	NA	NA	NA	8	1	0.652455425752285	8	2	0.347544574247715	0.0140075131372129	0.0145261352483367	0.603316925117573	0.659366079662846	8	1	7	9	2	0.584047	9	1	0.415953	10	1	9
3	181052813	181203502	9	8	1	1	g	NA	17	1.4	0.05	0.53138288373	NA	NA	NA	8	1	0.537693571984056	8	2	0.462306428015944	0.0755934885566206	0.0688126716437964	0.360030647488163	0.627471918237147	NA	NA	NA	9	2	0.58121	9	1	0.41879	9	1	8
3	181203503	185634728	4	3	1	2	e	0	17	1.4	0.0316282677781	0.455490015263	NA	NA	NA	9	1	0.434847638404375	9	2	0.565152361595625	0.0104853567861448	0.0109352349062313	0.388601370449684	0.431068507537715	8	1	7	9	2	0.58121	9	1	0.41879	10	1	9
3	185634729	185646329	6	5	1	1	g	NA	4	1	0.05	0.1	NA	NA	NA	4	1	1	NA	NA	NA	NA	NA	NA	NA	7	2	5	1	0	1	NA	NA	NA	6	1	5
3	185646330	186388949	2	2	0	2	d	2	1.45	0	0.0690921907481	0.108371583929	NA	NA	NA	1	0	0.46673809043005	2	0	0.53326190956995	0.047992055935856	0.0468805448937867	0.435384403141952	0.620092005375113	2	0	2	1	0	1	NA	NA	NA	2	0	2
3	186388950	186527236	3	2	1	2	d	2	2	2	0.05	0.167534347287	NA	NA	NA	2	1	0.454436740665356	2	2	0.545563259334644	0.0873599786391122	0.08542255610293	0.242908607114274	0.597086748147928	3	1	2	2	2	0.621603	2	1	0.378397	3	1	2
3	186527237	186683318	5	4	1	2	d	2	4	1.4	0.0493527738482	0.26723202904	NA	NA	NA	4	1	0.405531670042434	4	2	0.594468329957566	0.0402127861743927	0.0396190179864063	0.343212260418498	0.501230626989359	5	1	4	4	2	0.555368	4	1	0.444632	5	1	4
3	186683319	186683447	5	4	1	2	f	2	1.86	1.45	0.05	0.1	NA	NA	NA	NA	NA	NA	NA	NA	NA	NA	NA	NA	NA	NA	NA	NA	4	2	0.555368	4	1	0.444632	5	1	4
3	186683448	197847500	3	2	1	2	d	2	1.86	1.45	0.051777534949	0.227313791268	NA	NA	NA	2	1	0.443352917722294	2	2	0.556647082277706	0.00656554851107524	0.00652614408800605	0.428025731842462	0.453804849555418	3	1	2	2	2	1	NA	NA	NA	3	1	2
4	56735	48199999	2	2	0	3	b	5	2	0	0.0512691878955	0.164522594988	NA	NA	NA	2	0	1	NA	NA	NA	NA	NA	NA	NA	2	0	2	2	0	1	NA	NA	NA	2	0	2
4	48200000	52699999	2	2	0	3	b	5	2	0	0.044855262386	0.792568169858	NA	NA	NA	2	0	1	NA	NA	NA	NA	NA	NA	NA	2	0	2	2	0	1	NA	NA	NA	2	0	2
4	52700000	137117992	2	2	0	3	b	5	2	0	0.0509289840217	0.146414931864	NA	NA	NA	2	0	1	NA	NA	NA	NA	NA	NA	NA	2	0	2	2	0	1	NA	NA	NA	2	0	2
4	137117993	191154275	2	2	0	3	b	5	2	0	0.0501530116734	0.13603410443	NA	NA	NA	2	0	1	NA	NA	NA	NA	NA	NA	NA	2	0	2	2	0	1	NA	NA	NA	2	0	2
5	26239	21603869	3	2	1	2	d	2	1.74	1.32	0.0555028985566	0.221949698311	NA	NA	NA	2	1	0.486896507855736	2	2	0.513103492144264	0.00427167507921455	0.0042627120519799	0.484436292668023	0.500946065179061	3	1	2	2	2	0.555543	2	1	0.444457	3	1	2
5	21603870	21605837	4	2	2	1	g	NA	NA	NA	NA	NA	NA	NA	NA	3	2	0.306767222186881	3	3	0.693232777813119	NA	0	0.306767222186881	0.306767222186881	3	1	2	2	2	0.555543	2	1	0.444457	4	2	2
5	21605838	25879197	5	3	2	2	d	2	2.32	1.81	0.0491579258443	0.212478602043	NA	NA	NA	2	2	0.368837860187007	3	2	0.631162139812993	0.0152387578985735	0.0152655324663978	0.326832854855901	0.386046646775694	5	2	3	3	2	0.454901	2	2	0.545099	5	2	3
5	25879198	46099994	4	2	2	2	d	4	1.81	1.81	0.040463690597	0.206664352996	NA	NA	NA	2	2	1	NA	NA	NA	NA	NA	NA	NA	4	2	2	2	2	1	NA	NA	NA	4	2	2
5	46099995	50699999	NA	NA	NA	NA	NA	NA	1	1	0.0733370736747	0.415168615927	NA	NA	NA	NA	NA	NA	NA	NA	NA	NA	NA	NA	NA	2	1	1	1	1	1	NA	NA	NA	3	1	2
5	50700000	56289677	2	1	1	3	b	5	1	1	0.0509435419747	0.127619984728	NA	NA	NA	1	1	1	NA	NA	NA	NA	NA	NA	NA	2	1	1	1	1	1	NA	NA	NA	2	1	1
5	56289678	56339053	1	1	0	3	b	5	1	0	0.05	0.1	NA	NA	NA	1	0	1	NA	NA	NA	NA	NA	NA	NA	1	0	1	1	0	1	NA	NA	NA	1	0	1
5	56339054	56339132	1	1	0	2	d	3	NA	NA	NA	NA	NA	NA	NA	NA	NA	NA	NA	NA	NA	NA	NA	NA	NA	1	0	1	1	0	1	NA	NA	NA	1	0	1
5	56339133	56339356	2	1	1	1	g	NA	NA	NA	NA	NA	NA	NA	NA	NA	NA	NA	NA	NA	NA	NA	NA	NA	NA	NA	NA	NA	1	0	1	NA	NA	NA	2	1	1
5	56339357	56433018	2	1	1	3	b	5	1	1	0.0305370386055	0.0992165607048	NA	NA	NA	1	1	1	NA	NA	NA	NA	NA	NA	NA	2	1	1	1	1	1	NA	NA	NA	2	1	1
5	56433019	56433068	1	1	0	2	d	2	NA	NA	NA	NA	NA	NA	NA	NA	NA	NA	NA	NA	NA	NA	NA	NA	NA	1	0	1	1	1	1	NA	NA	NA	1	0	1
5	56433069	56503141	1	1	0	2	d	4	1	1	0.05	0.1	NA	NA	NA	1	0	1	NA	NA	NA	NA	NA	NA	NA	1	0	1	1	0	1	NA	NA	NA	1	0	1
5	56503142	56503409	2	1	1	1	g	NA	1	1	0.05	0.1	NA	NA	NA	NA	NA	NA	NA	NA	NA	NA	NA	NA	NA	1	0	1	1	0	1	NA	NA	NA	2	1	1
5	56503410	56503501	2	1	1	1	g	NA	1	1	0.05	0.1	NA	NA	NA	NA	NA	NA	NA	NA	NA	NA	NA	NA	NA	1	0	1	1	0	1	NA	NA	NA	2	1	1
5	56503502	56503513	2	1	1	2	d	2	1	1	0.05	0.1	NA	NA	NA	NA	NA	NA	NA	NA	NA	NA	NA	NA	NA	NA	NA	NA	1	0	1	NA	NA	NA	2	1	1
5	56503514	170252225	2	1	1	3	b	5	1	1	0.0505930401928	0.143877191772	NA	NA	NA	1	1	1	NA	NA	NA	NA	NA	NA	NA	2	1	1	1	1	1	NA	NA	NA	2	1	1
5	170252226	170255652	2	1	1	2	d	3	1	1	0.05	0.1	NA	NA	NA	1	0	1	NA	NA	NA	NA	NA	NA	NA	1	0	1	1	1	1	NA	NA	NA	2	1	1
5	170255653	180711553	2	1	1	3	b	5	1	1	0.0523159715926	0.149385157491	NA	NA	NA	1	1	1	NA	NA	NA	NA	NA	NA	NA	2	1	1	1	1	1	NA	NA	NA	2	1	1
6	39681	249571	4	3	1	1	g	NA	2	1	0.05	0.1	NA	NA	NA	3	1	0.35777230847518	4	1	0.64222769152482	NA	0	0.35777230847518	0.35777230847518	1	0	1	NA	NA	NA	NA	NA	NA	4	1	3
6	249572	382202	4	3	1	2	d	2	2	1	0.05	0.342211779769	NA	NA	NA	NA	NA	NA	NA	NA	NA	NA	NA	NA	NA	NA	NA	NA	3	1	1	NA	NA	NA	4	1	3
6	382203	16693690	4	3	1	2	d	4	2.61	0.88	0.058958386378	0.207458534106	NA	NA	NA	3	1	1	NA	NA	NA	NA	NA	NA	NA	4	1	3	3	1	1	NA	NA	NA	4	1	3
6	16693691	18150876	3	2	1	2	d	4	1.74	0.88	0.0651735793576	0.144739048507	NA	NA	NA	2	1	1	NA	NA	NA	NA	NA	NA	NA	3	1	2	2	1	1	NA	NA	NA	3	1	2
6	18150877	26073615	4	3	1	2	d	4	2.61	0.93	0.058531981992	0.202024675769	NA	NA	NA	3	1	1	NA	NA	NA	NA	NA	NA	NA	4	1	3	3	1	1	NA	NA	NA	4	1	3
6	26073616	26075034	3	2	1	1	g	NA	NA	NA	NA	NA	NA	NA	NA	NA	NA	NA	NA	NA	NA	NA	NA	NA	NA	NA	NA	NA	3	1	1	NA	NA	NA	3	1	2
6	26075035	26084559	3	2	1	2	d	3	1	1	0.05	0.1	NA	NA	NA	2	1	1	NA	NA	NA	NA	NA	NA	NA	3	1	2	1	1	1	NA	NA	NA	3	1	2
6	26084560	26135346	2	1	1	3	b	5	1	1	0.05	0.1	NA	NA	NA	1	1	1	NA	NA	NA	NA	NA	NA	NA	2	1	1	1	1	1	NA	NA	NA	2	1	1
6	26135347	26163823	1	1	0	2	d	4	NA	NA	NA	NA	NA	NA	NA	1	0	1	NA	NA	NA	NA	NA	NA	NA	1	0	1	1	0	1	NA	NA	NA	1	0	1
6	26163824	26228390	0	0	0	2	d	3	0	0	0.05	0.1	NA	NA	NA	0	0	1	NA	NA	NA	NA	NA	NA	NA	1	0	1	1	0	1	NA	NA	NA	0	0	0
6	26228391	26246964	1	1	0	2	d	3	1.61	0	0.05	0.1	NA	NA	NA	2	0	1	NA	NA	NA	NA	NA	NA	NA	1	0	1	1	0	1	NA	NA	NA	1	0	1
6	26246965	26272585	2	2	0	2	d	4	1.61	0	0.05	0.1	NA	NA	NA	2	0	1	NA	NA	NA	NA	NA	NA	NA	2	0	2	2	0	1	NA	NA	NA	2	0	2
6	26272586	26273462	2	2	0	2	d	2	2.51	0.88	0.05	0.1	NA	NA	NA	NA	NA	NA	NA	NA	NA	NA	NA	NA	NA	NA	NA	NA	2	0	1	NA	NA	NA	2	0	2
6	26273463	27882136	4	3	1	2	d	4	2.51	0.88	0.055461702828	0.197310132205	NA	NA	NA	3	1	1	NA	NA	NA	NA	NA	NA	NA	4	1	3	3	1	1	NA	NA	NA	4	1	3
6	27882137	27892959	4	3	1	2	d	2	2.51	0.88	0.05	0.1	NA	NA	NA	NA	NA	NA	NA	NA	NA	NA	NA	NA	NA	NA	NA	NA	3	1	1	NA	NA	NA	4	1	3
6	27892960	27901931	4	3	1	2	d	2	2.51	0.88	0.05	0.1	NA	NA	NA	1	1	0.196515555793624	2	1	0.803484444206376	NA	0	0.196515555793624	0.196515555793624	NA	NA	NA	3	1	1	NA	NA	NA	4	1	3
6	27901932	27918423	4	3	1	2	d	2	2.86	1	0.05	0.1	NA	NA	NA	NA	NA	NA	NA	NA	NA	NA	NA	NA	NA	NA	NA	NA	3	1	1	NA	NA	NA	4	1	3
6	27918424	31787619	4	3	1	2	d	4	2.86	1	0.0600648613272	0.216709457127	NA	NA	NA	3	1	1	NA	NA	NA	NA	NA	NA	NA	4	1	3	3	1	1	NA	NA	NA	4	1	3
6	31787620	31804850	3	2	1	2	f	1	2.86	1	0.05	0.1	NA	NA	NA	5	1	1	NA	NA	NA	NA	NA	NA	NA	NA	NA	NA	3	1	1	NA	NA	NA	5	1	4
6	31804851	33016909	4	3	1	2	d	4	2.86	1	0.0750644268782	0.387195093397	NA	NA	NA	3	1	1	NA	NA	NA	NA	NA	NA	NA	4	1	3	3	1	1	NA	NA	NA	4	1	3
6	33016910	33028820	6	5	1	2	d	2	2.86	1	0.05	0.1	NA	NA	NA	5	1	0.804359831377832	5	2	0.195640168622168	0.530048456202183	0.735059495669222	-2.19633934704144	0.680416254064009	6	1	5	3	1	1	NA	NA	NA	6	1	5
6	33028821	42632382	4	3	1	2	d	4	2.86	1	0.0584759825569	0.259687243327	NA	NA	NA	3	1	1	NA	NA	NA	NA	NA	NA	NA	4	1	3	3	1	1	NA	NA	NA	4	1	3
6	42632383	47466526	3	2	1	3	b	5	2	1	0.071363270547	0.182065056361	NA	NA	NA	2	1	1	NA	NA	NA	NA	NA	NA	NA	3	1	2	2	1	1	NA	NA	NA	3	1	2
6	47466527	47482384	3	2	1	2	d	3	2	1	0.05	0.1	NA	NA	NA	0	0	0.115402964188026	1	0	0.884597035811974	NA	0	0.115402964188026	0.115402964188026	3	1	2	2	1	1	NA	NA	NA	2	0	2
6	47482385	50718075	3	2	1	3	b	5	2	1	0.0670060388616	0.242635502233	NA	NA	NA	2	1	1	NA	NA	NA	NA	NA	NA	NA	3	1	2	2	1	1	NA	NA	NA	3	1	2
6	50718076	50744729	2	2	0	2	d	3	2.2	0	0.05	0.1	NA	NA	NA	2	0	0.550346670059165	3	0	0.449653329940835	0.245514390520076	0.222373267123759	0.158591611835917	1.02485779288304	2	0	2	2	0	1	NA	NA	NA	2	0	2
6	50744730	55783589	3	2	1	3	b	5	2	1	0.0665339531159	0.185920609215	NA	NA	NA	2	1	1	NA	NA	NA	NA	NA	NA	NA	3	1	2	2	1	1	NA	NA	NA	3	1	2
6	55783590	57206033	3	2	1	3	b	5	2	1	0.0633104844664	0.177434800122	NA	NA	NA	2	1	1	NA	NA	NA	NA	NA	NA	NA	3	1	2	2	1	1	NA	NA	NA	3	1	2
6	57206034	57340008	3	2	1	2	d	3	2	1	0.05	0.231891244242	NA	NA	NA	3	1	1	NA	NA	NA	NA	NA	NA	NA	4	1	3	2	1	1	NA	NA	NA	3	1	2
6	57340009	58182801	4	3	1	2	d	3	2.74	1	0.0691557969947	0.503541643904	NA	NA	NA	3	1	1	NA	NA	NA	NA	NA	NA	NA	4	1	3	NA	NA	NA	NA	NA	NA	4	1	3
6	58182802	58501071	7	6	1	2	d	3	5.32	1	0.0415189158009	0.38413235466	NA	NA	NA	6	1	1	NA	NA	NA	NA	NA	NA	NA	7	1	6	6	1	1	NA	NA	NA	6	1	5
6	58501072	63299999	NA	NA	NA	NA	NA	NA	3	1	0.0533880019994	0.333084935484	NA	NA	NA	NA	NA	NA	NA	NA	NA	NA	NA	NA	NA	4	1	3	4	1	0.00657736	3	1	0.993423	4	1	3
6	63300000	70850158	4	3	1	2	d	4	2.86	1	0.0563068936703	0.222974283786	NA	NA	NA	3	1	1	NA	NA	NA	NA	NA	NA	NA	4	1	3	3	1	1	NA	NA	NA	4	1	3
6	70850159	70870944	3	2	1	3	b	5	2	1	0.05	0.1	NA	NA	NA	2	1	1	NA	NA	NA	NA	NA	NA	NA	3	1	2	2	1	1	NA	NA	NA	3	1	2
6	70870945	78985600	4	3	1	2	d	4	2.86	1	0.0585882204803	0.224498135774	NA	NA	NA	3	1	1	NA	NA	NA	NA	NA	NA	NA	4	1	3	3	1	1	NA	NA	NA	4	1	3
6	78985601	84527587	4	3	1	2	d	4	2.86	1	0.0574798489542	0.23849450176	NA	NA	NA	3	1	1	NA	NA	NA	NA	NA	NA	NA	4	1	3	3	1	1	NA	NA	NA	4	1	3
6	84527588	116793165	3	2	1	2	d	4	1.86	1	0.0653596945	0.169855220318	NA	NA	NA	2	1	1	NA	NA	NA	NA	NA	NA	NA	3	1	2	2	1	1	NA	NA	NA	3	1	2
6	116793166	116823904	4	3	1	3	b	5	3	1	0.05	0.1	NA	NA	NA	3	1	1	NA	NA	NA	NA	NA	NA	NA	4	1	3	3	1	1	NA	NA	NA	4	1	3
6	116823905	126080099	3	2	1	2	d	4	1.81	0.93	0.0644578772975	0.160236141072	NA	NA	NA	2	1	1	NA	NA	NA	NA	NA	NA	NA	3	1	2	2	1	1	NA	NA	NA	3	1	2
6	126080100	126083927	3	2	1	2	d	4	1.81	0.93	0.05	0.1	NA	NA	NA	2	1	1	NA	NA	NA	NA	NA	NA	NA	3	1	2	2	1	1	NA	NA	NA	3	1	2
6	126083928	127538572	3	2	1	2	d	4	1.81	0.93	0.057584794427	0.154270198728	NA	NA	NA	2	1	1	NA	NA	NA	NA	NA	NA	NA	3	1	2	2	1	1	NA	NA	NA	3	1	2
6	127538573	127539946	3	2	1	2	d	4	1.81	0.93	0.05	0.1	NA	NA	NA	2	1	1	NA	NA	NA	NA	NA	NA	NA	3	1	2	2	1	1	NA	NA	NA	3	1	2
6	127539947	138545999	3	2	1	2	d	4	1.81	0.93	0.0646818863861	0.158941837672	NA	NA	NA	2	1	1	NA	NA	NA	NA	NA	NA	NA	3	1	2	2	1	1	NA	NA	NA	3	1	2
6	138546000	151393366	2	2	0	2	d	4	1.86	0	0.0476846106293	0.125697972651	NA	NA	NA	2	0	1	NA	NA	NA	NA	NA	NA	NA	2	0	2	2	0	1	NA	NA	NA	2	0	2
6	151393367	151393591	2	2	0	2	d	3	1.86	0	0.05	0.1	NA	NA	NA	2	0	1	NA	NA	NA	NA	NA	NA	NA	NA	NA	NA	2	0	1	NA	NA	NA	2	0	2
6	151393592	154410033	2	2	0	2	d	4	1.86	0	0.0497733053539	0.130533594469	NA	NA	NA	2	0	1	NA	NA	NA	NA	NA	NA	NA	2	0	2	2	0	1	NA	NA	NA	2	0	2
6	154410034	155193180	3	3	0	2	d	4	2.74	0	0.0371332978838	0.149205842711	NA	NA	NA	3	0	1	NA	NA	NA	NA	NA	NA	NA	3	0	3	3	0	1	NA	NA	NA	3	0	3
6	155193181	155336183	2	2	0	3	b	5	2	0	0.0542459704292	0.147330977265	NA	NA	NA	2	0	1	NA	NA	NA	NA	NA	NA	NA	2	0	2	2	0	1	NA	NA	NA	2	0	2
6	155336184	155350805	4	4	0	1	g	NA	2	0	0.05	0.1	NA	NA	NA	4	0	1	NA	NA	NA	NA	NA	NA	NA	3	0	3	2	0	1	NA	NA	NA	4	0	4
6	155350806	157962008	2	2	0	3	b	5	2	0	0.0466974302177	0.124654190339	NA	NA	NA	2	0	1	NA	NA	NA	NA	NA	NA	NA	2	0	2	2	0	1	NA	NA	NA	2	0	2
6	157962009	157962688	2	2	0	2	d	3	2	0	0.05	0.1	NA	NA	NA	3	0	1	NA	NA	NA	NA	NA	NA	NA	NA	NA	NA	2	0	1	NA	NA	NA	2	0	2
6	157962689	157967448	2	2	0	2	d	4	2	0	0.05	0.1	NA	NA	NA	3	0	1	NA	NA	NA	NA	NA	NA	NA	2	0	2	2	0	1	NA	NA	NA	2	0	2
6	157967449	163001612	2	2	0	3	b	5	2	0	0.0506578304263	0.138867006694	NA	NA	NA	2	0	1	NA	NA	NA	NA	NA	NA	NA	2	0	2	2	0	1	NA	NA	NA	2	0	2
6	163001613	163014413	3	3	0	2	d	4	2	0	0.05	0.1	NA	NA	NA	3	0	1	NA	NA	NA	NA	NA	NA	NA	3	0	3	3	0	1	NA	NA	NA	3	0	3
6	163014414	170878886	2	2	0	3	b	5	2	0	0.050539285207	0.137972910787	NA	NA	NA	2	0	1	NA	NA	NA	NA	NA	NA	NA	2	0	2	2	0	1	NA	NA	NA	2	0	2
7	40386	50072842	3	2	1	2	d	4	1.81	0.93	0.0665606180025	0.178359472786	NA	NA	NA	2	1	1	NA	NA	NA	NA	NA	NA	NA	3	1	2	2	1	1	NA	NA	NA	3	1	2
7	50072843	50136283	2	1	1	3	b	5	1	1	0.05	0.102070354407	NA	NA	NA	1	1	1	NA	NA	NA	NA	NA	NA	NA	2	1	1	1	1	1	NA	NA	NA	2	1	1
7	50136284	57999999	3	2	1	2	d	4	1.81	1	0.0692719582762	0.198733633609	NA	NA	NA	2	1	1	NA	NA	NA	NA	NA	NA	NA	3	1	2	2	1	1	NA	NA	NA	3	1	2
7	58000000	61699999	3	2	1	2	f	2	2	0	0.05	0.157676519578	NA	NA	NA	NA	NA	NA	NA	NA	NA	NA	NA	NA	NA	NA	NA	NA	3	1	0.0199682	2	1	0.980032	3	1	2
7	61700000	129566508	3	2	1	2	d	4	1.86	1	0.0670950604078	0.184507545446	NA	NA	NA	2	1	1	NA	NA	NA	NA	NA	NA	NA	3	1	2	2	1	1	NA	NA	NA	3	1	2
7	129566509	129572372	3	2	1	2	d	4	NA	NA	NA	NA	NA	NA	NA	2	1	1	NA	NA	NA	NA	NA	NA	NA	3	1	2	2	1	1	NA	NA	NA	3	1	2
7	129572373	146775876	3	2	1	2	d	4	1.81	1	0.0678241013372	0.184723535018	NA	NA	NA	2	1	1	NA	NA	NA	NA	NA	NA	NA	3	1	2	2	1	1	NA	NA	NA	3	1	2
7	146775877	146790241	4	3	1	2	d	3	1.81	1	0.05	0.1	NA	NA	NA	3	1	1	NA	NA	NA	NA	NA	NA	NA	4	1	3	2	1	1	NA	NA	NA	4	1	3
7	146790242	157157182	3	2	1	2	d	4	1.81	1	0.0681843142438	0.173654838762	NA	NA	NA	2	1	1	NA	NA	NA	NA	NA	NA	NA	3	1	2	2	1	1	NA	NA	NA	3	1	2
7	157157183	157174406	2	1	1	3	b	5	1	1	0.05	0.1	NA	NA	NA	1	1	1	NA	NA	NA	NA	NA	NA	NA	2	1	1	1	1	1	NA	NA	NA	2	1	1
7	157174407	158821400	3	2	1	3	b	5	2	1	0.0675028145258	0.208408650702	NA	NA	NA	2	1	1	NA	NA	NA	NA	NA	NA	NA	3	1	2	2	1	1	NA	NA	NA	3	1	2
8	10001	159178	4	2	2	2	d	2	NA	NA	NA	NA	NA	NA	NA	NA	NA	NA	NA	NA	NA	NA	NA	NA	NA	NA	NA	NA	2	2	1	NA	NA	NA	4	2	2
8	159179	36089930	4	2	2	2	d	4	2	2	0.0425567644285	0.250697941557	NA	NA	NA	2	2	0.799513202647641	3	2	0.200486797352359	0.00384640601494785	0.00398473783252291	0.797368378935132	0.813093492822281	4	2	2	2	2	1	NA	NA	NA	4	2	2
8	36089931	36937429	2	2	0	2	d	4	1.81	0	0.0486712808399	0.106791371466	NA	NA	NA	2	0	1	NA	NA	NA	NA	NA	NA	NA	2	0	2	2	0	1	NA	NA	NA	2	0	2
8	36937430	36962205	2	2	0	2	d	3	NA	NA	NA	NA	NA	NA	NA	2	0	1	NA	NA	NA	NA	NA	NA	NA	NA	NA	NA	2	0	1	NA	NA	NA	2	0	2
8	36962206	39192491	2	2	0	2	d	4	1.74	0	0.050914600502	0.124359010992	NA	NA	NA	2	0	1	NA	NA	NA	NA	NA	NA	NA	2	0	2	2	0	1	NA	NA	NA	2	0	2
8	39192492	39306100	3	2	1	2	d	3	1.81	1	0.05	0.1	NA	NA	NA	2	1	1	NA	NA	NA	NA	NA	NA	NA	1	0	1	2	1	1	NA	NA	NA	3	1	2
8	39306101	39323876	3	2	1	2	d	3	1.81	1	0.05	0.1	NA	NA	NA	2	1	1	NA	NA	NA	NA	NA	NA	NA	1	0	1	2	1	1	NA	NA	NA	3	1	2
8	39323877	39352001	3	2	1	2	d	2	1.81	1	0.05	0.1	NA	NA	NA	2	1	1	NA	NA	NA	NA	NA	NA	NA	1	0	1	2	1	1	NA	NA	NA	NA	NA	NA
8	39352002	39381974	3	2	1	2	d	2	1.81	1	0.05	0.1	NA	NA	NA	2	1	1	NA	NA	NA	NA	NA	NA	NA	NA	NA	NA	2	1	1	NA	NA	NA	NA	NA	NA
8	39381975	43099999	3	2	1	2	d	4	1.81	1	0.0674367959237	0.167213589852	NA	NA	NA	2	1	1	NA	NA	NA	NA	NA	NA	NA	3	1	2	2	1	1	NA	NA	NA	3	1	2
8	43100000	48099999	3	2	1	2	d	2	1.81	0.8	0.05	0.853497633234	NA	NA	NA	NA	NA	NA	NA	NA	NA	NA	NA	NA	NA	3	1	2	3	1	0.00471138	2	1	0.995289	3	1	2
8	48100000	50152988	3	2	1	2	d	4	1.81	0.8	0.0642794510705	0.198737930968	NA	NA	NA	2	1	1	NA	NA	NA	NA	NA	NA	NA	3	1	2	2	1	1	NA	NA	NA	3	1	2
8	50152989	50795159	24	23	1	2	f	1	23	0.88	0.0188547004846	0.587468938957	NA	NA	NA	12	1	1	NA	NA	NA	NA	NA	NA	NA	8	1	7	13	1	1	NA	NA	NA	12	0	12
8	50795160	51251387	24	23	1	2	f	1	23	0.88	0.05	1.33777673848	NA	NA	NA	12	1	1	NA	NA	NA	NA	NA	NA	NA	8	1	7	13	1	1	NA	NA	NA	12	0	12
8	51251388	51253703	12	12	0	1	g	NA	7	1	0.05	0.1	NA	NA	NA	NA	NA	NA	NA	NA	NA	NA	NA	NA	NA	NA	NA	NA	13	1	1	NA	NA	NA	12	0	12
8	51253704	51705978	8	7	1	2	d	4	7	1	0.05	0.335111178938	NA	NA	NA	7	1	1	NA	NA	NA	NA	NA	NA	NA	8	1	7	8	1	1	NA	NA	NA	8	1	7
8	51705979	53643951	3	2	1	2	d	4	1.74	0.88	0.0643811094536	0.147991553448	NA	NA	NA	2	1	1	NA	NA	NA	NA	NA	NA	NA	3	1	2	2	1	1	NA	NA	NA	3	1	2
8	53643952	53815131	8	7	1	2	d	4	6.45	1	0.05	0.361574593124	NA	NA	NA	7	1	1	NA	NA	NA	NA	NA	NA	NA	8	1	7	7	1	1	NA	NA	NA	8	1	7
8	53815132	55159252	8	7	1	2	d	3	6.45	1	0.0356625929273	0.355368661279	NA	NA	NA	7	1	1	NA	NA	NA	NA	NA	NA	NA	8	1	7	8	1	1	NA	NA	NA	8	1	7
8	55159253	55160716	8	7	1	1	g	NA	NA	NA	NA	NA	NA	NA	NA	NA	NA	NA	NA	NA	NA	NA	NA	NA	NA	NA	NA	NA	8	1	1	NA	NA	NA	8	1	7
8	55160717	56793001	6	5	1	2	d	4	4	0.88	0.0462952070714	0.255591926669	NA	NA	NA	5	1	1	NA	NA	NA	NA	NA	NA	NA	6	1	5	5	1	1	NA	NA	NA	6	1	5
8	56793002	58442337	7	6	1	2	d	3	5.12	0.88	0.0387015169297	0.373485951224	NA	NA	NA	6	1	1	NA	NA	NA	NA	NA	NA	NA	7	1	6	6	1	1	NA	NA	NA	6	1	5
8	58442338	58443854	5	4	1	1	g	NA	NA	NA	NA	NA	NA	NA	NA	3	0	0.399601382439623	3	1	0.600398617560377	NA	0	0.399601382439623	0.399601382439623	NA	NA	NA	6	1	1	NA	NA	NA	5	1	4
8	58443855	58923952	4	3	1	2	d	3	2.86	0.8	0.0556220457351	0.191628098517	NA	NA	NA	3	1	0.614655556262322	4	1	0.385344443737678	0.0494462839753623	0.0502964194400948	0.507479398897814	0.70973177009879	4	1	3	3	1	1	NA	NA	NA	4	1	3
8	58923953	77468904	4	3	1	2	d	4	2.45	0.8	0.0562693288896	0.180396636003	NA	NA	NA	3	1	1	NA	NA	NA	NA	NA	NA	NA	4	1	3	3	1	1	NA	NA	NA	4	1	3
8	77468905	84823718	4	3	1	2	d	4	2.4	0.8	0.0557188660295	0.181195231784	NA	NA	NA	3	1	1	NA	NA	NA	NA	NA	NA	NA	4	1	3	3	1	1	NA	NA	NA	4	1	3
8	84823719	99037499	2	1	1	2	d	4	0.8	0.8	0.0497361738797	0.115822567885	NA	NA	NA	1	1	1	NA	NA	NA	NA	NA	NA	NA	2	1	1	1	1	1	NA	NA	NA	2	1	1
8	99037500	99084579	2	1	1	2	d	4	1	0	0.05	0.1	NA	NA	NA	1	1	1	NA	NA	NA	NA	NA	NA	NA	2	1	1	1	1	1	NA	NA	NA	2	1	1
8	99084580	99140936	4	3	1	2	d	3	2.32	0.68	0.05	0.1	NA	NA	NA	2	1	0.238514872316786	3	1	0.761485127683214	0.322671188340377	0.23445956120301	0.428126277555939	1.30957384427741	4	1	3	3	1	1	NA	NA	NA	4	1	3
8	99140937	99143544	4	3	1	1	g	NA	4	0.8	0.05	0.1	NA	NA	NA	NA	NA	NA	NA	NA	NA	NA	NA	NA	NA	NA	NA	NA	5	1	1	NA	NA	NA	4	1	3
8	99143545	101801134	6	5	1	2	d	4	4	0.8	0.0496093201167	0.245441627617	NA	NA	NA	5	1	1	NA	NA	NA	NA	NA	NA	NA	6	1	5	5	1	1	NA	NA	NA	6	1	5
8	101801135	114834283	2	1	1	2	d	4	0.8	0.8	0.0508306376592	0.109808598493	NA	NA	NA	1	1	1	NA	NA	NA	NA	NA	NA	NA	2	1	1	1	1	1	NA	NA	NA	2	1	1
8	114834284	114834314	2	1	1	2	d	3	0.8	0.8	0.05	0.1	NA	NA	NA	1	1	1	NA	NA	NA	NA	NA	NA	NA	NA	NA	NA	1	1	1	NA	NA	NA	2	1	1
8	114834315	124337536	2	1	1	2	d	4	0.8	0.8	0.0518023350733	0.105404999259	NA	NA	NA	1	1	1	NA	NA	NA	NA	NA	NA	NA	2	1	1	1	1	1	NA	NA	NA	2	1	1
8	124337537	124339161	2	1	1	2	d	3	0.8	0.8	0.05	0.1	NA	NA	NA	1	1	1	NA	NA	NA	NA	NA	NA	NA	NA	NA	NA	1	1	1	NA	NA	NA	2	1	1
8	124339162	126697807	2	1	1	2	d	4	0.8	0.8	0.0607223105443	0.0969899801538	NA	NA	NA	1	1	1	NA	NA	NA	NA	NA	NA	NA	2	1	1	1	1	1	NA	NA	NA	2	1	1
8	126697808	126699289	2	1	1	2	f	2	0.8	0.8	0.05	0.1	NA	NA	NA	2	1	0.233078189823948	3	1	0.766921810176052	NA	0	0.233078189823948	0.233078189823948	NA	NA	NA	1	1	1	NA	NA	NA	4	1	3
8	126699290	128678476	2	1	1	2	d	4	0.8	0.8	0.0523764805128	0.0947841334205	NA	NA	NA	1	1	1	NA	NA	NA	NA	NA	NA	NA	2	1	1	1	1	1	NA	NA	NA	2	1	1
8	128678477	131391504	4	3	1	2	d	4	2.32	0.68	0.0562976916199	0.164777202088	NA	NA	NA	3	1	1	NA	NA	NA	NA	NA	NA	NA	4	1	3	3	1	1	NA	NA	NA	4	1	3
8	131391505	131403715	6	5	1	2	d	2	4	0.8	0.05	0.1	NA	NA	NA	5	1	1	NA	NA	NA	NA	NA	NA	NA	NA	NA	NA	5	1	1	NA	NA	NA	8	1	7
8	131403716	134130014	6	5	1	2	d	4	4	0.8	0.0427132088076	0.245863342959	NA	NA	NA	5	1	1	NA	NA	NA	NA	NA	NA	NA	6	1	5	5	1	1	NA	NA	NA	6	1	5
8	134130015	134131526	4	2	2	1	g	NA	NA	NA	NA	NA	NA	NA	NA	2	1	1	NA	NA	NA	NA	NA	NA	NA	2	1	1	5	1	1	NA	NA	NA	4	2	2
8	134131527	146364021	2	1	1	2	d	4	0.88	0.88	0.0557167015163	0.153655216464	NA	NA	NA	1	1	1	NA	NA	NA	NA	NA	NA	NA	2	1	1	1	1	1	NA	NA	NA	2	1	1
9	47500	203760	2	2	0	2	d	2	2.32	0	0.05	0.1	NA	NA	NA	NA	NA	NA	NA	NA	NA	NA	NA	NA	NA	NA	NA	NA	2	0	1	NA	NA	NA	2	0	2
9	203761	44239586	2	2	0	2	d	4	2.32	0	0.0498054952761	0.171965659694	NA	NA	NA	2	0	1	NA	NA	NA	NA	NA	NA	NA	2	0	2	2	0	1	NA	NA	NA	2	0	2
9	44239587	47299999	2	2	0	2	d	3	2.32	0	0.05	0.707441100392	NA	NA	NA	2	0	1	NA	NA	NA	NA	NA	NA	NA	1	0	1	2	0	1	NA	NA	NA	2	0	2
9	47300000	50699999	2	2	0	2	d	2	2.32	0	0.05	0.1	NA	NA	NA	NA	NA	NA	NA	NA	NA	NA	NA	NA	NA	1	0	1	2	0	1	NA	NA	NA	2	0	2
9	50700000	66494187	2	2	0	2	d	2	2.32	0	0.05	0.341729319749	NA	NA	NA	NA	NA	NA	NA	NA	NA	NA	NA	NA	NA	1	0	1	2	0	1	NA	NA	NA	2	0	2
9	66494188	70882500	2	2	0	2	d	2	2.32	0	0.05	0.420429264169	NA	NA	NA	NA	NA	NA	NA	NA	NA	NA	NA	NA	NA	NA	NA	NA	2	0	1	NA	NA	NA	2	0	2
9	70882501	115299386	2	2	0	2	d	2	1.67	0	0.0595085967794	0.116350918916	NA	NA	NA	1	0	0.366897780039436	2	0	0.633102219960564	0.00729515471322748	0.00709129372347267	0.423859311215373	0.45096394014625	2	0	2	2	0	0.5	1	0	0.5	2	0	2
9	115299387	115312955	2	2	0	2	d	2	1.74	0	0.05	0.1	NA	NA	NA	NA	NA	NA	NA	NA	NA	NA	NA	NA	NA	NA	NA	NA	2	0	1	NA	NA	NA	2	0	2
9	115312956	140273200	2	2	0	2	d	3	1.74	0	0.062673518545	0.157447510434	NA	NA	NA	1	0	0.298851854207743	2	0	0.701148145792257	0.0109510561865527	0.010021486411542	0.364977128956489	0.403841507923974	2	0	2	2	0	1	NA	NA	NA	2	0	2
10	90127	20176317	3	2	1	3	b	5	2	1	0.0658890434292	0.184421068026	NA	NA	NA	2	1	1	NA	NA	NA	NA	NA	NA	NA	3	1	2	2	1	1	NA	NA	NA	3	1	2
10	20176318	25547324	3	2	1	3	b	5	2	1	0.0673354104835	0.174574516437	NA	NA	NA	2	1	1	NA	NA	NA	NA	NA	NA	NA	3	1	2	2	1	1	NA	NA	NA	3	1	2
10	25547325	25549923	3	2	1	3	b	5	2	1	0.05	0.1	NA	NA	NA	2	1	1	NA	NA	NA	NA	NA	NA	NA	3	1	2	2	1	1	NA	NA	NA	3	1	2
10	25549924	37999999	3	2	1	3	b	5	2	1	0.0656573160857	0.179701201877	NA	NA	NA	2	1	1	NA	NA	NA	NA	NA	NA	NA	3	1	2	2	1	1	NA	NA	NA	3	1	2
10	38000000	42417191	3	2	1	2	d	4	2	1	0.0696845775151	0.346938406393	NA	NA	NA	NA	NA	NA	NA	NA	NA	NA	NA	NA	NA	3	1	2	2	1	1	NA	NA	NA	3	1	2
10	42417192	52480660	3	2	1	3	b	5	2	1	0.0661839556292	0.350921879769	NA	NA	NA	2	1	1	NA	NA	NA	NA	NA	NA	NA	3	1	2	2	1	1	NA	NA	NA	3	1	2
10	52480661	52531892	2	2	0	3	b	5	2	0	0.05	0.1	NA	NA	NA	2	0	1	NA	NA	NA	NA	NA	NA	NA	2	0	2	2	0	1	NA	NA	NA	2	0	2
10	52531893	52590493	2	2	0	1	g	NA	2	0	0.05	0.1	NA	NA	NA	5	0	1	NA	NA	NA	NA	NA	NA	NA	3	1	2	2	1	1	NA	NA	NA	2	0	2
10	52590494	93204776	3	2	1	3	b	5	2	1	0.0660290733833	0.187283378959	NA	NA	NA	2	1	1	NA	NA	NA	NA	NA	NA	NA	3	1	2	2	1	1	NA	NA	NA	3	1	2
10	93204777	94682331	4	2	2	3	b	5	2	2	0.0338851802967	0.190740819257	NA	NA	NA	2	2	1	NA	NA	NA	NA	NA	NA	NA	4	2	2	2	2	1	NA	NA	NA	4	2	2
10	94682332	135210397	3	2	1	3	b	5	2	1	0.0669612882209	0.1894220062	NA	NA	NA	2	1	1	NA	NA	NA	NA	NA	NA	NA	3	1	2	2	1	1	NA	NA	NA	3	1	2
10	135210398	135389924	3	2	1	2	d	2	3	1	0.05	0.279119200416	NA	NA	NA	NA	NA	NA	NA	NA	NA	NA	NA	NA	NA	3	1	2	2	0	0.449114	2	1	0.550886	3	1	2
11	20721	196943	2	1	1	2	d	2	1	1	0.05	0.1	NA	NA	NA	NA	NA	NA	NA	NA	NA	NA	NA	NA	NA	NA	NA	NA	2	0	0.446385	2	1	0.553615	2	1	1
11	196944	23995512	2	1	1	3	b	5	1	1	0.0543280806061	0.143859549007	NA	NA	NA	1	1	1	NA	NA	NA	NA	NA	NA	NA	2	1	1	1	1	1	NA	NA	NA	2	1	1
11	23995513	24127869	1	1	0	3	b	5	1	0	0.05	0.110367720453	NA	NA	NA	1	0	1	NA	NA	NA	NA	NA	NA	NA	1	0	1	1	0	1	NA	NA	NA	1	0	1
11	24127870	46380876	2	1	1	3	b	5	1	1	0.052531041104	0.131391179635	NA	NA	NA	1	1	1	NA	NA	NA	NA	NA	NA	NA	2	1	1	1	1	1	NA	NA	NA	2	1	1
11	46380877	46394636	1	1	0	1	g	NA	1	1	0.05	0.1	NA	NA	NA	1	0	1	NA	NA	NA	NA	NA	NA	NA	NA	NA	NA	1	1	1	NA	NA	NA	1	0	1
11	46394637	50428829	2	1	1	3	b	5	1	1	0.0625514980023	0.14015800973	NA	NA	NA	1	1	1	NA	NA	NA	NA	NA	NA	NA	2	1	1	1	1	1	NA	NA	NA	2	1	1
11	50428830	51599999	2	1	1	3	b	5	1	1	0.05	0.18199729628	NA	NA	NA	1	1	1	NA	NA	NA	NA	NA	NA	NA	2	1	1	1	1	1	NA	NA	NA	2	1	1
11	51600000	55699999	2	1	1	3	b	5	1	1	0.0349085960482	0.301854861876	NA	NA	NA	1	1	1	NA	NA	NA	NA	NA	NA	NA	2	1	1	1	1	1	NA	NA	NA	2	1	1
11	55700000	85129951	2	1	1	3	b	5	1	1	0.0529910978983	0.160062737664	NA	NA	NA	1	1	1	NA	NA	NA	NA	NA	NA	NA	2	1	1	1	1	1	NA	NA	NA	2	1	1
11	85129952	85417280	5	4	1	2	d	3	3.51	0.8	0.048957782394	0.240992946203	NA	NA	NA	3	1	0.273493291882796	4	1	0.726506708117204	0.0719639880127126	0.0764584653044144	0.0563709747002694	0.355095332787178	5	1	4	4	1	1	NA	NA	NA	5	1	4
11	85417281	89231115	6	5	1	2	d	4	4.51	0.88	0.0395455948524	0.296618021647	NA	NA	NA	5	1	1	NA	NA	NA	NA	NA	NA	NA	6	1	5	5	1	1	NA	NA	NA	6	1	5
11	89231116	94700514	2	1	1	2	d	4	0.93	0.93	0.0523516073998	0.119820787676	NA	NA	NA	1	1	1	NA	NA	NA	NA	NA	NA	NA	2	1	1	1	1	1	NA	NA	NA	2	1	1
11	94700515	134452200	3	2	1	2	d	4	1.81	0.93	0.0667764764194	0.165053053945	NA	NA	NA	2	1	1	NA	NA	NA	NA	NA	NA	NA	3	1	2	2	1	1	NA	NA	NA	3	1	2
12	110107	8775590	4	2	2	2	d	4	1.86	1.86	0.0396068654418	0.233389229327	NA	NA	NA	2	2	1	NA	NA	NA	NA	NA	NA	NA	4	2	2	2	2	1	NA	NA	NA	4	2	2
12	8775591	8827590	6	4	2	2	d	3	4	2	0.05	0.1	NA	NA	NA	3	2	1	NA	NA	NA	NA	NA	NA	NA	6	2	4	2	1	1	NA	NA	NA	6	2	4
12	8827591	8862246	3	2	1	3	b	5	2	1	0.05	0.1	NA	NA	NA	2	1	1	NA	NA	NA	NA	NA	NA	NA	3	1	2	2	1	1	NA	NA	NA	3	1	2
12	8862247	9511689	6	4	2	2	d	4	3.74	2	0.0527476877641	0.405789619559	NA	NA	NA	4	2	1	NA	NA	NA	NA	NA	NA	NA	6	2	4	4	2	1	NA	NA	NA	6	2	4
12	9511690	9633089	6	3	3	2	d	2	3	3	0.05	0.463973353152	NA	NA	NA	3	2	0.377861769405011	3	3	0.622138230594989	0.086177843867413	0.0801320054558216	0.420707685734101	0.731731772010501	NA	NA	NA	3	3	1	NA	NA	NA	6	2	4
12	9633090	10075213	6	4	2	2	d	4	3.61	2	0.0411494687975	0.279376471611	NA	NA	NA	4	2	1	NA	NA	NA	NA	NA	NA	NA	6	2	4	4	2	1	NA	NA	NA	6	2	4
12	10075214	11215993	5	4	1	2	d	4	3.61	0.88	0.0474965689814	0.375282768082	NA	NA	NA	4	1	1	NA	NA	NA	NA	NA	NA	NA	5	1	4	4	1	1	NA	NA	NA	5	1	4
12	11215994	11253470	5	4	1	2	d	2	3.61	0.88	0.05	0.1	NA	NA	NA	2	0	0.460689523567203	2	1	0.539310476432797	0.082835477213926	0.0819892667686515	0.268753036019215	0.593140943900248	3	1	2	4	1	1	NA	NA	NA	5	1	4
12	11253471	13113314	5	4	1	2	d	4	3.61	0.88	0.0453269770485	0.314061840213	NA	NA	NA	4	1	1	NA	NA	NA	NA	NA	NA	NA	5	1	4	4	1	1	NA	NA	NA	5	1	4
12	13113315	23496493	6	4	2	2	d	4	3.67	1.81	0.0498922619706	0.289141007507	NA	NA	NA	4	2	1	NA	NA	NA	NA	NA	NA	NA	6	2	4	4	2	1	NA	NA	NA	6	2	4
12	23496494	23498094	6	4	2	1	g	NA	5.45	1.67	0.05	0.1	NA	NA	NA	NA	NA	NA	NA	NA	NA	NA	NA	NA	NA	NA	NA	NA	6	2	1	NA	NA	NA	6	2	4
12	23498095	25350875	8	6	2	2	d	4	5.45	1.67	0.0358575035476	0.356496404011	NA	NA	NA	6	2	1	NA	NA	NA	NA	NA	NA	NA	8	2	6	6	2	1	NA	NA	NA	8	2	6
12	25350876	25351395	8	6	2	2	d	2	NA	NA	NA	NA	NA	NA	NA	NA	NA	NA	NA	NA	NA	NA	NA	NA	NA	NA	NA	NA	6	2	1	NA	NA	NA	8	2	6
12	25351396	33299999	4	2	2	2	d	4	1.74	1.74	0.0414663188154	0.224392662894	NA	NA	NA	2	2	1	NA	NA	NA	NA	NA	NA	NA	4	2	2	2	2	1	NA	NA	NA	4	2	2
12	33300000	38199999	NA	NA	NA	NA	NA	NA	2	2	0.05	0.415979272666	NA	NA	NA	NA	NA	NA	NA	NA	NA	NA	NA	NA	NA	4	2	2	2	2	1	NA	NA	NA	3	1	2
12	38200000	52063096	3	2	1	2	d	4	1.74	0.93	0.0681755736669	0.161740013988	NA	NA	NA	2	1	1	NA	NA	NA	NA	NA	NA	NA	3	1	2	2	1	1	NA	NA	NA	3	1	2
12	52063097	54616483	3	2	1	2	d	4	1.74	0.93	0.0690539819832	0.165647237361	NA	NA	NA	2	1	1	NA	NA	NA	NA	NA	NA	NA	3	1	2	2	1	1	NA	NA	NA	3	1	2
12	54616484	54631873	3	2	1	2	d	4	1.74	0.93	0.05	0.1	NA	NA	NA	2	1	1	NA	NA	NA	NA	NA	NA	NA	3	1	2	2	1	1	NA	NA	NA	3	1	2
12	54631874	64302144	3	2	1	2	d	4	1.74	0.93	0.0683591688397	0.156370412479	NA	NA	NA	2	1	1	NA	NA	NA	NA	NA	NA	NA	3	1	2	2	1	1	NA	NA	NA	3	1	2
12	64302145	65004647	4	2	2	2	d	4	1.74	1.74	0.0354131548723	0.208735064596	NA	NA	NA	2	2	1	NA	NA	NA	NA	NA	NA	NA	4	2	2	2	2	1	NA	NA	NA	4	2	2
12	65004648	66241371	3	2	1	2	d	4	1.81	1	0.0742396205418	0.152342760199	NA	NA	NA	2	1	1	NA	NA	NA	NA	NA	NA	NA	3	1	2	2	1	1	NA	NA	NA	3	1	2
12	66241372	66446021	4	2	2	3	b	5	2	2	0.0430168961184	0.175458680245	NA	NA	NA	2	2	1	NA	NA	NA	NA	NA	NA	NA	4	2	2	2	2	1	NA	NA	NA	4	2	2
12	66446022	66451370	3	2	1	2	d	3	1.74	0.88	0.05	0.1	NA	NA	NA	NA	NA	NA	NA	NA	NA	NA	NA	NA	NA	3	1	2	2	1	1	NA	NA	NA	3	1	2
12	66451371	98751490	3	2	1	2	d	4	1.74	0.88	0.0679428493777	0.162813445572	NA	NA	NA	2	1	1	NA	NA	NA	NA	NA	NA	NA	3	1	2	2	1	1	NA	NA	NA	3	1	2
12	98751491	99227962	4	3	1	2	d	4	2.61	1	0.05381991678	0.179876876679	NA	NA	NA	3	1	1	NA	NA	NA	NA	NA	NA	NA	4	1	3	3	1	1	NA	NA	NA	4	1	3
12	99227963	100819911	3	2	1	2	d	4	1.67	0.88	0.0538924316926	0.169387633462	NA	NA	NA	2	1	1	NA	NA	NA	NA	NA	NA	NA	3	1	2	2	1	1	NA	NA	NA	3	1	2
12	100819912	101223904	4	2	2	2	d	4	1.74	1.74	0.0354815193821	0.173988186639	NA	NA	NA	2	2	1	NA	NA	NA	NA	NA	NA	NA	4	2	2	2	2	1	NA	NA	NA	4	2	2
12	101223905	109441590	3	2	1	2	d	4	1.67	0.88	0.0698707598732	0.14754869918	NA	NA	NA	2	1	1	NA	NA	NA	NA	NA	NA	NA	3	1	2	2	1	1	NA	NA	NA	3	1	2
12	109441591	109655382	4	2	2	2	d	4	1.74	1.74	0.0383991692425	0.218646664453	NA	NA	NA	2	2	1	NA	NA	NA	NA	NA	NA	NA	4	2	2	2	2	1	NA	NA	NA	4	2	2
12	109655383	110330150	5	3	2	3	b	5	3	2	0.053448776789	0.220819560897	NA	NA	NA	3	2	1	NA	NA	NA	NA	NA	NA	NA	5	2	3	3	2	1	NA	NA	NA	5	2	3
12	110330151	110471891	4	2	2	3	b	5	2	2	0.05	0.225862756242	NA	NA	NA	2	2	1	NA	NA	NA	NA	NA	NA	NA	4	2	2	2	2	1	NA	NA	NA	4	2	2
12	110471892	123495012	3	2	1	2	d	4	1.81	0.93	0.0691807068454	0.164272193007	NA	NA	NA	2	1	1	NA	NA	NA	NA	NA	NA	NA	3	1	2	2	1	1	NA	NA	NA	3	1	2
12	123495013	123702312	4	2	2	2	d	3	NA	NA	NA	NA	NA	NA	NA	2	2	1	NA	NA	NA	NA	NA	NA	NA	4	2	2	2	1	1	NA	NA	NA	4	2	2
12	123702313	132438136	3	2	1	2	d	4	1.74	0.88	0.0694611044814	0.171307363925	NA	NA	NA	2	1	1	NA	NA	NA	NA	NA	NA	NA	3	1	2	2	1	1	NA	NA	NA	3	1	2
12	132438137	132438198	3	2	1	2	d	2	NA	NA	NA	NA	NA	NA	NA	NA	NA	NA	NA	NA	NA	NA	NA	NA	NA	NA	NA	NA	2	1	1	NA	NA	NA	3	1	2
12	132438199	132956492	4	2	2	1	g	NA	NA	NA	NA	NA	NA	NA	NA	3	2	1	NA	NA	NA	NA	NA	NA	NA	4	2	2	3	2	1	NA	NA	NA	4	2	2
12	132956493	133796867	3	2	1	2	d	3	NA	NA	NA	NA	NA	NA	NA	2	1	1	NA	NA	NA	NA	NA	NA	NA	3	1	2	2	1	1	NA	NA	NA	1	0	1
13	1	16299999	2	1	1	1	g	NA	NA	NA	NA	NA	NA	NA	NA	NA	NA	NA	NA	NA	NA	NA	NA	NA	NA	NA	NA	NA	NA	NA	NA	NA	NA	NA	2	1	1
13	16300000	19499999	2	1	1	2	d	4	1	1	0.05	0.3613384013	NA	NA	NA	1	1	1	NA	NA	NA	NA	NA	NA	NA	2	1	1	2	1	0.394412	1	1	0.605588	2	1	1
13	19500000	92248271	2	1	1	3	b	5	1	1	0.0521313697744	0.143981846333	NA	NA	NA	1	1	1	NA	NA	NA	NA	NA	NA	NA	2	1	1	1	1	1	NA	NA	NA	2	1	1
13	92248272	92250196	2	1	1	2	d	4	1	1	0.05	0.1	NA	NA	NA	1	1	1	NA	NA	NA	NA	NA	NA	NA	NA	NA	NA	1	1	1	NA	NA	NA	2	1	1
13	92250197	114142800	2	1	1	3	b	5	1	1	0.0527645608569	0.13741194128	NA	NA	NA	1	1	1	NA	NA	NA	NA	NA	NA	NA	2	1	1	1	1	1	NA	NA	NA	2	1	1
13	114142801	115169877	2	1	1	2	d	3	NA	NA	NA	NA	NA	NA	NA	1	1	0.909129735476659	2	1	0.0908702645233408	0.0208976874418053	0.0202845555341063	0.88238819594258	0.961968609309494	2	1	1	1	1	1	NA	NA	NA	2	1	1
14	1	16099999	NA	NA	NA	NA	NA	NA	NA	NA	NA	NA	NA	NA	NA	NA	NA	NA	NA	NA	NA	NA	NA	NA	NA	NA	NA	NA	NA	NA	NA	NA	NA	NA	NA	NA	NA
14	16100000	19099999	3	2	1	1	h	1	2	1	0.05	0.19374736701	NA	NA	NA	NA	NA	NA	NA	NA	NA	NA	NA	NA	NA	NA	NA	NA	NA	NA	NA	NA	NA	NA	NA	NA	NA
14	19100000	19604340	5	4	1	1	h	1	2	1	0.05	1.46670623962	NA	NA	NA	NA	NA	NA	NA	NA	NA	NA	NA	NA	NA	NA	NA	NA	4	1	1	NA	NA	NA	NA	NA	NA
14	19604341	19844802	7	5	2	1	h	1	2	1	0.05	0.768551353092	NA	NA	NA	NA	NA	NA	NA	NA	NA	NA	NA	NA	NA	NA	NA	NA	5	2	1	NA	NA	NA	NA	NA	NA
14	19844803	19845001	7	5	2	1	h	1	2	1	0.05	0.1	NA	NA	NA	NA	NA	NA	NA	NA	NA	NA	NA	NA	NA	NA	NA	NA	5	2	1	NA	NA	NA	NA	NA	NA
14	19845002	20451280	7	5	2	1	h	1	2	1	0.05	0.296852168691	NA	NA	NA	NA	NA	NA	NA	NA	NA	NA	NA	NA	NA	NA	NA	NA	5	2	1	NA	NA	NA	NA	NA	NA
14	20451281	22744614	2	1	1	3	b	5	1	1	0.0490784879833	0.132865090332	NA	NA	NA	1	1	1	NA	NA	NA	NA	NA	NA	NA	2	1	1	1	1	1	NA	NA	NA	2	1	1
14	22744615	24020211	1	1	0	3	b	5	1	0	0.079052654997	0.0784707865777	NA	NA	NA	1	0	1	NA	NA	NA	NA	NA	NA	NA	1	0	1	1	0	1	NA	NA	NA	1	0	1
14	24020212	33301713	2	1	1	3	b	5	1	1	0.0523189306103	0.139327256479	NA	NA	NA	1	1	1	NA	NA	NA	NA	NA	NA	NA	2	1	1	1	1	1	NA	NA	NA	2	1	1
14	33301714	33492751	1	1	0	3	b	5	1	0	0.0914875217392	0.0827179457061	NA	NA	NA	1	0	1	NA	NA	NA	NA	NA	NA	NA	1	0	1	1	0	1	NA	NA	NA	1	0	1
14	33492752	50938270	2	1	1	3	b	5	1	1	0.0508798587355	0.141100240576	NA	NA	NA	1	1	1	NA	NA	NA	NA	NA	NA	NA	2	1	1	1	1	1	NA	NA	NA	2	1	1
14	50938271	56622490	3	2	1	3	b	5	2	1	0.0676484346304	0.184527324309	NA	NA	NA	2	1	1	NA	NA	NA	NA	NA	NA	NA	3	1	2	2	1	1	NA	NA	NA	3	1	2
14	56622491	56623541	3	2	1	2	d	3	2	1	0.05	0.1	NA	NA	NA	0	0	0.941674920715693	1	0	0.0583250792843065	NA	0	0.941674920715693	0.941674920715693	3	1	2	2	1	1	NA	NA	NA	2	1	1
14	56623542	67157180	3	2	1	3	b	5	2	1	0.0688978722253	0.163690433091	NA	NA	NA	2	1	1	NA	NA	NA	NA	NA	NA	NA	3	1	2	2	1	1	NA	NA	NA	3	1	2
14	67157181	76537852	3	2	1	3	b	5	2	1	0.0649142345467	0.211763428972	NA	NA	NA	2	1	1	NA	NA	NA	NA	NA	NA	NA	3	1	2	2	1	1	NA	NA	NA	3	1	2
14	76537853	76703331	7	6	1	2	d	4	6	1	0.0288589198991	0.309921160884	NA	NA	NA	6	1	1	NA	NA	NA	NA	NA	NA	NA	7	1	6	6	1	1	NA	NA	NA	6	1	5
14	76703332	77514895	8	7	1	1	g	NA	17	1	0.0378182086947	0.441878810777	NA	NA	NA	8	1	1	NA	NA	NA	NA	NA	NA	NA	8	1	7	8	1	1	NA	NA	NA	8	1	7
14	77514896	78609655	7	6	1	2	d	4	6	1	0.041817739763	0.321430563711	NA	NA	NA	6	1	1	NA	NA	NA	NA	NA	NA	NA	7	1	6	6	1	1	NA	NA	NA	6	1	5
14	78609656	80326909	3	2	1	3	b	5	2	1	0.0638628854322	0.178709794145	NA	NA	NA	2	1	1	NA	NA	NA	NA	NA	NA	NA	3	1	2	2	1	1	NA	NA	NA	3	1	2
14	80326910	80364954	7	6	1	2	d	3	6	1	0.05	0.1	NA	NA	NA	6	1	1	NA	NA	NA	NA	NA	NA	NA	7	1	6	2	1	1	NA	NA	NA	6	1	5
14	80364955	84695891	3	2	1	2	d	4	2.07	1	0.0650884859205	0.171414847378	NA	NA	NA	2	1	1	NA	NA	NA	NA	NA	NA	NA	3	1	2	2	1	1	NA	NA	NA	3	1	2
14	84695892	85700946	2	2	0	3	b	5	2	0	0.0476895722884	0.144634469096	NA	NA	NA	2	0	1	NA	NA	NA	NA	NA	NA	NA	2	0	2	2	0	1	NA	NA	NA	2	0	2
14	85700947	88956019	3	2	1	3	b	5	2	1	0.0710467691807	0.182724967158	NA	NA	NA	2	1	1	NA	NA	NA	NA	NA	NA	NA	3	1	2	2	1	1	NA	NA	NA	3	1	2
14	88956020	88983973	2	2	0	1	g	NA	NA	NA	NA	NA	NA	NA	NA	1	1	1	NA	NA	NA	NA	NA	NA	NA	2	0	2	2	1	1	NA	NA	NA	2	0	2
14	88983974	106368400	3	2	1	3	b	5	2	1	0.0684206523818	0.295354471496	NA	NA	NA	2	1	1	NA	NA	NA	NA	NA	NA	NA	3	1	2	2	1	1	NA	NA	NA	3	1	2
15	1	15799999	2	1	1	1	g	NA	NA	NA	NA	NA	NA	NA	NA	NA	NA	NA	NA	NA	NA	NA	NA	NA	NA	NA	NA	NA	NA	NA	NA	NA	NA	NA	2	1	1
15	15800000	20699999	2	1	1	2	d	3	1	1	0.05	0.412655696495	NA	NA	NA	1	1	1	NA	NA	NA	NA	NA	NA	NA	NA	NA	NA	2	1	1	NA	NA	NA	2	1	1
15	20700000	22708001	2	1	1	2	d	3	1	1	0.05	0.502928124394	NA	NA	NA	1	1	1	NA	NA	NA	NA	NA	NA	NA	NA	NA	NA	2	1	1	NA	NA	NA	2	1	1
15	22708002	88584407	2	1	1	3	b	5	1	1	0.0532400287608	0.139497451391	NA	NA	NA	1	1	1	NA	NA	NA	NA	NA	NA	NA	2	1	1	1	1	1	NA	NA	NA	2	1	1
15	88584408	88882225	1	1	0	3	b	5	1	0	0.0696288607288	0.0809951827489	NA	NA	NA	1	0	1	NA	NA	NA	NA	NA	NA	NA	1	0	1	1	0	1	NA	NA	NA	1	0	1
15	88882226	91488011	2	1	1	3	b	5	1	1	0.046227847851	0.121720009872	NA	NA	NA	1	1	1	NA	NA	NA	NA	NA	NA	NA	2	1	1	1	1	1	NA	NA	NA	2	1	1
15	91488012	91502715	2	1	1	2	d	3	1	1	0.05	0.1	NA	NA	NA	2	1	1	NA	NA	NA	NA	NA	NA	NA	2	1	1	1	1	1	NA	NA	NA	3	1	2
15	91502716	100338800	2	1	1	3	b	5	1	1	0.0505761520798	0.123124393082	NA	NA	NA	1	1	1	NA	NA	NA	NA	NA	NA	NA	2	1	1	1	1	1	NA	NA	NA	2	1	1
15	100338801	102531391	2	1	1	2	d	4	NA	NA	NA	NA	NA	NA	NA	1	1	1	NA	NA	NA	NA	NA	NA	NA	2	1	1	1	1	1	NA	NA	NA	2	1	1
16	83807	6003613	3	2	1	2	d	4	2.2	1.12	0.0693301354052	0.252266697471	NA	NA	NA	2	1	1	NA	NA	NA	NA	NA	NA	NA	3	1	2	2	1	1	NA	NA	NA	3	1	2
16	6003614	6343819	4	2	2	3	b	5	2	2	0.0444949956446	0.273703206305	NA	NA	NA	2	2	1	NA	NA	NA	NA	NA	NA	NA	4	2	2	2	2	1	NA	NA	NA	4	2	2
16	6343820	14897401	3	2	1	3	b	5	2	1	0.0673621920055	0.17352994756	NA	NA	NA	2	1	1	NA	NA	NA	NA	NA	NA	NA	3	1	2	2	1	1	NA	NA	NA	3	1	2
16	14897402	15325463	4	2	2	2	d	3	2	2	0.05	0.243450565313	NA	NA	NA	2	2	1	NA	NA	NA	NA	NA	NA	NA	NA	NA	NA	2	1	1	NA	NA	NA	4	2	2
16	15325464	17078410	4	2	2	3	b	5	2	2	0.0332166180514	0.308218395366	NA	NA	NA	2	2	1	NA	NA	NA	NA	NA	NA	NA	4	2	2	2	2	1	NA	NA	NA	4	2	2
16	17078411	18813123	5	3	2	2	d	3	3	2	0.0507199888033	0.350023809847	NA	NA	NA	2	2	0.138137215979508	3	2	0.861862784020492	0.0299067100765993	0.0298083366969454	0.0860630698009806	0.20623443851127	5	2	3	3	2	1	NA	NA	NA	4	2	2
16	18813124	34599999	3	2	1	3	b	5	2	1	0.0714855707115	0.243910372098	NA	NA	NA	2	1	1	NA	NA	NA	NA	NA	NA	NA	3	1	2	2	1	1	NA	NA	NA	3	1	2
16	34600000	38599999	3	2	1	2	d	4	1.46	1.46	0.05	0.230623516811	NA	NA	NA	2	1	1	NA	NA	NA	NA	NA	NA	NA	3	1	2	2	1	1	NA	NA	NA	3	1	2
16	38600000	78548020	3	2	1	3	b	5	2	1	0.0687253109451	0.182750106478	NA	NA	NA	2	1	1	NA	NA	NA	NA	NA	NA	NA	3	1	2	2	1	1	NA	NA	NA	3	1	2
16	78548021	87964145	3	2	1	3	b	5	2	1	0.0696145376388	0.205944254696	NA	NA	NA	2	1	1	NA	NA	NA	NA	NA	NA	NA	3	1	2	2	1	1	NA	NA	NA	3	1	2
16	87964146	88850014	3	2	1	2	d	4	2	1	0.0662417958132	0.22359256149	NA	NA	NA	2	1	1	NA	NA	NA	NA	NA	NA	NA	2	1	1	2	1	1	NA	NA	NA	3	1	2
16	88850015	90114383	3	2	1	2	d	4	NA	NA	NA	NA	NA	NA	NA	2	1	1	NA	NA	NA	NA	NA	NA	NA	3	1	2	2	1	1	NA	NA	NA	3	1	2
17	12500	22199999	2	2	0	2	d	4	2.07	0	0.0511956818324	0.151995555598	NA	NA	NA	2	0	1	NA	NA	NA	NA	NA	NA	NA	2	0	2	2	0	1	NA	NA	NA	2	0	2
17	22200000	25799999	2	2	0	2	d	3	2.07	0	0.0430307911442	0.157708793325	NA	NA	NA	NA	NA	NA	NA	NA	NA	NA	NA	NA	NA	2	0	2	2	0	1	NA	NA	NA	2	0	2
17	25800000	26888303	2	2	0	2	d	4	2.07	0	0.0462305750278	0.125104063097	NA	NA	NA	2	0	1	NA	NA	NA	NA	NA	NA	NA	2	0	2	2	0	1	NA	NA	NA	2	0	2
17	26888304	27084151	4	4	0	2	d	4	4	0	0.05	0.196010791893	NA	NA	NA	5	0	1	NA	NA	NA	NA	NA	NA	NA	4	0	4	4	0	1	NA	NA	NA	4	0	4
17	27084152	27513840	3	3	0	3	b	5	3	0	0.034963508996	0.174835317537	NA	NA	NA	3	0	1	NA	NA	NA	NA	NA	NA	NA	3	0	3	3	0	1	NA	NA	NA	3	0	3
17	27513841	28612979	2	2	0	3	b	5	2	0	0.058319934801	0.133704807029	NA	NA	NA	2	0	1	NA	NA	NA	NA	NA	NA	NA	2	0	2	2	0	1	NA	NA	NA	2	0	2
17	28612980	29484591	3	3	0	3	b	5	3	0	0.05	0.14257098234	NA	NA	NA	3	0	1	NA	NA	NA	NA	NA	NA	NA	3	0	3	3	0	1	NA	NA	NA	3	0	3
17	29484592	29932229	4	4	0	3	b	5	4	0	0.0264413964666	0.206859396559	NA	NA	NA	4	0	1	NA	NA	NA	NA	NA	NA	NA	4	0	4	4	0	1	NA	NA	NA	4	0	4
17	29932230	30338756	7	7	0	1	g	NA	16	0	0.0188799078297	0.491101785061	NA	NA	NA	9	0	1	NA	NA	NA	NA	NA	NA	NA	7	0	7	8	0	1	NA	NA	NA	7	0	7
17	30338757	30991957	6	6	0	2	e	3	6.81	0	0.0178435873571	0.666087853488	NA	NA	NA	7	0	1	NA	NA	NA	NA	NA	NA	NA	6	0	6	7	0	1	NA	NA	NA	6	0	6
17	30991958	31013564	6	6	0	1	g	NA	NA	NA	NA	NA	NA	NA	NA	17	0	1	NA	NA	NA	NA	NA	NA	NA	8	0	8	23	0	1	NA	NA	NA	6	0	6
17	31013565	31017425	14	14	0	1	g	NA	NA	NA	NA	NA	NA	NA	NA	20	0	1	NA	NA	NA	NA	NA	NA	NA	NA	NA	NA	23	0	1	NA	NA	NA	14	0	14
17	31017426	31104014	22	22	0	1	g	NA	45	0	0.05	0.927226276225	NA	NA	NA	22	0	1	NA	NA	NA	NA	NA	NA	NA	8	0	8	23	0	1	NA	NA	NA	22	0	22
17	31104015	31113090	21	21	0	1	g	NA	45	0	0.05	0.1	NA	NA	NA	23	0	0.688758485137519	23	1	0.311241514862481	NA	0	0.688758485137519	0.688758485137519	NA	NA	NA	2	0	1	NA	NA	NA	21	0	21
17	31113091	31115086	11	11	0	1	g	NA	NA	NA	NA	NA	NA	NA	NA	11	0	0.871987832202737	11	1	0.128012167797263	NA	0	0.871987832202737	0.871987832202737	NA	NA	NA	2	0	1	NA	NA	NA	11	0	11
17	31115087	31117276	11	11	0	1	g	NA	NA	NA	NA	NA	NA	NA	NA	NA	NA	NA	NA	NA	NA	NA	NA	NA	NA	NA	NA	NA	2	0	1	NA	NA	NA	11	0	11
17	31117277	36274994	2	2	0	3	b	5	2	0	0.0532204055025	0.153543955476	NA	NA	NA	2	0	1	NA	NA	NA	NA	NA	NA	NA	2	0	2	2	0	1	NA	NA	NA	2	0	2
17	36274995	41409999	2	2	0	3	b	5	2	0	0.0548517419292	0.310880311851	NA	NA	NA	2	0	1	NA	NA	NA	NA	NA	NA	NA	2	0	2	2	0	1	NA	NA	NA	2	0	2
17	41410000	56751225	3	3	0	2	d	3	3.45	0	0.0498090976278	0.254566402738	NA	NA	NA	4	0	1	NA	NA	NA	NA	NA	NA	NA	3	0	3	3	0	1	NA	NA	NA	3	0	3
17	56751226	56790163	4	4	0	2	d	2	3.45	0	0.05	0.1	NA	NA	NA	7	0	0.416632679405966	7	1	0.583367320594034	NA	0	0.416632679405966	0.416632679405966	NA	NA	NA	4	0	1	NA	NA	NA	4	0	4
17	56790164	57440352	4	4	0	2	d	4	3.45	0	0.05	0.211841685924	NA	NA	NA	4	0	1	NA	NA	NA	NA	NA	NA	NA	4	0	4	4	0	1	NA	NA	NA	4	0	4
17	57440353	58779863	5	5	0	2	d	3	5.27	0	0.05	0.231513051089	NA	NA	NA	6	0	1	NA	NA	NA	NA	NA	NA	NA	5	0	5	5	0	1	NA	NA	NA	5	0	5
17	58779864	58783560	5	5	0	2	d	2	NA	NA	NA	NA	NA	NA	NA	NA	NA	NA	NA	NA	NA	NA	NA	NA	NA	NA	NA	NA	5	0	1	NA	NA	NA	5	0	5
17	58783561	60098838	4	4	0	3	b	5	4	0	0.0347313051537	0.210362683747	NA	NA	NA	4	0	1	NA	NA	NA	NA	NA	NA	NA	4	0	4	4	0	1	NA	NA	NA	4	0	4
17	60098839	60150382	2	2	0	2	f	2	NA	NA	NA	NA	NA	NA	NA	1	0	0.366897780039436	2	0	0.633102219960564	0.392583414595814	0.25050417997984	0.206933880784465	1.18498777614884	NA	NA	NA	2	0	1	NA	NA	NA	3	0	3
17	60150383	80055681	4	4	0	2	d	4	4.07	0	0.0304174242755	0.276452797175	NA	NA	NA	4	0	1	NA	NA	NA	NA	NA	NA	NA	4	0	4	4	0	1	NA	NA	NA	4	0	4
17	80055682	81195209	2	2	0	2	d	2	NA	NA	NA	NA	NA	NA	NA	NA	NA	NA	NA	NA	NA	NA	NA	NA	NA	2	0	2	2	0	1	NA	NA	NA	4	0	4
18	27500	125784	2	1	1	2	f	2	1.45	1	0.05	0.518030860473	NA	NA	NA	NA	NA	NA	NA	NA	NA	NA	NA	NA	NA	NA	NA	NA	2	1	1	NA	NA	NA	2	1	1
18	125785	15229601	2	1	1	2	d	2	1.45	1	0.0621694222209	0.157095889203	NA	NA	NA	1	1	0.522931111252462	2	1	0.477068888747538	0.00561745739192859	0.0057870213191649	0.524302633166224	0.547402334586396	2	1	1	2	1	0.44391	1	1	0.55609	2	1	1
18	15229602	18999999	2	1	1	2	d	3	1.45	1	0.05	0.165762179204	NA	NA	NA	2	1	1	NA	NA	NA	NA	NA	NA	NA	2	1	1	1	1	1	NA	NA	NA	2	1	1
18	19000000	20523414	2	1	1	2	d	2	1.45	1	0.0606796463941	0.146396247837	NA	NA	NA	1	1	0.57593876555775	2	1	0.42406123444225	0.0250104058145544	0.0238930819896113	0.542636512212764	0.635805611772156	2	1	1	2	1	0.410066	1	1	0.589934	2	1	1
18	20523415	21019889	3	2	1	3	b	5	2	1	0.0632590458148	0.184330427421	NA	NA	NA	2	1	1	NA	NA	NA	NA	NA	NA	NA	3	1	2	2	1	1	NA	NA	NA	3	1	2
18	21019890	71249209	2	1	1	3	b	5	1	1	0.0523619854262	0.135563944764	NA	NA	NA	1	1	1	NA	NA	NA	NA	NA	NA	NA	2	1	1	1	1	1	NA	NA	NA	2	1	1
18	71249210	71834663	2	1	1	2	d	2	1.32	1	0.0628595966922	0.139097950149	NA	NA	NA	1	1	0.476159651571331	2	1	0.523840348428669	0.0276529023997532	0.0273452157972634	0.436774165250501	0.545689482987379	2	1	1	2	1	0.45628	1	1	0.54372	2	1	1
18	71834664	71836364	2	1	1	1	g	NA	NA	NA	NA	NA	NA	NA	NA	NA	NA	NA	NA	NA	NA	NA	NA	NA	NA	NA	NA	NA	2	1	1	NA	NA	NA	2	1	1
18	71836365	76117000	3	2	1	3	b	5	2	1	0.0671207380255	0.177508433088	NA	NA	NA	2	1	1	NA	NA	NA	NA	NA	NA	NA	3	1	2	2	1	1	NA	NA	NA	3	1	2
18	76117001	78077247	3	2	1	2	d	4	NA	NA	NA	NA	NA	NA	NA	2	1	1	NA	NA	NA	NA	NA	NA	NA	3	1	2	2	1	1	NA	NA	NA	3	1	2
19	102500	260136	2	1	1	2	d	3	1	1	0.05	0.1	NA	NA	NA	2	1	1	NA	NA	NA	NA	NA	NA	NA	NA	NA	NA	1	1	1	NA	NA	NA	2	1	1
19	260137	2469653	2	1	1	3	b	5	1	1	0.0561058743748	0.164572463224	NA	NA	NA	1	1	1	NA	NA	NA	NA	NA	NA	NA	2	1	1	1	1	1	NA	NA	NA	2	1	1
19	2469654	2490690	3	2	1	2	d	4	1	1	0.05	0.1	NA	NA	NA	2	1	1	NA	NA	NA	NA	NA	NA	NA	3	1	2	2	1	1	NA	NA	NA	3	1	2
19	2490691	24399999	2	1	1	2	d	4	1	1	0.0530614715974	0.163480302518	NA	NA	NA	1	1	0.944687665072751	2	1	0.0553123349272485	0.00433716627668368	0.00423627679453126	0.939886384735353	0.956541362886533	2	1	1	1	1	1	NA	NA	NA	2	1	1
19	24400000	28599999	NA	NA	NA	NA	NA	NA	1.86	1	0.05	0.3374077233	NA	NA	NA	NA	NA	NA	NA	NA	NA	NA	NA	NA	NA	3	1	2	2	1	1	NA	NA	NA	3	1	2
19	28600000	34466395	3	2	1	2	d	4	1.86	1	0.0679672466791	0.186870736363	NA	NA	NA	2	1	1	NA	NA	NA	NA	NA	NA	NA	3	1	2	2	1	1	NA	NA	NA	3	1	2
19	34466396	42360397	2	1	1	3	b	5	1	1	0.0574569782791	0.163401263582	NA	NA	NA	1	1	1	NA	NA	NA	NA	NA	NA	NA	2	1	1	1	1	1	NA	NA	NA	2	1	1
19	42360398	59128982	2	1	1	3	b	5	1	1	0.0589600213724	0.211971055178	NA	NA	NA	1	1	1	NA	NA	NA	NA	NA	NA	NA	2	1	1	1	1	1	NA	NA	NA	2	1	1
20	17500	15147188	2	2	0	2	d	4	2	0	0.0526272020385	0.129082755885	NA	NA	NA	NA	NA	NA	NA	NA	NA	NA	NA	NA	NA	2	0	2	2	0	1	NA	NA	NA	2	0	2
20	15147189	16454855	3	2	1	2	e	3	2	0.49	0.0701771236021	0.171797456872	NA	NA	NA	NA	NA	NA	NA	NA	NA	NA	NA	NA	NA	3	1	2	2	0	0.499981	2	1	0.500019	2	0	2
20	16454856	16771055	2	2	0	2	d	4	2	0	0.0572211181746	0.100712172991	NA	NA	NA	NA	NA	NA	NA	NA	NA	NA	NA	NA	NA	2	0	2	2	0	1	NA	NA	NA	2	0	2
20	16771056	18301268	2	2	0	2	d	2	2	0.49	0.0723396821162	0.137410368103	NA	NA	NA	NA	NA	NA	NA	NA	NA	NA	NA	NA	NA	2	0	2	2	0	0.499981	2	1	0.500019	2	0	2
20	18301269	22475836	2	2	0	2	d	4	1.86	0	0.0491563834551	0.115607926404	NA	NA	NA	2	0	1	NA	NA	NA	NA	NA	NA	NA	2	0	2	2	0	1	NA	NA	NA	2	0	2
20	22475837	25599999	2	2	0	2	d	2	2	0.49	0.0687139821761	0.162009255818	NA	NA	NA	2	0	0.491543529550066	2	1	0.508456470449934	0.00659064238941368	0.00658975190586311	0.477925652920027	0.504638359829346	2	0	2	2	0	0.499981	2	1	0.500019	2	0	2
20	25600000	29502499	NA	NA	NA	NA	NA	NA	2	0.49	0.0644421410402	0.319421707699	NA	NA	NA	NA	NA	NA	NA	NA	NA	NA	NA	NA	NA	2	1	1	2	0	0.499981	2	1	0.500019	3	1	2
20	29502500	29825215	3	2	1	2	e	4	2	0.49	0.05	0.168788190899	NA	NA	NA	2	0	0.38306834115542	2	1	0.61693165884458	0.0394616957819048	0.0401260060950319	0.265107590574992	0.426772591126299	NA	NA	NA	2	0	0.259552	2	1	0.740448	3	1	2
20	29825216	62432500	3	2	1	2	d	2	1.81	1.45	0.0532601317828	0.20876268657	NA	NA	NA	2	1	0.473371604859743	2	2	0.526628395140257	0.0040268134999297	0.00408414929319246	0.459862229864675	0.475386800540693	3	1	2	2	2	1	NA	NA	NA	3	1	2
21	1	9417499	NA	NA	NA	NA	NA	NA	NA	NA	NA	NA	NA	NA	NA	NA	NA	NA	NA	NA	NA	NA	NA	NA	NA	NA	NA	NA	NA	NA	NA	NA	NA	NA	NA	NA	NA
21	9417500	10899999	NA	NA	NA	NA	NA	NA	NA	NA	NA	NA	NA	NA	NA	NA	NA	NA	NA	NA	NA	NA	NA	NA	NA	NA	NA	NA	NA	NA	NA	NA	NA	NA	NA	NA	NA
21	10900000	14797549	2	2	0	1	h	1	NA	NA	NA	NA	NA	NA	NA	NA	NA	NA	NA	NA	NA	NA	NA	NA	NA	NA	NA	NA	2	0	0.586728	2	1	0.413272	NA	NA	NA
21	14797550	14956959	4	3	1	2	f	2	3	1	0.05	0.26232252549	NA	NA	NA	NA	NA	NA	NA	NA	NA	NA	NA	NA	NA	NA	NA	NA	3	2	0.280764	3	1	0.719236	NA	NA	NA
21	14956960	15815799	2	1	1	2	d	3	1	0.8	0.070766646445	0.1317755411	NA	NA	NA	1	0	0.246513105142902	1	1	0.753486894857098	0.0178911777301965	0.018191643193552	0.202709566853836	0.273774621693658	2	1	1	1	1	1	NA	NA	NA	2	1	1
21	15815800	15818266	3	2	1	2	d	2	1	0.8	0.05	0.1	NA	NA	NA	2	1	1	NA	NA	NA	NA	NA	NA	NA	NA	NA	NA	1	1	1	NA	NA	NA	3	1	2
21	15818267	16973474	2	1	1	2	d	3	1	0.8	0.0614426799603	0.108312026464	NA	NA	NA	1	0	0.221249339709003	1	1	0.778750660290997	0.0142327060971123	0.0146856162461203	0.178582807744963	0.235715387246569	2	1	1	1	1	1	NA	NA	NA	2	1	1
21	16973475	24775921	1	1	0	3	b	5	1	0	0.0784062250245	0.0867769986362	NA	NA	NA	1	0	1	NA	NA	NA	NA	NA	NA	NA	1	0	1	1	0	1	NA	NA	NA	1	0	1
21	24775922	46937500	2	2	0	3	b	5	2	0	0.0507892441407	0.142237586147	NA	NA	NA	2	0	1	NA	NA	NA	NA	NA	NA	NA	2	0	2	2	0	1	NA	NA	NA	2	0	2
21	46937501	48129894	2	2	0	2	d	4	NA	NA	NA	NA	NA	NA	NA	2	0	1	NA	NA	NA	NA	NA	NA	NA	2	0	2	2	0	1	NA	NA	NA	2	0	2
22	1	12199999	1	1	0	2	d	2	NA	NA	NA	NA	NA	NA	NA	NA	NA	NA	NA	NA	NA	NA	NA	NA	NA	1	0	1	NA	NA	NA	NA	NA	NA	1	0	1
22	12200000	17899999	1	1	0	2	d	4	1.12	0	0.0801913086791	0.296243663455	NA	NA	NA	1	0	1	NA	NA	NA	NA	NA	NA	NA	1	0	1	1	0	1	NA	NA	NA	1	0	1
22	17900000	20962228	1	1	0	2	d	4	1.12	0	0.0866765131252	0.116898283031	NA	NA	NA	1	0	1	NA	NA	NA	NA	NA	NA	NA	1	0	1	1	0	1	NA	NA	NA	1	0	1
22	20962229	20964159	3	3	0	1	g	NA	5.45	0	0.05	0.1	NA	NA	NA	3	0	1	NA	NA	NA	NA	NA	NA	NA	4	0	4	5	0	1	NA	NA	NA	3	0	3
22	20964160	21386594	5	5	0	2	d	3	5.45	0	0.0193120046472	0.32493252622	NA	NA	NA	6	0	1	NA	NA	NA	NA	NA	NA	NA	5	0	5	5	0	1	NA	NA	NA	5	0	5
22	21386595	21418688	3	3	0	2	e	2	3.2	0	0.05	0.1	NA	NA	NA	6	0	1	NA	NA	NA	NA	NA	NA	NA	3	0	3	4	0	1	NA	NA	NA	4	0	4
22	21418689	24293001	3	3	0	2	d	4	3.2	0	0.0384496975729	0.290226591062	NA	NA	NA	3	0	1	NA	NA	NA	NA	NA	NA	NA	3	0	3	3	0	1	NA	NA	NA	3	0	3
22	24293002	24347200	3	3	0	2	d	2	3.2	0	0.05	0.1	NA	NA	NA	4	0	1	NA	NA	NA	NA	NA	NA	NA	NA	NA	NA	3	0	1	NA	NA	NA	3	0	3
22	24347201	25945886	3	3	0	2	d	4	3.2	0	0.0349058892869	0.204552380582	NA	NA	NA	3	0	1	NA	NA	NA	NA	NA	NA	NA	3	0	3	3	0	1	NA	NA	NA	3	0	3
22	25945887	29065528	3	3	0	2	d	4	3.2	0	0.0391198272992	0.19905644955	NA	NA	NA	3	0	1	NA	NA	NA	NA	NA	NA	NA	3	0	3	3	0	1	NA	NA	NA	3	0	3
22	29065529	29065910	3	3	0	2	d	3	3.2	0	0.05	0.1	NA	NA	NA	3	0	1	NA	NA	NA	NA	NA	NA	NA	NA	NA	NA	3	0	1	NA	NA	NA	3	0	3
22	29065911	36125664	3	3	0	2	d	4	3.2	0	0.0392268211677	0.181190602816	NA	NA	NA	3	0	1	NA	NA	NA	NA	NA	NA	NA	3	0	3	3	0	1	NA	NA	NA	3	0	3
22	36125665	38429698	2	2	0	2	d	4	2.2	0	0.0535039088439	0.146845954913	NA	NA	NA	2	0	1	NA	NA	NA	NA	NA	NA	NA	2	0	2	2	0	1	NA	NA	NA	2	0	2
22	38429699	49687500	1	1	0	2	d	4	1.12	0	0.0833025788944	0.0983222751047	NA	NA	NA	1	0	1	NA	NA	NA	NA	NA	NA	NA	1	0	1	1	0	1	NA	NA	NA	1	0	1
22	49687501	51304565	1	1	0	2	d	4	NA	NA	NA	NA	NA	NA	NA	1	0	1	NA	NA	NA	NA	NA	NA	NA	1	0	1	1	0	1	NA	NA	NA	1	0	1
X	1	17722169	1	1	0	2	d	3	1.83	0.17	0.0769951703787	0.382551818851	NA	NA	NA	1	0	1	NA	NA	NA	NA	NA	NA	NA	1	0	1	NA	NA	NA	NA	NA	NA	1	0	1
X	17722170	17843036	1	1	0	2	d	3	1.83	0.17	0.05	0.1	NA	NA	NA	1	0	1	NA	NA	NA	NA	NA	NA	NA	1	0	1	NA	NA	NA	NA	NA	NA	1	0	1
X	17843037	58099999	1	1	0	2	d	3	1.83	0.17	0.0784142932906	0.188576762508	NA	NA	NA	1	0	1	NA	NA	NA	NA	NA	NA	NA	1	0	1	NA	NA	NA	NA	NA	NA	1	0	1
X	58100000	62999999	1	1	0	2	d	2	1.83	0.17	0.05	0.322218981867	NA	NA	NA	NA	NA	NA	NA	NA	NA	NA	NA	NA	NA	1	0	1	NA	NA	NA	NA	NA	NA	1	0	1
X	63000000	90613063	1	1	0	2	d	3	1.83	0.17	0.0821546537959	0.18411572581	NA	NA	NA	1	0	1	NA	NA	NA	NA	NA	NA	NA	1	0	1	NA	NA	NA	NA	NA	NA	1	0	1
X	90613064	90634717	1	1	0	2	d	2	1.83	0.17	0.05	0.1	NA	NA	NA	NA	NA	NA	NA	NA	NA	NA	NA	NA	NA	1	0	1	NA	NA	NA	NA	NA	NA	1	0	1
X	90634718	154913600	1	1	0	2	d	3	1.83	0.17	0.0786914331644	0.200565444786	NA	NA	NA	1	0	1	NA	NA	NA	NA	NA	NA	NA	1	0	1	NA	NA	NA	NA	NA	NA	1	0	1
