chromosome	start	end	total_cn	major_cn	minor_cn	star	level	methods_agree	absolute_broad_major_cn	absolute_broad_minor_cn	absolute_broad_het_error	absolute_broad_cov_error	aceseq_copy_number	aceseq_minor_cn	aceseq_major_cn	battenberg_nMaj1_A	battenberg_nMin1_A	battenberg_frac1_A	battenberg_nMaj2_A	battenberg_nMin2_A	battenberg_frac2_A	battenberg_SDfrac_A	battenberg_SDfrac_A_BS	battenberg_frac1_A_0.025	battenberg_frac1_A_0.975	clonehd_copy_number	clonehd_minor_cn	clonehd_major_cn	sclust_nMaj1_A	sclust_nMin1_A	sclust_frac1_A	sclust_nMaj2_A	sclust_nMin2_A	sclust_frac2_A	jabba_copy_number	jabba_minor_cn	jabba_major_cn
1	10001	182499	2	1	1	2	d	2	1	1	0.05	0.1	NA	NA	NA	NA	NA	NA	NA	NA	NA	NA	NA	NA	NA	NA	NA	NA	2	1	0.721919	1	1	0.278081	2	1	1
1	182500	790008	2	1	1	2	d	2	1	1	0.05	0.25334754521	NA	NA	NA	1	0	0.297149086661209	1	1	0.702850913338791	0.0734904621420546	0.0783105016625203	0.0619077312793701	0.35667948844054	NA	NA	NA	2	1	0.721919	1	1	0.278081	2	1	1
1	790009	121499999	2	1	1	3	b	5	1	1	0.0410726915962	0.124923288014	2	1	1	1	1	1	NA	NA	NA	NA	NA	NA	NA	NA	NA	NA	1	1	1	NA	NA	NA	2	1	1
1	121500000	128899999	2	1	1	3	b	5	1	1	0.05	0.1	2	1	1	1	1	1	NA	NA	NA	NA	NA	NA	NA	NA	NA	NA	1	1	1	NA	NA	NA	2	1	1
1	128900000	168515121	2	1	1	3	b	5	1	1	0.0432203268675	0.165029521501	2	1	1	1	1	1	NA	NA	NA	NA	NA	NA	NA	NA	NA	NA	1	1	1	NA	NA	NA	2	1	1
1	168515122	168544049	2	1	1	2	d	4	1	1	0.05	0.1	2	1	1	1	1	0.811785608751216	2	1	0.188214391248784	0.107310863861183	0.113718076782939	0.46377298083746	0.915500388111819	NA	NA	NA	1	1	1	NA	NA	NA	2	1	1
1	168544050	247247500	2	1	1	3	b	5	1	1	0.0417660728276	0.117150787669	2	1	1	1	1	1	NA	NA	NA	NA	NA	NA	NA	NA	NA	NA	1	1	1	NA	NA	NA	2	1	1
1	247247501	249250620	2	1	1	2	d	4	NA	NA	NA	NA	2	1	1	1	1	1	NA	NA	NA	NA	NA	NA	NA	NA	NA	NA	1	1	1	NA	NA	NA	2	1	1
2	20016	90499999	2	1	1	3	b	5	1	1	0.0408714227872	0.121785180218	2	1	1	1	1	1	NA	NA	NA	NA	NA	NA	NA	NA	NA	NA	1	1	1	NA	NA	NA	2	1	1
2	90500000	96799999	2	1	1	3	b	5	1	1	0.0246766899293	0.206564644572	2	1	1	1	1	1	NA	NA	NA	NA	NA	NA	NA	NA	NA	NA	1	1	1	NA	NA	NA	2	1	1
2	96800000	242991535	2	1	1	3	b	5	1	1	0.0409757460677	0.127346024661	2	1	1	1	1	1	NA	NA	NA	NA	NA	NA	NA	NA	NA	NA	1	1	1	NA	NA	NA	2	1	1
3	62971	87899999	2	1	1	3	b	5	1	1	0.0402665542185	0.120334171291	2	1	1	1	1	1	NA	NA	NA	NA	NA	NA	NA	NA	NA	NA	1	1	1	NA	NA	NA	2	1	1
3	87900000	93899999	2	1	1	3	b	5	1	1	0.037997574698	0.116419795331	2	1	1	1	1	1	NA	NA	NA	NA	NA	NA	NA	NA	NA	NA	1	1	1	NA	NA	NA	2	1	1
3	93900000	198022429	2	1	1	3	b	5	1	1	0.0392757382977	0.121951419756	2	1	1	1	1	1	NA	NA	NA	NA	NA	NA	NA	NA	NA	NA	1	1	1	NA	NA	NA	2	1	1
4	27500	48199999	2	1	1	3	b	5	1	1	0.0403540233932	0.13864614178	2	1	1	1	1	1	NA	NA	NA	NA	NA	NA	NA	NA	NA	NA	1	1	1	NA	NA	NA	2	1	1
4	48200000	52699999	2	1	1	3	b	5	1	1	0.0496868911066	0.462233081762	2	1	1	1	1	1	NA	NA	NA	NA	NA	NA	NA	NA	NA	NA	1	1	1	NA	NA	NA	2	1	1
4	52700000	190799943	2	1	1	3	b	5	1	1	0.0390452091523	0.12587778617	2	1	1	1	1	1	NA	NA	NA	NA	NA	NA	NA	NA	NA	NA	1	1	1	NA	NA	NA	2	1	1
5	14676	45974995	2	1	1	3	b	5	1	1	0.0396477578068	0.126767754325	2	1	1	1	1	1	NA	NA	NA	NA	NA	NA	NA	NA	NA	NA	1	1	1	NA	NA	NA	2	1	1
5	45974996	50699999	2	1	1	2	d	4	1	1	0.0391471908526	0.133795220968	2.343629	1.1718147	1.1718147	1	1	1	NA	NA	NA	NA	NA	NA	NA	NA	NA	NA	1	1	1	NA	NA	NA	2	1	1
5	50700000	180734097	2	1	1	3	b	5	1	1	0.0403973514586	0.116700965311	2	1	1	1	1	1	NA	NA	NA	NA	NA	NA	NA	NA	NA	NA	1	1	1	NA	NA	NA	2	1	1
6	39681	201975	2	1	1	2	d	2	NA	NA	NA	NA	NA	NA	NA	NA	NA	NA	NA	NA	NA	NA	NA	NA	NA	NA	NA	NA	1	1	1	NA	NA	NA	2	1	1
6	201976	58699999	2	1	1	3	b	5	1	1	0.0439372932239	0.118097175503	2	1	1	1	1	1	NA	NA	NA	NA	NA	NA	NA	NA	NA	NA	1	1	1	NA	NA	NA	2	1	1
6	58700000	63299999	2	1	1	3	b	5	1	1	0.0485231250448	0.145509647833	2	1	1	1	1	1	NA	NA	NA	NA	NA	NA	NA	NA	NA	NA	1	1	1	NA	NA	NA	2	1	1
6	63300000	169093405	2	1	1	3	b	5	1	1	0.0394205272567	0.121722989295	2	1	1	1	1	1	NA	NA	NA	NA	NA	NA	NA	NA	NA	NA	1	1	1	NA	NA	NA	2	1	1
6	169093406	169095168	2	1	1	3	b	5	1	1	0.05	0.1	2	1	1	1	1	1	NA	NA	NA	NA	NA	NA	NA	NA	NA	NA	1	1	1	NA	NA	NA	2	1	1
6	169095169	170917850	2	1	1	3	b	5	1	1	0.0444551818831	0.140814843154	2	1	1	1	1	1	NA	NA	NA	NA	NA	NA	NA	NA	NA	NA	1	1	1	NA	NA	NA	2	1	1
7	43812	57999999	4	2	2	3	b	5	2	2	0.0309928020259	0.222435116448	4	2	2	2	2	1	NA	NA	NA	NA	NA	NA	NA	NA	NA	NA	2	2	1	NA	NA	NA	4	2	2
7	58000000	61894382	4	2	2	2	d	4	2	2	0.05	0.367797422517	4	2	2	NA	NA	NA	NA	NA	NA	NA	NA	NA	NA	NA	NA	NA	2	2	1	NA	NA	NA	4	2	2
7	61894383	62404436	4	2	2	2	d	3	2	2	0.05	0.372315447517	4.959591	2.4797954	2.4797954	2	2	1	NA	NA	NA	NA	NA	NA	NA	NA	NA	NA	2	2	1	NA	NA	NA	5	2	3
7	62404437	158817500	4	2	2	3	b	5	2	2	0.0315430303404	0.212745557142	4	2	2	2	2	1	NA	NA	NA	NA	NA	NA	NA	NA	NA	NA	2	2	1	NA	NA	NA	4	2	2
8	170012	463225	2	1	1	2	d	2	2.42	1	0.0701302152201	0.466132866549	2	1	1	1	0	0.354778521555987	1	1	0.645221478444013	0.02138435003654	0.020350926632528	0.313262667745379	0.393982340467778	NA	NA	NA	1	0	0.572849	1	1	0.427151	2	1	1
8	463226	6887499	2	1	1	3	b	5	1	1	0.0429076792663	0.146869321639	2	1	1	1	1	1	NA	NA	NA	NA	NA	NA	NA	NA	NA	NA	1	1	1	NA	NA	NA	2	1	1
8	6887500	7060178	1	1	0	1	g	NA	2	1	0.05	0.2109682426	2.058402	0.7109036	1.3474982	1	0	0.508947412096188	1	1	0.491052587903812	0.0228323169985145	0.0251067338558357	0.336393772257651	0.434344650960132	NA	NA	NA	1	0	0.573088	1	1	0.426912	2	1	1
8	7060179	12601322	2	1	1	3	b	5	1	1	0.0447980582767	0.30057537635	2	1	1	1	1	1	NA	NA	NA	NA	NA	NA	NA	NA	NA	NA	1	1	1	NA	NA	NA	2	1	1
8	12601323	43099999	2	1	1	3	b	5	1	1	0.0409994445871	0.121295838038	2	1	1	1	1	1	NA	NA	NA	NA	NA	NA	NA	NA	NA	NA	1	1	1	NA	NA	NA	2	1	1
8	43100000	48099999	2	1	1	2	d	4	1	1	0.0365095484376	0.162715739201	2.335615	1.1678076	1.1678076	1	1	1	NA	NA	NA	NA	NA	NA	NA	NA	NA	NA	1	1	1	NA	NA	NA	2	1	1
8	48100000	146364021	2	1	1	3	b	5	1	1	0.040287518094	0.124363738676	2	1	1	1	1	1	NA	NA	NA	NA	NA	NA	NA	NA	NA	NA	1	1	1	NA	NA	NA	2	1	1
9	10001	47299999	2	1	1	3	b	5	1	1	0.0405854688832	0.128836040275	2	1	1	1	1	1	NA	NA	NA	NA	NA	NA	NA	NA	NA	NA	1	1	1	NA	NA	NA	2	1	1
9	47300000	50699999	2	1	1	2	d	4	1	1	0.05	0.1	2	1	1	NA	NA	NA	NA	NA	NA	NA	NA	NA	NA	NA	NA	NA	1	1	1	NA	NA	NA	2	1	1
9	50700000	66849971	2	1	1	2	d	3	1	1	0.05	0.275099888236	NA	NA	NA	NA	NA	NA	NA	NA	NA	NA	NA	NA	NA	NA	NA	NA	1	1	1	NA	NA	NA	2	1	1
9	66849972	140267500	2	1	1	3	b	5	1	1	0.042534167556	0.120421544633	2	1	1	1	1	1	NA	NA	NA	NA	NA	NA	NA	NA	NA	NA	1	1	1	NA	NA	NA	2	1	1
10	102500	37999999	2	1	1	3	b	5	1	1	0.0402279587754	0.112577761172	2	1	1	1	1	1	NA	NA	NA	NA	NA	NA	NA	NA	NA	NA	1	1	1	NA	NA	NA	2	1	1
10	38000000	42299999	2	1	1	2	d	3	1	1	0.0355099016602	0.283993031266	2.157644	1.0788218	1.0788218	1	1	1	NA	NA	NA	NA	NA	NA	NA	NA	NA	NA	NA	NA	NA	NA	NA	NA	2	1	1
10	42300000	48349734	2	1	1	3	b	5	1	1	0.0463875578562	0.202827909977	2	1	1	1	1	1	NA	NA	NA	NA	NA	NA	NA	NA	NA	NA	1	1	1	NA	NA	NA	2	1	1
10	48349735	135389924	2	1	1	3	b	5	1	1	0.0416342972056	0.118782330795	2	1	1	1	1	1	NA	NA	NA	NA	NA	NA	NA	NA	NA	NA	1	1	1	NA	NA	NA	2	1	1
11	20721	203891	2	1	1	2	d	3	1	1	0.05	0.1	NA	NA	NA	1	1	1	NA	NA	NA	NA	NA	NA	NA	NA	NA	NA	NA	NA	NA	NA	NA	NA	2	1	1
11	203892	51599999	2	1	1	3	b	5	1	1	0.041809204643	0.11910468758	2	1	1	1	1	1	NA	NA	NA	NA	NA	NA	NA	NA	NA	NA	1	1	1	NA	NA	NA	2	1	1
11	51600000	55699999	2	1	1	2	d	4	1	1	0.0424714937728	0.176574826408	2.175313	1.0876566	1.0876566	1	1	1	NA	NA	NA	NA	NA	NA	NA	NA	NA	NA	1	1	1	NA	NA	NA	2	1	1
11	55700000	134442500	2	1	1	3	b	5	1	1	0.0417135930581	0.119889812947	2	1	1	1	1	1	NA	NA	NA	NA	NA	NA	NA	NA	NA	NA	1	1	1	NA	NA	NA	2	1	1
12	110107	33299999	3	2	1	2	d	4	2	0.93	0.0522788418517	0.150065322697	3	1	2	2	1	1	NA	NA	NA	NA	NA	NA	NA	NA	NA	NA	2	1	1	NA	NA	NA	3	1	2
12	33300000	38199999	3	2	1	2	d	2	2	0.93	0.0541528513123	0.310344375636	3.373767	1.1297983	2.2439688	NA	NA	NA	NA	NA	NA	NA	NA	NA	NA	NA	NA	NA	2	1	1	NA	NA	NA	3	1	2
12	38200000	38444436	3	2	1	2	d	2	2	0.93	0.05	0.138312929816	4.082779	1.4331083	2.6496707	3	1	0.22675274135936	3	2	0.77324725864064	0.070066156356275	0.0838535554700384	-0.520097857025002	-0.192028508953181	NA	NA	NA	2	1	1	NA	NA	NA	3	1	2
12	38444437	132362597	3	2	1	2	d	4	2	0.93	0.0531658422047	0.151823013466	3	1	2	2	1	1	NA	NA	NA	NA	NA	NA	NA	NA	NA	NA	2	1	1	NA	NA	NA	3	1	2
12	132362598	133851894	3	2	1	2	d	4	NA	NA	NA	NA	3	1	2	2	1	1	NA	NA	NA	NA	NA	NA	NA	NA	NA	NA	2	1	1	NA	NA	NA	3	1	2
13	1	16299999	2	1	1	1	h	1	NA	NA	NA	NA	NA	NA	NA	NA	NA	NA	NA	NA	NA	NA	NA	NA	NA	NA	NA	NA	NA	NA	NA	NA	NA	NA	2	1	1
13	16300000	19499999	2	1	1	2	d	4	1	1	0.0350657512808	0.167392966941	NA	NA	NA	1	1	1	NA	NA	NA	NA	NA	NA	NA	NA	NA	NA	1	1	1	NA	NA	NA	2	1	1
13	19500000	114137500	2	1	1	3	b	5	1	1	0.0400804479426	0.122322008185	2	1	1	1	1	1	NA	NA	NA	NA	NA	NA	NA	NA	NA	NA	1	1	1	NA	NA	NA	2	1	1
13	114137501	115169877	2	1	1	2	d	4	NA	NA	NA	NA	2	1	1	1	1	1	NA	NA	NA	NA	NA	NA	NA	NA	NA	NA	1	1	1	NA	NA	NA	2	1	1
14	1	16099999	2	1	1	1	h	1	NA	NA	NA	NA	NA	NA	NA	NA	NA	NA	NA	NA	NA	NA	NA	NA	NA	NA	NA	NA	NA	NA	NA	NA	NA	NA	2	1	1
14	16100000	19099999	2	1	1	2	d	3	1	1	0.05	0.109075974778	NA	NA	NA	NA	NA	NA	NA	NA	NA	NA	NA	NA	NA	NA	NA	NA	1	1	1	NA	NA	NA	2	1	1
14	19100000	22419992	2	1	1	3	b	5	1	1	0.0413809153576	0.247202341445	2	1	1	1	1	1	NA	NA	NA	NA	NA	NA	NA	NA	NA	NA	1	1	1	NA	NA	NA	2	1	1
14	22419993	106368400	2	1	1	3	b	5	1	1	0.0403284455419	0.118485585365	2	1	1	1	1	1	NA	NA	NA	NA	NA	NA	NA	NA	NA	NA	1	1	1	NA	NA	NA	2	1	1
15	1	15799999	2	1	1	1	h	1	NA	NA	NA	NA	NA	NA	NA	NA	NA	NA	NA	NA	NA	NA	NA	NA	NA	NA	NA	NA	NA	NA	NA	NA	NA	NA	2	1	1
15	15800000	20699999	2	1	1	2	d	2	1	1	0.05	0.240353334202	NA	NA	NA	1	0	0.0567545649530716	1	1	0.943245435046928	0.0448817788424671	0.0426060990644763	0.0465617595396077	0.215479952914505	NA	NA	NA	1	0	0.336452	1	1	0.663548	2	1	1
15	20700000	23759480	2	1	1	2	d	4	1	1	0.0409406950644	0.455637308452	2	1	1	1	1	1	NA	NA	NA	NA	NA	NA	NA	NA	NA	NA	1	0	0.409206	1	1	0.590794	2	1	1
15	23759481	24672333	2	1	1	3	b	5	1	1	0.0390700686544	0.247186630643	2	1	1	1	1	1	NA	NA	NA	NA	NA	NA	NA	NA	NA	NA	1	1	1	NA	NA	NA	2	1	1
15	24672334	24722712	2	1	1	3	b	5	1	1	0.05	0.1	2	1	1	1	1	1	NA	NA	NA	NA	NA	NA	NA	NA	NA	NA	1	1	1	NA	NA	NA	2	1	1
15	24722713	100338800	2	1	1	3	b	5	1	1	0.0423086214542	0.121465209512	2	1	1	1	1	1	NA	NA	NA	NA	NA	NA	NA	NA	NA	NA	1	1	1	NA	NA	NA	2	1	1
15	100338801	102531391	2	1	1	2	d	4	NA	NA	NA	NA	2	1	1	1	1	1	NA	NA	NA	NA	NA	NA	NA	NA	NA	NA	1	1	1	NA	NA	NA	2	1	1
16	85057	34599999	2	1	1	3	b	5	1	1	0.0429700312394	0.149607458689	2	1	1	1	1	1	NA	NA	NA	NA	NA	NA	NA	NA	NA	NA	1	1	1	NA	NA	NA	2	1	1
16	34600000	38599999	2	1	1	2	d	4	1	1	0.05	0.166330682049	2.177032	1.0885158	1.0885158	1	1	1	NA	NA	NA	NA	NA	NA	NA	NA	NA	NA	1	1	1	NA	NA	NA	2	1	1
16	38600000	88827200	2	1	1	3	b	5	1	1	0.0437528569551	0.141149062021	2	1	1	1	1	1	NA	NA	NA	NA	NA	NA	NA	NA	NA	NA	1	1	1	NA	NA	NA	2	1	1
16	88827201	90354752	2	1	1	2	d	4	NA	NA	NA	NA	2	1	1	1	1	1	NA	NA	NA	NA	NA	NA	NA	NA	NA	NA	1	1	1	NA	NA	NA	2	1	1
17	12500	16662499	3	2	1	2	d	4	2.07	1	0.0533407881767	0.162781141855	3	1	2	2	1	1	NA	NA	NA	NA	NA	NA	NA	NA	NA	NA	2	1	1	NA	NA	NA	3	1	2
17	16662500	16740397	3	2	1	2	d	4	NA	NA	NA	NA	3	1	2	2	1	1	NA	NA	NA	NA	NA	NA	NA	NA	NA	NA	2	1	1	NA	NA	NA	3	1	2
17	16740398	21763143	3	2	1	3	b	5	2	1	0.0572383127442	0.179627361774	3	1	2	2	1	1	NA	NA	NA	NA	NA	NA	NA	NA	NA	NA	2	1	1	NA	NA	NA	3	1	2
17	21763144	25799999	3	2	1	2	d	3	2	1	0.0565113341967	0.24439153286	3.22843	1.1003661	2.128064	NA	NA	NA	NA	NA	NA	NA	NA	NA	NA	NA	NA	NA	2	1	1	NA	NA	NA	3	1	2
17	25800000	44838710	3	2	1	3	b	5	2	1	0.0576764015436	0.235937455094	3	1	2	2	1	1	NA	NA	NA	NA	NA	NA	NA	NA	NA	NA	2	1	1	NA	NA	NA	3	1	2
17	44838711	78807885	3	2	1	3	b	5	2	1	0.0527096492495	0.166880028475	3	1	2	2	1	1	NA	NA	NA	NA	NA	NA	NA	NA	NA	NA	2	1	1	NA	NA	NA	3	1	2
17	78807886	81195209	3	2	1	2	d	4	NA	NA	NA	NA	3	1	2	2	1	1	NA	NA	NA	NA	NA	NA	NA	NA	NA	NA	2	1	1	NA	NA	NA	3	1	2
18	10001	179535	2	1	1	2	d	4	1	1	0.05	0.156263443591	NA	NA	NA	1	1	1	NA	NA	NA	NA	NA	NA	NA	NA	NA	NA	1	1	1	NA	NA	NA	2	1	1
18	179536	15399999	2	1	1	3	b	5	1	1	0.0406126482943	0.124404849662	2	1	1	1	1	1	NA	NA	NA	NA	NA	NA	NA	NA	NA	NA	1	1	1	NA	NA	NA	2	1	1
18	15400000	18999999	2	1	1	3	b	5	1	1	0.0404110069833	0.11229923706	2	1	1	1	1	1	NA	NA	NA	NA	NA	NA	NA	NA	NA	NA	1	1	1	NA	NA	NA	2	1	1
18	19000000	76117000	2	1	1	3	b	5	1	1	0.0403037115402	0.119349887486	2	1	1	1	1	1	NA	NA	NA	NA	NA	NA	NA	NA	NA	NA	1	1	1	NA	NA	NA	2	1	1
18	76117001	78077247	2	1	1	2	d	4	NA	NA	NA	NA	2	1	1	1	1	1	NA	NA	NA	NA	NA	NA	NA	NA	NA	NA	1	1	1	NA	NA	NA	2	1	1
19	102500	247287	2	1	1	2	d	3	1	1	0.05	0.1	NA	NA	NA	NA	NA	NA	NA	NA	NA	NA	NA	NA	NA	NA	NA	NA	1	1	1	NA	NA	NA	2	1	1
19	247288	24387164	2	1	1	3	b	5	1	1	0.0449555159024	0.13326137107	2	1	1	1	1	1	NA	NA	NA	NA	NA	NA	NA	NA	NA	NA	1	1	1	NA	NA	NA	2	1	1
19	24387165	24399999	2	1	1	2	d	3	NA	NA	NA	NA	2	1	1	2	1	0.393987131953175	2	2	0.606012868046825	0.118943857888725	0.118029411712159	0.0596017854024012	0.510916213220661	NA	NA	NA	1	1	1	NA	NA	NA	2	1	1
19	24400000	28599999	2	1	1	2	d	4	1	1	0.035655939729	0.170626194256	2.400361	1.2001803	1.2001803	1	1	1	NA	NA	NA	NA	NA	NA	NA	NA	NA	NA	1	1	1	NA	NA	NA	2	1	1
19	28600000	59128982	2	1	1	3	b	5	1	1	0.0441011422606	0.153435350638	2	1	1	1	1	1	NA	NA	NA	NA	NA	NA	NA	NA	NA	NA	1	1	1	NA	NA	NA	2	1	1
20	32139	25599999	2	1	1	3	b	5	1	1	0.0409947071742	0.11528892008	2	1	1	1	1	1	NA	NA	NA	NA	NA	NA	NA	NA	NA	NA	1	1	1	NA	NA	NA	2	1	1
20	25600000	29399999	2	1	1	3	b	5	1	1	0.0349018396029	0.137657391781	2	1	1	1	1	1	NA	NA	NA	NA	NA	NA	NA	NA	NA	NA	1	1	1	NA	NA	NA	2	1	1
20	29400000	62432500	2	1	1	3	b	5	1	1	0.0422644075985	0.118358620966	2	1	1	1	1	1	NA	NA	NA	NA	NA	NA	NA	NA	NA	NA	1	1	1	NA	NA	NA	2	1	1
21	1	9417499	NA	NA	NA	NA	NA	NA	1	1	0.05	0.1	NA	NA	NA	NA	NA	NA	NA	NA	NA	NA	NA	NA	NA	NA	NA	NA	1	0	0.622893	1	1	0.377107	NA	NA	NA
21	9417500	10899999	NA	NA	NA	NA	NA	NA	1	1	0.05	0.241525413106	NA	NA	NA	NA	NA	NA	NA	NA	NA	NA	NA	NA	NA	NA	NA	NA	1	0	0.622893	1	1	0.377107	NA	NA	NA
21	10900000	14299999	2	1	1	2	f	2	1	1	0.05	0.261654731158	NA	NA	NA	NA	NA	NA	NA	NA	NA	NA	NA	NA	NA	NA	NA	NA	1	0	0.589997	1	1	0.410003	NA	NA	NA
21	14300000	15452209	2	1	1	2	f	2	1	1	0.0499821835602	0.394473123322	NA	NA	NA	1	0	0.0718285698307512	1	1	0.928171430169249	0.0350316597822625	0.0346995541992849	0.0248278333070613	0.155700807883939	NA	NA	NA	1	0	0.282013	1	1	0.717987	NA	NA	NA
21	15452210	46937500	2	1	1	2	d	4	1	1	0.0403303944647	0.115723093086	2	1	1	1	1	1	NA	NA	NA	NA	NA	NA	NA	NA	NA	NA	1	1	1	NA	NA	NA	NA	NA	NA
21	46937501	48129894	2	1	1	2	d	3	NA	NA	NA	NA	2	1	1	1	1	1	NA	NA	NA	NA	NA	NA	NA	NA	NA	NA	1	1	1	NA	NA	NA	NA	NA	NA
22	1	12199999	2	1	1	1	h	1	NA	NA	NA	NA	NA	NA	NA	NA	NA	NA	NA	NA	NA	NA	NA	NA	NA	NA	NA	NA	NA	NA	NA	NA	NA	NA	2	1	1
22	12200000	17899999	2	1	1	3	b	5	1	1	0.0457050106599	0.225807836571	2	1	1	1	1	1	NA	NA	NA	NA	NA	NA	NA	NA	NA	NA	1	1	1	NA	NA	NA	2	1	1
22	17900000	49641400	2	1	1	3	b	5	1	1	0.0463316437172	0.137294847516	2	1	1	1	1	1	NA	NA	NA	NA	NA	NA	NA	NA	NA	NA	1	1	1	NA	NA	NA	2	1	1
22	49641401	51304565	2	1	1	3	b	5	1	1	0.0343813193685	0.1	2	1	1	1	1	1	NA	NA	NA	NA	NA	NA	NA	NA	NA	NA	1	1	1	NA	NA	NA	2	1	1
X	1	58099999	1	1	0	3	b	2	1	0	0.0592997329799	0.326082324673	1	0	1	NA	NA	NA	NA	NA	NA	NA	NA	NA	NA	NA	NA	NA	NA	NA	NA	NA	NA	NA	1	0	1
X	58100000	62999999	1	1	0	1	h	1	1	0	0.05	0.292666836587	1.131074	0	1.131074	NA	NA	NA	NA	NA	NA	NA	NA	NA	NA	NA	NA	NA	NA	NA	NA	NA	NA	NA	1	0	1
X	63000000	155270559	1	1	0	3	b	2	1	0	0.05	0.153071893864	1	0	1	NA	NA	NA	NA	NA	NA	NA	NA	NA	NA	NA	NA	NA	NA	NA	NA	NA	NA	NA	1	0	1
Y	1	11599999	0	0	0	1	h	1	NA	NA	NA	NA	0	0	0	NA	NA	NA	NA	NA	NA	NA	NA	NA	NA	NA	NA	NA	NA	NA	NA	NA	NA	NA	2	0	2
Y	11600000	13399999	0	0	0	1	h	1	NA	NA	NA	NA	0.173051	0	0.173051	NA	NA	NA	NA	NA	NA	NA	NA	NA	NA	NA	NA	NA	NA	NA	NA	NA	NA	NA	2	0	2
Y	13400000	59373565	NA	NA	NA	NA	NA	NA	NA	NA	NA	NA	0	0	0	NA	NA	NA	NA	NA	NA	NA	NA	NA	NA	NA	NA	NA	NA	NA	NA	NA	NA	NA	2	0	2
