chromosome	start	end	total_cn	major_cn	minor_cn	star	level	methods_agree	absolute_broad_major_cn	absolute_broad_minor_cn	absolute_broad_het_error	absolute_broad_cov_error	aceseq_copy_number	aceseq_minor_cn	aceseq_major_cn	battenberg_nMaj1_A	battenberg_nMin1_A	battenberg_frac1_A	battenberg_nMaj2_A	battenberg_nMin2_A	battenberg_frac2_A	battenberg_SDfrac_A	battenberg_SDfrac_A_BS	battenberg_frac1_A_0.025	battenberg_frac1_A_0.975	clonehd_copy_number	clonehd_minor_cn	clonehd_major_cn	sclust_nMaj1_A	sclust_nMin1_A	sclust_frac1_A	sclust_nMaj2_A	sclust_nMin2_A	sclust_frac2_A	jabba_copy_number	jabba_minor_cn	jabba_major_cn
1	10001	121499999	2	1	1	3	a	6	1	1	0.0543886524941	0.157960545943	2	1	1	1	1	1	NA	NA	NA	NA	NA	NA	NA	2	1	1	1	1	1	NA	NA	NA	2	1	1
1	121500000	128899999	2	1	1	3	b	5	1	1	0.05	0.1	2	1	1	1	1	1	NA	NA	NA	NA	NA	NA	NA	NA	NA	NA	1	1	1	NA	NA	NA	2	1	1
1	128900000	204034013	2	1	1	3	a	6	1	1	0.0587609591254	0.162672595937	2	1	1	1	1	1	NA	NA	NA	NA	NA	NA	NA	2	1	1	1	1	1	NA	NA	NA	2	1	1
1	204034014	204062529	54	54	0	1	g	NA	1	1	0.05	0.1	2	1	1	53	1	1	NA	NA	NA	NA	NA	NA	NA	8	0	8	49	0	1	NA	NA	NA	54	0	54
1	204062530	204083124	109	109	0	1	g	NA	218	1	0.05	0.1	NA	NA	NA	NA	NA	1	NA	NA	NA	NA	NA	NA	NA	8	0	8	49	0	1	NA	NA	NA	109	0	109
1	204083125	204202280	110	110	0	1	g	NA	218	1	0.05	3.6487614054	104.05691	1.150773277	102.9061363	NA	NA	1	NA	NA	NA	NA	NA	NA	NA	8	0	8	49	0	1	NA	NA	NA	110	0	110
1	204202281	204202972	110	110	0	1	g	NA	218	1	0.05	0.1	104.05691	1.150773277	102.9061363	NA	NA	NA	NA	NA	NA	NA	NA	NA	NA	NA	NA	NA	49	0	1	NA	NA	NA	110	0	110
1	204202973	204231529	49	49	0	1	h	1	218	1	0.05	0.1	NA	NA	NA	NA	NA	NA	NA	NA	NA	NA	NA	NA	NA	7	3	4	49	0	1	NA	NA	NA	NA	NA	NA
1	204231530	204242275	49	49	0	1	h	1	218	1	0.05	0.1	NA	NA	NA	NA	NA	NA	NA	NA	NA	NA	NA	NA	NA	NA	NA	NA	49	0	1	NA	NA	NA	NA	NA	NA
1	204242276	204257970	108	108	0	1	g	NA	218	1	0.05	0.1	NA	NA	NA	83	1	1	NA	NA	NA	NA	NA	NA	NA	8	0	8	49	0	1	NA	NA	NA	108	0	108
1	204257971	204291455	115	115	0	1	g	NA	218	1	0.00251922479224	0.1	117.366054	1.363178401	116.002876	NA	NA	1	NA	NA	NA	NA	NA	NA	NA	8	0	8	49	0	1	NA	NA	NA	115	0	115
1	204291456	204291809	117	117	0	1	g	NA	218	1	0.05	0.1	117.366054	1.363178401	116.002876	NA	NA	NA	NA	NA	NA	NA	NA	NA	NA	2	0	2	49	0	1	NA	NA	NA	117	0	117
1	204291810	204403937	117	117	0	1	g	NA	218	1	0.05	4.97859985353	NA	NA	NA	NA	NA	1	NA	NA	NA	NA	NA	NA	NA	8	0	8	49	0	1	NA	NA	NA	117	0	117
1	204403938	204463120	119	119	0	1	g	NA	227	1	0.05	0.1	NA	NA	NA	NA	NA	1	NA	NA	NA	NA	NA	NA	NA	8	0	8	49	0	1	NA	NA	NA	119	0	119
1	204463121	204541018	119	119	0	1	g	NA	212	1	0.05	5.15356755171	NA	NA	NA	NA	NA	1	NA	NA	NA	NA	NA	NA	NA	8	0	8	49	0	1	NA	NA	NA	119	0	119
1	204541019	204677294	113	113	0	1	g	NA	212	1	0.00245591062272	5.38895465195	108.227266	1.094672314	107.1325931	100	1	1	NA	NA	NA	NA	NA	NA	NA	8	0	8	49	0	1	NA	NA	NA	113	0	113
1	204677295	204705862	113	113	0	1	g	NA	212	1	0.05	0.1	108.227266	1.094672314	107.1325931	NA	NA	1	NA	NA	NA	NA	NA	NA	NA	8	0	8	49	0	1	NA	NA	NA	113	0	113
1	204705863	204729897	111	111	0	1	g	NA	212	1	0.05	0.1	NA	NA	NA	NA	NA	1	NA	NA	NA	NA	NA	NA	NA	8	0	8	49	0	1	NA	NA	NA	111	0	111
1	204729898	204779896	111	111	0	1	g	NA	212	1	0.00202741727715	0.1	108.883919	1.390236216	107.4936828	NA	NA	1	NA	NA	NA	NA	NA	NA	NA	8	0	8	49	0	1	NA	NA	NA	111	0	111
1	204779897	204826290	52	51	1	2	f	2	103	1	0.00432777101403	0.1	52.815992	1.117327318	51.6986645	51	1	1	NA	NA	NA	NA	NA	NA	NA	8	0	8	48	1	1	NA	NA	NA	54	0	54
1	204826291	247247500	2	1	1	3	a	6	1	1	0.0523358809906	0.133111202904	2	1	1	1	1	1	NA	NA	NA	NA	NA	NA	NA	2	1	1	1	1	1	NA	NA	NA	2	1	1
1	247247501	249250620	2	1	1	2	d	4	NA	NA	NA	NA	2	1	1	1	0	0.0990083325412688	1	1	0.900991667458731	0.0123369832237657	0.0124499590537084	0.0739103144560962	0.120801390971896	2	1	1	1	1	1	NA	NA	NA	2	1	1
2	54197	90499999	2	1	1	3	a	6	1	1	0.0545307068095	0.152599575318	2	1	1	1	1	1	NA	NA	NA	NA	NA	NA	NA	2	1	1	1	1	1	NA	NA	NA	2	1	1
2	90500000	96799999	2	1	1	3	a	6	1	1	0.0570797154715	0.219394252066	2	1	1	1	1	1	NA	NA	NA	NA	NA	NA	NA	2	1	1	1	1	1	NA	NA	NA	2	1	1
2	96800000	152901469	2	1	1	3	a	6	1	1	0.0561367459219	0.154249440555	2	1	1	1	1	1	NA	NA	NA	NA	NA	NA	NA	2	1	1	1	1	1	NA	NA	NA	2	1	1
2	152901470	153332869	3	2	1	3	a	6	2	1	0.05	0.211865360928	3	1	2	2	1	1	NA	NA	NA	NA	NA	NA	NA	3	1	2	2	1	1	NA	NA	NA	3	1	2
2	153332870	242988297	2	1	1	3	a	6	1	1	0.0569431890316	0.158992339649	2	1	1	1	1	1	NA	NA	NA	NA	NA	NA	NA	2	1	1	1	1	1	NA	NA	NA	2	1	1
3	62614	87899999	2	1	1	3	a	6	1	1	0.0570354685985	0.15519406013	2	1	1	1	1	1	NA	NA	NA	NA	NA	NA	NA	2	1	1	1	1	1	NA	NA	NA	2	1	1
3	87900000	93899999	2	1	1	3	b	5	1	1	0.0674422275058	0.180569462301	2	1	1	NA	NA	NA	NA	NA	NA	NA	NA	NA	NA	2	1	1	1	1	1	NA	NA	NA	2	1	1
3	93900000	113343751	2	1	1	3	a	6	1	1	0.06548395287	0.174409691327	2	1	1	1	1	1	NA	NA	NA	NA	NA	NA	NA	2	1	1	1	1	1	NA	NA	NA	2	1	1
3	113343752	114041966	3	2	1	3	a	6	2	1	0.0616318641448	0.182460308663	3	1	2	2	1	1	NA	NA	NA	NA	NA	NA	NA	3	1	2	2	1	1	NA	NA	NA	3	1	2
3	114041967	162440045	2	1	1	3	a	6	1	1	0.0563852249439	0.152332409705	2	1	1	1	1	1	NA	NA	NA	NA	NA	NA	NA	2	1	1	1	1	1	NA	NA	NA	2	1	1
3	162440046	198022429	2	1	1	3	a	6	1	1	0.0579996713355	0.172560851889	2	1	1	1	1	1	NA	NA	NA	NA	NA	NA	NA	2	1	1	1	1	1	NA	NA	NA	2	1	1
4	27500	1496801	2	1	1	2	d	5	1	1	0.0465632595992	0.216016456828	2	1	1	1	1	0.93011176526499	2	1	0.0698882347350104	0.022484608022856	0.021762879925561	0.894698918161484	0.979653151098789	2	1	1	1	1	1	NA	NA	NA	2	1	1
4	1496802	2065454	3	2	1	3	a	6	2	1	0.0747469039153	0.142304994823	3	1	2	2	1	1	NA	NA	NA	NA	NA	NA	NA	3	1	2	2	1	1	NA	NA	NA	3	1	2
4	2065455	48199999	2	1	1	3	a	6	1	1	0.0565608977273	0.165029420597	2	1	1	1	1	1	NA	NA	NA	NA	NA	NA	NA	2	1	1	1	1	1	NA	NA	NA	2	1	1
4	48200000	52699999	2	1	1	3	a	6	1	1	0.0628713979384	0.265726825528	2	1	1	1	1	1	NA	NA	NA	NA	NA	NA	NA	2	1	1	1	1	1	NA	NA	NA	2	1	1
4	52700000	139307229	2	1	1	3	a	6	1	1	0.0620972942605	0.178812653783	2	1	1	1	1	1	NA	NA	NA	NA	NA	NA	NA	2	1	1	1	1	1	NA	NA	NA	2	1	1
4	139307230	140196687	3	2	1	3	a	6	2	1	0.071349683371	0.164312373497	3	1	2	2	1	1	NA	NA	NA	NA	NA	NA	NA	3	1	2	2	1	1	NA	NA	NA	3	1	2
4	140196688	190775799	2	1	1	3	a	6	1	1	0.0590627910061	0.165411493368	2	1	1	1	1	1	NA	NA	NA	NA	NA	NA	NA	2	1	1	1	1	1	NA	NA	NA	2	1	1
5	36393	850202	2	1	1	2	d	4	1	1	0.0570424787175	0.365531245931	1.868784	0.934392212	0.9343922	NA	NA	NA	NA	NA	NA	NA	NA	NA	NA	2	1	1	1	1	1	NA	NA	NA	2	1	1
5	850203	46099994	2	1	1	3	a	6	1	1	0.0564882436613	0.167215754245	2	1	1	1	1	1	NA	NA	NA	NA	NA	NA	NA	2	1	1	1	1	1	NA	NA	NA	2	1	1
5	46099995	50699999	2	1	1	2	d	4	1	1	0.0410471913914	0.207499334098	2.475012	1.237506126	1.2375061	NA	NA	NA	NA	NA	NA	NA	NA	NA	NA	2	1	1	1	1	1	NA	NA	NA	2	1	1
5	50700000	104452500	2	1	1	3	a	6	1	1	0.057502641313	0.164251376335	2	1	1	1	1	1	NA	NA	NA	NA	NA	NA	NA	2	1	1	1	1	1	NA	NA	NA	2	1	1
5	104452501	123257881	2	1	1	3	a	6	1	1	0.0565781896191	0.174413056943	2	1	1	1	1	1	NA	NA	NA	NA	NA	NA	NA	2	1	1	1	1	1	NA	NA	NA	2	1	1
5	123257882	124737091	3	2	1	2	d	5	2	1	0.0634740472527	0.196068713597	3.169624	1.069975394	2.0996482	2	1	1	NA	NA	NA	NA	NA	NA	NA	3	1	2	2	1	1	NA	NA	NA	3	1	2
5	124737092	180712485	2	1	1	3	a	6	1	1	0.0552320072311	0.149174844265	2	1	1	1	1	1	NA	NA	NA	NA	NA	NA	NA	2	1	1	1	1	1	NA	NA	NA	2	1	1
6	39681	205799	2	1	1	1	g	NA	NA	NA	NA	NA	NA	NA	NA	NA	NA	NA	NA	NA	NA	NA	NA	NA	NA	NA	NA	NA	NA	NA	NA	NA	NA	NA	2	1	1
6	205800	58699999	2	1	1	3	a	6	1	1	0.0551333718341	0.16980944181	2	1	1	1	1	1	NA	NA	NA	NA	NA	NA	NA	2	1	1	1	1	1	NA	NA	NA	2	1	1
6	58700000	63299999	2	1	1	2	d	4	1	1	0.0771422613419	0.229682025348	2.141937	1.070968579	1.0709686	NA	NA	NA	NA	NA	NA	NA	NA	NA	NA	2	1	1	1	1	1	NA	NA	NA	2	1	1
6	63300000	170904973	2	1	1	3	a	6	1	1	0.0586823157695	0.165273609929	2	1	1	1	1	1	NA	NA	NA	NA	NA	NA	NA	2	1	1	1	1	1	NA	NA	NA	2	1	1
7	42526	2206394	3	2	1	2	d	5	2	1	0.0629132574527	0.206862716777	2.884388	0.974579633	1.9098079	2	1	1	NA	NA	NA	NA	NA	NA	NA	3	1	2	2	1	1	NA	NA	NA	3	1	2
7	2206395	3120690	4	3	1	2	d	5	3	1	0.0574251754332	0.23972094834	3.817083	0.97388089	2.843202	3	1	1	NA	NA	NA	NA	NA	NA	NA	4	1	3	3	1	1	NA	NA	NA	4	1	3
7	3120691	11679983	3	2	1	3	a	6	2	1	0.073760199591	0.242857696998	3	1	2	2	1	1	NA	NA	NA	NA	NA	NA	NA	3	1	2	2	1	1	NA	NA	NA	3	1	2
7	11679984	54712917	3	2	1	3	a	6	2	1	0.0677698701987	0.323494648345	3	1	2	2	1	1	NA	NA	NA	NA	NA	NA	NA	3	1	2	2	1	1	NA	NA	NA	3	1	2
7	54712918	54734418	3	2	1	1	g	NA	122	1	0.05	0.1	3	1	2	NA	NA	NA	NA	NA	NA	NA	NA	NA	NA	NA	NA	NA	48	1	1	NA	NA	NA	3	1	2
7	54734419	54864346	61	61	0	1	g	NA	122	1	0.05	3.5007295792	NA	NA	NA	59	1	1	NA	NA	NA	NA	NA	NA	NA	8	0	8	48	1	1	NA	NA	NA	61	0	61
7	54864347	54864707	61	61	0	1	g	NA	122	1	0.05	0.1	NA	NA	NA	NA	NA	NA	NA	NA	NA	NA	NA	NA	NA	NA	NA	NA	48	1	1	NA	NA	NA	61	0	61
7	54864708	54867074	61	61	0	1	g	NA	122	1	0.05	0.1	NA	NA	NA	NA	NA	NA	NA	NA	NA	NA	NA	NA	NA	7	3	4	48	1	1	NA	NA	NA	61	0	61
7	54867075	54873227	54	54	0	1	g	NA	122	1	0.05	0.1	NA	NA	NA	61	1	1	NA	NA	NA	NA	NA	NA	NA	NA	NA	NA	48	1	1	NA	NA	NA	54	0	54
7	54873228	55433056	60	60	0	1	g	NA	122	1	0.00402452194135	3.8309315347	56.747218	1.059669405	55.6875483	58	1	1	NA	NA	NA	NA	NA	NA	NA	8	0	8	48	1	1	NA	NA	NA	60	0	60
7	55433057	57999999	3	2	1	2	d	5	2	1	0.0557634291405	0.277013263448	3.351442	1.135498329	2.2159433	2	1	1	NA	NA	NA	NA	NA	NA	NA	3	1	2	2	1	1	NA	NA	NA	3	1	2
7	58000000	61699999	3	2	1	2	d	2	2	1	0.05	0.223290812562	3.351442	1.135498329	2.2159433	NA	NA	NA	NA	NA	NA	NA	NA	NA	NA	NA	NA	NA	4	2	0.942745	3	2	0.0572549	3	1	2
7	61700000	140683474	3	2	1	3	a	6	2	1	0.0701940111348	0.222134819467	3	1	2	2	1	1	NA	NA	NA	NA	NA	NA	NA	3	1	2	2	1	1	NA	NA	NA	3	1	2
7	140683475	141574000	4	3	1	3	a	6	3	1	0.0575148062676	0.183778215852	4	1	3	3	1	1	NA	NA	NA	NA	NA	NA	NA	4	1	3	3	1	1	NA	NA	NA	4	1	3
7	141574001	158817500	3	2	1	3	a	6	2	1	0.0677100778254	0.213513949049	3	1	2	2	1	1	NA	NA	NA	NA	NA	NA	NA	3	1	2	2	1	1	NA	NA	NA	3	1	2
8	10001	175123	2	1	1	2	d	3	1	1	0.05	0.1	NA	NA	NA	NA	NA	NA	NA	NA	NA	NA	NA	NA	NA	NA	NA	NA	1	1	1	NA	NA	NA	2	1	1
8	175124	43099999	2	1	1	3	a	6	1	1	0.0534836227229	0.157365041942	2	1	1	1	1	1	NA	NA	NA	NA	NA	NA	NA	2	1	1	1	1	1	NA	NA	NA	2	1	1
8	43100000	48099999	2	1	1	2	d	5	1	1	0.05	0.22912896922	2.602816	1.301407973	1.301408	1	1	1	NA	NA	NA	NA	NA	NA	NA	2	1	1	1	1	1	NA	NA	NA	2	1	1
8	48100000	133842227	2	1	1	3	a	6	1	1	0.056507190342	0.156944894631	2	1	1	1	1	1	NA	NA	NA	NA	NA	NA	NA	2	1	1	1	1	1	NA	NA	NA	2	1	1
8	133842228	146364021	2	1	1	3	a	6	1	1	0.0563969094961	0.149840919455	2	1	1	1	1	1	NA	NA	NA	NA	NA	NA	NA	2	1	1	1	1	1	NA	NA	NA	2	1	1
9	59859	6092690	2	1	1	2	d	5	1.07	1.07	0.0533821118682	0.167355971617	2	1	1	1	1	1	NA	NA	NA	NA	NA	NA	NA	2	1	1	1	1	1	NA	NA	NA	2	1	1
9	6092691	6958610	3	2	1	2	d	5	2	1	0.0697039705838	0.175181446054	2.858973	0.976524407	1.882449	2	1	1	NA	NA	NA	NA	NA	NA	NA	3	1	2	2	1	1	NA	NA	NA	3	1	2
9	6958611	47299999	2	1	1	3	a	6	1	1	0.0570219403989	0.179259167795	2	1	1	1	1	1	NA	NA	NA	NA	NA	NA	NA	2	1	1	1	1	1	NA	NA	NA	2	1	1
9	47300000	50699999	2	1	1	2	d	4	1	1	0.05	0.1	2	1	1	NA	NA	NA	NA	NA	NA	NA	NA	NA	NA	NA	NA	NA	1	1	1	NA	NA	NA	2	1	1
9	50700000	140267500	2	1	1	3	a	6	1	1	0.0543352955015	0.146751995408	2	1	1	1	1	1	NA	NA	NA	NA	NA	NA	NA	2	1	1	1	1	1	NA	NA	NA	2	1	1
9	140267501	141069420	2	1	1	2	d	4	NA	NA	NA	NA	2	1	1	1	0	0.12542991102002	1	1	0.87457008897998	0.0212278169156696	0.0221995772894649	0.0777077632147318	0.162691537467151	2	1	1	1	1	1	NA	NA	NA	2	1	1
10	118281	37999999	1	1	0	3	a	6	1	0	0.0737390294858	0.101745069012	1	0	1	1	0	1	NA	NA	NA	NA	NA	NA	NA	1	0	1	1	0	1	NA	NA	NA	1	0	1
10	38000000	42450513	1	1	0	2	d	4	1	0	0.0839514766871	0.229159868436	1.326837	0.088757591	1.2380797	NA	NA	NA	NA	NA	NA	NA	NA	NA	NA	1	0	1	1	0	1	NA	NA	NA	1	0	1
10	42450514	60570331	1	1	0	3	a	6	1	0	0.0858083204009	0.125176953545	1	0	1	1	0	1	NA	NA	NA	NA	NA	NA	NA	1	0	1	1	0	1	NA	NA	NA	1	0	1
10	60570332	61245708	2	2	0	3	a	6	2	0	0.0450362812667	0.149789938066	2	0	2	2	0	1	NA	NA	NA	NA	NA	NA	NA	2	0	2	2	0	1	NA	NA	NA	2	0	2
10	61245709	135389924	1	1	0	3	a	6	1	0	0.0739992258658	0.0961477018681	1	0	1	1	0	1	NA	NA	NA	NA	NA	NA	NA	1	0	1	1	0	1	NA	NA	NA	1	0	1
11	198062	35602634	2	1	1	3	a	6	1	1	0.0575039041577	0.157775738443	2	1	1	1	1	1	NA	NA	NA	NA	NA	NA	NA	2	1	1	1	1	1	NA	NA	NA	2	1	1
11	35602635	36353858	3	2	1	2	d	5	2	1	0.0691824051841	0.170508445598	3.12621	1.066083413	2.0601266	2	1	1	NA	NA	NA	NA	NA	NA	NA	3	1	2	2	1	1	NA	NA	NA	3	1	2
11	36353859	50422499	2	1	1	3	a	6	1	1	0.0615194940636	0.17741833383	2	1	1	1	1	1	NA	NA	NA	NA	NA	NA	NA	2	1	1	1	1	1	NA	NA	NA	2	1	1
11	50422500	51599999	2	1	1	2	d	3	1	1	0.0801283818651	0.279048992636	3.410055	1.705027503	1.7050275	2	1	0.182341665874604	2	2	0.817658334125396	0.0317107753413447	0.0314881598861925	0.126396052842802	0.251879010188809	NA	NA	NA	1	1	1	NA	NA	NA	2	1	1
11	51600000	55699999	2	1	1	2	d	5	1	1	0.0722639538229	0.308718233725	2.252033	1.126016333	1.1260163	1	1	1	NA	NA	NA	NA	NA	NA	NA	2	1	1	1	1	1	NA	NA	NA	2	1	1
11	55700000	114475759	2	1	1	3	a	6	1	1	0.058089058258	0.149805329196	2	1	1	1	1	1	NA	NA	NA	NA	NA	NA	NA	2	1	1	1	1	1	NA	NA	NA	2	1	1
11	114475760	114550008	2	1	1	2	d	5	1	1	0.05	0.153419104232	2.866526	1.433262962	1.433263	1	1	1	NA	NA	NA	NA	NA	NA	NA	2	1	1	1	1	1	NA	NA	NA	2	1	1
11	114550009	134469920	2	1	1	3	a	6	1	1	0.0512013086543	0.137674909357	2	1	1	1	1	1	NA	NA	NA	NA	NA	NA	NA	2	1	1	1	1	1	NA	NA	NA	2	1	1
12	110107	3258572	2	1	1	2	d	5	1	1	0.0449965205875	0.203522620177	2	1	1	1	0	0.0516565213258776	1	1	0.948343478674122	0.00974715312496698	0.00981576514303603	0.0262575442496048	0.0650854890248185	2	1	1	1	1	1	NA	NA	NA	2	1	1
12	3258573	3258784	11	10	1	1	g	NA	20	1	0.05	0.1	2	1	1	NA	NA	NA	NA	NA	NA	NA	NA	NA	NA	NA	NA	NA	1	1	1	NA	NA	NA	11	1	10
12	3258785	4432541	11	10	1	2	d	3	20	1	0.021941600627	0.501848876143	10.640452	1.022057273	9.618395	10	1	1	NA	NA	NA	NA	NA	NA	NA	8	1	7	10	1	1	NA	NA	NA	11	1	10
12	4432542	4432816	11	10	1	2	d	2	NA	NA	NA	NA	10.640452	1.022057273	9.618395	NA	NA	NA	NA	NA	NA	NA	NA	NA	NA	NA	NA	NA	10	1	1	NA	NA	NA	11	1	10
12	4432817	33299999	2	1	1	3	a	6	1	1	0.0546271733739	0.152534522802	2	1	1	1	1	1	NA	NA	NA	NA	NA	NA	NA	2	1	1	1	1	1	NA	NA	NA	2	1	1
12	33300000	38199999	2	1	1	2	d	5	1	1	0.0618896141835	0.218583866618	2.398882	1.19944083	1.1994408	1	1	1	NA	NA	NA	NA	NA	NA	NA	2	1	1	1	1	1	NA	NA	NA	2	1	1
12	38200000	44988045	2	1	1	2	d	5	1	1	0.0628325030107	0.168836441766	2.125485	1.062742513	1.0627425	1	1	1	NA	NA	NA	NA	NA	NA	NA	2	1	1	1	1	1	NA	NA	NA	2	1	1
12	44988046	45835549	3	2	1	3	a	6	2	1	0.0552867119999	0.198553328598	3	1	2	2	1	1	NA	NA	NA	NA	NA	NA	NA	3	1	2	2	1	1	NA	NA	NA	3	1	2
12	45835550	56405130	2	1	1	3	a	6	1	1	0.0585866749263	0.14387565067	2	1	1	1	1	1	NA	NA	NA	NA	NA	NA	NA	2	1	1	1	1	1	NA	NA	NA	2	1	1
12	56405131	56942404	3	2	1	3	a	6	2	1	0.0944616101545	0.15643685533	3	1	2	2	1	1	NA	NA	NA	NA	NA	NA	NA	3	1	2	2	1	1	NA	NA	NA	3	1	2
12	56942405	57910140	2	1	1	3	a	6	1	1	0.0630618359623	0.130835967053	2	1	1	1	1	1	NA	NA	NA	NA	NA	NA	NA	2	1	1	1	1	1	NA	NA	NA	2	1	1
12	57910141	57934474	17	16	1	1	g	NA	26	1	0.05	0.1	2	1	1	14	1	1	NA	NA	NA	NA	NA	NA	NA	8	1	7	15	1	1	NA	NA	NA	17	1	16
12	57934475	57997684	14	13	1	1	g	NA	26	1	0.05	1.52430460714	NA	NA	NA	12	1	1	NA	NA	NA	NA	NA	NA	NA	8	1	7	13	1	1	NA	NA	NA	14	1	13
12	57997685	58049001	29	29	0	1	g	NA	50	1	0.05	0.1	26	1	25	26	1	1	NA	NA	NA	NA	NA	NA	NA	8	0	8	26	1	1	NA	NA	NA	29	0	29
12	58049002	58260634	30	29	1	2	f	2	60	1	0.00624696515381	1.54169377956	29.357762	0.99342351	28.3643388	28	1	1	NA	NA	NA	NA	NA	NA	NA	8	0	8	29	1	1	NA	NA	NA	31	0	31
12	58260635	58261123	30	29	1	2	f	2	60	1	0.05	0.1	29.357762	0.99342351	28.3643388	NA	NA	NA	NA	NA	NA	NA	NA	NA	NA	NA	NA	NA	29	1	1	NA	NA	NA	31	0	31
12	58261124	58309494	32	32	0	1	g	NA	60	1	0.05	0.1	NA	NA	NA	27	1	1	NA	NA	NA	NA	NA	NA	NA	8	1	7	1	1	1	NA	NA	NA	32	0	32
12	58309495	58316851	32	32	0	1	g	NA	60	1	0.05	0.1	NA	NA	NA	NA	NA	NA	NA	NA	NA	NA	NA	NA	NA	7	3	4	1	1	1	NA	NA	NA	32	0	32
12	58316852	58335307	32	32	0	1	g	NA	60	1	0.05	0.1	NA	NA	NA	60	2	1	NA	NA	NA	NA	NA	NA	NA	7	3	4	1	1	1	NA	NA	NA	32	0	32
12	58335308	58713009	17	16	1	1	g	NA	1	1	0.05	1.03626490917	NA	NA	NA	15	1	1	NA	NA	NA	NA	NA	NA	NA	NA	NA	NA	1	1	1	NA	NA	NA	17	1	16
12	58713010	132349400	2	1	1	3	a	6	1	1	0.0572154128985	0.159839395875	2	1	1	1	1	1	NA	NA	NA	NA	NA	NA	NA	2	1	1	1	1	1	NA	NA	NA	2	1	1
12	132349401	133851894	2	1	1	2	d	4	NA	NA	NA	NA	2	1	1	1	0	0.0848642850353693	1	1	0.915135714964631	0.017257126575519	0.0172869629261493	0.0495117043303442	0.114220889825576	2	1	1	1	1	1	NA	NA	NA	2	1	1
13	1	16299999	1	1	0	1	g	NA	NA	NA	NA	NA	NA	NA	NA	NA	NA	NA	NA	NA	NA	NA	NA	NA	NA	NA	NA	NA	NA	NA	NA	NA	NA	NA	1	0	1
13	16300000	19499999	1	1	0	2	d	4	1	0	0.05	0.170120181112	NA	NA	NA	1	0	1	NA	NA	NA	NA	NA	NA	NA	NA	NA	NA	1	0	1	NA	NA	NA	1	0	1
13	19500000	28713439	1	1	0	3	b	5	1	0	0.0727950689899	0.0882451990194	1	0	1	1	0	1	NA	NA	NA	NA	NA	NA	NA	NA	NA	NA	1	0	1	NA	NA	NA	1	0	1
13	28713440	29649561	2	1	1	3	a	6	1	1	0.0534109326095	0.10665970108	2	1	1	1	1	1	NA	NA	NA	NA	NA	NA	NA	2	1	1	1	1	1	NA	NA	NA	2	1	1
13	29649562	41616451	1	1	0	3	a	6	1	0	0.0739638876249	0.104305310199	1	0	1	1	0	1	NA	NA	NA	NA	NA	NA	NA	1	0	1	1	0	1	NA	NA	NA	1	0	1
13	41616452	114137500	2	1	1	3	a	6	1	1	0.0610805435285	0.174592414744	2	1	1	1	1	1	NA	NA	NA	NA	NA	NA	NA	2	1	1	1	1	1	NA	NA	NA	2	1	1
13	114137501	115169877	2	1	1	2	d	4	NA	NA	NA	NA	2	1	1	1	0	0.0495920955180054	1	1	0.950407904481995	0.0186082968721528	0.0185492435763139	0.0475063737045382	0.119779221206376	2	1	1	1	1	1	NA	NA	NA	2	1	1
14	1	16099999	2	1	1	1	g	NA	NA	NA	NA	NA	NA	NA	NA	NA	NA	NA	NA	NA	NA	NA	NA	NA	NA	NA	NA	NA	NA	NA	NA	NA	NA	NA	2	1	1
14	16100000	19099999	2	1	1	1	g	NA	NA	NA	NA	NA	NA	NA	NA	NA	NA	NA	NA	NA	NA	NA	NA	NA	NA	NA	NA	NA	3	1	0.780161	2	1	0.219839	2	1	1
14	19100000	20383515	2	1	1	2	f	2	1.26	1.26	0.05	0.537169267225	NA	NA	NA	NA	NA	NA	NA	NA	NA	NA	NA	NA	NA	NA	NA	NA	3	1	0.780161	2	1	0.219839	2	1	1
14	20383516	106368400	2	1	1	3	a	6	1	1	0.0571250107686	0.154571421906	2	1	1	1	1	1	NA	NA	NA	NA	NA	NA	NA	2	1	1	1	1	1	NA	NA	NA	2	1	1
15	1	15799999	2	1	1	1	g	NA	NA	NA	NA	NA	NA	NA	NA	NA	NA	NA	NA	NA	NA	NA	NA	NA	NA	NA	NA	NA	NA	NA	NA	NA	NA	NA	2	1	1
15	15800000	20699999	2	1	1	2	d	3	1	1	0.05	0.34748961891	NA	NA	NA	1	1	1	NA	NA	NA	NA	NA	NA	NA	NA	NA	NA	2	1	0.736505	1	1	0.263495	2	1	1
15	20700000	100338800	2	1	1	3	a	6	1	1	0.0528733288107	0.155018121742	2	1	1	1	1	1	NA	NA	NA	NA	NA	NA	NA	2	1	1	1	1	1	NA	NA	NA	2	1	1
15	100338801	102531391	2	1	1	2	d	4	NA	NA	NA	NA	2	1	1	1	1	0.920793333966984	2	1	0.0792066660330161	0.011884605032442	0.0117963463548087	0.914931635867253	0.961837147949506	2	1	1	1	1	1	NA	NA	NA	2	1	1
16	94036	11118645	2	1	1	3	a	6	1	1	0.0470033374595	0.130670960534	2	1	1	1	1	1	NA	NA	NA	NA	NA	NA	NA	2	1	1	1	1	1	NA	NA	NA	2	1	1
16	11118646	11711761	3	2	1	3	a	6	2	1	0.0706279137281	0.142864815146	3	1	2	2	1	1	NA	NA	NA	NA	NA	NA	NA	3	1	2	2	1	1	NA	NA	NA	3	1	2
16	11711762	34599999	2	1	1	3	a	6	1	1	0.0530220283084	0.184442064797	2	1	1	1	1	1	NA	NA	NA	NA	NA	NA	NA	2	1	1	1	1	1	NA	NA	NA	2	1	1
16	34600000	38599999	2	1	1	2	d	5	1	1	0.05	0.186206291613	2.330591	1.165295391	1.1652954	1	1	1	NA	NA	NA	NA	NA	NA	NA	2	1	1	1	1	1	NA	NA	NA	2	1	1
16	38600000	90081347	2	1	1	3	a	6	1	1	0.053337203224	0.150099018769	2	1	1	1	1	1	NA	NA	NA	NA	NA	NA	NA	2	1	1	1	1	1	NA	NA	NA	2	1	1
16	90081348	90142843	1	1	0	2	d	3	NA	NA	NA	NA	1	0	1	NA	NA	NA	NA	NA	NA	NA	NA	NA	NA	1	0	1	1	0	1	NA	NA	NA	2	1	1
17	2041	22199999	2	1	1	3	a	6	1	1	0.0527486658433	0.160419619296	2	1	1	1	1	1	NA	NA	NA	NA	NA	NA	NA	2	1	1	1	1	1	NA	NA	NA	2	1	1
17	22200000	25799999	2	1	1	3	a	6	1	1	0.0241933257029	0.193407101993	2	1	1	1	1	1	NA	NA	NA	NA	NA	NA	NA	2	1	1	1	1	1	NA	NA	NA	2	1	1
17	25800000	57677868	2	1	1	3	a	6	1	1	0.0528955486132	0.154829818808	2	1	1	1	1	1	NA	NA	NA	NA	NA	NA	NA	2	1	1	1	1	1	NA	NA	NA	2	1	1
17	57677869	58313820	3	2	1	2	d	5	2	1	0.0472071607706	0.171196379502	2.920064	1.062634042	1.8574302	2	1	1	NA	NA	NA	NA	NA	NA	NA	3	1	2	2	1	1	NA	NA	NA	3	1	2
17	58313821	78774600	2	1	1	3	a	6	1	1	0.0556257932715	0.144686514539	2	1	1	1	1	1	NA	NA	NA	NA	NA	NA	NA	2	1	1	1	1	1	NA	NA	NA	2	1	1
17	78774601	81195209	2	1	1	3	b	5	NA	NA	NA	NA	2	1	1	1	1	1	NA	NA	NA	NA	NA	NA	NA	2	1	1	1	1	1	NA	NA	NA	2	1	1
18	10001	80030	2	1	1	2	d	3	NA	NA	NA	NA	NA	NA	NA	NA	NA	NA	NA	NA	NA	NA	NA	NA	NA	2	1	1	1	1	1	NA	NA	NA	2	1	1
18	80031	15399999	2	1	1	3	a	6	1	1	0.0528595166033	0.146062293736	2	1	1	1	1	1	NA	NA	NA	NA	NA	NA	NA	2	1	1	1	1	1	NA	NA	NA	2	1	1
18	15400000	18999999	2	1	1	3	a	6	1	1	0.05	0.159045482797	2	1	1	1	1	1	NA	NA	NA	NA	NA	NA	NA	2	1	1	1	1	1	NA	NA	NA	2	1	1
18	19000000	76117000	2	1	1	3	a	6	1	1	0.0564127948093	0.161343675508	2	1	1	1	1	1	NA	NA	NA	NA	NA	NA	NA	2	1	1	1	1	1	NA	NA	NA	2	1	1
18	76117001	78077247	2	1	1	2	d	4	NA	NA	NA	NA	2	1	1	1	0	0.079206666033014	1	1	0.920793333966986	0.0133110006882736	0.0129939863285503	0.0597404454788644	0.110759937737818	2	1	1	1	1	1	NA	NA	NA	2	1	1
19	102500	272443	3	2	1	2	d	3	2	1	0.05	0.1	NA	NA	NA	3	1	1	NA	NA	NA	NA	NA	NA	NA	NA	NA	NA	2	1	1	NA	NA	NA	3	1	2
19	272444	2605618	3	2	1	3	a	6	2	1	0.07726983533	0.182403639099	3	1	2	2	1	1	NA	NA	NA	NA	NA	NA	NA	3	1	2	2	1	1	NA	NA	NA	3	1	2
19	2605619	4874794	2	2	0	3	a	6	2	0	0.044758456684	0.139064962899	2	0	2	2	0	1	NA	NA	NA	NA	NA	NA	NA	2	0	2	2	0	1	NA	NA	NA	2	0	2
19	4874795	4887566	3	3	0	1	g	NA	2	0	0.05	0.1	2	0	2	1	1	1	NA	NA	NA	NA	NA	NA	NA	3	0	3	2	0	1	NA	NA	NA	3	0	3
19	4887567	10418837	2	2	0	3	a	6	2	0	0.0455941844889	0.129925776394	2	0	2	2	0	1	NA	NA	NA	NA	NA	NA	NA	2	0	2	2	0	1	NA	NA	NA	2	0	2
19	10418838	12854415	3	2	1	2	d	5	2	1	0.0637320520761	0.175012759865	2.811894	0.920672328	1.8912218	2	1	1	NA	NA	NA	NA	NA	NA	NA	3	1	2	2	1	1	NA	NA	NA	3	1	2
19	12854416	13460796	2	2	0	3	a	6	2	0	0.0456789928696	0.110986754353	2	0	2	2	0	1	NA	NA	NA	NA	NA	NA	NA	2	0	2	2	0	1	NA	NA	NA	2	0	2
19	13460797	24399999	3	2	1	3	a	6	2	1	0.0688247887501	0.199988022884	3	1	2	2	1	1	NA	NA	NA	NA	NA	NA	NA	3	1	2	2	1	1	NA	NA	NA	3	1	2
19	24400000	28599999	3	2	1	2	d	3	2	1	0.0535373620911	0.384318306686	4.083105	1.354591253	2.7285141	3	1	0.493362226934806	3	2	0.506637773065194	0.0575032149391658	0.0543913719307195	0.471506540852549	0.682489133123882	3	1	2	3	2	0.528722	3	1	0.471278	3	1	2
19	28600000	36302116	3	2	1	2	d	4	2	0.93	0.0678421625263	0.197713214096	2.884919	0.979908112	1.9050111	2	1	1	NA	NA	NA	NA	NA	NA	NA	3	1	2	2	1	1	NA	NA	NA	3	1	2
19	36302117	37034089	4	3	1	2	d	5	3	1	0.0503622836423	0.195701516865	3.71255	0.935280307	2.7772697	3	1	1	NA	NA	NA	NA	NA	NA	NA	4	1	3	3	1	1	NA	NA	NA	4	1	3
19	37034090	59128982	3	2	1	2	d	5	2	1	0.0645075660655	0.280831570235	2.868589	0.966653148	1.9019362	2	1	1	NA	NA	NA	NA	NA	NA	NA	3	1	2	2	1	1	NA	NA	NA	3	1	2
20	17500	25599999	3	2	1	2	d	2	1.26	1.07	0.0552575725002	0.15759915993	2.607901	1.169366581	1.438534	1	1	0.770059557222735	2	1	0.229940442777265	0.00891179796902453	0.0086216672997464	0.753345334643802	0.787551769906905	3	1	2	NA	NA	NA	NA	NA	NA	3	1	2
20	25600000	29399999	3	2	1	2	d	2	1.26	1	0.0770436776229	0.265392781792	2.607901	1.169366581	1.438534	1	1	0.770059557222735	2	1	0.229940442777265	0.00891179796902453	0.0086216672997464	0.753345334643802	0.787551769906905	3	1	2	2	1	0.361899	1	1	0.638101	3	1	2
20	29400000	34755265	3	2	1	2	d	2	1.26	1	0.0595939221744	0.190101090677	2.518911	1.133497073	1.3854139	1	1	0.752479168646831	2	1	0.247520831353169	0.0111656610486436	0.0105811442420859	0.737521951936465	0.779070959440026	3	1	2	2	1	0.361899	1	1	0.638101	3	1	2
20	34755266	35522756	4	3	1	2	d	2	2.26	1	0.0459766817996	0.211153351064	3.44262	1.12825341	2.3143661	2	1	0.892573465649532	3	1	0.107426534350468	0.0682638555180128	0.0713273459392074	0.700042510165576	0.978491638128531	4	1	3	2	1	1	NA	NA	NA	4	1	3
20	35522757	62432500	3	2	1	2	d	3	1.26	1.07	0.052992312938	0.155607796363	2.573597	1.153774201	1.4198232	1	1	0.761344615278386	2	1	0.238655384721614	0.00405216721192114	0.00422092320418278	0.752902364756511	0.769585591518248	3	1	2	2	1	1	NA	NA	NA	3	1	2
21	1	9417499	NA	NA	NA	NA	NA	NA	NA	NA	NA	NA	NA	NA	NA	NA	NA	NA	NA	NA	NA	NA	NA	NA	NA	NA	NA	NA	2	0	0.478256	2	1	0.521744	NA	NA	NA
21	9417500	10899999	NA	NA	NA	NA	NA	NA	NA	NA	NA	NA	NA	NA	NA	NA	NA	NA	NA	NA	NA	NA	NA	NA	NA	NA	NA	NA	2	0	0.478256	2	1	0.521744	NA	NA	NA
21	10900000	14299999	2	1	1	1	h	1	NA	NA	NA	NA	NA	NA	NA	NA	NA	NA	NA	NA	NA	NA	NA	NA	NA	NA	NA	NA	1	1	1	NA	NA	NA	NA	NA	NA
21	14300000	46937500	2	1	1	3	b	5	1	1	0.0590359524141	0.158459105923	2	1	1	1	1	1	NA	NA	NA	NA	NA	NA	NA	2	1	1	1	1	1	NA	NA	NA	NA	NA	NA
21	46937501	48129894	2	1	1	2	d	3	NA	NA	NA	NA	2	1	1	1	0	0.0742562494059522	1	1	0.925743750594048	0.0193429554352448	0.018716537345644	0.0491183351966614	0.121445671083534	2	1	1	1	1	1	NA	NA	NA	NA	NA	NA
22	1	12199999	2	1	1	1	g	NA	NA	NA	NA	NA	NA	NA	NA	NA	NA	NA	NA	NA	NA	NA	NA	NA	NA	NA	NA	NA	NA	NA	NA	NA	NA	NA	2	1	1
22	12200000	17899999	2	1	1	3	a	6	1	1	0.0443240366633	0.18308348038	2	1	1	1	1	1	NA	NA	NA	NA	NA	NA	NA	2	1	1	1	1	1	NA	NA	NA	2	1	1
22	17900000	18016481	2	1	1	2	d	4	1	1	0.05	0.112673824775	2	1	1	1	0	0.222768748217848	1	1	0.777231251782152	NA	0	0.222768748217848	0.222768748217848	3	1	2	1	1	1	NA	NA	NA	2	1	1
22	18016482	18020380	2	1	1	2	d	3	1	1	0.05	0.1	NA	NA	NA	NA	NA	NA	NA	NA	NA	NA	NA	NA	NA	NA	NA	NA	1	1	1	NA	NA	NA	2	1	1
22	18020381	49687500	2	1	1	3	a	6	1	1	0.0545576186062	0.160502300925	2	1	1	1	1	1	NA	NA	NA	NA	NA	NA	NA	2	1	1	1	1	1	NA	NA	NA	2	1	1
22	49687501	51304565	2	1	1	3	b	5	NA	NA	NA	NA	2	1	1	1	1	1	NA	NA	NA	NA	NA	NA	NA	2	1	1	1	1	1	NA	NA	NA	2	1	1
X	1	58099999	2	1	1	2	d	3	1	1	0.0606024440719	0.204755646807	2.270634	1.016063574	1.2545704	1	1	0.753332966503108	2	1	0.246667033496892	0.00470915690989493	0.00472796108707888	0.73954349454245	0.758695539245829	2	1	1	NA	NA	NA	NA	NA	NA	2	1	1
X	58100000	62999999	2	1	1	2	d	3	1	1	0.05	0.475404234203	3.083512	1.385553491	1.6979583	NA	NA	NA	NA	NA	NA	NA	NA	NA	NA	2	1	1	NA	NA	NA	NA	NA	NA	2	1	1
X	63000000	154907500	2	1	1	2	d	3	1	1	0.0635994817995	0.227214485342	2.220124	0.981408915	1.2387155	1	1	0.740878615755282	2	1	0.259121384244718	0.00420547925427378	0.00403348227721733	0.732864184241928	0.748893576769374	2	1	1	NA	NA	NA	NA	NA	NA	2	1	1
