chromosome	start	end	total_cn	major_cn	minor_cn	star	level	methods_agree	absolute_broad_major_cn	absolute_broad_minor_cn	absolute_broad_het_error	absolute_broad_cov_error	aceseq_copy_number	aceseq_minor_cn	aceseq_major_cn	battenberg_nMaj1_A	battenberg_nMin1_A	battenberg_frac1_A	battenberg_nMaj2_A	battenberg_nMin2_A	battenberg_frac2_A	battenberg_SDfrac_A	battenberg_SDfrac_A_BS	battenberg_frac1_A_0.025	battenberg_frac1_A_0.975	clonehd_copy_number	clonehd_minor_cn	clonehd_major_cn	sclust_nMaj1_A	sclust_nMin1_A	sclust_frac1_A	sclust_nMaj2_A	sclust_nMin2_A	sclust_frac2_A	jabba_copy_number	jabba_minor_cn	jabba_major_cn
1	10001	790710	4	2	2	1	h	1	NA	NA	NA	NA	NA	NA	NA	2	2	1	NA	NA	NA	NA	NA	NA	NA	NA	NA	NA	NA	NA	NA	NA	NA	NA	2	1	1
1	790711	16431842	2	1	1	2	d	5	1.13	1.13	0.0629925824565	0.197928201264	2	1	1	1	1	1	NA	NA	NA	NA	NA	NA	NA	2	1	1	1	1	1	NA	NA	NA	2	1	1
1	16431843	38936829	2	1	1	2	d	4	1	1	0.0663090357849	0.166485842815	1.595673	0.79783655	0.7978365	1	0	0.276404966444434	1	1	0.723595033555566	0.00588165389258552	0.00572098624237216	0.280091844289589	0.302424564171031	2	1	1	1	1	1	NA	NA	NA	2	1	1
1	38936830	41911495	2	1	1	2	d	5	1.07	1.07	0.0568315518139	0.152940664685	2	1	1	1	1	1	NA	NA	NA	NA	NA	NA	NA	2	1	1	1	1	1	NA	NA	NA	2	1	1
1	41911496	56953773	2	1	1	2	d	3	1.07	1.07	0.0599545081102	0.199036125886	1.686262	0.84313094	0.8431309	1	0	0.236918542666658	1	1	0.763081457333342	0.00872857406910599	0.0088548324629804	0.209134059607929	0.245671540261041	2	1	1	1	1	1	NA	NA	NA	2	1	1
1	56953774	60526637	2	1	1	2	d	5	1.07	1.07	0.0478507644094	0.145661229379	2	1	1	1	1	1	NA	NA	NA	NA	NA	NA	NA	2	1	1	1	1	1	NA	NA	NA	2	1	1
1	60526638	60527765	2	1	1	2	d	3	1.07	1.07	0.05	0.1	2	1	1	1	0	0.0829214899333322	1	1	0.917078510066668	NA	0	0.0829214899333322	0.0829214899333322	1	0	1	1	1	1	NA	NA	NA	2	1	1
1	60527766	67025106	2	1	1	2	d	5	1.07	1.07	0.0462172453934	0.147908360053	2	1	1	1	1	1	NA	NA	NA	NA	NA	NA	NA	2	1	1	1	1	1	NA	NA	NA	2	1	1
1	67025107	67196520	3	2	1	2	d	2	1.37	1.22	0.0598343370303	0.184177715902	2.172794	1.086397086	1.0863971	1	1	0.699235377989408	2	1	0.300764622010592	0.0241153355258801	0.0242287466258041	0.651554462774256	0.746485672214336	3	1	2	1	1	1	NA	NA	NA	3	1	2
1	67196521	68136633	3	2	1	2	d	2	1.37	1.22	0.057649620013	0.16718789147	2.19521	0.938651614	1.2565585	1	1	0.699235377989408	2	1	0.300764622010592	0.0241153355258801	0.0242287466258041	0.651554462774256	0.746485672214336	3	1	2	2	1	0.175824	1	1	0.824176	3	1	2
1	68136634	68138753	2	1	1	2	d	3	1	1	0.05	0.1	2.19521	0.938651614	1.2565585	1	1	1	NA	NA	NA	NA	NA	NA	NA	3	1	2	2	1	0.175824	1	1	0.824176	2	1	1
1	68138754	106704041	2	1	1	2	d	4	1	1	0.0547282795735	0.134067730352	1.706639	0.722354143	0.9842853	1	0	0.265348767786658	1	1	0.734651232213342	0.00369359566821667	0.00370193269484517	0.26299029946376	0.277652615689302	2	1	1	1	1	1	NA	NA	NA	2	1	1
1	106704042	110449997	2	1	1	3	a	6	1	1	0.0524138907452	0.170283957099	2	1	1	1	1	1	NA	NA	NA	NA	NA	NA	NA	2	1	1	1	1	1	NA	NA	NA	2	1	1
1	110449998	121499999	2	1	1	2	d	4	1	1	0.0588092202661	0.193736143537	1.78949	0.894745103	0.8947451	1	0	0.138202483222221	1	1	0.861797516777779	0.00844678514386814	0.00846443458565431	0.133241242352256	0.166472084541273	2	1	1	1	1	1	NA	NA	NA	2	1	1
1	121500000	128899999	2	1	1	2	d	3	1	1	0.05	0.1	1.78949	0.894745103	0.8947451	NA	NA	NA	NA	NA	NA	NA	NA	NA	NA	1	0	1	1	1	1	NA	NA	NA	2	1	1
1	128900000	142542202	2	1	1	2	d	3	1	1	0.05	0.1	NA	NA	NA	NA	NA	NA	NA	NA	NA	NA	NA	NA	NA	NA	NA	NA	1	1	1	NA	NA	NA	2	1	1
1	142542203	145600522	2	1	1	2	d	4	1	1	0.0879144086101	0.285843936654	1.782054	0.891027182	0.8910272	1	1	0.924616827333337	2	1	0.0753831726666633	0.0058296068716624	0.00573233165306639	0.925117054487841	0.947460562263853	2	1	1	1	1	1	NA	NA	NA	2	1	1
1	145600523	159965434	2	1	1	2	d	5	1	1	0.0575067684127	0.163639786495	2	1	1	1	1	0.924616827333337	2	1	0.0753831726666633	0.0058296068716624	0.00573233165306639	0.925117054487841	0.947460562263853	2	1	1	1	1	1	NA	NA	NA	2	1	1
1	159965435	170874400	2	1	1	2	d	5	1	1	0.0505270347673	0.157794387489	2	1	1	1	1	0.924616827333337	2	1	0.0753831726666633	0.0058296068716624	0.00573233165306639	0.925117054487841	0.947460562263853	2	1	1	1	1	1	NA	NA	NA	2	1	1
1	170874401	176148721	2	1	1	2	d	5	1	1	0.0569120992194	0.13603792031	2	1	1	1	1	0.924616827333337	2	1	0.0753831726666633	0.0058296068716624	0.00573233165306639	0.925117054487841	0.947460562263853	2	1	1	1	1	1	NA	NA	NA	2	1	1
1	176148722	186921022	2	1	1	2	d	3	0.87	0.87	0.0582425565768	0.122719202139	1.694738	0.847368991	0.847369	1	0	0.236918542666658	1	1	0.763081457333342	0.00717252238717289	0.0072529311839455	0.224570392278015	0.252019178374188	2	1	1	1	1	1	NA	NA	NA	2	1	1
1	186921023	188887694	2	1	1	2	d	3	0.87	0.87	0.0557810012919	0.133750380321	1.80606	0.767545207	1.0385146	1	0	0.285936172183902	1	1	0.714063827816098	0.0109877962132224	0.0107571362412199	0.267987008692029	0.309651753677587	2	1	1	1	1	1	NA	NA	NA	2	1	1
1	188887695	192366272	3	2	1	2	d	2	1	0.78	0.0522184884874	0.115732088379	1.891199	0.753987057	1.1372124	1	1	0.489713908102575	2	1	0.510286091897425	0.016389123017109	0.0159400333695214	0.4816280404557	0.54295755628439	3	1	2	1	1	1	NA	NA	NA	3	1	2
1	192366273	194428883	2	1	1	2	d	3	1	0.78	0.0583411287131	0.120945422782	1.902829	0.780445973	1.1223829	1	1	0.58539255033334	2	1	0.41460744966666	0.0271786072693087	0.0272876537861134	0.524198606406671	0.631364477345217	2	1	1	1	1	1	NA	NA	NA	2	1	1
1	194428884	194459998	4	3	1	2	e	1	1	0.78	0.05	0.1	1.902829	0.780445973	1.1223829	2	1	0.664607449666651	2	2	0.335392550333349	0.112977914674615	0.112065519035733	0.458861672417394	0.890983117027608	4	1	3	2	2	1	NA	NA	NA	2	1	1
1	194459999	197568520	2	1	1	2	d	2	1	0.78	0.0624689347281	0.11959397105	1.876894	0.752379976	1.1245137	1	1	0.58539255033334	2	1	0.41460744966666	0.0175813354663091	0.0178283497925434	0.526911952306473	0.595917181122558	3	1	2	1	1	1	NA	NA	NA	2	1	1
1	197568521	247249600	2	1	1	2	d	3	1	0.78	0.0620363870473	0.139078204665	1.763618	0.73489781	1.0287199	1	0	0.301532690666659	1	1	0.698467309333341	0.00308434565773846	0.00301400262502439	0.297070113135576	0.308519760411414	2	1	1	1	1	1	NA	NA	NA	2	1	1
1	247249601	249250620	2	1	1	2	d	3	NA	NA	NA	NA	1.640475	0.820237469	0.8202375	1	0	0.255143045948713	1	1	0.744856954051287	0.0153450024871479	0.0157216274509251	0.207790906781393	0.269015636301972	2	1	1	1	1	1	NA	NA	NA	2	1	1
2	20016	90499999	2	1	1	2	d	3	1	0.63	0.0675425111167	0.129866818498	1.386415	0.510277466	0.8761372	1	0	0.414607449666653	1	1	0.585392550333347	0.00228832364340772	0.00236251366241972	0.400837086885676	0.409669060192576	2	1	1	1	1	1	NA	NA	NA	2	1	1
2	90500000	96799999	2	1	1	2	e	4	1	0.63	0.05	0.194984056407	1.343947	0.492076933	0.8518698	NA	NA	NA	NA	NA	NA	NA	NA	NA	NA	NA	NA	NA	1	0	0.546741	1	1	0.453259	2	1	1
2	96800000	124060176	2	1	1	2	d	3	1	0.63	0.0699806321927	0.143663530082	1.360033	0.498971251	0.8610622	1	0	0.407663463222636	1	1	0.592336536777364	0.00496260024892231	0.00497837557186022	0.398292557342896	0.41698352261578	2	1	1	1	1	1	NA	NA	NA	2	1	1
2	124060177	124090038	3	2	1	2	d	2	1	0.63	0.05	0.1	2.541008	1.018713365	1.5222943	2	1	0.738452721851843	2	2	0.261547278148157	0.126717667347784	0.137266317176183	0.327073036176093	0.858980464847918	3	1	2	2	1	1	NA	NA	NA	2	1	1
2	124090039	126360635	2	1	1	2	d	3	1	0.63	0.0700845657903	0.120934887163	1.429272	0.55189396	0.8773784	1	0	0.368539955259249	1	1	0.631460044740751	0.0143261798729634	0.0144452102630811	0.351787449794348	0.408241965134306	2	1	1	1	1	1	NA	NA	NA	2	1	1
2	126360636	126397151	2	1	1	2	e	4	1	0.63	0.05	0.1	1.429272	0.55189396	0.8773784	2	1	0.474719606904751	2	2	0.525280393095249	NA	0	0.474719606904751	0.474719606904751	NA	NA	NA	1	0	0.415722	1	1	0.584278	2	1	1
2	126397152	131505903	2	1	1	2	e	5	1	0.63	0.0721354893486	0.306419022732	1.325306	0.484088262	0.8412182	1	0	0.394864237777769	1	1	0.605135762222231	0.00531132815892857	0.00547678213654792	0.386472526911431	0.408293474768551	2	1	1	1	0	0.415722	1	1	0.584278	1	0	1
2	131505904	141665734	2	1	1	2	d	3	1	0.63	0.0643571437112	0.128979620147	1.394035	0.521883129	0.872152	1	0	0.394864237777769	1	1	0.605135762222231	0.00531132815892857	0.00547678213654792	0.386472526911431	0.408293474768551	2	1	1	1	1	1	NA	NA	NA	2	1	1
2	141665735	141934236	1	1	0	2	d	2	0.5	0.5	0.0509926328634	0.120957206781	0.914784	0.457392193	0.4573922	0	0	0.894494928403568	1	0	0.105505071596432	0.024984235046498	0.0246780205789478	0.842244838334647	0.941498291685598	1	0	1	1	0	0.279902	1	1	0.720098	1	0	1
2	141934237	213130035	2	1	1	2	d	3	1	0.63	0.0644446947021	0.123257216271	1.407364	0.519255771	0.8881082	1	0	0.414607449666653	1	1	0.585392550333347	0.00270233657690444	0.00268678924771311	0.403603923790536	0.414038246350267	2	1	1	1	1	1	NA	NA	NA	2	1	1
2	213130036	213200919	2	1	1	2	d	2	0.79	0.79	0.0558046218352	0.108226759793	2.233786	0.956968765	1.2768176	1	1	0.639471782898563	2	1	0.360528217101437	0.0741595633969783	0.0824091997246541	0.293541895171514	0.622564494983844	3	1	2	1	1	1	NA	NA	NA	2	1	1
2	213200920	242951000	2	1	1	2	d	2	1	0.63	0.0683128425773	0.143315697206	1.364659	0.500953715	0.8637055	1	0	0.39821764715594	1	1	0.60178235284406	0.00404182237617851	0.00395354396608656	0.390092111328183	0.405750345109462	2	1	1	1	1	1	NA	NA	NA	1	0	1
3	62226	35400006	2	1	1	2	d	4	1	1	0.0579363245303	0.146353599844	1.573523	0.786761659	0.7867617	1	0	0.214526300925631	1	1	0.785473699074369	0.00314281488412861	0.00308827304247606	0.208349463884286	0.22039339613776	2	1	1	1	1	1	NA	NA	NA	2	1	1
3	35400007	58305609	2	1	1	2	d	4	1	1	0.060125780146	0.143477630759	1.514089	0.757044539	0.7570445	1	0	0.214526300925631	1	1	0.785473699074369	0.00314281488412861	0.00308827304247606	0.208349463884286	0.22039339613776	2	1	1	1	1	1	NA	NA	NA	2	1	1
3	58305610	58305792	2	1	1	2	d	2	NA	NA	NA	NA	1.514089	0.757044539	0.7570445	NA	NA	NA	NA	NA	NA	NA	NA	NA	NA	NA	NA	NA	1	1	1	NA	NA	NA	2	1	1
3	58305793	87899999	2	1	1	2	d	4	1	1	0.0577465671499	0.141285607784	1.666458	0.695758426	0.9706999	1	0	0.301532690666659	1	1	0.698467309333341	0.00375376059495136	0.00370551051253893	0.288883685395111	0.303515514188811	2	1	1	1	1	1	NA	NA	NA	2	1	1
3	87900000	93899999	2	1	1	2	d	4	1	1	0.059686589255	0.135491308772	1.754602	0.751763524	1.0028382	NA	NA	NA	NA	NA	NA	NA	NA	NA	NA	2	1	1	1	1	1	NA	NA	NA	2	1	1
3	93900000	132020886	2	1	1	2	d	3	1	0.87	0.059897088117	0.132836278125	1.656268	0.699457935	0.9568098	1	0	0.289613323038838	1	1	0.710386676961162	0.00361537290742722	0.00358919811488996	0.282504409793581	0.296740708068832	2	1	1	1	1	1	NA	NA	NA	2	1	1
3	132020887	132023008	2	1	1	2	d	3	1	1	0.05	0.1	1.656268	0.699457935	0.9568098	1	0	0.689526367904404	1	1	0.310473632095596	0.0880099015154178	0.0768416391213559	0.54941846090796	0.823766706827836	1	0	1	1	1	1	NA	NA	NA	2	1	1
3	132023009	190933929	2	1	1	2	d	4	1	1	0.0576052853689	0.143321774391	1.636916	0.690661474	0.9462541	1	0	0.288422573681154	1	1	0.711577426318846	0.00304446282357373	0.00295169384647448	0.273970032326637	0.285630323450261	2	1	1	1	1	1	NA	NA	NA	2	1	1
3	190933930	190939706	2	1	1	2	d	4	1	1	0.05	0.1	1.636916	0.690661474	0.9462541	2	1	1	NA	NA	NA	NA	NA	NA	NA	2	1	1	1	1	1	NA	NA	NA	2	1	1
3	190939707	197779891	2	1	1	2	d	4	1	1	0.0589914274621	0.170509832958	1.609597	0.670078888	0.9395176	1	0	0.261857336631573	1	1	0.738142663368427	0.00912317410849886	0.00949888371947254	0.240439817457148	0.277609555488373	2	1	1	1	1	1	NA	NA	NA	2	1	1
4	28677	31313800	1	1	0	2	d	3	1.13	0.14	0.089422788482	0.126214975054	1.007322	0.101727349	0.9055944	1	0	0.912136389266642	1	1	0.0878636107333577	0.00282796567473176	0.00286668818123616	0.889703726710748	0.900648446615389	1	0	1	1	0	1	NA	NA	NA	1	0	1
4	31313801	31976299	2	1	1	2	d	2	1	0.5	0.0753238232142	0.124491396223	1.237238	0.377434939	0.8598032	1	0	0.552809932888874	1	1	0.447190067111126	0.0183518477870477	0.0185471322933506	0.525871731919844	0.596591086967888	2	1	1	1	0	0.581391	1	1	0.418609	2	1	1
4	31976300	32615888	1	1	0	2	d	4	1.13	0	0.101591612918	0.107244486532	1	0	1	1	0	0.921349888148122	1	1	0.0786501118518775	0.0137264935462578	0.0138505622439982	0.901600395167017	0.956780724091302	1	0	1	1	0	1	NA	NA	NA	1	0	1
4	32615889	33024427	2	1	1	2	d	2	1	0.5	0.0872071938957	0.134614302631	1.192528	0.345204514	0.8473232	1	0	0.611000452140336	1	1	0.388999547859664	0.0237522002213148	0.0240954992418915	0.55628437439444	0.651963633841255	2	1	1	1	0	0.651727	1	1	0.348273	2	1	1
4	33024428	33040905	2	1	1	2	d	3	1	1	0.05	0.1	1.192528	0.345204514	0.8473232	1	0	0.460674944074064	1	1	0.539325055925936	0.128307782028682	0.113585674807477	0.298059938345256	0.734670248761438	2	1	1	1	0	0.462506	1	1	0.537494	2	1	1
4	33040906	33820096	1	1	0	2	d	3	1.07	0	0.0806083359017	0.0963555864521	1.028949	0.114894126	0.9140546	1	0	0.908021255659177	1	1	0.0919787443408225	0.00923081596692193	0.00878617332534291	0.891005823030966	0.925520792177034	1	0	1	1	0	1	NA	NA	NA	1	0	1
4	33820097	33821205	1	1	0	2	d	3	1.07	0	0.05	0.1	1.028949	0.114894126	0.9140546	1	0	0.908021255659177	1	1	0.0919787443408225	0.00923081596692193	0.00878617332534291	0.891005823030966	0.925520792177034	1	0	1	1	0	1	NA	NA	NA	1	0	1
4	33821206	36008777	1	1	0	2	d	3	1.07	0	0.076787656358	0.108244770093	0.997271	0.09855347	0.8987177	1	0	0.908021255659177	1	1	0.0919787443408225	0.00923081596692193	0.00878617332534291	0.891005823030966	0.925520792177034	1	0	1	1	0	1	NA	NA	NA	1	0	1
4	36008778	36561933	2	1	1	2	d	2	1	0.5	0.0640593488591	0.0943674839239	1.305135	0.404593747	0.9005414	1	0	0.552809932888874	1	1	0.447190067111126	0.0190667926039353	0.0188915587152558	0.501909822255788	0.575893882179734	2	1	1	1	0	0.574365	1	1	0.425635	2	1	1
4	36561934	41239921	1	1	0	2	d	3	1.07	0	0.0871309285142	0.109923667655	0.987883	0.088475335	0.8994076	1	0	0.921349888148122	1	1	0.0786501118518775	0.00644495253133787	0.00630841653543422	0.888072880193657	0.912358517605322	1	0	1	1	0	1	NA	NA	NA	1	0	1
4	41239922	41522052	2	1	1	2	d	2	1	1	0.05	0.098050281564	1.375484	0.417278162	0.9582057	1	0	0.463108698495585	1	1	0.536891301504415	0.0652969750510997	0.0647643394400704	0.330053579223807	0.588382432798439	2	1	1	1	0	0.564581	1	1	0.435419	1	0	1
4	41522053	42056688	2	1	1	2	d	4	1	1	0.0559843923513	0.175233537633	1.537354	0.768676864	0.7686769	1	0	0.310955587249989	1	1	0.689044412750011	0.0417506773875521	0.0452335347280567	0.159604049582485	0.336509980915722	2	1	1	1	1	1	NA	NA	NA	2	1	1
4	42056689	42186055	2	1	1	2	d	4	1	1	0.05	0.0931123110132	1.537354	0.768676864	0.7686769	1	1	1	NA	NA	NA	NA	NA	NA	NA	2	1	1	1	0	0.546741	1	1	0.453259	2	1	1
4	42186056	42316059	1	1	0	2	d	2	1	1	0.0763993980848	0.12847752838	1.285625	0.456431664	0.8291935	1	0	0.535163017909702	1	1	0.464836982090298	0.0411239843055289	0.040027487936594	0.454230022346395	0.610944357444849	1	0	1	1	0	0.546741	1	1	0.453259	1	0	1
4	42316060	42350251	1	1	0	2	d	3	1	0	0.05	0.1	1.285625	0.456431664	0.8291935	1	0	0.535163017909702	1	1	0.464836982090298	0.0411239843055289	0.040027487936594	0.454230022346395	0.610944357444849	1	0	1	1	0	0.712602	1	1	0.287398	1	0	1
4	42350252	42444387	2	1	1	2	d	3	1	0.63	0.05	0.107986419057	1.517371	0.758685668	0.7586857	1	0	0.390218776156854	1	1	0.609781223843146	0.0489218344326684	0.0503645238967849	0.255064517550284	0.449594149296118	2	1	1	1	1	1	NA	NA	NA	2	1	1
4	42444388	42712119	2	1	1	2	d	2	1	0.63	0.0620274830697	0.109846290611	1.301161	0.441750648	0.85941	1	0	0.580450429533318	1	1	0.419549570466682	0.0302370039190547	0.030921957404656	0.483756312595649	0.608444994430662	2	1	1	1	0	0.609289	1	1	0.390711	2	1	1
4	42712120	43121897	2	1	1	2	d	2	1	0.63	0.0665502956693	0.155982461034	1.434403	0.486994876	0.9474076	1	0	0.497528939599987	1	1	0.502471060400013	0.0279656424978428	0.0284602306069998	0.417633932311717	0.529314623731084	2	1	1	1	0	0.502139	1	1	0.497861	2	1	1
4	43121898	45973747	1	1	0	2	d	5	1.07	0	0.0850907141507	0.105270452183	1	0	1	1	0	1	NA	NA	NA	NA	NA	NA	NA	1	0	1	1	0	1	NA	NA	NA	1	0	1
4	45973748	45980430	1	1	0	2	d	5	1.07	0	0.05	0.1	1	0	1	1	0	1	NA	NA	NA	NA	NA	NA	NA	1	0	1	1	0	1	NA	NA	NA	1	0	1
4	45980431	46601264	1	1	0	2	d	5	1.21	0	0.079482968806	0.100970510684	1	0	1	1	0	1	NA	NA	NA	NA	NA	NA	NA	1	0	1	1	0	1	NA	NA	NA	1	0	1
4	46601265	46635759	2	1	1	2	d	3	1	1	0.05	0.1	1	0	1	1	1	1	NA	NA	NA	NA	NA	NA	NA	2	1	1	1	0	0.803368	1	1	0.196632	1	0	1
4	46635760	46645557	1	1	0	1	g	NA	1	1	0.05	0.1	NA	NA	NA	NA	NA	NA	NA	NA	NA	NA	NA	NA	NA	NA	NA	NA	1	0	0.803368	1	1	0.196632	1	0	1
4	46645558	46889524	2	1	1	2	d	2	1	1	0.05	0.0908265198185	1.280677	0.320967581	0.9597097	1	0	0.785572009894714	1	1	0.214427990105286	0.0469347349154943	0.0485911855589801	0.632270961527851	0.823372574961994	2	1	1	1	0	0.803368	1	1	0.196632	1	0	1
4	46889525	47069582	2	1	1	2	d	2	1	1	0.0629039049664	0.158738085123	1.403043	0.430190353	0.9728527	1	0	0.552809932888874	1	1	0.447190067111126	0.037007225733258	0.033291889118329	0.522405341261833	0.654619456344146	2	1	1	1	0	0.546741	1	1	0.453259	1	0	1
4	47069583	47408138	1	1	0	2	d	5	1.21	0	0.092632343693	0.105782621347	1	0	1	1	0	1	NA	NA	NA	NA	NA	NA	NA	1	0	1	1	0	1	NA	NA	NA	1	0	1
4	47408139	47432499	1	1	0	2	d	3	1	0.5	0.05	0.1	1	0	1	1	0	0.725563036916647	1	1	0.274436963083353	0.108837473882799	0.103408596930875	0.397088825032854	0.803361778915298	1	0	1	1	0	0.783889	1	1	0.216111	1	0	1
4	47432500	48046283	1	1	0	2	d	2	1	0.5	0.0850640379078	0.150164044117	1.140214	0.246032527	0.8941813	1	0	0.72105643420288	1	1	0.27894356579712	0.0252734017950601	0.0247004171978147	0.689920214208322	0.788031254129092	1	0	1	1	0	0.783889	1	1	0.216111	1	0	1
4	48046284	48199999	1	1	0	2	d	5	1	0	0.0803358387867	0.103154962978	0.892651	0.020714462	0.8719369	1	0	1	NA	NA	NA	NA	NA	NA	NA	1	0	1	1	0	1	NA	NA	NA	1	0	1
4	48200000	52699999	1	1	0	2	d	3	1.22	0	0.101266680474	0.405755313261	0.887988	0.008557952	0.8794296	NA	NA	NA	NA	NA	NA	NA	NA	NA	NA	1	0	1	1	0	1	NA	NA	NA	1	0	1
4	52700000	55741625	1	1	0	2	d	4	1.07	0	0.0835878377019	0.111894541738	0.908328	0.025325322	0.883003	1	0	1	NA	NA	NA	NA	NA	NA	NA	1	0	1	1	0	1	NA	NA	NA	1	0	1
4	55741626	191154275	1	1	0	2	d	5	1.13	0	0.085707111626	0.116008758621	1	0	1	1	0	1	NA	NA	NA	NA	NA	NA	NA	1	0	1	1	0	1	NA	NA	NA	1	0	1
5	22500	803832	2	1	1	2	d	3	1	1	0.0607565204962	0.298297367011	1.797014	0.898507123	0.8985071	NA	NA	NA	NA	NA	NA	NA	NA	NA	NA	NA	NA	NA	1	1	1	NA	NA	NA	2	1	1
5	803833	42905273	2	1	1	2	d	5	1	1	0.0528921320804	0.144670891043	1.716657	0.858328371	0.8583284	1	1	1	NA	NA	NA	NA	NA	NA	NA	2	1	1	1	1	1	NA	NA	NA	2	1	1
5	42905274	42910572	2	1	1	2	d	4	1	1	0.05	0.1	1.716657	0.858328371	0.8583284	1	1	1	NA	NA	NA	NA	NA	NA	NA	NA	NA	NA	1	1	1	NA	NA	NA	2	1	1
5	42910573	45910024	2	1	1	2	d	5	1	1	0.0511499411917	0.138873788838	1.826772	0.913386134	0.9133861	1	1	1	NA	NA	NA	NA	NA	NA	NA	2	1	1	1	1	1	NA	NA	NA	2	1	1
5	45910025	50699999	2	1	1	2	d	4	1	1	0.0747395731282	0.20347666337	2.341778	1.170889121	1.1708891	NA	NA	NA	NA	NA	NA	NA	NA	NA	NA	2	1	1	1	1	1	NA	NA	NA	2	1	1
5	50700000	99400627	2	1	1	2	d	5	1	1	0.0507418844647	0.153675665196	1.748671	0.874335441	0.8743354	1	1	1	NA	NA	NA	NA	NA	NA	NA	2	1	1	1	1	1	NA	NA	NA	2	1	1
5	99400628	99684302	2	1	1	2	d	4	1	1	0.05	0.112513759137	1.748671	0.874335441	0.8743354	1	1	1	NA	NA	NA	NA	NA	NA	NA	3	1	2	1	1	1	NA	NA	NA	2	1	1
5	99684303	100714655	2	1	1	2	d	5	1	1	0.0408795806139	0.134119630656	1.767219	0.88360946	0.8836095	1	1	1	NA	NA	NA	NA	NA	NA	NA	2	1	1	1	1	1	NA	NA	NA	2	1	1
5	100714656	103692655	2	1	1	2	d	5	1	1	0.0560722381724	0.150954779287	1.808065	0.904032577	0.9040326	1	1	1	NA	NA	NA	NA	NA	NA	NA	2	1	1	1	1	1	NA	NA	NA	2	1	1
5	103692656	117497864	2	1	1	2	d	5	1	1	0.0492557436724	0.15545992927	1.760035	0.880017708	0.8800177	1	1	1	NA	NA	NA	NA	NA	NA	NA	2	1	1	1	1	1	NA	NA	NA	2	1	1
5	117497865	170686558	2	1	1	2	d	5	1	1	0.0532777483719	0.159761861107	1.741842	0.870920753	0.8709208	1	1	1	NA	NA	NA	NA	NA	NA	NA	2	1	1	1	1	1	NA	NA	NA	2	1	1
5	170686559	175075250	1	1	0	2	d	4	1.13	0	0.0953904517335	0.117506844203	0.881593	0.017461843	0.8641306	1	0	1	NA	NA	NA	NA	NA	NA	NA	1	0	1	1	0	1	NA	NA	NA	1	0	1
5	175075251	180715810	2	1	1	2	d	3	1.13	1.13	0.0633531180262	0.197173581351	1.684478	0.84223923	0.8422392	1	1	1	NA	NA	NA	NA	NA	NA	NA	1	0	1	1	1	1	NA	NA	NA	2	1	1
6	39681	242500	2	1	1	2	d	4	1	1	0.05	0.1	1.792883	0.896441389	0.8964414	1	1	1	NA	NA	NA	NA	NA	NA	NA	NA	NA	NA	1	1	1	NA	NA	NA	2	1	1
6	242501	58699999	2	1	1	2	d	5	1	1	0.0562532527197	0.14941818143	1.780755	0.890377552	0.8903776	1	1	1	NA	NA	NA	NA	NA	NA	NA	2	1	1	1	1	1	NA	NA	NA	2	1	1
6	58700000	63299999	2	1	1	2	d	4	1	1	0.0732284707748	0.257259446797	2	1	1	NA	NA	NA	NA	NA	NA	NA	NA	NA	NA	3	1	2	1	1	1	NA	NA	NA	2	1	1
6	63300000	63599981	2	1	1	2	d	4	1	1	0.0414768101069	0.15402635418	2.170132	1.085065983	1.085066	1	1	1	NA	NA	NA	NA	NA	NA	NA	3	1	2	1	1	1	NA	NA	NA	2	1	1
6	63599982	79006805	2	1	1	2	d	5	1	1	0.0470700360102	0.139821165107	1.825753	0.912876395	0.9128764	1	1	1	NA	NA	NA	NA	NA	NA	NA	2	1	1	1	1	1	NA	NA	NA	2	1	1
6	79006806	79014511	2	1	1	2	d	4	1	1	0.05	0.1	1.825753	0.912876395	0.9128764	1	1	1	NA	NA	NA	NA	NA	NA	NA	3	1	2	1	1	1	NA	NA	NA	2	1	1
6	79014512	82720029	2	1	1	2	d	5	1	1	0.0511882517283	0.133564985683	1.858503	0.929251447	0.9292514	1	1	1	NA	NA	NA	NA	NA	NA	NA	2	1	1	1	1	1	NA	NA	NA	2	1	1
6	82720030	82747041	4	2	2	2	d	3	1	1	0.05	0.1	3.448491	1.724245264	1.7242453	2	2	1	NA	NA	NA	NA	NA	NA	NA	4	2	2	2	2	1	NA	NA	NA	2	1	1
6	82747042	93829024	2	1	1	2	d	5	1	1	0.0481215729934	0.130942158202	1.794958	0.897479252	0.8974793	1	1	1	NA	NA	NA	NA	NA	NA	NA	2	1	1	1	1	1	NA	NA	NA	2	1	1
6	93829025	102493024	2	1	1	2	d	5	1	1	0.0509547768669	0.131084843408	1.871115	0.935557497	0.9355575	1	1	1	NA	NA	NA	NA	NA	NA	NA	2	1	1	1	1	1	NA	NA	NA	2	1	1
6	102493025	115560139	2	1	1	2	d	5	1	1	0.0515033785657	0.134604333667	1.787229	0.893614512	0.8936145	1	1	1	NA	NA	NA	NA	NA	NA	NA	2	1	1	1	1	1	NA	NA	NA	2	1	1
6	115560140	116955830	3	2	1	2	d	3	1.86	1	0.0544252209043	0.154335666682	2.641002	0.955177203	1.6858251	1	1	0.150342107940937	2	1	0.849657892059063	0.00595712746850321	0.00620626680966967	0.13865767691167	0.162794130525904	3	1	2	2	1	1	NA	NA	NA	3	1	2
6	116955831	153242820	3	2	1	2	d	3	1.86	1	0.063332048595	0.160923970585	2.534625	0.885480254	1.6491449	1	1	0.150342107940937	2	1	0.849657892059063	0.00595712746850321	0.00620626680966967	0.13865767691167	0.162794130525904	3	1	2	2	1	1	NA	NA	NA	3	1	2
6	153242821	154964819	3	2	1	2	d	2	2	0.78	0.0726975926801	0.149276206788	2.249028	0.657655083	1.5913726	2	0	0.169709111413313	2	1	0.830290888586687	0.0171915224539094	0.0171178582335562	0.120506566389379	0.185513780858829	3	1	2	2	0	0.222867	2	1	0.777133	3	1	2
6	154964820	170899800	3	2	1	2	d	4	2	1	0.0696645169917	0.18275368271	2.482057	0.875362513	1.6066946	1	1	0.17078510066669	2	1	0.82921489933331	0.00929205258425912	0.0092571507788187	0.16224686531585	0.199090385382779	3	1	2	2	1	1	NA	NA	NA	3	1	2
7	40386	8620054	2	1	1	2	d	4	1	1	0.0617728502434	0.193394165853	1.858207	0.929103562	0.9291036	1	1	0.861797516777782	2	1	0.138202483222218	0.0111196060106868	0.0112348975851458	0.829685508472727	0.874970865090755	2	1	1	1	1	1	NA	NA	NA	2	1	1
7	8620055	11712792	2	1	1	2	d	4	1	1	0.0525111851148	0.123509550569	1.888502	0.944251165	0.9442512	1	1	0.912714221122809	2	1	0.0872857788771915	0.0131248034509542	0.0131414412868621	0.899063287047445	0.951257169179864	2	1	1	1	1	1	NA	NA	NA	2	1	1
7	11712793	11789980	2	1	1	2	d	3	1	1	0.0545283961382	0.111271268758	2.759758	1.379878744	1.3798787	2	2	1	NA	NA	NA	NA	NA	NA	NA	3	1	2	1	1	1	NA	NA	NA	2	1	1
7	11789981	57984018	2	1	1	2	d	5	1	1	0.0523420228975	0.141569539997	1.755337	0.87766846	0.8776685	1	1	1	NA	NA	NA	NA	NA	NA	NA	2	1	1	1	1	1	NA	NA	NA	2	1	1
7	57984019	61699999	2	1	1	2	d	3	1	1	0.05	0.179808885919	1.755337	0.87766846	0.8776685	NA	NA	NA	NA	NA	NA	NA	NA	NA	NA	NA	NA	NA	1	1	1	NA	NA	NA	2	1	1
7	61700000	65857392	2	1	1	2	d	4	1	1	0.0866810066112	0.211120233306	2.172051	1.08602564	1.0860256	1	1	0.921020177905269	2	1	0.0789798220947313	0.011617258610485	0.0118315415382093	0.898584942129204	0.944681852948858	2	1	1	1	1	1	NA	NA	NA	2	1	1
7	65857393	75046292	2	1	1	2	d	4	1	1	0.0584735601434	0.181878025487	1.779096	0.889548194	0.8895482	1	1	0.921020177905269	2	1	0.0789798220947313	0.011617258610485	0.0118315415382093	0.898584942129204	0.944681852948858	2	1	1	1	1	1	NA	NA	NA	2	1	1
7	75046293	75716628	1	1	0	2	d	5	1.07	0	0.084527233638	0.104999333859	1	0	1	1	0	1	NA	NA	NA	NA	NA	NA	NA	1	0	1	1	0	1	NA	NA	NA	1	0	1
7	75716629	85480027	1	1	0	2	d	5	1.07	0	0.0857161013992	0.106249646071	1	0	1	1	0	1	NA	NA	NA	NA	NA	NA	NA	1	0	1	1	0	1	NA	NA	NA	1	0	1
7	85480028	96954477	2	1	1	2	d	4	1	1	0.0495510878963	0.135471871807	1.881798	0.940899094	0.9408991	1	1	0.861797516777782	2	1	0.138202483222218	0.00842721455178824	0.00831695444311922	0.84842590969533	0.880455224878629	2	1	1	1	1	1	NA	NA	NA	2	1	1
7	96954478	96956986	2	1	1	2	d	3	1	1	0.05	0.1	1.881798	0.940899094	0.9408991	NA	NA	NA	NA	NA	NA	NA	NA	NA	NA	NA	NA	NA	1	1	1	NA	NA	NA	2	1	1
7	96956987	118369934	2	1	1	2	d	4	1	1	0.0522889134859	0.142733911983	1.847749	0.923874545	0.9238745	1	1	0.896348137583338	2	1	0.103651862416662	0.00680520736975215	0.00688024910819459	0.873373632464812	0.900792503083188	2	1	1	1	1	1	NA	NA	NA	2	1	1
7	118369935	118584089	1	1	0	2	d	4	1	0	0.0821191240308	0.0964384458482	1.145169	0.062234521	1.0829341	1	0	1	NA	NA	NA	NA	NA	NA	NA	1	0	1	1	0	1	NA	NA	NA	2	1	1
7	118584090	118591474	2	1	1	2	d	5	1	1	0.05	0.1	1.145169	0.062234521	1.0829341	1	1	1	NA	NA	NA	NA	NA	NA	NA	2	1	1	1	1	1	NA	NA	NA	2	1	1
7	118591475	121172028	2	1	1	2	d	5	1	1	0.0475444781355	0.132171045475	1.876579	0.938289515	0.9382895	1	1	1	NA	NA	NA	NA	NA	NA	NA	2	1	1	1	1	1	NA	NA	NA	2	1	1
7	121172029	137799287	1	1	0	3	a	6	1	0	0.0851203587823	0.106944465529	1	0	1	1	0	1	NA	NA	NA	NA	NA	NA	NA	1	0	1	1	0	1	NA	NA	NA	1	0	1
7	137799288	143928861	2	1	1	2	d	4	1	1	0.0580850405013	0.153988507869	1.846544	0.923272211	0.9232722	1	1	0.907865011185191	2	1	0.0921349888148091	0.0140317076597982	0.0140684043270384	0.866700860677523	0.919416187349464	2	1	1	1	1	1	NA	NA	NA	2	1	1
7	143928862	158771400	1	1	0	2	d	5	1.07	0	0.0882389258239	0.129812740817	1	0	1	1	0	1	NA	NA	NA	NA	NA	NA	NA	1	0	1	1	0	1	NA	NA	NA	1	0	1
8	10001	161558	1	1	0	2	d	3	NA	NA	NA	NA	NA	NA	NA	NA	NA	NA	NA	NA	NA	NA	NA	NA	NA	1	0	1	1	0	1	NA	NA	NA	1	0	1
8	161559	43099999	1	1	0	2	d	5	1.22	0	0.0887852314558	0.141894632124	1	0	1	1	0	1	NA	NA	NA	NA	NA	NA	NA	1	0	1	1	0	1	NA	NA	NA	1	0	1
8	43100000	48099999	1	1	0	2	d	3	1.22	0	0.0983856631715	0.145382689953	1.364321	0.123597198	1.2407239	NA	NA	NA	NA	NA	NA	NA	NA	NA	NA	1	0	1	1	0	1	NA	NA	NA	1	0	1
8	48100000	50144649	1	1	0	2	d	4	1.22	0	0.0829938402634	0.107029091992	0.898655	0.017398561	0.8812559	1	0	1	NA	NA	NA	NA	NA	NA	NA	1	0	1	1	0	1	NA	NA	NA	1	0	1
8	50144650	50435082	2	1	1	2	d	5	1	1	0.0515210467509	0.118719449845	1.852125	0.926062717	0.9260627	1	1	1	NA	NA	NA	NA	NA	NA	NA	2	1	1	1	1	1	NA	NA	NA	2	1	1
8	50435083	50435526	2	1	1	2	d	4	1	1	0.05	0.1	1.852125	0.926062717	0.9260627	1	1	1	NA	NA	NA	NA	NA	NA	NA	NA	NA	NA	1	1	1	NA	NA	NA	2	1	1
8	50435527	50689858	2	1	1	3	b	5	1	1	0.05	0.145441700555	NA	NA	NA	1	1	1	NA	NA	NA	NA	NA	NA	NA	2	1	1	1	1	1	NA	NA	NA	2	1	1
8	50689859	50689874	2	1	1	2	d	4	1	1	0.05	0.1	NA	NA	NA	1	1	1	NA	NA	NA	NA	NA	NA	NA	NA	NA	NA	1	1	1	NA	NA	NA	2	1	1
8	50689875	51123100	2	1	1	2	d	5	1	1	0.0398649337395	0.172016583175	1.85389	0.9269451	0.9269451	1	1	1	NA	NA	NA	NA	NA	NA	NA	2	1	1	1	1	1	NA	NA	NA	2	1	1
8	51123101	51277890	1	1	0	3	a	6	1	0	0.0699258177521	0.118223157857	1	0	1	1	0	1	NA	NA	NA	NA	NA	NA	NA	1	0	1	1	0	1	NA	NA	NA	1	0	1
8	51277891	51815561	2	1	1	2	d	5	1	1	0.0505826924464	0.14300854131	1.807712	0.90385618	0.9038562	1	1	1	NA	NA	NA	NA	NA	NA	NA	2	1	1	1	1	1	NA	NA	NA	2	1	1
8	51815562	70249990	1	1	0	3	a	6	1	0	0.083259487029	0.102647585498	1	0	1	1	0	1	NA	NA	NA	NA	NA	NA	NA	1	0	1	1	0	1	NA	NA	NA	1	0	1
8	70249991	70498483	2	1	1	2	d	5	1	1	0.0355556033092	0.141761595342	1.868415	0.934207343	0.9342073	1	1	1	NA	NA	NA	NA	NA	NA	NA	2	1	1	1	1	1	NA	NA	NA	2	1	1
8	70498484	70499902	2	1	1	2	d	2	NA	NA	NA	NA	1.868415	0.934207343	0.9342073	NA	NA	NA	NA	NA	NA	NA	NA	NA	NA	NA	NA	NA	1	1	1	NA	NA	NA	2	1	1
8	70499903	70500167	2	1	1	1	g	NA	NA	NA	NA	NA	NA	NA	NA	NA	NA	NA	NA	NA	NA	NA	NA	NA	NA	NA	NA	NA	1	1	1	NA	NA	NA	NA	NA	NA
8	70500168	70500835	3	2	1	1	g	NA	NA	NA	NA	NA	NA	NA	NA	NA	NA	NA	NA	NA	NA	NA	NA	NA	NA	NA	NA	NA	2	1	1	NA	NA	NA	NA	NA	NA
8	70500836	70851311	3	2	1	2	d	5	2	1	0.0706505628487	0.135411261748	2.780052	0.931184664	1.8488675	2	1	1	NA	NA	NA	NA	NA	NA	NA	3	1	2	2	1	1	NA	NA	NA	3	1	2
8	70851312	70851880	3	2	1	2	d	2	NA	NA	NA	NA	2.780052	0.931184664	1.8488675	NA	NA	NA	NA	NA	NA	NA	NA	NA	NA	1	0	1	2	1	1	NA	NA	NA	3	1	2
8	70851881	70852331	3	2	1	1	g	NA	NA	NA	NA	NA	NA	NA	NA	NA	NA	NA	NA	NA	NA	NA	NA	NA	NA	NA	NA	NA	2	1	1	NA	NA	NA	NA	NA	NA
8	70852332	78449986	2	1	1	3	a	6	1	1	0.0487744645599	0.121602083759	2	1	1	1	1	1	NA	NA	NA	NA	NA	NA	NA	2	1	1	1	1	1	NA	NA	NA	2	1	1
8	78449987	84325442	2	1	1	3	a	6	1	1	0.0499618017045	0.12253386275	2	1	1	1	1	1	NA	NA	NA	NA	NA	NA	NA	2	1	1	1	1	1	NA	NA	NA	2	1	1
8	84325443	104090515	2	1	1	3	a	6	1	1	0.047211855636	0.132188141725	2	1	1	1	1	1	NA	NA	NA	NA	NA	NA	NA	2	1	1	1	1	1	NA	NA	NA	2	1	1
8	104090516	104090666	2	1	1	2	d	4	0.93	0.93	0.05	0.1	2	1	1	1	1	1	NA	NA	NA	NA	NA	NA	NA	NA	NA	NA	1	1	1	NA	NA	NA	2	1	1
8	104090667	132316087	2	1	1	2	d	5	0.93	0.93	0.0493137836793	0.137051623518	2	1	1	1	1	1	NA	NA	NA	NA	NA	NA	NA	2	1	1	1	1	1	NA	NA	NA	2	1	1
8	132316088	132319477	3	2	1	2	d	3	2	1	0.05	0.1	2	1	1	1	0	0.80246603161288	1	1	0.19753396838712	NA	0	0.80246603161288	0.80246603161288	3	1	2	2	1	1	NA	NA	NA	2	1	1
8	132319478	132319528	3	2	1	2	d	2	2	1	0.05	0.1	NA	NA	NA	NA	NA	NA	NA	NA	NA	NA	NA	NA	NA	NA	NA	NA	2	1	1	NA	NA	NA	2	1	1
8	132319529	132411847	3	2	1	3	b	6	2	1	0.0626889100948	0.173401072094	3	1	2	2	1	1	NA	NA	NA	NA	NA	NA	NA	4	1	3	2	1	1	NA	NA	NA	3	1	2
8	132411848	144198538	2	1	1	2	d	5	1	1	0.0558675838335	0.154221363139	1.899295	0.949647386	0.9496474	1	1	1	NA	NA	NA	NA	NA	NA	NA	2	1	1	1	1	1	NA	NA	NA	2	1	1
8	144198539	144480731	1	1	0	3	a	6	1	0	0.05	0.13534801959	1	0	1	1	0	1	NA	NA	NA	NA	NA	NA	NA	1	0	1	1	0	1	NA	NA	NA	1	0	1
8	144480732	144499472	1	1	0	2	d	4	NA	NA	NA	NA	1	0	1	1	0	1	NA	NA	NA	NA	NA	NA	NA	1	0	1	1	0	1	NA	NA	NA	2	0	2
8	144499473	144504684	1	1	0	1	g	NA	NA	NA	NA	NA	NA	NA	NA	1	1	1	NA	NA	NA	NA	NA	NA	NA	1	0	1	1	0	1	NA	NA	NA	2	0	2
8	144504685	144507143	1	1	0	2	d	3	NA	NA	NA	NA	NA	NA	NA	1	1	0.66831404026668	2	1	0.33168595973332	NA	0	0.66831404026668	0.66831404026668	1	0	1	1	0	1	NA	NA	NA	1	0	1
8	144507144	144536432	2	1	1	2	d	4	1	1	0.05	0.1	NA	NA	NA	1	1	1	NA	NA	NA	NA	NA	NA	NA	1	0	1	1	1	1	NA	NA	NA	2	1	1
8	144536433	146364021	1	1	0	2	d	5	1	0	0.102679619467	0.165560820837	1.142189	0.074638905	1.0675496	1	0	1	NA	NA	NA	NA	NA	NA	NA	1	0	1	1	0	1	NA	NA	NA	1	0	1
9	10001	202398	1	1	0	2	d	3	1.22	0	0.05	0.1	NA	NA	NA	NA	NA	NA	NA	NA	NA	NA	NA	NA	NA	1	0	1	1	0	1	NA	NA	NA	1	0	1
9	202399	9299641	1	1	0	2	d	5	1.22	0	0.0881612791581	0.118449315369	1	0	1	1	0	1	NA	NA	NA	NA	NA	NA	NA	1	0	1	1	0	1	NA	NA	NA	1	0	1
9	9299642	44247836	1	1	0	2	d	5	1.22	0	0.0864548652694	0.131324630321	1	0	1	1	0	1	NA	NA	NA	NA	NA	NA	NA	1	0	1	1	0	1	NA	NA	NA	1	0	1
9	44247837	44904406	0	0	0	1	g	NA	0	0	0.05	0.225010867919	1	0	1	0	0	1	NA	NA	NA	NA	NA	NA	NA	1	0	1	0	0	1	NA	NA	NA	1	0	1
9	44904407	47299999	1	1	0	2	d	3	NA	NA	NA	NA	NA	NA	NA	0	0	1	NA	NA	NA	NA	NA	NA	NA	1	0	1	1	0	1	NA	NA	NA	1	0	1
9	47300000	50699999	1	1	0	2	d	3	NA	NA	NA	NA	NA	NA	NA	NA	NA	NA	NA	NA	NA	NA	NA	NA	NA	1	0	1	1	0	1	NA	NA	NA	1	0	1
9	50700000	66812500	1	1	0	2	d	3	NA	NA	NA	NA	NA	NA	NA	NA	NA	NA	NA	NA	NA	NA	NA	NA	NA	1	0	1	1	0	1	NA	NA	NA	1	0	1
9	66812501	68138201	1	1	0	2	d	2	NA	NA	NA	NA	NA	NA	NA	NA	NA	NA	NA	NA	NA	NA	NA	NA	NA	1	0	1	0	0	1	NA	NA	NA	1	0	1
9	68138202	68459798	0	0	0	1	g	NA	0	0	0.05	0.271628841098	NA	NA	NA	NA	NA	NA	NA	NA	NA	NA	NA	NA	NA	1	0	1	0	0	1	NA	NA	NA	1	0	1
9	68459799	69950101	1	1	0	2	d	3	2	0	0.05	0.578041178316	NA	NA	NA	NA	NA	NA	NA	NA	NA	NA	NA	NA	NA	1	0	1	1	0	1	NA	NA	NA	1	0	1
9	69950102	140279998	1	1	0	2	d	5	1.13	0	0.0876614630353	0.120023575882	1	0	1	1	0	1	NA	NA	NA	NA	NA	NA	NA	1	0	1	1	0	1	NA	NA	NA	1	0	1
9	140279999	140974509	1	1	0	2	d	3	NA	NA	NA	NA	1	0	1	1	0	0.947674170666642	1	1	0.0523258293333585	0.0269942376778913	0.026745700253182	0.891360249279135	0.995233890028222	2	0	2	1	0	1	NA	NA	NA	1	0	1
10	95662	37999999	2	1	1	2	d	4	1	1	0.0522135678068	0.14067084556	1.679691	0.839845351	0.8398454	1	0	0.0704935421564322	1	1	0.929506457843568	0.00396299983672306	0.00404417446110476	0.0626118435096675	0.0786928469171406	2	1	1	1	1	1	NA	NA	NA	2	1	1
10	38000000	42554800	2	1	1	2	d	4	1	1	0.0611216742707	0.246663630381	1.840753	0.920376454	0.9203765	NA	NA	NA	NA	NA	NA	NA	NA	NA	NA	2	1	1	1	1	1	NA	NA	NA	2	1	1
10	42554801	135130200	2	1	1	2	d	5	1	1	0.056947630881	0.145817795017	1.711696	0.855848025	0.855848	1	1	1	NA	NA	NA	NA	NA	NA	NA	2	1	1	1	1	1	NA	NA	NA	2	1	1
10	135130201	135389304	2	1	1	2	d	4	1	1	0.05	0.148603279612	1.771316	0.88565774	0.8856577	1	1	1	NA	NA	NA	NA	NA	NA	NA	2	1	1	1	0	0.502139	1	1	0.497861	2	1	1
11	20721	191644	2	1	1	2	d	2	1	1	0.05	0.1	NA	NA	NA	NA	NA	NA	NA	NA	NA	NA	NA	NA	NA	NA	NA	NA	NA	NA	NA	NA	NA	NA	2	1	1
11	191645	48683686	2	1	1	2	d	5	1	1	0.0544918697294	0.153546796495	1.811799	0.905899265	0.9058993	1	1	1	NA	NA	NA	NA	NA	NA	NA	2	1	1	1	1	1	NA	NA	NA	2	1	1
11	48683687	48914001	2	1	1	2	d	3	1	1	0.05	0.180719608677	1.811799	0.905899265	0.9058993	1	1	1	NA	NA	NA	NA	NA	NA	NA	3	1	2	2	1	0.0263509	1	1	0.973649	2	1	1
11	48914002	50362499	2	1	1	3	b	5	1	1	0.051512985115	0.462937016393	NA	NA	NA	1	1	1	NA	NA	NA	NA	NA	NA	NA	2	1	1	1	1	1	NA	NA	NA	2	1	1
11	50362500	51369618	2	1	1	2	d	4	1	1	0.053510238019	0.165010445236	2.679409	1.339704522	1.3397045	1	1	1	NA	NA	NA	NA	NA	NA	NA	4	2	2	1	1	1	NA	NA	NA	2	1	1
11	51369619	51562202	2	1	1	2	d	5	1	1	0.0409125847512	0.166807983449	2.679409	1.339704522	1.3397045	1	1	1	NA	NA	NA	NA	NA	NA	NA	2	1	1	1	1	1	NA	NA	NA	2	1	1
11	51562203	55699999	2	1	1	3	b	5	1	1	0.0431481191237	0.264094728579	2	1	1	NA	NA	NA	NA	NA	NA	NA	NA	NA	NA	2	1	1	1	1	1	NA	NA	NA	2	1	1
11	55700000	98266728	2	1	1	2	d	5	1	1	0.0546259485694	0.155328784555	1.794859	0.897429291	0.8974293	1	1	1	NA	NA	NA	NA	NA	NA	NA	2	1	1	1	1	1	NA	NA	NA	2	1	1
11	98266729	98269779	2	1	1	2	d	4	1	1	0.05	0.1	1.794859	0.897429291	0.8974293	1	1	1	NA	NA	NA	NA	NA	NA	NA	3	1	2	1	1	1	NA	NA	NA	2	1	1
11	98269780	126901446	2	1	1	2	d	5	1	1	0.0517701496485	0.127314791982	1.777111	0.88855523	0.8885552	1	1	1	NA	NA	NA	NA	NA	NA	NA	2	1	1	1	1	1	NA	NA	NA	2	1	1
11	126901447	127361704	1	1	0	2	d	4	1	0	0.0803001089149	0.0986733707045	0.902156	0.031880324	0.8702757	0	0	0.133122576629877	1	0	0.866877423370123	0.0825411590203901	0.0794705993614086	0.0151652963569292	0.325224423466431	1	0	1	1	0	1	NA	NA	NA	1	0	1
11	127361705	134452200	2	1	1	2	d	5	1	1	0.0528175162987	0.143061605832	1.770053	0.885026229	0.8850262	1	1	1	NA	NA	NA	NA	NA	NA	NA	2	1	1	1	1	1	NA	NA	NA	2	1	1
12	110107	33299999	2	1	1	2	e	5	1	0.63	0.0671341656126	0.13013339178	1.287159	0.467739208	0.8194195	1	0	0.419447741602367	1	1	0.580552258397633	0.00351863849893452	0.0034057140275371	0.412877072576451	0.425977379985032	2	1	1	1	0	0.441506	1	1	0.558494	1	0	1
12	33300000	38365400	2	1	1	2	d	2	1	0.63	0.0626920364855	0.225057769812	1.657168	0.64185121	1.0153167	NA	NA	NA	NA	NA	NA	NA	NA	NA	NA	2	1	1	1	1	1	NA	NA	NA	1	0	1
12	38365401	58358904	2	1	1	2	e	5	1	0.63	0.068739771129	0.131047797418	1.308945	0.477076092	0.8318687	1	0	0.414607449666653	1	1	0.585392550333347	0.00352899577103644	0.00358098657954308	0.409103546667183	0.422843462694151	2	1	1	1	0	0.441506	1	1	0.558494	1	0	1
12	58358905	81335167	2	1	1	2	d	2	1	0.63	0.066949213992	0.130707612932	1.324942	0.483932268	0.8410102	1	0	0.414607449666653	1	1	0.585392550333347	0.00352899577103644	0.00358098657954308	0.409103546667183	0.422843462694151	2	1	1	1	0	0.441506	1	1	0.558494	2	1	1
12	81335168	81591965	1	1	0	2	d	4	1	0	0.0807859570437	0.105522858648	0.828364	0	0.8283636	0	0	0.102141183636422	1	0	0.897858816363578	0.0386650133985004	0.0382153330405189	0.0498422231726828	0.202543747760022	1	0	1	1	0	1	NA	NA	NA	1	0	1
12	81591966	132052188	2	1	1	2	e	5	1	0.63	0.0708527555829	0.129541015863	1.303676	0.474818069	0.828858	1	0	0.436428894385955	1	1	0.563571105614045	0.00319977166436622	0.00320664974287073	0.422438686488515	0.435059552531845	2	1	1	1	0	0.458708	1	1	0.541292	1	0	1
12	132052189	132592471	1	1	0	2	d	5	1	0	0.0937102632611	0.178570807559	0.853593	0.055607605	0.7979858	1	0	1	NA	NA	NA	NA	NA	NA	NA	1	0	1	1	0	1	NA	NA	NA	1	0	1
12	132592472	133851894	1	1	0	2	d	2	NA	NA	NA	NA	1.375775	0.486541794	0.8892331	1	0	0.343579081795477	1	1	0.656420918204523	0.0441857162365991	0.0435804819569136	0.277762692213183	0.45562984605531	1	0	1	1	0	0.546741	1	1	0.453259	1	0	1
13	1	16299999	2	1	1	1	h	1	NA	NA	NA	NA	NA	NA	NA	NA	NA	NA	NA	NA	NA	NA	NA	NA	NA	NA	NA	NA	NA	NA	NA	NA	NA	NA	2	1	1
13	16300000	19499999	2	1	1	2	d	2	0.93	0.87	0.05	0.198467590494	NA	NA	NA	1	0	0.260805583816824	1	1	0.739194416183176	0.00443126157616616	0.00425441844143971	0.251842686522532	0.268630731027227	NA	NA	NA	1	1	1	NA	NA	NA	2	1	1
13	19500000	47758415	2	1	1	2	d	3	0.93	0.87	0.0600555668906	0.130678042077	1.507148	0.75357416	0.7535742	1	0	0.260805583816824	1	1	0.739194416183176	0.00443126157616616	0.00425441844143971	0.251842686522532	0.268630731027227	2	1	1	1	1	1	NA	NA	NA	2	1	1
13	47758416	48301993	1	1	0	2	d	3	0.78	0	0.0865827896254	0.0928895534208	0.730791	0.025146413	0.7056442	0	0	0.23183190155561	1	0	0.76816809844439	0.0377472609812654	0.039096569061576	0.198663622614592	0.352823696586134	1	0	1	1	0	1	NA	NA	NA	1	0	1
13	48301994	114142800	2	1	1	2	d	3	1	0.87	0.0595449493762	0.133149058518	1.622607	0.66408199	0.9585252	1	0	0.315891390222212	1	1	0.684108609777788	0.002653438395013	0.00260903540036433	0.306116959257148	0.316725801459286	2	1	1	1	1	1	NA	NA	NA	2	1	1
13	114142801	115169877	2	1	1	2	d	3	NA	NA	NA	NA	1.644044	0.656219302	0.9878249	1	0	0.376915863333322	1	1	0.623084136666678	0.0286166667173892	0.0288432818623826	0.326421884030378	0.439300002077701	2	1	1	1	1	1	NA	NA	NA	2	1	1
14	1	16099999	1	1	0	1	h	1	NA	NA	NA	NA	NA	NA	NA	NA	NA	NA	NA	NA	NA	NA	NA	NA	NA	NA	NA	NA	NA	NA	NA	NA	NA	NA	1	0	1
14	16100000	19099999	1	1	0	2	d	2	2	0	0.05	0.127620913642	NA	NA	NA	NA	NA	NA	NA	NA	NA	NA	NA	NA	NA	NA	NA	NA	1	0	1	NA	NA	NA	1	0	1
14	19100000	20425050	1	1	0	2	d	2	2	0	0.05	0.301121547543	1.203562	0.343284924	0.8602774	NA	NA	NA	NA	NA	NA	NA	NA	NA	NA	NA	NA	NA	1	0	1	NA	NA	NA	1	0	1
14	20425051	106368400	1	1	0	2	d	4	1.07	0	0.0878140294484	0.120082787944	1	0	1	1	0	1	NA	NA	NA	NA	NA	NA	NA	NA	NA	NA	1	0	1	NA	NA	NA	1	0	1
15	1	15799999	2	1	1	1	h	1	NA	NA	NA	NA	NA	NA	NA	NA	NA	NA	NA	NA	NA	NA	NA	NA	NA	NA	NA	NA	NA	NA	NA	NA	NA	NA	2	1	1
15	15800000	20699999	2	1	1	2	d	3	1	1	0.05	0.443290144665	NA	NA	NA	1	0	0.107338217035789	1	1	0.892661782964211	0.00356726991665519	0.00356237503578619	0.100540783397802	0.114189609600905	NA	NA	NA	1	1	1	NA	NA	NA	2	1	1
15	20700000	23069955	2	1	1	2	d	4	1	1	0.0469083089882	0.337037010755	1.578954	0.789477156	0.7894772	1	0	0.107338217035789	1	1	0.892661782964211	0.00356726991665519	0.00356237503578619	0.100540783397802	0.114189609600905	2	1	1	1	1	1	NA	NA	NA	2	1	1
15	23069956	83251534	2	1	1	2	d	4	1	1	0.0553201765913	0.149804641193	1.64011	0.82005521	0.8200552	1	0	0.107338217035789	1	1	0.892661782964211	0.00356726991665519	0.00356237503578619	0.100540783397802	0.114189609600905	2	1	1	1	1	1	NA	NA	NA	2	1	1
15	83251535	100374858	2	1	1	2	d	4	1	1	0.0566285079179	0.133631010894	1.640153	0.820076527	0.8200765	1	0	0.087285778877188	1	1	0.912714221122812	0.00594453726440196	0.00593313025288046	0.0689324304701469	0.0918339406694586	2	1	1	1	1	1	NA	NA	NA	2	1	1
15	100374859	102531391	2	1	1	2	d	3	NA	NA	NA	NA	1.611259	0.805629448	0.8056294	1	0	0.165842979866661	1	1	0.834157020133339	0.0150923487345703	0.0151613333867191	0.148262330648322	0.208249703946024	2	1	1	1	1	1	NA	NA	NA	2	1	1
16	84170	32542600	1	1	0	2	d	5	1.07	0	0.0888952857133	0.147425406486	1	0	1	1	0	1	NA	NA	NA	NA	NA	NA	NA	1	0	1	1	0	1	NA	NA	NA	1	0	1
16	32542601	34599999	1	1	0	3	b	5	1	0	0.05	0.351806851131	1	0	1	0	0	0.588481375833361	1	0	0.411518624166639	0.180062146435694	0.125455900849591	0.582603905530679	1.09326858817967	1	0	1	1	0	1	NA	NA	NA	1	0	1
16	34600000	38599999	1	1	0	2	d	4	1.13	0	0.05	0.163943197955	1.008429	0.11438739	0.8940418	1	0	1	NA	NA	NA	NA	NA	NA	NA	1	0	1	1	0	1	NA	NA	NA	1	0	1
16	38600000	88830010	1	1	0	2	d	5	1.13	0	0.0903621954582	0.123658532204	1	0	1	1	0	1	NA	NA	NA	NA	NA	NA	NA	1	0	1	1	0	1	NA	NA	NA	1	0	1
16	88830011	90354752	1	1	0	2	d	4	NA	NA	NA	NA	1	0	1	1	0	1	NA	NA	NA	NA	NA	NA	NA	2	0	2	1	0	1	NA	NA	NA	1	0	1
17	3980	22172601	1	1	0	2	d	4	1.07	0	0.0943378812052	0.127341851662	0.896669	0.014035442	0.8826334	1	0	1	NA	NA	NA	NA	NA	NA	NA	1	0	1	1	0	1	NA	NA	NA	1	0	1
17	22172602	25799999	NA	NA	NA	NA	NA	NA	1	1	0.0883082577757	0.182201125882	1.508314	0.754156776	0.7541568	NA	NA	NA	NA	NA	NA	NA	NA	NA	NA	2	1	1	1	1	1	NA	NA	NA	2	1	1
17	25800000	78788311	2	1	1	2	d	4	1	1	0.0621985469307	0.1511987165	1.587067	0.793533349	0.7935333	1	0	0.219701731618725	1	1	0.780298268381275	0.00390031965846867	0.00384892894863991	0.21224962577356	0.22733172335718	2	1	1	1	1	1	NA	NA	NA	2	1	1
17	78788312	81195209	2	1	1	2	d	2	NA	NA	NA	NA	1.719708	0.859853856	0.8598539	1	0	0.219701731618725	1	1	0.780298268381275	0.00390031965846867	0.00384892894863991	0.21224962577356	0.22733172335718	1	0	1	1	1	1	NA	NA	NA	2	1	1
18	10001	15388170	1	1	0	2	d	5	1.22	0	0.0877275450041	0.125060887284	1	0	1	1	0	1	NA	NA	NA	NA	NA	NA	NA	1	0	1	1	0	1	NA	NA	NA	1	0	1
18	15388171	18999999	1	1	0	2	d	4	1.22	0	0.0726378359772	0.207036218183	0.863464	0.01759026	0.8458739	1	0	1	NA	NA	NA	NA	NA	NA	NA	1	0	1	1	0	1	NA	NA	NA	1	0	1
18	19000000	26623002	1	1	0	2	d	5	1.22	0	0.0876761220208	0.107544557063	1	0	1	1	0	1	NA	NA	NA	NA	NA	NA	NA	1	0	1	1	0	1	NA	NA	NA	1	0	1
18	26623003	26739977	1	1	0	2	d	3	1.22	0	0.05	0.085330871608	1	0	1	1	0	1	NA	NA	NA	NA	NA	NA	NA	2	0	2	2	0	0.374297	1	0	0.625703	1	0	1
18	26739978	76117000	1	1	0	2	d	5	1.22	0	0.0859080830029	0.114211242839	1	0	1	1	0	1	NA	NA	NA	NA	NA	NA	NA	1	0	1	1	0	1	NA	NA	NA	1	0	1
18	76117001	78077247	1	1	0	3	b	5	NA	NA	NA	NA	1	0	1	1	0	1	NA	NA	NA	NA	NA	NA	NA	1	0	1	1	0	1	NA	NA	NA	1	0	1
19	102500	294211	1	1	0	2	d	3	1.07	0	0.05	0.1	NA	NA	NA	1	0	0.966937935570951	1	1	0.0330620644290486	0.00514052633096163	0.00522631088663774	0.956361512280422	0.97718454785967	1	0	1	1	0	1	NA	NA	NA	1	0	1
19	294212	14859739	1	1	0	2	d	4	1.07	0	0.103953843844	0.150212666822	1	0	1	1	0	0.966937935570951	1	1	0.0330620644290486	0.00514052633096163	0.00522631088663774	0.956361512280422	0.97718454785967	1	0	1	1	0	1	NA	NA	NA	1	0	1
19	14859740	15862425	2	1	1	2	d	4	1	1	0.0573664072756	0.148660389105	1.755719	0.877859646	0.8778596	1	0	0.107110643616791	1	1	0.892889356383209	0.0217342645866145	0.0215907012898639	0.0730163841100686	0.157846475924644	2	1	1	1	1	1	NA	NA	NA	2	1	1
19	15862426	18074095	1	1	0	3	a	6	1	0	0.105853363629	0.103855459354	1	0	1	1	0	1	NA	NA	NA	NA	NA	NA	NA	1	0	1	1	0	1	NA	NA	NA	1	0	1
19	18074096	24381111	2	1	1	2	d	5	1	1	0.0578531787012	0.198006050507	1.746163	0.873081479	0.8730815	1	1	1	NA	NA	NA	NA	NA	NA	NA	2	1	1	1	1	1	NA	NA	NA	2	1	1
19	24381112	28599999	2	1	1	2	d	3	1	1	0.0563966439918	0.34621308822	2.511575	1.255787375	1.2557874	NA	NA	NA	NA	NA	NA	NA	NA	NA	NA	3	1	2	1	1	1	NA	NA	NA	2	1	1
19	28600000	59128982	2	1	1	2	d	5	1	1	0.0595200470731	0.205394096483	1.786996	0.893498202	0.8934982	1	1	1	NA	NA	NA	NA	NA	NA	NA	2	1	1	1	1	1	NA	NA	NA	2	1	1
20	17500	25599999	2	1	1	2	d	4	0.93	0.93	0.053443469751	0.130016712475	1.80061	0.900305064	0.9003051	1	1	1	NA	NA	NA	NA	NA	NA	NA	2	1	1	1	1	1	NA	NA	NA	2	1	1
20	25600000	29399999	2	1	1	2	d	4	0.93	0.93	0.05	0.137532013242	1.80061	0.900305064	0.9003051	1	1	1	NA	NA	NA	NA	NA	NA	NA	2	1	1	1	1	1	NA	NA	NA	2	1	1
20	29400000	55134905	2	1	1	2	d	4	0.93	0.93	0.0564348986312	0.139805671229	1.791447	0.895723678	0.8957237	1	1	1	NA	NA	NA	NA	NA	NA	NA	2	1	1	1	1	1	NA	NA	NA	2	1	1
20	55134906	55135789	2	1	1	2	e	3	0.93	0.93	0.05	0.1	1.791447	0.895723678	0.8957237	0	0	0.780523400444461	1	0	0.219476599555539	NA	0	0.780523400444461	0.780523400444461	NA	NA	NA	1	1	1	NA	NA	NA	1	0	1
20	55135790	62432500	2	1	1	2	d	3	0.93	0.93	0.0622918241654	0.154098631554	1.812949	0.906474553	0.9064746	1	0	0.110435135720132	1	1	0.889564864279868	0.0102833494156074	0.0101233493624529	0.09107326586452	0.130238782922078	2	1	1	1	1	1	NA	NA	NA	2	1	1
21	1	9411193	NA	NA	NA	NA	NA	NA	NA	NA	NA	NA	NA	NA	NA	NA	NA	NA	NA	NA	NA	NA	NA	NA	NA	NA	NA	NA	NA	NA	NA	NA	NA	NA	NA	NA	NA
21	9411194	10802400	NA	NA	NA	NA	NA	NA	1	1	0.05	0.471209174356	NA	NA	NA	NA	NA	NA	NA	NA	NA	NA	NA	NA	NA	NA	NA	NA	1	0	1	NA	NA	NA	NA	NA	NA
21	10802401	10899999	1	1	0	1	g	NA	1	1	0.05	0.235874317842	NA	NA	NA	NA	NA	NA	NA	NA	NA	NA	NA	NA	NA	NA	NA	NA	1	0	1	NA	NA	NA	NA	NA	NA
21	10900000	14299999	NA	NA	NA	NA	NA	NA	1	1	0.05	0.24740965524	NA	NA	NA	NA	NA	NA	NA	NA	NA	NA	NA	NA	NA	NA	NA	NA	1	0	1	NA	NA	NA	NA	NA	NA
21	14300000	18043243	2	1	1	2	d	3	1	1	0.0520110070354	0.147772749556	1.662126	0.831062819	0.8310628	1	0	0.165842979866661	1	1	0.834157020133339	0.0131689187860733	0.0129707046448244	0.150928753168334	0.202775620254908	2	1	1	1	1	1	NA	NA	NA	NA	NA	NA
21	18043244	20657148	1	1	0	2	d	4	1	0	0.0846210769581	0.0931602926006	0.814362	0.024687744	0.7896744	0	0	0.153447401714346	1	0	0.846552598285654	0.0153320293487388	0.0159265793748454	0.140708043986571	0.201155207078214	1	0	1	1	0	1	NA	NA	NA	1	0	1
21	20657149	46937500	2	1	1	2	d	4	1	1	0.0587841420973	0.160902312899	1.63914	0.819570119	0.8195701	1	0	0.138516526698801	1	1	0.861483473301199	0.0045005818304793	0.00447046535373779	0.129678358466703	0.147188394213725	2	1	1	1	1	1	NA	NA	NA	2	1	1
21	46937501	48129894	2	1	1	2	d	3	NA	NA	NA	NA	1.712434	0.856216939	0.8562169	1	0	0.138516526698801	1	1	0.861483473301199	0.0045005818304793	0.00447046535373779	0.129678358466703	0.147188394213725	2	1	1	1	1	1	NA	NA	NA	2	1	1
22	1	12199999	2	1	1	1	h	1	NA	NA	NA	NA	NA	NA	NA	NA	NA	NA	NA	NA	NA	NA	NA	NA	NA	NA	NA	NA	NA	NA	NA	NA	NA	NA	2	1	1
22	12200000	17899999	2	1	1	2	d	4	1	1	0.0748994683926	0.309035153838	1.525631	0.762815537	0.7628155	1	0	0.211351348657355	1	1	0.788648651342645	0.00548585929347002	0.00544179059671927	0.200804201143271	0.222142798794447	2	1	1	1	1	1	NA	NA	NA	2	1	1
22	17900000	29065778	2	1	1	2	d	4	1	1	0.0649392235929	0.167714994417	1.563775	0.781887701	0.7818877	1	0	0.211351348657355	1	1	0.788648651342645	0.00548585929347002	0.00544179059671927	0.200804201143271	0.222142798794447	2	1	1	1	1	1	NA	NA	NA	2	1	1
22	29065779	46251401	2	1	1	2	d	4	1	1	0.061558371215	0.162772646576	1.565568	0.78278394	0.7827839	1	0	0.211351348657355	1	1	0.788648651342645	0.00548585929347002	0.00544179059671927	0.200804201143271	0.222142798794447	2	1	1	1	1	1	NA	NA	NA	2	1	1
22	46251402	49687500	2	1	1	2	e	4	1	1	0.0628066117462	0.168963702506	1.540501	0.770250313	0.7702503	1	0	0.248646311138306	1	1	0.751353688861694	0.0133641722483817	0.013366289169169	0.223619292830583	0.274933640875822	1	0	1	1	1	1	NA	NA	NA	1	0	1
22	49687501	51304565	1	1	0	2	d	2	NA	NA	NA	NA	1.684222	0.842111063	0.8421111	1	0	0.248646311138306	1	1	0.751353688861694	0.0133641722483817	0.013366289169169	0.223619292830583	0.274933640875822	1	0	1	1	1	1	NA	NA	NA	1	0	1
X	1	2677499	1	1	0	2	e	2	1.32	0	0.0763882367655	0.279051853479	NA	NA	NA	NA	NA	NA	NA	NA	NA	NA	NA	NA	NA	1	0	1	NA	NA	NA	NA	NA	NA	1	0	1
X	2677500	45089422	1	1	0	3	a	3	1	0	0.05	0.190102131715	1	0	1	NA	NA	NA	NA	NA	NA	NA	NA	NA	NA	1	0	1	NA	NA	NA	NA	NA	NA	2	1	1
X	45089423	45091268	1	1	0	2	d	2	1	0	0.05	0.1	0.7239	0	0.7239	NA	NA	NA	NA	NA	NA	NA	NA	NA	NA	1	0	1	NA	NA	NA	NA	NA	NA	2	1	1
X	45091269	58099999	1	1	0	2	d	2	1	0	0.05	0.158208975885	0.886388	0	0.886388	NA	NA	NA	NA	NA	NA	NA	NA	NA	NA	1	0	1	NA	NA	NA	NA	NA	NA	2	1	1
X	58100000	62999999	1	1	0	2	d	2	1	0	0.05	0.358758179971	1.126925	0	1.126925	NA	NA	NA	NA	NA	NA	NA	NA	NA	NA	1	0	1	NA	NA	NA	NA	NA	NA	2	1	1
X	63000000	155270559	1	1	0	3	a	3	1	0	0.05	0.161162172552	1	0	1	NA	NA	NA	NA	NA	NA	NA	NA	NA	NA	1	0	1	NA	NA	NA	NA	NA	NA	2	1	1
Y	1	11599999	1	1	0	1	h	1	NA	NA	NA	NA	0.850716	0	0.850716	NA	NA	NA	NA	NA	NA	NA	NA	NA	NA	NA	NA	NA	NA	NA	NA	NA	NA	NA	2	0	2
Y	11600000	13399999	NA	NA	NA	NA	NA	NA	NA	NA	NA	NA	0.488967	0	0.488967	NA	NA	NA	NA	NA	NA	NA	NA	NA	NA	NA	NA	NA	NA	NA	NA	NA	NA	NA	2	0	2
Y	13400000	59373565	1	1	0	1	h	1	NA	NA	NA	NA	0.803389	0	0.803389	NA	NA	NA	NA	NA	NA	NA	NA	NA	NA	NA	NA	NA	NA	NA	NA	NA	NA	NA	2	0	2
