chromosome	start	end	total_cn	major_cn	minor_cn	star	level	methods_agree	absolute_broad_major_cn	absolute_broad_minor_cn	absolute_broad_het_error	absolute_broad_cov_error	aceseq_copy_number	aceseq_minor_cn	aceseq_major_cn	battenberg_nMaj1_A	battenberg_nMin1_A	battenberg_frac1_A	battenberg_nMaj2_A	battenberg_nMin2_A	battenberg_frac2_A	battenberg_SDfrac_A	battenberg_SDfrac_A_BS	battenberg_frac1_A_0.025	battenberg_frac1_A_0.975	clonehd_copy_number	clonehd_minor_cn	clonehd_major_cn	sclust_nMaj1_A	sclust_nMin1_A	sclust_frac1_A	sclust_nMaj2_A	sclust_nMin2_A	sclust_frac2_A	jabba_copy_number	jabba_minor_cn	jabba_major_cn
1	1	26335497	2	1	1	2	d	3	1.13	1.13	0.0556181556902	0.14281761563	NA	NA	NA	1	1	0.849924662180418	2	1	0.150075337819582	0.00863074283477117	0.00840287479068554	0.854301899598754	0.886998275964149	2	1	1	1	1	1	NA	NA	NA	2	1	1
1	26335498	26335554	1	1	0	2	d	2	NA	NA	NA	NA	NA	NA	NA	NA	NA	NA	NA	NA	NA	NA	NA	NA	NA	1	0	1	1	1	1	NA	NA	NA	1	0	1
1	26335555	26343951	1	1	0	3	b	5	1	0	0.05	0.1	NA	NA	NA	1	0	1	NA	NA	NA	NA	NA	NA	NA	1	0	1	1	0	1	NA	NA	NA	1	0	1
1	26343952	26494834	1	1	0	2	d	4	1	0	0.0934968527897	0.0784946187028	NA	NA	NA	1	0	0.806707120820806	2	0	0.193292879179194	0.10590509649657	0.112320179113441	0.482938687190868	0.915252130924997	1	0	1	1	0	1	NA	NA	NA	1	0	1
1	26494835	26498417	1	1	0	2	d	4	1.13	1.13	0.05	0.1	NA	NA	NA	1	0	1	NA	NA	NA	NA	NA	NA	NA	1	0	1	1	0	1	NA	NA	NA	1	0	1
1	26498418	32252961	2	1	1	2	d	4	1.13	1.13	0.0540887045591	0.11336369155	NA	NA	NA	1	1	1	NA	NA	NA	NA	NA	NA	NA	2	1	1	1	1	1	NA	NA	NA	2	1	1
1	32252962	32617256	3	2	1	2	d	2	1.39	1.33	0.0664027969963	0.1067073513	NA	NA	NA	1	1	0.202724767833448	2	1	0.797275232166552	0.101598891558773	0.0957898650836309	0.102239054557734	0.473351494681185	3	1	2	2	1	0.393602	1	1	0.606398	3	1	2
1	32617257	46378776	2	1	1	2	d	3	1.13	1.13	0.0544911209265	0.104594548457	NA	NA	NA	1	1	0.849924662180418	2	1	0.150075337819582	0.0129273821389562	0.0127777905664848	0.840382709911224	0.891464235673708	2	1	1	1	1	1	NA	NA	NA	2	1	1
1	46378777	53694297	1	1	0	3	b	5	1	0	0.0818537991437	0.0896836826135	NA	NA	NA	1	0	1	NA	NA	NA	NA	NA	NA	NA	1	0	1	1	0	1	NA	NA	NA	1	0	1
1	53694298	53694916	1	1	0	2	d	2	NA	NA	NA	NA	NA	NA	NA	2	1	0.822485810954022	3	1	0.177514189045978	NA	0	0.822485810954022	0.822485810954022	1	0	1	1	0	1	NA	NA	NA	2	1	1
1	53694917	53699083	3	2	1	1	g	NA	1.63	1	0.05	0.1	NA	NA	NA	0	0	1	NA	NA	NA	NA	NA	NA	NA	1	0	1	2	1	1	NA	NA	NA	1	0	1
1	53699084	77853949	3	2	1	2	d	3	1.63	1	0.0619097291254	0.118749243498	NA	NA	NA	1	1	0.304196161018285	2	1	0.695803838981715	0.0109103129732404	0.0108368836113244	0.269203642373994	0.31036906355491	3	1	2	2	1	1	NA	NA	NA	3	1	2
1	77853950	78590769	1	1	0	3	b	5	1	0	0.0648491676918	0.0842974783611	NA	NA	NA	1	0	1	NA	NA	NA	NA	NA	NA	NA	1	0	1	1	0	1	NA	NA	NA	1	0	1
1	78590770	78598735	3	2	1	2	d	2	2	1	0.05	0.1	NA	NA	NA	NA	NA	NA	NA	NA	NA	NA	NA	NA	NA	NA	NA	NA	2	1	1	NA	NA	NA	1	0	1
1	78598736	78599237	3	2	1	2	d	2	2	1	0.05	0.1	NA	NA	NA	NA	NA	NA	NA	NA	NA	NA	NA	NA	NA	NA	NA	NA	2	1	1	NA	NA	NA	1	0	1
1	78599238	84402994	3	2	1	3	b	5	2	1	0.0612490888251	0.118951199338	NA	NA	NA	2	1	1	NA	NA	NA	NA	NA	NA	NA	3	1	2	2	1	1	NA	NA	NA	3	1	2
1	84402995	84404258	1	1	0	2	d	4	1	0	0.05	0.1	NA	NA	NA	1	0	0.797275232166551	1	1	0.202724767833449	NA	0	0.797275232166551	0.797275232166551	1	0	1	1	0	1	NA	NA	NA	1	0	1
1	84404259	84404511	1	1	0	2	d	4	1	0	0.05	0.1	NA	NA	NA	NA	NA	NA	NA	NA	NA	NA	NA	NA	NA	1	0	1	1	0	1	NA	NA	NA	1	0	1
1	84404512	84409027	1	1	0	2	d	3	1	0	0.05	0.1	NA	NA	NA	2	1	1	NA	NA	NA	NA	NA	NA	NA	1	0	1	1	0	1	NA	NA	NA	2	1	1
1	84409028	86308517	1	1	0	3	b	5	1	0	0.0755813516657	0.106772872713	NA	NA	NA	1	0	1	NA	NA	NA	NA	NA	NA	NA	1	0	1	1	0	1	NA	NA	NA	1	0	1
1	86308518	86316042	2	1	1	2	d	2	0.61	0.61	0.05	0.1	NA	NA	NA	1	1	1	NA	NA	NA	NA	NA	NA	NA	3	1	2	1	0	0.688409	1	1	0.311591	2	1	1
1	86316043	87010243	1	1	0	2	d	2	0.61	0.61	0.072914455432	0.0951581760014	NA	NA	NA	1	0	0.680341531448788	1	1	0.319658468551212	0.0382585608748303	0.0379495734143421	0.615137900860961	0.7605112596109	1	0	1	1	0	0.688409	1	1	0.311591	1	0	1
1	87010244	87011602	1	1	0	2	d	3	0.61	0.61	0.05	0.1	NA	NA	NA	NA	NA	NA	NA	NA	NA	NA	NA	NA	NA	1	0	1	1	0	1	NA	NA	NA	1	0	1
1	87011603	87672817	1	1	0	2	d	4	0.61	0.61	0.0806533657314	0.224884829107	NA	NA	NA	1	0	1	NA	NA	NA	NA	NA	NA	NA	1	0	1	1	0	1	NA	NA	NA	1	0	1
1	87672818	89919028	3	2	1	2	d	3	1.39	1.39	0.0623390191052	0.112460431129	NA	NA	NA	1	1	0.2710626448763	2	1	0.7289373551237	0.0411949430705141	0.0419138962089036	0.197400218641876	0.357505615478577	3	1	2	2	1	1	NA	NA	NA	3	1	2
1	89919029	89920517	3	2	1	2	d	2	NA	NA	NA	NA	NA	NA	NA	NA	NA	NA	NA	NA	NA	NA	NA	NA	NA	1	0	1	2	1	1	NA	NA	NA	3	1	2
1	89920518	89921632	1	1	0	2	d	2	NA	NA	NA	NA	NA	NA	NA	NA	NA	NA	NA	NA	NA	NA	NA	NA	NA	1	0	1	1	0	1	NA	NA	NA	NA	NA	NA
1	89921633	89922529	1	1	0	2	d	2	NA	NA	NA	NA	NA	NA	NA	NA	NA	NA	NA	NA	NA	NA	NA	NA	NA	1	0	1	1	0	1	NA	NA	NA	NA	NA	NA
1	89922530	89928366	1	1	0	2	d	3	1	0	0.05	0.1	NA	NA	NA	NA	NA	NA	NA	NA	NA	NA	NA	NA	NA	1	0	1	1	0	1	NA	NA	NA	NA	NA	NA
1	89928367	89928642	1	1	0	2	d	3	1	0	0.05	0.1	NA	NA	NA	NA	NA	NA	NA	NA	NA	NA	NA	NA	NA	1	0	1	1	0	1	NA	NA	NA	NA	NA	NA
1	89928643	100832508	1	1	0	3	b	5	1	0	0.0816379770222	0.0881227120653	NA	NA	NA	1	0	1	NA	NA	NA	NA	NA	NA	NA	1	0	1	1	0	1	NA	NA	NA	1	0	1
1	100832509	100836101	2	1	1	1	g	NA	NA	NA	NA	NA	NA	NA	NA	1	1	1	NA	NA	NA	NA	NA	NA	NA	1	0	1	1	1	1	NA	NA	NA	3	1	2
1	100836102	100836141	2	1	1	1	g	NA	NA	NA	NA	NA	NA	NA	NA	NA	NA	NA	NA	NA	NA	NA	NA	NA	NA	NA	NA	NA	1	1	1	NA	NA	NA	3	1	2
1	100836142	113760100	2	1	1	2	d	3	0.87	0.87	0.0587884606383	0.101894566105	NA	NA	NA	1	0	0.45022601345876	1	1	0.54977398654124	0.0107936492936176	0.0111580807794434	0.406804602731077	0.450496421719928	2	1	1	1	1	1	NA	NA	NA	2	1	1
1	113760101	113970032	3	2	1	2	d	3	2	1	0.05674761886	0.0996056398956	NA	NA	NA	1	1	0.319658468551209	2	1	0.680341531448791	0.0981550668053407	0.0939293204918029	0.156545976682725	0.513786332766546	3	1	2	2	1	0.355178	1	1	0.644822	3	1	2
1	113970033	116236736	2	1	1	3	b	5	1	1	0.0628065655383	0.109639408008	NA	NA	NA	1	1	1	NA	NA	NA	NA	NA	NA	NA	2	1	1	1	1	1	NA	NA	NA	2	1	1
1	116236737	118036999	1	1	0	3	b	5	1	0	0.0780831987154	0.086932166308	NA	NA	NA	1	0	1	NA	NA	NA	NA	NA	NA	NA	1	0	1	1	0	1	NA	NA	NA	1	0	1
1	118037000	118046375	3	2	1	1	g	NA	1	0	0.05	0.1	NA	NA	NA	1	0	0.21260672857775	1	1	0.78739327142225	0.0474814372559902	0.0390136716362466	0.159455046433314	0.318910092866616	3	1	2	2	1	1	NA	NA	NA	2	1	1
1	118046376	118047073	3	2	1	1	g	NA	NA	NA	NA	NA	NA	NA	NA	NA	NA	NA	NA	NA	NA	NA	NA	NA	NA	NA	NA	NA	2	1	1	NA	NA	NA	2	1	1
1	118047074	118047773	3	2	1	2	d	2	2	1	0.05	0.1	NA	NA	NA	NA	NA	NA	NA	NA	NA	NA	NA	NA	NA	1	0	1	2	1	1	NA	NA	NA	NA	NA	NA
1	118047774	118048825	3	2	1	2	d	2	2	1	0.05	0.1	NA	NA	NA	NA	NA	NA	NA	NA	NA	NA	NA	NA	NA	NA	NA	NA	2	1	1	NA	NA	NA	NA	NA	NA
1	118048826	121499999	3	2	1	3	b	5	2	1	0.0659240379314	0.179556435691	NA	NA	NA	2	1	1	NA	NA	NA	NA	NA	NA	NA	3	1	2	2	1	1	NA	NA	NA	3	1	2
1	121500000	128899999	3	2	1	2	d	2	NA	NA	NA	NA	NA	NA	NA	NA	NA	NA	NA	NA	NA	NA	NA	NA	NA	1	0	1	2	1	1	NA	NA	NA	3	1	2
1	128900000	143455202	3	2	1	2	d	2	NA	NA	NA	NA	NA	NA	NA	NA	NA	NA	NA	NA	NA	NA	NA	NA	NA	NA	NA	NA	2	1	1	NA	NA	NA	3	1	2
1	143455203	195465439	3	2	1	2	d	4	1.76	0.87	0.0652857355186	0.120610614148	NA	NA	NA	2	1	1	NA	NA	NA	NA	NA	NA	NA	3	1	2	2	1	1	NA	NA	NA	3	1	2
1	195465440	195467939	2	2	0	2	d	3	1.63	1	0.05	0.1	NA	NA	NA	2	0	1	NA	NA	NA	NA	NA	NA	NA	2	0	2	2	1	1	NA	NA	NA	2	0	2
1	195467940	200899409	3	2	1	2	d	4	1.63	1	0.0664990127948	0.187062365746	NA	NA	NA	2	1	1	NA	NA	NA	NA	NA	NA	NA	3	1	2	2	1	1	NA	NA	NA	3	1	2
1	200899410	201105805	5	4	1	2	d	2	4	1	0.0691995522827	0.138082700548	NA	NA	NA	4	1	0.514828693340922	5	1	0.485171306659078	0.235120257975558	0.229184201482587	0.239274230837895	1.15665153800267	NA	NA	NA	5	1	1	NA	NA	NA	5	1	4
1	201105806	206695263	3	2	1	3	b	5	2	1	0.064570959123	0.117464411495	NA	NA	NA	2	1	1	NA	NA	NA	NA	NA	NA	NA	3	1	2	2	1	1	NA	NA	NA	3	1	2
1	206695264	206855059	5	4	1	3	b	5	4	1	0.0369721151276	0.114025360856	NA	NA	NA	4	1	1	NA	NA	NA	NA	NA	NA	NA	5	1	4	4	1	1	NA	NA	NA	5	1	4
1	206855060	230634454	3	2	1	2	d	4	1.76	1	0.0659370666728	0.123256231785	NA	NA	NA	2	1	1	NA	NA	NA	NA	NA	NA	NA	3	1	2	2	1	1	NA	NA	NA	3	1	2
1	230634455	230668265	3	2	1	2	d	4	1.76	1	0.05	0.1	NA	NA	NA	2	1	1	NA	NA	NA	NA	NA	NA	NA	3	1	2	2	1	1	NA	NA	NA	3	1	2
1	230668266	247249600	3	2	1	2	d	4	1.76	1	0.0661061045991	0.122970941824	NA	NA	NA	2	1	1	NA	NA	NA	NA	NA	NA	NA	3	1	2	2	1	1	NA	NA	NA	3	1	2
1	247249601	249250620	3	2	1	2	d	4	NA	NA	NA	NA	NA	NA	NA	2	1	1	NA	NA	NA	NA	NA	NA	NA	3	1	2	2	1	1	NA	NA	NA	3	1	2
2	20016	34785133	2	1	1	3	b	5	1	1	0.0563886088755	0.10914300722	NA	NA	NA	1	1	1	NA	NA	NA	NA	NA	NA	NA	2	1	1	1	1	1	NA	NA	NA	2	1	1
2	34785134	34787043	2	1	1	2	d	3	1	1	0.05	0.1	NA	NA	NA	0	0	1	NA	NA	NA	NA	NA	NA	NA	NA	NA	NA	1	1	1	NA	NA	NA	2	1	1
2	34787044	90499999	2	1	1	3	b	5	1	1	0.0551898511045	0.109854089089	NA	NA	NA	1	1	1	NA	NA	NA	NA	NA	NA	NA	2	1	1	1	1	1	NA	NA	NA	2	1	1
2	90500000	96799999	2	1	1	3	b	5	1	1	0.05	0.175344769529	NA	NA	NA	1	1	1	NA	NA	NA	NA	NA	NA	NA	2	1	1	1	1	1	NA	NA	NA	2	1	1
2	96800000	143401838	2	1	1	3	b	5	1	1	0.0540685891317	0.111532638701	NA	NA	NA	1	1	1	NA	NA	NA	NA	NA	NA	NA	2	1	1	1	1	1	NA	NA	NA	2	1	1
2	143401839	215089351	2	1	1	3	b	5	1	1	0.0541592608723	0.106540321172	NA	NA	NA	1	1	1	NA	NA	NA	NA	NA	NA	NA	2	1	1	1	1	1	NA	NA	NA	2	1	1
2	215089352	215093559	2	1	1	2	d	3	1	1	0.05	0.1	NA	NA	NA	1	0	1	NA	NA	NA	NA	NA	NA	NA	1	0	1	1	1	1	NA	NA	NA	2	1	1
2	215093560	242985695	2	1	1	3	b	5	1	1	0.0550994159956	0.107453991619	NA	NA	NA	1	1	1	NA	NA	NA	NA	NA	NA	NA	2	1	1	1	1	1	NA	NA	NA	2	1	1
3	60596	885793	2	1	1	2	d	4	1	1	0.0487896577208	0.111862710522	NA	NA	NA	1	1	1	NA	NA	NA	NA	NA	NA	NA	2	1	1	1	1	1	NA	NA	NA	1	0	1
3	885794	1446205	3	2	1	2	f	0	3	1	0.064830498109	0.139048630464	NA	NA	NA	1	0	0.448719257067044	2	0	0.551280742932956	0.0785910470137162	0.0728724131619385	0.480056645389741	0.765770228630954	NA	NA	NA	2	0	0.55028	1	0	0.44972	2	1	1
3	1446206	53369104	2	1	1	3	b	5	1	1	0.0548738467592	0.114813299908	NA	NA	NA	1	1	1	NA	NA	NA	NA	NA	NA	NA	2	1	1	1	1	1	NA	NA	NA	2	1	1
3	53369105	53414244	3	2	1	2	d	4	2	1	0.05	0.1	NA	NA	NA	2	1	0.634525799557019	3	1	0.365474200442981	0.257379710004624	0.27408785553354	-0.269055733826319	0.783183500347837	3	1	2	2	1	1	NA	NA	NA	3	1	2
3	53414245	54458547	2	1	1	2	d	4	1	1	0.0516170430799	0.103052964152	NA	NA	NA	1	1	0.858262180948175	2	1	0.141737819051825	0.0369483712171442	0.0359761028041561	0.793697089191958	0.933866920116106	2	1	1	1	1	1	NA	NA	NA	2	1	1
3	54458548	54484214	2	1	1	1	g	NA	0	0	0.05	0.1	NA	NA	NA	1	0	1	NA	NA	NA	NA	NA	NA	NA	NA	NA	NA	1	1	1	NA	NA	NA	1	0	1
3	54484215	60381901	2	1	1	3	b	5	1	1	0.0549084933166	0.101341593258	NA	NA	NA	1	1	1	NA	NA	NA	NA	NA	NA	NA	2	1	1	1	1	1	NA	NA	NA	2	1	1
3	60381902	60397017	1	1	0	2	d	3	2	0	0.05	0.1	NA	NA	NA	1	0	1	NA	NA	NA	NA	NA	NA	NA	1	0	1	0	0	1	NA	NA	NA	1	0	1
3	60397018	60442126	0	0	0	2	d	3	0	0	0.0971194256895	0.1	NA	NA	NA	0	0	0.73978516570157	1	0	0.26021483429843	0.117059079366393	0.119295762645571	0.424267560316819	0.89054887806253	1	0	1	0	0	1	NA	NA	NA	0	0	0
3	60442127	60543447	1	1	0	2	d	4	1	0	0.0861173131081	0.112435003579	NA	NA	NA	1	0	0.900452026917511	1	1	0.0995479730824885	0.0569398279545996	0.0581960988691767	0.770504971528257	0.997304687787936	1	0	1	1	0	1	NA	NA	NA	1	0	1
3	60543448	60575999	0	0	0	2	d	4	0	0	0.0423340352615	0.1	NA	NA	NA	0	0	1	NA	NA	NA	NA	NA	NA	NA	1	0	1	0	0	1	NA	NA	NA	0	0	0
3	60576000	60659052	1	1	0	2	d	4	0.61	0.61	0.0663597760683	0.0802213094842	NA	NA	NA	1	0	1	NA	NA	NA	NA	NA	NA	NA	1	0	1	1	0	1	NA	NA	NA	1	0	1
3	60659053	87899999	2	1	1	3	b	5	1	1	0.0549927787748	0.105434284617	NA	NA	NA	1	1	1	NA	NA	NA	NA	NA	NA	NA	2	1	1	1	1	1	NA	NA	NA	2	1	1
3	87900000	93899999	2	1	1	3	b	5	1	1	0.0474867272293	0.111518562226	NA	NA	NA	1	1	1	NA	NA	NA	NA	NA	NA	NA	2	1	1	1	1	1	NA	NA	NA	2	1	1
3	93900000	147269267	2	1	1	3	b	5	1	1	0.0537639238424	0.104509873148	NA	NA	NA	1	1	1	NA	NA	NA	NA	NA	NA	NA	2	1	1	1	1	1	NA	NA	NA	2	1	1
3	147269268	147352108	3	2	1	2	d	4	1	1	0.05	0.0901471791091	NA	NA	NA	2	1	1	NA	NA	NA	NA	NA	NA	NA	3	1	2	2	1	1	NA	NA	NA	3	1	2
3	147352109	179022094	2	1	1	3	b	5	1	1	0.0546840272686	0.107647722362	NA	NA	NA	1	1	1	NA	NA	NA	NA	NA	NA	NA	2	1	1	1	1	1	NA	NA	NA	2	1	1
3	179022095	179026576	2	1	1	1	g	NA	1	1	0.05	0.1	NA	NA	NA	3	0	1	NA	NA	NA	NA	NA	NA	NA	NA	NA	NA	1	1	1	NA	NA	NA	1	0	1
3	179026577	180979904	2	1	1	3	b	5	1	1	0.0495043388476	0.0899710912791	NA	NA	NA	1	1	1	NA	NA	NA	NA	NA	NA	NA	2	1	1	1	1	1	NA	NA	NA	2	1	1
3	180979905	180981363	2	1	1	2	d	4	1	1	0.05	0.1	NA	NA	NA	1	1	1	NA	NA	NA	NA	NA	NA	NA	NA	NA	NA	1	1	1	NA	NA	NA	2	1	1
3	180981364	197847500	2	1	1	3	b	5	1	1	0.0538289483919	0.122970842878	NA	NA	NA	1	1	1	NA	NA	NA	NA	NA	NA	NA	2	1	1	1	1	1	NA	NA	NA	2	1	1
4	27500	510687	2	1	1	1	h	1	1	1	0.05	0.124546689405	NA	NA	NA	1	1	1	NA	NA	NA	NA	NA	NA	NA	1	0	1	1	0	0.27542	1	1	0.72458	1	0	1
4	510688	523072	1	1	0	2	d	4	1	0	0.05	0.1	NA	NA	NA	NA	NA	NA	NA	NA	NA	NA	NA	NA	NA	1	0	1	1	0	1	NA	NA	NA	1	0	1
4	523073	526419	1	1	0	2	d	4	1	0	0.05	0.1	NA	NA	NA	NA	NA	NA	NA	NA	NA	NA	NA	NA	NA	1	0	1	1	0	1	NA	NA	NA	1	0	1
4	526420	3438692	1	1	0	2	d	4	1	0	0.0828400057028	0.1012310125	NA	NA	NA	1	0	0.707266047555871	2	0	0.292733952444129	0.0330794086496013	0.0317034502022985	0.736427211945872	0.861870104113044	1	0	1	1	0	1	NA	NA	NA	1	0	1
4	3438693	3512420	3	3	0	2	e	2	3	0	0.05	0.1	NA	NA	NA	2	0	0.498626898938569	3	0	0.501373101061431	0.20261248897879	0.191361475191323	0.213632628407001	0.980809275752639	1	0	1	2	0	1	NA	NA	NA	2	0	2
4	3512421	3550000	1	1	0	2	d	4	1	0	0.05	0.1	NA	NA	NA	1	0	0.821455168355132	2	0	0.178544831644868	0.0528446789311253	0.0518532266754195	0.718892849021781	0.922756546640752	1	0	1	1	0	1	NA	NA	NA	1	0	1
4	3550001	4186406	1	1	0	2	d	4	1	0	0.090566782069	0.280931997855	NA	NA	NA	1	0	0.821455168355132	2	0	0.178544831644868	0.0528446789311253	0.0518532266754195	0.718892849021781	0.922756546640752	1	0	1	1	0	1	NA	NA	NA	1	0	1
4	4186407	4863187	2	1	1	2	d	3	1.13	1	0.0604618337066	0.104573778879	NA	NA	NA	1	1	0.597166198484266	2	1	0.402833801515734	0.0557069742133747	0.0556840619633423	0.47712608065931	0.697014215337108	2	1	1	1	1	1	NA	NA	NA	2	1	1
4	4863188	5987675	1	1	0	3	b	5	1	0	0.0736463253534	0.084091865748	NA	NA	NA	1	0	1	NA	NA	NA	NA	NA	NA	NA	1	0	1	1	0	1	NA	NA	NA	1	0	1
4	5987676	5996951	1	1	0	2	d	3	1.13	1.13	0.05	0.1	NA	NA	NA	1	0	1	NA	NA	NA	NA	NA	NA	NA	1	0	1	1	1	1	NA	NA	NA	1	0	1
4	5996952	13555235	2	1	1	2	d	3	1.13	1.13	0.0552784478931	0.128109925211	NA	NA	NA	1	1	0.829914617137799	2	1	0.170085382862201	0.0143292763074397	0.013749797302119	0.825370443377489	0.879835723465719	2	1	1	1	1	1	NA	NA	NA	2	1	1
4	13555236	30344158	1	1	0	3	b	5	1	0	0.0826522411721	0.0861926515989	NA	NA	NA	1	0	1	NA	NA	NA	NA	NA	NA	NA	1	0	1	1	0	1	NA	NA	NA	1	0	1
4	30344159	30348291	1	1	0	2	d	2	1	0.37	0.05	0.1	NA	NA	NA	NA	NA	NA	NA	NA	NA	NA	NA	NA	NA	1	0	1	1	0	0.707236	1	1	0.292764	1	0	1
4	30348292	30375424	2	1	1	2	f	2	1	0.37	0.05	0.1	NA	NA	NA	NA	NA	NA	NA	NA	NA	NA	NA	NA	NA	NA	NA	NA	1	0	0.707236	1	1	0.292764	NA	NA	NA
4	30375425	30384797	2	1	1	2	f	2	1	0.37	0.05	0.1	NA	NA	NA	NA	NA	NA	NA	NA	NA	NA	NA	NA	NA	NA	NA	NA	1	0	0.707236	1	1	0.292764	NA	NA	NA
4	30384798	42996597	1	1	0	2	d	2	1	0.37	0.0728900814099	0.106178728672	NA	NA	NA	1	0	0.680341531448788	1	1	0.319658468551212	0.00884293650624934	0.00896081889966791	0.647895490353861	0.683404555919957	1	0	1	1	0	0.707236	1	1	0.292764	1	0	1
4	42996598	43937402	2	1	1	2	d	4	1	1	0.05	0.112700379836	NA	NA	NA	1	1	0.73491313109468	2	1	0.26508686890532	0.0207460392964079	0.0213350404983789	0.693128372764239	0.778182437366884	2	1	1	1	1	1	NA	NA	NA	2	1	1
4	43937403	48199999	2	1	1	2	d	4	1	1	0.0546357860137	0.107273910797	NA	NA	NA	1	1	0.73491313109468	2	1	0.26508686890532	0.0207460392964079	0.0213350404983789	0.693128372764239	0.778182437366884	2	1	1	1	1	1	NA	NA	NA	2	1	1
4	48200000	52699999	NA	NA	NA	NA	NA	NA	1	1	0.0515267295758	0.277256909905	NA	NA	NA	NA	NA	NA	NA	NA	NA	NA	NA	NA	NA	2	1	1	1	1	1	NA	NA	NA	2	1	1
4	52700000	85852182	4	3	1	2	d	3	2.63	1	0.0707106235355	0.142193696376	NA	NA	NA	2	1	0.245994489233593	3	1	0.754005510766407	0.0115056656455161	0.0117044408414607	0.266503052477336	0.312145637428183	4	1	3	3	1	1	NA	NA	NA	4	1	3
4	85852183	85911803	5	4	1	3	b	5	4	1	0.05	0.11063254105	NA	NA	NA	4	1	1	NA	NA	NA	NA	NA	NA	NA	5	1	4	4	1	1	NA	NA	NA	5	1	4
4	85911804	91126037	4	3	1	2	d	3	2.76	1	0.0719002656926	0.127966073778	NA	NA	NA	2	1	0.245994489233593	3	1	0.754005510766407	0.0319902932408356	0.0328511050805988	0.21330502738903	0.339542738709692	4	1	3	3	1	1	NA	NA	NA	4	1	3
4	91126038	91256702	1	1	0	2	d	4	0	0	0.05	0.101968850168	NA	NA	NA	1	0	1	NA	NA	NA	NA	NA	NA	NA	1	0	1	1	0	1	NA	NA	NA	1	0	1
4	91256703	91518400	4	3	1	2	d	3	2.39	1	0.06651768227	0.14326312649	NA	NA	NA	2	1	0.348223274851124	3	1	0.651776725148876	0.0238961672171172	0.0239344437682562	0.300438079039365	0.393007106831378	4	1	3	3	1	1	NA	NA	NA	4	1	3
4	91518401	91591669	4	3	1	2	d	4	3	1	0.05	0.114633956044	NA	NA	NA	2	1	0.348223274851124	3	1	0.651776725148876	0.0238961672171172	0.0239344437682562	0.300438079039365	0.393007106831378	4	1	3	3	1	1	NA	NA	NA	4	1	3
4	91591670	98510422	4	3	1	2	d	3	2.63	1	0.0685862272269	0.136228040176	NA	NA	NA	2	1	0.348223274851124	3	1	0.651776725148876	0.0238961672171172	0.0239344437682562	0.300438079039365	0.393007106831378	4	1	3	3	1	1	NA	NA	NA	4	1	3
4	98510423	98527279	3	2	1	2	f	2	2.63	1	0.05	0.1	NA	NA	NA	3	1	1	NA	NA	NA	NA	NA	NA	NA	3	1	2	3	1	1	NA	NA	NA	3	0	3
4	98527280	100091342	4	3	1	2	d	3	2.63	1	0.0783491991028	0.144362399274	NA	NA	NA	2	1	0.341667517093585	3	1	0.658332482906415	0.0403194573102964	0.039738366180498	0.286624801700549	0.44221783853412	4	1	3	3	1	1	NA	NA	NA	4	1	3
4	100091343	100091540	4	3	1	1	g	NA	NA	NA	NA	NA	NA	NA	NA	NA	NA	NA	NA	NA	NA	NA	NA	NA	NA	NA	NA	NA	3	1	1	NA	NA	NA	2	1	1
4	100091541	113508066	2	1	1	2	d	4	1	1	0.0533484460255	0.103784944601	NA	NA	NA	1	1	0.699849324360827	2	1	0.300150675639173	0.0142180394699489	0.0141392553881427	0.667501518485422	0.7231202930629	2	1	1	1	1	1	NA	NA	NA	2	1	1
4	113508067	113512378	4	3	1	1	g	NA	NA	NA	NA	NA	NA	NA	NA	NA	NA	NA	NA	NA	NA	NA	NA	NA	NA	5	2	3	3	1	1	NA	NA	NA	2	1	1
4	113512379	113544831	4	3	1	2	f	2	2.63	1	0.05	0.1	NA	NA	NA	7	2	0.682844216368039	7	3	0.317155783631961	NA	0	0.682844216368039	0.682844216368039	NA	NA	NA	3	1	1	NA	NA	NA	6	1	5
4	113544832	113544873	4	3	1	2	d	2	2.63	1	0.05	0.1	NA	NA	NA	NA	NA	NA	NA	NA	NA	NA	NA	NA	NA	NA	NA	NA	3	1	1	NA	NA	NA	4	1	3
4	113544874	128858175	4	3	1	2	d	3	2.63	1	0.0700258394004	0.129777888228	NA	NA	NA	2	1	0.299146171378029	3	1	0.700853828621971	0.0139372872643935	0.0136827683425249	0.302430287776885	0.356920308954049	4	1	3	3	1	1	NA	NA	NA	4	1	3
4	128858176	128859379	4	3	1	2	d	2	NA	NA	NA	NA	NA	NA	NA	2	1	0.299146171378029	3	1	0.700853828621971	0.0139372872643935	0.0136827683425249	0.302430287776885	0.356920308954049	NA	NA	NA	3	1	1	NA	NA	NA	4	1	3
4	128859380	135011764	4	3	1	2	d	3	2.63	1	0.0700306619691	0.137738787266	NA	NA	NA	2	1	0.299146171378029	3	1	0.700853828621971	0.0139372872643935	0.0136827683425249	0.302430287776885	0.356920308954049	4	1	3	3	1	1	NA	NA	NA	4	1	3
4	135011765	135011801	4	3	1	2	d	2	2.63	1	0.05	0.1	NA	NA	NA	NA	NA	NA	NA	NA	NA	NA	NA	NA	NA	NA	NA	NA	3	1	1	NA	NA	NA	4	1	3
4	135011802	190778060	4	3	1	2	d	3	2.63	1	0.0690229143132	0.138722633064	NA	NA	NA	2	1	0.245994489233593	3	1	0.754005510766407	0.00851823661548333	0.00826090066350269	0.267776544252758	0.301185828245821	4	1	3	3	1	1	NA	NA	NA	4	1	3
5	22500	6114601	2	1	1	2	d	4	1	1	0.0596453170972	0.128131054485	NA	NA	NA	1	1	0.681089907133385	2	1	0.318910092866615	0.0188716931118005	0.0193922369281571	0.657358121651447	0.733976915980327	2	1	1	1	1	1	NA	NA	NA	2	1	1
5	6114602	6115949	2	1	1	2	d	2	NA	NA	NA	NA	NA	NA	NA	NA	NA	NA	NA	NA	NA	NA	NA	NA	NA	1	0	1	1	1	1	NA	NA	NA	2	1	1
5	6115950	6117551	2	1	1	1	g	NA	NA	NA	NA	NA	NA	NA	NA	2	0	0.479168792733946	3	0	0.520831207266054	NA	0	0.479168792733946	0.479168792733946	1	0	1	1	1	1	NA	NA	NA	2	0	2
5	6117552	6117563	2	1	1	1	g	NA	NA	NA	NA	NA	NA	NA	NA	NA	NA	NA	NA	NA	NA	NA	NA	NA	NA	1	0	1	1	1	1	NA	NA	NA	2	0	2
5	6117564	6118672	1	1	0	2	d	2	NA	NA	NA	NA	NA	NA	NA	NA	NA	NA	NA	NA	NA	NA	NA	NA	NA	1	0	1	1	0	1	NA	NA	NA	2	0	2
5	6118673	6121159	1	1	0	2	d	3	NA	NA	NA	NA	NA	NA	NA	1	0	1	NA	NA	NA	NA	NA	NA	NA	1	0	1	1	0	1	NA	NA	NA	2	0	2
5	6121160	6125134	1	1	0	2	d	3	1	0	0.05	0.1	NA	NA	NA	NA	NA	NA	NA	NA	NA	NA	NA	NA	NA	1	0	1	1	0	1	NA	NA	NA	2	0	2
5	6125135	6126433	1	1	0	2	d	3	1	0	0.05	0.1	NA	NA	NA	2	1	1	NA	NA	NA	NA	NA	NA	NA	1	0	1	1	0	1	NA	NA	NA	3	1	2
5	6126434	7135204	1	1	0	2	d	4	1	0	0.0868762162375	0.0865573735653	NA	NA	NA	1	0	0.60384733136035	2	0	0.39615266863965	0.0466938955617419	0.0480170769331697	0.507610857531092	0.694189468509962	1	0	1	1	0	1	NA	NA	NA	1	0	1
5	7135205	11959019	3	2	1	2	d	2	1.39	1.39	0.0512634995097	0.11853592317	NA	NA	NA	2	1	0.484265555854499	2	2	0.515734444145501	0.0194231049783406	0.0196505989530546	0.4290674549617	0.504618270991682	3	1	2	2	2	0.763904	2	1	0.236096	3	1	2
5	11959020	15049043	1	1	0	2	d	3	1.13	0	0.0794373850043	0.0908503985847	NA	NA	NA	1	0	0.687377832902883	2	0	0.312622167097117	0.0250432076359627	0.0246095670246562	0.689875686209037	0.785341507043793	1	0	1	1	0	1	NA	NA	NA	1	0	1
5	15049044	23745157	2	1	1	2	d	4	1	1	0.0537175431821	0.117690121907	NA	NA	NA	1	1	0.721698207805818	2	1	0.278301792194182	0.0103365949657212	0.0103778042719707	0.700898154473542	0.742863969925106	2	1	1	1	1	1	NA	NA	NA	2	1	1
5	23745158	23745223	2	1	1	2	d	3	1	1	0.05	0.1	NA	NA	NA	1	1	0.721698207805818	2	1	0.278301792194182	0.0103365949657212	0.0103778042719707	0.700898154473542	0.742863969925106	NA	NA	NA	1	1	1	NA	NA	NA	2	1	1
5	23745224	23936176	2	1	1	2	d	4	1	1	0.0418359900589	0.105545235334	NA	NA	NA	1	1	0.721698207805818	2	1	0.278301792194182	0.0103365949657212	0.0103778042719707	0.700898154473542	0.742863969925106	2	1	1	1	1	1	NA	NA	NA	2	1	1
5	23936177	23936250	2	1	1	2	d	3	1	1	0.05	0.1	NA	NA	NA	1	1	0.721698207805818	2	1	0.278301792194182	0.0103365949657212	0.0103778042719707	0.700898154473542	0.742863969925106	NA	NA	NA	1	1	1	NA	NA	NA	2	1	1
5	23936251	35606575	2	1	1	2	d	4	1	1	0.0570232001	0.108269995717	NA	NA	NA	1	1	0.721698207805818	2	1	0.278301792194182	0.0103365949657212	0.0103778042719707	0.700898154473542	0.742863969925106	2	1	1	1	1	1	NA	NA	NA	2	1	1
5	35606576	35606624	2	1	1	1	g	NA	NA	NA	NA	NA	NA	NA	NA	0	0	1	NA	NA	NA	NA	NA	NA	NA	1	0	1	1	1	1	NA	NA	NA	1	0	1
5	35606625	35607828	1	1	0	2	d	3	1	0	0.05	0.1	NA	NA	NA	1	0	0.196252364840997	1	1	0.803747635159003	NA	0	0.196252364840997	0.196252364840997	1	0	1	1	1	1	NA	NA	NA	1	0	1
5	35607829	37488680	1	1	0	2	d	4	1	0	0.0796087825235	0.0881346776745	NA	NA	NA	1	0	0.621083784059597	2	0	0.378916215940403	0.0478364641453181	0.04648955243945	0.567314627282096	0.751234480323728	1	0	1	1	0	1	NA	NA	NA	1	0	1
5	37488681	45398971	1	1	0	1	g	NA	1.13	1.13	0.0506945496739	0.110612176212	NA	NA	NA	1	1	1	NA	NA	NA	NA	NA	NA	NA	3	1	2	1	0	1	NA	NA	NA	3	1	2
5	45398972	45968972	2	1	1	2	d	3	1.13	1.13	0.0558515554225	0.102029275114	NA	NA	NA	1	1	0.617307888560053	2	1	0.382692111439947	0.0631799466237934	0.0595227775950357	0.623238675842098	0.853920946629616	2	1	1	1	1	1	NA	NA	NA	2	1	1
5	45968973	46099999	1	1	0	3	b	5	1	0	0.05	0.0800573548819	NA	NA	NA	1	0	1	NA	NA	NA	NA	NA	NA	NA	1	0	1	1	0	1	NA	NA	NA	1	0	1
5	46100000	50699999	1	1	0	2	d	4	1	0	0.0818882808236	0.105355891633	NA	NA	NA	NA	NA	NA	NA	NA	NA	NA	NA	NA	NA	1	0	1	1	0	1	NA	NA	NA	1	0	1
5	50700000	59230195	1	1	0	3	b	5	1	0	0.0814038951818	0.086576864739	NA	NA	NA	1	0	1	NA	NA	NA	NA	NA	NA	NA	1	0	1	1	0	1	NA	NA	NA	1	0	1
5	59230196	59305865	0	0	0	2	d	3	0	0	0.05	0.0626096043597	NA	NA	NA	0	0	0.816898010670211	1	0	0.183101989329789	0.0978435504526326	0.0986359801044646	0.589639614213202	0.978752874768538	1	0	1	0	0	1	NA	NA	NA	0	0	0
5	59305866	86224666	1	1	0	3	b	5	1	0	0.0827414919428	0.0945305191121	NA	NA	NA	1	0	1	NA	NA	NA	NA	NA	NA	NA	1	0	1	1	0	1	NA	NA	NA	1	0	1
5	86224667	90005781	2	1	1	2	d	3	1	0.87	0.0638473386611	0.0942980944434	NA	NA	NA	1	0	0.425213457155488	1	1	0.574786542844512	0.0240902771458257	0.0239802292964649	0.358406505940876	0.451737351020489	2	1	1	1	1	1	NA	NA	NA	2	1	1
5	90005782	95202916	1	1	0	3	b	5	1	0	0.0776664195927	0.088117841398	NA	NA	NA	1	0	1	NA	NA	NA	NA	NA	NA	NA	1	0	1	1	0	1	NA	NA	NA	1	0	1
5	95202917	103823127	3	2	1	3	b	5	2	1	0.0599893733699	0.124738858623	NA	NA	NA	2	1	1	NA	NA	NA	NA	NA	NA	NA	3	1	2	2	1	1	NA	NA	NA	3	1	2
5	103823128	103827422	1	1	0	2	d	4	NA	NA	NA	NA	NA	NA	NA	1	0	1	NA	NA	NA	NA	NA	NA	NA	1	0	1	1	0	1	NA	NA	NA	1	0	1
5	103827423	103830599	1	1	0	1	g	NA	NA	NA	NA	NA	NA	NA	NA	1	1	1	NA	NA	NA	NA	NA	NA	NA	3	1	2	1	0	1	NA	NA	NA	3	1	2
5	103830600	115520607	1	1	0	3	b	5	1	0	0.0783158016116	0.0925665351894	NA	NA	NA	1	0	1	NA	NA	NA	NA	NA	NA	NA	1	0	1	1	0	1	NA	NA	NA	1	0	1
5	115520608	115882629	1	1	0	2	d	3	0.61	0.37	0.0741781505268	0.0843599422211	NA	NA	NA	0	0	0.335165395885878	1	0	0.664834604114122	0.0519312418512823	0.0514136088504993	0.224536375153321	0.426734855998228	1	0	1	1	0	1	NA	NA	NA	1	0	1
5	115882630	120126031	1	1	0	3	b	5	1	0	0.0800225904888	0.0912491291858	NA	NA	NA	1	0	1	NA	NA	NA	NA	NA	NA	NA	1	0	1	1	0	1	NA	NA	NA	1	0	1
5	120126032	124731799	2	1	1	2	d	3	0.76	0.76	0.057476236438	0.0925961459539	NA	NA	NA	1	0	0.402833801515731	1	1	0.597166198484269	0.0179343437212948	0.0178608268073901	0.374865824276377	0.443923852453751	2	1	1	1	1	1	NA	NA	NA	2	1	1
5	124731800	130717502	1	1	0	2	d	2	0.76	0.76	0.0556833948364	0.0920808620531	NA	NA	NA	1	0	0.159455046433314	1	1	0.840544953566686	0.0200778266833428	0.0202832248099262	0.110695156427742	0.18967985560616	1	0	1	1	0	0.27542	1	1	0.72458	1	0	1
5	130717503	131000924	1	1	0	2	d	2	NA	NA	NA	NA	NA	NA	NA	1	0	1	NA	NA	NA	NA	NA	NA	NA	NA	NA	NA	1	1	1	NA	NA	NA	1	0	1
5	131000925	149937903	2	1	1	2	d	4	1	1	0.0603117022379	0.167419720811	NA	NA	NA	1	1	0.659829234275607	2	1	0.340170765724393	0.012021946825055	0.0116532877005681	0.64681224367154	0.693670844349206	2	1	1	1	1	1	NA	NA	NA	2	1	1
5	149937904	151044511	1	1	0	3	b	5	1	0	0.0771837932597	0.146839381405	NA	NA	NA	1	0	1	NA	NA	NA	NA	NA	NA	NA	1	0	1	1	0	1	NA	NA	NA	1	0	1
5	151044512	151044695	1	1	0	3	b	5	1	0	0.05	0.1	NA	NA	NA	1	0	1	NA	NA	NA	NA	NA	NA	NA	1	0	1	1	0	1	NA	NA	NA	1	0	1
5	151044696	151045189	1	1	0	2	d	4	1	0	0.05	0.1	NA	NA	NA	1	0	1	NA	NA	NA	NA	NA	NA	NA	1	0	1	1	0	1	NA	NA	NA	NA	NA	NA
5	151045190	151045802	1	1	0	2	d	4	1	0	0.05	0.1	NA	NA	NA	1	0	1	NA	NA	NA	NA	NA	NA	NA	1	0	1	1	0	1	NA	NA	NA	NA	NA	NA
5	151045803	151525653	1	1	0	3	b	5	1	0	0.083084814534	0.0901224957086	NA	NA	NA	1	0	1	NA	NA	NA	NA	NA	NA	NA	1	0	1	1	0	1	NA	NA	NA	1	0	1
5	151525654	151563158	1	1	0	3	b	5	1	0	0.05	0.1	NA	NA	NA	1	0	1	NA	NA	NA	NA	NA	NA	NA	1	0	1	1	0	1	NA	NA	NA	1	0	1
5	151563159	151857621	1	1	0	3	b	5	1	0	0.0769337850142	0.0706357342606	NA	NA	NA	1	0	1	NA	NA	NA	NA	NA	NA	NA	1	0	1	1	0	1	NA	NA	NA	1	0	1
5	151857622	151864340	1	1	0	2	d	4	1	0	0.05	0.1	NA	NA	NA	2	0	1	NA	NA	NA	NA	NA	NA	NA	1	0	1	1	0	1	NA	NA	NA	1	0	1
5	151864341	151864401	1	1	0	2	d	4	1	0	0.05	0.1	NA	NA	NA	NA	NA	NA	NA	NA	NA	NA	NA	NA	NA	1	0	1	1	0	1	NA	NA	NA	1	0	1
5	151864402	151866769	1	1	0	2	d	3	1	0	0.05	0.1	NA	NA	NA	1	1	1	NA	NA	NA	NA	NA	NA	NA	1	0	1	1	0	1	NA	NA	NA	2	0	2
5	151866770	151903140	1	1	0	2	d	4	1	0	0.05	0.1	NA	NA	NA	0	0	0.290091863403564	1	0	0.709908136596436	0.269921988068925	0.21079755174486	0.281230566735471	1.08115992684597	1	0	1	1	0	1	NA	NA	NA	1	0	1
5	151903141	151976150	1	1	0	2	d	4	0.61	0	0.05	0.0844363846045	NA	NA	NA	1	0	1	NA	NA	NA	NA	NA	NA	NA	1	0	1	1	0	1	NA	NA	NA	1	0	1
5	151976151	152002173	1	1	0	2	d	3	0.61	0	0.05	0.1	NA	NA	NA	1	0	0.448719257067044	2	0	0.551280742932956	NA	0	0.448719257067044	0.448719257067044	1	0	1	1	0	1	NA	NA	NA	1	0	1
5	152002174	152002906	1	1	0	2	d	3	0.61	0	0.05	0.1	NA	NA	NA	NA	NA	NA	NA	NA	NA	NA	NA	NA	NA	1	0	1	1	0	1	NA	NA	NA	1	0	1
5	152002907	152429285	1	1	0	2	d	4	0.61	0	0.0695913958799	0.0759189935107	NA	NA	NA	1	0	1	NA	NA	NA	NA	NA	NA	NA	1	0	1	1	0	1	NA	NA	NA	1	0	1
5	152429286	152432107	2	1	1	1	g	NA	NA	NA	NA	NA	NA	NA	NA	2	0	0.183760247644317	2	1	0.816239752355683	NA	0	0.183760247644317	0.183760247644317	1	0	1	1	1	1	NA	NA	NA	2	0	2
5	152432108	152434693	2	1	1	2	f	2	1.13	1.13	0.05	0.1	NA	NA	NA	3	1	1	NA	NA	NA	NA	NA	NA	NA	NA	NA	NA	1	1	1	NA	NA	NA	1	0	1
5	152434694	161123025	2	1	1	2	d	3	1.13	1.13	0.0569317578589	0.109057763952	NA	NA	NA	1	1	0.699849324360827	2	1	0.300150675639173	0.0172833857066608	0.0176798818657271	0.676262678596899	0.744276073696856	2	1	1	1	1	1	NA	NA	NA	2	1	1
5	161123026	164787245	1	1	0	3	b	5	1	0	0.0867553592388	0.0834709030716	NA	NA	NA	1	0	1	NA	NA	NA	NA	NA	NA	NA	1	0	1	1	0	1	NA	NA	NA	1	0	1
5	164787246	164792114	2	1	1	2	f	2	1	0.37	0.05	0.1	NA	NA	NA	3	1	1	NA	NA	NA	NA	NA	NA	NA	1	0	1	1	0	0.78413	1	1	0.21587	2	0	2
5	164792115	180693207	1	1	0	2	d	2	1	0.37	0.0744647093471	0.096866050836	NA	NA	NA	1	0	0.765384222879885	1	1	0.234615777120115	0.00806581397794798	0.00812314658056259	0.731708671531463	0.763954425634106	1	0	1	1	0	0.78413	1	1	0.21587	1	0	1
6	39681	212499	2	2	0	2	d	3	2	0	0.05	0.1	NA	NA	NA	2	0	1	NA	NA	NA	NA	NA	NA	NA	1	0	1	NA	NA	NA	NA	NA	NA	2	0	2
6	212500	392401	2	2	0	2	d	3	2	0	0.0900338990074	0.21924265659	NA	NA	NA	1	0	0.74491849277269	2	0	0.25508150722731	0.39461308407245	0.247634328772463	1.08182265911216	2.06914215776403	NA	NA	NA	2	0	1	NA	NA	NA	2	0	2
6	392402	13420074	2	2	0	2	d	4	1.76	0	0.0827337588982	0.104003368405	NA	NA	NA	2	0	1	NA	NA	NA	NA	NA	NA	NA	2	0	2	2	0	1	NA	NA	NA	2	0	2
6	13420075	13420290	2	2	0	2	d	2	1.76	0	0.05	0.1	NA	NA	NA	NA	NA	NA	NA	NA	NA	NA	NA	NA	NA	NA	NA	NA	2	0	1	NA	NA	NA	2	0	2
6	13420291	21048379	2	2	0	2	d	3	1.76	0	0.083787264238	0.0981421953843	NA	NA	NA	1	0	0.256651316684988	2	0	0.743348683315012	0.0162844217897644	0.0159053364384037	0.226098640898235	0.288021707222992	2	0	2	2	0	1	NA	NA	NA	2	0	2
6	21048380	21048775	2	2	0	2	d	3	2	0	0.05	0.1	NA	NA	NA	1	0	0.256651316684988	2	0	0.743348683315012	0.0162844217897644	0.0159053364384037	0.226098640898235	0.288021707222992	NA	NA	NA	2	0	1	NA	NA	NA	2	0	2
6	21048776	29869982	2	2	0	2	d	4	2	0	0.0822198722139	0.107585944237	NA	NA	NA	1	0	0.256651316684988	2	0	0.743348683315012	0.0162844217897644	0.0159053364384037	0.226098640898235	0.288021707222992	2	0	2	2	0	1	NA	NA	NA	2	0	2
6	29869983	32294085	2	2	0	3	b	5	2	0	0.09170737917	0.129547587029	NA	NA	NA	2	0	1	NA	NA	NA	NA	NA	NA	NA	2	0	2	2	0	1	NA	NA	NA	2	0	2
6	32294086	32601984	2	2	0	2	d	3	2	0	0.0899826056821	0.363597648768	NA	NA	NA	1	0	0.240997904024742	2	0	0.759002095975257	0.0633119270996659	0.0619468047451636	0.165321434855507	0.405451516891829	2	0	2	1	0	1	NA	NA	NA	2	0	2
6	32601985	58699999	2	2	0	2	d	2	0.87	0.87	0.0926006659461	0.106463902167	NA	NA	NA	1	0	1	NA	NA	NA	NA	NA	NA	NA	2	0	2	2	0	0.0787581	1	0	0.921242	2	0	2
6	58700000	63299999	NA	NA	NA	NA	NA	NA	0.87	0.87	0.0620179413612	0.189401527345	NA	NA	NA	NA	NA	NA	NA	NA	NA	NA	NA	NA	NA	2	1	1	1	1	1	NA	NA	NA	2	0	2
6	63300000	75869607	2	1	1	2	d	2	0.87	0.87	0.0578360189008	0.101142982297	NA	NA	NA	1	0	0.300150675639171	1	1	0.699849324360829	0.00971350556767689	0.0101229800729659	0.272918795294577	0.313106919958653	2	1	1	1	1	1	NA	NA	NA	2	0	2
6	75869608	126655612	2	1	1	2	d	2	0.87	0.87	0.0589503276635	0.110165447436	NA	NA	NA	1	0	0.21260672857775	1	1	0.78739327142225	0.00547404936901146	0.00537025693902816	0.210832311469186	0.232836324973727	2	1	1	1	1	1	NA	NA	NA	2	0	2
6	126655613	126830581	1	1	0	2	d	2	NA	NA	NA	NA	NA	NA	NA	1	0	1	NA	NA	NA	NA	NA	NA	NA	NA	NA	NA	1	1	1	NA	NA	NA	1	0	1
6	126830582	128493210	2	1	1	3	b	5	1	1	0.0562222260814	0.0911653172489	NA	NA	NA	1	1	1	NA	NA	NA	NA	NA	NA	NA	2	1	1	1	1	1	NA	NA	NA	2	1	1
6	128493211	128654604	3	2	1	3	b	5	2	1	0.0434283266832	0.0997136085984	NA	NA	NA	2	1	1	NA	NA	NA	NA	NA	NA	NA	3	1	2	2	1	1	NA	NA	NA	3	1	2
6	128654605	170904342	2	1	1	2	d	3	0.87	0.87	0.0583190236553	0.110806193409	NA	NA	NA	1	0	0.255128074293293	1	1	0.744871925706707	0.00554026103472281	0.00542913395416137	0.239348243230945	0.260863351968574	2	1	1	1	1	1	NA	NA	NA	2	1	1
7	40386	57999999	2	1	1	3	b	5	1	1	0.0548017624983	0.114601940637	NA	NA	NA	1	1	1	NA	NA	NA	NA	NA	NA	NA	2	1	1	1	1	1	NA	NA	NA	2	1	1
7	58000000	61699999	2	1	1	2	d	4	1	1	0.05	0.233493520049	NA	NA	NA	1	1	1	NA	NA	NA	NA	NA	NA	NA	NA	NA	NA	1	1	1	NA	NA	NA	2	1	1
7	61700000	110625272	2	1	1	3	b	5	1	1	0.0546877372845	0.112089258805	NA	NA	NA	1	1	1	NA	NA	NA	NA	NA	NA	NA	2	1	1	1	1	1	NA	NA	NA	2	1	1
7	110625273	110678203	2	1	1	1	g	NA	1	1	0.05	0.0883360972935	NA	NA	NA	2	1	1	NA	NA	NA	NA	NA	NA	NA	NA	NA	NA	1	1	1	NA	NA	NA	3	1	2
7	110678204	158835928	2	1	1	3	b	5	1	1	0.0539628583327	0.112231013605	NA	NA	NA	1	1	1	NA	NA	NA	NA	NA	NA	NA	2	1	1	1	1	1	NA	NA	NA	2	1	1
8	10001	202844	4	3	1	2	f	2	2.76	0.61	0.05	0.1	NA	NA	NA	NA	NA	NA	NA	NA	NA	NA	NA	NA	NA	NA	NA	NA	3	0	0.348086	3	1	0.651914	4	1	3
8	202845	11929201	4	3	1	2	d	2	2.76	0.61	0.0721720066832	0.1621592988	NA	NA	NA	3	0	0.278841512750709	3	1	0.721158487249291	0.00631748490661799	0.00625256036337869	0.266094087238405	0.290199313670928	4	1	3	3	0	0.348086	3	1	0.651914	4	1	3
8	11929202	20619113	4	3	1	2	d	3	2.76	0.61	0.0723562922962	0.160570005719	NA	NA	NA	3	0	0.278841512750709	3	1	0.721158487249291	0.00631748490661799	0.00625256036337869	0.266094087238405	0.290199313670928	4	1	3	3	1	1	NA	NA	NA	4	1	3
8	20619114	33655806	3	2	1	2	d	3	1.63	0.61	0.0703684251133	0.125041348915	NA	NA	NA	2	0	0.235228084498418	2	1	0.764771915501582	0.0121681719206344	0.0121448429424156	0.179841278052176	0.227106622164378	3	1	2	2	1	1	NA	NA	NA	3	1	2
8	33655807	43099999	4	3	1	2	d	2	2.63	0.61	0.071340886716	0.130653776796	NA	NA	NA	3	0	0.349048125384751	3	1	0.650951874615249	0.0121663529689086	0.0123890957212384	0.291116394415206	0.339053719849155	4	1	3	3	0	0.353317	3	1	0.646683	4	1	3
8	43100000	48099999	4	3	1	2	d	3	2.63	0.61	0.05	0.275438587715	NA	NA	NA	NA	NA	NA	NA	NA	NA	NA	NA	NA	NA	4	1	3	3	1	1	NA	NA	NA	4	1	3
8	48100000	51102908	4	3	1	2	d	4	2.39	1	0.0715873896205	0.133327683506	NA	NA	NA	3	1	1	NA	NA	NA	NA	NA	NA	NA	4	1	3	3	1	1	NA	NA	NA	4	1	3
8	51102909	51108481	3	2	1	2	f	2	2.39	0.76	0.05	0.1	NA	NA	NA	2	1	0.791498595452809	3	1	0.208501404547191	NA	0	0.791498595452809	0.791498595452809	NA	NA	NA	3	1	1	NA	NA	NA	3	1	2
8	51108482	65285114	4	3	1	2	d	4	2.39	0.76	0.0710871625262	0.119786656525	NA	NA	NA	3	1	1	NA	NA	NA	NA	NA	NA	NA	4	1	3	3	1	1	NA	NA	NA	4	1	3
8	65285115	65287253	4	3	1	1	g	NA	NA	NA	NA	NA	NA	NA	NA	NA	NA	NA	NA	NA	NA	NA	NA	NA	NA	NA	NA	NA	3	1	1	NA	NA	NA	3	1	2
8	65287254	65297052	3	2	1	2	d	3	1.24	0.76	0.05	0.1	NA	NA	NA	1	1	0.240056474376166	2	1	0.759943525623834	0.0306904899527598	0.0288941167786115	0.178503919327629	0.293969322714574	3	1	2	2	1	1	NA	NA	NA	3	1	2
8	65297053	65300085	3	2	1	2	d	3	1.24	0.76	0.05	0.1	NA	NA	NA	1	1	0.240056474376166	2	1	0.759943525623834	0.0306904899527598	0.0288941167786115	0.178503919327629	0.293969322714574	3	1	2	2	1	1	NA	NA	NA	3	1	2
8	65300086	69461838	3	2	1	2	d	3	1.24	0.76	0.059925388985	0.097727166044	NA	NA	NA	1	1	0.240056474376166	2	1	0.759943525623834	0.0306904899527598	0.0288941167786115	0.178503919327629	0.293969322714574	3	1	2	2	1	1	NA	NA	NA	3	1	2
8	69461839	69535647	2	1	1	2	d	3	1.24	0.76	0.05	0.112288691327	NA	NA	NA	1	1	0.654063628076886	2	1	0.345936371923114	0.193438693629503	0.200939028536498	0.145117207734083	0.940590214368029	2	1	1	1	1	1	NA	NA	NA	2	1	1
8	69535648	69964621	3	2	1	2	d	3	1.24	0.76	0.037640368345	0.11061342773	NA	NA	NA	1	1	0.195553237637513	2	1	0.804446762362487	0.0250671614363606	0.0265526869448051	0.142661869138918	0.246721784036315	3	1	2	2	1	1	NA	NA	NA	3	1	2
8	69964622	69973830	3	2	1	2	d	3	1.24	0.76	0.05	0.1	NA	NA	NA	1	1	0.195553237637513	2	1	0.804446762362487	0.0250671614363606	0.0265526869448051	0.142661869138918	0.246721784036315	3	1	2	2	1	1	NA	NA	NA	3	1	2
8	69973831	69974674	3	2	1	2	d	3	1.24	0.76	0.05	0.1	NA	NA	NA	1	1	0.195553237637513	2	1	0.804446762362487	0.0250671614363606	0.0265526869448051	0.142661869138918	0.246721784036315	3	1	2	2	1	1	NA	NA	NA	3	1	2
8	69974675	69978571	3	2	1	2	d	3	1.24	0.76	0.05	0.1	NA	NA	NA	1	1	0.195553237637513	2	1	0.804446762362487	0.0250671614363606	0.0265526869448051	0.142661869138918	0.246721784036315	3	1	2	2	1	1	NA	NA	NA	3	1	2
8	69978572	72831664	3	2	1	2	d	3	1.24	0.76	0.0575761917244	0.0916901341102	NA	NA	NA	1	1	0.195553237637513	2	1	0.804446762362487	0.0250671614363606	0.0265526869448051	0.142661869138918	0.246721784036315	3	1	2	2	1	1	NA	NA	NA	3	1	2
8	72831665	72831676	3	2	1	2	d	2	1.24	0.76	0.05	0.1	NA	NA	NA	1	1	0.195553237637513	2	1	0.804446762362487	0.0250671614363606	0.0265526869448051	0.142661869138918	0.246721784036315	NA	NA	NA	2	1	1	NA	NA	NA	3	1	2
8	72831677	73942347	3	2	1	2	d	3	1.24	0.76	0.0630574832891	0.0971337596501	NA	NA	NA	1	1	0.195553237637513	2	1	0.804446762362487	0.0250671614363606	0.0265526869448051	0.142661869138918	0.246721784036315	3	1	2	2	1	1	NA	NA	NA	3	1	2
8	73942348	73942464	3	2	1	2	d	2	1.24	0.76	0.05	0.1	NA	NA	NA	NA	NA	NA	NA	NA	NA	NA	NA	NA	NA	NA	NA	NA	2	1	1	NA	NA	NA	3	1	2
8	73942465	73967032	3	2	1	2	d	2	1.24	0.76	0.05	0.1	NA	NA	NA	1	0	0.392504729681995	1	1	0.607495270318005	NA	0	0.392504729681995	0.392504729681995	NA	NA	NA	2	1	1	NA	NA	NA	3	1	2
8	73967033	73967396	3	2	1	2	d	2	1.24	0.76	0.05	0.1	NA	NA	NA	NA	NA	NA	NA	NA	NA	NA	NA	NA	NA	NA	NA	NA	2	1	1	NA	NA	NA	3	1	2
8	73967397	74064222	3	2	1	2	d	4	1.24	0.76	0.05	0.0903418352901	NA	NA	NA	2	1	1	NA	NA	NA	NA	NA	NA	NA	3	1	2	2	1	1	NA	NA	NA	3	1	2
8	74064223	74069084	3	2	1	2	d	4	1.39	0.61	0.05	0.1	NA	NA	NA	2	1	1	NA	NA	NA	NA	NA	NA	NA	3	1	2	2	1	1	NA	NA	NA	3	1	2
8	74069085	75454488	3	2	1	2	d	4	1.39	0.61	0.0719783107448	0.0934341365761	NA	NA	NA	2	1	1	NA	NA	NA	NA	NA	NA	NA	3	1	2	2	1	1	NA	NA	NA	3	1	2
8	75454489	75463435	2	1	1	2	f	1	1.39	0.61	0.05	0.1	NA	NA	NA	NA	NA	NA	NA	NA	NA	NA	NA	NA	NA	NA	NA	NA	4	1	0.385576	3	1	0.614424	3	1	2
8	75463436	80651902	5	4	1	2	d	2	2.63	0.61	0.0671472751906	0.124057623406	NA	NA	NA	3	1	0.598794594886631	4	1	0.401205405113369	0.0319537968978135	0.0322131483929444	0.529010357439934	0.656815366917091	5	1	4	4	1	0.385576	3	1	0.614424	5	1	4
8	80651903	80657339	3	2	1	2	f	3	2.63	0.61	0.05	0.1	NA	NA	NA	2	2	1	NA	NA	NA	NA	NA	NA	NA	3	1	2	2	2	0.554494	2	1	0.445506	4	1	3
8	80657340	80663191	4	2	2	1	g	NA	1	1	0.05	0.1	NA	NA	NA	4	2	1	NA	NA	NA	NA	NA	NA	NA	4	1	3	2	2	0.554494	2	1	0.445506	5	1	4
8	80663192	80741524	3	2	1	2	d	3	1	1	0.05	0.112726625818	NA	NA	NA	2	1	1	NA	NA	NA	NA	NA	NA	NA	3	1	2	2	2	0.554494	2	1	0.445506	3	1	2
8	80741525	80748161	3	2	1	1	g	NA	1	1	0.05	0.1	NA	NA	NA	3	1	1	NA	NA	NA	NA	NA	NA	NA	5	1	4	2	1	1	NA	NA	NA	4	1	3
8	80748162	81535066	3	2	1	2	d	4	1	1	0.0633225561008	0.0848362237359	NA	NA	NA	2	1	1	NA	NA	NA	NA	NA	NA	NA	3	1	2	2	1	1	NA	NA	NA	3	1	2
8	81535067	99047263	5	4	1	2	d	3	2.76	0.61	0.0694316496725	0.138165287959	NA	NA	NA	3	1	0.448719257067041	4	1	0.551280742932959	0.0198406840198125	0.0194393045487975	0.44938529742914	0.525546736580213	5	1	4	4	1	1	NA	NA	NA	5	1	4
8	99047264	99556001	3	2	1	2	d	4	1	1	0.0505363965388	0.0944592850812	NA	NA	NA	2	1	1	NA	NA	NA	NA	NA	NA	NA	3	1	2	2	1	1	NA	NA	NA	3	1	2
8	99556002	99628202	3	2	1	1	g	NA	2	2	0.05	0.0833560666293	NA	NA	NA	3	1	1	NA	NA	NA	NA	NA	NA	NA	5	1	4	2	1	1	NA	NA	NA	3	1	2
8	99628203	116204509	3	2	1	2	d	3	1.24	0.61	0.0620538873526	0.108930853666	NA	NA	NA	1	1	0.149573085689023	2	1	0.850426914310977	0.014105793384233	0.0139477830593162	0.161967840287675	0.218014932361804	3	1	2	2	1	1	NA	NA	NA	3	1	2
8	116204510	116205357	3	2	1	2	d	3	1.24	0.61	0.05	0.1	NA	NA	NA	NA	NA	NA	NA	NA	NA	NA	NA	NA	NA	3	1	2	2	1	1	NA	NA	NA	3	1	2
8	116205358	116482119	3	2	1	2	d	3	1.24	0.61	0.0475065841298	0.0937490971607	NA	NA	NA	1	1	0.505734784844901	2	1	0.494265215155099	0.209166236331757	0.203863028807774	0.119023929513598	0.913419533099649	3	1	2	2	1	1	NA	NA	NA	3	1	2
8	116482120	116573539	3	2	1	2	d	4	1.24	0.61	0.05	0.0651169226948	NA	NA	NA	2	1	1	NA	NA	NA	NA	NA	NA	NA	3	1	2	2	1	1	NA	NA	NA	3	1	2
8	116573540	116586539	2	1	1	2	e	3	1.24	0.61	0.05	0.1	NA	NA	NA	1	1	1	NA	NA	NA	NA	NA	NA	NA	3	1	2	2	1	1	NA	NA	NA	2	1	1
8	116586540	118831390	3	2	1	2	d	3	1.24	0.61	0.065649025014	0.089397860224	NA	NA	NA	1	1	0.171586364466087	2	1	0.828413635533913	0.0331550284961002	0.032051643076185	0.107436563064971	0.232897855547871	3	1	2	2	1	1	NA	NA	NA	3	1	2
8	118831391	118831703	3	2	1	2	d	2	1.24	0.61	0.05	0.1	NA	NA	NA	1	1	0.171586364466087	2	1	0.828413635533913	0.0331550284961002	0.032051643076185	0.107436563064971	0.232897855547871	NA	NA	NA	2	1	1	NA	NA	NA	3	1	2
8	118831704	119518790	3	2	1	2	d	3	1.24	0.61	0.060112626653	0.0923309863782	NA	NA	NA	1	1	0.171586364466087	2	1	0.828413635533913	0.0331550284961002	0.032051643076185	0.107436563064971	0.232897855547871	3	1	2	2	1	1	NA	NA	NA	3	1	2
8	119518791	119526759	3	2	1	2	d	2	1.24	0.61	0.05	0.1	NA	NA	NA	NA	NA	NA	NA	NA	NA	NA	NA	NA	NA	3	1	2	3	1	1	NA	NA	NA	3	1	2
8	119526760	119527277	4	3	1	1	g	NA	NA	NA	NA	NA	NA	NA	NA	NA	NA	NA	NA	NA	NA	NA	NA	NA	NA	NA	NA	NA	3	1	1	NA	NA	NA	NA	NA	NA
8	119527278	119527359	4	3	1	1	g	NA	NA	NA	NA	NA	NA	NA	NA	NA	NA	NA	NA	NA	NA	NA	NA	NA	NA	NA	NA	NA	3	1	1	NA	NA	NA	NA	NA	NA
8	119527360	119937960	4	3	1	2	d	4	2.39	0.61	0.0642939697142	0.104802060905	NA	NA	NA	3	1	1	NA	NA	NA	NA	NA	NA	NA	4	1	3	3	1	1	NA	NA	NA	4	1	3
8	119937961	119969251	5	4	1	2	d	4	3	1	0.05	0.1	NA	NA	NA	4	1	1	NA	NA	NA	NA	NA	NA	NA	5	1	4	4	1	1	NA	NA	NA	5	1	4
8	119969252	120453530	4	3	1	2	d	4	2.39	0.67	0.0624576220211	0.167627863723	NA	NA	NA	3	1	1	NA	NA	NA	NA	NA	NA	NA	4	1	3	3	1	1	NA	NA	NA	4	1	3
8	120453531	120832488	3	2	1	2	d	3	1	1	0.0680813427755	0.0858897852964	NA	NA	NA	1	1	0.149573085689023	2	1	0.850426914310977	0.101355064333842	0.0995158320225843	0.00507405479902212	0.385283371319262	3	1	2	2	1	1	NA	NA	NA	3	1	2
8	120832489	121299440	4	3	1	2	d	4	2.39	0.37	0.0795265172969	0.124481462516	NA	NA	NA	3	1	1	NA	NA	NA	NA	NA	NA	NA	4	1	3	3	1	1	NA	NA	NA	4	1	3
8	121299441	121315233	3	2	1	1	g	NA	1.39	0.67	0.05	0.1	NA	NA	NA	NA	NA	NA	NA	NA	NA	NA	NA	NA	NA	NA	NA	NA	2	1	1	NA	NA	NA	4	1	3
8	121315234	121316226	1	1	0	2	f	2	1.39	0.67	0.05	0.1	NA	NA	NA	NA	NA	NA	NA	NA	NA	NA	NA	NA	NA	1	0	1	2	1	1	NA	NA	NA	NA	NA	NA
8	121316227	121316978	3	2	1	1	g	NA	1.39	0.67	0.05	0.1	NA	NA	NA	NA	NA	NA	NA	NA	NA	NA	NA	NA	NA	NA	NA	NA	2	1	1	NA	NA	NA	NA	NA	NA
8	121316979	121318100	3	2	1	2	d	2	1.39	0.67	0.05	0.1	NA	NA	NA	NA	NA	NA	NA	NA	NA	NA	NA	NA	NA	3	1	2	2	1	1	NA	NA	NA	NA	NA	NA
8	121318101	121390636	3	2	1	2	d	3	1.39	0.67	0.05	0.120305317931	NA	NA	NA	1	1	0.291310904740842	2	1	0.708689095259158	0.15635568201968	0.147329158925333	0.0777505358294856	0.638786383355864	3	1	2	2	1	1	NA	NA	NA	3	1	2
8	121390637	121392647	3	2	1	2	d	3	1.39	0.67	0.05	0.1	NA	NA	NA	2	1	1	NA	NA	NA	NA	NA	NA	NA	1	0	1	2	1	1	NA	NA	NA	3	1	2
8	121392648	121392683	3	2	1	2	d	2	1.39	0.67	0.05	0.1	NA	NA	NA	NA	NA	NA	NA	NA	NA	NA	NA	NA	NA	NA	NA	NA	2	1	1	NA	NA	NA	3	1	2
8	121392684	121397143	4	3	1	2	d	2	1.39	0.67	0.05	0.1	NA	NA	NA	3	1	1	NA	NA	NA	NA	NA	NA	NA	NA	NA	NA	2	1	1	NA	NA	NA	4	1	3
8	121397144	123995975	3	2	1	2	d	4	1.39	0.67	0.0589270519526	0.096526324503	NA	NA	NA	2	1	1	NA	NA	NA	NA	NA	NA	NA	3	1	2	2	1	1	NA	NA	NA	3	1	2
8	123995976	124001172	3	2	1	2	d	4	1.39	0.67	0.05	0.1	NA	NA	NA	2	1	1	NA	NA	NA	NA	NA	NA	NA	3	1	2	2	1	1	NA	NA	NA	3	1	2
8	124001173	124007993	3	2	1	2	d	4	1.39	0.67	0.05	0.1	NA	NA	NA	2	1	1	NA	NA	NA	NA	NA	NA	NA	3	1	2	2	1	1	NA	NA	NA	3	1	2
8	124007994	124029234	3	2	1	2	d	4	1.39	0.67	0.05	0.1	NA	NA	NA	2	1	1	NA	NA	NA	NA	NA	NA	NA	3	1	2	2	1	1	NA	NA	NA	3	1	2
8	124029235	124030156	3	2	1	2	d	3	1.39	0.67	0.05	0.1	NA	NA	NA	2	1	1	NA	NA	NA	NA	NA	NA	NA	NA	NA	NA	2	1	1	NA	NA	NA	3	1	2
8	124030157	124032349	3	2	1	2	d	3	1.39	0.67	0.05	0.1	NA	NA	NA	2	1	1	NA	NA	NA	NA	NA	NA	NA	NA	NA	NA	2	1	1	NA	NA	NA	3	1	2
8	124032350	124039015	3	2	1	2	d	3	1.39	0.67	0.05	0.1	NA	NA	NA	2	1	1	NA	NA	NA	NA	NA	NA	NA	NA	NA	NA	2	1	1	NA	NA	NA	3	1	2
8	124039016	130159768	3	2	1	2	d	4	1.39	0.67	0.061697725039	0.100839533247	NA	NA	NA	2	1	1	NA	NA	NA	NA	NA	NA	NA	3	1	2	2	1	1	NA	NA	NA	3	1	2
8	130159769	130159883	3	2	1	2	d	3	1.39	0.67	0.05	0.1	NA	NA	NA	2	1	1	NA	NA	NA	NA	NA	NA	NA	1	0	1	2	1	1	NA	NA	NA	3	1	2
8	130159884	130160207	3	2	1	2	d	3	1.39	0.67	0.05	0.1	NA	NA	NA	2	1	1	NA	NA	NA	NA	NA	NA	NA	1	0	1	2	1	1	NA	NA	NA	3	1	2
8	130160208	130160809	3	2	1	2	d	2	1.39	0.67	0.05	0.1	NA	NA	NA	2	1	1	NA	NA	NA	NA	NA	NA	NA	1	0	1	2	1	1	NA	NA	NA	NA	NA	NA
8	130160810	130161179	3	2	1	2	d	2	1.39	0.67	0.05	0.1	NA	NA	NA	2	1	1	NA	NA	NA	NA	NA	NA	NA	1	0	1	2	1	1	NA	NA	NA	NA	NA	NA
8	130161180	130164015	3	2	1	2	d	2	1.39	0.67	0.05	0.1	NA	NA	NA	2	1	1	NA	NA	NA	NA	NA	NA	NA	1	0	1	2	1	1	NA	NA	NA	NA	NA	NA
8	130164016	130164528	3	2	1	2	d	2	1.39	0.67	0.05	0.1	NA	NA	NA	2	1	1	NA	NA	NA	NA	NA	NA	NA	NA	NA	NA	2	1	1	NA	NA	NA	NA	NA	NA
8	130164529	136209362	3	2	1	2	d	4	1.39	0.67	0.0657604296622	0.0976578264037	NA	NA	NA	2	1	1	NA	NA	NA	NA	NA	NA	NA	3	1	2	2	1	1	NA	NA	NA	3	1	2
8	136209363	136240930	3	2	1	2	d	3	1.39	0.67	0.05	0.1	NA	NA	NA	3	1	1	NA	NA	NA	NA	NA	NA	NA	3	1	2	2	1	1	NA	NA	NA	3	1	2
8	136240931	136242299	3	2	1	2	d	3	1.39	0.67	0.05	0.1	NA	NA	NA	NA	NA	NA	NA	NA	NA	NA	NA	NA	NA	3	1	2	2	1	1	NA	NA	NA	3	1	2
8	136242300	136870459	3	2	1	2	d	4	1.39	0.67	0.0643332752562	0.105211132573	NA	NA	NA	2	1	1	NA	NA	NA	NA	NA	NA	NA	3	1	2	2	1	1	NA	NA	NA	3	1	2
8	136870460	136871786	1	1	0	2	f	2	1.39	0.67	0.05	0.1	NA	NA	NA	2	0	0.462292070619454	2	1	0.537707929380546	NA	0	0.462292070619454	0.462292070619454	1	0	1	2	1	1	NA	NA	NA	2	0	2
8	136871787	138946389	3	2	1	2	d	4	1.39	0.67	0.0655863603091	0.0957531078645	NA	NA	NA	2	1	1	NA	NA	NA	NA	NA	NA	NA	3	1	2	2	1	1	NA	NA	NA	3	1	2
8	138946390	138950503	3	2	1	2	d	4	1.39	0.67	0.05	0.1	NA	NA	NA	2	1	1	NA	NA	NA	NA	NA	NA	NA	3	1	2	2	1	1	NA	NA	NA	3	1	2
8	138950504	144197898	3	2	1	2	d	4	1.39	0.67	0.0633975957304	0.112709888148	NA	NA	NA	2	1	1	NA	NA	NA	NA	NA	NA	NA	3	1	2	2	1	1	NA	NA	NA	3	1	2
8	144197899	144212019	4	4	0	2	d	2	1.39	0.67	0.05	0.1	NA	NA	NA	6	0	0.306305386925856	6	1	0.693694613074144	NA	0	0.306305386925856	0.306305386925856	4	0	4	2	1	1	NA	NA	NA	4	0	4
8	144212020	146364021	3	2	1	2	d	4	1.39	0.67	0.0540665868465	0.121504632467	NA	NA	NA	2	1	1	NA	NA	NA	NA	NA	NA	NA	3	1	2	2	1	1	NA	NA	NA	3	1	2
9	47500	9211890	3	2	1	2	d	4	2	1.13	0.0683966676501	0.130368187011	NA	NA	NA	2	1	1	NA	NA	NA	NA	NA	NA	NA	3	1	2	2	1	1	NA	NA	NA	3	1	2
9	9211891	9650792	2	2	0	3	b	5	2	0	0.0731252078118	0.099788694564	NA	NA	NA	2	0	1	NA	NA	NA	NA	NA	NA	NA	2	0	2	2	0	1	NA	NA	NA	2	0	2
9	9650793	9660364	2	2	0	1	g	NA	2	0	0.05	0.1	NA	NA	NA	1	1	1	NA	NA	NA	NA	NA	NA	NA	NA	NA	NA	2	0	1	NA	NA	NA	3	1	2
9	9660365	9774201	2	2	0	3	b	5	2	0	0.0789012877277	0.107454348887	NA	NA	NA	2	0	1	NA	NA	NA	NA	NA	NA	NA	2	0	2	2	0	1	NA	NA	NA	2	0	2
9	9774202	24494552	3	2	1	2	d	3	2	0.87	0.0696520076641	0.154660424335	NA	NA	NA	2	0	0.183760247644317	2	1	0.816239752355683	0.0098459679457398	0.0101374087972063	0.129511049010939	0.170447390261681	3	1	2	2	1	1	NA	NA	NA	3	1	2
9	24494553	24522383	3	2	1	2	e	3	2	0.87	0.05	0.1	NA	NA	NA	1	0	1	NA	NA	NA	NA	NA	NA	NA	3	1	2	2	1	1	NA	NA	NA	2	0	2
9	24522384	39184602	3	2	1	2	d	3	2	0.87	0.0736822871354	0.134293109981	NA	NA	NA	2	0	0.268314551047482	2	1	0.731685448952518	0.00950669397131168	0.00959758446669655	0.238829143594115	0.276285791148873	3	1	2	2	1	1	NA	NA	NA	3	1	2
9	39184603	47299999	3	2	1	2	d	3	2	0.87	0.05	0.577974491871	NA	NA	NA	2	1	1	NA	NA	NA	NA	NA	NA	NA	1	0	1	2	1	1	NA	NA	NA	3	1	2
9	47300000	50699999	3	2	1	2	d	2	NA	NA	NA	NA	NA	NA	NA	NA	NA	NA	NA	NA	NA	NA	NA	NA	NA	1	0	1	2	1	1	NA	NA	NA	3	1	2
9	50700000	68152499	3	2	1	2	d	2	2	0.76	0.05	0.311400058872	NA	NA	NA	NA	NA	NA	NA	NA	NA	NA	NA	NA	NA	NA	NA	NA	2	1	1	NA	NA	NA	3	1	2
9	68152500	89960031	3	2	1	2	d	3	2	0.76	0.07167344058	0.119939691836	NA	NA	NA	2	0	0.291374815611981	2	1	0.708625184388019	0.00883363154780853	0.00905993395366879	0.266336077526301	0.302500879905837	3	1	2	2	1	1	NA	NA	NA	3	1	2
9	89960032	115081188	3	2	1	3	b	5	2	1	0.0654198695285	0.126169096378	NA	NA	NA	2	1	1	NA	NA	NA	NA	NA	NA	NA	3	1	2	2	1	1	NA	NA	NA	3	1	2
9	115081189	130345488	3	2	1	2	d	3	2	0.76	0.0710965803477	0.115924714243	NA	NA	NA	2	0	0.291374815611981	2	1	0.708625184388019	0.0105152638240784	0.0104523295699451	0.250020717679958	0.291453725849155	3	1	2	2	1	1	NA	NA	NA	3	1	2
9	130345489	130428431	3	2	1	1	g	NA	4	1	0.05	0.1	NA	NA	NA	7	1	0.281673400046825	7	2	0.718326599953175	NA	0	0.281673400046825	0.281673400046825	NA	NA	NA	2	1	1	NA	NA	NA	5	0	5
9	130428432	140273200	3	2	1	2	d	3	2.24	0.76	0.0731630158903	0.15443188558	NA	NA	NA	2	0	0.331730278599853	2	1	0.668269721400147	0.0121829632006207	0.0127306432588571	0.290428938294127	0.340700030331683	3	1	2	2	1	1	NA	NA	NA	3	1	2
9	140273201	141069463	3	2	1	2	d	4	NA	NA	NA	NA	NA	NA	NA	2	1	1	NA	NA	NA	NA	NA	NA	NA	3	1	2	2	1	1	NA	NA	NA	3	1	2
10	119991	37999999	2	1	1	3	b	5	1	1	0.0560227577832	0.107990942305	NA	NA	NA	1	1	1	NA	NA	NA	NA	NA	NA	NA	2	1	1	1	1	1	NA	NA	NA	2	1	1
10	38000000	42299999	2	1	1	2	d	3	1	1	0.0564094680102	0.127440077657	NA	NA	NA	1	1	0.840544953566692	2	1	0.159455046433308	0.0399875140278318	0.0384106054232454	0.734899823209947	0.889800873316565	2	1	1	NA	NA	NA	NA	NA	NA	2	1	1
10	42300000	135389304	2	1	1	3	b	5	1	1	0.0561344376821	0.116047012168	NA	NA	NA	1	1	1	NA	NA	NA	NA	NA	NA	NA	2	1	1	1	1	1	NA	NA	NA	2	1	1
11	20721	201189	2	1	1	2	d	2	NA	NA	NA	NA	NA	NA	NA	NA	NA	NA	NA	NA	NA	NA	NA	NA	NA	NA	NA	NA	1	1	1	NA	NA	NA	2	1	1
11	201190	51599999	2	1	1	3	b	5	1	1	0.0555535006569	0.117397878571	NA	NA	NA	1	1	1	NA	NA	NA	NA	NA	NA	NA	2	1	1	1	1	1	NA	NA	NA	2	1	1
11	51600000	55699999	2	1	1	3	b	5	1	1	0.0600942882331	0.220335255063	NA	NA	NA	1	1	1	NA	NA	NA	NA	NA	NA	NA	2	1	1	1	1	1	NA	NA	NA	2	1	1
11	55700000	85923147	2	1	1	3	b	5	1	1	0.0544562967873	0.121860090459	NA	NA	NA	1	1	1	NA	NA	NA	NA	NA	NA	NA	2	1	1	1	1	1	NA	NA	NA	2	1	1
11	85923148	85923306	2	1	1	2	d	3	1	1	0.05	0.1	NA	NA	NA	1	0	1	NA	NA	NA	NA	NA	NA	NA	1	0	1	1	1	1	NA	NA	NA	2	1	1
11	85923307	86500590	2	1	1	3	b	5	1	1	0.0633517928109	0.111745100689	NA	NA	NA	1	1	1	NA	NA	NA	NA	NA	NA	NA	2	1	1	1	1	1	NA	NA	NA	2	1	1
11	86500591	86501946	2	1	1	2	d	2	NA	NA	NA	NA	NA	NA	NA	NA	NA	NA	NA	NA	NA	NA	NA	NA	NA	3	1	2	1	1	1	NA	NA	NA	2	1	1
11	86501947	86531648	3	2	1	2	d	2	1.63	1	0.05	0.1	NA	NA	NA	NA	NA	NA	NA	NA	NA	NA	NA	NA	NA	3	1	2	2	1	1	NA	NA	NA	NA	NA	NA
11	86531649	134402200	3	2	1	2	d	3	1.63	1	0.0613073935163	0.116879332755	NA	NA	NA	1	1	0.2710626448763	2	1	0.7289373551237	0.00714714889541454	0.00704729921143005	0.271864910878383	0.299542436610407	3	1	2	2	1	1	NA	NA	NA	3	1	2
12	22500	190189	4	2	2	2	d	2	2	2	0.05	0.536913396569	NA	NA	NA	NA	NA	NA	NA	NA	NA	NA	NA	NA	NA	NA	NA	NA	2	2	1	NA	NA	NA	3	1	2
12	190190	12663673	4	2	2	2	d	3	2	2	0.0524605141474	0.203987628791	NA	NA	NA	2	1	0.556975441590211	2	2	0.443024558409789	0.0119311627228352	0.0118800041282917	0.532825997768371	0.579777926576724	4	2	2	2	2	1	NA	NA	NA	3	1	2
12	12663674	12825651	5	3	2	1	g	NA	2	2	0.05	0.141713873656	NA	NA	NA	2	1	0.556975441590211	2	2	0.443024558409789	0.0119311627228352	0.0118800041282917	0.532825997768371	0.579777926576724	5	2	3	3	2	1	NA	NA	NA	4	1	3
12	12825652	13212762	3	2	1	2	d	2	2	0.61	0.0800760510319	0.1329725535	NA	NA	NA	2	0	0.578346996859091	2	1	0.421653003140909	0.0571683779616705	0.0574204599541122	0.370499914145473	0.597388152691635	3	1	2	2	0	0.564214	2	1	0.435786	3	1	2
12	13212763	13309650	4	2	2	2	d	4	2	2	0.05	0.106490766905	NA	NA	NA	2	2	1	NA	NA	NA	NA	NA	NA	NA	5	2	3	2	2	1	NA	NA	NA	4	2	2
12	13309651	13309766	4	2	2	2	d	2	2	0.61	0.05	0.1	NA	NA	NA	NA	NA	NA	NA	NA	NA	NA	NA	NA	NA	1	0	1	2	2	1	NA	NA	NA	4	2	2
12	13309767	13309853	3	2	1	2	f	2	2	0.61	0.05	0.1	NA	NA	NA	NA	NA	NA	NA	NA	NA	NA	NA	NA	NA	NA	NA	NA	2	2	1	NA	NA	NA	3	1	2
12	13309854	33299999	3	2	1	2	d	2	2	0.61	0.0748586103438	0.116985253954	NA	NA	NA	2	0	0.420512297173181	2	1	0.579487702826819	0.00767941011433751	0.00780164415737268	0.383892327235134	0.415010098991257	3	1	2	2	0	0.417363	2	1	0.582637	3	1	2
12	33300000	38199999	NA	NA	NA	NA	NA	NA	2	0.61	0.0769091874512	0.149637627865	NA	NA	NA	NA	NA	NA	NA	NA	NA	NA	NA	NA	NA	2	0	2	2	0	0.526586	2	1	0.473414	2	0	2
12	38200000	132349400	2	2	0	3	b	5	2	0	0.0812138801216	0.112834847952	NA	NA	NA	2	0	1	NA	NA	NA	NA	NA	NA	NA	2	0	2	2	0	1	NA	NA	NA	2	0	2
12	132349401	133851894	2	2	0	2	d	3	NA	NA	NA	NA	NA	NA	NA	2	0	0.673078885600577	3	0	0.326921114399423	0.059698467311511	0.0563361428878144	0.590197981203799	0.815512555340805	2	0	2	2	0	1	NA	NA	NA	2	0	2
13	1	16299999	2	1	1	1	h	1	NA	NA	NA	NA	NA	NA	NA	NA	NA	NA	NA	NA	NA	NA	NA	NA	NA	NA	NA	NA	NA	NA	NA	NA	NA	NA	2	1	1
13	16300000	19499999	2	1	1	2	d	3	1	1	0.05	0.226229648694	NA	NA	NA	1	1	0.839243963532792	2	1	0.160756036467208	0.0124394134132135	0.0124468786000632	0.815194504349281	0.864011851379131	NA	NA	NA	1	1	1	NA	NA	NA	2	1	1
13	19500000	20671165	2	1	1	2	d	4	1	1	0.0599389535901	0.104514687068	NA	NA	NA	1	1	0.839243963532792	2	1	0.160756036467208	0.0124394134132135	0.0124468786000632	0.815194504349281	0.864011851379131	2	1	1	1	1	1	NA	NA	NA	2	1	1
13	20671166	20677844	2	1	1	2	d	3	1	1	0.05	0.1	NA	NA	NA	1	1	0.839243963532792	2	1	0.160756036467208	0.0124394134132135	0.0124468786000632	0.815194504349281	0.864011851379131	NA	NA	NA	1	1	1	NA	NA	NA	2	1	1
13	20677845	30609615	2	1	1	2	d	4	1	1	0.0522593251725	0.105633736198	NA	NA	NA	1	1	0.839243963532792	2	1	0.160756036467208	0.0124394134132135	0.0124468786000632	0.815194504349281	0.864011851379131	2	1	1	1	1	1	NA	NA	NA	2	1	1
13	30609616	30628322	4	3	1	2	d	4	2	2	0.05	0.1	NA	NA	NA	3	1	1	NA	NA	NA	NA	NA	NA	NA	4	1	3	3	1	1	NA	NA	NA	4	1	3
13	30628323	30653569	2	1	1	2	d	3	1	1	0.05	0.1	NA	NA	NA	1	1	0.725595329020748	2	1	0.274404670979252	0.0329562702500412	0.0326282201282028	0.662481859877914	0.789654410475957	3	1	2	1	1	1	NA	NA	NA	2	1	1
13	30653570	30655496	2	1	1	2	d	3	1	1	0.05	0.1	NA	NA	NA	1	1	0.725595329020748	2	1	0.274404670979252	0.0329562702500412	0.0326282201282028	0.662481859877914	0.789654410475957	NA	NA	NA	1	1	1	NA	NA	NA	2	1	1
13	30655497	32523062	2	1	1	2	d	4	1	1	0.0496936579098	0.104824086288	NA	NA	NA	1	1	0.725595329020748	2	1	0.274404670979252	0.0329562702500412	0.0326282201282028	0.662481859877914	0.789654410475957	2	1	1	1	1	1	NA	NA	NA	2	1	1
13	32523063	32536975	2	1	1	2	d	2	NA	NA	NA	NA	NA	NA	NA	NA	NA	NA	NA	NA	NA	NA	NA	NA	NA	NA	NA	NA	1	1	1	NA	NA	NA	2	1	1
13	32536976	37875390	2	1	1	2	d	4	1	1	0.0538081927029	0.110119176925	NA	NA	NA	1	1	0.803747635158998	2	1	0.196252364841002	0.0181091601406622	0.0176829473035208	0.782271088151382	0.851282481996888	2	1	1	1	1	1	NA	NA	NA	2	1	1
13	37875391	37889213	4	2	2	1	g	NA	1	1	0.05	0.1	NA	NA	NA	2	1	1	NA	NA	NA	NA	NA	NA	NA	3	1	2	2	2	1	NA	NA	NA	2	1	1
13	37889214	41746684	2	1	1	2	d	4	1	1	0.0536610790156	0.103852411743	NA	NA	NA	1	1	0.840544953566692	2	1	0.159455046433308	0.0211056809788757	0.0211463947117699	0.814694804832219	0.897091484068416	2	1	1	1	1	1	NA	NA	NA	2	1	1
13	41746685	51800943	1	1	0	3	b	5	1	0	0.0817645614205	0.10368194689	NA	NA	NA	1	0	1	NA	NA	NA	NA	NA	NA	NA	1	0	1	1	0	1	NA	NA	NA	1	0	1
13	51800944	52694050	2	1	1	2	d	4	1	1	0.055175331292	0.101337649529	NA	NA	NA	1	0	0.164831927779373	1	1	0.835168072220627	0.00902163568057161	0.00868752200625379	0.14818734313701	0.18226687881805	2	1	1	1	1	1	NA	NA	NA	2	1	1
13	52694051	52984617	2	1	1	2	d	4	1	1	0.05	0.162644223882	NA	NA	NA	1	0	0.164831927779373	1	1	0.835168072220627	0.00902163568057161	0.00868752200625379	0.14818734313701	0.18226687881805	2	1	1	1	1	1	NA	NA	NA	2	1	1
13	52984618	73543189	2	1	1	2	d	4	1	1	0.0556521127255	0.108948286367	NA	NA	NA	1	0	0.164831927779373	1	1	0.835168072220627	0.00902163568057161	0.00868752200625379	0.14818734313701	0.18226687881805	2	1	1	1	1	1	NA	NA	NA	2	1	1
13	73543190	74822956	3	2	1	2	e	3	2.39	1	0.0675472321642	0.122220728397	NA	NA	NA	2	1	0.495837579540818	3	1	0.504162420459182	0.0531964114149257	0.0520361868826277	0.431075438911006	0.630044238554663	4	2	2	3	1	0.439393	2	1	0.560607	4	1	3
13	74822957	77578667	2	1	1	2	d	4	1	1	0.0562776238946	0.0962182994077	NA	NA	NA	1	0	0.115967306496951	1	1	0.884032693503049	0.0239253921801543	0.0239148436733565	0.0762883771671607	0.170641486202325	2	1	1	1	1	1	NA	NA	NA	2	1	1
13	77578668	78270293	4	3	1	3	b	5	3	1	0.0747256865875	0.114526541301	NA	NA	NA	3	1	1	NA	NA	NA	NA	NA	NA	NA	4	1	3	3	1	1	NA	NA	NA	4	1	3
13	78270294	96295001	2	1	1	2	d	4	1	1	0.0587721236484	0.105162988753	NA	NA	NA	1	1	0.489743851413417	2	1	0.510256148586583	0.0103738081447105	0.0101688998856067	0.495413770332249	0.536592577417309	2	1	1	1	1	1	NA	NA	NA	2	1	1
13	96295002	99731415	2	1	1	2	d	3	1	1	0.0621407301438	0.102643185141	NA	NA	NA	1	1	0.489743851413417	2	1	0.510256148586583	0.0103738081447105	0.0101688998856067	0.495413770332249	0.536592577417309	2	1	1	2	1	0.308564	1	1	0.691436	2	1	1
13	99731416	100494201	4	3	1	2	d	3	2.63	1	0.0725697101229	0.123081570112	NA	NA	NA	2	1	0.233728716431023	3	1	0.766271283568977	0.0734384018377168	0.0721337865402731	0.25168959112616	0.536268753169075	4	1	3	3	1	1	NA	NA	NA	4	1	3
13	100494202	100749162	2	1	1	2	d	3	1	1	0.0354015023523	0.112671112669	NA	NA	NA	1	1	1	NA	NA	NA	NA	NA	NA	NA	2	1	1	2	1	1	NA	NA	NA	3	1	2
13	100749163	101829438	4	3	1	2	d	3	2.63	1	0.0674685564208	0.122588113976	NA	NA	NA	2	1	0.299146171378029	3	1	0.700853828621971	0.0708855589854349	0.0712026725155453	0.23346733713022	0.513623946027172	4	1	3	3	1	1	NA	NA	NA	4	1	3
13	101829439	103569174	2	1	1	2	d	4	1	1	0.0501532309427	0.108334569069	NA	NA	NA	1	1	0.45329698365722	2	1	0.54670301634278	0.0362399037608231	0.0364399084866789	0.385357215636738	0.526278135498678	2	1	1	1	1	1	NA	NA	NA	2	1	1
13	103569175	103574270	3	2	1	2	d	3	1.33	1	0.05	0.1	NA	NA	NA	2	1	0.660419341924045	3	1	0.339580658075955	0.00319709366283	0.00230377265925258	0.657220661614229	0.663614848939887	3	1	2	2	1	1	NA	NA	NA	3	1	2
13	103574271	104196283	2	1	1	2	d	2	1.33	1	0.0607446372269	0.0962206903284	NA	NA	NA	1	1	0.405476625253726	2	1	0.594523374746274	0.054176457713882	0.0539155506382164	0.280189163335641	0.4935131493961	2	1	1	2	1	1	NA	NA	NA	2	1	1
13	104196284	104212887	2	1	1	2	f	2	1.33	1	0.05	0.1	NA	NA	NA	1	1	0.149573085689023	2	1	0.850426914310977	NA	0	0.149573085689023	0.149573085689023	NA	NA	NA	1	1	1	NA	NA	NA	3	1	2
13	104212888	106492958	2	1	1	2	d	4	1	1	0.0591892676352	0.0997932103531	NA	NA	NA	1	1	0.840544953566692	2	1	0.159455046433308	0.0285193477313888	0.0286888385994492	0.761703233879853	0.872120099364313	2	1	1	1	1	1	NA	NA	NA	2	1	1
13	106492959	106500272	2	1	1	2	d	2	NA	NA	NA	NA	NA	NA	NA	NA	NA	NA	NA	NA	NA	NA	NA	NA	NA	NA	NA	NA	1	1	1	NA	NA	NA	2	1	1
13	106500273	113976801	2	1	1	2	d	4	1	1	0.0594521720876	0.131396329422	NA	NA	NA	1	1	0.54478433661449	2	1	0.45521566338551	0.0153328982162952	0.0158760946839757	0.513895015348899	0.575630871279609	2	1	1	1	1	1	NA	NA	NA	2	1	1
13	113976802	113982592	2	1	1	2	d	2	NA	NA	NA	NA	NA	NA	NA	1	1	0.54478433661449	2	1	0.45521566338551	0.0153328982162952	0.0158760946839757	0.513895015348899	0.575630871279609	NA	NA	NA	1	1	1	NA	NA	NA	2	1	1
13	113982593	114142800	2	1	1	2	d	3	2	0	0.05	0.0679596774547	NA	NA	NA	1	1	0.54478433661449	2	1	0.45521566338551	0.0153328982162952	0.0158760946839757	0.513895015348899	0.575630871279609	2	1	1	1	1	1	NA	NA	NA	2	1	1
13	114142801	115169877	2	1	1	2	d	3	NA	NA	NA	NA	NA	NA	NA	1	0	0.231934612993906	1	1	0.768065387006094	0.0376922930688314	0.0363158312909944	0.187886357090724	0.329046326245911	2	1	1	1	1	1	NA	NA	NA	2	1	1
14	1	16099999	2	2	0	1	h	1	NA	NA	NA	NA	NA	NA	NA	NA	NA	NA	NA	NA	NA	NA	NA	NA	NA	NA	NA	NA	NA	NA	NA	NA	NA	NA	2	0	2
14	16100000	19099999	NA	NA	NA	NA	NA	NA	NA	NA	NA	NA	NA	NA	NA	NA	NA	NA	NA	NA	NA	NA	NA	NA	NA	NA	NA	NA	1	0	1	NA	NA	NA	2	0	2
14	19100000	20213383	2	2	0	2	d	2	2	0	0.05	0.51456906049	NA	NA	NA	NA	NA	NA	NA	NA	NA	NA	NA	NA	NA	NA	NA	NA	1	0	1	NA	NA	NA	2	0	2
14	20213384	41620020	2	2	0	3	b	5	2	0	0.0783189736553	0.111658677626	NA	NA	NA	2	0	1	NA	NA	NA	NA	NA	NA	NA	2	0	2	2	0	1	NA	NA	NA	2	0	2
14	41620021	68957352	2	2	0	3	b	5	2	0	0.0802309538679	0.110227094868	NA	NA	NA	2	0	1	NA	NA	NA	NA	NA	NA	NA	2	0	2	2	0	1	NA	NA	NA	2	0	2
14	68957353	69108828	3	3	0	3	b	5	3	0	0.0764641679322	0.138671607835	NA	NA	NA	3	0	1	NA	NA	NA	NA	NA	NA	NA	3	0	3	3	0	1	NA	NA	NA	3	0	3
14	69108829	69108870	3	3	0	1	g	NA	1	0	0.05	0.1	NA	NA	NA	NA	NA	NA	NA	NA	NA	NA	NA	NA	NA	1	0	1	3	0	1	NA	NA	NA	3	0	3
14	69108871	106368400	1	1	0	3	b	5	1	0	0.0818796276435	0.0923940096309	NA	NA	NA	1	0	1	NA	NA	NA	NA	NA	NA	NA	1	0	1	1	0	1	NA	NA	NA	1	0	1
15	1	15799999	1	1	0	1	h	1	NA	NA	NA	NA	NA	NA	NA	NA	NA	NA	NA	NA	NA	NA	NA	NA	NA	NA	NA	NA	NA	NA	NA	NA	NA	NA	1	0	1
15	15800000	20699999	1	1	0	1	g	NA	2	1	0.05	0.327329523703	NA	NA	NA	0	0	1	NA	NA	NA	NA	NA	NA	NA	NA	NA	NA	1	0	1	NA	NA	NA	1	0	1
15	20700000	22689800	1	1	0	2	f	2	2	1	0.05	0.242103719534	NA	NA	NA	NA	NA	NA	NA	NA	NA	NA	NA	NA	NA	NA	NA	NA	2	0	0.366533	1	0	0.633467	1	0	1
15	22689801	34716924	1	1	0	2	d	4	1	0	0.0803550272725	0.129850534899	NA	NA	NA	1	0	1	NA	NA	NA	NA	NA	NA	NA	NA	NA	NA	1	0	1	NA	NA	NA	1	0	1
15	34716925	58469101	1	1	0	2	d	4	1	0	0.0798037996336	0.0918515018177	NA	NA	NA	1	0	1	NA	NA	NA	NA	NA	NA	NA	NA	NA	NA	1	0	1	NA	NA	NA	1	0	1
15	58469102	58677417	2	2	0	3	b	5	2	0	0.0768118064898	0.0856805866306	NA	NA	NA	2	0	1	NA	NA	NA	NA	NA	NA	NA	2	0	2	2	0	1	NA	NA	NA	2	0	2
15	58677418	60650325	1	1	0	3	b	5	1	0	0.08321327897	0.0920085009213	NA	NA	NA	1	0	1	NA	NA	NA	NA	NA	NA	NA	1	0	1	1	0	1	NA	NA	NA	1	0	1
15	60650326	60650527	1	1	0	2	d	4	1	0	0.05	0.1	NA	NA	NA	NA	NA	NA	NA	NA	NA	NA	NA	NA	NA	1	0	1	1	0	1	NA	NA	NA	1	0	1
15	60650528	60656576	1	1	0	2	d	4	1	0	0.05	0.1	NA	NA	NA	1	1	1	NA	NA	NA	NA	NA	NA	NA	1	0	1	1	0	1	NA	NA	NA	1	0	1
15	60656577	60656972	1	1	0	2	d	4	1	0	0.05	0.1	NA	NA	NA	NA	NA	NA	NA	NA	NA	NA	NA	NA	NA	1	0	1	1	0	1	NA	NA	NA	1	0	1
15	60656973	64205573	1	1	0	3	b	5	1	0	0.0848036018128	0.0956689469676	NA	NA	NA	1	0	1	NA	NA	NA	NA	NA	NA	NA	1	0	1	1	0	1	NA	NA	NA	1	0	1
15	64205574	64205903	1	1	0	3	b	5	1	0	0.05	0.1	NA	NA	NA	1	0	1	NA	NA	NA	NA	NA	NA	NA	1	0	1	1	0	1	NA	NA	NA	1	0	1
15	64205904	87785500	1	1	0	3	b	5	1	0	0.0845507699927	0.0957837635837	NA	NA	NA	1	0	1	NA	NA	NA	NA	NA	NA	NA	1	0	1	1	0	1	NA	NA	NA	1	0	1
15	87785501	87785545	1	1	0	3	b	5	1	0	0.05	0.1	NA	NA	NA	1	0	1	NA	NA	NA	NA	NA	NA	NA	1	0	1	1	0	1	NA	NA	NA	1	0	1
15	87785546	100338800	1	1	0	3	b	5	1	0	0.0832861209606	0.0957887098368	NA	NA	NA	1	0	1	NA	NA	NA	NA	NA	NA	NA	1	0	1	1	0	1	NA	NA	NA	1	0	1
15	100338801	102531391	1	1	0	2	d	4	NA	NA	NA	NA	NA	NA	NA	1	0	1	NA	NA	NA	NA	NA	NA	NA	1	0	1	1	0	1	NA	NA	NA	1	0	1
16	9999	109102	2	1	1	2	d	2	1.39	1.13	0.05	0.1	NA	NA	NA	NA	NA	NA	NA	NA	NA	NA	NA	NA	NA	NA	NA	NA	1	1	1	NA	NA	NA	2	1	1
16	109103	10567600	2	1	1	2	d	3	1.39	1.13	0.0602857985837	0.134288187324	NA	NA	NA	1	1	0.489743851413417	2	1	0.510256148586583	0.00868921602987469	0.0088208717349598	0.460010510516483	0.494446771991071	2	1	1	1	1	1	NA	NA	NA	2	1	1
16	10567601	32459880	2	1	1	2	d	2	1.39	1.13	0.0579870793972	0.135288302791	NA	NA	NA	1	1	0.489743851413417	2	1	0.510256148586583	0.00868921602987469	0.0088208717349598	0.460010510516483	0.494446771991071	2	1	1	2	1	1	NA	NA	NA	2	1	1
16	32459881	34191000	2	1	1	2	f	2	1.39	1.13	0.05	0.243929993243	NA	NA	NA	2	1	1	NA	NA	NA	NA	NA	NA	NA	1	0	1	2	0	1	NA	NA	NA	2	1	1
16	34191001	34428972	1	1	0	2	d	3	1	1	0.05	0.101417930321	NA	NA	NA	1	1	0.401854460848642	2	1	0.598145539151357	0.151193611212439	0.149992799052733	0.0691203379524869	0.685164861209223	1	0	1	1	0	1	NA	NA	NA	1	0	1
16	34428973	34599999	2	1	1	2	d	3	NA	NA	NA	NA	NA	NA	NA	1	1	0.401854460848642	2	1	0.598145539151357	0.151193611212439	0.149992799052733	0.0691203379524869	0.685164861209223	2	1	1	1	1	1	NA	NA	NA	2	1	1
16	34600000	38599999	NA	NA	NA	NA	NA	NA	NA	NA	NA	NA	NA	NA	NA	1	1	0.401854460848642	2	1	0.598145539151357	0.151193611212439	0.149992799052733	0.0691203379524869	0.685164861209223	2	1	1	1	1	1	NA	NA	NA	2	1	1
16	38600000	78821781	1	1	0	1	g	NA	1	0.61	0.0682520781373	0.107010506373	NA	NA	NA	1	0	0.510256148586595	1	1	0.489743851413405	0.00626907981935287	0.006325736151806	0.509864820308712	0.535214554151404	2	1	1	1	0	0.532541	1	1	0.467459	1	0	1
16	78821782	78830531	2	2	0	2	d	3	1	0.61	0.05	0.1	NA	NA	NA	2	0	0.684849036462738	2	1	0.315150963537262	0.191967372950333	0.1997263004535	0.179705269963722	0.940040944880615	2	0	2	2	0	1	NA	NA	NA	2	0	2
16	78830532	87704961	2	1	1	2	e	4	1	0.61	0.0674857971981	0.106208320606	NA	NA	NA	1	0	0.537111735354308	1	1	0.462888264645692	0.00941314613766653	0.009703756040376	0.515065542024396	0.554537657057875	2	1	1	1	0	0.557759	1	1	0.442241	1	0	1
16	87704962	87873743	2	2	0	2	d	2	2	0	0.0737764444004	0.119415976909	NA	NA	NA	2	0	0.253393203388099	2	1	0.746606796611901	0.0773441139276353	0.0795099215904685	0.0995967071456897	0.409845759723807	2	1	1	1	0	0.964561	1	1	0.0354388	2	0	2
16	87873744	88827200	1	1	0	2	d	2	1	1	0.0670888377715	0.126252583337	NA	NA	NA	1	0	0.587464030465019	1	1	0.412535969534981	0.0251807629452479	0.0252749514939349	0.538014204957866	0.636613821812102	1	0	1	1	0	0.595193	1	1	0.404807	1	0	1
16	88827201	90354752	1	1	0	2	d	2	NA	NA	NA	NA	NA	NA	NA	1	0	0.587464030465019	1	1	0.412535969534981	0.0251807629452479	0.0252749514939349	0.538014204957866	0.636613821812102	1	0	1	1	0	0.500537	1	1	0.499463	1	0	1
17	7	2247016	1	1	0	2	d	4	1	0	0.0776953507778	0.104646777945	NA	NA	NA	1	0	0.83653944280029	2	0	0.16346055719971	0.0352166725374445	0.0362110642194692	0.777516403922623	0.917731971137775	1	0	1	1	0	1	NA	NA	NA	1	0	1
17	2247017	17688613	2	2	0	2	d	3	2.24	0	0.0797539545307	0.11497106806	NA	NA	NA	2	0	0.759261149096841	3	0	0.240738850903159	0.0187715200502752	0.0181162603406437	0.796521834987675	0.865990546249079	2	0	2	2	0	1	NA	NA	NA	2	0	2
17	17688614	19570734	1	1	0	2	d	4	1	0	0.0908006570202	0.0969669754324	NA	NA	NA	1	0	0.758975405653637	2	0	0.241024594346363	0.055656817674533	0.0532880103740838	0.726596551776766	0.935453173392967	1	0	1	1	0	1	NA	NA	NA	1	0	1
17	19570735	22199999	2	1	1	3	b	5	1	1	0.0703019054881	0.111114855671	NA	NA	NA	1	1	1	NA	NA	NA	NA	NA	NA	NA	2	1	1	1	1	1	NA	NA	NA	2	1	1
17	22200000	25799999	2	1	1	3	b	5	1	1	0.0526652808194	0.114238427885	NA	NA	NA	1	1	1	NA	NA	NA	NA	NA	NA	NA	2	1	1	1	1	1	NA	NA	NA	2	1	1
17	25800000	52531476	2	1	1	2	d	4	1.13	1.13	0.054307292727	0.134269602845	NA	NA	NA	1	1	1	NA	NA	NA	NA	NA	NA	NA	2	1	1	1	1	1	NA	NA	NA	2	1	1
17	52531477	52536556	2	1	1	2	d	3	1.13	1.13	0.05	0.1	NA	NA	NA	1	1	1	NA	NA	NA	NA	NA	NA	NA	NA	NA	NA	1	1	1	NA	NA	NA	2	1	1
17	52536557	70687724	2	1	1	2	d	4	1.13	1.13	0.0546681322444	0.110155260917	NA	NA	NA	1	1	1	NA	NA	NA	NA	NA	NA	NA	2	1	1	1	1	1	NA	NA	NA	2	1	1
17	70687725	70691527	2	1	1	2	d	3	1.13	1.13	0.05	0.1	NA	NA	NA	1	1	1	NA	NA	NA	NA	NA	NA	NA	NA	NA	NA	1	1	1	NA	NA	NA	2	1	1
17	70691528	78774600	2	1	1	2	d	4	1.13	1.13	0.0559475727806	0.121390554552	NA	NA	NA	1	1	1	NA	NA	NA	NA	NA	NA	NA	2	1	1	1	1	1	NA	NA	NA	2	1	1
17	78774601	81195209	2	1	1	2	d	4	NA	NA	NA	NA	NA	NA	NA	1	1	1	NA	NA	NA	NA	NA	NA	NA	2	1	1	1	1	1	NA	NA	NA	2	1	1
18	27500	5270263	2	1	1	2	d	3	1.24	1.24	0.0529582108922	0.128645367901	NA	NA	NA	1	1	0.681089907133385	2	1	0.318910092866615	0.0176125231892745	0.0178954797151495	0.665910538331097	0.735013674204944	2	1	1	1	1	1	NA	NA	NA	2	1	1
18	5270264	5270414	2	1	1	2	d	2	1.24	1.24	0.05	0.1	NA	NA	NA	NA	NA	NA	NA	NA	NA	NA	NA	NA	NA	NA	NA	NA	1	1	1	NA	NA	NA	2	1	1
18	5270415	5277400	2	1	1	2	f	1	1.24	1.24	0.05	0.1	NA	NA	NA	NA	NA	NA	NA	NA	NA	NA	NA	NA	NA	NA	NA	NA	1	0	1	NA	NA	NA	NA	NA	NA
18	5277401	5278008	1	1	0	2	d	4	1	0	0.05	0.1	NA	NA	NA	NA	NA	NA	NA	NA	NA	NA	NA	NA	NA	1	0	1	1	0	1	NA	NA	NA	1	0	1
18	5278009	6462911	1	1	0	3	b	5	1	0	0.0735365588266	0.0956004079388	NA	NA	NA	1	0	1	NA	NA	NA	NA	NA	NA	NA	1	0	1	1	0	1	NA	NA	NA	1	0	1
18	6462912	6474423	2	1	1	1	g	NA	1	0	0.05	0.1	NA	NA	NA	2	1	1	NA	NA	NA	NA	NA	NA	NA	3	1	2	1	1	1	NA	NA	NA	2	1	1
18	6474424	11109250	1	1	0	3	b	5	1	0	0.0845833038577	0.0852189805413	NA	NA	NA	1	0	1	NA	NA	NA	NA	NA	NA	NA	1	0	1	1	0	1	NA	NA	NA	1	0	1
18	11109251	15399999	2	1	1	3	b	5	1	1	0.0594943961606	0.148501592719	NA	NA	NA	1	1	1	NA	NA	NA	NA	NA	NA	NA	2	1	1	1	1	1	NA	NA	NA	2	1	1
18	15400000	18999999	2	1	1	2	d	3	1	1	0.05	0.150793476023	NA	NA	NA	2	1	1	NA	NA	NA	NA	NA	NA	NA	3	1	2	1	1	1	NA	NA	NA	2	1	1
18	19000000	24545728	2	1	1	2	d	4	1	1	0.0542728599043	0.111452189016	NA	NA	NA	1	1	0.871286674213271	2	1	0.128713325786729	0.0206741714721832	0.0210115640181979	0.829254093997188	0.913491805946499	2	1	1	1	1	1	NA	NA	NA	2	1	1
18	24545729	24643519	2	1	1	2	d	4	1	1	0.0357337240644	0.133402382184	NA	NA	NA	1	1	0.871286674213271	2	1	0.128713325786729	0.0206741714721832	0.0210115640181979	0.829254093997188	0.913491805946499	2	1	1	1	1	1	NA	NA	NA	2	1	1
18	24643520	24644917	2	1	1	2	d	3	1	1	0.05	0.1	NA	NA	NA	NA	NA	NA	NA	NA	NA	NA	NA	NA	NA	NA	NA	NA	1	1	1	NA	NA	NA	2	1	1
18	24644918	24667003	2	1	1	2	d	4	1	1	0.05	0.1	NA	NA	NA	2	1	1	NA	NA	NA	NA	NA	NA	NA	2	1	1	1	1	1	NA	NA	NA	2	1	1
18	24667004	32112099	2	1	1	2	d	4	1	1	0.0602291947762	0.101065197652	NA	NA	NA	1	0	0.283475638103659	1	1	0.716524361896341	0.0154721233549637	0.015335818980269	0.26306942748575	0.3225915626209	2	1	1	1	1	1	NA	NA	NA	2	1	1
18	32112100	76117000	1	1	0	3	b	5	1	0	0.083527494184	0.0903244322963	NA	NA	NA	1	0	1	NA	NA	NA	NA	NA	NA	NA	1	0	1	1	0	1	NA	NA	NA	1	0	1
18	76117001	78077247	1	1	0	2	d	4	NA	NA	NA	NA	NA	NA	NA	1	0	1	NA	NA	NA	NA	NA	NA	NA	1	0	1	1	0	1	NA	NA	NA	1	0	1
19	102500	240676	3	2	1	2	d	2	2	1	0.05	0.1	NA	NA	NA	NA	NA	NA	NA	NA	NA	NA	NA	NA	NA	NA	NA	NA	2	1	1	NA	NA	NA	2	0	2
19	240677	1040863	3	2	1	2	d	4	2	1	0.0489822229	0.129213138393	NA	NA	NA	2	1	1	NA	NA	NA	NA	NA	NA	NA	3	1	2	2	1	1	NA	NA	NA	2	0	2
19	1040864	1072559	2	2	0	1	g	NA	2	1	0.05	0.1	NA	NA	NA	2	0	1	NA	NA	NA	NA	NA	NA	NA	1	0	1	2	0	1	NA	NA	NA	1	0	1
19	1072560	6986400	3	2	1	2	d	4	2	1	0.0621215015891	0.134982799227	NA	NA	NA	1	1	0.202724767833448	2	1	0.797275232166552	0.0217115012559826	0.0222619354072874	0.177663908813485	0.265608367408576	3	1	2	2	1	1	NA	NA	NA	3	1	2
19	6986401	11165971	1	1	0	2	d	3	1.24	0	0.0754184380678	0.094964000823	NA	NA	NA	1	0	0.670330791771755	2	0	0.329669208228245	0.0295790497303937	0.0287296706440263	0.670440982448063	0.784828836890823	1	0	1	1	0	1	NA	NA	NA	1	0	1
19	11165972	11187287	1	1	0	2	d	2	1.24	0	0.05	0.1	NA	NA	NA	0	0	0.379487702826822	1	0	0.620512297173178	NA	0	0.379487702826822	0.379487702826822	1	0	1	1	0	1	NA	NA	NA	0	0	0
19	11187288	12620319	1	1	0	2	d	3	1.24	0	0.0868658508883	0.102015341272	NA	NA	NA	1	0	0.793448311052149	2	0	0.206551688947851	0.043114600910051	0.0429020690038893	0.735777665899333	0.909635406169456	1	0	1	1	0	1	NA	NA	NA	1	0	1
19	12620320	12627399	1	1	0	2	d	3	NA	NA	NA	NA	NA	NA	NA	1	0	1	NA	NA	NA	NA	NA	NA	NA	1	0	1	1	1	1	NA	NA	NA	1	0	1
19	12627400	24399999	2	1	1	3	b	5	1	1	0.0554559402865	0.150139680401	NA	NA	NA	1	1	1	NA	NA	NA	NA	NA	NA	NA	2	1	1	1	1	1	NA	NA	NA	2	1	1
19	24400000	28599999	2	1	1	3	b	5	1	1	0.044262862827	0.198671708666	NA	NA	NA	1	1	1	NA	NA	NA	NA	NA	NA	NA	2	1	1	1	1	1	NA	NA	NA	2	1	1
19	28600000	59128982	2	1	1	3	b	5	1	1	0.0571832179271	0.145350948954	NA	NA	NA	1	1	1	NA	NA	NA	NA	NA	NA	NA	2	1	1	1	1	1	NA	NA	NA	2	1	1
20	17500	25599999	2	1	1	3	b	5	1	1	0.0554462038505	0.101620267441	NA	NA	NA	1	1	1	NA	NA	NA	NA	NA	NA	NA	2	1	1	1	1	1	NA	NA	NA	2	1	1
20	25600000	29399999	2	1	1	3	b	5	1	1	0.046901091313	0.139239458488	NA	NA	NA	1	1	1	NA	NA	NA	NA	NA	NA	NA	2	1	1	1	1	1	NA	NA	NA	2	1	1
20	29400000	48880593	2	1	1	3	b	5	1	1	0.0543636389815	0.107274107849	NA	NA	NA	1	1	1	NA	NA	NA	NA	NA	NA	NA	2	1	1	1	1	1	NA	NA	NA	2	1	1
20	48880594	49266011	3	2	1	2	d	4	1.39	1.33	0.0559603062303	0.106679374796	NA	NA	NA	2	1	1	NA	NA	NA	NA	NA	NA	NA	3	1	2	2	1	1	NA	NA	NA	3	1	2
20	49266012	62432500	2	1	1	3	b	5	1	1	0.0579996390022	0.105944860984	NA	NA	NA	1	1	1	NA	NA	NA	NA	NA	NA	NA	2	1	1	1	1	1	NA	NA	NA	2	1	1
21	1	9417499	NA	NA	NA	NA	NA	NA	NA	NA	NA	NA	NA	NA	NA	NA	NA	NA	NA	NA	NA	NA	NA	NA	NA	NA	NA	NA	2	0	1	NA	NA	NA	NA	NA	NA
21	9417500	10899999	NA	NA	NA	NA	NA	NA	NA	NA	NA	NA	NA	NA	NA	NA	NA	NA	NA	NA	NA	NA	NA	NA	NA	NA	NA	NA	2	0	1	NA	NA	NA	NA	NA	NA
21	10900000	14299999	2	1	1	2	d	2	1	1	0.05	0.243668744824	NA	NA	NA	NA	NA	NA	NA	NA	NA	NA	NA	NA	NA	NA	NA	NA	1	1	1	NA	NA	NA	NA	NA	NA
21	14300000	25802345	2	1	1	2	d	4	1	1	0.0557087027573	0.127162830067	NA	NA	NA	1	1	1	NA	NA	NA	NA	NA	NA	NA	2	1	1	1	1	1	NA	NA	NA	NA	NA	NA
21	25802346	25804678	2	1	1	2	d	2	1	1	0.05	0.1	NA	NA	NA	1	0	0.340170765724397	1	1	0.659829234275603	NA	0	0.340170765724397	0.340170765724397	1	0	1	1	1	1	NA	NA	NA	NA	NA	NA
21	25804679	46937500	2	1	1	2	d	4	1	1	0.0547554029512	0.1197410161	NA	NA	NA	1	1	1	NA	NA	NA	NA	NA	NA	NA	2	1	1	1	1	1	NA	NA	NA	NA	NA	NA
21	46937501	48129894	2	1	1	2	d	2	NA	NA	NA	NA	NA	NA	NA	1	1	1	NA	NA	NA	NA	NA	NA	NA	2	1	1	1	0	0.398502	1	1	0.601498	NA	NA	NA
22	1	12199999	1	1	0	2	d	2	NA	NA	NA	NA	NA	NA	NA	NA	NA	NA	NA	NA	NA	NA	NA	NA	NA	1	0	1	NA	NA	NA	NA	NA	NA	1	0	1
22	12200000	17899999	1	1	0	2	d	4	1.13	0	0.0936779040189	0.157434319863	NA	NA	NA	1	0	1	NA	NA	NA	NA	NA	NA	NA	1	0	1	1	0	1	NA	NA	NA	1	0	1
22	17900000	21237971	1	1	0	2	d	3	1.13	0	0.0843844789093	0.116377181806	NA	NA	NA	1	0	0.707266047555871	2	0	0.292733952444129	0.0330117940906057	0.0330117366934296	0.680528588143783	0.805903828762208	1	0	1	1	0	1	NA	NA	NA	1	0	1
22	21237972	23885003	2	1	1	2	d	3	1.39	1.39	0.0482555412462	0.14504727014	NA	NA	NA	1	1	0.528892242527334	2	1	0.471107757472666	0.0366979692927162	0.0372846125179775	0.45850046286853	0.602774928253726	2	1	1	1	1	1	NA	NA	NA	2	1	1
22	23885004	24543243	4	3	1	2	d	3	3	1	0.058723214636	0.123094983074	NA	NA	NA	2	1	0.199095946164966	3	1	0.800904053835034	0.100172091947282	0.0964948106027712	0.0662900527906001	0.450998327672425	4	1	3	3	1	1	NA	NA	NA	3	1	2
22	24543244	25038994	2	1	1	2	d	4	1.13	1.13	0.0496692650637	0.098416601671	NA	NA	NA	1	1	1	NA	NA	NA	NA	NA	NA	NA	2	1	1	1	1	1	NA	NA	NA	2	1	1
22	25038995	25783517	3	2	1	2	d	2	2.39	1	0.0717764219402	0.158493908721	NA	NA	NA	2	1	0.489127075141382	3	1	0.510872924858618	0.0724748668816005	0.0709159157357326	0.348388602864707	0.619242278918316	3	1	2	3	1	0.585715	2	1	0.414285	3	1	2
22	25783518	25784714	3	2	1	2	e	4	2.39	1	0.05	0.1	NA	NA	NA	2	1	0.489127075141382	3	1	0.510872924858618	0.0724748668816005	0.0709159157357326	0.348388602864707	0.619242278918316	NA	NA	NA	3	1	0.585715	2	1	0.414285	3	1	2
22	25784715	26188754	3	2	1	2	d	3	2.39	1	0.0542044951171	0.16115424606	NA	NA	NA	2	1	0.489127075141382	3	1	0.510872924858618	0.0724748668816005	0.0709159157357326	0.348388602864707	0.619242278918316	3	1	2	2	1	1	NA	NA	NA	3	1	2
22	26188755	26284332	2	1	1	2	d	4	1	1	0.0555243055652	0.0582689711543	NA	NA	NA	1	1	0.829914617137799	2	1	0.170085382862201	0.0742458954474753	0.0806885525560764	0.494086141278572	0.813504156897078	2	1	1	1	1	1	NA	NA	NA	2	1	1
22	26284333	26298101	2	1	1	1	g	NA	3	0	0.05	0.1	NA	NA	NA	2	2	1	NA	NA	NA	NA	NA	NA	NA	3	1	2	1	1	1	NA	NA	NA	3	1	2
22	26298102	27886184	2	1	1	2	d	3	1.24	1.24	0.0619211550326	0.112634488496	NA	NA	NA	1	0	0.127564037146649	1	1	0.872435962853351	0.0303902988442274	0.0310999000056193	0.030212681910424	0.151056134090203	2	1	1	1	1	1	NA	NA	NA	2	1	1
22	27886185	28921231	1	1	0	2	d	4	1	0	0.0738568510934	0.0871405787066	NA	NA	NA	1	0	0.707266047555871	2	0	0.292733952444129	0.0688297377202597	0.0667900906078036	0.686536559393689	0.951124140445059	1	0	1	1	0	1	NA	NA	NA	1	0	1
22	28921232	29065575	2	1	1	2	d	3	1.24	1.24	0.05	0.0853543064391	NA	NA	NA	1	1	0.762110656319448	2	1	0.237889343680552	0.0346760783390604	0.0342421806856741	0.687376294035291	0.825838984286246	2	1	1	1	1	1	NA	NA	NA	2	1	1
22	29065576	29065700	2	1	1	2	d	2	1.24	1.24	0.05	0.1	NA	NA	NA	1	1	0.762110656319448	2	1	0.237889343680552	0.0346760783390604	0.0342421806856741	0.687376294035291	0.825838984286246	1	0	1	1	1	1	NA	NA	NA	2	1	1
22	29065701	29065819	2	1	1	2	d	2	1.24	1.24	0.05	0.1	NA	NA	NA	1	1	0.762110656319448	2	1	0.237889343680552	0.0346760783390604	0.0342421806856741	0.687376294035291	0.825838984286246	1	0	1	1	1	1	NA	NA	NA	2	1	1
22	29065820	29065925	2	1	1	2	d	2	1.24	1.24	0.05	0.1	NA	NA	NA	1	1	0.762110656319448	2	1	0.237889343680552	0.0346760783390604	0.0342421806856741	0.687376294035291	0.825838984286246	1	0	1	1	1	1	NA	NA	NA	2	1	1
22	29065926	29066128	2	1	1	2	d	2	1.24	1.24	0.05	0.1	NA	NA	NA	1	1	0.762110656319448	2	1	0.237889343680552	0.0346760783390604	0.0342421806856741	0.687376294035291	0.825838984286246	1	0	1	1	1	1	NA	NA	NA	2	1	1
22	29066129	29066144	2	1	1	2	d	2	1.24	1.24	0.05	0.1	NA	NA	NA	1	1	0.762110656319448	2	1	0.237889343680552	0.0346760783390604	0.0342421806856741	0.687376294035291	0.825838984286246	NA	NA	NA	1	1	1	NA	NA	NA	2	1	1
22	29066145	31045836	2	1	1	2	d	3	1.24	1.24	0.0546903786286	0.114451704099	NA	NA	NA	1	1	0.762110656319448	2	1	0.237889343680552	0.0346760783390604	0.0342421806856741	0.687376294035291	0.825838984286246	2	1	1	1	1	1	NA	NA	NA	2	1	1
22	31045837	31556149	3	2	1	2	d	2	3	1	0.0629936925224	0.142875911777	NA	NA	NA	2	1	0.349171283984563	3	1	0.650828716015437	0.0838524393841112	0.0833345780497974	0.234540875969176	0.563943962251549	3	1	2	3	1	0.591974	2	1	0.408026	3	1	2
22	31556150	32375226	2	1	1	1	g	NA	3	1	0.05	0.142172548152	NA	NA	NA	2	1	1	NA	NA	NA	NA	NA	NA	NA	3	1	2	1	1	1	NA	NA	NA	3	0	3
22	32375227	34432119	2	1	1	2	d	4	1.24	1.24	0.0516554996607	0.10854906959	NA	NA	NA	1	1	1	NA	NA	NA	NA	NA	NA	NA	2	1	1	1	1	1	NA	NA	NA	2	1	1
22	34432120	34445655	2	1	1	2	d	3	NA	NA	NA	NA	NA	NA	NA	1	1	1	NA	NA	NA	NA	NA	NA	NA	NA	NA	NA	1	1	1	NA	NA	NA	2	1	1
22	34445656	35377959	2	1	1	2	d	4	1.24	1.24	0.0514851415746	0.109095094275	NA	NA	NA	1	1	1	NA	NA	NA	NA	NA	NA	NA	2	1	1	1	1	1	NA	NA	NA	2	1	1
22	35377960	35385262	2	1	1	2	d	2	1.24	1.24	0.05	0.1	NA	NA	NA	NA	NA	NA	NA	NA	NA	NA	NA	NA	NA	NA	NA	NA	1	1	1	NA	NA	NA	2	1	1
22	35385263	35626906	2	1	1	2	d	3	1.24	1.24	0.0520020523335	0.0917125006327	NA	NA	NA	1	1	0.574786542844514	2	1	0.425213457155486	0.0841129074411497	0.0808077929762149	0.491137868882414	0.817003223036618	2	1	1	1	1	1	NA	NA	NA	2	1	1
22	35626907	35650824	2	1	1	1	g	NA	3	1	0.05	0.1	NA	NA	NA	3	1	1	NA	NA	NA	NA	NA	NA	NA	3	1	2	1	1	1	NA	NA	NA	3	1	2
22	35650825	36009016	2	1	1	2	d	3	1.24	1.13	0.0499016540063	0.110997084753	NA	NA	NA	1	1	0.810057724819619	2	1	0.189942275180381	0.0281258516533845	0.0273944194064823	0.754570503386492	0.860887419150202	2	1	1	1	1	1	NA	NA	NA	2	1	1
22	36009017	36017648	2	1	1	2	d	2	1.24	1.13	0.05	0.1	NA	NA	NA	1	1	0.810057724819619	2	1	0.189942275180381	0.0281258516533845	0.0273944194064823	0.754570503386492	0.860887419150202	NA	NA	NA	1	1	1	NA	NA	NA	2	1	1
22	36017649	38228279	2	1	1	2	d	3	1.24	1.13	0.0583325596318	0.126305782311	NA	NA	NA	1	1	0.810057724819619	2	1	0.189942275180381	0.0281258516533845	0.0273944194064823	0.754570503386492	0.860887419150202	2	1	1	1	1	1	NA	NA	NA	2	1	1
22	38228280	38835300	4	3	1	1	g	NA	3	1	0.0612042194461	0.115875978909	NA	NA	NA	2	1	0.448351961333504	3	1	0.551648038666496	0.0544808955575937	0.0556441190268725	0.333804965809815	0.545047720633957	3	1	2	3	1	1	NA	NA	NA	3	1	2
22	38835301	38836589	4	3	1	1	g	NA	NA	NA	NA	NA	NA	NA	NA	2	1	0.448351961333504	3	1	0.551648038666496	0.0544808955575937	0.0556441190268725	0.333804965809815	0.545047720633957	NA	NA	NA	3	1	1	NA	NA	NA	3	1	2
22	38836590	39899650	4	3	1	2	d	2	3	1	0.0734728715301	0.163128695772	NA	NA	NA	2	1	0.448351961333504	3	1	0.551648038666496	0.0544808955575937	0.0556441190268725	0.333804965809815	0.545047720633957	4	1	3	3	1	0.633601	2	1	0.366399	3	1	2
22	39899651	46125619	2	1	1	2	d	3	1.24	1.24	0.0566710499043	0.12955148377	NA	NA	NA	1	1	0.829914617137799	2	1	0.170085382862201	0.0171753662617551	0.0175249295988631	0.795642174632485	0.865262428251093	2	1	1	1	1	1	NA	NA	NA	2	1	1
22	46125620	47319397	3	2	1	2	d	3	3	1	0.0711890987499	0.13328481763	NA	NA	NA	2	1	0.542125289752598	3	1	0.457874710247402	0.0708565797558815	0.0737393273881805	0.365122726137733	0.643080123265287	3	1	2	2	1	1	NA	NA	NA	3	1	2
22	47319398	50292492	2	1	1	2	d	3	1.24	1.24	0.0601041523193	0.117247905514	NA	NA	NA	1	0	0.21260672857775	1	1	0.78739327142225	0.0193720497242811	0.0190172336702082	0.201530262337102	0.276392580467013	2	1	1	1	1	1	NA	NA	NA	2	1	1
22	50292493	50315662	2	1	1	2	d	2	NA	NA	NA	NA	NA	NA	NA	NA	NA	NA	NA	NA	NA	NA	NA	NA	NA	3	1	2	1	1	1	NA	NA	NA	2	1	1
22	50315663	50677009	2	1	1	2	d	2	NA	NA	NA	NA	NA	NA	NA	NA	NA	NA	NA	NA	NA	NA	NA	NA	NA	2	1	1	1	1	1	NA	NA	NA	NA	NA	NA
22	50677010	50839285	4	3	1	2	f	2	NA	NA	NA	NA	NA	NA	NA	NA	NA	NA	NA	NA	NA	NA	NA	NA	NA	4	1	3	4	1	0.708593	3	1	0.291407	NA	NA	NA
X	1	2700026	1	1	0	2	e	2	0.6	0	0.0970050148102	0.151899047437	NA	NA	NA	NA	NA	NA	NA	NA	NA	NA	NA	NA	NA	1	0	1	NA	NA	NA	NA	NA	NA	1	0	1
X	2700027	11732518	1	1	0	3	b	2	1	0	0.05	0.221537554391	NA	NA	NA	NA	NA	NA	NA	NA	NA	NA	NA	NA	NA	1	0	1	NA	NA	NA	NA	NA	NA	NA	NA	NA
X	11732519	58099999	1	1	0	3	b	2	1	0	0.05	0.147698589714	NA	NA	NA	NA	NA	NA	NA	NA	NA	NA	NA	NA	NA	1	0	1	NA	NA	NA	NA	NA	NA	NA	NA	NA
X	58100000	62999999	1	1	0	3	b	2	1	0	0.05	0.336969473635	NA	NA	NA	NA	NA	NA	NA	NA	NA	NA	NA	NA	NA	1	0	1	NA	NA	NA	NA	NA	NA	NA	NA	NA
X	63000000	155270559	1	1	0	3	b	2	1	0	0.05	0.131183446533	NA	NA	NA	NA	NA	NA	NA	NA	NA	NA	NA	NA	NA	1	0	1	NA	NA	NA	NA	NA	NA	NA	NA	NA
Y	1	3027402	NA	NA	NA	NA	NA	NA	NA	NA	NA	NA	NA	NA	NA	NA	NA	NA	NA	NA	NA	NA	NA	NA	NA	NA	NA	NA	NA	NA	NA	NA	NA	NA	0	0	0
Y	3027403	3669918	NA	NA	NA	NA	NA	NA	NA	NA	NA	NA	NA	NA	NA	NA	NA	NA	NA	NA	NA	NA	NA	NA	NA	NA	NA	NA	NA	NA	NA	NA	NA	NA	0	0	0
Y	3669919	11599999	NA	NA	NA	NA	NA	NA	NA	NA	NA	NA	NA	NA	NA	NA	NA	NA	NA	NA	NA	NA	NA	NA	NA	NA	NA	NA	NA	NA	NA	NA	NA	NA	0	0	0
Y	11600000	13399999	NA	NA	NA	NA	NA	NA	NA	NA	NA	NA	NA	NA	NA	NA	NA	NA	NA	NA	NA	NA	NA	NA	NA	NA	NA	NA	NA	NA	NA	NA	NA	NA	0	0	0
Y	13400000	24075801	NA	NA	NA	NA	NA	NA	NA	NA	NA	NA	NA	NA	NA	NA	NA	NA	NA	NA	NA	NA	NA	NA	NA	NA	NA	NA	NA	NA	NA	NA	NA	NA	0	0	0
Y	24075802	28428801	NA	NA	NA	NA	NA	NA	NA	NA	NA	NA	NA	NA	NA	NA	NA	NA	NA	NA	NA	NA	NA	NA	NA	NA	NA	NA	NA	NA	NA	NA	NA	NA	0	0	0
Y	28428802	59373565	NA	NA	NA	NA	NA	NA	NA	NA	NA	NA	NA	NA	NA	NA	NA	NA	NA	NA	NA	NA	NA	NA	NA	NA	NA	NA	NA	NA	NA	NA	NA	NA	0	0	0
