chromosome	start	end	total_cn	major_cn	minor_cn	star	level	methods_agree	absolute_broad_major_cn	absolute_broad_minor_cn	absolute_broad_het_error	absolute_broad_cov_error	aceseq_copy_number	aceseq_minor_cn	aceseq_major_cn	battenberg_nMaj1_A	battenberg_nMin1_A	battenberg_frac1_A	battenberg_nMaj2_A	battenberg_nMin2_A	battenberg_frac2_A	battenberg_SDfrac_A	battenberg_SDfrac_A_BS	battenberg_frac1_A_0.025	battenberg_frac1_A_0.975	clonehd_copy_number	clonehd_minor_cn	clonehd_major_cn	sclust_nMaj1_A	sclust_nMin1_A	sclust_frac1_A	sclust_nMaj2_A	sclust_nMin2_A	sclust_frac2_A	jabba_copy_number	jabba_minor_cn	jabba_major_cn
1	10001	182499	2	1	1	2	d	2	0.67	0.67	0.05	0.1	NA	NA	NA	NA	NA	NA	NA	NA	NA	NA	NA	NA	NA	NA	NA	NA	1	1	1	NA	NA	NA	2	1	1
1	182500	790008	2	1	1	2	d	4	0.67	0.67	0.05	0.925568832498	NA	NA	NA	1	1	1	NA	NA	NA	NA	NA	NA	NA	2	1	1	1	1	1	NA	NA	NA	2	1	1
1	790009	42111327	2	1	1	3	a	6	1	1	0.0488787898777	0.205085269393	2	1	1	1	1	1	NA	NA	NA	NA	NA	NA	NA	2	1	1	1	1	1	NA	NA	NA	2	1	1
1	42111328	121499999	2	1	1	3	a	6	1	1	0.0536799690874	0.465017699195	2	1	1	1	1	1	NA	NA	NA	NA	NA	NA	NA	2	1	1	1	1	1	NA	NA	NA	2	1	1
1	121500000	128899999	2	1	1	2	d	4	NA	NA	NA	NA	2	1	1	1	1	1	NA	NA	NA	NA	NA	NA	NA	1	0	1	1	1	1	NA	NA	NA	2	1	1
1	128900000	142543601	2	1	1	2	d	3	NA	NA	NA	NA	NA	NA	NA	1	1	1	NA	NA	NA	NA	NA	NA	NA	1	0	1	1	1	1	NA	NA	NA	2	1	1
1	142543602	142671938	2	1	1	2	d	3	NA	NA	NA	NA	NA	NA	NA	1	1	1	NA	NA	NA	NA	NA	NA	NA	1	0	1	1	1	1	NA	NA	NA	2	1	1
1	142671939	143523601	2	1	1	2	d	3	1	1	0.05	0.409507420008	NA	NA	NA	1	1	1	NA	NA	NA	NA	NA	NA	NA	NA	NA	NA	1	0	0.565313	1	1	0.434687	2	1	1
1	143523602	247247500	2	1	1	3	a	6	1	1	0.0542123915396	0.17855119626	2	1	1	1	1	1	NA	NA	NA	NA	NA	NA	NA	2	1	1	1	1	1	NA	NA	NA	2	1	1
1	247247501	249159944	2	1	1	2	d	4	NA	NA	NA	NA	2	1	1	1	0	0.0669926080356286	1	1	0.933007391964371	0.0112490166609256	0.0113118019691005	0.0416122541042269	0.086141367901	2	1	1	1	1	1	NA	NA	NA	2	1	1
2	51861	79299329	2	1	1	3	a	6	1	1	0.0526318853574	0.176482510819	2	1	1	1	1	1	NA	NA	NA	NA	NA	NA	NA	2	1	1	1	1	1	NA	NA	NA	2	1	1
2	79299330	79328894	1	1	0	1	g	NA	1	1	0.05	0.1	2	1	1	1	0	0.606352405420413	1	1	0.393647594579587	0.0460001215240412	0.0493462009165096	0.456522247936753	0.655521070929379	1	0	1	1	0	0.602628	1	1	0.397372	1	0	1
2	79328895	90499999	2	1	1	3	a	6	1	1	0.0552796729751	0.25060097358	2	1	1	1	1	1	NA	NA	NA	NA	NA	NA	NA	2	1	1	1	1	1	NA	NA	NA	2	1	1
2	90500000	96799999	2	1	1	3	a	6	1	1	0.0488011332669	0.237160096136	2	1	1	1	1	1	NA	NA	NA	NA	NA	NA	NA	2	1	1	1	1	1	NA	NA	NA	2	1	1
2	96800000	141143350	2	1	1	3	a	6	1	1	0.054191465347	0.174991674697	2	1	1	1	1	1	NA	NA	NA	NA	NA	NA	NA	2	1	1	1	1	1	NA	NA	NA	2	1	1
2	141143351	141219170	2	1	1	3	b	5	1	1	0.05	0.116653079361	2	1	1	1	1	1	NA	NA	NA	NA	NA	NA	NA	NA	NA	NA	1	1	1	NA	NA	NA	2	1	1
2	141219171	142006457	2	1	1	3	a	6	1	1	0.0767730887442	0.163887119558	2	1	1	1	1	1	NA	NA	NA	NA	NA	NA	NA	2	1	1	1	1	1	NA	NA	NA	2	1	1
2	142006458	142201464	1	1	0	2	d	5	1	0	0.0846661133219	0.101743852789	1	0	1	0	0	0.166753980365805	1	0	0.833246019634195	0.0553911263908755	0.0518812280070403	0.101173985920416	0.310760951635665	1	0	1	1	0	1	NA	NA	NA	1	0	1
2	142201465	159246219	2	1	1	3	a	6	1	1	0.058683462423	0.161361743674	2	1	1	1	1	1	NA	NA	NA	NA	NA	NA	NA	2	1	1	1	1	1	NA	NA	NA	2	1	1
2	159246220	159249938	2	1	1	2	d	5	1	0.67	0.05	0.1	2	1	1	1	1	1	NA	NA	NA	NA	NA	NA	NA	2	1	1	1	1	1	NA	NA	NA	2	1	1
2	159249939	159261320	2	1	1	2	d	4	1	0.67	0.05	0.1	NA	NA	NA	1	1	1	NA	NA	NA	NA	NA	NA	NA	2	1	1	1	1	1	NA	NA	NA	2	1	1
2	159261321	159498911	2	1	1	2	d	2	1	0.67	0.049999526052	0.14894678387	1.729997	0.664726126	1.06527101	1	0	0.359644527349168	1	1	0.640355472650832	0.0214979319068656	0.0218819999321656	0.327813080085942	0.413174068590942	2	1	1	1	0	0.365356	1	1	0.634644	2	1	1
2	159498912	239848635	2	1	1	3	a	6	1	1	0.0540135689235	0.184626894113	2	1	1	1	1	1	NA	NA	NA	NA	NA	NA	NA	2	1	1	1	1	1	NA	NA	NA	2	1	1
2	239848636	242985695	2	1	1	2	d	2	1	0.67	0.0760437583048	0.162403196581	1.57958	0.604559374	0.97502088	1	0	0.392715288484725	1	1	0.607284711515275	0.00548264883723826	0.00559905702988617	0.373921355896904	0.395990003320206	2	1	1	1	0	0.392582	1	1	0.607418	2	1	1
3	62614	87899999	2	1	1	3	a	6	1	1	0.0548358865677	0.175592102282	2	1	1	1	1	1	NA	NA	NA	NA	NA	NA	NA	2	1	1	1	1	1	NA	NA	NA	2	1	1
3	87900000	93899999	2	1	1	2	d	4	1	1	0.0521144905505	0.205272870371	1.888107	0.944053388	0.94405339	NA	NA	NA	NA	NA	NA	NA	NA	NA	NA	2	1	1	1	1	1	NA	NA	NA	2	1	1
3	93900000	96844914	2	1	1	2	d	5	1	1	0.054058252805	0.173039539062	2	1	1	1	0	0.0606586868497036	1	1	0.939341313150296	0.0219926996056639	0.0219573224652665	0.0162069686227743	0.10173670622856	2	1	1	1	1	1	NA	NA	NA	2	1	1
3	96844915	97168390	1	1	0	1	g	NA	1	1	0.05	0.104003150436	2	1	1	1	0	1	NA	NA	NA	NA	NA	NA	NA	1	0	1	1	1	1	NA	NA	NA	1	0	1
3	97168391	116592188	2	1	1	3	a	6	1	1	0.0572378449441	0.161216635632	2	1	1	1	1	1	NA	NA	NA	NA	NA	NA	NA	2	1	1	1	1	1	NA	NA	NA	2	1	1
3	116592189	116593884	2	1	1	2	d	3	NA	NA	NA	NA	2	1	1	NA	NA	NA	NA	NA	NA	NA	NA	NA	NA	NA	NA	NA	1	1	1	NA	NA	NA	2	1	1
3	116593885	116595315	2	1	1	1	g	NA	NA	NA	NA	NA	NA	NA	NA	NA	NA	NA	NA	NA	NA	NA	NA	NA	NA	NA	NA	NA	3	1	1	NA	NA	NA	2	1	1
3	116595316	142576410	4	3	1	2	d	3	2.72	1	0.056928076216	0.268702711769	3.740388	0.996751318	2.74363687	2	1	0.210340328191044	3	1	0.789659671808956	0.00891936854442885	0.00868753192541627	0.22693860152258	0.261321057296591	4	1	3	3	1	1	NA	NA	NA	4	1	3
3	142576411	142576512	4	3	1	2	d	2	2.72	1	0.05	0.1	3.740388	0.996751318	2.74363687	NA	NA	NA	NA	NA	NA	NA	NA	NA	NA	NA	NA	NA	3	1	1	NA	NA	NA	4	1	3
3	142576513	187128496	4	3	1	2	d	3	2.72	1	0.0617018521015	0.286759157024	3.760613	1.00947158	2.75114111	2	1	0.228417698613356	3	1	0.771582301386644	0.00666466520544826	0.0066483345195128	0.256123022354486	0.282917182867715	4	1	3	3	1	1	NA	NA	NA	4	1	3
3	187128497	188964074	4	3	1	2	d	3	2.62	1	0.0538302965657	0.262116085546	3.904765	1.037822591	2.86694217	2	1	0.177801061430883	3	1	0.822198938569117	0.0308391350280758	0.03137003294388	0.114108196001214	0.241602788232348	4	1	3	3	1	1	NA	NA	NA	4	1	3
3	188964075	197853360	4	3	1	2	d	3	2.72	1	0.0568689227855	0.334047101253	3.798495	1.015869048	2.78262583	2	1	0.220508849053596	3	1	0.779491150946404	0.0126459653566585	0.0126711049112314	0.24056859514112	0.291604556803772	4	1	3	3	1	1	NA	NA	NA	4	1	3
4	69567	48199999	2	1	1	3	a	6	1	1	0.0559490925097	0.226327615335	2	1	1	1	1	1	NA	NA	NA	NA	NA	NA	NA	2	1	1	1	1	1	NA	NA	NA	2	1	1
4	48200000	52699999	2	1	1	3	b	5	1	1	0.0545979800238	0.392633502085	2	1	1	NA	NA	NA	NA	NA	NA	NA	NA	NA	NA	2	1	1	1	1	1	NA	NA	NA	2	1	1
4	52700000	136053010	2	1	1	3	a	6	1	1	0.0585619509376	0.164042357997	2	1	1	1	1	1	NA	NA	NA	NA	NA	NA	NA	2	1	1	1	1	1	NA	NA	NA	2	1	1
4	136053011	136061075	2	1	1	2	d	3	1	1	0.05	0.1	2	1	1	3	0	1	NA	NA	NA	NA	NA	NA	NA	NA	NA	NA	1	1	1	NA	NA	NA	1	0	1
4	136061076	190746872	2	1	1	3	a	6	1	1	0.0576839149935	0.169157417695	2	1	1	1	1	1	NA	NA	NA	NA	NA	NA	NA	2	1	1	1	1	1	NA	NA	NA	2	1	1
5	28954	23031624	2	1	1	3	a	6	1	1	0.0545606694414	0.177898543126	2	1	1	1	1	1	NA	NA	NA	NA	NA	NA	NA	2	1	1	1	1	1	NA	NA	NA	2	1	1
5	23031625	23044652	2	1	1	2	d	4	1	1	0.05	0.1	2	1	1	NA	NA	NA	NA	NA	NA	NA	NA	NA	NA	NA	NA	NA	1	1	1	NA	NA	NA	2	1	1
5	23044653	36967688	2	1	1	2	d	5	1	1	0.0617567928564	0.174096849675	2	1	1	1	0	0.05423211126694	1	1	0.94576788873306	0.00473244106650096	0.00481914760616918	0.0528510231677648	0.0720924364953824	2	1	1	1	1	1	NA	NA	NA	2	1	1
5	36967689	37116477	1	1	0	2	d	3	1	0	0.05	0.133352035597	1.329831	0.364435953	0.96539546	1	0	0.56943716830285	1	1	0.43056283169715	0.0472657989033535	0.0491187042872586	0.436688598458824	0.626829931972799	1	0	1	1	0	0.58631	1	1	0.41369	1	0	1
5	37116478	46099999	2	1	1	2	d	5	1	1	0.0568886999131	0.172519828543	2	1	1	1	0	0.0528956995912198	1	1	0.94710430040878	0.00565264881132012	0.00554283648221359	0.0422721818565047	0.0631405735403395	2	1	1	1	1	1	NA	NA	NA	2	1	1
5	46100000	50699999	2	1	1	2	d	4	1	1	0.0603117015425	0.194587274654	1.697121	0.848560485	0.84856048	NA	NA	NA	NA	NA	NA	NA	NA	NA	NA	2	1	1	1	1	1	NA	NA	NA	2	1	1
5	50700000	109480054	2	1	1	2	d	4	1	1	0.0585140159982	0.165039146049	1.89774	0.948870068	0.94887007	1	0	0.0660492854725797	1	1	0.93395071452742	0.00206743304928225	0.0020752454384365	0.0618063732401309	0.0701753688140321	2	1	1	1	1	1	NA	NA	NA	2	1	1
5	109480055	137008180	2	1	1	2	d	4	1	1	0.0545057303152	0.159418854687	1.889011	0.944505529	0.94450553	1	0	0.0660492854725797	1	1	0.93395071452742	0.00206743304928225	0.0020752454384365	0.0618063732401309	0.0701753688140321	2	1	1	1	1	1	NA	NA	NA	2	1	1
5	137008181	137008863	2	1	1	2	f	3	1	1	0.05	0.1	1.889011	0.944505529	0.94450553	4	0	1	NA	NA	NA	NA	NA	NA	NA	NA	NA	NA	1	1	1	NA	NA	NA	1	0	1
5	137008864	180689978	2	1	1	2	d	4	1	1	0.0557423259203	0.169417952796	1.88051	0.940255192	0.94025519	1	0	0.0495162755045949	1	1	0.950483724495405	0.00288215950204283	0.00283129049414008	0.0471107695624258	0.0583536220475044	2	1	1	1	1	1	NA	NA	NA	2	1	1
6	39681	201975	2	1	1	1	g	NA	NA	NA	NA	NA	NA	NA	NA	NA	NA	NA	NA	NA	NA	NA	NA	NA	NA	NA	NA	NA	NA	NA	NA	NA	NA	NA	2	1	1
6	201976	29920362	2	1	1	3	a	6	1	1	0.0532670796628	0.178127045758	2	1	1	1	1	1	NA	NA	NA	NA	NA	NA	NA	2	1	1	1	1	1	NA	NA	NA	2	1	1
6	29920363	58699999	2	1	1	3	a	6	1	1	0.0610184095292	0.175147330346	2	1	1	1	1	1	NA	NA	NA	NA	NA	NA	NA	2	1	1	1	1	1	NA	NA	NA	2	1	1
6	58700000	63299999	2	1	1	2	d	5	1	1	0.0455895050617	0.262486216258	1.845253	0.922626579	0.92262658	1	1	1	NA	NA	NA	NA	NA	NA	NA	2	1	1	1	1	1	NA	NA	NA	2	1	1
6	63300000	67562014	2	1	1	3	a	6	1	1	0.0625211201401	0.182489192859	2	1	1	1	1	1	NA	NA	NA	NA	NA	NA	NA	2	1	1	1	1	1	NA	NA	NA	2	1	1
6	67562015	67600041	2	1	1	2	d	4	NA	NA	NA	NA	2	1	1	1	1	1	NA	NA	NA	NA	NA	NA	NA	NA	NA	NA	1	1	1	NA	NA	NA	2	1	1
6	67600042	95915458	2	1	1	3	a	6	1	1	0.0562212300209	0.182576067343	2	1	1	1	1	1	NA	NA	NA	NA	NA	NA	NA	2	1	1	1	1	1	NA	NA	NA	2	1	1
6	95915459	128677402	2	1	1	3	a	6	1	1	0.0546633447438	0.170582189464	2	1	1	1	1	1	NA	NA	NA	NA	NA	NA	NA	2	1	1	1	1	1	NA	NA	NA	2	1	1
6	128677403	128677432	2	1	1	2	d	4	NA	NA	NA	NA	2	1	1	1	1	1	NA	NA	NA	NA	NA	NA	NA	1	0	1	1	1	1	NA	NA	NA	2	1	1
6	128677433	128720059	1	1	0	1	g	NA	NA	NA	NA	NA	NA	NA	NA	1	1	1	NA	NA	NA	NA	NA	NA	NA	1	0	1	1	1	1	NA	NA	NA	1	0	1
6	128720060	128725397	2	1	1	2	d	4	1	1	0.05	0.1	NA	NA	NA	1	1	1	NA	NA	NA	NA	NA	NA	NA	NA	NA	NA	1	1	1	NA	NA	NA	2	1	1
6	128725398	161281174	2	1	1	3	a	6	1	1	0.0560071868686	0.160816109899	2	1	1	1	1	1	NA	NA	NA	NA	NA	NA	NA	2	1	1	1	1	1	NA	NA	NA	2	1	1
6	161281175	170861835	2	1	1	3	a	6	1	1	0.0498515457341	0.171534574832	2	1	1	1	1	1	NA	NA	NA	NA	NA	NA	NA	2	1	1	1	1	1	NA	NA	NA	2	1	1
7	40386	5435241	2	1	1	3	a	6	1	1	0.0532415138715	0.222610938599	2	1	1	1	1	1	NA	NA	NA	NA	NA	NA	NA	2	1	1	1	1	1	NA	NA	NA	2	1	1
7	5435242	5566560	2	1	1	2	d	3	1	1	0.05	0.1	1.517113	0.61421439	0.90289825	1	0	0.301466736160332	1	1	0.698533263839668	0.0943811832855878	0.0732256973267057	0.327649062269184	0.618069472589259	2	1	1	1	0	0.30878	1	1	0.69122	2	1	1
7	5566561	57999999	2	1	1	3	a	6	1	1	0.0540989499324	0.17844889947	2	1	1	1	1	1	NA	NA	NA	NA	NA	NA	NA	2	1	1	1	1	1	NA	NA	NA	2	1	1
7	58000000	61977500	NA	NA	NA	NA	NA	NA	1	1	0.05	0.336458889546	2	1	1	NA	NA	NA	NA	NA	NA	NA	NA	NA	NA	1	0	1	1	1	1	NA	NA	NA	2	1	1
7	61977501	158817500	1	1	0	2	d	4	1.19	0	0.0682182957684	0.135102388059	1.181137	0.019407572	1.16172977	1	0	1	NA	NA	NA	NA	NA	NA	NA	1	0	1	1	0	1	NA	NA	NA	1	0	1
8	10001	170387	2	1	1	2	d	4	1	1	0.05	0.1	NA	NA	NA	1	1	1	NA	NA	NA	NA	NA	NA	NA	NA	NA	NA	1	1	1	NA	NA	NA	2	1	1
8	170388	43099999	2	1	1	3	a	6	1	1	0.0577833113622	0.192924915547	2	1	1	1	1	1	NA	NA	NA	NA	NA	NA	NA	2	1	1	1	1	1	NA	NA	NA	2	1	1
8	43100000	48099999	2	1	1	2	d	4	1	1	0.05	0.215752821022	1.741097	0.788014855	0.95308244	NA	NA	NA	NA	NA	NA	NA	NA	NA	NA	2	1	1	1	1	1	NA	NA	NA	2	1	1
8	48100000	76121262	2	1	1	3	a	6	1	1	0.0569845220821	0.174468651033	2	1	1	1	1	1	NA	NA	NA	NA	NA	NA	NA	2	1	1	1	1	1	NA	NA	NA	2	1	1
8	76121263	83763669	2	1	1	2	d	2	1.33	1	0.0643884799815	0.193966420547	2.397814	1.001899825	1.3959141	1	1	0.617577561636284	2	1	0.382422438363716	0.00318931804214306	0.00304645646570509	0.611807903248104	0.623812039062036	2	1	1	2	1	0.373385	1	1	0.626615	2	1	1
8	83763670	135493988	2	1	1	2	d	2	1.33	1	0.0622483079251	0.18736317029	2.420968	1.018077376	1.40289105	1	1	0.617577561636284	2	1	0.382422438363716	0.00318931804214306	0.00304645646570509	0.611807903248104	0.623812039062036	2	1	1	2	1	0.353966	1	1	0.646034	2	1	1
8	135493989	135634952	1	1	0	2	d	5	1	0	0.0801464430388	0.10093279941	1.125149	0.02072096	1.10442817	1	0	1	NA	NA	NA	NA	NA	NA	NA	1	0	1	1	0	1	NA	NA	NA	1	0	1
8	135634953	142087809	2	1	1	2	d	3	1.33	1	0.0632157927547	0.192456611839	2.39591	1.001731603	1.39417824	1	1	0.601393982188005	2	1	0.398606017811995	0.00838997779282713	0.00818811366754774	0.594058482309415	0.62609929256962	2	1	1	1	1	1	NA	NA	NA	2	1	1
8	142087810	142087870	2	1	1	2	d	2	NA	NA	NA	NA	2.39591	1.001731603	1.39417824	NA	NA	NA	NA	NA	NA	NA	NA	NA	NA	NA	NA	NA	1	1	1	NA	NA	NA	2	1	1
8	142087871	146364021	2	1	1	3	b	6	1	1	0.0458979446654	0.186706770398	2	1	1	1	1	1	NA	NA	NA	NA	NA	NA	NA	3	1	2	1	1	1	NA	NA	NA	2	1	1
9	56015	47299999	2	1	1	3	a	6	1	1	0.0566202814231	0.193757499048	2	1	1	1	1	1	NA	NA	NA	NA	NA	NA	NA	2	1	1	1	1	1	NA	NA	NA	2	1	1
9	47300000	50699999	2	1	1	2	d	4	1	1	0.05	0.1	2	1	1	NA	NA	NA	NA	NA	NA	NA	NA	NA	NA	1	0	1	1	1	1	NA	NA	NA	2	1	1
9	50700000	66486485	2	1	1	2	d	3	1	1	0.05	0.439347747654	NA	NA	NA	NA	NA	NA	NA	NA	NA	NA	NA	NA	NA	NA	NA	NA	1	1	1	NA	NA	NA	2	1	1
9	66486486	102601062	2	1	1	3	a	6	1	1	0.0555204396776	0.19247886886	2	1	1	1	1	1	NA	NA	NA	NA	NA	NA	NA	2	1	1	1	1	1	NA	NA	NA	2	1	1
9	102601063	102664848	4	3	1	1	g	NA	2	1	0.05	0.185371867701	2	1	1	2	1	1	NA	NA	NA	NA	NA	NA	NA	3	1	2	5	1	1	NA	NA	NA	4	1	3
9	102664849	102700744	6	5	1	2	d	3	5	1	0.05	0.1	NA	NA	NA	5	1	1	NA	NA	NA	NA	NA	NA	NA	NA	NA	NA	5	1	1	NA	NA	NA	4	1	3
9	102700745	102711278	4	3	1	1	g	NA	5	1	0.05	0.1	NA	NA	NA	6	1	1	NA	NA	NA	NA	NA	NA	NA	5	0	5	1	0	1	NA	NA	NA	4	1	3
9	102711279	103084659	1	1	0	2	d	3	1	0	0.0444065648067	1.76193874266	1.291573	0.065481515	1.22609114	0	0	0.236191148668653	1	0	0.763808851331347	0.0453785021901814	0.0398695587364023	0.197719802775843	0.355522097421517	1	0	1	1	0	1	NA	NA	NA	2	1	1
9	103084660	103085300	1	1	0	2	f	2	NA	NA	NA	NA	1.291573	0.065481515	1.22609114	2	1	0.826383266415838	2	2	0.173616733584162	NA	0	0.826383266415838	0.826383266415838	NA	NA	NA	1	0	1	NA	NA	NA	2	1	1
9	103085301	103149095	3	2	1	2	d	3	2	2	0.05	0.231387386514	2.830438	0.971909695	1.85852836	2	1	1	NA	NA	NA	NA	NA	NA	NA	3	1	2	2	1	1	NA	NA	NA	2	1	1
9	103149096	103149589	2	1	1	2	d	2	1	1	0.05	0.1	2.830438	0.971909695	1.85852836	NA	NA	NA	NA	NA	NA	NA	NA	NA	NA	NA	NA	NA	2	1	1	NA	NA	NA	2	1	1
9	103149590	140227657	2	1	1	2	d	5	1.05	1.05	0.0522225129425	0.188584883011	2	1	1	1	1	1	NA	NA	NA	NA	NA	NA	NA	2	1	1	1	1	1	NA	NA	NA	2	1	1
10	90127	37999999	2	1	1	3	a	6	1	1	0.0543670729985	0.177761506914	2	1	1	1	1	1	NA	NA	NA	NA	NA	NA	NA	2	1	1	1	1	1	NA	NA	NA	2	1	1
10	38000000	42299999	2	1	1	2	d	4	1	1	0.0557820758121	0.2636012032	2.432332	1.216166221	1.21616622	1	1	1	NA	NA	NA	NA	NA	NA	NA	2	1	1	NA	NA	NA	NA	NA	NA	2	1	1
10	42300000	135245630	2	1	1	3	a	6	1	1	0.0547062975108	0.187167856608	2	1	1	1	1	1	NA	NA	NA	NA	NA	NA	NA	2	1	1	1	1	1	NA	NA	NA	2	1	1
11	20721	218940	2	1	1	2	d	3	0.95	0.95	0.05	0.1	NA	NA	NA	1	0	0.110202608895866	1	1	0.889797391104134	0.00232897783048525	0.00242046143209794	0.105289236092156	0.114913026886888	2	1	1	1	1	1	NA	NA	NA	2	1	1
11	218941	51529983	2	1	1	2	d	3	0.95	0.95	0.0578114488164	0.170007102537	1.839115	0.919557433	0.91955743	1	0	0.110202608895866	1	1	0.889797391104134	0.00232897783048525	0.00242046143209794	0.105289236092156	0.114913026886888	2	1	1	1	1	1	NA	NA	NA	2	1	1
11	51529984	55699999	2	1	1	2	d	3	0.95	0.95	0.0637700679322	0.296377633949	1.681934	0.840967171	0.84096717	NA	NA	NA	NA	NA	NA	NA	NA	NA	NA	2	1	1	1	1	1	NA	NA	NA	2	1	1
11	55700000	66157694	2	1	1	2	d	4	1	1	0.0642367088436	0.16223542463	1.852849	0.926424456	0.92642446	1	0	0.13250919563808	1	1	0.86749080436192	0.00552772550175727	0.00545795066528483	0.121779020893527	0.142994931969663	2	1	1	1	1	1	NA	NA	NA	2	1	1
11	66157695	67006206	2	1	1	2	f	2	NA	NA	NA	NA	1.852849	0.926424456	0.92642446	NA	NA	NA	NA	NA	NA	NA	NA	NA	NA	NA	NA	NA	1	0	1	NA	NA	NA	2	1	1
11	67006207	72296778	1	1	0	2	d	5	1.05	0	0.0628478890474	0.193045319493	1	0	1	1	0	1	NA	NA	NA	NA	NA	NA	NA	1	0	1	1	0	1	NA	NA	NA	1	0	1
11	72296779	72298291	1	1	0	2	d	5	1.05	0	0.05	0.1	1	0	1	1	0	1	NA	NA	NA	NA	NA	NA	NA	1	0	1	1	0	1	NA	NA	NA	1	0	1
11	72298292	85399359	1	1	0	2	d	5	1.05	0	0.0743273962815	0.243110498161	1	0	1	1	0	1	NA	NA	NA	NA	NA	NA	NA	1	0	1	1	0	1	NA	NA	NA	1	0	1
11	85399360	88404321	0	0	0	3	b	6	0	0	0.143910205385	0.0409557967198	0	0	0	0	0	1	NA	NA	NA	NA	NA	NA	NA	0	0	0	1	0	1	NA	NA	NA	0	0	0
11	88404322	134452200	1	1	0	2	d	5	1	0	0.0713417257903	0.114789583735	1	0	1	0	0	0.162708779193182	1	0	0.837291220806818	0.00476081177435196	0.0048686800693509	0.152339070165201	0.171927170962785	1	0	1	1	0	1	NA	NA	NA	1	0	1
12	110107	26264170	3	2	1	2	d	2	1.62	1	0.0656574367835	0.27736770749	2.568352	0.991711927	1.57664	1	1	0.400592454418051	2	1	0.599407545581949	0.00534772232535785	0.00526745799101595	0.401195689444592	0.421897391084726	3	1	2	2	1	0.608452	1	1	0.391548	3	1	2
12	26264171	33299999	2	1	1	3	a	6	1	1	0.0524611719607	0.193250182664	2	1	1	1	1	1	NA	NA	NA	NA	NA	NA	NA	2	1	1	1	1	1	NA	NA	NA	2	1	1
12	33300000	38199999	2	1	1	2	d	4	1	1	0.0519944514206	0.267258424386	1.696342	0.84817107	0.84817107	NA	NA	NA	NA	NA	NA	NA	NA	NA	NA	2	1	1	1	1	1	NA	NA	NA	2	1	1
12	38200000	50009940	2	1	1	3	a	6	1	1	0.0561236650304	0.167717763192	2	1	1	1	1	1	NA	NA	NA	NA	NA	NA	NA	2	1	1	1	1	1	NA	NA	NA	2	1	1
12	50009941	132351642	1	1	0	2	d	2	1	0.45	0.0864267752157	0.144782108798	1.407906	0.423847512	0.98405866	1	0	0.590527433795548	1	1	0.409472566204452	0.00126806696603787	0.00129895667187214	0.577314326717647	0.582561545926703	1	0	1	1	0	0.610451	1	1	0.389549	1	0	1
12	132351643	133851894	2	1	1	2	e	4	NA	NA	NA	NA	1.389138	0.403742534	0.98539533	1	0	0.601072566541897	1	1	0.398927433458103	0.00859169187711312	0.00860294465052393	0.585562353492124	0.61975360836979	2	1	1	1	0	0.615029	1	1	0.384971	1	0	1
13	1	16299999	1	1	0	1	g	NA	NA	NA	NA	NA	NA	NA	NA	NA	NA	NA	NA	NA	NA	NA	NA	NA	NA	NA	NA	NA	NA	NA	NA	NA	NA	NA	1	0	1
13	16300000	19499999	1	1	0	2	d	3	1.09	0	0.05	0.205616535814	NA	NA	NA	1	0	1	NA	NA	NA	NA	NA	NA	NA	NA	NA	NA	1	0	1	NA	NA	NA	1	0	1
13	19500000	114142800	1	1	0	2	d	4	1.09	0	0.0749422372871	0.122079471799	1	0	1	1	0	1	NA	NA	NA	NA	NA	NA	NA	NA	NA	NA	1	0	1	NA	NA	NA	1	0	1
13	114142801	115169877	1	1	0	2	d	4	NA	NA	NA	NA	1	0	1	1	0	1	NA	NA	NA	NA	NA	NA	NA	NA	NA	NA	1	0	1	NA	NA	NA	1	0	1
14	1	16099999	1	1	0	1	g	NA	NA	NA	NA	NA	NA	NA	NA	NA	NA	NA	NA	NA	NA	NA	NA	NA	NA	NA	NA	NA	NA	NA	NA	NA	NA	NA	1	0	1
14	16100000	19099999	1	1	0	1	g	NA	NA	NA	NA	NA	NA	NA	NA	NA	NA	NA	NA	NA	NA	NA	NA	NA	NA	NA	NA	NA	1	0	0.199391	0	0	0.800609	1	0	1
14	19100000	20375050	1	1	0	2	f	2	NA	NA	NA	NA	NA	NA	NA	NA	NA	NA	NA	NA	NA	NA	NA	NA	NA	NA	NA	NA	1	0	0.199391	0	0	0.800609	1	0	1
14	20375051	35872558	1	1	0	2	d	4	1.05	0	0.0720973538189	0.118566822174	1	0	1	1	0	1	NA	NA	NA	NA	NA	NA	NA	NA	NA	NA	1	0	1	NA	NA	NA	1	0	1
14	35872559	35873676	1	1	0	2	d	4	NA	NA	NA	NA	1	0	1	1	0	1	NA	NA	NA	NA	NA	NA	NA	NA	NA	NA	1	0	1	NA	NA	NA	1	0	1
14	35873677	47707615	1	1	0	2	d	4	1.05	0	0.0781347944611	0.120220016457	1	0	1	1	0	1	NA	NA	NA	NA	NA	NA	NA	NA	NA	NA	1	0	1	NA	NA	NA	1	0	1
14	47707616	47711253	1	1	0	2	d	4	NA	NA	NA	NA	1	0	1	1	0	1	NA	NA	NA	NA	NA	NA	NA	NA	NA	NA	1	0	1	NA	NA	NA	1	0	1
14	47711254	103208337	1	1	0	3	b	5	1	0	0.069353925392	0.110972962941	1	0	1	1	0	1	NA	NA	NA	NA	NA	NA	NA	NA	NA	NA	1	0	1	NA	NA	NA	1	0	1
14	103208338	103352019	0	0	0	3	b	6	0	0	0.05	0.035625993161	0	0	0	0	0	1	NA	NA	NA	NA	NA	NA	NA	0	0	0	1	0	1	NA	NA	NA	0	0	0
14	103352020	106368400	1	1	0	2	d	4	1.09	0	0.0667610965733	0.243191170354	1	0	1	1	0	0.981944718357955	1	1	0.0180552816420451	0.00312012267127432	0.0030510990467386	0.975713819896164	0.988014353979344	1	0	1	1	0	1	NA	NA	NA	1	0	1
15	1	15799999	2	1	1	1	g	NA	NA	NA	NA	NA	NA	NA	NA	NA	NA	NA	NA	NA	NA	NA	NA	NA	NA	NA	NA	NA	NA	NA	NA	NA	NA	NA	2	1	1
15	15800000	20699999	2	1	1	2	d	2	1	1	0.05	0.353317487142	NA	NA	NA	1	0	0.0464940021571493	1	1	0.953505997842851	0.0020122306390325	0.00201718142205162	0.0426332283135097	0.0505685113462299	NA	NA	NA	1	0	0.42183	1	1	0.57817	2	1	1
15	20700000	22502499	2	1	1	2	d	2	1	1	0.05	0.391745506498	NA	NA	NA	1	0	0.0464940021571493	1	1	0.953505997842851	0.0020122306390325	0.00201718142205162	0.0426332283135097	0.0505685113462299	NA	NA	NA	1	0	0.623568	1	1	0.376432	2	1	1
15	22502500	101384701	2	1	1	2	d	5	1	1	0.0533336434264	0.185474110166	2	1	1	1	0	0.0464940021571493	1	1	0.953505997842851	0.0020122306390325	0.00201718142205162	0.0426332283135097	0.0505685113462299	2	1	1	1	1	1	NA	NA	NA	2	1	1
15	101384702	101489847	3	2	1	2	f	2	NA	NA	NA	NA	2.898303	1.00137671	1.89692663	2	1	1	NA	NA	NA	NA	NA	NA	NA	4	1	3	2	1	1	NA	NA	NA	500	157	343
15	101489848	102531391	2	1	1	3	b	5	NA	NA	NA	NA	2	1	1	1	1	1	NA	NA	NA	NA	NA	NA	NA	2	1	1	1	1	1	NA	NA	NA	2	1	1
16	100010	34599999	1	1	0	2	d	5	1.09	0	0.0696268515854	0.200853875608	1	0	1	1	0	1	NA	NA	NA	NA	NA	NA	NA	1	0	1	1	0	1	NA	NA	NA	1	0	1
16	34600000	38599999	1	1	0	2	d	4	1.09	0	0.05	0.229234770485	1	0	1	0	0	0.444502653577205	1	0	0.555497346422795	0.329780993388958	0.0555965365588205	0.795286659452688	1.00922216919437	1	0	1	1	0	1	NA	NA	NA	1	0	1
16	38600000	46437499	1	1	0	2	d	4	NA	NA	NA	NA	1	0	1	NA	NA	NA	NA	NA	NA	NA	NA	NA	NA	1	0	1	1	0	1	NA	NA	NA	1	0	1
16	46437500	71996497	1	1	0	2	d	5	1.05	0	0.0705174520791	0.112904088851	1	0	1	1	0	1	NA	NA	NA	NA	NA	NA	NA	1	0	1	1	0	1	NA	NA	NA	1	0	1
16	71996498	72094347	2	1	1	2	d	3	1	1	0.05	0.333088224032	1.274534	0.637266759	0.63726676	1	1	1	NA	NA	NA	NA	NA	NA	NA	2	1	1	1	0	0.148113	1	1	0.851887	1	0	1
16	72094348	88827200	1	1	0	2	d	5	1.05	0	0.0666955677442	0.132955896357	1	0	1	1	0	1	NA	NA	NA	NA	NA	NA	NA	1	0	1	1	0	1	NA	NA	NA	1	0	1
16	88827201	90122625	1	1	0	3	b	5	NA	NA	NA	NA	1	0	1	1	0	1	NA	NA	NA	NA	NA	NA	NA	1	0	1	1	0	1	NA	NA	NA	1	0	1
17	828	779696	1	1	0	2	d	5	1.05	0	0.0610849937768	0.116180277558	1	0	1	1	0	1	NA	NA	NA	NA	NA	NA	NA	1	0	1	1	0	1	NA	NA	NA	1	0	1
17	779697	18280801	1	1	0	2	d	5	1.05	0	0.0686405890701	0.119251904668	1	0	1	1	0	1	NA	NA	NA	NA	NA	NA	NA	1	0	1	1	0	1	NA	NA	NA	1	0	1
17	18280802	21750184	1	1	0	2	d	5	1.05	0	0.069585736867	0.128990953272	1	0	1	1	0	1	NA	NA	NA	NA	NA	NA	NA	1	0	1	1	0	1	NA	NA	NA	1	0	1
17	21750185	25799999	NA	NA	NA	NA	NA	NA	1.15	1.15	0.059153879977	0.313831703951	1.897686	0.948843216	0.94884322	1	1	1	NA	NA	NA	NA	NA	NA	NA	2	1	1	1	1	1	NA	NA	NA	2	1	1
17	25800000	78999466	2	1	1	2	d	5	1.05	1.05	0.0520555369719	0.197784554461	2	1	1	1	1	1	NA	NA	NA	NA	NA	NA	NA	2	1	1	1	1	1	NA	NA	NA	2	1	1
17	78999467	78999884	2	1	1	2	d	3	NA	NA	NA	NA	2	1	1	NA	NA	NA	NA	NA	NA	NA	NA	NA	NA	NA	NA	NA	1	1	1	NA	NA	NA	2	1	1
17	78999885	81195209	2	1	1	2	d	2	NA	NA	NA	NA	2.379801	1.009046434	1.37075488	1	1	0.603869795963236	2	1	0.396130204036764	0.0189699100541951	0.0188468305991888	0.554493531607585	0.630120890739087	3	1	2	1	1	1	NA	NA	NA	2	1	1
18	27500	170847	2	1	1	2	d	4	1	1	0.05	0.497644152556	NA	NA	NA	NA	NA	NA	NA	NA	NA	NA	NA	NA	NA	2	1	1	1	1	1	NA	NA	NA	2	1	1
18	170848	15399999	2	1	1	3	a	6	1	1	0.0517426988535	0.175265556429	2	1	1	1	1	1	NA	NA	NA	NA	NA	NA	NA	2	1	1	1	1	1	NA	NA	NA	2	1	1
18	15400000	18999999	2	1	1	2	d	5	1	1	0.056485210662	0.360477578206	1.868471	0.934235668	0.93423567	1	1	1	NA	NA	NA	NA	NA	NA	NA	2	1	1	1	1	1	NA	NA	NA	2	1	1
18	19000000	76067000	2	1	1	3	a	6	1	1	0.0558024985325	0.180167584572	2	1	1	1	1	1	NA	NA	NA	NA	NA	NA	NA	2	1	1	1	1	1	NA	NA	NA	2	1	1
18	76067001	78077247	2	1	1	3	a	6	1	1	0.0523599541404	0.209979128318	2	1	1	1	1	1	NA	NA	NA	NA	NA	NA	NA	2	1	1	1	1	1	NA	NA	NA	2	1	1
19	102500	260136	2	2	0	3	b	5	2	0	0.05	0.1	NA	NA	NA	2	0	1	NA	NA	NA	NA	NA	NA	NA	2	0	2	2	0	1	NA	NA	NA	2	0	2
19	260137	13997985	2	2	0	2	d	5	2	0	0.0396723405772	0.204551080869	1.820747	0.018708541	1.80203858	2	0	1	NA	NA	NA	NA	NA	NA	NA	2	0	2	2	0	1	NA	NA	NA	2	0	2
19	13997986	13998510	2	2	0	2	d	2	NA	NA	NA	NA	1.820747	0.018708541	1.80203858	NA	NA	NA	NA	NA	NA	NA	NA	NA	NA	1	0	1	2	0	1	NA	NA	NA	2	0	2
19	13998511	13998688	2	2	0	1	h	1	NA	NA	NA	NA	NA	NA	NA	NA	NA	NA	NA	NA	NA	NA	NA	NA	NA	NA	NA	NA	2	0	1	NA	NA	NA	NA	NA	NA
19	13998689	14803408	3	2	1	2	d	4	2	1	0.061646365062	0.177600932129	2.81754	1.022486728	1.79505364	1	1	0.145844247545729	2	1	0.854155752454271	0.0356965325337387	0.0360157076729917	0.0700300703455182	0.213185520466952	3	1	2	2	1	1	NA	NA	NA	3	1	2
19	14803409	23242424	2	2	0	2	d	5	2	0	0.044023767581	0.189932208348	1.771565	0.013218742	1.75834649	2	0	1	NA	NA	NA	NA	NA	NA	NA	2	0	2	2	0	1	NA	NA	NA	2	0	2
19	23242425	23276845	3	2	1	2	d	2	2	2	0.05	0.1	1.771565	0.013218742	1.75834649	1	1	0.493833628175244	2	1	0.506166371824756	0.0751626107457009	0.0708061945211061	0.349621553005481	0.625822768587439	3	1	2	2	1	0.594464	1	1	0.405536	3	1	2
19	23276846	24399999	3	2	1	2	d	2	2	2	0.0576482654949	0.32619900721	2.973125	1.297849981	1.67527462	1	1	0.746916814087623	2	1	0.253083185912377	0.0245177894577168	0.0249492090236177	0.68216488601332	0.781652894893615	3	1	2	2	2	0.637705	2	1	0.362295	3	1	2
19	24400000	28599999	NA	NA	NA	NA	NA	NA	1	1	0.0655295958654	0.35512168668	1.662925	0.83146266	0.83146266	NA	NA	NA	NA	NA	NA	NA	NA	NA	NA	2	1	1	1	1	1	NA	NA	NA	2	1	1
19	28600000	58242500	2	1	1	2	d	5	1.09	1.09	0.0521291860482	0.245442730564	2	1	1	1	1	1	NA	NA	NA	NA	NA	NA	NA	2	1	1	1	1	1	NA	NA	NA	2	1	1
20	32074	25599999	2	1	1	2	d	5	1.09	1.09	0.0515900528017	0.199459184265	2	1	1	1	1	1	NA	NA	NA	NA	NA	NA	NA	2	1	1	1	1	1	NA	NA	NA	2	1	1
20	25600000	29512459	2	1	1	3	a	6	1	1	0.0525008466771	0.335970701926	2	1	1	1	1	1	NA	NA	NA	NA	NA	NA	NA	2	1	1	1	1	1	NA	NA	NA	2	1	1
20	29512460	62385800	2	1	1	2	d	5	1.15	1.15	0.0515024938373	0.199251833689	2	1	1	1	1	1	NA	NA	NA	NA	NA	NA	NA	2	1	1	1	1	1	NA	NA	NA	2	1	1
21	1	10899999	NA	NA	NA	NA	NA	NA	0.91	0.91	0.05	0.372834878569	NA	NA	NA	NA	NA	NA	NA	NA	NA	NA	NA	NA	NA	NA	NA	NA	1	0	1	NA	NA	NA	NA	NA	NA
21	10900000	14491653	2	1	1	2	f	1	0.91	0.91	0.05	0.20296798538	NA	NA	NA	NA	NA	NA	NA	NA	NA	NA	NA	NA	NA	NA	NA	NA	1	0	1	NA	NA	NA	NA	NA	NA
21	14491654	15273231	2	1	1	2	f	2	0.91	0.91	0.124065992625	1.01320070461	NA	NA	NA	NA	NA	NA	NA	NA	NA	NA	NA	NA	NA	NA	NA	NA	1	0	0.365356	1	1	0.634644	NA	NA	NA
21	15273232	17807450	2	1	1	2	d	3	0.91	0.91	0.0581508839624	0.172580582116	1.873071	0.936535643	0.93653564	1	1	1	NA	NA	NA	NA	NA	NA	NA	2	1	1	1	1	1	NA	NA	NA	NA	NA	NA
21	17807451	17824256	2	1	1	2	d	3	1	1	0.05	0.1	1.873071	0.936535643	0.93653564	1	1	1	NA	NA	NA	NA	NA	NA	NA	NA	NA	NA	1	1	1	NA	NA	NA	NA	NA	NA
21	17824257	46937500	2	1	1	2	d	5	1	1	0.0571950388267	0.264617757875	1.856843	0.928421518	0.92842152	1	1	1	NA	NA	NA	NA	NA	NA	NA	2	1	1	1	1	1	NA	NA	NA	2	1	1
21	46937501	48129894	2	1	1	2	d	4	NA	NA	NA	NA	1.836106	0.918052844	0.91805284	1	1	1	NA	NA	NA	NA	NA	NA	NA	2	1	1	1	1	1	NA	NA	NA	2	1	1
22	1	12199999	2	1	1	1	g	NA	NA	NA	NA	NA	NA	NA	NA	NA	NA	NA	NA	NA	NA	NA	NA	NA	NA	NA	NA	NA	NA	NA	NA	NA	NA	NA	2	1	1
22	12200000	17899999	2	1	1	2	d	5	1.05	1.05	0.0463788154399	0.251336980935	2	1	1	1	1	1	NA	NA	NA	NA	NA	NA	NA	2	1	1	1	1	1	NA	NA	NA	2	1	1
22	17900000	45550124	2	1	1	2	d	5	1.05	1.05	0.0504048812863	0.193044708336	2	1	1	1	1	1	NA	NA	NA	NA	NA	NA	NA	2	1	1	1	1	1	NA	NA	NA	2	1	1
22	45550125	50866640	2	1	1	2	d	5	1.05	1.05	0.0518604203378	0.189444767283	2	1	1	1	1	1	NA	NA	NA	NA	NA	NA	NA	2	1	1	1	1	1	NA	NA	NA	2	1	1
22	50866641	50868742	2	1	1	2	d	3	NA	NA	NA	NA	2	1	1	NA	NA	NA	NA	NA	NA	NA	NA	NA	NA	NA	NA	NA	1	1	1	NA	NA	NA	2	1	1
X	1	58099999	1	1	0	3	b	2	NA	NA	NA	NA	1	0	1	NA	NA	NA	NA	NA	NA	NA	NA	NA	NA	1	0	1	NA	NA	NA	NA	NA	NA	1	0	1
X	58100000	62999999	1	1	0	1	h	1	NA	NA	NA	NA	0.845034	0	0.845034	NA	NA	NA	NA	NA	NA	NA	NA	NA	NA	1	0	1	NA	NA	NA	NA	NA	NA	1	0	1
X	63000000	88397310	1	1	0	3	b	2	NA	NA	NA	NA	1	0	1	NA	NA	NA	NA	NA	NA	NA	NA	NA	NA	1	0	1	NA	NA	NA	NA	NA	NA	1	0	1
X	88397311	88417708	0	0	0	1	h	1	NA	NA	NA	NA	0.492819	0	0.492819	NA	NA	NA	NA	NA	NA	NA	NA	NA	NA	1	0	1	NA	NA	NA	NA	NA	NA	1	0	1
X	88417709	155270559	1	1	0	3	b	2	NA	NA	NA	NA	1	0	1	NA	NA	NA	NA	NA	NA	NA	NA	NA	NA	1	0	1	NA	NA	NA	NA	NA	NA	1	0	1
Y	1	11599999	1	1	0	1	h	1	NA	NA	NA	NA	1	0	1	NA	NA	NA	NA	NA	NA	NA	NA	NA	NA	NA	NA	NA	NA	NA	NA	NA	NA	NA	2	0	2
Y	11600000	13399999	1	1	0	1	h	1	NA	NA	NA	NA	1	0	1	NA	NA	NA	NA	NA	NA	NA	NA	NA	NA	NA	NA	NA	NA	NA	NA	NA	NA	NA	2	0	2
Y	13400000	59373565	1	1	0	1	h	1	NA	NA	NA	NA	1	0	1	NA	NA	NA	NA	NA	NA	NA	NA	NA	NA	NA	NA	NA	NA	NA	NA	NA	NA	NA	2	0	2
