chromosome	start	end	total_cn	major_cn	minor_cn	star	level	methods_agree	absolute_broad_major_cn	absolute_broad_minor_cn	absolute_broad_het_error	absolute_broad_cov_error	aceseq_copy_number	aceseq_minor_cn	aceseq_major_cn	battenberg_nMaj1_A	battenberg_nMin1_A	battenberg_frac1_A	battenberg_nMaj2_A	battenberg_nMin2_A	battenberg_frac2_A	battenberg_SDfrac_A	battenberg_SDfrac_A_BS	battenberg_frac1_A_0.025	battenberg_frac1_A_0.975	clonehd_copy_number	clonehd_minor_cn	clonehd_major_cn	sclust_nMaj1_A	sclust_nMin1_A	sclust_frac1_A	sclust_nMaj2_A	sclust_nMin2_A	sclust_frac2_A	jabba_copy_number	jabba_minor_cn	jabba_major_cn
1	1	26204554	3	2	1	3	b	5	2	1	0.0636901400823	0.186631012485	NA	NA	NA	2	1	1	NA	NA	NA	NA	NA	NA	NA	3	1	2	2	1	1	NA	NA	NA	3	1	2
1	26204555	27378119	2	1	1	3	b	5	1	1	0.0597826128615	0.098623149172	NA	NA	NA	1	1	1	NA	NA	NA	NA	NA	NA	NA	2	1	1	1	1	1	NA	NA	NA	2	1	1
1	27378120	121499999	3	2	1	3	b	5	2	1	0.0632737602378	0.122554925632	NA	NA	NA	2	1	1	NA	NA	NA	NA	NA	NA	NA	3	1	2	2	1	1	NA	NA	NA	3	1	2
1	121500000	128899999	3	2	1	2	d	2	NA	NA	NA	NA	NA	NA	NA	NA	NA	NA	NA	NA	NA	NA	NA	NA	NA	NA	NA	NA	2	1	1	NA	NA	NA	3	1	2
1	128900000	142761800	3	2	1	2	d	2	1	1	0.05	0.489950074424	NA	NA	NA	NA	NA	NA	NA	NA	NA	NA	NA	NA	NA	NA	NA	NA	2	1	1	NA	NA	NA	3	1	2
1	142761801	143752499	3	2	1	2	d	2	1.71	0.89	0.05	0.484105085067	NA	NA	NA	NA	NA	NA	NA	NA	NA	NA	NA	NA	NA	NA	NA	NA	2	1	1	NA	NA	NA	3	1	2
1	143752500	149167499	3	2	1	2	d	4	1.71	0.89	0.0634940484657	0.167076188053	NA	NA	NA	2	1	1	NA	NA	NA	NA	NA	NA	NA	3	1	2	2	1	1	NA	NA	NA	3	1	2
1	149167500	153048450	4	2	2	2	d	4	1.62	1.62	0.0354990715349	0.152430839892	NA	NA	NA	2	2	1	NA	NA	NA	NA	NA	NA	NA	4	2	2	2	2	1	NA	NA	NA	4	2	2
1	153048451	160502689	4	2	2	2	d	4	1.62	1.62	0.0364766756631	0.120243854779	NA	NA	NA	2	2	1	NA	NA	NA	NA	NA	NA	NA	4	2	2	2	2	1	NA	NA	NA	4	2	2
1	160502690	161104466	3	2	1	2	d	4	1.62	0.83	0.0611621834062	0.106717476462	NA	NA	NA	2	1	1	NA	NA	NA	NA	NA	NA	NA	3	1	2	2	1	1	NA	NA	NA	3	1	2
1	161104467	161183532	4	2	2	2	d	4	1.34	1.34	0.05	0.1	NA	NA	NA	2	2	1	NA	NA	NA	NA	NA	NA	NA	4	2	2	2	2	1	NA	NA	NA	4	2	2
1	161183533	161208804	3	2	1	2	d	3	NA	NA	NA	NA	NA	NA	NA	2	1	1	NA	NA	NA	NA	NA	NA	NA	3	1	2	2	1	1	NA	NA	NA	4	2	2
1	161208805	197677336	4	2	2	2	d	4	1.71	1.71	0.0402336096856	0.121545071956	NA	NA	NA	2	2	1	NA	NA	NA	NA	NA	NA	NA	4	2	2	2	2	1	NA	NA	NA	4	2	2
1	197677337	198062661	2	2	0	2	d	3	1.78	0	0.0620067042469	0.0980720197661	NA	NA	NA	2	0	1	NA	NA	NA	NA	NA	NA	NA	2	0	2	2	2	1	NA	NA	NA	2	0	2
1	198062662	221283041	4	2	2	2	d	4	1.71	1.71	0.0383515800447	0.11961499431	NA	NA	NA	2	2	1	NA	NA	NA	NA	NA	NA	NA	4	2	2	2	2	1	NA	NA	NA	4	2	2
1	221283042	222381276	3	2	1	2	d	4	1.78	0.89	0.054048339341	0.102257465619	NA	NA	NA	2	1	1	NA	NA	NA	NA	NA	NA	NA	3	1	2	2	1	1	NA	NA	NA	3	1	2
1	222381277	229102817	4	2	2	2	d	4	1.71	1.71	0.0391591754749	0.138539359916	NA	NA	NA	2	2	1	NA	NA	NA	NA	NA	NA	NA	4	2	2	2	2	1	NA	NA	NA	4	2	2
1	229102818	230623336	2	2	0	3	b	5	2	0	0.0580087596428	0.0839509968598	NA	NA	NA	2	0	1	NA	NA	NA	NA	NA	NA	NA	2	0	2	2	0	1	NA	NA	NA	2	0	2
1	230623337	232214415	4	2	2	2	d	4	1.71	1.71	0.0372931711263	0.125473938538	NA	NA	NA	2	2	1	NA	NA	NA	NA	NA	NA	NA	4	2	2	2	2	1	NA	NA	NA	4	2	2
1	232214416	232897511	4	2	2	2	d	3	1.71	1.71	0.0494650951115	0.102729359384	NA	NA	NA	2	1	0.379297299853402	2	2	0.620702700146598	0.0287367892279758	0.027859536299154	0.325819447045337	0.435754807060461	4	2	2	2	2	1	NA	NA	NA	4	2	2
1	232897512	232897933	4	2	2	2	d	2	1.71	1.71	0.05	0.1	NA	NA	NA	NA	NA	NA	NA	NA	NA	NA	NA	NA	NA	1	0	1	2	2	1	NA	NA	NA	4	2	2
1	232897934	232897960	4	2	2	2	d	2	1.71	1.71	0.05	0.1	NA	NA	NA	NA	NA	NA	NA	NA	NA	NA	NA	NA	NA	NA	NA	NA	2	2	1	NA	NA	NA	4	2	2
1	232897961	232900056	4	2	2	2	d	3	1.71	1.71	0.05	0.1	NA	NA	NA	2	2	1	NA	NA	NA	NA	NA	NA	NA	5	2	3	2	2	1	NA	NA	NA	4	2	2
1	232900057	233017001	4	2	2	2	d	4	1.71	1.71	0.0485168403992	0.111454048161	NA	NA	NA	2	2	1	NA	NA	NA	NA	NA	NA	NA	4	2	2	2	2	1	NA	NA	NA	4	2	2
1	233017002	233017033	4	2	2	2	d	3	1.71	1.71	0.05	0.1	NA	NA	NA	2	2	1	NA	NA	NA	NA	NA	NA	NA	NA	NA	NA	2	2	1	NA	NA	NA	4	2	2
1	233017034	233030201	4	2	2	2	d	4	1.71	1.71	0.05	0.1	NA	NA	NA	2	2	1	NA	NA	NA	NA	NA	NA	NA	4	2	2	2	2	1	NA	NA	NA	4	2	2
1	233030202	247249600	4	2	2	2	d	4	1.71	1.71	0.0396595799747	0.125793289865	NA	NA	NA	2	2	1	NA	NA	NA	NA	NA	NA	NA	4	2	2	2	2	1	NA	NA	NA	4	2	2
1	247249601	249250620	4	2	2	2	d	4	NA	NA	NA	NA	NA	NA	NA	2	2	1	NA	NA	NA	NA	NA	NA	NA	4	2	2	2	2	1	NA	NA	NA	4	2	2
2	22500	29842712	3	2	1	3	b	5	2	1	0.0636691907791	0.118203919242	NA	NA	NA	2	1	1	NA	NA	NA	NA	NA	NA	NA	3	1	2	2	1	1	NA	NA	NA	3	1	2
2	29842713	29986379	2	2	0	3	b	5	2	0	0.0499589574386	0.101472117198	NA	NA	NA	2	0	1	NA	NA	NA	NA	NA	NA	NA	2	0	2	2	0	1	NA	NA	NA	2	0	2
2	29986380	63711800	3	2	1	3	b	5	2	1	0.064333282297	0.115010353931	NA	NA	NA	2	1	1	NA	NA	NA	NA	NA	NA	NA	3	1	2	2	1	1	NA	NA	NA	3	1	2
2	63711801	72115965	5	3	2	3	b	5	3	2	0.0512123284689	0.180546771243	NA	NA	NA	3	2	1	NA	NA	NA	NA	NA	NA	NA	5	2	3	3	2	1	NA	NA	NA	5	2	3
2	72115966	90499999	4	2	2	2	d	4	1.89	1.89	0.0393049563237	0.147546041433	NA	NA	NA	2	2	1	NA	NA	NA	NA	NA	NA	NA	4	2	2	2	2	1	NA	NA	NA	4	2	2
2	90500000	96799999	4	2	2	2	d	4	1.89	1.89	0.0400898930693	0.260938264203	NA	NA	NA	2	2	1	NA	NA	NA	NA	NA	NA	NA	4	2	2	2	2	1	NA	NA	NA	4	2	2
2	96800000	177830972	4	2	2	2	d	4	1.89	1.89	0.0388145861571	0.140409695426	NA	NA	NA	2	2	1	NA	NA	NA	NA	NA	NA	NA	4	2	2	2	2	1	NA	NA	NA	4	2	2
2	177830973	177841035	2	2	0	2	f	2	1.83	0	0.05	0.1	NA	NA	NA	NA	NA	NA	NA	NA	NA	NA	NA	NA	NA	NA	NA	NA	2	0	1	NA	NA	NA	3	0	3
2	177841036	178187293	2	2	0	2	d	4	1.83	0	0.0534402638488	0.0821037502473	NA	NA	NA	2	0	1	NA	NA	NA	NA	NA	NA	NA	2	0	2	2	0	1	NA	NA	NA	2	0	2
2	178187294	195310027	4	2	2	2	d	4	1.78	1.78	0.0377158333744	0.149779243119	NA	NA	NA	2	2	1	NA	NA	NA	NA	NA	NA	NA	4	2	2	2	2	1	NA	NA	NA	4	2	2
2	195310028	195510278	2	2	0	3	b	5	2	0	0.05	0.0646492447179	NA	NA	NA	2	0	1	NA	NA	NA	NA	NA	NA	NA	2	0	2	2	0	1	NA	NA	NA	2	0	2
2	195510279	222788257	4	2	2	2	d	4	1.78	1.78	0.0393877018793	0.135346708709	NA	NA	NA	2	2	1	NA	NA	NA	NA	NA	NA	NA	4	2	2	2	2	1	NA	NA	NA	4	2	2
2	222788258	222925397	2	2	0	3	b	5	2	0	0.0489764286269	0.0707379701758	NA	NA	NA	2	0	1	NA	NA	NA	NA	NA	NA	NA	2	0	2	2	0	1	NA	NA	NA	2	0	2
2	222925398	242985493	4	2	2	2	d	4	1.83	1.83	0.0402722544712	0.140805447798	NA	NA	NA	2	2	1	NA	NA	NA	NA	NA	NA	NA	4	2	2	2	2	1	NA	NA	NA	4	2	2
3	62425	60069998	3	2	1	3	b	5	2	1	0.064551882209	0.119155679189	NA	NA	NA	2	1	1	NA	NA	NA	NA	NA	NA	NA	3	1	2	2	1	1	NA	NA	NA	3	1	2
3	60069999	60289963	3	2	1	2	d	4	2	1	0.05	0.293436619859	NA	NA	NA	2	1	1	NA	NA	NA	NA	NA	NA	NA	NA	NA	NA	2	1	1	NA	NA	NA	3	1	2
3	60289964	67723042	3	2	1	3	b	5	2	1	0.0620327876939	0.137703098488	NA	NA	NA	2	1	1	NA	NA	NA	NA	NA	NA	NA	3	1	2	2	1	1	NA	NA	NA	3	1	2
3	67723043	67851625	2	1	1	3	b	5	1	1	0.05	0.0920414222801	NA	NA	NA	1	1	1	NA	NA	NA	NA	NA	NA	NA	2	1	1	1	1	1	NA	NA	NA	2	1	1
3	67851626	87899999	3	2	1	2	d	4	2	1	0.0642894424024	0.114305789316	NA	NA	NA	NA	NA	NA	NA	NA	NA	NA	NA	NA	NA	3	1	2	2	1	1	NA	NA	NA	3	1	2
3	87900000	93899999	3	2	1	2	d	4	2	1	0.0567207757027	0.124818644179	NA	NA	NA	NA	NA	NA	NA	NA	NA	NA	NA	NA	NA	3	1	2	2	1	1	NA	NA	NA	3	1	2
3	93900000	162514202	3	2	1	3	b	5	2	1	0.0635127615188	0.119507280236	NA	NA	NA	2	1	1	NA	NA	NA	NA	NA	NA	NA	3	1	2	2	1	1	NA	NA	NA	3	1	2
3	162514203	197847500	3	2	1	3	b	5	2	1	0.06253791598	0.131045499516	NA	NA	NA	2	1	1	NA	NA	NA	NA	NA	NA	NA	3	1	2	2	1	1	NA	NA	NA	3	1	2
4	50084	23270991	4	2	2	2	d	4	1.78	1.78	0.0395241966887	0.142249651255	NA	NA	NA	2	2	1	NA	NA	NA	NA	NA	NA	NA	4	2	2	2	2	1	NA	NA	NA	4	2	2
4	23270992	23271043	4	2	2	2	d	3	1.78	1.78	0.05	0.1	NA	NA	NA	2	2	1	NA	NA	NA	NA	NA	NA	NA	NA	NA	NA	2	2	1	NA	NA	NA	4	2	2
4	23271044	48199999	4	2	2	2	d	3	1.78	1.78	0.0390358389712	0.136803642131	NA	NA	NA	2	2	1	NA	NA	NA	NA	NA	NA	NA	3	1	2	2	2	1	NA	NA	NA	4	2	2
4	48200000	52699999	4	2	2	2	d	4	1.78	1.78	0.0391789389797	0.31189125254	NA	NA	NA	2	2	1	NA	NA	NA	NA	NA	NA	NA	4	2	2	2	2	1	NA	NA	NA	4	2	2
4	52700000	53729187	4	2	2	2	d	4	1.78	1.78	0.0391510811122	0.126086959585	NA	NA	NA	2	2	1	NA	NA	NA	NA	NA	NA	NA	4	2	2	2	2	1	NA	NA	NA	4	2	2
4	53729188	78992172	3	2	1	2	d	2	1.78	1.78	0.0439914834138	0.127141489849	NA	NA	NA	2	1	0.165942568685869	2	2	0.834057431314131	0.00567599629754373	0.00561220734104965	0.145276561900191	0.167373136822017	3	1	2	2	2	0.969897	2	1	0.0301026	3	1	2
4	78992173	79184582	2	2	0	2	d	2	1.78	0	0.0636151661485	0.0890387472478	NA	NA	NA	1	0	0.380606972723029	2	0	0.619393027276971	0.084907696794627	0.0768834834508676	0.323273252436558	0.626484815754846	2	0	2	1	0	1	NA	NA	NA	2	0	2
4	79184583	91245234	3	2	1	2	d	2	1.62	1.62	0.045374035074	0.12485049022	NA	NA	NA	2	1	0.119344900858031	2	2	0.880655099141969	0.00909414363364178	0.00903215336183472	0.120751274546961	0.155632729437865	3	1	2	1	0	1	NA	NA	NA	3	1	2
4	91245235	91371182	2	1	1	2	d	3	NA	NA	NA	NA	NA	NA	NA	2	1	0.229257106149379	2	2	0.770742893850621	0.0065875828756547	0.0065685980663619	0.216742432051458	0.242519755573176	2	1	1	1	1	1	NA	NA	NA	2	1	1
4	91371183	115080561	3	2	1	2	d	2	1.62	1.62	0.0443646448117	0.118757063666	NA	NA	NA	2	1	0.229257106149379	2	2	0.770742893850621	0.0065875828756547	0.0065685980663619	0.216742432051458	0.242519755573176	3	1	2	2	2	0.788855	2	1	0.211145	3	1	2
4	115080562	115815479	1	1	0	2	d	3	1.54	0	0.0645203608352	0.0881607895998	NA	NA	NA	1	0	0.444182389937113	2	0	0.555817610062887	0.0498304298379416	0.0463834522938692	0.399087157764509	0.584197746170956	1	0	1	1	0	1	NA	NA	NA	1	0	1
4	115815480	135884858	3	2	1	2	d	2	1.62	1.62	0.042754717687	0.135906295287	NA	NA	NA	2	1	0.221256758247825	2	2	0.778743241752175	0.00645692057007555	0.00630312797109552	0.212531618347256	0.237927024117245	3	1	2	2	2	0.804478	2	1	0.195522	3	1	2
4	135884859	136026079	1	1	0	2	d	3	1.34	0	0.0552093820513	0.0871059371591	NA	NA	NA	1	0	0.607952664680566	2	0	0.392047335319434	0.058963636907804	0.0593354614004688	0.466601135106702	0.702488135175417	1	0	1	1	0	1	NA	NA	NA	1	0	1
4	136026080	149488244	3	2	1	2	d	2	1.62	1.62	0.0441760888966	0.118545871066	NA	NA	NA	2	1	0.221256758247825	2	2	0.778743241752175	0.00791885825586483	0.00799478026930638	0.203988063119417	0.23474452414391	3	1	2	2	2	0.827236	2	1	0.172764	3	1	2
4	149488245	149544697	4	2	2	2	f	2	1.62	1.62	0.05	0.0997343457366	NA	NA	NA	2	0	1	NA	NA	NA	NA	NA	NA	NA	NA	NA	NA	2	2	0.804478	2	1	0.195522	1	0	1
4	149544698	162254299	3	2	1	2	d	2	1.62	1.62	0.0438658430546	0.119475522285	NA	NA	NA	2	1	0.204237007613372	2	2	0.795762992386628	0.00795169399739229	0.00804994727604857	0.186887705651557	0.218930029727207	3	1	2	2	2	0.804478	2	1	0.195522	3	1	2
4	162254300	162309952	2	1	1	2	d	4	1	1	0.05	0.119263080512	NA	NA	NA	1	1	0.328266374572783	2	1	0.671733625427217	0.124281202844503	0.117390241155478	0.119319373893	0.574373057678225	2	1	1	1	1	1	NA	NA	NA	2	1	1
4	162309953	174934601	3	2	1	2	d	2	1.62	1.62	0.0432268396949	0.122474735809	NA	NA	NA	2	1	0.204237007613372	2	2	0.795762992386628	0.00833542052791088	0.00846335291484656	0.199162384910841	0.2313309830207	3	1	2	2	2	0.864958	2	1	0.135042	3	1	2
4	174934602	176278283	2	2	0	2	d	2	1.71	0	0.0650169331446	0.0871002901276	NA	NA	NA	1	0	0.280412115193642	2	0	0.719587884806358	0.0329091669735122	0.03114818505382	0.264131977834715	0.384671890147927	2	0	2	1	0	1	NA	NA	NA	2	0	2
4	176278284	176510934	3	2	1	2	d	2	1.62	1.62	0.05	0.104714211012	NA	NA	NA	2	2	1	NA	NA	NA	NA	NA	NA	NA	3	1	2	2	2	0.827236	2	1	0.172764	3	1	2
4	176510935	176511197	4	2	2	2	f	2	1.62	1.62	0.05	0.1	NA	NA	NA	NA	NA	NA	NA	NA	NA	NA	NA	NA	NA	NA	NA	NA	2	2	0.827236	2	1	0.172764	3	1	2
4	176511198	176554047	4	2	2	2	f	2	1.62	1.62	0.05	0.1	NA	NA	NA	NA	NA	NA	NA	NA	NA	NA	NA	NA	NA	NA	NA	NA	2	2	0.827236	2	1	0.172764	NA	NA	NA
4	176554048	176554352	4	2	2	2	f	2	1.62	1.62	0.05	0.1	NA	NA	NA	NA	NA	NA	NA	NA	NA	NA	NA	NA	NA	NA	NA	NA	2	2	0.827236	2	1	0.172764	NA	NA	NA
4	176554353	179808470	3	2	1	2	d	2	1.62	1.62	0.0444493922994	0.114690132707	NA	NA	NA	2	1	0.196672673998061	2	2	0.803327326001939	0.0156267605574674	0.0156781544355482	0.136748693478933	0.199621599261121	3	1	2	2	2	0.827236	2	1	0.172764	3	1	2
4	179808471	180113662	1	1	0	2	d	3	1.62	0	0.0979045398019	0.0849051404252	NA	NA	NA	1	0	0.689837802052301	2	0	0.310162197947699	0.0680658693539771	0.0691615041705625	0.495328225104972	0.761633194354111	1	0	1	1	0	1	NA	NA	NA	1	0	1
4	180113663	180759196	3	2	1	2	d	2	1.62	1.62	0.0373153889358	0.121850448999	NA	NA	NA	2	1	0.196672673998061	2	2	0.803327326001939	0.0296588069766484	0.0304196183138011	0.108326523068199	0.229751831910238	3	1	2	1	0	1	NA	NA	NA	3	1	2
4	180759197	181534043	1	1	0	2	d	3	1.54	0	0.0700322799414	0.0802868292031	NA	NA	NA	1	0	0.471477435727687	2	0	0.528522564272313	0.0369905857156779	0.0340560703697695	0.472141906232034	0.605186238892478	1	0	1	1	0	1	NA	NA	NA	1	0	1
4	181534044	186284329	3	2	1	2	d	2	1.62	1.62	0.0439949604043	0.120370608828	NA	NA	NA	2	1	0.212406487917905	2	2	0.787593512082095	0.0120662240471951	0.0123689840535794	0.188741408019069	0.236654345634067	3	1	2	2	2	0.768593	2	1	0.231407	3	1	2
4	186284330	186290497	3	2	1	2	d	2	NA	NA	NA	NA	NA	NA	NA	NA	NA	NA	NA	NA	NA	NA	NA	NA	NA	3	1	2	1	0	1	NA	NA	NA	3	1	2
4	186290498	186300231	1	1	0	1	h	1	NA	NA	NA	NA	NA	NA	NA	NA	NA	NA	NA	NA	NA	NA	NA	NA	NA	3	1	2	1	0	1	NA	NA	NA	NA	NA	NA
4	186300232	186311023	1	1	0	1	h	1	NA	NA	NA	NA	NA	NA	NA	NA	NA	NA	NA	NA	NA	NA	NA	NA	NA	3	1	2	1	0	1	NA	NA	NA	NA	NA	NA
4	186311024	186337989	3	2	1	2	d	2	NA	NA	NA	NA	NA	NA	NA	2	1	1	NA	NA	NA	NA	NA	NA	NA	NA	NA	NA	1	0	1	NA	NA	NA	3	1	2
4	186337990	186339545	3	2	1	1	g	NA	NA	NA	NA	NA	NA	NA	NA	NA	NA	NA	NA	NA	NA	NA	NA	NA	NA	NA	NA	NA	1	0	1	NA	NA	NA	3	1	2
4	186339546	186342393	1	1	0	1	h	1	NA	NA	NA	NA	NA	NA	NA	NA	NA	NA	NA	NA	NA	NA	NA	NA	NA	NA	NA	NA	1	0	1	NA	NA	NA	NA	NA	NA
4	186342394	187643776	2	2	0	2	d	2	1.71	0	0.0696596828539	0.0877124204903	NA	NA	NA	1	0	0.325903858177937	2	0	0.674096141822063	0.032725440366823	0.0300571031956261	0.343039072053549	0.461503219745943	2	0	2	1	0	1	NA	NA	NA	2	0	2
4	187643777	187691552	0	0	0	3	b	5	0	0	0.05	0.1	NA	NA	NA	0	0	1	NA	NA	NA	NA	NA	NA	NA	0	0	0	0	0	1	NA	NA	NA	0	0	0
4	187691553	187708989	1	1	0	1	g	NA	0	0	0.05	0.1	NA	NA	NA	2	0	1	NA	NA	NA	NA	NA	NA	NA	1	0	1	0	0	1	NA	NA	NA	1	0	1
4	187708990	188175463	0	0	0	2	d	4	0	0	0.0826514773727	0.0466652451404	NA	NA	NA	0	0	0.890819816837693	1	0	0.109180183162307	0.023766085214818	0.0236249956020507	0.846162229001826	0.938991186577693	0	0	0	0	0	1	NA	NA	NA	0	0	0
4	188175464	188504781	1	1	0	2	d	3	1.62	0	0.0710469775901	0.0880463853538	NA	NA	NA	1	0	0.482437608554787	2	0	0.517562391445213	0.0700968386575873	0.068903618331097	0.382031356097663	0.652603772903833	1	0	1	1	0	1	NA	NA	NA	1	0	1
4	188504782	191154275	3	2	1	2	d	2	1.62	1.62	0.0459990434464	0.136100624807	NA	NA	NA	2	1	0.139741110472302	2	2	0.860258889527698	0.0163128307235257	0.015338822863583	0.148299819978148	0.20892295853911	3	1	2	2	1	0.212325	1	1	0.787675	3	1	2
5	29789	46099999	3	2	1	2	d	4	1.89	0.89	0.0644483901583	0.134332888108	NA	NA	NA	2	1	1	NA	NA	NA	NA	NA	NA	NA	3	1	2	2	1	1	NA	NA	NA	3	1	2
5	46100000	50699999	3	2	1	2	d	3	1.89	0.89	0.0700167259138	0.153552559247	NA	NA	NA	NA	NA	NA	NA	NA	NA	NA	NA	NA	NA	3	1	2	2	1	1	NA	NA	NA	3	1	2
5	50700000	134014279	3	2	1	3	b	5	2	1	0.0641799389043	0.123395615641	NA	NA	NA	2	1	1	NA	NA	NA	NA	NA	NA	NA	3	1	2	2	1	1	NA	NA	NA	3	1	2
5	134014280	134519153	2	2	0	3	b	5	2	0	0.0603392418704	0.0979021441864	NA	NA	NA	2	0	1	NA	NA	NA	NA	NA	NA	NA	2	0	2	2	0	1	NA	NA	NA	2	0	2
5	134519154	179994934	3	2	1	3	b	5	2	1	0.0634889325628	0.129059012574	NA	NA	NA	2	1	1	NA	NA	NA	NA	NA	NA	NA	3	1	2	2	1	1	NA	NA	NA	3	1	2
5	179994935	180715810	4	3	1	3	b	5	3	1	0.0547325444846	0.187133640587	NA	NA	NA	3	1	1	NA	NA	NA	NA	NA	NA	NA	4	1	3	3	1	1	NA	NA	NA	4	1	3
6	39681	209032	3	2	1	2	d	2	2	1	0.05	0.1	NA	NA	NA	NA	NA	NA	NA	NA	NA	NA	NA	NA	NA	NA	NA	NA	NA	NA	NA	NA	NA	NA	3	1	2
6	209033	58699999	3	2	1	3	b	5	2	1	0.0649901044492	0.163936754421	NA	NA	NA	2	1	1	NA	NA	NA	NA	NA	NA	NA	3	1	2	2	1	1	NA	NA	NA	3	1	2
6	58700000	63299999	3	2	1	3	b	5	2	1	0.0636275083586	0.133424037712	NA	NA	NA	2	1	1	NA	NA	NA	NA	NA	NA	NA	3	1	2	2	1	1	NA	NA	NA	3	1	2
6	63300000	72705023	3	2	1	3	b	5	2	1	0.064116875943	0.117634724686	NA	NA	NA	2	1	1	NA	NA	NA	NA	NA	NA	NA	3	1	2	2	1	1	NA	NA	NA	3	1	2
6	72705024	72706271	3	2	1	2	d	2	2	1	0.05	0.1	NA	NA	NA	5	1	0.770054065982566	5	2	0.229945934017434	NA	0	0.770054065982566	0.770054065982566	NA	NA	NA	2	1	1	NA	NA	NA	5	1	4
6	72706272	72724369	7	6	1	2	d	3	2	1	0.05	0.1	NA	NA	NA	6	1	1	NA	NA	NA	NA	NA	NA	NA	6	1	5	6	1	1	NA	NA	NA	7	1	6
6	72724370	72729040	6	5	1	2	d	3	4	1	0.05	0.1	NA	NA	NA	5	1	1	NA	NA	NA	NA	NA	NA	NA	6	1	5	4	1	1	NA	NA	NA	6	1	5
6	72729041	72814064	5	4	1	3	b	5	4	1	0.05	0.176402567224	NA	NA	NA	4	1	1	NA	NA	NA	NA	NA	NA	NA	5	1	4	4	1	1	NA	NA	NA	5	1	4
6	72814065	74421237	6	5	1	3	b	5	5	1	0.0428265624443	0.184831473917	NA	NA	NA	5	1	1	NA	NA	NA	NA	NA	NA	NA	6	1	5	5	1	1	NA	NA	NA	6	1	5
6	74421238	74424376	6	5	1	1	g	NA	NA	NA	NA	NA	NA	NA	NA	NA	NA	NA	NA	NA	NA	NA	NA	NA	NA	NA	NA	NA	1	1	1	NA	NA	NA	6	1	5
6	74424377	103613521	2	1	1	3	b	5	1	1	0.0493359873558	0.0951366658362	NA	NA	NA	1	1	1	NA	NA	NA	NA	NA	NA	NA	2	1	1	1	1	1	NA	NA	NA	2	1	1
6	103613522	130745914	2	1	1	3	b	5	1	1	0.0488449488029	0.0933445718118	NA	NA	NA	1	1	1	NA	NA	NA	NA	NA	NA	NA	2	1	1	1	1	1	NA	NA	NA	2	1	1
6	130745915	130758520	2	1	1	3	b	5	1	1	0.05	0.1	NA	NA	NA	1	1	1	NA	NA	NA	NA	NA	NA	NA	2	1	1	1	1	1	NA	NA	NA	2	1	1
6	130758521	130758815	2	1	1	2	d	4	1	1	0.05	0.1	NA	NA	NA	1	1	1	NA	NA	NA	NA	NA	NA	NA	NA	NA	NA	1	1	1	NA	NA	NA	2	1	1
6	130758816	130784016	2	1	1	2	d	4	1	1	0.05	0.1	NA	NA	NA	1	1	1	NA	NA	NA	NA	NA	NA	NA	2	1	1	1	0	1	NA	NA	NA	2	1	1
6	130784017	130784200	1	1	0	2	d	3	1	0	0.05	0.1	NA	NA	NA	NA	NA	NA	NA	NA	NA	NA	NA	NA	NA	1	0	1	1	0	1	NA	NA	NA	2	1	1
6	130784201	130784251	1	1	0	2	d	3	1	0	0.05	0.1	NA	NA	NA	NA	NA	NA	NA	NA	NA	NA	NA	NA	NA	1	0	1	1	0	1	NA	NA	NA	NA	NA	NA
6	130784252	131008415	1	1	0	3	b	5	1	0	0.0674943253726	0.057596747854	NA	NA	NA	1	0	1	NA	NA	NA	NA	NA	NA	NA	1	0	1	1	0	1	NA	NA	NA	1	0	1
6	131008416	131010894	2	1	1	2	d	2	NA	NA	NA	NA	NA	NA	NA	NA	NA	NA	NA	NA	NA	NA	NA	NA	NA	1	0	1	1	1	1	NA	NA	NA	2	1	1
6	131010895	131011016	2	1	1	2	d	2	NA	NA	NA	NA	NA	NA	NA	NA	NA	NA	NA	NA	NA	NA	NA	NA	NA	NA	NA	NA	1	1	1	NA	NA	NA	2	1	1
6	131011017	161969016	2	1	1	3	b	5	1	1	0.048744357353	0.0942627433093	NA	NA	NA	1	1	1	NA	NA	NA	NA	NA	NA	NA	2	1	1	1	1	1	NA	NA	NA	2	1	1
6	161969017	161969046	2	1	1	1	g	NA	1	0	0.05	0.1	NA	NA	NA	NA	NA	NA	NA	NA	NA	NA	NA	NA	NA	1	0	1	1	1	1	NA	NA	NA	2	1	1
6	161969047	161969066	2	1	1	1	g	NA	1	0	0.05	0.1	NA	NA	NA	NA	NA	NA	NA	NA	NA	NA	NA	NA	NA	1	0	1	1	1	1	NA	NA	NA	2	1	1
6	161969067	162663394	1	1	0	3	b	5	1	0	0.0784896854654	0.0679445254399	NA	NA	NA	1	0	1	NA	NA	NA	NA	NA	NA	NA	1	0	1	1	0	1	NA	NA	NA	1	0	1
6	162663395	162666333	1	1	0	3	b	5	1	0	0.05	0.1	NA	NA	NA	1	0	1	NA	NA	NA	NA	NA	NA	NA	1	0	1	1	0	1	NA	NA	NA	1	0	1
6	162666334	164272503	1	1	0	3	b	5	1	0	0.0861794055293	0.0995074324089	NA	NA	NA	1	0	1	NA	NA	NA	NA	NA	NA	NA	1	0	1	1	0	1	NA	NA	NA	1	0	1
6	164272504	165765440	0	0	0	2	d	4	0	0	0.0803498269294	0.0450049983111	NA	NA	NA	0	0	0.91811486262827	1	0	0.0818851373717302	0.0128668396326311	0.0128822146183119	0.896678692121231	0.948250224327167	0	0	0	0	0	1	NA	NA	NA	0	0	0
6	165765441	167228887	1	1	0	3	b	5	1	0	0.0810163890672	0.0646867252586	NA	NA	NA	1	0	1	NA	NA	NA	NA	NA	NA	NA	1	0	1	1	0	1	NA	NA	NA	1	0	1
6	167228888	167229211	2	1	1	2	d	2	1	1	0.05	0.1	NA	NA	NA	NA	NA	NA	NA	NA	NA	NA	NA	NA	NA	NA	NA	NA	1	1	1	NA	NA	NA	1	0	1
6	167229212	170899800	2	1	1	3	b	5	1	1	0.051428492144	0.106943090182	NA	NA	NA	1	1	1	NA	NA	NA	NA	NA	NA	NA	2	1	1	1	1	1	NA	NA	NA	2	1	1
7	40386	10014276	2	2	0	3	b	5	2	0	0.063013205898	0.107406382188	NA	NA	NA	2	0	1	NA	NA	NA	NA	NA	NA	NA	2	0	2	2	0	1	NA	NA	NA	2	0	2
7	10014277	10014506	2	2	0	2	d	2	NA	NA	NA	NA	NA	NA	NA	NA	NA	NA	NA	NA	NA	NA	NA	NA	NA	1	0	1	2	0	1	NA	NA	NA	2	0	2
7	10014507	10014666	2	2	0	1	h	1	NA	NA	NA	NA	NA	NA	NA	NA	NA	NA	NA	NA	NA	NA	NA	NA	NA	1	0	1	2	0	1	NA	NA	NA	NA	NA	NA
7	10014667	10014886	2	2	0	1	h	1	NA	NA	NA	NA	NA	NA	NA	NA	NA	NA	NA	NA	NA	NA	NA	NA	NA	1	0	1	2	0	1	NA	NA	NA	NA	NA	NA
7	10014887	10014910	2	2	0	1	h	1	NA	NA	NA	NA	NA	NA	NA	NA	NA	NA	NA	NA	NA	NA	NA	NA	NA	NA	NA	NA	2	0	1	NA	NA	NA	NA	NA	NA
7	10014911	10015104	2	2	0	1	h	1	NA	NA	NA	NA	NA	NA	NA	NA	NA	NA	NA	NA	NA	NA	NA	NA	NA	NA	NA	NA	2	0	1	NA	NA	NA	NA	NA	NA
7	10015105	10015424	4	2	2	1	h	1	NA	NA	NA	NA	NA	NA	NA	NA	NA	NA	NA	NA	NA	NA	NA	NA	NA	1	0	1	2	2	1	NA	NA	NA	NA	NA	NA
7	10015425	10016002	4	2	2	2	d	2	NA	NA	NA	NA	NA	NA	NA	NA	NA	NA	NA	NA	NA	NA	NA	NA	NA	NA	NA	NA	2	2	1	NA	NA	NA	4	2	2
7	10016003	20585293	4	2	2	2	d	4	1.89	1.89	0.044870796756	0.125509102849	NA	NA	NA	2	2	1	NA	NA	NA	NA	NA	NA	NA	4	2	2	2	2	1	NA	NA	NA	4	2	2
7	20585294	20819855	2	2	0	2	d	4	1.78	0	0.052847706952	0.0885457374246	NA	NA	NA	2	0	1	NA	NA	NA	NA	NA	NA	NA	2	0	2	2	0	1	NA	NA	NA	2	0	2
7	20819856	42733153	4	2	2	2	d	3	1.83	1.83	0.040106732065	0.132076597302	NA	NA	NA	2	1	0.13434539527267	2	2	0.86565460472733	0.00457188439899525	0.00446003809118891	0.1259240518049	0.143362829766036	4	2	2	2	2	1	NA	NA	NA	4	2	2
7	42733154	42737083	4	2	2	2	d	2	1.83	1.83	0.05	0.1	NA	NA	NA	2	1	0.13434539527267	2	2	0.86565460472733	0.00457188439899525	0.00446003809118891	0.1259240518049	0.143362829766036	3	1	2	2	2	1	NA	NA	NA	4	2	2
7	42737084	57999999	4	2	2	2	d	3	1.83	1.83	0.0405437995523	0.148003578103	NA	NA	NA	2	1	0.13434539527267	2	2	0.86565460472733	0.00457188439899525	0.00446003809118891	0.1259240518049	0.143362829766036	4	2	2	2	2	1	NA	NA	NA	4	2	2
7	58000000	61699999	4	2	2	2	d	3	2	2	0.05	0.102407217586	NA	NA	NA	NA	NA	NA	NA	NA	NA	NA	NA	NA	NA	NA	NA	NA	2	2	1	NA	NA	NA	4	2	2
7	61700000	70916388	4	2	2	2	d	3	1.78	1.78	0.0409641593382	0.1910457055	NA	NA	NA	2	1	0.146887640448216	2	2	0.853112359551784	0.0100397633411577	0.0105240128989289	0.126151022782261	0.167262267192343	4	2	2	2	2	1	NA	NA	NA	4	2	2
7	70916389	70932894	2	2	0	2	d	4	2	0	0.05	0.1	NA	NA	NA	2	0	1	NA	NA	NA	NA	NA	NA	NA	2	0	2	2	2	1	NA	NA	NA	2	0	2
7	70932895	111072313	4	2	2	2	d	4	1.89	1.89	0.0414931199423	0.137403211753	NA	NA	NA	2	2	1	NA	NA	NA	NA	NA	NA	NA	4	2	2	2	2	1	NA	NA	NA	4	2	2
7	111072314	111072720	3	2	1	2	f	2	1.71	1	0.05	0.1	NA	NA	NA	NA	NA	NA	NA	NA	NA	NA	NA	NA	NA	NA	NA	NA	2	2	1	NA	NA	NA	3	1	2
7	111072721	111733456	3	2	1	2	d	3	1.71	1	0.0522276467789	0.105861932306	NA	NA	NA	1	1	0.264408400456065	2	1	0.735591599543935	0.0433517545612095	0.043074048229402	0.182880615414988	0.356494109443563	3	1	2	2	1	1	NA	NA	NA	3	1	2
7	111733457	111800018	4	2	2	2	d	4	2	2	0.05	0.142851080713	NA	NA	NA	2	2	1	NA	NA	NA	NA	NA	NA	NA	4	2	2	2	0	1	NA	NA	NA	4	2	2
7	111800019	111935348	2	2	0	3	b	5	2	0	0.0753295296611	0.0882373816089	NA	NA	NA	2	0	1	NA	NA	NA	NA	NA	NA	NA	2	0	2	2	0	1	NA	NA	NA	2	0	2
7	111935349	112555425	4	2	2	2	d	4	1.89	1.89	0.0324848286784	0.145009478625	NA	NA	NA	2	2	1	NA	NA	NA	NA	NA	NA	NA	4	2	2	2	2	1	NA	NA	NA	4	2	2
7	112555426	114836228	2	2	0	3	b	5	2	0	0.0601323867361	0.0877613631639	NA	NA	NA	2	0	1	NA	NA	NA	NA	NA	NA	NA	2	0	2	2	0	1	NA	NA	NA	2	0	2
7	114836229	114837804	2	2	0	1	g	NA	2	0	0.05	0.1	NA	NA	NA	NA	NA	NA	NA	NA	NA	NA	NA	NA	NA	1	0	1	2	1	1	NA	NA	NA	2	0	2
7	114837805	114851802	2	2	0	2	d	2	2	0	0.05	0.1	NA	NA	NA	4	0	0.430059757138629	4	1	0.569940242861371	NA	0	0.430059757138629	0.430059757138629	NA	NA	NA	2	1	1	NA	NA	NA	2	0	2
7	114851803	116934752	3	2	1	3	b	5	2	1	0.0646251203774	0.125038809737	NA	NA	NA	2	1	1	NA	NA	NA	NA	NA	NA	NA	3	1	2	2	1	1	NA	NA	NA	3	1	2
7	116934753	116946781	3	2	1	2	d	4	NA	NA	NA	NA	NA	NA	NA	2	1	1	NA	NA	NA	NA	NA	NA	NA	3	1	2	2	1	1	NA	NA	NA	3	1	2
7	116946782	127071354	3	2	1	3	b	5	2	1	0.0622354847304	0.110544444007	NA	NA	NA	2	1	1	NA	NA	NA	NA	NA	NA	NA	3	1	2	2	1	1	NA	NA	NA	3	1	2
7	127071355	127254851	2	2	0	3	b	5	2	0	0.0706488681375	0.0904757307244	NA	NA	NA	2	0	1	NA	NA	NA	NA	NA	NA	NA	2	0	2	2	0	1	NA	NA	NA	2	0	2
7	127254852	146559588	3	2	1	3	b	5	2	1	0.0644172041654	0.121250675545	NA	NA	NA	2	1	1	NA	NA	NA	NA	NA	NA	NA	3	1	2	2	1	1	NA	NA	NA	3	1	2
7	146559589	147447741	2	2	0	3	b	5	2	0	0.0644531713797	0.0886770660045	NA	NA	NA	2	0	1	NA	NA	NA	NA	NA	NA	NA	2	0	2	2	0	1	NA	NA	NA	2	0	2
7	147447742	154774827	3	2	1	2	d	4	1.89	1	0.0638144461286	0.11131887986	NA	NA	NA	2	1	1	NA	NA	NA	NA	NA	NA	NA	3	1	2	2	1	1	NA	NA	NA	3	1	2
7	154774828	155023932	1	1	0	3	b	5	1	0	0.0835030523532	0.0720804545942	NA	NA	NA	1	0	1	NA	NA	NA	NA	NA	NA	NA	1	0	1	1	0	1	NA	NA	NA	1	0	1
7	155023933	158821400	3	2	1	3	b	5	2	1	0.065952423424	0.133127546853	NA	NA	NA	2	1	1	NA	NA	NA	NA	NA	NA	NA	3	1	2	2	1	1	NA	NA	NA	3	1	2
8	10001	214841	4	2	2	2	d	3	1.62	1.62	0.05	0.119359852629	NA	NA	NA	2	2	1	NA	NA	NA	NA	NA	NA	NA	NA	NA	NA	2	2	1	NA	NA	NA	4	2	2
8	214842	43099999	4	2	2	2	d	3	1.62	1.62	0.0430096173019	0.156820877079	NA	NA	NA	2	1	0.265508109897382	2	2	0.734491890102618	0.00368849702339052	0.00371016977579929	0.248666188442439	0.263075668045108	4	2	2	2	2	1	NA	NA	NA	4	2	2
8	43100000	48099999	4	2	2	2	d	3	1.62	1.62	0.041355712319	0.198771928869	NA	NA	NA	NA	NA	NA	NA	NA	NA	NA	NA	NA	NA	4	2	2	2	2	1	NA	NA	NA	4	2	2
8	48100000	100760931	4	2	2	2	d	3	1.62	1.62	0.0428277301543	0.139375354434	NA	NA	NA	2	1	0.196672673998061	2	2	0.803327326001939	0.00428696595762655	0.00420270263736008	0.191211873854955	0.207603576403618	4	2	2	2	2	1	NA	NA	NA	4	2	2
8	100760932	101100014	3	2	1	2	d	4	1	1	0.05	0.10010617433	NA	NA	NA	2	1	1	NA	NA	NA	NA	NA	NA	NA	3	1	2	2	1	1	NA	NA	NA	3	1	2
8	101100015	135066457	4	2	2	2	d	3	1.54	1.54	0.0430679585916	0.114091599847	NA	NA	NA	2	1	0.204237007613372	2	2	0.795762992386628	0.00512807520417381	0.00488975539505095	0.205079279710952	0.224569586263343	4	2	2	2	2	1	NA	NA	NA	4	2	2
8	135066458	137801218	5	3	2	2	d	3	2.29	1.71	0.0483367298302	0.132926942454	NA	NA	NA	2	2	0.176009314111557	3	2	0.823990685888443	0.0187677532375252	0.0192090629412407	0.128271973625068	0.202770937321098	5	2	3	3	2	1	NA	NA	NA	5	2	3
8	137801219	146364021	4	2	2	2	d	3	1.62	1.62	0.0425597773007	0.125165936004	NA	NA	NA	2	1	0.221256758247825	2	2	0.778743241752175	0.0100058446782175	0.00973460531110713	0.204496664226072	0.243527282606277	4	2	2	2	2	1	NA	NA	NA	4	2	2
9	10001	203936	2	2	0	2	d	4	2	0	0.05	0.1	NA	NA	NA	NA	NA	NA	NA	NA	NA	NA	NA	NA	NA	2	0	2	2	0	1	NA	NA	NA	2	0	2
9	203937	9287727	2	2	0	2	d	4	2.29	0	0.0618455382949	0.106211484308	NA	NA	NA	2	0	1	NA	NA	NA	NA	NA	NA	NA	2	0	2	2	0	1	NA	NA	NA	2	0	2
9	9287728	9410216	2	2	0	2	d	3	2	0	0.0527173181949	0.08865775043	NA	NA	NA	1	0	0.242237905244554	2	0	0.757762094755446	0.0809408585079126	0.077431016495463	0.142953241200284	0.444188850961521	2	0	2	1	0	1	NA	NA	NA	2	0	2
9	9410217	21451538	2	2	0	2	d	4	2.29	0	0.0636097205028	0.110898811197	NA	NA	NA	2	0	1	NA	NA	NA	NA	NA	NA	NA	2	0	2	2	0	1	NA	NA	NA	2	0	2
9	21451539	22162373	0	0	0	3	b	5	0	0	0.0698946101231	0.0574559316499	NA	NA	NA	0	0	1	NA	NA	NA	NA	NA	NA	NA	0	0	0	0	0	1	NA	NA	NA	0	0	0
9	22162374	44297002	2	2	0	3	b	5	2	0	0.0633939802789	0.117537592272	NA	NA	NA	2	0	1	NA	NA	NA	NA	NA	NA	NA	2	0	2	2	0	1	NA	NA	NA	2	0	2
9	44297003	47299999	2	2	0	2	d	3	2	0	0.05	0.408955883482	NA	NA	NA	3	0	1	NA	NA	NA	NA	NA	NA	NA	1	0	1	2	0	1	NA	NA	NA	2	0	2
9	47300000	50699999	2	2	0	2	d	3	2	0	0.05	0.1	NA	NA	NA	NA	NA	NA	NA	NA	NA	NA	NA	NA	NA	1	0	1	2	0	1	NA	NA	NA	2	0	2
9	50700000	65603996	2	2	0	2	d	3	2	0	0.05	0.1	NA	NA	NA	NA	NA	NA	NA	NA	NA	NA	NA	NA	NA	NA	NA	NA	2	0	1	NA	NA	NA	2	0	2
9	65603997	120894463	2	2	0	3	b	5	2	0	0.0634180915151	0.0996722274181	NA	NA	NA	2	0	1	NA	NA	NA	NA	NA	NA	NA	2	0	2	2	0	1	NA	NA	NA	2	0	2
9	120894464	120930437	3	3	0	2	e	0	0	0	0.05	0.1	NA	NA	NA	1	0	0.765233678846871	1	1	0.234766321153129	0.248454550118316	0.353609547539345	-0.54556780982032	0.823123197180357	1	0	1	2	0	1	NA	NA	NA	1	0	1
9	120930438	140273200	2	2	0	3	b	5	2	0	0.0640990654869	0.0992353197577	NA	NA	NA	2	0	1	NA	NA	NA	NA	NA	NA	NA	2	0	2	2	0	1	NA	NA	NA	2	0	2
9	140273201	141019790	2	2	0	2	d	4	NA	NA	NA	NA	NA	NA	NA	2	0	1	NA	NA	NA	NA	NA	NA	NA	2	0	2	2	0	1	NA	NA	NA	2	0	2
10	94426	971905	4	2	2	2	d	3	2.22	2.22	0.0273498289201	0.158441131088	NA	NA	NA	2	2	0.850157773308783	3	2	0.149842226691217	0.0533653285727061	0.0523496538794619	0.77132383463143	0.974670955851764	4	2	2	2	2	1	NA	NA	NA	4	2	2
10	971906	34492672	2	2	0	2	d	4	2.29	0	0.0624114189637	0.114029527889	NA	NA	NA	2	0	1	NA	NA	NA	NA	NA	NA	NA	2	0	2	2	0	1	NA	NA	NA	2	0	2
10	34492673	36432556	4	2	2	2	d	4	2.17	2.17	0.0358511070067	0.153521460902	NA	NA	NA	2	2	1	NA	NA	NA	NA	NA	NA	NA	4	2	2	2	2	1	NA	NA	NA	4	2	2
10	36432557	36680054	2	2	0	2	d	4	2.29	0	0.0607587108125	0.102989496783	NA	NA	NA	2	0	1	NA	NA	NA	NA	NA	NA	NA	2	0	2	2	0	1	NA	NA	NA	2	0	2
10	36680055	37999999	4	2	2	2	d	4	2.17	2.17	0.039041236622	0.168974800207	NA	NA	NA	2	2	1	NA	NA	NA	NA	NA	NA	NA	4	2	2	2	2	1	NA	NA	NA	4	2	2
10	38000000	42355001	NA	NA	NA	NA	NA	NA	2.17	2.17	0.039163616868	0.233353563918	NA	NA	NA	2	2	0.816890958691454	3	2	0.183109041308546	0.026925235885617	0.0257165144137831	0.757256324507439	0.859170111872972	4	2	2	NA	NA	NA	NA	NA	NA	3	1	2
10	42355002	42526834	1	1	0	3	b	5	1	0	0.05	0.292281278331	NA	NA	NA	1	0	1	NA	NA	NA	NA	NA	NA	NA	1	0	1	1	0	1	NA	NA	NA	1	0	1
10	42526835	69821417	3	2	1	3	b	5	2	1	0.0635736578074	0.126457665535	NA	NA	NA	2	1	1	NA	NA	NA	NA	NA	NA	NA	3	1	2	2	1	1	NA	NA	NA	3	1	2
10	69821418	69944493	2	2	0	3	b	5	2	0	0.05	0.0865040269107	NA	NA	NA	2	0	1	NA	NA	NA	NA	NA	NA	NA	2	0	2	2	0	1	NA	NA	NA	2	0	2
10	69944494	70379261	3	2	1	3	b	5	2	1	0.0706317809336	0.124073881887	NA	NA	NA	2	1	1	NA	NA	NA	NA	NA	NA	NA	3	1	2	2	1	1	NA	NA	NA	3	1	2
10	70379262	71005187	1	1	0	3	b	5	1	0	0.0954301747082	0.0635388454004	NA	NA	NA	1	0	1	NA	NA	NA	NA	NA	NA	NA	1	0	1	1	0	1	NA	NA	NA	1	0	1
10	71005188	71078854	3	2	1	3	b	5	2	1	0.05	0.1	NA	NA	NA	2	1	1	NA	NA	NA	NA	NA	NA	NA	3	1	2	2	1	1	NA	NA	NA	3	1	2
10	71078855	71079972	3	2	1	2	d	4	2	1	0.05	0.1	NA	NA	NA	2	1	1	NA	NA	NA	NA	NA	NA	NA	NA	NA	NA	2	1	1	NA	NA	NA	3	1	2
10	71079973	84025121	3	2	1	3	b	5	2	1	0.0636520691493	0.123184475291	NA	NA	NA	2	1	1	NA	NA	NA	NA	NA	NA	NA	3	1	2	2	1	1	NA	NA	NA	3	1	2
10	84025122	93786232	1	1	0	3	b	5	1	0	0.0872238073369	0.0735273113817	NA	NA	NA	1	0	1	NA	NA	NA	NA	NA	NA	NA	1	0	1	1	0	1	NA	NA	NA	1	0	1
10	93786233	93808341	3	2	1	2	d	4	2	2	0.05	0.1	NA	NA	NA	2	1	1	NA	NA	NA	NA	NA	NA	NA	3	1	2	2	1	1	NA	NA	NA	3	1	2
10	93808342	102131152	1	1	0	3	b	5	1	0	0.0816888483128	0.0798276507046	NA	NA	NA	1	0	1	NA	NA	NA	NA	NA	NA	NA	1	0	1	1	0	1	NA	NA	NA	1	0	1
10	102131153	117107206	3	2	1	3	b	5	2	1	0.0639617662112	0.118988250594	NA	NA	NA	2	1	1	NA	NA	NA	NA	NA	NA	NA	3	1	2	2	1	1	NA	NA	NA	3	1	2
10	117107207	117735658	2	2	0	3	b	5	2	0	0.0590128996858	0.0934403503295	NA	NA	NA	2	0	1	NA	NA	NA	NA	NA	NA	NA	2	0	2	2	0	1	NA	NA	NA	2	0	2
10	117735659	135389924	3	2	1	3	b	5	2	1	0.0634573783786	0.125005176598	NA	NA	NA	2	1	1	NA	NA	NA	NA	NA	NA	NA	3	1	2	2	1	1	NA	NA	NA	3	1	2
11	196944	3962111	4	2	2	2	d	4	2	2	0.0446967119055	0.171888325506	NA	NA	NA	2	2	1	NA	NA	NA	NA	NA	NA	NA	4	2	2	2	2	1	NA	NA	NA	5	2	3
11	3962112	4791484	3	2	1	3	b	5	2	1	0.0739341712097	0.211402173678	NA	NA	NA	2	1	1	NA	NA	NA	NA	NA	NA	NA	3	1	2	2	1	1	NA	NA	NA	3	1	2
11	4791485	4791576	4	2	2	1	g	NA	NA	NA	NA	NA	NA	NA	NA	NA	NA	NA	NA	NA	NA	NA	NA	NA	NA	NA	NA	NA	2	1	1	NA	NA	NA	4	2	2
11	4791577	8837861	4	2	2	3	b	5	2	2	0.0409849261608	0.140240813549	NA	NA	NA	2	2	1	NA	NA	NA	NA	NA	NA	NA	4	2	2	2	2	1	NA	NA	NA	4	2	2
11	8837862	11013279	3	2	1	3	b	5	2	1	0.0619591551276	0.110857677895	NA	NA	NA	2	1	1	NA	NA	NA	NA	NA	NA	NA	3	1	2	2	1	1	NA	NA	NA	3	1	2
11	11013280	51599999	4	2	2	3	b	5	2	2	0.0387976739717	0.14737744666	NA	NA	NA	2	2	1	NA	NA	NA	NA	NA	NA	NA	4	2	2	2	2	1	NA	NA	NA	4	2	2
11	51600000	55699999	4	2	2	3	b	5	2	2	0.0409426621701	0.221987861167	NA	NA	NA	2	2	1	NA	NA	NA	NA	NA	NA	NA	4	2	2	2	2	1	NA	NA	NA	4	2	2
11	55700000	116692672	4	2	2	3	b	5	2	2	0.0384939571614	0.141751815474	NA	NA	NA	2	2	1	NA	NA	NA	NA	NA	NA	NA	4	2	2	2	2	1	NA	NA	NA	4	2	2
11	116692673	116777813	3	2	1	3	b	5	2	1	0.05	0.142061203882	NA	NA	NA	2	1	1	NA	NA	NA	NA	NA	NA	NA	3	1	2	2	1	1	NA	NA	NA	3	1	2
11	116777814	132488341	4	2	2	2	d	4	1.89	1.89	0.0395437202203	0.133613958743	NA	NA	NA	2	2	1	NA	NA	NA	NA	NA	NA	NA	4	2	2	2	2	1	NA	NA	NA	4	2	2
11	132488342	134493997	3	2	1	2	d	4	1.83	1	0.0636394016129	0.105487558349	NA	NA	NA	2	1	1	NA	NA	NA	NA	NA	NA	NA	3	1	2	2	1	1	NA	NA	NA	3	1	2
11	134493998	134524857	4	2	2	2	d	3	NA	NA	NA	NA	NA	NA	NA	2	2	1	NA	NA	NA	NA	NA	NA	NA	4	2	2	2	1	0.511407	1	1	0.488593	4	2	2
11	134524858	134545406	3	2	1	2	d	2	NA	NA	NA	NA	NA	NA	NA	2	1	1	NA	NA	NA	NA	NA	NA	NA	3	1	2	2	1	0.511407	1	1	0.488593	0	0	0
12	110107	222098	4	2	2	2	d	3	1.89	1.89	0.05	0.338001883772	NA	NA	NA	2	2	1	NA	NA	NA	NA	NA	NA	NA	NA	NA	NA	2	2	1	NA	NA	NA	4	2	2
12	222099	15554179	4	2	2	2	d	4	1.89	1.89	0.0404620962671	0.142390545376	NA	NA	NA	2	2	1	NA	NA	NA	NA	NA	NA	NA	4	2	2	2	2	1	NA	NA	NA	4	2	2
12	15554180	17098105	2	2	0	2	d	4	1.89	0	0.0620020156294	0.0902528775943	NA	NA	NA	2	0	1	NA	NA	NA	NA	NA	NA	NA	2	0	2	2	0	1	NA	NA	NA	2	0	2
12	17098106	33299999	4	2	2	2	d	4	1.89	1.89	0.0397143819357	0.133531002338	NA	NA	NA	2	2	1	NA	NA	NA	NA	NA	NA	NA	4	2	2	2	2	1	NA	NA	NA	4	2	2
12	33300000	38199999	4	2	2	2	d	3	1.89	1.89	0.0349817079485	0.19992120512	NA	NA	NA	NA	NA	NA	NA	NA	NA	NA	NA	NA	NA	4	2	2	2	2	1	NA	NA	NA	4	2	2
12	38200000	47421146	4	2	2	2	d	4	1.89	1.89	0.0373549272618	0.13461656048	NA	NA	NA	2	2	1	NA	NA	NA	NA	NA	NA	NA	4	2	2	2	2	1	NA	NA	NA	4	2	2
12	47421147	47428309	4	2	2	2	d	2	1.89	1.89	0.05	0.1	NA	NA	NA	2	2	0.725607371059845	3	2	0.274392628940155	0.210120718034419	0.221915169558614	0.0218267044522941	0.892193179104821	5	2	3	2	2	1	NA	NA	NA	4	2	2
12	47428310	53379468	4	2	2	2	d	4	1.89	1.89	0.0396843216568	0.16525081015	NA	NA	NA	2	2	1	NA	NA	NA	NA	NA	NA	NA	4	2	2	2	2	1	NA	NA	NA	4	2	2
12	53379469	54815318	5	3	2	2	d	2	1.89	1.89	0.0431209551298	0.154775574038	NA	NA	NA	2	2	0.586987384604069	3	2	0.413012615395931	0.0431709087532077	0.0434476128587036	0.519174438932357	0.687489575106427	5	2	3	3	2	0.0304463	2	2	0.969554	5	2	3
12	54815319	54818190	4	2	2	2	f	2	1.89	1.89	0.05	0.1	NA	NA	NA	NA	NA	NA	NA	NA	NA	NA	NA	NA	NA	NA	NA	NA	2	2	1	NA	NA	NA	5	2	3
12	54818191	54821290	4	2	2	2	f	2	1.89	1.89	0.05	0.1	NA	NA	NA	NA	NA	NA	NA	NA	NA	NA	NA	NA	NA	NA	NA	NA	2	2	1	NA	NA	NA	5	2	3
12	54821291	56415474	4	2	2	2	d	4	1.89	1.89	0.0532675432449	0.144946979166	NA	NA	NA	2	2	1	NA	NA	NA	NA	NA	NA	NA	4	2	2	2	2	1	NA	NA	NA	4	2	2
12	56415475	58684095	5	3	2	2	d	2	1.89	1.89	0.0427180996577	0.146926243595	NA	NA	NA	2	2	0.696562160117275	3	2	0.303437839882725	0.0326682640799738	0.0330369679320058	0.615641997553395	0.743824808310064	5	2	3	3	2	0.159239	2	2	0.840761	5	2	3
12	58684096	58684543	4	2	2	2	f	2	1.89	1.89	0.05	0.1	NA	NA	NA	NA	NA	NA	NA	NA	NA	NA	NA	NA	NA	NA	NA	NA	3	2	0.159239	2	2	0.840761	5	2	3
12	58684544	58703127	4	2	2	2	f	2	1.89	1.89	0.05	0.1	NA	NA	NA	NA	NA	NA	NA	NA	NA	NA	NA	NA	NA	NA	NA	NA	2	2	1	NA	NA	NA	5	2	3
12	58703128	59328829	4	2	2	2	d	3	1.89	1.89	0.0431952783374	0.119170510825	NA	NA	NA	2	1	0.160914005998414	2	2	0.839085994001586	0.0330445149966302	0.0326240519318867	0.0612261241245522	0.18828356050261	4	2	2	2	2	1	NA	NA	NA	4	2	2
12	59328830	59427390	4	2	2	2	d	4	1.89	1.89	0.05	0.132754912418	NA	NA	NA	2	2	1	NA	NA	NA	NA	NA	NA	NA	4	2	2	2	2	1	NA	NA	NA	4	2	2
12	59427391	59431247	4	2	2	2	d	3	1.89	1.89	0.05	0.1	NA	NA	NA	2	2	1	NA	NA	NA	NA	NA	NA	NA	NA	NA	NA	2	2	1	NA	NA	NA	4	2	2
12	59431248	59433457	4	2	2	2	d	3	1.89	1.89	0.05	0.1	NA	NA	NA	2	2	1	NA	NA	NA	NA	NA	NA	NA	NA	NA	NA	2	2	1	NA	NA	NA	4	2	2
12	59433458	61302618	4	2	2	2	d	4	1.89	1.89	0.0363065614154	0.133834853414	NA	NA	NA	2	2	1	NA	NA	NA	NA	NA	NA	NA	4	2	2	2	2	1	NA	NA	NA	4	2	2
12	61302619	61641035	5	3	2	3	b	5	3	2	0.0405772934611	0.167281741773	NA	NA	NA	3	2	1	NA	NA	NA	NA	NA	NA	NA	5	2	3	3	2	1	NA	NA	NA	5	2	3
12	61641036	61641180	5	3	2	2	d	3	3	2	0.05	0.1	NA	NA	NA	NA	NA	NA	NA	NA	NA	NA	NA	NA	NA	1	0	1	3	2	1	NA	NA	NA	5	2	3
12	61641181	61641244	5	3	2	2	d	2	3	2	0.05	0.1	NA	NA	NA	NA	NA	NA	NA	NA	NA	NA	NA	NA	NA	1	0	1	3	2	1	NA	NA	NA	NA	NA	NA
12	61641245	61641525	5	3	2	2	d	2	3	2	0.05	0.1	NA	NA	NA	NA	NA	NA	NA	NA	NA	NA	NA	NA	NA	NA	NA	NA	3	2	1	NA	NA	NA	4	2	2
12	61641526	61649056	4	2	2	2	d	3	3	2	0.05	0.1	NA	NA	NA	2	2	1	NA	NA	NA	NA	NA	NA	NA	NA	NA	NA	2	2	1	NA	NA	NA	4	2	2
12	61649057	61649284	4	2	2	2	d	2	NA	NA	NA	NA	NA	NA	NA	NA	NA	NA	NA	NA	NA	NA	NA	NA	NA	1	0	1	2	2	1	NA	NA	NA	4	2	2
12	61649285	61649300	4	2	2	2	d	2	NA	NA	NA	NA	NA	NA	NA	NA	NA	NA	NA	NA	NA	NA	NA	NA	NA	1	0	1	2	2	1	NA	NA	NA	4	2	2
12	61649301	61649899	4	2	2	2	d	2	NA	NA	NA	NA	NA	NA	NA	5	2	0.550330691694096	5	3	0.449669308305904	NA	0	0.550330691694096	0.550330691694096	1	0	1	2	2	1	NA	NA	NA	4	2	2
12	61649900	61650189	4	2	2	2	d	2	NA	NA	NA	NA	NA	NA	NA	NA	NA	NA	NA	NA	NA	NA	NA	NA	NA	NA	NA	NA	2	2	1	NA	NA	NA	4	2	2
12	61650190	62441511	4	2	2	3	b	5	2	2	0.0357002628687	0.143363130514	NA	NA	NA	2	2	1	NA	NA	NA	NA	NA	NA	NA	4	2	2	2	2	1	NA	NA	NA	4	2	2
12	62441512	62441571	4	2	2	2	d	4	2	2	0.05	0.1	NA	NA	NA	2	2	1	NA	NA	NA	NA	NA	NA	NA	NA	NA	NA	2	2	1	NA	NA	NA	4	2	2
12	62441572	62446168	3	2	1	2	d	3	2	2	0.05	0.1	NA	NA	NA	2	2	1	NA	NA	NA	NA	NA	NA	NA	3	1	2	2	1	1	NA	NA	NA	3	1	2
12	62446169	62446398	2	1	1	1	g	NA	NA	NA	NA	NA	NA	NA	NA	1	0	0.206885137371729	1	1	0.793114862628271	NA	0	0.206885137371729	0.206885137371729	1	0	1	2	1	1	NA	NA	NA	2	1	1
12	62446399	62446667	2	1	1	1	g	NA	NA	NA	NA	NA	NA	NA	NA	2	1	1	NA	NA	NA	NA	NA	NA	NA	1	0	1	2	1	1	NA	NA	NA	2	1	1
12	62446668	62446854	3	2	1	2	d	2	NA	NA	NA	NA	NA	NA	NA	NA	NA	NA	NA	NA	NA	NA	NA	NA	NA	1	0	1	2	1	1	NA	NA	NA	3	1	2
12	62446855	62446976	3	2	1	2	d	2	NA	NA	NA	NA	NA	NA	NA	NA	NA	NA	NA	NA	NA	NA	NA	NA	NA	1	0	1	2	1	1	NA	NA	NA	3	1	2
12	62446977	62447297	3	2	1	2	d	2	NA	NA	NA	NA	NA	NA	NA	1	1	0.825780936950121	2	1	0.174219063049879	NA	0	0.825780936950121	0.825780936950121	NA	NA	NA	2	1	1	NA	NA	NA	3	1	2
12	62447298	62721399	3	2	1	2	d	3	1.78	1	0.0542072295493	0.0774673020856	NA	NA	NA	1	1	0.128904684750602	2	1	0.871095315249398	0.0698697388996908	0.0686903904372602	0.0297655289998977	0.30869823581409	3	1	2	2	1	1	NA	NA	NA	3	1	2
12	62721400	63823528	3	2	1	2	d	2	2.22	1	0.0644720904626	0.122685501094	NA	NA	NA	2	1	0.620765750855121	3	1	0.379234249144879	0.0377275989882262	0.0361279155377197	0.633961256665179	0.779737361577363	3	1	2	3	1	0.398346	2	1	0.601654	3	1	2
12	63823529	63828082	3	2	1	2	d	3	1.78	1	0.05	0.1	NA	NA	NA	1	0	0.827540549486926	1	1	0.172459450513074	NA	0	0.827540549486926	0.827540549486926	3	1	2	2	1	1	NA	NA	NA	3	1	2
12	63828083	65198240	3	2	1	2	d	3	1.78	1	0.071142113595	0.120601431979	NA	NA	NA	1	1	0.117290080547279	2	1	0.882709919452721	0.0394599444776312	0.0385656147675204	0.100541648881944	0.251522445327927	3	1	2	2	1	1	NA	NA	NA	3	1	2
12	65198241	76546977	3	2	1	2	d	2	2.22	1	0.0590031482161	0.121445987989	NA	NA	NA	2	1	0.675935120820918	3	1	0.324064879179082	0.0126234993333175	0.012516002173713	0.68469786424955	0.736597094872924	3	1	2	3	1	0.343079	2	1	0.656921	3	1	2
12	76546978	76942992	3	2	1	3	b	5	2	1	0.0571069195483	0.100824301725	NA	NA	NA	2	1	1	NA	NA	NA	NA	NA	NA	NA	3	1	2	2	1	1	NA	NA	NA	3	1	2
12	76942993	79733099	3	2	1	2	d	3	2.22	1	0.0569376718249	0.11620127702	NA	NA	NA	2	1	0.712714700798116	3	1	0.287285299201884	0.0210565808850848	0.0210697330068732	0.668510922186913	0.74908112114943	3	1	2	2	1	1	NA	NA	NA	3	1	2
12	79733100	79744376	3	2	1	2	f	2	2.22	1	0.05	0.1	NA	NA	NA	NA	NA	NA	NA	NA	NA	NA	NA	NA	NA	NA	NA	NA	1	0	1	NA	NA	NA	3	1	2
12	79744377	79756745	3	2	1	2	f	2	2.22	1	0.05	0.1	NA	NA	NA	3	1	1	NA	NA	NA	NA	NA	NA	NA	NA	NA	NA	1	0	1	NA	NA	NA	3	1	2
12	79756746	80497939	1	1	0	3	b	5	1	0	0.05	0.0785724442991	NA	NA	NA	1	0	1	NA	NA	NA	NA	NA	NA	NA	1	0	1	1	0	1	NA	NA	NA	1	0	1
12	80497940	80593081	3	2	1	2	d	4	2.22	1	0.05	0.117161091177	NA	NA	NA	2	1	1	NA	NA	NA	NA	NA	NA	NA	3	1	2	2	1	1	NA	NA	NA	3	1	2
12	80593082	80593599	1	1	0	2	d	2	2.22	1	0.05	0.1	NA	NA	NA	2	0	0.380642171466404	2	1	0.619357828533596	NA	0	0.380642171466404	0.380642171466404	1	0	1	2	1	1	NA	NA	NA	1	0	1
12	80593600	80594609	1	1	0	2	d	2	2.22	1	0.05	0.1	NA	NA	NA	NA	NA	NA	NA	NA	NA	NA	NA	NA	NA	1	0	1	2	1	1	NA	NA	NA	1	0	1
12	80594610	80600721	1	1	0	2	d	2	2.22	1	0.05	0.1	NA	NA	NA	1	0	1	NA	NA	NA	NA	NA	NA	NA	NA	NA	NA	2	1	1	NA	NA	NA	1	0	1
12	80600722	82187997	3	2	1	2	d	3	2.22	1	0.0645363256933	0.150046691064	NA	NA	NA	2	1	0.704719139933508	3	1	0.295280860066492	0.0417245380816596	0.0405485502975419	0.669037477669528	0.828462170926789	3	1	2	2	1	1	NA	NA	NA	3	1	2
12	82187998	82565966	1	1	0	3	b	5	1	0	0.0675214023073	0.0647863560999	NA	NA	NA	1	0	1	NA	NA	NA	NA	NA	NA	NA	1	0	1	1	0	1	NA	NA	NA	1	0	1
12	82565967	113885507	3	2	1	2	d	2	2.22	1	0.0625186280672	0.12156162375	NA	NA	NA	2	1	0.655246607083751	3	1	0.344753392916249	0.00793818670965662	0.00796327450049663	0.673257205148281	0.705449455557396	3	1	2	3	1	0.357778	2	1	0.642222	3	1	2
12	113885508	120907265	3	2	1	2	d	4	1.78	1	0.0658969491607	0.107086669567	NA	NA	NA	2	1	1	NA	NA	NA	NA	NA	NA	NA	3	1	2	2	1	1	NA	NA	NA	3	1	2
12	120907266	120997143	2	2	0	2	d	3	1.78	0	0.05	0.1	NA	NA	NA	2	0	1	NA	NA	NA	NA	NA	NA	NA	NA	NA	NA	2	0	1	NA	NA	NA	2	0	2
12	120997144	132349400	3	2	1	2	d	4	1.83	1	0.0655619988488	0.118523831265	NA	NA	NA	2	1	1	NA	NA	NA	NA	NA	NA	NA	3	1	2	2	1	1	NA	NA	NA	3	1	2
12	132349401	133851894	3	2	1	2	d	4	NA	NA	NA	NA	NA	NA	NA	2	1	1	NA	NA	NA	NA	NA	NA	NA	3	1	2	2	1	1	NA	NA	NA	3	1	2
13	1	16299999	4	2	2	1	g	NA	NA	NA	NA	NA	NA	NA	NA	NA	NA	NA	NA	NA	NA	NA	NA	NA	NA	NA	NA	NA	NA	NA	NA	NA	NA	NA	4	2	2
13	16300000	19499999	4	2	2	2	d	3	1.71	1.78	0.0406481044175	0.192598207799	NA	NA	NA	2	2	1	NA	NA	NA	NA	NA	NA	NA	NA	NA	NA	2	2	1	NA	NA	NA	4	2	2
13	19500000	104383096	4	2	2	2	d	4	1.78	1.78	0.0393097772992	0.129824093751	NA	NA	NA	2	2	1	NA	NA	NA	NA	NA	NA	NA	4	2	2	2	2	1	NA	NA	NA	4	2	2
13	104383097	108046602	2	2	0	2	d	4	1.83	0	0.0620563579159	0.0834339510576	NA	NA	NA	2	0	1	NA	NA	NA	NA	NA	NA	NA	2	0	2	2	0	1	NA	NA	NA	2	0	2
13	108046603	108095975	4	2	2	2	d	4	1.78	1.78	0.0224774788927	0.108003503587	NA	NA	NA	2	2	1	NA	NA	NA	NA	NA	NA	NA	4	2	2	2	2	1	NA	NA	NA	4	2	2
13	108095976	108098942	2	2	0	2	d	2	1.78	1.78	0.05	0.1	NA	NA	NA	2	0	0.598035970429214	3	0	0.401964029570786	NA	0	0.598035970429214	0.598035970429214	2	0	2	2	2	1	NA	NA	NA	2	0	2
13	108098943	108100481	4	2	2	2	f	2	1.78	1.78	0.05	0.1	NA	NA	NA	NA	NA	NA	NA	NA	NA	NA	NA	NA	NA	NA	NA	NA	2	2	1	NA	NA	NA	2	0	2
13	108100482	108100702	4	2	2	2	f	2	1.78	1.78	0.05	0.1	NA	NA	NA	3	0	0.615414321968436	4	0	0.384585678031564	NA	0	0.615414321968436	0.615414321968436	NA	NA	NA	2	2	1	NA	NA	NA	2	0	2
13	108100703	114142800	4	2	2	2	d	4	1.78	1.78	0.0409350997578	0.133986913693	NA	NA	NA	2	2	1	NA	NA	NA	NA	NA	NA	NA	4	2	2	2	2	1	NA	NA	NA	4	2	2
13	114142801	115169877	4	2	2	2	d	4	NA	NA	NA	NA	NA	NA	NA	2	2	1	NA	NA	NA	NA	NA	NA	NA	4	2	2	2	2	1	NA	NA	NA	4	2	2
14	1	16099999	4	2	2	1	g	NA	NA	NA	NA	NA	NA	NA	NA	NA	NA	NA	NA	NA	NA	NA	NA	NA	NA	NA	NA	NA	NA	NA	NA	NA	NA	NA	4	2	2
14	16100000	19123801	4	2	2	1	g	NA	2	1	0.05	0.171139745474	NA	NA	NA	NA	NA	NA	NA	NA	NA	NA	NA	NA	NA	NA	NA	NA	NA	NA	NA	NA	NA	NA	4	2	2
14	19123802	20444392	4	2	2	1	g	NA	2	1	0.05	0.326559757325	NA	NA	NA	NA	NA	NA	NA	NA	NA	NA	NA	NA	NA	NA	NA	NA	3	1	1	NA	NA	NA	4	2	2
14	20444393	36152643	4	2	2	3	b	5	2	2	0.040210104838	0.143967482143	NA	NA	NA	2	2	1	NA	NA	NA	NA	NA	NA	NA	4	2	2	2	2	1	NA	NA	NA	4	2	2
14	36152644	49312878	3	2	1	3	b	5	2	1	0.0649802335391	0.119206237493	NA	NA	NA	2	1	1	NA	NA	NA	NA	NA	NA	NA	3	1	2	2	1	1	NA	NA	NA	3	1	2
14	49312879	50024972	4	2	2	3	b	5	2	2	0.0379224406638	0.12454981074	NA	NA	NA	2	2	1	NA	NA	NA	NA	NA	NA	NA	4	2	2	2	2	1	NA	NA	NA	4	2	2
14	50024973	50501962	6	4	2	2	d	4	4	2	0.0546119212298	0.175045478244	NA	NA	NA	4	2	1	NA	NA	NA	NA	NA	NA	NA	6	2	4	5	2	0.278095	4	2	0.721905	6	2	4
14	50501963	50509429	5	5	0	1	g	NA	4	2	0.05	0.1	NA	NA	NA	5	0	0.496811476292459	5	1	0.503188523707541	0.0692045569004618	0.0573273941180251	0.308633218265793	0.538946671544799	6	1	5	4	4	1	NA	NA	NA	5	0	5
14	50509430	51709055	7	4	3	2	d	4	4	3	0.0427142271636	0.18454056113	NA	NA	NA	4	3	1	NA	NA	NA	NA	NA	NA	NA	7	3	4	4	4	1	NA	NA	NA	7	3	4
14	51709056	54324052	6	3	3	2	d	4	3	3	0.0352059335928	0.179289602438	NA	NA	NA	3	3	1	NA	NA	NA	NA	NA	NA	NA	6	3	3	4	4	1	NA	NA	NA	6	3	3
14	54324053	54325404	6	3	3	1	g	NA	NA	NA	NA	NA	NA	NA	NA	NA	NA	NA	NA	NA	NA	NA	NA	NA	NA	NA	NA	NA	3	1	1	NA	NA	NA	6	3	3
14	54325405	54692499	4	3	1	3	b	5	3	1	0.05	0.152411649388	NA	NA	NA	3	1	1	NA	NA	NA	NA	NA	NA	NA	4	1	3	3	1	1	NA	NA	NA	4	1	3
14	54692500	55328816	5	4	1	3	b	5	4	1	0.0509647092185	0.168364743695	NA	NA	NA	4	1	1	NA	NA	NA	NA	NA	NA	NA	5	1	4	4	1	1	NA	NA	NA	5	1	4
14	55328817	55330942	4	3	1	1	g	NA	NA	NA	NA	NA	NA	NA	NA	2	1	1	NA	NA	NA	NA	NA	NA	NA	3	1	2	4	1	1	NA	NA	NA	4	1	3
14	55330943	66671463	3	2	1	3	b	5	2	1	0.0626085006661	0.112829378842	NA	NA	NA	2	1	1	NA	NA	NA	NA	NA	NA	NA	3	1	2	2	1	1	NA	NA	NA	3	1	2
14	66671464	66885082	2	2	0	1	g	NA	NA	NA	NA	NA	NA	NA	NA	1	0	1	NA	NA	NA	NA	NA	NA	NA	2	1	1	1	1	1	NA	NA	NA	2	0	2
14	66885083	67117499	3	2	1	2	d	2	NA	NA	NA	NA	NA	NA	NA	1	0	0.827540549486926	1	1	0.172459450513074	NA	0	0.827540549486926	0.827540549486926	3	1	2	1	1	1	NA	NA	NA	3	1	2
14	67117500	68123282	2	1	1	3	b	5	1	1	0.0501612318676	0.084155213585	NA	NA	NA	1	1	1	NA	NA	NA	NA	NA	NA	NA	2	1	1	1	1	1	NA	NA	NA	2	1	1
14	68123283	68125411	3	2	1	1	g	NA	NA	NA	NA	NA	NA	NA	NA	1	1	0.470374048328371	2	1	0.529625951671629	NA	0	0.470374048328371	0.470374048328371	NA	NA	NA	1	1	1	NA	NA	NA	3	1	2
14	68125412	69049183	4	3	1	3	b	5	3	1	0.0659978957917	0.127124664337	NA	NA	NA	3	1	1	NA	NA	NA	NA	NA	NA	NA	4	1	3	3	1	1	NA	NA	NA	4	1	3
14	69049184	71135308	2	1	1	3	b	5	1	1	0.0501198313987	0.0925816698332	NA	NA	NA	1	1	1	NA	NA	NA	NA	NA	NA	NA	2	1	1	1	1	1	NA	NA	NA	2	1	1
14	71135309	83664633	4	3	1	3	b	5	3	1	0.059036493687	0.141103390274	NA	NA	NA	3	1	1	NA	NA	NA	NA	NA	NA	NA	4	1	3	3	1	1	NA	NA	NA	4	1	3
14	83664634	83664674	4	3	1	2	d	2	NA	NA	NA	NA	NA	NA	NA	NA	NA	NA	NA	NA	NA	NA	NA	NA	NA	NA	NA	NA	3	1	1	NA	NA	NA	4	1	3
14	83664675	83665145	4	3	1	1	h	1	NA	NA	NA	NA	NA	NA	NA	NA	NA	NA	NA	NA	NA	NA	NA	NA	NA	NA	NA	NA	3	1	1	NA	NA	NA	NA	NA	NA
14	83665146	86955183	2	1	1	3	b	5	1	1	0.0496264977557	0.0877559455669	NA	NA	NA	1	1	1	NA	NA	NA	NA	NA	NA	NA	2	1	1	1	1	1	NA	NA	NA	2	1	1
14	86955184	86955810	2	1	1	1	g	NA	1	1	0.05	0.1	NA	NA	NA	NA	NA	NA	NA	NA	NA	NA	NA	NA	NA	1	0	1	3	1	1	NA	NA	NA	2	1	1
14	86955811	86955825	2	1	1	1	g	NA	1	1	0.05	0.1	NA	NA	NA	NA	NA	NA	NA	NA	NA	NA	NA	NA	NA	1	0	1	3	1	1	NA	NA	NA	2	1	1
14	86955826	86956079	3	2	1	1	g	NA	1	1	0.05	0.1	NA	NA	NA	NA	NA	NA	NA	NA	NA	NA	NA	NA	NA	1	0	1	3	1	1	NA	NA	NA	3	1	2
14	86956080	86956141	3	2	1	1	g	NA	1	1	0.05	0.1	NA	NA	NA	NA	NA	NA	NA	NA	NA	NA	NA	NA	NA	NA	NA	NA	3	1	1	NA	NA	NA	3	1	2
14	86956142	86964457	3	2	1	2	d	3	1	1	0.05	0.1	NA	NA	NA	2	1	1	NA	NA	NA	NA	NA	NA	NA	3	1	2	3	1	1	NA	NA	NA	3	1	2
14	86964458	86965020	3	2	1	1	g	NA	NA	NA	NA	NA	NA	NA	NA	NA	NA	NA	NA	NA	NA	NA	NA	NA	NA	NA	NA	NA	3	1	1	NA	NA	NA	3	1	2
14	86965021	86965287	3	2	1	1	g	NA	NA	NA	NA	NA	NA	NA	NA	NA	NA	NA	NA	NA	NA	NA	NA	NA	NA	1	0	1	3	1	1	NA	NA	NA	3	1	2
14	86965288	86966119	3	2	1	1	g	NA	NA	NA	NA	NA	NA	NA	NA	4	1	1	NA	NA	NA	NA	NA	NA	NA	1	0	1	3	1	1	NA	NA	NA	3	1	2
14	86966120	86966570	3	2	1	1	g	NA	NA	NA	NA	NA	NA	NA	NA	2	1	0.432028432551083	3	1	0.567971567448917	NA	0	0.432028432551083	0.432028432551083	1	0	1	3	1	1	NA	NA	NA	3	1	2
14	86966571	86967326	4	3	1	2	d	2	NA	NA	NA	NA	NA	NA	NA	NA	NA	NA	NA	NA	NA	NA	NA	NA	NA	NA	NA	NA	3	1	1	NA	NA	NA	4	1	3
14	86967327	87193751	4	3	1	3	b	5	3	1	0.0761801523739	0.111047541911	NA	NA	NA	3	1	1	NA	NA	NA	NA	NA	NA	NA	4	1	3	3	1	1	NA	NA	NA	4	1	3
14	87193752	87193871	4	3	1	2	d	3	3	1	0.05	0.1	NA	NA	NA	NA	NA	NA	NA	NA	NA	NA	NA	NA	NA	NA	NA	NA	3	1	1	NA	NA	NA	4	1	3
14	87193872	87194634	4	3	1	2	d	2	3	1	0.05	0.1	NA	NA	NA	NA	NA	NA	NA	NA	NA	NA	NA	NA	NA	NA	NA	NA	3	1	1	NA	NA	NA	NA	NA	NA
14	87194635	87194764	4	3	1	2	d	2	3	1	0.05	0.1	NA	NA	NA	NA	NA	NA	NA	NA	NA	NA	NA	NA	NA	1	0	1	3	1	1	NA	NA	NA	NA	NA	NA
14	87194765	87194915	4	3	1	2	d	2	3	1	0.05	0.1	NA	NA	NA	NA	NA	NA	NA	NA	NA	NA	NA	NA	NA	1	0	1	3	1	1	NA	NA	NA	NA	NA	NA
14	87194916	87195375	4	3	1	2	d	2	3	1	0.05	0.1	NA	NA	NA	NA	NA	NA	NA	NA	NA	NA	NA	NA	NA	1	0	1	3	1	1	NA	NA	NA	NA	NA	NA
14	87195376	87195466	2	1	1	1	h	1	3	1	0.05	0.1	NA	NA	NA	NA	NA	NA	NA	NA	NA	NA	NA	NA	NA	1	0	1	1	1	1	NA	NA	NA	NA	NA	NA
14	87195467	87196146	2	1	1	1	h	1	3	1	0.05	0.1	NA	NA	NA	NA	NA	NA	NA	NA	NA	NA	NA	NA	NA	NA	NA	NA	1	1	1	NA	NA	NA	NA	NA	NA
14	87196147	87203751	2	1	1	1	h	1	3	1	0.05	0.1	NA	NA	NA	NA	NA	NA	NA	NA	NA	NA	NA	NA	NA	NA	NA	NA	1	1	1	NA	NA	NA	NA	NA	NA
14	87203752	87203790	2	1	1	2	d	3	1	1	0.05	0.1	NA	NA	NA	NA	NA	NA	NA	NA	NA	NA	NA	NA	NA	1	0	1	1	1	1	NA	NA	NA	2	1	1
14	87203791	87203962	2	1	1	2	d	3	1	1	0.05	0.1	NA	NA	NA	NA	NA	NA	NA	NA	NA	NA	NA	NA	NA	NA	NA	NA	1	1	1	NA	NA	NA	2	1	1
14	87203963	87546938	2	1	1	3	b	5	1	1	0.05	0.0793002800844	NA	NA	NA	1	1	1	NA	NA	NA	NA	NA	NA	NA	2	1	1	1	1	1	NA	NA	NA	2	1	1
14	87546939	87547283	2	1	1	2	d	3	1	1	0.05	0.1	NA	NA	NA	NA	NA	NA	NA	NA	NA	NA	NA	NA	NA	1	0	1	1	1	1	NA	NA	NA	2	1	1
14	87547284	87547370	2	1	1	2	d	2	1	1	0.05	0.1	NA	NA	NA	NA	NA	NA	NA	NA	NA	NA	NA	NA	NA	1	0	1	1	1	1	NA	NA	NA	NA	NA	NA
14	87547371	87547424	2	1	1	2	d	2	1	1	0.05	0.1	NA	NA	NA	NA	NA	NA	NA	NA	NA	NA	NA	NA	NA	NA	NA	NA	1	1	1	NA	NA	NA	NA	NA	NA
14	87547425	87557872	3	2	1	1	g	NA	1	1	0.05	0.1	NA	NA	NA	3	1	1	NA	NA	NA	NA	NA	NA	NA	3	1	2	7	1	1	NA	NA	NA	3	1	2
14	87557873	87558044	8	7	1	2	d	2	7	1	0.05	0.1	NA	NA	NA	NA	NA	NA	NA	NA	NA	NA	NA	NA	NA	NA	NA	NA	7	1	1	NA	NA	NA	3	1	2
14	87558045	88278921	8	7	1	3	b	5	7	1	0.0477032573439	0.423721910324	NA	NA	NA	7	1	1	NA	NA	NA	NA	NA	NA	NA	8	1	7	7	1	1	NA	NA	NA	8	1	7
14	88278922	89179926	6	5	1	3	b	5	5	1	0.0544380884338	0.183154320007	NA	NA	NA	5	1	1	NA	NA	NA	NA	NA	NA	NA	6	1	5	5	1	1	NA	NA	NA	6	1	5
14	89179927	106368400	2	1	1	3	b	5	1	1	0.0477569088007	0.120701119129	NA	NA	NA	1	1	1	NA	NA	NA	NA	NA	NA	NA	2	1	1	1	1	1	NA	NA	NA	2	1	1
15	1	15799999	1	1	0	1	g	NA	NA	NA	NA	NA	NA	NA	NA	NA	NA	NA	NA	NA	NA	NA	NA	NA	NA	NA	NA	NA	NA	NA	NA	NA	NA	NA	1	0	1
15	15800000	20699999	1	1	0	1	g	NA	3	0	0.05	0.324143553883	NA	NA	NA	2	0	1	NA	NA	NA	NA	NA	NA	NA	NA	NA	NA	1	0	1	NA	NA	NA	1	0	1
15	20700000	22335120	1	1	0	1	g	NA	3	0	0.05	0.284371054626	NA	NA	NA	2	0	1	NA	NA	NA	NA	NA	NA	NA	NA	NA	NA	2	0	0.333323	1	0	0.666677	1	0	1
15	22335121	22685801	1	1	0	1	g	NA	2	1	0.05	0.335064604268	NA	NA	NA	2	0	1	NA	NA	NA	NA	NA	NA	NA	NA	NA	NA	1	0	1	NA	NA	NA	1	0	1
15	22685802	88591616	2	2	0	3	b	5	2	0	0.0627147567145	0.115357647685	NA	NA	NA	2	0	1	NA	NA	NA	NA	NA	NA	NA	2	0	2	2	0	1	NA	NA	NA	2	0	2
15	88591617	88698326	3	2	1	3	b	5	2	1	0.0547542696494	0.0920598352877	NA	NA	NA	2	1	1	NA	NA	NA	NA	NA	NA	NA	3	1	2	2	1	1	NA	NA	NA	3	1	2
15	88698327	88699157	3	2	1	1	g	NA	2	2	0.05	0.1	NA	NA	NA	1	1	0.816102100114019	2	1	0.183897899885981	NA	0	0.816102100114019	0.816102100114019	3	1	2	2	2	1	NA	NA	NA	3	1	2
15	88699158	97335611	4	2	2	3	b	5	2	2	0.0394947880897	0.139383989152	NA	NA	NA	2	2	1	NA	NA	NA	NA	NA	NA	NA	4	2	2	2	2	1	NA	NA	NA	4	2	2
15	97335612	97371109	2	2	0	2	d	3	2	0	0.05	0.1	NA	NA	NA	1	0	1	NA	NA	NA	NA	NA	NA	NA	NA	NA	NA	2	0	1	NA	NA	NA	2	0	2
15	97371110	97371270	2	2	0	2	d	3	2	0	0.05	0.1	NA	NA	NA	NA	NA	NA	NA	NA	NA	NA	NA	NA	NA	1	0	1	2	0	1	NA	NA	NA	2	0	2
15	97371271	97372184	2	2	0	2	d	2	2	0	0.05	0.1	NA	NA	NA	NA	NA	NA	NA	NA	NA	NA	NA	NA	NA	1	0	1	2	0	1	NA	NA	NA	NA	NA	NA
15	97372185	97372368	2	2	0	2	d	2	2	0	0.05	0.1	NA	NA	NA	NA	NA	NA	NA	NA	NA	NA	NA	NA	NA	NA	NA	NA	2	0	1	NA	NA	NA	NA	NA	NA
15	97372369	99986475	2	2	0	3	b	5	2	0	0.0660485174965	0.140867922447	NA	NA	NA	2	0	1	NA	NA	NA	NA	NA	NA	NA	2	0	2	2	0	1	NA	NA	NA	2	0	2
15	99986476	100338800	4	2	2	3	b	5	2	2	0.0282860840472	0.170131676842	NA	NA	NA	2	2	1	NA	NA	NA	NA	NA	NA	NA	4	2	2	2	2	1	NA	NA	NA	4	2	2
15	100338801	102426739	4	2	2	2	d	4	NA	NA	NA	NA	NA	NA	NA	2	2	1	NA	NA	NA	NA	NA	NA	NA	4	2	2	2	2	1	NA	NA	NA	4	2	2
16	84170	2481572	3	2	1	2	d	4	2	1	0.0654102280447	0.162548485415	NA	NA	NA	2	1	1	NA	NA	NA	NA	NA	NA	NA	4	2	2	2	1	1	NA	NA	NA	3	1	2
16	2481573	3636097	2	1	1	2	d	4	1	1	0.0550884331216	0.101303206888	NA	NA	NA	1	0	0.0871095315249361	1	1	0.912890468475064	0.0225421392083768	0.0231622792683844	0.00332721506944556	0.0927060986427866	2	1	1	1	1	1	NA	NA	NA	2	1	1
16	3636098	34599999	3	2	1	3	b	5	2	1	0.0636096509732	0.149459611554	NA	NA	NA	2	1	1	NA	NA	NA	NA	NA	NA	NA	3	1	2	2	1	1	NA	NA	NA	3	1	2
16	34600000	38599999	3	2	1	3	b	5	2	1	0.05	0.193547988514	NA	NA	NA	2	1	1	NA	NA	NA	NA	NA	NA	NA	3	1	2	2	1	1	NA	NA	NA	3	1	2
16	38600000	46447499	3	2	1	2	d	3	NA	NA	NA	NA	NA	NA	NA	NA	NA	NA	NA	NA	NA	NA	NA	NA	NA	3	1	2	2	1	1	NA	NA	NA	3	1	2
16	46447500	48403966	3	2	1	3	b	5	2	1	0.0483850106648	0.111206571359	NA	NA	NA	2	1	1	NA	NA	NA	NA	NA	NA	NA	3	1	2	2	1	1	NA	NA	NA	3	1	2
16	48403967	53001533	4	2	2	3	b	5	2	2	0.0372173426698	0.136905537309	NA	NA	NA	2	2	1	NA	NA	NA	NA	NA	NA	NA	4	2	2	2	2	1	NA	NA	NA	4	2	2
16	53001534	53416053	3	2	1	3	b	5	2	1	0.0436437555604	0.132406978573	NA	NA	NA	2	1	1	NA	NA	NA	NA	NA	NA	NA	3	1	2	2	1	1	NA	NA	NA	3	1	2
16	53416054	55967778	5	3	2	3	b	5	3	2	0.05807150859	0.180364194655	NA	NA	NA	3	2	1	NA	NA	NA	NA	NA	NA	NA	5	2	3	3	2	1	NA	NA	NA	5	2	3
16	55967779	57706663	3	2	1	3	b	5	2	1	0.059658688289	0.117520278857	NA	NA	NA	2	1	1	NA	NA	NA	NA	NA	NA	NA	3	1	2	2	1	1	NA	NA	NA	3	1	2
16	57706664	59061493	5	3	2	3	b	5	3	2	0.0459137120463	0.156937023759	NA	NA	NA	3	2	1	NA	NA	NA	NA	NA	NA	NA	5	2	3	3	2	1	NA	NA	NA	5	2	3
16	59061494	60663426	3	2	1	3	b	5	2	1	0.0607784262717	0.120220469571	NA	NA	NA	2	1	1	NA	NA	NA	NA	NA	NA	NA	3	1	2	2	1	1	NA	NA	NA	3	1	2
16	60663427	60669203	2	1	1	2	d	4	2	1	0.05	0.1	NA	NA	NA	1	1	1	NA	NA	NA	NA	NA	NA	NA	2	1	1	1	1	1	NA	NA	NA	2	1	1
16	60669204	60675377	3	2	1	2	d	3	2	1	0.05	0.1	NA	NA	NA	2	1	1	NA	NA	NA	NA	NA	NA	NA	2	1	1	1	1	1	NA	NA	NA	3	1	2
16	60675378	61701188	2	1	1	3	b	5	1	1	0.0503045785502	0.0950783069054	NA	NA	NA	1	1	1	NA	NA	NA	NA	NA	NA	NA	2	1	1	1	1	1	NA	NA	NA	2	1	1
16	61701189	62287428	3	2	1	3	b	5	2	1	0.0565975275758	0.11160971155	NA	NA	NA	2	1	1	NA	NA	NA	NA	NA	NA	NA	3	1	2	2	1	1	NA	NA	NA	3	1	2
16	62287429	69218168	5	3	2	3	b	5	3	2	0.0503329516003	0.177999267283	NA	NA	NA	3	2	1	NA	NA	NA	NA	NA	NA	NA	5	2	3	3	2	1	NA	NA	NA	5	2	3
16	69218169	78194323	4	2	2	3	b	5	2	2	0.045032294826	0.165746538344	NA	NA	NA	2	2	1	NA	NA	NA	NA	NA	NA	NA	4	2	2	2	2	1	NA	NA	NA	4	2	2
16	78194324	78837885	3	2	1	3	b	5	2	1	0.0624053253106	0.121968541188	NA	NA	NA	2	1	1	NA	NA	NA	NA	NA	NA	NA	3	1	2	2	1	1	NA	NA	NA	3	1	2
16	78837886	78839462	3	2	1	3	b	5	2	1	0.05	0.1	NA	NA	NA	2	1	1	NA	NA	NA	NA	NA	NA	NA	3	1	2	2	1	1	NA	NA	NA	3	1	2
16	78839463	81329753	3	2	1	3	b	5	2	1	0.0635732306668	0.120285332224	NA	NA	NA	2	1	1	NA	NA	NA	NA	NA	NA	NA	3	1	2	2	1	1	NA	NA	NA	3	1	2
16	81329754	83104306	2	2	0	3	b	5	2	0	0.0628357333505	0.0956941452426	NA	NA	NA	2	0	1	NA	NA	NA	NA	NA	NA	NA	2	0	2	2	0	1	NA	NA	NA	2	0	2
16	83104307	88827200	3	2	1	3	b	5	2	1	0.0637475230434	0.135455746316	NA	NA	NA	2	1	1	NA	NA	NA	NA	NA	NA	NA	3	1	2	2	1	1	NA	NA	NA	3	1	2
16	88827201	90354752	3	2	1	2	d	3	NA	NA	NA	NA	NA	NA	NA	2	1	1	NA	NA	NA	NA	NA	NA	NA	4	2	2	2	1	1	NA	NA	NA	3	1	2
17	1880	14719944	2	2	0	3	b	5	2	0	0.0619904478415	0.0990671844177	NA	NA	NA	2	0	1	NA	NA	NA	NA	NA	NA	NA	2	0	2	2	0	1	NA	NA	NA	2	0	2
17	14719945	14721242	4	2	2	1	g	NA	NA	NA	NA	NA	NA	NA	NA	3	2	1	NA	NA	NA	NA	NA	NA	NA	NA	NA	NA	2	0	1	NA	NA	NA	4	2	2
17	14721243	15180471	6	4	2	3	b	5	4	2	0.0396912489083	0.263905895748	NA	NA	NA	4	2	1	NA	NA	NA	NA	NA	NA	NA	6	2	4	4	2	1	NA	NA	NA	6	2	4
17	15180472	15559335	4	2	2	3	b	5	2	2	0.0392140656058	0.152556869322	NA	NA	NA	2	2	1	NA	NA	NA	NA	NA	NA	NA	4	2	2	2	2	1	NA	NA	NA	4	2	2
17	15559336	16379953	6	4	2	3	b	5	4	2	0.0525400559165	0.182702124931	NA	NA	NA	4	2	1	NA	NA	NA	NA	NA	NA	NA	6	2	4	4	2	1	NA	NA	NA	6	2	4
17	16379954	16657500	4	2	2	3	b	5	2	2	0.0239545833501	0.16047922114	NA	NA	NA	2	2	1	NA	NA	NA	NA	NA	NA	NA	4	2	2	2	2	1	NA	NA	NA	4	2	2
17	16657501	16759196	4	2	2	1	g	NA	5	0	0.05	0.570147092143	NA	NA	NA	3	2	1	NA	NA	NA	NA	NA	NA	NA	3	1	2	2	2	1	NA	NA	NA	4	2	2
17	16759197	17204230	4	2	2	2	d	4	2	2	0.0477871895054	0.142367009953	NA	NA	NA	2	2	1	NA	NA	NA	NA	NA	NA	NA	5	2	3	2	2	1	NA	NA	NA	4	2	2
17	17204231	18325802	2	2	0	3	b	5	2	0	0.0626445739569	0.0991060702355	NA	NA	NA	2	0	1	NA	NA	NA	NA	NA	NA	NA	2	0	2	2	0	1	NA	NA	NA	2	0	2
17	18325803	18460930	2	2	0	1	h	1	2	0	0.05	0.1	NA	NA	NA	2	0	1	NA	NA	NA	NA	NA	NA	NA	3	1	2	2	2	1	NA	NA	NA	NA	NA	NA
17	18460931	18761394	2	2	0	3	b	5	2	0	0.05	0.150353180851	NA	NA	NA	2	0	1	NA	NA	NA	NA	NA	NA	NA	2	0	2	2	0	1	NA	NA	NA	2	0	2
17	18761395	19869023	4	2	2	3	b	5	2	2	0.039444881523	0.142428883676	NA	NA	NA	2	2	1	NA	NA	NA	NA	NA	NA	NA	4	2	2	2	2	1	NA	NA	NA	4	2	2
17	19869024	19871317	4	2	2	1	g	NA	NA	NA	NA	NA	NA	NA	NA	1	1	0.69350350019003	2	1	0.30649649980997	NA	0	0.69350350019003	0.69350350019003	NA	NA	NA	2	0	1	NA	NA	NA	4	2	2
17	19871318	21906781	2	2	0	3	b	5	2	0	0.0694204207584	0.120311423167	NA	NA	NA	2	0	1	NA	NA	NA	NA	NA	NA	NA	2	0	2	2	0	1	NA	NA	NA	2	0	2
17	21906782	25799999	NA	NA	NA	NA	NA	NA	1.78	1.78	0.0297371189805	0.188684962055	NA	NA	NA	NA	NA	NA	NA	NA	NA	NA	NA	NA	NA	4	2	2	2	2	1	NA	NA	NA	4	2	2
17	25800000	27433078	4	2	2	2	d	4	1.78	1.78	0.0339352014639	0.130972994657	NA	NA	NA	2	2	1	NA	NA	NA	NA	NA	NA	NA	4	2	2	2	2	1	NA	NA	NA	4	2	2
17	27433079	29677200	4	2	2	2	e	4	1.89	1.34	0.0502391808251	0.115992462117	NA	NA	NA	2	1	0.708021626393026	2	2	0.291978373606974	0.0156259009848734	0.0158780653137503	0.628407297921362	0.690397654975582	3	1	2	2	2	0.291042	2	1	0.708958	4	2	2
17	29677201	33244666	4	2	2	2	d	2	1.89	1.34	0.0525349062678	0.127224714583	NA	NA	NA	2	1	0.61271102284012	2	2	0.38728897715988	0.0152788699229341	0.0149999242076396	0.583864939218197	0.642698494442594	4	2	2	2	2	0.397526	2	1	0.602474	4	2	2
17	33244667	44162500	4	2	2	2	d	2	2	1.34	0.0568656497361	0.139263776714	NA	NA	NA	2	1	0.685182219090025	2	2	0.314817780909975	0.00809496662563775	0.00816320082324809	0.662117532454488	0.694363289233765	4	2	2	2	2	0.306804	2	1	0.693196	4	2	2
17	44162501	44172499	4	2	2	2	d	3	2	1.34	0.05	0.1	NA	NA	NA	2	2	1	NA	NA	NA	NA	NA	NA	NA	NA	NA	NA	2	2	1	NA	NA	NA	4	2	2
17	44172500	53473322	3	2	1	2	d	2	2	1.34	0.0612755442321	0.155924182878	NA	NA	NA	2	1	0.663770274743459	2	2	0.336229725256541	0.00911083189098194	0.00922907258583496	0.629579301187099	0.667482823502901	3	1	2	2	2	0.291042	2	1	0.708958	3	1	2
17	53473323	54195480	2	2	0	2	d	2	2	0.34	0.064141806706	0.0967378259636	NA	NA	NA	2	0	0.647981371776872	2	1	0.352018628223128	0.0136838027820505	0.014198315998796	0.615125502809245	0.670181703665469	2	0	2	2	0	0.655145	2	1	0.344855	2	0	2
17	54195481	66244554	3	2	1	2	d	2	2	1.34	0.0579965497742	0.133855793247	NA	NA	NA	2	1	0.708021626393026	2	2	0.291978373606974	0.00866804697072482	0.00885101126981257	0.682396009650677	0.716768419810611	3	1	2	2	2	0.303957	2	1	0.696043	3	1	2
17	66244555	71859257	2	2	0	2	d	2	2	0.34	0.0689928378508	0.097708081358	NA	NA	NA	2	0	0.65045581828104	2	1	0.34954418171896	0.00674330834485515	0.0066436527039686	0.624979775411994	0.649653993510671	2	0	2	2	0	0.666644	2	1	0.333356	2	0	2
17	71859258	71863231	3	2	1	2	f	2	2	0.34	0.05	0.1	NA	NA	NA	NA	NA	NA	NA	NA	NA	NA	NA	NA	NA	NA	NA	NA	2	0	0.655145	2	1	0.344855	2	0	2
17	71863232	78774600	3	2	1	2	e	4	2	0.34	0.0671738404642	0.105292505409	NA	NA	NA	2	0	0.643621632698098	2	1	0.356378367301902	0.00705060722200412	0.00734385620830095	0.595518218833042	0.625053850598195	3	1	2	2	0	0.655145	2	1	0.344855	3	0	3
17	78774601	81195209	3	2	1	2	f	3	NA	NA	NA	NA	NA	NA	NA	2	0	0.689597062983357	2	1	0.310402937016643	0.0143285961486837	0.0143008029361918	0.649568216766065	0.706274606911414	3	1	2	2	0	0.666644	2	1	0.333356	3	0	3
18	26195	41567	4	3	1	1	h	1	7	2	0.05	0.1	NA	NA	NA	NA	NA	NA	NA	NA	NA	NA	NA	NA	NA	1	0	1	3	1	1	NA	NA	NA	NA	NA	NA
18	41568	90522	8	7	1	1	h	1	7	2	0.05	0.1	NA	NA	NA	NA	NA	NA	NA	NA	NA	NA	NA	NA	NA	NA	NA	NA	7	1	1	NA	NA	NA	NA	NA	NA
18	90523	8134565	9	7	2	2	d	3	7	2	0.0417136656617	0.266151037688	NA	NA	NA	7	2	1	NA	NA	NA	NA	NA	NA	NA	8	2	6	8	2	1	NA	NA	NA	9	2	7
18	8134566	8136302	9	7	2	2	d	2	7	2	0.05	0.1	NA	NA	NA	NA	NA	NA	NA	NA	NA	NA	NA	NA	NA	NA	NA	NA	8	2	1	NA	NA	NA	9	2	7
18	8136303	8138351	9	7	2	2	d	2	7	2	0.05	0.1	NA	NA	NA	NA	NA	NA	NA	NA	NA	NA	NA	NA	NA	NA	NA	NA	8	2	1	NA	NA	NA	9	2	7
18	8138352	8147433	10	8	2	1	g	NA	7	2	0.05	0.1	NA	NA	NA	6	2	1	NA	NA	NA	NA	NA	NA	NA	NA	NA	NA	8	2	1	NA	NA	NA	10	2	8
18	8147434	8425427	5	3	2	2	e	0	7	2	0.0325291899886	0.262626197292	NA	NA	NA	7	2	0.533656560936197	8	2	0.466343439063803	0.154595798829962	0.152339206331577	0.390946275117637	1.00755351485032	8	2	6	8	2	1	NA	NA	NA	10	2	8
18	8425428	8425527	10	8	2	2	d	2	7	2	0.05	0.1	NA	NA	NA	NA	NA	NA	NA	NA	NA	NA	NA	NA	NA	NA	NA	NA	8	2	1	NA	NA	NA	10	2	8
18	8425528	8444121	10	8	2	2	d	2	7	2	0.05	0.1	NA	NA	NA	NA	NA	NA	NA	NA	NA	NA	NA	NA	NA	NA	NA	NA	8	2	1	NA	NA	NA	10	2	8
18	8444122	15037420	9	7	2	2	d	3	7	2	0.0411738767133	0.297942543837	NA	NA	NA	7	2	1	NA	NA	NA	NA	NA	NA	NA	8	2	6	8	2	1	NA	NA	NA	9	2	7
18	15037421	18999999	9	7	2	2	d	3	7	2	0.0453489536402	0.346883938043	NA	NA	NA	7	2	1	NA	NA	NA	NA	NA	NA	NA	8	2	6	8	2	1	NA	NA	NA	9	2	7
18	19000000	21026748	9	7	2	1	g	NA	15	2	0.0411684590047	0.254131530546	NA	NA	NA	7	2	1	NA	NA	NA	NA	NA	NA	NA	8	2	6	8	2	1	NA	NA	NA	9	2	7
18	21026749	21028342	9	7	2	1	g	NA	2	1	0.05	0.1	NA	NA	NA	NA	NA	NA	NA	NA	NA	NA	NA	NA	NA	NA	NA	NA	8	2	1	NA	NA	NA	9	2	7
18	21028343	24501618	3	2	1	3	b	5	2	1	0.0650110215164	0.118519897102	NA	NA	NA	2	1	1	NA	NA	NA	NA	NA	NA	NA	3	1	2	2	1	1	NA	NA	NA	3	1	2
18	24501619	38553969	1	1	0	3	b	5	1	0	0.0825090993626	0.0717477904784	NA	NA	NA	1	0	1	NA	NA	NA	NA	NA	NA	NA	1	0	1	1	0	1	NA	NA	NA	1	0	1
18	38553970	38728027	0	0	0	2	d	4	0	0	0.083040387102	0.0467083166217	NA	NA	NA	0	0	0.890819816837693	1	0	0.109180183162307	0.0472432253588316	0.0501303235419759	0.730000256393946	0.924877766427205	0	0	0	0	0	1	NA	NA	NA	0	0	0
18	38728028	38904262	1	1	0	2	d	3	NA	NA	NA	NA	NA	NA	NA	1	0	0.75230959044266	1	1	0.24769040955734	0.302059987404197	0.485286709279693	-1.10036772984399	0.761957353949306	1	0	1	1	0	1	NA	NA	NA	1	0	1
18	38904263	38995757	3	3	0	1	g	NA	NA	NA	NA	NA	NA	NA	NA	4	0	1	NA	NA	NA	NA	NA	NA	NA	3	0	3	1	0	1	NA	NA	NA	3	0	3
18	38995758	39105342	1	1	0	3	b	5	1	0	0.05	0.0775514280493	NA	NA	NA	1	0	1	NA	NA	NA	NA	NA	NA	NA	1	0	1	1	0	1	NA	NA	NA	1	0	1
18	39105343	39146194	3	3	0	2	d	4	3	0	0.05	0.1	NA	NA	NA	4	0	1	NA	NA	NA	NA	NA	NA	NA	3	0	3	3	0	1	NA	NA	NA	3	0	3
18	39146195	39179880	1	1	0	3	b	5	1	0	0.05	0.1	NA	NA	NA	1	0	1	NA	NA	NA	NA	NA	NA	NA	1	0	1	1	0	1	NA	NA	NA	1	0	1
18	39179881	39180005	1	1	0	3	b	5	1	0	0.05	0.1	NA	NA	NA	1	0	1	NA	NA	NA	NA	NA	NA	NA	1	0	1	1	0	1	NA	NA	NA	1	0	1
18	39180006	39251214	1	1	0	3	b	5	1	0	0.05	0.073585476705	NA	NA	NA	1	0	1	NA	NA	NA	NA	NA	NA	NA	1	0	1	1	0	1	NA	NA	NA	1	0	1
18	39251215	39254184	1	1	0	2	d	4	1	0	0.05	0.1	NA	NA	NA	1	0	1	NA	NA	NA	NA	NA	NA	NA	NA	NA	NA	1	0	1	NA	NA	NA	1	0	1
18	39254185	39254207	1	1	0	2	d	4	1	0	0.05	0.1	NA	NA	NA	1	0	1	NA	NA	NA	NA	NA	NA	NA	1	0	1	1	0	1	NA	NA	NA	NA	NA	NA
18	39254208	39316848	1	1	0	3	b	5	1	0	0.05	0.0702265486411	NA	NA	NA	1	0	1	NA	NA	NA	NA	NA	NA	NA	1	0	1	1	0	1	NA	NA	NA	1	0	1
18	39316849	39579763	3	3	0	3	b	5	3	0	0.0544007763022	0.107807024684	NA	NA	NA	3	0	1	NA	NA	NA	NA	NA	NA	NA	3	0	3	3	0	1	NA	NA	NA	3	0	3
18	39579764	39579995	3	3	0	2	d	2	NA	NA	NA	NA	NA	NA	NA	NA	NA	NA	NA	NA	NA	NA	NA	NA	NA	1	0	1	3	0	1	NA	NA	NA	3	0	3
18	39579996	39580006	3	3	0	2	d	2	NA	NA	NA	NA	NA	NA	NA	NA	NA	NA	NA	NA	NA	NA	NA	NA	NA	1	0	1	3	0	1	NA	NA	NA	3	0	3
18	39580007	39580031	3	3	0	1	h	1	NA	NA	NA	NA	NA	NA	NA	NA	NA	NA	NA	NA	NA	NA	NA	NA	NA	1	0	1	3	0	1	NA	NA	NA	NA	NA	NA
18	39580032	48592718	1	1	0	3	b	5	1	0	0.0853941034165	0.0734742405625	NA	NA	NA	1	0	1	NA	NA	NA	NA	NA	NA	NA	1	0	1	1	0	1	NA	NA	NA	1	0	1
18	48592719	49537546	0	0	0	3	b	5	0	0	0.0854530998472	0.0514489732205	NA	NA	NA	0	0	1	NA	NA	NA	NA	NA	NA	NA	0	0	0	0	0	1	NA	NA	NA	0	0	0
18	49537547	64319837	1	1	0	3	b	5	1	0	0.0845784352661	0.0729856847007	NA	NA	NA	1	0	1	NA	NA	NA	NA	NA	NA	NA	1	0	1	1	0	1	NA	NA	NA	1	0	1
18	64319838	66295806	3	2	1	3	b	5	2	1	0.0585575910454	0.126841954704	NA	NA	NA	2	1	1	NA	NA	NA	NA	NA	NA	NA	3	1	2	2	1	1	NA	NA	NA	3	1	2
18	66295807	66546740	2	2	0	3	b	5	2	0	0.0559736588303	0.102244146887	NA	NA	NA	2	0	1	NA	NA	NA	NA	NA	NA	NA	2	0	2	2	0	1	NA	NA	NA	2	0	2
18	66546741	70634980	3	2	1	3	b	5	2	1	0.0641728019385	0.124478854077	NA	NA	NA	2	1	1	NA	NA	NA	NA	NA	NA	NA	3	1	2	2	1	1	NA	NA	NA	3	1	2
18	70634981	70960013	3	2	1	2	d	3	NA	NA	NA	NA	NA	NA	NA	2	1	1	NA	NA	NA	NA	NA	NA	NA	NA	NA	NA	2	1	1	NA	NA	NA	3	1	2
18	70960014	76117000	3	2	1	3	b	5	2	1	0.0651123501861	0.116267904688	NA	NA	NA	2	1	1	NA	NA	NA	NA	NA	NA	NA	3	1	2	2	1	1	NA	NA	NA	3	1	2
18	76117001	78077247	3	2	1	2	d	4	NA	NA	NA	NA	NA	NA	NA	2	1	1	NA	NA	NA	NA	NA	NA	NA	3	1	2	2	1	1	NA	NA	NA	3	1	2
19	102500	260136	4	2	2	2	d	3	2	2	0.05	0.1	NA	NA	NA	2	2	1	NA	NA	NA	NA	NA	NA	NA	NA	NA	NA	2	2	1	NA	NA	NA	5	2	3
19	260137	13131135	4	2	2	2	d	3	2	2	0.0420076731333	0.145231409584	NA	NA	NA	2	2	1	NA	NA	NA	NA	NA	NA	NA	5	2	3	2	2	1	NA	NA	NA	5	2	3
19	13131136	13264434	4	3	1	1	g	NA	1	1	0.05	0.117819687574	NA	NA	NA	2	2	1	NA	NA	NA	NA	NA	NA	NA	4	2	2	2	1	1	NA	NA	NA	4	1	3
19	13264435	13266023	4	3	1	1	g	NA	NA	NA	NA	NA	NA	NA	NA	2	2	1	NA	NA	NA	NA	NA	NA	NA	NA	NA	NA	2	1	1	NA	NA	NA	4	1	3
19	13266024	15427956	4	2	2	2	d	3	2	2	0.0441239551944	0.171660307038	NA	NA	NA	2	2	1	NA	NA	NA	NA	NA	NA	NA	5	2	3	2	2	1	NA	NA	NA	5	2	3
19	15427957	23746377	3	2	1	3	b	5	2	1	0.0678678964429	0.129944147906	NA	NA	NA	2	1	1	NA	NA	NA	NA	NA	NA	NA	3	1	2	2	1	1	NA	NA	NA	3	1	2
19	23746378	24399999	4	2	2	3	b	5	2	2	0.05	0.141892646738	NA	NA	NA	2	2	1	NA	NA	NA	NA	NA	NA	NA	4	2	2	2	2	1	NA	NA	NA	4	2	2
19	24400000	28599999	4	2	2	2	d	4	2	2	0.05	0.197904276676	NA	NA	NA	2	2	0.575187024164185	3	2	0.424812975835815	0.114889144003576	0.113278171439176	0.38237153636369	0.835728680856897	4	2	2	2	2	1	NA	NA	NA	4	2	2
19	28600000	44335638	4	2	2	3	b	5	2	2	0.0393469655976	0.215545885619	NA	NA	NA	2	2	1	NA	NA	NA	NA	NA	NA	NA	4	2	2	2	2	1	NA	NA	NA	4	2	2
19	44335639	45034036	5	3	2	2	d	4	3	2	0.053131616241	0.202935808307	NA	NA	NA	3	2	1	NA	NA	NA	NA	NA	NA	NA	5	2	3	3	3	1	NA	NA	NA	5	2	3
19	45034037	46861337	6	4	2	1	g	NA	3	2	0.0492637376149	0.194702371068	NA	NA	NA	3	2	1	NA	NA	NA	NA	NA	NA	NA	6	3	3	3	3	1	NA	NA	NA	6	2	4
19	46861338	55226077	4	3	1	2	d	3	3	1	0.0650203488862	0.181962281051	NA	NA	NA	3	1	1	NA	NA	NA	NA	NA	NA	NA	5	1	4	3	1	1	NA	NA	NA	5	1	4
19	55226078	59128982	4	3	1	3	b	5	3	1	0.0580191009337	0.193519036547	NA	NA	NA	3	1	1	NA	NA	NA	NA	NA	NA	NA	4	1	3	3	1	1	NA	NA	NA	4	1	3
20	24347	6602113	4	2	2	2	d	2	1.71	1.71	0.0418095597095	0.126638503342	NA	NA	NA	NA	NA	NA	NA	NA	NA	NA	NA	NA	NA	4	2	2	2	2	1	NA	NA	NA	NA	NA	NA
20	6602114	25599999	4	2	2	2	d	4	1.71	1.71	0.0398776209841	0.124623019319	NA	NA	NA	2	2	1	NA	NA	NA	NA	NA	NA	NA	4	2	2	2	2	1	NA	NA	NA	4	2	2
20	25600000	29399999	4	2	2	2	d	4	1.71	1.71	0.05	0.150669748652	NA	NA	NA	2	2	1	NA	NA	NA	NA	NA	NA	NA	4	2	2	2	2	1	NA	NA	NA	4	2	2
20	29400000	55589448	4	2	2	2	d	4	1.71	1.71	0.040329309094	0.125649892584	NA	NA	NA	2	2	1	NA	NA	NA	NA	NA	NA	NA	4	2	2	2	2	1	NA	NA	NA	4	2	2
20	55589449	56067421	4	2	2	2	d	3	1.71	1.71	0.0486433787556	0.117157040331	NA	NA	NA	2	1	0.230876617302076	2	2	0.769123382697924	0.0505935561116482	0.0514414482119142	0.135328261090661	0.34000357483983	4	2	2	2	2	1	NA	NA	NA	4	2	2
20	56067422	62432500	4	2	2	2	d	4	1.71	1.71	0.0387310683311	0.134969507994	NA	NA	NA	2	2	1	NA	NA	NA	NA	NA	NA	NA	4	2	2	2	2	1	NA	NA	NA	4	2	2
21	1	9417499	NA	NA	NA	NA	NA	NA	NA	NA	NA	NA	NA	NA	NA	NA	NA	NA	NA	NA	NA	NA	NA	NA	NA	NA	NA	NA	NA	NA	NA	NA	NA	NA	NA	NA	NA
21	9417500	10899999	NA	NA	NA	NA	NA	NA	NA	NA	NA	NA	NA	NA	NA	NA	NA	NA	NA	NA	NA	NA	NA	NA	NA	NA	NA	NA	NA	NA	NA	NA	NA	NA	NA	NA	NA
21	10900000	14299999	2	2	0	1	h	1	NA	NA	NA	NA	NA	NA	NA	NA	NA	NA	NA	NA	NA	NA	NA	NA	NA	NA	NA	NA	2	0	0.627314	2	1	0.372686	NA	NA	NA
21	14300000	46937500	2	2	0	2	d	4	2	0	0.0633983779671	0.100178504411	NA	NA	NA	2	0	1	NA	NA	NA	NA	NA	NA	NA	2	0	2	2	0	1	NA	NA	NA	NA	NA	NA
21	46937501	48129894	2	2	0	2	d	3	NA	NA	NA	NA	NA	NA	NA	2	0	1	NA	NA	NA	NA	NA	NA	NA	2	0	2	2	0	1	NA	NA	NA	NA	NA	NA
22	1	12199999	3	2	1	1	g	NA	NA	NA	NA	NA	NA	NA	NA	NA	NA	NA	NA	NA	NA	NA	NA	NA	NA	NA	NA	NA	NA	NA	NA	NA	NA	NA	3	1	2
22	12200000	17899999	3	2	1	3	b	5	2	1	0.0582416804123	0.180480622576	NA	NA	NA	2	1	1	NA	NA	NA	NA	NA	NA	NA	3	1	2	2	1	1	NA	NA	NA	3	1	2
22	17900000	24030495	3	2	1	3	b	5	2	1	0.066254063971	0.132932119934	NA	NA	NA	2	1	1	NA	NA	NA	NA	NA	NA	NA	3	1	2	2	1	1	NA	NA	NA	3	1	2
22	24030496	24648944	2	2	0	3	b	5	2	0	0.0555887343582	0.0935931588989	NA	NA	NA	2	0	1	NA	NA	NA	NA	NA	NA	NA	2	0	2	2	0	1	NA	NA	NA	2	0	2
22	24648945	24648966	2	2	0	2	d	2	NA	NA	NA	NA	NA	NA	NA	NA	NA	NA	NA	NA	NA	NA	NA	NA	NA	1	0	1	2	0	1	NA	NA	NA	2	0	2
22	24648967	24649446	4	2	2	1	g	NA	NA	NA	NA	NA	NA	NA	NA	NA	NA	NA	NA	NA	NA	NA	NA	NA	NA	NA	NA	NA	2	0	1	NA	NA	NA	4	2	2
22	24649447	42788918	4	2	2	3	b	5	2	2	0.0429063950035	0.144038409275	NA	NA	NA	2	2	1	NA	NA	NA	NA	NA	NA	NA	4	2	2	2	2	1	NA	NA	NA	4	2	2
22	42788919	43041644	3	2	1	2	d	4	2	1	0.0477842731148	0.134008839973	NA	NA	NA	2	1	1	NA	NA	NA	NA	NA	NA	NA	4	1	3	2	1	1	NA	NA	NA	3	1	2
22	43041645	49687500	4	2	2	3	b	5	2	2	0.044170149623	0.148661662742	NA	NA	NA	2	2	1	NA	NA	NA	NA	NA	NA	NA	4	2	2	2	2	1	NA	NA	NA	4	2	2
22	49687501	51304565	4	2	2	2	d	4	NA	NA	NA	NA	NA	NA	NA	2	2	1	NA	NA	NA	NA	NA	NA	NA	4	2	2	2	2	1	NA	NA	NA	4	2	2
X	1	11387239	3	2	1	2	d	2	1.95	1	0.0634086457357	0.356546243155	NA	NA	NA	1	1	0.172459450513076	2	1	0.827540549486924	0.0136291633862472	0.0132495190377005	0.176390729247036	0.227818277361808	3	1	2	NA	NA	NA	NA	NA	NA	3	1	2
X	11387240	11732338	2	2	0	3	b	4	2	0	0.0640521524831	0.121982512584	NA	NA	NA	2	0	1	NA	NA	NA	NA	NA	NA	NA	2	0	2	NA	NA	NA	NA	NA	NA	2	0	2
X	11732339	11732720	2	2	0	2	d	2	1	1	0.05	0.1	NA	NA	NA	2	0	1	NA	NA	NA	NA	NA	NA	NA	NA	NA	NA	NA	NA	NA	NA	NA	NA	2	0	2
X	11732721	13295142	2	2	0	2	d	3	1	1	0.0569896940698	0.111329018	NA	NA	NA	2	0	1	NA	NA	NA	NA	NA	NA	NA	2	0	2	NA	NA	NA	NA	NA	NA	2	0	2
X	13295143	19743653	3	2	1	2	d	3	1	1	0.0608302391139	0.17385024988	NA	NA	NA	2	1	1	NA	NA	NA	NA	NA	NA	NA	3	1	2	NA	NA	NA	NA	NA	NA	3	1	2
X	19743654	19743675	3	2	1	1	g	NA	NA	NA	NA	NA	NA	NA	NA	NA	NA	NA	NA	NA	NA	NA	NA	NA	NA	1	0	1	NA	NA	NA	NA	NA	NA	3	1	2
X	19743676	19744802	1	1	0	1	h	1	NA	NA	NA	NA	NA	NA	NA	NA	NA	NA	NA	NA	NA	NA	NA	NA	NA	1	0	1	NA	NA	NA	NA	NA	NA	NA	NA	NA
X	19744803	19744952	2	2	0	1	g	NA	NA	NA	NA	NA	NA	NA	NA	NA	NA	NA	NA	NA	NA	NA	NA	NA	NA	1	0	1	NA	NA	NA	NA	NA	NA	2	0	2
X	19744953	19746298	1	1	0	2	c	3	NA	NA	NA	NA	NA	NA	NA	1	0	1	NA	NA	NA	NA	NA	NA	NA	1	0	1	NA	NA	NA	NA	NA	NA	2	0	2
X	19746299	19746492	1	1	0	2	c	3	NA	NA	NA	NA	NA	NA	NA	1	0	1	NA	NA	NA	NA	NA	NA	NA	1	0	1	NA	NA	NA	NA	NA	NA	2	0	2
X	19746493	19746533	1	1	0	2	c	3	NA	NA	NA	NA	NA	NA	NA	1	0	1	NA	NA	NA	NA	NA	NA	NA	1	0	1	NA	NA	NA	NA	NA	NA	2	0	2
X	19746534	49642053	1	1	0	2	d	3	1	1	0.0831757456647	0.129411535612	NA	NA	NA	1	0	1	NA	NA	NA	NA	NA	NA	NA	1	0	1	NA	NA	NA	NA	NA	NA	1	0	1
X	49642054	49642586	1	1	0	2	c	2	NA	NA	NA	NA	NA	NA	NA	NA	NA	NA	NA	NA	NA	NA	NA	NA	NA	1	0	1	NA	NA	NA	NA	NA	NA	1	0	1
X	49642587	49642631	1	1	0	1	h	1	NA	NA	NA	NA	NA	NA	NA	NA	NA	NA	NA	NA	NA	NA	NA	NA	NA	1	0	1	NA	NA	NA	NA	NA	NA	NA	NA	NA
X	49642632	49642974	1	1	0	1	h	1	NA	NA	NA	NA	NA	NA	NA	NA	NA	NA	NA	NA	NA	NA	NA	NA	NA	1	0	1	NA	NA	NA	NA	NA	NA	NA	NA	NA
X	49642975	49643037	NA	NA	NA	NA	NA	NA	NA	NA	NA	NA	NA	NA	NA	NA	NA	NA	NA	NA	NA	NA	NA	NA	NA	NA	NA	NA	NA	NA	NA	NA	NA	NA	NA	NA	NA
X	49643038	58099999	2	2	0	2	d	3	1	1	0.06687335283	0.132047435638	NA	NA	NA	2	0	1	NA	NA	NA	NA	NA	NA	NA	2	0	2	NA	NA	NA	NA	NA	NA	2	0	2
X	58100000	62999999	2	2	0	2	d	2	1	1	0.05	0.324216725343	NA	NA	NA	NA	NA	NA	NA	NA	NA	NA	NA	NA	NA	2	0	2	NA	NA	NA	NA	NA	NA	2	0	2
X	63000000	65674954	2	2	0	2	d	2	1.94	0.06	0.0613012931159	0.22446138824	NA	NA	NA	2	0	0.956375546612312	2	1	0.0436244533876884	0.0685892797127104	0.0802407587004397	0.484002683198497	0.796102618233544	2	0	2	NA	NA	NA	NA	NA	NA	2	0	2
X	65674955	67246572	1	1	0	3	b	4	1	0	0.05	0.0714386681126	NA	NA	NA	1	0	1	NA	NA	NA	NA	NA	NA	NA	1	0	1	NA	NA	NA	NA	NA	NA	1	0	1
X	67246573	67247329	1	1	0	2	d	3	1	1	0.05	0.1	NA	NA	NA	1	0	1	NA	NA	NA	NA	NA	NA	NA	1	0	1	NA	NA	NA	NA	NA	NA	1	0	1
X	67247330	67247356	1	1	0	2	d	2	1	1	0.05	0.1	NA	NA	NA	1	0	1	NA	NA	NA	NA	NA	NA	NA	1	0	1	NA	NA	NA	NA	NA	NA	NA	NA	NA
X	67247357	67247960	1	1	0	2	d	2	1	1	0.05	0.1	NA	NA	NA	1	0	1	NA	NA	NA	NA	NA	NA	NA	1	0	1	NA	NA	NA	NA	NA	NA	NA	NA	NA
X	67247961	72454864	1	1	0	2	d	3	1	1	0.0831383951412	0.0958743756622	NA	NA	NA	1	0	1	NA	NA	NA	NA	NA	NA	NA	1	0	1	NA	NA	NA	NA	NA	NA	1	0	1
X	72454865	73191113	2	1	1	2	d	3	1.32	0.68	0.0461592086232	0.122230924596	NA	NA	NA	1	1	1	NA	NA	NA	NA	NA	NA	NA	2	1	1	NA	NA	NA	NA	NA	NA	2	1	1
X	73191114	73690722	3	2	1	2	d	2	1.32	0.68	0.0450877376695	0.1	NA	NA	NA	1	1	0.172459450513076	2	1	0.827540549486924	0.0447051423868303	0.0398318334267508	0.147304948265057	0.308783684493608	3	1	2	NA	NA	NA	NA	NA	NA	3	1	2
X	73690723	74215506	2	2	0	2	d	2	1.32	0.68	0.05	0.105863849904	NA	NA	NA	2	0	1	NA	NA	NA	NA	NA	NA	NA	3	1	2	NA	NA	NA	NA	NA	NA	2	0	2
X	74215507	75219880	3	2	1	2	d	3	1.42	1.42	0.05	0.130517424296	NA	NA	NA	2	1	1	NA	NA	NA	NA	NA	NA	NA	3	1	2	NA	NA	NA	NA	NA	NA	3	1	2
X	75219881	76325759	2	1	1	3	b	4	1	1	0.05	0.114200767453	NA	NA	NA	1	1	1	NA	NA	NA	NA	NA	NA	NA	2	1	1	NA	NA	NA	NA	NA	NA	2	1	1
X	76325760	79503926	3	2	1	2	d	2	1.84	1	0.0611076139553	0.169865267607	NA	NA	NA	1	1	0.133052757680369	2	1	0.866947242319631	0.0296224754117356	0.0281830418062887	0.0939711167050295	0.205882434815671	3	1	2	NA	NA	NA	NA	NA	NA	3	1	2
X	79503927	79505554	3	2	1	1	g	NA	NA	NA	NA	NA	NA	NA	NA	NA	NA	NA	NA	NA	NA	NA	NA	NA	NA	1	0	1	NA	NA	NA	NA	NA	NA	3	1	2
X	79505555	79872855	1	1	0	1	g	NA	1	1	0.05	0.1	NA	NA	NA	2	0	1	NA	NA	NA	NA	NA	NA	NA	1	0	1	NA	NA	NA	NA	NA	NA	1	0	1
X	79872856	79873362	2	1	1	2	c	2	1	1	0.05	0.1	NA	NA	NA	NA	NA	NA	NA	NA	NA	NA	NA	NA	NA	NA	NA	NA	NA	NA	NA	NA	NA	NA	2	1	1
X	79873363	80739994	2	1	1	3	b	4	1	1	0.0364011346581	0.132729465376	NA	NA	NA	1	1	1	NA	NA	NA	NA	NA	NA	NA	2	1	1	NA	NA	NA	NA	NA	NA	2	1	1
X	80739995	83064608	3	2	1	2	d	2	1.89	1	0.0637100385028	0.134340966341	NA	NA	NA	1	1	0.172459450513076	2	1	0.827540549486924	0.0274447761302837	0.0265304883375674	0.136188007473645	0.240434097787619	3	1	2	NA	NA	NA	NA	NA	NA	3	1	2
X	83064609	83895120	2	1	1	2	d	3	1.29	1.29	0.036254795297	0.1	NA	NA	NA	1	1	1	NA	NA	NA	NA	NA	NA	NA	2	1	1	NA	NA	NA	NA	NA	NA	2	1	1
X	83895121	85026186	3	2	1	2	d	3	1.76	1.19	0.0662638913884	0.144427908078	NA	NA	NA	2	1	1	NA	NA	NA	NA	NA	NA	NA	3	1	2	NA	NA	NA	NA	NA	NA	3	1	2
X	85026187	85945378	2	1	1	2	d	3	1.76	1.19	0.0438561432311	0.1	NA	NA	NA	1	1	1	NA	NA	NA	NA	NA	NA	NA	2	1	1	NA	NA	NA	NA	NA	NA	2	1	1
X	85945379	88309051	3	2	1	2	d	2	1.76	1.19	0.0580667830903	0.178233567692	NA	NA	NA	1	1	0.133052757680369	2	1	0.866947242319631	0.0254473942344586	0.0255911966167663	0.0938999905393408	0.19566356944991	3	1	2	NA	NA	NA	NA	NA	NA	3	1	2
X	88309052	88615682	2	1	1	2	d	2	1.92	1	0.0423549597752	0.174532604153	NA	NA	NA	1	1	1	NA	NA	NA	NA	NA	NA	NA	NA	NA	NA	NA	NA	NA	NA	NA	NA	2	1	1
X	88615683	93383107	3	2	1	2	d	3	1.92	1	0.0711766996679	0.205063609554	NA	NA	NA	2	1	1	NA	NA	NA	NA	NA	NA	NA	3	1	2	NA	NA	NA	NA	NA	NA	3	1	2
X	93383108	94011260	4	2	2	2	d	3	1.94	1.94	0.0422737880494	0.1	NA	NA	NA	2	2	1	NA	NA	NA	NA	NA	NA	NA	4	2	2	NA	NA	NA	NA	NA	NA	4	2	2
X	94011261	111837200	2	2	0	2	d	3	1	1	0.0661231672641	0.145740543923	NA	NA	NA	2	0	1	NA	NA	NA	NA	NA	NA	NA	2	0	2	NA	NA	NA	NA	NA	NA	2	0	2
X	111837201	111839261	2	2	0	2	d	2	1	1	0.05	0.1	NA	NA	NA	2	0	1	NA	NA	NA	NA	NA	NA	NA	NA	NA	NA	NA	NA	NA	NA	NA	NA	2	0	2
X	111839262	116507681	2	2	0	2	d	3	1	1	0.0641326288222	0.12655412669	NA	NA	NA	2	0	1	NA	NA	NA	NA	NA	NA	NA	2	0	2	NA	NA	NA	NA	NA	NA	2	0	2
X	116507682	117167576	4	2	2	2	d	3	1	1	0.0329774126328	0.220044573121	NA	NA	NA	2	2	1	NA	NA	NA	NA	NA	NA	NA	4	2	2	NA	NA	NA	NA	NA	NA	4	2	2
X	117167577	154913600	2	2	0	3	b	4	2	0	0.0637968627196	0.141821350365	NA	NA	NA	2	0	1	NA	NA	NA	NA	NA	NA	NA	2	0	2	NA	NA	NA	NA	NA	NA	2	0	2
