chromosome	start	end	total_cn	major_cn	minor_cn	star	level	methods_agree	absolute_broad_major_cn	absolute_broad_minor_cn	absolute_broad_het_error	absolute_broad_cov_error	aceseq_copy_number	aceseq_minor_cn	aceseq_major_cn	battenberg_nMaj1_A	battenberg_nMin1_A	battenberg_frac1_A	battenberg_nMaj2_A	battenberg_nMin2_A	battenberg_frac2_A	battenberg_SDfrac_A	battenberg_SDfrac_A_BS	battenberg_frac1_A_0.025	battenberg_frac1_A_0.975	clonehd_copy_number	clonehd_minor_cn	clonehd_major_cn	sclust_nMaj1_A	sclust_nMin1_A	sclust_frac1_A	sclust_nMaj2_A	sclust_nMin2_A	sclust_frac2_A	jabba_copy_number	jabba_minor_cn	jabba_major_cn
1	1	121499999	2	1	1	3	a	6	1	1	0.0423850412553	0.170058087214	2	1	1	1	1	1	NA	NA	NA	NA	NA	NA	NA	2	1	1	1	1	1	NA	NA	NA	2	1	1
1	121500000	128899999	2	1	1	3	b	5	1	1	0.05	0.1	2	1	1	1	1	1	NA	NA	NA	NA	NA	NA	NA	NA	NA	NA	1	1	1	NA	NA	NA	2	1	1
1	128900000	249250620	2	1	1	3	a	6	1	1	0.0411019270456	0.149579025715	2	1	1	1	1	1	NA	NA	NA	NA	NA	NA	NA	2	1	1	1	1	1	NA	NA	NA	2	1	1
2	12154	90499999	2	1	1	3	a	6	1	1	0.0422992908426	0.175004231774	2	1	1	1	1	1	NA	NA	NA	NA	NA	NA	NA	2	1	1	1	1	1	NA	NA	NA	2	1	1
2	90500000	96799999	2	1	1	3	b	5	1	1	0.0357984631744	0.20180279573	2	1	1	NA	NA	NA	NA	NA	NA	NA	NA	NA	NA	2	1	1	1	1	1	NA	NA	NA	2	1	1
2	96800000	151861627	2	1	1	3	a	6	1	1	0.0416162710716	0.138566423388	2	1	1	1	1	1	NA	NA	NA	NA	NA	NA	NA	2	1	1	1	1	1	NA	NA	NA	2	1	1
2	151861628	180681101	2	1	1	2	d	4	1	1	0.05	0.12984471618	1.993989	0.598012844	1.3959763	NA	NA	NA	NA	NA	NA	NA	NA	NA	NA	2	1	1	1	1	1	NA	NA	NA	2	1	1
2	180681102	242989444	2	1	1	3	a	6	1	1	0.0406575950812	0.135983459119	2	1	1	1	1	1	NA	NA	NA	NA	NA	NA	NA	2	1	1	1	1	1	NA	NA	NA	2	1	1
3	100074	87899999	2	1	1	3	a	6	1	1	0.0414852232779	0.136273201168	2	1	1	1	1	1	NA	NA	NA	NA	NA	NA	NA	2	1	1	1	1	1	NA	NA	NA	2	1	1
3	87900000	93899999	2	1	1	3	a	6	1	1	0.0351898381989	0.1332971134	2	1	1	1	1	1	NA	NA	NA	NA	NA	NA	NA	2	1	1	1	1	1	NA	NA	NA	2	1	1
3	93900000	198022429	2	1	1	3	a	6	1	1	0.0410490643958	0.139252724389	2	1	1	1	1	1	NA	NA	NA	NA	NA	NA	NA	2	1	1	1	1	1	NA	NA	NA	2	1	1
4	27500	48199999	2	1	1	3	a	6	1	1	0.0411414804686	0.137571888351	2	1	1	1	1	1	NA	NA	NA	NA	NA	NA	NA	2	1	1	1	1	1	NA	NA	NA	2	1	1
4	48200000	52699999	2	1	1	3	a	6	1	1	0.0399980358217	0.242914394808	2	1	1	1	1	1	NA	NA	NA	NA	NA	NA	NA	2	1	1	1	1	1	NA	NA	NA	2	1	1
4	52700000	191154275	2	1	1	3	a	6	1	1	0.0396537040666	0.149043609423	2	1	1	1	1	1	NA	NA	NA	NA	NA	NA	NA	2	1	1	1	1	1	NA	NA	NA	2	1	1
5	22500	46099999	4	2	2	2	d	5	1.71	1.71	0.03344709719	0.202297844328	4	2	2	2	2	1	NA	NA	NA	NA	NA	NA	NA	4	2	2	2	2	1	NA	NA	NA	4	2	2
5	46100000	50699999	4	2	2	2	d	4	1.71	1.71	0.0342109810945	0.238860344595	4	2	2	NA	NA	NA	NA	NA	NA	NA	NA	NA	NA	4	2	2	2	2	1	NA	NA	NA	4	2	2
5	50700000	180915259	4	2	2	2	d	5	1.71	1.71	0.0319592845383	0.219132418475	4	2	2	2	2	1	NA	NA	NA	NA	NA	NA	NA	4	2	2	2	2	1	NA	NA	NA	4	2	2
6	242501	58699999	2	1	1	3	a	6	1	1	0.0446905160734	0.163184551726	2	1	1	1	1	1	NA	NA	NA	NA	NA	NA	NA	2	1	1	1	1	1	NA	NA	NA	2	1	1
6	58700000	63299999	2	1	1	2	d	5	1	1	0.05	0.227613436208	1.973347	0.88873998	1.0846072	1	1	1	NA	NA	NA	NA	NA	NA	NA	2	1	1	1	1	1	NA	NA	NA	2	1	1
6	63300000	159867690	2	1	1	3	a	6	1	1	0.0412280603207	0.139720939419	2	1	1	1	1	1	NA	NA	NA	NA	NA	NA	NA	2	1	1	1	1	1	NA	NA	NA	2	1	1
6	159867691	163064041	2	1	1	2	d	4	1	1	0.05	0.149261816319	2	1	1	6	0	1	NA	NA	NA	NA	NA	NA	NA	2	1	1	2	0	1	NA	NA	NA	2	1	1
6	163064042	170402643	2	1	1	2	d	3	1	1	0.05	0.140270011192	NA	NA	NA	1	0	1	NA	NA	NA	NA	NA	NA	NA	2	1	1	1	0	0.783109	1	1	0.216891	2	1	1
7	40386	57999999	3	2	1	2	d	5	1.82	1	0.0548511620945	0.198293008827	3	1	2	2	1	1	NA	NA	NA	NA	NA	NA	NA	3	1	2	2	1	1	NA	NA	NA	3	1	2
7	58000000	61699999	3	2	1	2	d	3	1.82	1	0.05	0.380421725898	3	1	2	NA	NA	NA	NA	NA	NA	NA	NA	NA	NA	NA	NA	NA	2	1	1	NA	NA	NA	3	1	2
7	61700000	159138662	3	2	1	2	d	5	1.82	1	0.0547800592393	0.1860544538	3	1	2	2	1	1	NA	NA	NA	NA	NA	NA	NA	3	1	2	2	1	1	NA	NA	NA	3	1	2
8	172500	43099999	2	1	1	2	d	4	1	1	0.0439878455413	0.154481038477	2.139397	1.069698308	1.0696983	1	1	0.865893918156172	2	1	0.134106081843828	0.00245148862754019	0.00244282919793038	0.861184674081594	0.870536446254086	2	1	1	1	1	1	NA	NA	NA	2	1	1
8	43100000	48099999	2	1	1	2	d	4	1	1	0.0374864004674	0.178085060303	2.112107	1.056053339	1.0560533	NA	NA	NA	NA	NA	NA	NA	NA	NA	NA	2	1	1	1	1	1	NA	NA	NA	2	1	1
8	48100000	146364021	2	1	1	2	d	4	1	1	0.0424737733607	0.142837233773	2.131797	1.065898336	1.0658983	1	1	0.859902370127054	2	1	0.140097629872946	0.00191571957379116	0.00187503129151084	0.856257130385916	0.863684760164445	2	1	1	1	1	1	NA	NA	NA	2	1	1
9	10001	200100	3	2	1	2	d	3	1.71	0.88	0.05	0.1	NA	NA	NA	NA	NA	NA	NA	NA	NA	NA	NA	NA	NA	3	1	2	2	1	1	NA	NA	NA	3	1	2
9	200101	44235287	3	2	1	2	d	5	1.71	0.88	0.0552853009942	0.178815601189	3	1	2	2	1	1	NA	NA	NA	NA	NA	NA	NA	3	1	2	2	1	1	NA	NA	NA	3	1	2
9	44235288	45509128	3	2	1	2	d	4	1.71	0.88	0.05	0.321410570735	3	1	2	2	1	1	NA	NA	NA	NA	NA	NA	NA	1	0	1	2	1	1	NA	NA	NA	3	1	2
9	45509129	47299999	3	2	1	2	d	2	NA	NA	NA	NA	NA	NA	NA	NA	NA	NA	NA	NA	NA	NA	NA	NA	NA	1	0	1	2	1	1	NA	NA	NA	3	1	2
9	47300000	50699999	3	2	1	1	h	1	NA	NA	NA	NA	NA	NA	NA	NA	NA	NA	NA	NA	NA	NA	NA	NA	NA	NA	NA	NA	NA	NA	NA	NA	NA	NA	3	1	2
9	50700000	141050413	3	2	1	2	d	5	1.71	0.93	0.0556688343202	0.177763501655	3	1	2	2	1	1	NA	NA	NA	NA	NA	NA	NA	3	1	2	2	1	1	NA	NA	NA	3	1	2
10	130013	37999999	2	1	1	3	a	6	1	1	0.0428200639179	0.130337414394	2	1	1	1	1	1	NA	NA	NA	NA	NA	NA	NA	2	1	1	1	1	1	NA	NA	NA	2	1	1
10	38000000	42299999	2	1	1	3	b	5	1	1	0.0328035224824	0.188502636722	2	1	1	1	1	1	NA	NA	NA	NA	NA	NA	NA	2	1	1	NA	NA	NA	NA	NA	NA	2	1	1
10	42300000	135534746	2	1	1	3	a	6	1	1	0.0435724757693	0.157071647153	2	1	1	1	1	1	NA	NA	NA	NA	NA	NA	NA	2	1	1	1	1	1	NA	NA	NA	2	1	1
11	190010	31385253	1	1	0	3	a	6	1	0	0.0715999010745	0.144966715984	1	0	1	1	0	1	NA	NA	NA	NA	NA	NA	NA	1	0	1	1	0	1	NA	NA	NA	1	0	1
11	31385254	50120091	1	1	0	3	a	6	1	0	0.0710843690144	0.141791766085	1	0	1	1	0	1	NA	NA	NA	NA	NA	NA	NA	1	0	1	1	0	1	NA	NA	NA	1	0	1
11	50120092	50725035	1	1	0	2	d	3	2.36	0	0.05	0.400801459817	1.33758	0	1.3375801	2	0	0.499623070393766	3	0	0.500376929606234	0.0616743658340795	0.0529442959321686	0.634743978611987	0.834691790571481	1	0	1	1	0	1	NA	NA	NA	1	0	1
11	50725036	55699999	1	1	0	3	b	5	1	0	0.0508133359499	0.239111820093	1	0	1	NA	NA	NA	NA	NA	NA	NA	NA	NA	NA	1	0	1	1	0	1	NA	NA	NA	1	0	1
11	55700000	135006515	1	1	0	3	a	6	1	0	0.0693170399878	0.105514111665	1	0	1	1	0	1	NA	NA	NA	NA	NA	NA	NA	1	0	1	1	0	1	NA	NA	NA	1	0	1
12	110107	33299999	2	1	1	3	a	6	1	1	0.042431582096	0.146253762866	2	1	1	1	1	1	NA	NA	NA	NA	NA	NA	NA	2	1	1	1	1	1	NA	NA	NA	2	1	1
12	33300000	38199999	2	1	1	3	a	6	1	1	0.0439881625099	0.159260408891	2	1	1	1	1	1	NA	NA	NA	NA	NA	NA	NA	2	1	1	1	1	1	NA	NA	NA	2	1	1
12	38200000	133851894	2	1	1	3	a	6	1	1	0.0420760925101	0.139659907557	2	1	1	1	1	1	NA	NA	NA	NA	NA	NA	NA	2	1	1	1	1	1	NA	NA	NA	2	1	1
13	1	16299999	2	1	1	1	h	1	NA	NA	NA	NA	NA	NA	NA	NA	NA	NA	NA	NA	NA	NA	NA	NA	NA	NA	NA	NA	NA	NA	NA	NA	NA	NA	2	1	1
13	16300000	19499999	2	1	1	2	d	3	0.88	0.88	0.05	0.356685864252	NA	NA	NA	1	1	1	NA	NA	NA	NA	NA	NA	NA	2	1	1	1	0	0.417817	1	1	0.582183	2	1	1
13	19500000	115169877	2	1	1	2	d	5	0.88	0.88	0.0419231300686	0.133882841176	2	1	1	1	1	1	NA	NA	NA	NA	NA	NA	NA	2	1	1	1	1	1	NA	NA	NA	2	1	1
14	1	16099999	2	1	1	1	h	1	NA	NA	NA	NA	NA	NA	NA	NA	NA	NA	NA	NA	NA	NA	NA	NA	NA	NA	NA	NA	NA	NA	NA	NA	NA	NA	2	1	1
14	16100000	19099999	2	1	1	2	d	2	1	1	0.05	0.163215107056	NA	NA	NA	NA	NA	NA	NA	NA	NA	NA	NA	NA	NA	NA	NA	NA	2	1	0.444034	1	1	0.555966	2	1	1
14	19100000	20294643	2	1	1	2	d	3	1	1	0.05	0.391951031362	NA	NA	NA	NA	NA	NA	NA	NA	NA	NA	NA	NA	NA	2	1	1	2	1	0.444034	1	1	0.555966	2	1	1
14	20294644	107349539	2	1	1	2	d	4	1	1	0.0413820059668	0.144677302129	2.173491	1.086745363	1.0867454	1	1	0.889333644674682	2	1	0.110666355325318	0.00193113088133012	0.00192262902655437	0.889681362768912	0.897381377708165	2	1	1	1	1	1	NA	NA	NA	2	1	1
15	1	15799999	2	1	1	1	h	1	NA	NA	NA	NA	NA	NA	NA	NA	NA	NA	NA	NA	NA	NA	NA	NA	NA	NA	NA	NA	NA	NA	NA	NA	NA	NA	2	1	1
15	15800000	20699999	2	1	1	2	d	3	1	1	0.05	0.467921575649	NA	NA	NA	1	1	1	NA	NA	NA	NA	NA	NA	NA	NA	NA	NA	2	0	0.430326	2	1	0.569674	2	1	1
15	20700000	102409948	2	1	1	3	a	6	1	1	0.0418644875147	0.165216320369	2	1	1	1	1	1	NA	NA	NA	NA	NA	NA	NA	2	1	1	1	1	1	NA	NA	NA	2	1	1
16	100010	33437499	2	1	1	3	a	6	1	1	0.0435364230831	0.184311391317	2	1	1	1	1	1	NA	NA	NA	NA	NA	NA	NA	2	1	1	1	1	1	NA	NA	NA	2	1	1
16	33437500	34599999	2	1	1	2	d	5	1	1	0.05	0.20362327309	2	1	1	1	1	1	NA	NA	NA	NA	NA	NA	NA	2	1	1	2	1	0.895102	1	1	0.104898	2	1	1
16	34600000	38599999	2	1	1	3	b	5	1	1	0.05	0.202174282639	NA	NA	NA	1	1	1	NA	NA	NA	NA	NA	NA	NA	2	1	1	1	1	1	NA	NA	NA	2	1	1
16	38600000	90354752	2	1	1	3	a	6	1	1	0.0440671120081	0.15061755973	2	1	1	1	1	1	NA	NA	NA	NA	NA	NA	NA	2	1	1	1	1	1	NA	NA	NA	2	1	1
17	1389	16771306	2	2	0	3	a	6	2	0	0.0496900731142	0.200474062056	2	0	2	2	0	1	NA	NA	NA	NA	NA	NA	NA	2	0	2	2	0	1	NA	NA	NA	2	0	2
17	16771307	22199999	2	2	0	3	a	6	2	0	0.05282835185	0.14950772914	2	0	2	2	0	1	NA	NA	NA	NA	NA	NA	NA	2	0	2	2	0	1	NA	NA	NA	2	0	2
17	22200000	25799999	2	2	0	3	b	5	2	0	0.0377419896437	0.183305495512	2	0	2	NA	NA	NA	NA	NA	NA	NA	NA	NA	NA	2	0	2	2	0	1	NA	NA	NA	2	0	2
17	25800000	44217242	2	2	0	3	a	6	2	0	0.0499421304425	0.150150654461	2	0	2	2	0	1	NA	NA	NA	NA	NA	NA	NA	2	0	2	2	0	1	NA	NA	NA	2	0	2
17	44217243	44634761	2	2	0	2	d	2	1.36	0	0.05	0.20457613831	1.414254	0.044752729	1.3695012	2	0	1	NA	NA	NA	NA	NA	NA	NA	NA	NA	NA	1	0	1	NA	NA	NA	2	0	2
17	44634762	81195209	2	2	0	3	a	6	2	0	0.0487746010697	0.152187831813	2	0	2	2	0	1	NA	NA	NA	NA	NA	NA	NA	2	0	2	2	0	1	NA	NA	NA	2	0	2
18	10001	130030	2	1	1	2	d	3	1.2	1	0.05	0.424814442593	NA	NA	NA	1	1	0.886786757506832	2	1	0.113213242493168	0.00666047508902345	0.00478190170333057	0.880111448397569	0.893432398575616	2	1	1	1	1	1	NA	NA	NA	2	1	1
18	130031	15399999	2	1	1	2	d	3	1.2	1	0.0461620530018	0.152160089557	2.313291	1.024649246	1.2886413	1	1	0.725969024908732	2	1	0.274030975091268	0.00461889625349954	0.00448950076978634	0.721272122479825	0.738875537733997	2	1	1	1	1	1	NA	NA	NA	2	1	1
18	15400000	18999999	2	1	1	2	d	2	1.2	1	0.05	0.135181460012	2.313291	1.024649246	1.2886413	2	1	1	NA	NA	NA	NA	NA	NA	NA	NA	NA	NA	1	1	1	NA	NA	NA	2	1	1
18	19000000	78077247	2	1	1	2	d	3	1.2	1	0.0456624575974	0.147657106658	2.305825	1.017141666	1.2886831	1	1	0.73025075889453	2	1	0.26974924110547	0.00249797660466849	0.00256554241093657	0.724457695298176	0.734452836841648	2	1	1	1	1	1	NA	NA	NA	2	1	1
19	102500	260136	3	2	1	2	d	4	NA	NA	NA	NA	NA	NA	NA	2	1	1	NA	NA	NA	NA	NA	NA	NA	3	1	2	2	1	1	NA	NA	NA	3	1	2
19	260137	24399999	3	2	1	2	d	5	1.82	1	0.0538268648698	0.207098564929	3	1	2	2	1	1	NA	NA	NA	NA	NA	NA	NA	3	1	2	2	1	1	NA	NA	NA	3	1	2
19	24400000	28599999	3	2	1	2	d	4	1.82	1	0.0582566190055	0.433382273632	3	1	2	NA	NA	NA	NA	NA	NA	NA	NA	NA	NA	3	1	2	2	1	1	NA	NA	NA	3	1	2
19	28600000	35849616	3	2	1	2	d	5	1.82	1	0.052655965671	0.172155991346	3	1	2	2	1	1	NA	NA	NA	NA	NA	NA	NA	3	1	2	2	1	1	NA	NA	NA	3	1	2
19	35849617	59128982	3	2	1	2	d	5	1.82	1	0.0580600433967	0.287976905826	3	1	2	2	1	1	NA	NA	NA	NA	NA	NA	NA	3	1	2	2	1	1	NA	NA	NA	3	1	2
20	60479	25599999	2	1	1	2	d	2	1.36	1.07	0.0467150286489	0.153609432362	2.516353	1.089098511	1.4272548	1	1	0.681884346592782	2	1	0.318115653407218	0.00898520268176467	0.00877921409930903	0.664068089688991	0.70002317870421	2	1	1	2	1	0.284147	1	1	0.715853	2	1	1
20	25600000	29399999	2	1	1	2	e	4	1.36	1.07	0.0376146616874	0.569454195394	2.516353	1.089098511	1.4272548	1	1	0.681884346592782	2	1	0.318115653407218	0.00898520268176467	0.00877921409930903	0.664068089688991	0.70002317870421	3	1	2	2	1	0.293458	1	1	0.706542	2	1	1
20	29400000	63025519	2	1	1	2	e	5	1.36	1.07	0.0481516375652	0.162721370074	2.544412	1.096615031	1.447797	1	1	0.657461281135914	2	1	0.342538718864086	0.00372509891656125	0.00361052320402918	0.662415843810612	0.676979051633213	3	1	2	2	1	0.306023	1	1	0.693977	2	1	1
21	1	9417499	NA	NA	NA	NA	NA	NA	1	1	0.05	0.1	NA	NA	NA	NA	NA	NA	NA	NA	NA	NA	NA	NA	NA	NA	NA	NA	2	0	0.393005	2	1	0.606995	NA	NA	NA
21	9417500	10899999	NA	NA	NA	NA	NA	NA	1	1	0.05	0.531299287722	NA	NA	NA	NA	NA	NA	NA	NA	NA	NA	NA	NA	NA	NA	NA	NA	2	0	0.393005	2	1	0.606995	NA	NA	NA
21	10900000	14299999	2	1	1	2	d	2	1	1	0.05	0.254054796271	NA	NA	NA	NA	NA	NA	NA	NA	NA	NA	NA	NA	NA	NA	NA	NA	1	1	1	NA	NA	NA	NA	NA	NA
21	14300000	48129894	2	1	1	3	b	5	1	1	0.0414083179355	0.148182978585	2	1	1	1	1	1	NA	NA	NA	NA	NA	NA	NA	2	1	1	1	1	1	NA	NA	NA	NA	NA	NA
22	1	12199999	2	1	1	1	h	1	NA	NA	NA	NA	NA	NA	NA	NA	NA	NA	NA	NA	NA	NA	NA	NA	NA	NA	NA	NA	NA	NA	NA	NA	NA	NA	2	1	1
22	12200000	17899999	2	1	1	2	d	4	1	1	0.0656083983096	0.212983095046	1.898242	0.949120783	0.9491208	1	0	0.107586579940052	1	1	0.892413420059948	0.00284576514924347	0.00282055350649416	0.102164836500887	0.113024309351689	2	1	1	1	1	1	NA	NA	NA	2	1	1
22	17900000	51304565	2	1	1	2	d	4	1	1	0.0471225373905	0.145374784843	1.892741	0.94637054	0.9463705	1	0	0.107586579940052	1	1	0.892413420059948	0.00284576514924347	0.00282055350649416	0.102164836500887	0.113024309351689	2	1	1	1	1	1	NA	NA	NA	2	1	1
X	1	58099999	1	1	0	3	a	3	1	0	0.0467563199188	0.184999602739	1	0	1	NA	NA	NA	NA	NA	NA	NA	NA	NA	NA	1	0	1	NA	NA	NA	NA	NA	NA	1	0	1
X	58100000	62999999	1	1	0	3	a	3	1	0	0.05	0.547188600191	1	0	1	NA	NA	NA	NA	NA	NA	NA	NA	NA	NA	1	0	1	NA	NA	NA	NA	NA	NA	1	0	1
X	63000000	155270559	1	1	0	3	a	3	1	0	0.161869042524	0.191695888748	1	0	1	NA	NA	NA	NA	NA	NA	NA	NA	NA	NA	1	0	1	NA	NA	NA	NA	NA	NA	1	0	1
Y	1	11599999	1	1	0	1	h	1	NA	NA	NA	NA	1	0	1	NA	NA	NA	NA	NA	NA	NA	NA	NA	NA	NA	NA	NA	NA	NA	NA	NA	NA	NA	3	0	3
Y	11600000	13399999	1	1	0	1	h	1	NA	NA	NA	NA	1	0	1	NA	NA	NA	NA	NA	NA	NA	NA	NA	NA	NA	NA	NA	NA	NA	NA	NA	NA	NA	3	0	3
Y	13400000	59373565	1	1	0	1	h	1	NA	NA	NA	NA	1	0	1	NA	NA	NA	NA	NA	NA	NA	NA	NA	NA	NA	NA	NA	NA	NA	NA	NA	NA	NA	3	0	3
