chromosome	start	end	total_cn	major_cn	minor_cn	star	level	methods_agree	absolute_broad_major_cn	absolute_broad_minor_cn	absolute_broad_het_error	absolute_broad_cov_error	aceseq_copy_number	aceseq_minor_cn	aceseq_major_cn	battenberg_nMaj1_A	battenberg_nMin1_A	battenberg_frac1_A	battenberg_nMaj2_A	battenberg_nMin2_A	battenberg_frac2_A	battenberg_SDfrac_A	battenberg_SDfrac_A_BS	battenberg_frac1_A_0.025	battenberg_frac1_A_0.975	clonehd_copy_number	clonehd_minor_cn	clonehd_major_cn	sclust_nMaj1_A	sclust_nMin1_A	sclust_frac1_A	sclust_nMaj2_A	sclust_nMin2_A	sclust_frac2_A	jabba_copy_number	jabba_minor_cn	jabba_major_cn
1	802501	31867045	1	1	0	2	d	4	1	0	0.074876247564	0.15176050469	NA	NA	NA	1	0	1	NA	NA	NA	NA	NA	NA	NA	1	0	1	1	1	1	NA	NA	NA	1	0	1
1	31867046	32923206	2	1	1	2	d	3	1	1	0.0500406970774	0.170732659641	NA	NA	NA	1	1	1	NA	NA	NA	NA	NA	NA	NA	1	0	1	1	1	1	NA	NA	NA	1	0	1
1	32923207	40942498	1	1	0	1	g	NA	1	1	0.0622664593144	0.126541400754	NA	NA	NA	1	0	0.455000455000451	1	1	0.544999544999549	0.0213334753695583	0.0211610100244251	0.426853603872882	0.509862306057185	1	0	1	1	1	1	NA	NA	NA	1	0	1
1	40942499	44566025	1	1	0	1	g	NA	1	1	0.0621677400671	0.121370266732	NA	NA	NA	1	0	0.455000455000451	1	1	0.544999544999549	0.0213334753695583	0.0211610100244251	0.426853603872882	0.509862306057185	1	0	1	1	1	1	NA	NA	NA	1	0	1
1	44566026	51665629	2	1	1	2	d	4	1	1	0.0575576282722	0.140421695562	NA	NA	NA	1	0	0.455000455000451	1	1	0.544999544999549	0.0213334753695583	0.0211610100244251	0.426853603872882	0.509862306057185	2	1	1	1	1	1	NA	NA	NA	2	1	1
1	51665630	121499999	2	1	1	2	d	4	1	1	0.0540355621721	0.118183966669	NA	NA	NA	1	1	0.783333116666454	2	1	0.216666883333546	0.0105715048956875	0.0103688379144516	0.776863906596465	0.817417852016958	2	1	1	1	1	1	NA	NA	NA	2	1	1
1	121500000	128899999	2	1	1	2	d	2	NA	NA	NA	NA	NA	NA	NA	NA	NA	NA	NA	NA	NA	NA	NA	NA	NA	NA	NA	NA	1	1	1	NA	NA	NA	2	1	1
1	128900000	144920086	2	1	1	2	d	3	1	1	0.05	0.356045482718	NA	NA	NA	4	2	1	NA	NA	NA	NA	NA	NA	NA	NA	NA	NA	1	1	1	NA	NA	NA	2	1	1
1	144920087	196829010	2	1	1	2	d	4	1	1	0.0571968409872	0.138352634474	NA	NA	NA	1	1	0.39333272666606	2	1	0.60666727333394	0.0139440828057254	0.0140955647892015	0.389009603216378	0.443539957301679	2	1	1	1	1	1	NA	NA	NA	2	1	1
1	196829011	197024096	1	1	0	1	h	1	2	0	0.05	0.0805751344393	NA	NA	NA	1	0	1	NA	NA	NA	NA	NA	NA	NA	NA	NA	NA	1	1	1	NA	NA	NA	2	1	1
1	197024097	249250620	2	1	1	2	d	3	1.57	0.77	0.0592871875134	0.11767116508	NA	NA	NA	2	1	1	NA	NA	NA	NA	NA	NA	NA	2	1	1	1	1	1	NA	NA	NA	2	1	1
2	22500	22466931	2	1	1	3	b	5	1	1	0.0581762755705	0.115262974289	NA	NA	NA	1	1	1	NA	NA	NA	NA	NA	NA	NA	2	1	1	1	1	1	NA	NA	NA	2	1	1
2	22466932	57877766	2	1	1	3	b	5	1	1	0.0555198246811	0.119043526706	NA	NA	NA	1	1	1	NA	NA	NA	NA	NA	NA	NA	2	1	1	1	1	1	NA	NA	NA	2	1	1
2	57877767	57904431	2	1	1	2	d	4	1	1	0.05	0.1	NA	NA	NA	1	1	1	NA	NA	NA	NA	NA	NA	NA	NA	NA	NA	1	1	1	NA	NA	NA	2	1	1
2	57904432	89847994	2	1	1	3	b	5	1	1	0.0546633358878	0.113257482685	NA	NA	NA	1	1	1	NA	NA	NA	NA	NA	NA	NA	2	1	1	1	1	1	NA	NA	NA	2	1	1
2	89847995	96799999	2	1	1	3	b	5	1	1	0.0789556458154	0.222320322903	NA	NA	NA	1	1	1	NA	NA	NA	NA	NA	NA	NA	2	1	1	1	1	1	NA	NA	NA	2	1	1
2	96800000	242986605	2	1	1	3	b	5	1	1	0.0539184515327	0.118376176857	NA	NA	NA	1	1	1	NA	NA	NA	NA	NA	NA	NA	2	1	1	1	1	1	NA	NA	NA	2	1	1
3	62179	55957558	2	1	1	3	b	5	1	1	0.0566074987389	0.119716591384	NA	NA	NA	1	1	1	NA	NA	NA	NA	NA	NA	NA	2	1	1	1	1	1	NA	NA	NA	2	1	1
3	55957559	56440445	2	1	1	2	f	3	0	0	0.05	0.0899850145216	NA	NA	NA	2	1	1	NA	NA	NA	NA	NA	NA	NA	2	1	1	1	0	0.387513	1	1	0.612487	2	1	1
3	56440446	87899999	2	1	1	3	b	5	1	1	0.0528929302203	0.109062056562	NA	NA	NA	1	1	1	NA	NA	NA	NA	NA	NA	NA	2	1	1	1	1	1	NA	NA	NA	2	1	1
3	87900000	93899999	2	1	1	2	d	4	1	1	0.0448078469981	0.115214500888	NA	NA	NA	1	1	1	NA	NA	NA	NA	NA	NA	NA	3	1	2	1	1	1	NA	NA	NA	2	1	1
3	93900000	198022429	2	1	1	3	b	5	1	1	0.0537306101164	0.110098574654	NA	NA	NA	1	1	1	NA	NA	NA	NA	NA	NA	NA	2	1	1	1	1	1	NA	NA	NA	2	1	1
4	36798	9550797	4	3	1	2	e	0	1	1	0.0671640621363	0.164092822282	NA	NA	NA	1	1	0.674999674999673	2	1	0.325000325000327	0.0333577956781745	0.032715212034236	0.594576747145687	0.727033995983642	1	0	1	1	1	1	NA	NA	NA	1	0	1
4	9550798	48199999	2	1	1	2	d	4	1	1	0.0541265880606	0.109714721184	NA	NA	NA	1	1	1	NA	NA	NA	NA	NA	NA	NA	2	1	1	1	1	1	NA	NA	NA	3	1	2
4	48200000	52699999	2	1	1	3	b	5	1	1	0.0635476772367	0.514579570099	NA	NA	NA	1	1	1	NA	NA	NA	NA	NA	NA	NA	2	1	1	1	1	1	NA	NA	NA	2	1	1
4	52700000	58780061	2	1	1	2	d	4	1	1	0.0527688564442	0.123342765527	NA	NA	NA	1	1	0.73235267352915	2	1	0.26764732647085	0.0316222460544742	0.0320601655215981	0.67615832912259	0.80178734854972	2	1	1	1	1	1	NA	NA	NA	2	1	1
4	58780062	58783414	1	1	0	1	h	1	1	0	0.05	0.1	NA	NA	NA	1	0	1	NA	NA	NA	NA	NA	NA	NA	NA	NA	NA	1	1	1	NA	NA	NA	2	1	1
4	58783415	74285252	4	3	1	2	e	0	1	0	0.0550886438205	0.118798712757	NA	NA	NA	1	0	0.700000700000705	1	1	0.299999299999295	0.016510797623516	0.0166815063096223	0.665071306354516	0.731427657715164	2	1	1	1	1	1	NA	NA	NA	3	1	2
4	74285253	74334675	3	2	1	1	g	NA	1	0	0.05	0.1	NA	NA	NA	1	1	1	NA	NA	NA	NA	NA	NA	NA	3	1	2	1	1	1	NA	NA	NA	4	1	3
4	74334676	117589991	2	1	1	2	d	4	1	1	0.0563094156549	0.134975249847	NA	NA	NA	1	0	0.535294652941712	1	1	0.464705347058288	0.0108285495802261	0.0108513335350975	0.537761111366456	0.579676326107979	2	1	1	1	1	1	NA	NA	NA	2	1	1
4	117589992	184489124	2	1	1	2	d	4	1	1	0.0521525415707	0.108144032178	NA	NA	NA	1	0	0.284375284375292	1	1	0.715624715624708	0.00875922727402095	0.00820122555894759	0.285447230296377	0.317580443391914	2	1	1	1	1	1	NA	NA	NA	2	1	1
4	184489125	184767975	1	1	0	2	d	3	1	1	0.0406562575941	0.123912400557	NA	NA	NA	1	0	1	NA	NA	NA	NA	NA	NA	NA	1	0	1	1	1	1	NA	NA	NA	1	0	1
4	184767976	191154275	2	1	1	2	d	3	1	1	0.0641400054841	0.112653331034	NA	NA	NA	0	0	0.76333302999969	1	0	0.23666697000031	0.0245318741963739	0.024121556343941	0.704894176999265	0.796219269415857	2	1	1	1	1	1	NA	NA	NA	1	0	1
5	22500	872201	2	1	1	2	d	2	1	1	0.0882629695439	0.240319481157	NA	NA	NA	NA	NA	NA	NA	NA	NA	NA	NA	NA	NA	2	1	1	1	0	0.532111	1	1	0.467889	1	0	1
5	872202	26287756	2	1	1	3	b	5	1	1	0.0547764819782	0.116898544227	NA	NA	NA	1	1	1	NA	NA	NA	NA	NA	NA	NA	2	1	1	1	1	1	NA	NA	NA	2	1	1
5	26287757	46099999	2	1	1	3	b	5	1	1	0.0512696546847	0.105297409703	NA	NA	NA	1	1	1	NA	NA	NA	NA	NA	NA	NA	2	1	1	1	1	1	NA	NA	NA	2	1	1
5	46100000	50699999	2	1	1	2	d	3	1	1	0.0514715256337	0.147622873235	NA	NA	NA	NA	NA	NA	NA	NA	NA	NA	NA	NA	NA	3	1	2	1	1	1	NA	NA	NA	2	1	1
5	50700000	99450017	2	1	1	3	b	5	1	1	0.053860820574	0.115049734069	NA	NA	NA	1	1	1	NA	NA	NA	NA	NA	NA	NA	2	1	1	1	1	1	NA	NA	NA	2	1	1
5	99450018	180665469	2	1	1	3	b	5	1	1	0.0546083824451	0.123547135673	NA	NA	NA	1	1	1	NA	NA	NA	NA	NA	NA	NA	2	1	1	1	1	1	NA	NA	NA	2	1	1
6	201976	58699999	2	1	1	3	b	5	1	1	0.0571139641823	0.126177549809	NA	NA	NA	1	1	1	NA	NA	NA	NA	NA	NA	NA	2	1	1	1	1	1	NA	NA	NA	2	1	1
6	58700000	63299999	2	1	1	2	d	3	1	1	0.0472705678879	0.157477162361	NA	NA	NA	NA	NA	NA	NA	NA	NA	NA	NA	NA	NA	4	2	2	1	1	1	NA	NA	NA	2	1	1
6	63300000	103939998	2	1	1	2	d	3	1	1	0.050859856772	0.105044795609	NA	NA	NA	1	1	1	NA	NA	NA	NA	NA	NA	NA	3	1	2	1	1	1	NA	NA	NA	3	1	2
6	103939999	121909705	2	1	1	3	b	5	1	1	0.0525591862191	0.101533499419	NA	NA	NA	1	1	1	NA	NA	NA	NA	NA	NA	NA	2	1	1	1	1	1	NA	NA	NA	2	1	1
6	121909706	122108170	2	1	1	2	f	3	0	0	0.05	0.0965097053205	NA	NA	NA	1	0	1	NA	NA	NA	NA	NA	NA	NA	2	1	1	1	0	0.381573	1	1	0.618427	2	1	1
6	122108171	170875684	2	1	1	3	b	5	1	1	0.0550190686433	0.11012030726	NA	NA	NA	1	1	1	NA	NA	NA	NA	NA	NA	NA	2	1	1	1	1	1	NA	NA	NA	2	1	1
7	42038	8521415	2	1	1	2	d	4	1	1	0.0577973225442	0.17300550604	NA	NA	NA	1	1	1	NA	NA	NA	NA	NA	NA	NA	2	1	1	1	1	1	NA	NA	NA	1	0	1
7	8521416	33450677	2	1	1	3	b	5	1	1	0.05413132247	0.101621729258	NA	NA	NA	1	1	1	NA	NA	NA	NA	NA	NA	NA	2	1	1	1	1	1	NA	NA	NA	2	1	1
7	33450678	33453742	2	1	1	2	d	3	1	1	0.05	0.1	NA	NA	NA	3	0	1	NA	NA	NA	NA	NA	NA	NA	NA	NA	NA	1	1	1	NA	NA	NA	2	1	1
7	33453743	57999999	2	1	1	3	b	5	1	1	0.0549474409269	0.109849631198	NA	NA	NA	1	1	1	NA	NA	NA	NA	NA	NA	NA	2	1	1	1	1	1	NA	NA	NA	2	1	1
7	58000000	61869779	2	1	1	2	d	2	1	1	0.05	0.166300081263	NA	NA	NA	NA	NA	NA	NA	NA	NA	NA	NA	NA	NA	NA	NA	NA	2	2	1	NA	NA	NA	2	1	1
7	61869780	62477253	2	1	1	2	d	3	1	1	0.05	0.183278114749	NA	NA	NA	1	1	1	NA	NA	NA	NA	NA	NA	NA	4	2	2	2	2	1	NA	NA	NA	2	1	1
7	62477254	89704995	2	1	1	3	b	5	1	1	0.0533530547584	0.113762303195	NA	NA	NA	1	1	1	NA	NA	NA	NA	NA	NA	NA	2	1	1	1	1	1	NA	NA	NA	2	1	1
7	89704996	159138662	2	1	1	3	b	5	1	1	0.0572115600204	0.117797908739	NA	NA	NA	1	1	1	NA	NA	NA	NA	NA	NA	NA	2	1	1	1	1	1	NA	NA	NA	2	1	1
8	172500	15141398	1	1	0	2	d	3	1	0	0.0652157970603	0.138556497938	NA	NA	NA	1	0	1	NA	NA	NA	NA	NA	NA	NA	2	1	1	1	1	1	NA	NA	NA	1	0	1
8	15141399	15319584	3	2	1	1	g	NA	3	1	0.0594039604972	0.101289828721	NA	NA	NA	3	1	1	NA	NA	NA	NA	NA	NA	NA	3	1	2	2	1	0.666098	1	1	0.333902	1	0	1
8	15319585	19953258	1	1	0	2	d	3	1	0	0.0673272208661	0.103208625831	NA	NA	NA	1	0	1	NA	NA	NA	NA	NA	NA	NA	2	1	1	1	1	1	NA	NA	NA	1	0	1
8	19953259	43099999	1	1	0	2	d	3	1	0	0.0675493797377	0.105977970539	NA	NA	NA	1	0	1	NA	NA	NA	NA	NA	NA	NA	2	1	1	1	1	1	NA	NA	NA	1	0	1
8	43100000	48099999	NA	NA	NA	NA	NA	NA	3	0.43	0.0664665394211	0.345527903018	NA	NA	NA	NA	NA	NA	NA	NA	NA	NA	NA	NA	NA	3	1	2	2	2	0.287491	2	1	0.712509	2	1	1
8	48100000	85310002	4	3	1	2	e	2	3	0.43	0.0640502354443	0.118103272798	NA	NA	NA	4	1	1	NA	NA	NA	NA	NA	NA	NA	4	1	3	2	1	1	NA	NA	NA	3	1	2
8	85310003	100533503	4	3	1	1	g	NA	3	0	0.0644292520467	0.119443322345	NA	NA	NA	4	1	1	NA	NA	NA	NA	NA	NA	NA	4	1	3	2	1	1	NA	NA	NA	4	1	3
8	100533504	128368929	4	3	1	1	g	NA	3	0	0.0670022055224	0.114321247266	NA	NA	NA	4	1	1	NA	NA	NA	NA	NA	NA	NA	4	1	3	2	1	1	NA	NA	NA	4	1	3
8	128368930	129556996	3	2	1	2	d	3	3	0	0.0673250688154	0.105967820828	NA	NA	NA	5	2	1	NA	NA	NA	NA	NA	NA	NA	3	1	2	2	1	1	NA	NA	NA	3	1	2
8	129556997	129633151	3	2	1	2	f	2	3	0	0.05	0.122015041363	NA	NA	NA	7	3	1	NA	NA	NA	NA	NA	NA	NA	5	2	3	2	2	0.0745523	2	1	0.925448	3	1	2
8	129633152	132757223	4	3	1	1	g	NA	3	0	0.0688428320491	0.106682696142	NA	NA	NA	4	1	1	NA	NA	NA	NA	NA	NA	NA	4	1	3	2	1	1	NA	NA	NA	3	1	2
8	132757224	146364021	3	2	1	2	d	3	3	0	0.0700501185866	0.163877277679	NA	NA	NA	4	1	1	NA	NA	NA	NA	NA	NA	NA	3	1	2	2	1	1	NA	NA	NA	3	1	2
9	10001	181407	1	1	0	1	g	1	1	0	0.05	0.1	NA	NA	NA	NA	NA	NA	NA	NA	NA	NA	NA	NA	NA	NA	NA	NA	1	0	0.647134	1	1	0.352866	2	1	1
9	181408	44867222	2	1	1	2	d	3	1	0	0.0616096803774	0.178310847399	NA	NA	NA	1	0	1	NA	NA	NA	NA	NA	NA	NA	2	1	1	1	1	1	NA	NA	NA	2	1	1
9	44867223	47299999	1	1	0	1	g	NA	4	4	0.05	0.728961827812	NA	NA	NA	NA	NA	NA	NA	NA	NA	NA	NA	NA	NA	1	0	1	1	0	0.585401	1	1	0.414599	2	1	1
9	47300000	50699999	NA	NA	NA	NA	NA	NA	NA	NA	NA	NA	NA	NA	NA	NA	NA	NA	NA	NA	NA	NA	NA	NA	NA	NA	NA	NA	1	0	0.585401	1	1	0.414599	2	1	1
9	50700000	66847351	2	1	1	2	d	2	NA	NA	NA	NA	NA	NA	NA	NA	NA	NA	NA	NA	NA	NA	NA	NA	NA	2	1	1	1	0	0.585401	1	1	0.414599	2	1	1
9	66847352	135706991	1	1	0	2	d	3	1	0	0.0664738227362	0.116618908694	NA	NA	NA	1	0	1	NA	NA	NA	NA	NA	NA	NA	2	1	1	1	1	1	NA	NA	NA	1	0	1
9	135706992	135792247	3	3	0	2	e	0	1	0	0.05	0.118057402315	NA	NA	NA	0	0	1	NA	NA	NA	NA	NA	NA	NA	1	0	1	1	0	0.341085	1	1	0.658915	0	0	0
9	135792248	141213430	1	1	0	2	d	4	1	0	0.0853057640351	0.208304501037	NA	NA	NA	1	0	1	NA	NA	NA	NA	NA	NA	NA	1	0	1	1	0	0.341085	1	1	0.658915	1	0	1
10	96469	37999999	2	1	1	2	d	4	1	1	0.056129380024	0.113126118135	NA	NA	NA	1	1	1	NA	NA	NA	NA	NA	NA	NA	2	1	1	1	1	1	NA	NA	NA	1	0	1
10	38000000	42299999	2	1	1	2	d	4	1	1	0.05	0.130054621327	NA	NA	NA	1	1	1	NA	NA	NA	NA	NA	NA	NA	2	1	1	NA	NA	NA	NA	NA	NA	2	1	1
10	42300000	87383863	2	1	1	3	b	5	1	1	0.0576311151061	0.119158884295	NA	NA	NA	1	1	1	NA	NA	NA	NA	NA	NA	NA	2	1	1	1	1	1	NA	NA	NA	2	1	1
10	87383864	87388264	1	1	0	2	d	3	1	1	0.05	0.1	NA	NA	NA	1	0	1	NA	NA	NA	NA	NA	NA	NA	1	0	1	1	1	1	NA	NA	NA	1	0	1
10	87388265	109070011	2	1	1	3	b	5	1	1	0.0541202750029	0.135082927392	NA	NA	NA	1	1	1	NA	NA	NA	NA	NA	NA	NA	2	1	1	1	1	1	NA	NA	NA	2	1	1
10	109070012	135534746	2	1	1	3	b	5	1	1	0.0614581709371	0.127233905314	NA	NA	NA	1	1	1	NA	NA	NA	NA	NA	NA	NA	2	1	1	1	1	1	NA	NA	NA	2	1	1
11	216957	51560967	2	1	1	3	b	5	1	1	0.0587046999016	0.120551126928	NA	NA	NA	1	1	1	NA	NA	NA	NA	NA	NA	NA	2	1	1	1	1	1	NA	NA	NA	2	1	1
11	51560968	55699999	2	1	1	2	d	3	1	1	0.058903953806	0.184115932336	NA	NA	NA	NA	NA	NA	NA	NA	NA	NA	NA	NA	NA	3	1	2	1	1	1	NA	NA	NA	2	1	1
11	55700000	84767761	2	1	1	3	b	5	1	1	0.0606470391496	0.130303116934	NA	NA	NA	1	1	1	NA	NA	NA	NA	NA	NA	NA	2	1	1	1	1	1	NA	NA	NA	2	1	1
11	84767762	85237499	2	1	1	2	d	2	0.43	0.43	0.0489605387279	0.0917029425291	NA	NA	NA	1	1	0.5210521526311	2	1	0.4789478473689	0.133817838138181	0.133146658445513	0.203218246364162	0.724298512359617	3	1	2	1	1	1	NA	NA	NA	2	1	1
11	85237500	135006515	2	1	1	2	d	4	0.77	0.77	0.0554678338439	0.106405831793	NA	NA	NA	1	1	1	NA	NA	NA	NA	NA	NA	NA	2	1	1	1	1	1	NA	NA	NA	2	1	1
12	110107	33299999	2	1	1	2	d	3	1	0	0.0651708673461	0.113590726728	NA	NA	NA	1	0	1	NA	NA	NA	NA	NA	NA	NA	2	1	1	1	1	1	NA	NA	NA	2	1	1
12	33300000	38199999	2	1	1	2	d	3	1	0	0.05	0.186182693259	NA	NA	NA	NA	NA	NA	NA	NA	NA	NA	NA	NA	NA	2	1	1	1	1	1	NA	NA	NA	2	1	1
12	38200000	38440378	2	1	1	2	f	2	1	0	0.05	0.110640831472	NA	NA	NA	3	2	0.485877655635161	3	3	0.514122344364839	0.205349250728055	0.197651593171871	0.340441680641362	1.15346070903456	4	2	2	1	1	1	NA	NA	NA	2	1	1
12	38440379	125831469	2	1	1	3	b	5	1	1	0.0555328745997	0.111834130386	NA	NA	NA	1	1	1	NA	NA	NA	NA	NA	NA	NA	2	1	1	1	1	1	NA	NA	NA	2	1	1
12	125831470	126375399	2	1	1	2	d	3	1	1	0.05	0.161654990423	NA	NA	NA	2	1	1	NA	NA	NA	NA	NA	NA	NA	2	1	1	1	1	1	NA	NA	NA	1	0	1
12	126375400	130929894	2	1	1	2	d	4	1	1	0.0571231781011	0.123954910473	NA	NA	NA	1	1	1	NA	NA	NA	NA	NA	NA	NA	2	1	1	1	1	1	NA	NA	NA	1	0	1
12	130929895	131148520	1	1	0	1	g	NA	1	1	0.0406211580603	0.139773359702	NA	NA	NA	2	1	1	NA	NA	NA	NA	NA	NA	NA	1	0	1	1	1	1	NA	NA	NA	1	0	1
12	131148521	133851894	1	1	0	2	d	2	1	1	0.0786740653009	0.1338234878	NA	NA	NA	1	0	0.758334091667418	1	1	0.241665908332582	0.0564718696636564	0.0529835988007026	0.782185086987605	0.990016499210459	1	0	1	1	0	0.341085	1	1	0.658915	1	0	1
13	1	16299999	2	1	1	1	h	1	NA	NA	NA	NA	NA	NA	NA	NA	NA	NA	NA	NA	NA	NA	NA	NA	NA	NA	NA	NA	NA	NA	NA	NA	NA	NA	2	1	1
13	16300000	19499999	2	1	1	1	g	NA	2	0	0.05	0.11846094134	NA	NA	NA	0	0	1	NA	NA	NA	NA	NA	NA	NA	2	1	1	1	0	0.442131	1	1	0.557869	2	1	1
13	19500000	115169877	2	1	1	2	d	2	1	0	0.0666495770945	0.142226072365	NA	NA	NA	1	0	0.668748293748287	2	0	0.331251706251713	0.00878332200488824	0.00870775952776756	0.66081871069752	0.696005711456186	2	1	1	1	0	0.341085	1	1	0.658915	2	1	1
14	1	16099999	2	1	1	1	h	1	NA	NA	NA	NA	NA	NA	NA	NA	NA	NA	NA	NA	NA	NA	NA	NA	NA	NA	NA	NA	NA	NA	NA	NA	NA	NA	2	1	1
14	16100000	19099999	2	1	1	2	d	3	1	1	0.05	0.0971088251055	NA	NA	NA	NA	NA	NA	NA	NA	NA	NA	NA	NA	NA	NA	NA	NA	1	1	1	NA	NA	NA	2	1	1
14	19100000	107349539	2	1	1	3	b	5	1	1	0.0556454452754	0.117865176895	NA	NA	NA	1	1	1	NA	NA	NA	NA	NA	NA	NA	2	1	1	1	1	1	NA	NA	NA	2	1	1
15	1	15799999	2	1	1	1	h	1	NA	NA	NA	NA	NA	NA	NA	NA	NA	NA	NA	NA	NA	NA	NA	NA	NA	NA	NA	NA	NA	NA	NA	NA	NA	NA	2	1	1
15	15800000	20699999	2	1	1	2	d	4	1	1	0.05	0.389261079602	NA	NA	NA	1	1	1	NA	NA	NA	NA	NA	NA	NA	2	1	1	2	1	0.583369	1	1	0.416631	2	1	1
15	20700000	102531391	2	1	1	3	b	5	1	1	0.0575731759784	0.124789670965	NA	NA	NA	1	1	1	NA	NA	NA	NA	NA	NA	NA	2	1	1	1	1	1	NA	NA	NA	2	1	1
16	94168	34599999	2	1	1	2	d	4	1	1	0.0585294948888	0.160111726714	NA	NA	NA	1	1	1	NA	NA	NA	NA	NA	NA	NA	2	1	1	1	1	1	NA	NA	NA	1	0	1
16	34600000	38599999	2	1	1	2	d	3	1	1	0.05	0.205820324951	NA	NA	NA	2	1	0.370000303333639	2	2	0.629999696666361	0.342605997661907	0.320303703768859	0.079893010746684	1.30538183801093	2	1	1	1	1	1	NA	NA	NA	1	0	1
16	38600000	66926233	2	1	1	2	d	4	1	1	0.0596787939801	0.132031534033	NA	NA	NA	1	1	1	NA	NA	NA	NA	NA	NA	NA	2	1	1	1	1	1	NA	NA	NA	1	0	1
16	66926234	67133955	2	1	1	2	d	3	1	1	0.05	0.134449015637	NA	NA	NA	1	1	1	NA	NA	NA	NA	NA	NA	NA	NA	NA	NA	1	1	1	NA	NA	NA	1	0	1
16	67133956	90354752	2	1	1	2	d	4	1	1	0.0617326134193	0.138782082689	NA	NA	NA	1	1	1	NA	NA	NA	NA	NA	NA	NA	2	1	1	1	1	1	NA	NA	NA	1	0	1
17	7	22199999	1	1	0	2	d	4	1	0	0.0708817739131	0.134544130083	NA	NA	NA	1	0	1	NA	NA	NA	NA	NA	NA	NA	1	0	1	1	1	1	NA	NA	NA	1	0	1
17	22200000	25799999	NA	NA	NA	NA	NA	NA	1	0	0.0555690741659	0.187691877771	NA	NA	NA	NA	NA	NA	NA	NA	NA	NA	NA	NA	NA	2	1	1	1	1	1	NA	NA	NA	1	0	1
17	25800000	81195209	2	1	1	2	d	4	1	1	0.0612531543276	0.136226185601	NA	NA	NA	1	1	1	NA	NA	NA	NA	NA	NA	NA	2	1	1	1	1	1	NA	NA	NA	1	0	1
18	75371	14078286	2	1	1	2	d	4	1	1	0.0572612419788	0.110712039195	NA	NA	NA	1	1	1	NA	NA	NA	NA	NA	NA	NA	2	1	1	1	1	1	NA	NA	NA	1	0	1
18	14078287	15399999	2	1	1	3	b	5	1	1	0.0546495674629	0.165937115675	NA	NA	NA	1	1	1	NA	NA	NA	NA	NA	NA	NA	2	1	1	1	1	1	NA	NA	NA	2	1	1
18	15400000	18999999	NA	NA	NA	NA	NA	NA	1	0	0.05	0.106741467584	NA	NA	NA	1	0	1	NA	NA	NA	NA	NA	NA	NA	1	0	1	NA	NA	NA	NA	NA	NA	2	1	1
18	19000000	78077247	2	1	1	2	d	3	1	0	0.063472887504	0.103675528712	NA	NA	NA	1	0	1	NA	NA	NA	NA	NA	NA	NA	2	1	1	1	1	1	NA	NA	NA	2	1	1
19	102500	297216	2	2	0	1	h	1	1	1	0.05	0.1	NA	NA	NA	2	0	1	NA	NA	NA	NA	NA	NA	NA	NA	NA	NA	1	1	1	NA	NA	NA	1	0	1
19	297217	24358572	1	1	0	1	g	NA	1	1	0.0672312159561	0.154041855695	NA	NA	NA	1	0	0.252778030555804	1	1	0.747221969444196	0.0192368208976962	0.0185831808647868	0.255167296334062	0.327117589350659	1	0	1	1	1	1	NA	NA	NA	1	0	1
19	24358573	28599999	NA	NA	NA	NA	NA	NA	1	1	0.0512748544413	0.184732868746	NA	NA	NA	NA	NA	NA	NA	NA	NA	NA	NA	NA	NA	3	1	2	2	2	1	NA	NA	NA	1	0	1
19	28600000	59128982	1	1	0	1	g	NA	1	1	0.0634273434745	0.14400885373	NA	NA	NA	1	0	0.206818388636567	1	1	0.793181611363433	0.0164222092928444	0.0163556601124818	0.221616967417956	0.284442594103763	1	0	1	1	1	1	NA	NA	NA	1	0	1
20	79234	7227954	2	1	1	2	d	3	1	1	0.0618906483812	0.116105847035	NA	NA	NA	NA	NA	NA	NA	NA	NA	NA	NA	NA	NA	2	1	1	1	1	1	NA	NA	NA	NA	NA	NA
20	7227955	25599999	2	1	1	3	b	5	1	1	0.0538562527562	0.109708040476	NA	NA	NA	1	1	1	NA	NA	NA	NA	NA	NA	NA	2	1	1	1	1	1	NA	NA	NA	2	1	1
20	25600000	29399999	2	1	1	3	b	5	1	1	0.05	0.175427306485	NA	NA	NA	1	1	1	NA	NA	NA	NA	NA	NA	NA	2	1	1	1	1	1	NA	NA	NA	2	1	1
20	29400000	63025519	2	1	1	2	d	4	1	1	0.0602363031661	0.126900005561	NA	NA	NA	1	1	1	NA	NA	NA	NA	NA	NA	NA	2	1	1	1	1	1	NA	NA	NA	1	0	1
21	1	10899999	NA	NA	NA	NA	NA	NA	1	1	0.05	0.314980848726	NA	NA	NA	NA	NA	NA	NA	NA	NA	NA	NA	NA	NA	NA	NA	NA	2	0	0.53239	2	1	0.46761	NA	NA	NA
21	10900000	15286730	2	1	1	2	d	2	1	1	0.0344072465843	0.235436611894	NA	NA	NA	2	0	1	NA	NA	NA	NA	NA	NA	NA	2	1	1	1	0	0.37568	1	1	0.62432	NA	NA	NA
21	15286731	48129894	2	1	1	1	g	NA	1	0	0.0662813730686	0.111448511085	NA	NA	NA	1	0	1	NA	NA	NA	NA	NA	NA	NA	2	1	1	1	1	1	NA	NA	NA	NA	NA	NA
22	1	12199999	1	1	0	1	h	1	NA	NA	NA	NA	NA	NA	NA	NA	NA	NA	NA	NA	NA	NA	NA	NA	NA	NA	NA	NA	NA	NA	NA	NA	NA	NA	1	0	1
22	12200000	17899999	NA	NA	NA	NA	NA	NA	1	1	0.068302636865	0.240842278157	NA	NA	NA	1	0	0.229670146862367	1	1	0.770329853137633	0.0203348177639129	0.0197112212283222	0.192155891702693	0.267538747463268	2	1	1	1	1	1	NA	NA	NA	1	0	1
22	17900000	35719194	1	1	0	1	g	NA	1	1	0.0662635082447	0.144604141297	NA	NA	NA	1	0	0.229670146862367	1	1	0.770329853137633	0.0203348177639129	0.0197112212283222	0.192155891702693	0.267538747463268	1	0	1	1	1	1	NA	NA	NA	1	0	1
22	35719195	35720422	1	1	0	1	g	NA	1	1	0.05	0.1	NA	NA	NA	NA	NA	NA	NA	NA	NA	NA	NA	NA	NA	1	0	1	1	1	1	NA	NA	NA	1	0	1
22	35720423	51304565	1	1	0	1	g	NA	1	1	0.0711546282306	0.155920141946	NA	NA	NA	1	0	0.267647326470854	1	1	0.732352673529146	0.024897681425762	0.0239357409886913	0.267405264260162	0.363076770406637	1	0	1	1	1	1	NA	NA	NA	1	0	1
X	1	22262499	1	1	0	2	d	2	1	0	0.080912955381	0.177708244503	NA	NA	NA	2	1	1	NA	NA	NA	NA	NA	NA	NA	NA	NA	NA	NA	NA	NA	NA	NA	NA	1	0	1
X	22262500	58099999	2	1	1	2	d	2	1	0	0.05	0.166580168214	NA	NA	NA	NA	NA	NA	NA	NA	NA	NA	NA	NA	NA	2	1	1	NA	NA	NA	NA	NA	NA	2	1	1
X	58100000	62999999	2	1	1	2	d	2	1	0	0.05	0.236220899136	NA	NA	NA	NA	NA	NA	NA	NA	NA	NA	NA	NA	NA	2	1	1	NA	NA	NA	NA	NA	NA	2	1	1
X	63000000	155270559	2	1	1	1	g	NA	1	0	0.203034904098	0.152504866295	NA	NA	NA	2	1	1	NA	NA	NA	NA	NA	NA	NA	2	1	1	NA	NA	NA	NA	NA	NA	2	1	1
