chromosome	start	end	total_cn	major_cn	minor_cn	star	level	methods_agree	absolute_broad_major_cn	absolute_broad_minor_cn	absolute_broad_het_error	absolute_broad_cov_error	aceseq_copy_number	aceseq_minor_cn	aceseq_major_cn	battenberg_nMaj1_A	battenberg_nMin1_A	battenberg_frac1_A	battenberg_nMaj2_A	battenberg_nMin2_A	battenberg_frac2_A	battenberg_SDfrac_A	battenberg_SDfrac_A_BS	battenberg_frac1_A_0.025	battenberg_frac1_A_0.975	clonehd_copy_number	clonehd_minor_cn	clonehd_major_cn	sclust_nMaj1_A	sclust_nMin1_A	sclust_frac1_A	sclust_nMaj2_A	sclust_nMin2_A	sclust_frac2_A	jabba_copy_number	jabba_minor_cn	jabba_major_cn
1	1	15946163	3	2	1	2	d	2	1.71	0.65	0.0600134074915	0.200363215421	2.45409	0.674712431	1.7793776	2	0	0.222877707386644	2	1	0.777122292613356	0.00491104370315612	0.00484568187648406	0.199043419030602	0.218001506040739	3	1	2	NA	NA	NA	NA	NA	NA	3	1	2
1	15946164	16161362	4	3	1	2	e	0	5	0.79	0.05	0.191824099958	2.45409	0.674712431	1.7793776	6	0	0.204289957578508	6	1	0.795710042421492	0.0454724527389346	0.0439783490393513	0.0894190709111644	0.264657936929377	6	1	5	5	0	0.399998	5	1	0.600002	6	0	6
1	16161363	18801930	3	2	1	2	d	2	1.71	0.65	0.0620155994303	0.198458795068	2.440874	0.669427041	1.7714473	2	0	0.202623004158709	2	1	0.797376995841292	0.0123896959222725	0.0125738621796772	0.171925271649437	0.221954214584095	3	1	2	5	0	0.399998	5	1	0.600002	3	1	2
1	18801931	18940539	3	2	1	2	d	2	1.54	1.54	0.05	0.103319570341	3.061369	1.371456155	1.6899128	1	1	1	NA	NA	NA	NA	NA	NA	NA	3	1	2	2	1	0.270437	1	1	0.729563	3	1	2
1	18940540	27095608	3	2	1	2	d	2	1.71	0.65	0.0598432307241	0.115433939836	2.485553	0.681175686	1.8043776	2	0	0.213168972335848	2	1	0.786831027664152	0.00368474375850884	0.00354379826977669	0.206060256225444	0.220096529515626	3	1	2	2	1	0.270437	1	1	0.729563	3	1	2
1	27095609	27170209	1	1	0	2	d	2	NA	NA	NA	NA	2.485553	0.681175686	1.8043776	2	0	0.213168972335848	2	1	0.786831027664152	0.00368474375850884	0.00354379826977669	0.206060256225444	0.220096529515626	1	0	1	1	0	0.565667	0	0	0.434333	1	0	1
1	27170210	51308306	3	2	1	2	e	4	1.8	0.65	0.0589890685771	0.138382055891	2.478751	0.671618376	1.807133	2	0	0.213168972335848	2	1	0.786831027664152	0.00368474375850884	0.00354379826977669	0.206060256225444	0.220096529515626	3	1	2	1	0	0.565667	0	0	0.434333	2	1	1
1	51308307	52552533	3	2	1	2	d	2	1.63	1.54	0.0358993258236	0.161059740383	3.215486	1.38476181	1.8307245	2	1	0.450772374896945	2	2	0.549227625103055	0.0270136389797947	0.0263365577886011	0.397602368952657	0.501038761328755	3	1	2	2	1	0.222888	1	1	0.777112	3	1	2
1	52552534	52921300	2	1	1	2	d	2	1	1	0.05	0.112422288417	3.215486	1.38476181	1.8307245	2	1	0.450772374896945	2	2	0.549227625103055	0.0270136389797947	0.0263365577886011	0.397602368952657	0.501038761328755	3	1	2	2	1	0.222888	1	1	0.777112	2	1	1
1	52921301	53838135	4	3	1	2	e	4	3	0.58	0.0539291229461	0.15935509316	3.449371	0.707673755	2.7416976	3	0	0.216681276741222	3	1	0.783318723258778	0.0242343845451222	0.0244017261594813	0.113609226875728	0.210489362028733	4	1	3	2	0	0.624989	2	1	0.375011	3	1	2
1	53838136	70219801	4	3	1	2	e	0	1.8	0.79	0.0565552671685	0.13163680881	2.546639	0.757627097	1.7890122	2	0	0.124720299435881	2	1	0.875279700564119	0.00452036813781154	0.00470045355238869	0.101646553114447	0.120145457470776	3	1	2	2	0	0.624989	2	1	0.375011	2	1	1
1	70219802	70350036	5	4	1	2	d	3	4	1	0.05	0.168696527828	2.546639	0.757627097	1.7890122	4	1	1	NA	NA	NA	NA	NA	NA	NA	5	1	4	NA	NA	NA	NA	NA	NA	3	0	3
1	70350037	73236935	3	2	1	2	e	4	2	0.79	0.0566546887567	0.134960717342	2.551528	0.757782489	1.7937455	2	0	0.122448137214794	2	1	0.877551862785206	0.0122665620269324	0.0123535477495981	0.0915947556779235	0.139209443286409	3	1	2	NA	NA	NA	NA	NA	NA	2	1	1
1	73236936	73262477	4	3	1	1	g	NA	4	1	0.05	0.1	4.170806	0.695182158	3.4756235	4	1	1	NA	NA	NA	NA	NA	NA	NA	4	1	3	3	0	0.486587	3	1	0.513413	4	1	3
1	73262478	76336382	3	2	1	2	e	4	2	0.79	0.0545226554433	0.125781083118	2.643411	0.782800894	1.8606101	2	0	0.139327056571407	2	1	0.860672943428593	0.00936880282333448	0.00975166100632751	0.11611183441628	0.154802162941949	3	1	2	3	0	0.486587	3	1	0.513413	2	1	1
1	76336383	76568821	5	4	1	2	e	4	4	0.86	0.0445312418514	0.191936320394	4.56393	0.778273567	3.7856568	4	0	0.11476749424838	4	1	0.88523250575162	0.0341568268937091	0.0338619219199459	0.0551125936393793	0.184693169658394	5	1	4	NA	NA	NA	NA	NA	NA	4	1	3
1	76568822	87153937	3	2	1	2	e	4	2	0.79	0.0530329939779	0.133883078452	2.71085	0.75426273	1.9565876	2	0	0.221440718306287	2	1	0.778559281693713	0.00577680998451714	0.00585452598234595	0.190991225538831	0.21394155918659	3	1	2	NA	NA	NA	NA	NA	NA	2	1	1
1	87153938	87587186	3	2	1	1	h	1	NA	NA	NA	NA	2.71085	0.75426273	1.9565876	NA	NA	1	NA	NA	NA	NA	NA	NA	NA	NA	NA	NA	NA	NA	NA	NA	NA	NA	3	0	3
1	87587187	118121542	3	2	1	2	e	4	2	0.74	0.0560105390392	0.150850051938	2.66181	0.729226671	1.932583	2	0	0.246138968124979	2	1	0.753861031875021	0.00315151161785798	0.00310680720832889	0.22213669853242	0.23429007337719	3	1	2	NA	NA	NA	NA	NA	NA	2	1	1
1	118121543	118304120	4	3	1	2	d	2	4	0.79	0.0415955976014	0.19256761365	4.414761	0.72850178	3.6862589	4	0	0.214972677953023	4	1	0.785027322046977	0.0302223318741108	0.0307310783297546	0.102158468643638	0.224549433355354	4	1	3	3	0	0.534313	3	1	0.465687	4	1	3
1	118304121	121499999	3	2	1	2	d	2	1.8	0.79	0.062661440952	0.320258832939	2.67466	0.764759524	1.9099005	2	0	0.167115521365834	2	1	0.832884478634166	0.0169600852638655	0.0178207920546727	0.0439945556118913	0.115348339058967	3	1	2	3	0	0.534313	3	1	0.465687	3	1	2
1	121500000	128899999	NA	NA	NA	NA	NA	NA	1.8	0.79	0.05	0.1	2.67466	0.764759524	1.9099005	NA	NA	NA	NA	NA	NA	NA	NA	NA	NA	1	0	1	NA	NA	NA	NA	NA	NA	3	1	2
1	128900000	143394938	1	1	0	2	f	2	1.8	0.79	0.05	0.31010717956	NA	NA	NA	NA	NA	NA	NA	NA	NA	NA	NA	NA	NA	1	0	1	NA	NA	NA	NA	NA	NA	3	1	2
1	143394939	144849159	1	1	0	2	f	2	1.8	0.79	0.05	0.272251361476	NA	NA	NA	NA	NA	NA	NA	NA	NA	NA	NA	NA	NA	1	0	1	NA	NA	NA	NA	NA	NA	3	1	2
1	144849160	145033391	3	2	1	2	d	2	1.8	0.79	0.05	0.189090152394	NA	NA	NA	2	2	1	NA	NA	NA	NA	NA	NA	NA	NA	NA	NA	2	1	1	NA	NA	NA	3	1	2
1	145033392	146497499	3	2	1	2	d	4	1.42	0.58	0.0529803969669	0.163413752788	2.689322	0.812250858	1.8770715	2	1	1	NA	NA	NA	NA	NA	NA	NA	3	1	2	2	1	1	NA	NA	NA	3	1	2
1	146497500	147919197	2	1	1	2	e	3	1.21	1.21	0.0382337184828	0.130442848288	3.364842	1.516658092	1.8481839	2	1	0.324860473740306	2	2	0.675139526259694	0.0216665283759734	0.0220162436546981	0.292482770536943	0.381171258023268	4	2	2	2	1	0.105252	1	1	0.894748	3	1	2
1	147919198	149728742	3	2	1	2	d	2	1	1	0.05	0.269616837566	3.364842	1.516658092	1.8481839	2	1	0.393292203528443	2	2	0.606707796471557	0.0118091034193318	0.0115343662880386	0.369253009767229	0.414002447430159	3	1	2	2	1	0.105252	1	1	0.894748	3	1	2
1	149728743	154862220	6	4	2	2	e	0	1.42	1.26	0.0397804117405	0.162271300366	3.362586	1.485629847	1.8769565	2	1	0.393292203528443	2	2	0.606707796471557	0.0118091034193318	0.0115343662880386	0.369253009767229	0.414002447430159	4	2	2	2	1	0.21398	1	1	0.78602	3	1	2
1	154862221	155057112	4	3	1	2	f	3	3	1	0.05	0.145091864734	5.198447	1.581978907	3.6164678	4	2	1	NA	NA	NA	NA	NA	NA	NA	5	2	3	3	1	1	NA	NA	NA	5	1	4
1	155057113	161422500	6	4	2	2	e	0	1.42	1.14	0.0427897623448	0.125930626317	3.340391	1.493828544	1.8465625	2	1	0.393841451654315	2	2	0.606158548345685	0.00985572430016762	0.00985020358603609	0.369314034335848	0.407582159636822	4	2	2	2	1	0.209651	1	1	0.790349	3	1	2
1	161422501	163553928	3	2	1	2	d	2	1.54	1.14	0.0420474948639	0.28547435871	3.330582	1.468619871	1.8619621	2	1	0.429938136753765	2	2	0.570061863246235	0.0143660802312563	0.0140776840521279	0.396353490905984	0.451518314439213	3	1	2	2	1	0.209651	1	1	0.790349	3	1	2
1	163553929	168594829	3	2	1	2	e	4	1.71	1.21	0.0427995996702	0.13773035298	3.622996	1.501727562	2.1212688	2	1	0.604188590606049	2	2	0.395811409393951	0.00962235414802276	0.00970020903132467	0.572542680041493	0.609494961967153	4	2	2	2	2	0.465631	2	1	0.534369	3	1	2
1	168594830	168774356	4	2	2	2	d	3	2	2	0.0216906892758	0.187709567607	4.537147	2.2685735	2.2685735	2	2	0.778464183444447	3	2	0.221535816555553	0.0459405833257657	0.0451346146435139	0.701223316153886	0.886942909895171	5	2	3	2	2	1	NA	NA	NA	4	2	2
1	168774357	175375308	3	2	1	2	e	4	1.71	1.21	0.0447837130367	0.131793342797	3.568277	1.492376127	2.0759012	2	1	0.569663528285705	2	2	0.430336471714295	0.00845754226266293	0.0085791877536548	0.549444160901978	0.582867483374947	4	2	2	2	2	0.495198	2	1	0.504802	3	1	2
1	175375309	175635037	4	2	2	2	d	4	1.71	1.71	0.0328668601321	0.134729460687	4.114382	2.057191	2.057191	2	2	1	NA	NA	NA	NA	NA	NA	NA	4	2	2	2	2	1	NA	NA	NA	4	2	2
1	175635038	176842266	3	2	1	2	e	4	1.71	1.21	0.0456840565118	0.127843012194	3.505415	1.494327883	2.0110874	2	1	0.563992315680045	2	2	0.436007684319955	0.0197124756796585	0.0195016412455588	0.521583022638159	0.595856098272579	4	2	2	2	2	0.513914	2	1	0.486086	3	1	2
1	176842267	181876938	3	2	1	2	d	2	1.8	0.58	0.0580635626555	0.126358021432	2.857232	0.753863842	2.1033678	2	0	0.295582991279758	2	1	0.704417008720242	0.00566498471049717	0.00551817719587069	0.284808879516858	0.30675419783975	3	1	2	2	0	0.305587	2	1	0.694413	3	1	2
1	181876939	185845885	3	2	1	2	d	2	1.8	0.58	0.0548887047335	0.111195004182	2.893882	0.75938188	2.1345001	2	0	0.295582991279758	2	1	0.704417008720242	0.00566498471049717	0.00551817719587069	0.284808879516858	0.30675419783975	3	1	2	2	0	0.332929	2	1	0.667071	3	1	2
1	185845886	185845915	4	3	1	2	e	1	1.8	0.58	0.05	0.1	2.893882	0.75938188	2.1345001	2	0	0.295582991279758	2	1	0.704417008720242	0.00566498471049717	0.00551817719587069	0.284808879516858	0.30675419783975	NA	NA	NA	2	0	0.332929	2	1	0.667071	3	1	2
1	185845916	186604096	3	2	1	2	d	2	1.8	0.58	0.0541857265005	0.116597681296	2.875095	0.770357756	2.1047376	2	0	0.295582991279758	2	1	0.704417008720242	0.00566498471049717	0.00551817719587069	0.284808879516858	0.30675419783975	3	1	2	2	0	0.307651	2	1	0.692349	3	1	2
1	186604097	187176639	3	2	1	2	d	2	1.8	0.58	0.0477065660357	0.108119263735	2.837531	0.749131205	2.0883995	2	0	0.295582991279758	2	1	0.704417008720242	0.00566498471049717	0.00551817719587069	0.284808879516858	0.30675419783975	3	1	2	2	0	0.30943	2	1	0.69057	3	1	2
1	187176640	187284195	3	2	1	2	d	2	1.8	0.58	0.0432586398422	0.113296994905	2.966819	0.766717333	2.2001013	2	0	0.347562541593514	2	1	0.652437458406486	0.0192651118236886	0.0195834630853	0.306572397486853	0.383321491141195	3	1	2	2	0	0.351262	2	1	0.648738	3	1	2
1	187284196	187428686	3	2	1	2	d	2	1.8	0.58	0.0508119153883	0.1165015567	2.987273	0.8023396	2.1849337	2	0	0.347562541593514	2	1	0.652437458406486	0.0192651118236886	0.0195834630853	0.306572397486853	0.383321491141195	3	1	2	2	0	0.332929	2	1	0.667071	3	1	2
1	187428687	188194785	3	2	1	2	d	2	1.8	0.58	0.0509223581059	0.124389215653	2.921968	0.734774506	2.1871938	2	0	0.347562541593514	2	1	0.652437458406486	0.0192651118236886	0.0195834630853	0.306572397486853	0.383321491141195	3	1	2	2	0	0.391089	2	1	0.608911	3	1	2
1	188194786	191423478	4	3	1	2	e	0	1.54	0.58	0.051084169794	0.109928199644	2.56171	0.749712727	1.8119973	2	0	0.150471456179944	2	1	0.849528543820056	0.00882672538607876	0.00867178183134733	0.132882162006887	0.167134128936805	3	1	2	2	0	0.391089	2	1	0.608911	2	1	1
1	191423479	193051593	4	3	1	2	e	0	1.54	0.58	0.0574141835912	0.105088882655	2.650832	0.762991323	1.8878407	2	0	0.150471456179944	2	1	0.849528543820056	0.00882672538607876	0.00867178183134733	0.132882162006887	0.167134128936805	3	1	2	NA	NA	NA	NA	NA	NA	2	1	1
1	193051594	193312859	5	4	1	1	g	NA	3.42	0.46	0.0231839601809	0.151606033974	4.578958	0.727288279	3.8516701	4	0	0.181366691772326	4	1	0.818633308227674	0.0255859348054932	0.0256020385367409	0.118131450968701	0.219804673459777	5	1	4	NA	NA	NA	NA	NA	NA	4	1	3
1	193312860	196400218	3	2	1	2	e	4	1.71	0.58	0.0565287426106	0.12731014849	2.708056	0.750443996	1.9576123	2	0	0.237544906275841	2	1	0.762455093724159	0.00870361795898648	0.00854071545301211	0.203277312078112	0.237797018376418	3	1	2	NA	NA	NA	NA	NA	NA	2	1	1
1	196400219	204369397	4	3	1	2	e	0	1.54	0.58	0.0610022538503	0.11855118837	2.562006	0.749820364	1.8121856	2	0	0.153658214515705	2	1	0.846341785484296	0.00707565093206099	0.00704613706327523	0.123555471659149	0.150908589278355	3	1	2	NA	NA	NA	NA	NA	NA	2	1	1
1	204369398	204473217	3	2	1	2	d	2	1.54	0.58	0.05	0.107864640912	2.838127	1.013504991	1.8246223	1	1	0.52616291466668	2	1	0.47383708533332	0.168810711051428	0.167744200233207	0.17251895735705	0.807307405620371	3	1	2	NA	NA	NA	NA	NA	NA	3	1	2
1	204473218	210631878	3	2	1	1	g	NA	1.42	0.58	0.0583074888481	0.108660357936	2.545599	0.760067065	1.7855319	2	0	0.11933886259647	2	1	0.88066113740353	0.00871380486476094	0.00890556355956222	0.0956140324980943	0.131586814964029	3	1	2	NA	NA	NA	NA	NA	NA	2	1	1
1	210631879	210635081	2	1	1	2	f	2	1.42	0.58	0.05	0.1	2.545599	0.760067065	1.7855319	1	0	0.877992246352918	1	1	0.122007753647082	NA	0	0.877992246352918	0.877992246352918	3	1	2	NA	NA	NA	NA	NA	NA	2	1	1
1	210635082	210666666	3	2	1	1	g	NA	1.42	0.58	0.0534931254257	0.1	2.415163	0.729832092	1.6853312	2	0	0.167564961871336	2	1	0.832435038128664	0.00524119654736445	0.00525462079870946	0.157031940318379	0.177729186482617	3	1	2	NA	NA	NA	NA	NA	NA	2	1	1
1	210666667	210666732	3	2	1	2	f	2	NA	NA	NA	NA	2.415163	0.729832092	1.6853312	2	0	0.167564961871336	2	1	0.832435038128664	0.00524119654736445	0.00525462079870946	0.157031940318379	0.177729186482617	NA	NA	NA	NA	NA	NA	NA	NA	NA	2	1	1
1	210666733	221645479	4	3	1	2	e	0	1.54	0.58	0.0570543192501	0.123662862413	2.611707	0.751774921	1.8599324	2	0	0.167564961871336	2	1	0.832435038128664	0.00524119654736445	0.00525462079870946	0.157031940318379	0.177729186482617	3	1	2	NA	NA	NA	NA	NA	NA	2	1	1
1	221645480	221686131	3	2	1	2	f	3	1.54	0.58	0.05	0.1	2.611707	0.751774921	1.8599324	1	0	0.73017110257152	2	0	0.26982889742848	NA	0	0.73017110257152	0.73017110257152	3	1	2	NA	NA	NA	NA	NA	NA	3	0	3
1	221686132	223008678	3	2	1	2	e	4	1.54	0.65	0.0584882702484	0.11565376722	2.606006	0.736695834	1.8693102	2	0	0.169709111413313	2	1	0.830290888586687	0.0128646228557647	0.013585549936939	0.127167413024696	0.180516388258971	3	1	2	NA	NA	NA	NA	NA	NA	2	1	1
1	223008679	223008690	2	1	1	1	g	1	1.54	0.58	0.05	0.1	2.606006	0.736695834	1.8693102	NA	NA	NA	NA	NA	NA	NA	NA	NA	NA	NA	NA	NA	NA	NA	NA	NA	NA	NA	2	1	1
1	223008691	223813563	3	2	1	2	d	2	1.54	0.58	0.0586582071886	0.10081671484	2.625672	0.722376328	1.9032953	2	0	0.183356304847256	2	1	0.816643695152744	0.00642121532245041	0.00666984099026443	0.169980167155094	0.196611100610923	3	1	2	NA	NA	NA	NA	NA	NA	3	1	2
1	223813564	223813579	3	2	1	2	e	4	1.54	0.58	0.05	0.1	2.625672	0.722376328	1.9032953	2	0	0.183356304847256	2	1	0.816643695152744	0.00642121532245041	0.00666984099026443	0.169980167155094	0.196611100610923	NA	NA	NA	NA	NA	NA	NA	NA	NA	3	1	2
1	223813580	231578811	3	2	1	2	d	2	1.54	0.58	0.0564569297796	0.116042566717	2.639539	0.752216429	1.8873229	2	0	0.183356304847256	2	1	0.816643695152744	0.00642121532245041	0.00666984099026443	0.169980167155094	0.196611100610923	3	1	2	NA	NA	NA	NA	NA	NA	3	1	2
1	231578812	231723466	5	3	2	2	f	0	1.35	1.42	0.0322816352974	0.107545242652	3.398992	1.479955134	1.9190369	2	1	0.50418496181608	2	2	0.49581503818392	0.0468049813901355	0.0462329107172755	0.416371989510096	0.595907794293027	4	2	2	NA	NA	NA	NA	NA	NA	3	1	2
1	231723467	237265460	3	2	1	2	d	2	1.63	0.58	0.0590619910355	0.118249012504	2.659179	0.766542889	1.8926361	2	0	0.175780502982175	2	1	0.824219497017825	0.00546392672911045	0.00538872655347368	0.165459348849244	0.186154851304758	3	1	2	NA	NA	NA	NA	NA	NA	3	1	2
1	237265461	240973665	3	2	1	2	e	4	1.63	0.65	0.0568618013155	0.115914296175	2.656195	0.758164881	1.8980301	2	0	0.175780502982175	2	1	0.824219497017825	0.00546392672911045	0.00538872655347368	0.165459348849244	0.186154851304758	3	1	2	NA	NA	NA	NA	NA	NA	2	1	1
1	240973666	241082364	4	3	1	2	e	2	3.54	0.58	0.0310378779955	0.142430150601	4.442316	0.724583162	3.7177332	4	0	0.194351861942825	4	1	0.805648138057175	0.0314699035458218	0.0317668594852122	0.133952711621185	0.257456114240725	5	1	4	NA	NA	NA	NA	NA	NA	4	1	3
1	241082365	242479096	3	2	1	2	d	2	1.71	0.65	0.0565047978805	0.110127009892	2.704541	0.75512007	1.9494209	2	0	0.216917407433654	2	1	0.783082592566346	0.00590757124305065	0.00583319700597463	0.205577120246655	0.229404554049899	3	1	2	NA	NA	NA	NA	NA	NA	3	1	2
1	242479097	242479163	3	2	1	2	f	3	1.71	0.65	0.05	0.1	2.704541	0.75512007	1.9494209	2	0	0.216917407433654	2	1	0.783082592566346	0.00590757124305065	0.00583319700597463	0.205577120246655	0.229404554049899	NA	NA	NA	NA	NA	NA	NA	NA	NA	3	1	2
1	242479164	242746832	3	2	1	2	d	2	1.71	0.65	0.0406806056038	0.114011112486	2.666316	0.735807775	1.9305082	2	0	0.216917407433654	2	1	0.783082592566346	0.00590757124305065	0.00583319700597463	0.205577120246655	0.229404554049899	3	1	2	NA	NA	NA	NA	NA	NA	3	1	2
1	242746833	243486912	3	2	1	2	d	2	1.71	0.65	0.0487947730257	0.11612918469	2.744382	0.739442069	2.0049399	2	0	0.216917407433654	2	1	0.783082592566346	0.00590757124305065	0.00583319700597463	0.205577120246655	0.229404554049899	3	1	2	NA	NA	NA	NA	NA	NA	3	1	2
1	243486913	246294348	3	2	1	2	d	2	1.71	0.65	0.06089916833	0.113542865126	2.725405	0.765829098	1.9595756	2	0	0.216917407433654	2	1	0.783082592566346	0.00590757124305065	0.00583319700597463	0.205577120246655	0.229404554049899	3	1	2	NA	NA	NA	NA	NA	NA	3	1	2
1	246294349	246294426	3	2	1	2	f	3	1.71	0.65	0.05	0.1	2.725405	0.765829098	1.9595756	2	0	0.216917407433654	2	1	0.783082592566346	0.00590757124305065	0.00583319700597463	0.205577120246655	0.229404554049899	NA	NA	NA	NA	NA	NA	NA	NA	NA	3	1	2
1	246294427	249192695	3	2	1	2	d	2	1.71	0.65	0.0565185130845	0.133527079575	2.744652	0.75739182	1.9872605	2	0	0.216917407433654	2	1	0.783082592566346	0.00590757124305065	0.00583319700597463	0.205577120246655	0.229404554049899	3	1	2	NA	NA	NA	NA	NA	NA	3	1	2
1	249192696	249192720	3	2	1	2	f	2	NA	NA	NA	NA	2.744652	0.75739182	1.9872605	NA	NA	NA	NA	NA	NA	NA	NA	NA	NA	NA	NA	NA	NA	NA	NA	NA	NA	NA	3	1	2
2	20016	11368326	2	1	1	3	a	6	1	1	0.0422386580911	0.122558158367	2	1	1	1	1	1	NA	NA	NA	NA	NA	NA	NA	2	1	1	1	1	1	NA	NA	NA	2	1	1
2	11368327	11598363	3	2	1	2	d	5	2	1	0.0577917286528	0.133667574766	3.151897	1.046791985	2.1051047	2	1	1	NA	NA	NA	NA	NA	NA	NA	3	1	2	2	1	1	NA	NA	NA	3	1	2
2	11598364	13676243	2	1	1	3	a	6	1	1	0.0381963056971	0.10551605213	2	1	1	1	1	1	NA	NA	NA	NA	NA	NA	NA	2	1	1	1	1	1	NA	NA	NA	2	1	1
2	13676244	13976458	3	2	1	2	d	5	2.14	1	0.053244175827	0.162000062797	3	1	2	2	1	1	NA	NA	NA	NA	NA	NA	NA	3	1	2	2	1	1	NA	NA	NA	3	1	2
2	13976459	17992976	2	1	1	3	a	6	1	1	0.0384225266573	0.112069961214	2	1	1	1	1	1	NA	NA	NA	NA	NA	NA	NA	2	1	1	1	1	1	NA	NA	NA	2	1	1
2	17992977	18148541	3	2	1	3	a	6	2	1	0.0578381866757	0.148274494019	3	1	2	2	1	1	NA	NA	NA	NA	NA	NA	NA	3	1	2	2	1	1	NA	NA	NA	3	1	2
2	18148542	56555803	2	1	1	3	a	6	1	1	0.0398419648537	0.118056565954	2	1	1	1	1	1	NA	NA	NA	NA	NA	NA	NA	2	1	1	1	1	1	NA	NA	NA	2	1	1
2	56555804	56601046	3	2	1	2	d	4	2	1	0.05	0.1	2.800245	0.929932744	1.8703126	1	1	0.140073437728421	2	1	0.859926562271579	0.107574749135727	0.101862408660263	0.0252337714102321	0.412649593330575	3	1	2	2	1	1	NA	NA	NA	3	1	2
2	56601047	57630314	2	1	1	3	a	6	1	1	0.0390558186343	0.10641582221	2	1	1	1	1	1	NA	NA	NA	NA	NA	NA	NA	2	1	1	1	1	1	NA	NA	NA	2	1	1
2	57630315	57781684	3	2	1	3	a	6	2	1	0.0558725883342	0.109346866995	3	1	2	2	1	1	NA	NA	NA	NA	NA	NA	NA	3	1	2	2	1	1	NA	NA	NA	3	1	2
2	57781685	77728305	2	1	1	3	a	6	1	1	0.0410436884112	0.115533311218	2	1	1	1	1	1	NA	NA	NA	NA	NA	NA	NA	2	1	1	1	1	1	NA	NA	NA	2	1	1
2	77728306	81803442	3	2	1	3	a	6	2	1	0.0558048577925	0.140585296311	3	1	2	2	1	1	NA	NA	NA	NA	NA	NA	NA	3	1	2	2	1	1	NA	NA	NA	3	1	2
2	81803443	90499999	2	1	1	3	a	6	1	1	0.0368013565279	0.148253141567	2	1	1	1	1	1	NA	NA	NA	NA	NA	NA	NA	2	1	1	1	1	1	NA	NA	NA	2	1	1
2	90500000	96799999	2	1	1	3	b	5	1	1	0.05	0.266460860866	2	1	1	NA	NA	NA	NA	NA	NA	NA	NA	NA	NA	2	1	1	1	1	1	NA	NA	NA	2	1	1
2	96800000	156515409	2	1	1	3	a	6	1	1	0.0402277669063	0.117859749508	2	1	1	1	1	1	NA	NA	NA	NA	NA	NA	NA	2	1	1	1	1	1	NA	NA	NA	2	1	1
2	156515410	156681403	2	1	1	2	d	3	1.21	1	0.0363019430668	0.0858949433644	2.435772	1.04656303	1.389209	1	1	0.631203936363231	2	1	0.368796063636769	0.0481518707379462	0.0484516719589135	0.530346519320733	0.72022382122599	2	1	1	1	1	1	NA	NA	NA	2	1	1
2	156681404	162344664	2	1	1	3	a	6	1	1	0.0422566219293	0.116111905428	2	1	1	1	1	1	NA	NA	NA	NA	NA	NA	NA	2	1	1	1	1	1	NA	NA	NA	2	1	1
2	162344665	162552529	3	2	1	1	g	NA	1	1	0.05	0.126710109995	2	1	1	2	1	1	NA	NA	NA	NA	NA	NA	NA	3	1	2	1	1	1	NA	NA	NA	3	1	2
2	162552530	190729582	2	1	1	3	a	6	1	1	0.0396310829425	0.123481322588	2	1	1	1	1	1	NA	NA	NA	NA	NA	NA	NA	2	1	1	1	1	1	NA	NA	NA	2	1	1
2	190729583	192111947	3	2	1	3	a	6	2	1	0.0608280310397	0.137281847893	3	1	2	2	1	1	NA	NA	NA	NA	NA	NA	NA	3	1	2	2	1	1	NA	NA	NA	3	1	2
2	192111948	193564975	2	1	1	3	a	6	1	1	0.0356210471106	0.103852283177	2	1	1	1	1	1	NA	NA	NA	NA	NA	NA	NA	2	1	1	1	1	1	NA	NA	NA	2	1	1
2	193564976	193910185	3	2	1	3	a	6	2	1	0.0432331784862	0.119274570534	3	1	2	2	1	1	NA	NA	NA	NA	NA	NA	NA	3	1	2	2	1	1	NA	NA	NA	3	1	2
2	193910186	194806012	2	1	1	3	a	6	1	1	0.035849581208	0.102588578031	2	1	1	1	1	1	NA	NA	NA	NA	NA	NA	NA	2	1	1	1	1	1	NA	NA	NA	2	1	1
2	194806013	194913041	2	1	1	1	h	1	NA	NA	NA	NA	2	1	1	2	1	1	NA	NA	NA	NA	NA	NA	NA	NA	NA	NA	1	1	1	NA	NA	NA	3	1	2
2	194913042	218627836	2	1	1	3	a	6	1	1	0.0399763420142	0.117300837908	2	1	1	1	1	1	NA	NA	NA	NA	NA	NA	NA	2	1	1	1	1	1	NA	NA	NA	2	1	1
2	218627837	219387310	3	2	1	3	a	6	2	1	0.0470670841963	0.131834704034	3	1	2	2	1	1	NA	NA	NA	NA	NA	NA	NA	3	1	2	2	1	1	NA	NA	NA	3	1	2
2	219387311	232235394	2	1	1	3	a	6	1	1	0.0394249674728	0.121389559649	2	1	1	1	1	1	NA	NA	NA	NA	NA	NA	NA	2	1	1	1	1	1	NA	NA	NA	2	1	1
2	232235395	232547530	3	2	1	3	a	6	2	1	0.0534390789728	0.124424424237	3	1	2	2	1	1	NA	NA	NA	NA	NA	NA	NA	3	1	2	2	1	1	NA	NA	NA	3	1	2
2	232547531	241946570	2	1	1	3	a	6	1	1	0.0400951297556	0.113965454816	2	1	1	1	1	1	NA	NA	NA	NA	NA	NA	NA	2	1	1	1	1	1	NA	NA	NA	2	1	1
2	241946571	241973075	3	2	1	2	d	2	1	1	0.05	0.1	2.95787	0.874420245	2.0834498	2	0	0.155839042898532	2	1	0.844160957101468	0.0620625542083768	0.0630604762806121	-0.001082549064174	0.245677604877267	NA	NA	NA	2	1	1	NA	NA	NA	3	1	2
2	241973076	242950800	2	1	1	3	a	6	1	1	0.0376157517789	0.195919463446	2	1	1	1	1	1	NA	NA	NA	NA	NA	NA	NA	2	1	1	1	1	1	NA	NA	NA	2	1	1
3	62226	27268098	2	1	1	3	a	6	1	1	0.04138672012	0.130831413162	2	1	1	1	1	1	NA	NA	NA	NA	NA	NA	NA	2	1	1	1	1	1	NA	NA	NA	2	1	1
3	27268099	27608131	3	2	1	2	d	4	2	1	0.05	0.146190507925	2.818648	0.994125867	1.8245221	1	1	0.17078510066669	2	1	0.82921489933331	0.0571872827495224	0.0549527329682115	0.164315885504728	0.377702558107672	3	1	2	2	1	1	NA	NA	NA	3	1	2
3	27608132	39966093	2	1	1	3	a	6	1	1	0.0411644837078	0.114186181032	2	1	1	1	1	1	NA	NA	NA	NA	NA	NA	NA	2	1	1	1	1	1	NA	NA	NA	2	1	1
3	39966094	45713771	1	1	0	3	a	6	1	0	0.070559356458	0.0838156838488	1	0	1	1	0	1	NA	NA	NA	NA	NA	NA	NA	1	0	1	1	0	1	NA	NA	NA	1	0	1
3	45713772	46096285	2	2	0	3	a	6	2	0	0.0633822630634	0.105002175777	2	0	2	2	0	1	NA	NA	NA	NA	NA	NA	NA	2	0	2	2	0	1	NA	NA	NA	2	0	2
3	46096286	56632551	1	1	0	3	a	6	1	0	0.0728310805561	0.0830064051168	1	0	1	1	0	1	NA	NA	NA	NA	NA	NA	NA	1	0	1	1	0	1	NA	NA	NA	1	0	1
3	56632552	78264688	2	1	1	3	a	6	1	1	0.0388936522981	0.115301007412	2	1	1	1	1	1	NA	NA	NA	NA	NA	NA	NA	2	1	1	1	1	1	NA	NA	NA	2	1	1
3	78264689	78507753	3	2	1	2	d	5	2	1	0.0574195617565	0.149386667512	2.885342	0.999970502	1.8853715	2	1	1	NA	NA	NA	NA	NA	NA	NA	3	1	2	2	1	1	NA	NA	NA	3	1	2
3	78507754	87899999	2	1	1	3	a	6	1	1	0.0391041381063	0.112720953363	2	1	1	1	1	1	NA	NA	NA	NA	NA	NA	NA	2	1	1	1	1	1	NA	NA	NA	2	1	1
3	87900000	93899999	2	1	1	3	a	6	1	1	0.034992835721	0.127002626002	2	1	1	1	1	1	NA	NA	NA	NA	NA	NA	NA	2	1	1	1	1	1	NA	NA	NA	2	1	1
3	93900000	121798763	2	1	1	3	a	6	1	1	0.0410366298382	0.118255087537	2	1	1	1	1	1	NA	NA	NA	NA	NA	NA	NA	2	1	1	1	1	1	NA	NA	NA	2	1	1
3	121798764	122015260	3	2	1	2	d	5	2	1	0.0465918881718	0.145093871896	3.14509	1.092713929	2.0523761	2	1	1	NA	NA	NA	NA	NA	NA	NA	3	1	2	2	1	1	NA	NA	NA	3	1	2
3	122015261	128078951	2	1	1	3	a	6	1	1	0.0427941089164	0.117703507321	2	1	1	1	1	1	NA	NA	NA	NA	NA	NA	NA	2	1	1	1	1	1	NA	NA	NA	2	1	1
3	128078952	128576126	3	2	1	3	a	6	2	1	0.055008400542	0.164605522937	3	1	2	2	1	1	NA	NA	NA	NA	NA	NA	NA	3	1	2	2	1	1	NA	NA	NA	3	1	2
3	128576127	152758419	2	1	1	2	d	4	1.07	1.07	0.0403436334096	0.122655770447	2.138994	1.069496833	1.0694968	1	1	1	NA	NA	NA	NA	NA	NA	NA	2	1	1	1	1	1	NA	NA	NA	2	1	1
3	152758420	152774058	3	2	1	2	d	4	2.42	1	0.05	0.1	2.138994	1.069496833	1.0694968	2	1	1	NA	NA	NA	NA	NA	NA	NA	3	1	2	2	1	1	NA	NA	NA	3	1	2
3	152774059	152775917	3	2	1	2	d	4	2.42	1	0.05	0.1	NA	NA	NA	2	1	1	NA	NA	NA	NA	NA	NA	NA	3	1	2	2	1	1	NA	NA	NA	3	1	2
3	152775918	153107262	3	2	1	2	d	4	2.42	1	0.05	0.141509190764	NA	NA	NA	2	1	1	NA	NA	NA	NA	NA	NA	NA	3	1	2	2	1	1	NA	NA	NA	3	1	2
3	153107263	154510460	2	1	1	2	d	4	1.14	1.14	0.0384413773211	0.119271218513	2.219985	1.1099925	1.1099925	1	1	1	NA	NA	NA	NA	NA	NA	NA	2	1	1	1	1	1	NA	NA	NA	2	1	1
3	154510461	154576728	3	2	1	2	d	4	3	1	0.05	0.129320301073	3.241686	1.060636677	2.1810497	2	1	1	NA	NA	NA	NA	NA	NA	NA	3	1	2	2	1	1	NA	NA	NA	3	1	2
3	154576729	155030009	2	1	1	2	d	4	1.14	1.14	0.039781798699	0.117921900172	2.23552	1.117760167	1.1177602	1	1	1	NA	NA	NA	NA	NA	NA	NA	2	1	1	1	1	1	NA	NA	NA	2	1	1
3	155030010	155274350	3	2	1	2	d	5	2	1	0.0444442786342	0.194370871461	3.182829	1.081727225	2.1011014	2	1	1	NA	NA	NA	NA	NA	NA	NA	3	1	2	2	1	1	NA	NA	NA	3	1	2
3	155274351	166254997	2	1	1	2	d	4	1.14	1.14	0.0378833803652	0.128174598501	2.239376	1.119687833	1.1196878	1	1	1	NA	NA	NA	NA	NA	NA	NA	2	1	1	1	1	1	NA	NA	NA	2	1	1
3	166254998	166399014	3	2	1	2	d	5	2	1	0.05	0.136985758843	3.243087	1.049490833	2.1935958	2	1	1	NA	NA	NA	NA	NA	NA	NA	3	1	2	2	1	1	NA	NA	NA	3	1	2
3	166399015	168767961	2	1	1	2	d	4	1.14	1.14	0.0343694681947	0.125181279077	2.238863	1.1194315	1.1194315	1	1	1	NA	NA	NA	NA	NA	NA	NA	2	1	1	1	1	1	NA	NA	NA	2	1	1
3	168767962	168944973	3	2	1	2	d	3	2.42	1	0.05334604475	0.161125356004	3.432573	1.148916571	2.2836561	2	1	1	NA	NA	NA	NA	NA	NA	NA	4	2	2	2	1	1	NA	NA	NA	3	1	2
3	168944974	184240477	2	1	1	2	d	4	1.14	1.14	0.0402641234634	0.121365657467	2.240134	1.120066833	1.1200668	1	1	1	NA	NA	NA	NA	NA	NA	NA	2	1	1	1	1	1	NA	NA	NA	2	1	1
3	184240478	184429134	3	2	1	2	d	2	1.42	1.42	0.0343297624362	0.103211511786	2.648966	1.089237501	1.5597285	1	1	0.577730400339502	2	1	0.422269599660498	0.0484206428699341	0.048409902515006	0.474206971280781	0.663310040849999	3	1	2	1	1	1	NA	NA	NA	3	1	2
3	184429135	188632429	2	1	1	2	d	4	1.14	1.14	0.0393714726262	0.11984003523	2.258823	1.1294115	1.1294115	1	1	1	NA	NA	NA	NA	NA	NA	NA	2	1	1	1	1	1	NA	NA	NA	2	1	1
3	188632430	188777433	2	1	1	2	d	4	1.14	1.14	0.05	0.11251701165	2.258823	1.1294115	1.1294115	1	1	1	NA	NA	NA	NA	NA	NA	NA	2	1	1	1	1	1	NA	NA	NA	2	1	1
3	188777434	195177200	2	1	1	2	d	4	1.14	1.14	0.0391336227272	0.15528516169	2.232164	1.116082167	1.1160822	1	1	1	NA	NA	NA	NA	NA	NA	NA	2	1	1	1	1	1	NA	NA	NA	2	1	1
3	195177201	195715005	3	2	1	2	d	4	2	1	0.0575032839656	0.235690444572	3.226835	1.075707684	2.151127	2	1	1	NA	NA	NA	NA	NA	NA	NA	2	1	1	2	1	1	NA	NA	NA	3	1	2
3	195715006	197847500	2	1	1	2	d	3	1.07	1.07	0.0343201550809	0.161219345825	2.269283	1.1346415	1.1346415	1	1	0.922822939036144	2	1	0.0771770609638565	0.014501290145776	0.0152219719915657	0.892298652318344	0.953223964089342	2	1	1	1	1	1	NA	NA	NA	2	1	1
4	27500	50083	3	2	1	1	h	1	NA	NA	NA	NA	NA	NA	NA	NA	NA	NA	NA	NA	NA	NA	NA	NA	NA	NA	NA	NA	NA	NA	NA	NA	NA	NA	3	1	2
4	50084	849601	3	2	1	2	d	2	1.35	1.26	0.0537188428294	0.166462405201	2.539911	1.017352754	1.5225586	1	1	0.447190067111131	2	1	0.552809932888869	0.0300766177726626	0.0310376048604738	0.372717711337242	0.489619251466329	3	1	2	2	1	0.5652	1	1	0.4348	3	1	2
4	849602	1418402	4	2	2	2	e	4	2	2	0.0386669684904	0.17287891108	3.540768	1.546549918	1.9942181	2	1	0.431096724108106	2	2	0.568903275891894	0.0314291675758914	0.0315459027888754	0.348871766205127	0.473555278254515	NA	NA	NA	2	2	0.544507	2	1	0.455493	3	1	2
4	1418403	19312538	3	2	1	2	e	5	1.54	1.07	0.0508611984437	0.140783063412	2.476426	0.977545112	1.4988806	1	1	0.462130876108124	2	1	0.537869123891876	0.00556507665396924	0.00567068684644236	0.455095333077378	0.477593643269844	3	1	2	2	1	0.520377	1	1	0.479623	2	1	1
4	19312539	19488835	4	3	1	2	d	5	3.42	1	0.05	0.133653904688	4	1	3	3	1	1	NA	NA	NA	NA	NA	NA	NA	4	1	3	3	1	1	NA	NA	NA	4	1	3
4	19488836	20420817	2	1	1	2	d	2	1.63	1	0.0466706764317	0.128218025884	2.479917	0.989086623	1.49083	1	1	0.447190067111131	2	1	0.552809932888869	0.025242803345383	0.0242122888535292	0.422128714876441	0.515548209707117	2	1	1	2	1	0.506963	1	1	0.493037	2	1	1
4	20420818	20515339	4	3	1	2	d	4	3	1	0.05	0.163222232642	3.88835	0.979943703	2.9084063	3	1	1	NA	NA	NA	NA	NA	NA	NA	4	1	3	3	1	1	NA	NA	NA	3	1	2
4	20515340	48199999	2	1	1	2	e	4	1.63	1.07	0.051529503259	0.136742473901	2.555397	0.99993219	1.5554651	1	1	0.446279798386134	2	1	0.553720201613866	0.00435242628159604	0.00446145332826681	0.43755292693442	0.454820534172398	3	1	2	2	1	0.530652	1	1	0.469348	2	1	1
4	48200000	52699999	NA	NA	NA	NA	NA	NA	2	1	0.05	0.298420614027	2.54514	1.025664536	1.5194755	NA	NA	NA	NA	NA	NA	NA	NA	NA	NA	3	1	2	2	1	0.57251	1	1	0.42749	2	1	1
4	52700000	70123393	1	1	0	2	d	5	1.07	0	0.0697142952737	0.088694457125	1	0	1	1	0	1	NA	NA	NA	NA	NA	NA	NA	1	0	1	1	0	1	NA	NA	NA	1	0	1
4	70123394	70241762	1	1	0	2	d	4	1.07	0	0.05	0.159579947916	1	0	1	1	0	1	NA	NA	NA	NA	NA	NA	NA	1	0	1	0	0	1	NA	NA	NA	1	0	1
4	70241763	80349439	1	1	0	2	d	5	1.14	0	0.0711979691524	0.0879541255264	1	0	1	1	0	1	NA	NA	NA	NA	NA	NA	NA	1	0	1	1	0	1	NA	NA	NA	1	0	1
4	80349440	80349594	1	1	0	2	d	4	NA	NA	NA	NA	1	0	1	NA	NA	NA	NA	NA	NA	NA	NA	NA	NA	1	0	1	1	0	1	NA	NA	NA	1	0	1
4	80349595	80350073	2	1	1	1	h	1	NA	NA	NA	NA	NA	NA	NA	NA	NA	NA	NA	NA	NA	NA	NA	NA	NA	NA	NA	NA	1	1	1	NA	NA	NA	1	0	1
4	80350074	80500372	2	1	1	2	d	5	1	1	0.05	0.297073161738	2	1	1	1	1	0.822311093000007	2	1	0.177688906999993	0.0781382737949916	0.078664044994869	0.670110180643321	0.979068883782079	2	1	1	1	1	1	NA	NA	NA	2	1	1
4	80500373	80515363	1	1	0	2	d	4	1.07	0	0.05	0.1	2	1	1	1	0	1	NA	NA	NA	NA	NA	NA	NA	1	0	1	1	0	1	NA	NA	NA	1	0	1
4	80515364	80515477	1	1	0	2	d	4	1.07	0	0.05	0.1	NA	NA	NA	1	0	1	NA	NA	NA	NA	NA	NA	NA	1	0	1	1	0	1	NA	NA	NA	1	0	1
4	80515478	88077796	1	1	0	2	d	5	1.07	0	0.0684954548281	0.0876309792349	1	0	1	1	0	1	NA	NA	NA	NA	NA	NA	NA	1	0	1	1	0	1	NA	NA	NA	1	0	1
4	88077797	88354224	2	2	0	2	d	5	2.21	0	0.0589515541928	0.116790791828	2	0	2	2	0	1	NA	NA	NA	NA	NA	NA	NA	2	0	2	2	0	1	NA	NA	NA	2	0	2
4	88354225	106862735	1	1	0	2	d	5	1.14	0	0.0679060384583	0.0909786758474	1	0	1	1	0	1	NA	NA	NA	NA	NA	NA	NA	1	0	1	1	0	1	NA	NA	NA	1	0	1
4	106862736	107054448	2	2	0	3	a	6	2	0	0.05	0.0992695399659	2	0	2	2	0	1	NA	NA	NA	NA	NA	NA	NA	2	0	2	2	0	1	NA	NA	NA	2	0	2
4	107054449	134546178	1	1	0	2	d	5	1.14	0	0.0683208824614	0.0906371944398	1	0	1	1	0	1	NA	NA	NA	NA	NA	NA	NA	1	0	1	1	0	1	NA	NA	NA	1	0	1
4	134546179	134767639	2	2	0	2	d	5	2.21	0	0.041679190481	0.120868707655	2	0	2	2	0	1	NA	NA	NA	NA	NA	NA	NA	2	0	2	2	0	1	NA	NA	NA	2	0	2
4	134767640	179258546	1	1	0	2	d	5	1.14	0	0.0689185167314	0.118092067516	1	0	1	1	0	1	NA	NA	NA	NA	NA	NA	NA	1	0	1	1	0	1	NA	NA	NA	1	0	1
4	179258547	179388803	2	2	0	2	d	5	2.26	0	0.069890502242	0.139485594173	2	0	2	2	0	1	NA	NA	NA	NA	NA	NA	NA	2	0	2	2	0	1	NA	NA	NA	2	0	2
4	179388804	191154275	1	1	0	2	d	5	1.14	0	0.0714507323051	0.0988954507626	1	0	1	1	0	1	NA	NA	NA	NA	NA	NA	NA	1	0	1	1	0	1	NA	NA	NA	1	0	1
5	22500	851581	2	1	1	2	d	3	1	1	0.0420537112621	0.641889897222	2	1	1	NA	NA	NA	NA	NA	NA	NA	NA	NA	NA	NA	NA	NA	1	0	0.41302	1	1	0.58698	2	1	1
5	851582	14383809	2	1	1	3	a	6	1	1	0.0425576751731	0.108367102293	2	1	1	1	1	1	NA	NA	NA	NA	NA	NA	NA	2	1	1	1	1	1	NA	NA	NA	2	1	1
5	14383810	14632878	2	1	1	3	a	6	1	1	0.0524540762257	0.0929817237576	2	1	1	1	1	1	NA	NA	NA	NA	NA	NA	NA	2	1	1	1	1	1	NA	NA	NA	2	1	1
5	14632879	46099999	2	1	1	3	a	6	1	1	0.0423277190738	0.117191937446	2	1	1	1	1	1	NA	NA	NA	NA	NA	NA	NA	2	1	1	1	1	1	NA	NA	NA	2	1	1
5	46100000	50699999	2	1	1	3	a	6	1	1	0.0391849179315	0.154737034213	2	1	1	1	1	1	NA	NA	NA	NA	NA	NA	NA	2	1	1	1	1	1	NA	NA	NA	2	1	1
5	50700000	70307463	2	1	1	3	a	6	1	1	0.0400760196666	0.116272709502	2	1	1	1	1	1	NA	NA	NA	NA	NA	NA	NA	2	1	1	1	1	1	NA	NA	NA	2	1	1
5	70307464	70939579	3	2	1	2	d	3	1.07	1.07	0.05	0.245233411026	2	1	1	2	1	1	NA	NA	NA	NA	NA	NA	NA	3	1	2	2	1	1	NA	NA	NA	2	1	1
5	70939580	90376615	2	1	1	2	d	5	1.07	1.07	0.0409634483024	0.124105498873	2	1	1	1	1	1	NA	NA	NA	NA	NA	NA	NA	2	1	1	1	1	1	NA	NA	NA	2	1	1
5	90376616	90944809	3	2	1	2	d	4	2	2	0.05	0.14368193956	3	1	2	2	1	0.92756273422864	2	2	0.0724372657713598	0.050819035546068	0.0534476598730827	0.740701000875526	0.953348178622566	3	1	2	2	1	1	NA	NA	NA	3	1	2
5	90944810	94256322	2	1	1	2	d	5	1.07	1.07	0.0385873658378	0.115842374276	2	1	1	1	1	1	NA	NA	NA	NA	NA	NA	NA	2	1	1	1	1	1	NA	NA	NA	2	1	1
5	94256323	94600250	3	2	1	2	d	5	2.21	1	0.0584725739052	0.13120238183	3	1	2	2	1	1	NA	NA	NA	NA	NA	NA	NA	3	1	2	2	1	1	NA	NA	NA	3	1	2
5	94600251	100035692	2	1	1	2	d	5	1.07	1.07	0.0421974742904	0.11675345665	2	1	1	1	1	1	NA	NA	NA	NA	NA	NA	NA	2	1	1	1	1	1	NA	NA	NA	2	1	1
5	100035693	100885939	3	2	1	2	d	2	2	1	0.0508399272011	0.145907895423	2.796044	1.045514041	1.7505296	1	1	0.320733545392419	2	1	0.679266454607581	0.0283100351056325	0.028054278753842	0.263096707593602	0.375984359190743	3	1	2	2	1	0.660439	1	1	0.339561	2	1	1
5	100885940	104117553	2	1	1	2	d	5	1.07	1.14	0.0393542806074	0.121027794951	2	1	1	1	1	1	NA	NA	NA	NA	NA	NA	NA	2	1	1	1	1	1	NA	NA	NA	2	1	1
5	104117554	104261867	3	2	1	3	a	6	2	1	0.0530512181655	0.0956319520876	3	1	2	2	1	1	NA	NA	NA	NA	NA	NA	NA	3	1	2	2	1	1	NA	NA	NA	3	1	2
5	104261868	122099756	2	1	1	2	d	5	1.07	1.07	0.0391457455819	0.133684194326	2	1	1	1	1	1	NA	NA	NA	NA	NA	NA	NA	2	1	1	1	1	1	NA	NA	NA	2	1	1
5	122099757	122135410	3	2	1	2	d	4	2	2	0.05	0.1	2.864495	0.976902607	1.8875924	2	1	1	NA	NA	NA	NA	NA	NA	NA	3	1	2	2	1	1	NA	NA	NA	3	1	2
5	122135411	124047015	2	1	1	3	a	6	1	1	0.0567162201854	0.112810056608	2	1	1	1	1	1	NA	NA	NA	NA	NA	NA	NA	2	1	1	1	1	1	NA	NA	NA	2	1	1
5	124047016	124374457	3	2	1	3	a	6	2	1	0.0537135300632	0.143972983576	3	1	2	2	1	1	NA	NA	NA	NA	NA	NA	NA	3	1	2	2	1	1	NA	NA	NA	3	1	2
5	124374458	128222636	2	1	1	2	d	5	1.07	1.07	0.040587364505	0.115332385321	2	1	1	1	1	1	NA	NA	NA	NA	NA	NA	NA	2	1	1	1	1	1	NA	NA	NA	2	1	1
5	128222637	128264543	3	2	1	3	a	6	2	1	0.05	0.1	3	1	2	2	1	1	NA	NA	NA	NA	NA	NA	NA	3	1	2	2	1	1	NA	NA	NA	3	1	2
5	128264544	138325318	2	1	1	2	d	5	1.07	1.07	0.0434290846956	0.124005834626	2	1	1	1	1	1	NA	NA	NA	NA	NA	NA	NA	2	1	1	1	1	1	NA	NA	NA	2	1	1
5	138325319	138757062	3	2	1	2	d	4	NA	NA	NA	NA	2	1	1	2	1	1	NA	NA	NA	NA	NA	NA	NA	3	1	2	2	1	1	NA	NA	NA	3	1	2
5	138757063	139022009	3	2	1	1	g	NA	NA	NA	NA	NA	NA	NA	NA	1	1	1	NA	NA	NA	NA	NA	NA	NA	3	1	2	2	1	1	NA	NA	NA	2	1	1
5	139022010	139457018	3	2	1	3	a	6	2	1	0.0580007631127	0.119982001925	3	1	2	2	1	1	NA	NA	NA	NA	NA	NA	NA	3	1	2	2	1	1	NA	NA	NA	3	1	2
5	139457019	150717148	2	1	1	3	a	6	1	1	0.039167374657	0.135813473593	2	1	1	1	1	1	NA	NA	NA	NA	NA	NA	NA	2	1	1	1	1	1	NA	NA	NA	2	1	1
5	150717149	159026351	3	2	1	2	d	5	2	1	0.0543707612166	0.144961520226	2.867698	0.981839169	1.8858585	2	1	1	NA	NA	NA	NA	NA	NA	NA	3	1	2	2	1	1	NA	NA	NA	3	1	2
5	159026352	160171921	4	3	1	2	d	4	3.14	1	0.0458358887231	0.167706422657	3.796128	0.974761067	2.8213673	3	1	1	NA	NA	NA	NA	NA	NA	NA	4	1	3	3	1	1	NA	NA	NA	4	1	3
5	160171922	161129754	3	2	1	2	d	4	2.07	1	0.0493770705266	0.140142367295	2.898875	0.984926699	1.913948	2	1	1	NA	NA	NA	NA	NA	NA	NA	3	1	2	2	1	1	NA	NA	NA	3	1	2
5	161129755	161174534	4	3	1	1	g	NA	4	1	0.05	0.1	3.861489	1.012862466	2.8486269	2	1	0.218932071572212	3	1	0.781067928427788	0.0894939702698787	0.0895250870553671	0.0918595845353738	0.439621230142306	4	1	3	3	1	1	NA	NA	NA	3	1	2
5	161174535	161190808	3	2	1	2	d	4	2	2	0.05	0.1	3.861489	1.012862466	2.8486269	2	1	1	NA	NA	NA	NA	NA	NA	NA	3	1	2	2	1	1	NA	NA	NA	3	1	2
5	161190809	161225648	3	2	1	2	d	3	NA	NA	NA	NA	NA	NA	NA	2	1	1	NA	NA	NA	NA	NA	NA	NA	4	1	3	2	1	1	NA	NA	NA	3	1	2
5	161225649	180662500	3	2	1	2	d	4	2	1.07	0.0554588373163	0.159522658272	2.885205	0.987661961	1.8975427	2	1	1	NA	NA	NA	NA	NA	NA	NA	3	1	2	2	1	1	NA	NA	NA	3	1	2
6	209980	10930968	1	1	0	3	a	6	1	0	0.0720217485371	0.0868426771081	1	0	1	1	0	1	NA	NA	NA	NA	NA	NA	NA	1	0	1	1	0	1	NA	NA	NA	1	0	1
6	10930969	10933104	1	1	0	2	d	3	1.42	1	0.05	0.1	1	0	1	NA	NA	NA	NA	NA	NA	NA	NA	NA	NA	3	1	2	1	0	1	NA	NA	NA	1	0	1
6	10933105	18610852	3	2	1	2	d	2	1.42	1	0.0500390154108	0.131624876417	2.594289	1.016600048	1.577689	1	1	0.447190067111131	2	1	0.552809932888869	0.00866458467788125	0.00861128269964013	0.429058424233091	0.462733606636127	3	1	2	2	1	0.541507	1	1	0.458493	3	1	2
6	18610853	19332581	4	3	1	2	d	2	3.35	1	0.0507608365587	0.163614910288	4.3684	1.033850392	3.3345499	3	1	0.682565951359748	4	1	0.317434048640252	0.047052733452519	0.0464616474810026	0.651591112399799	0.838997800968028	5	1	4	3	1	1	NA	NA	NA	4	1	3
6	19332582	23263922	5	4	1	2	d	4	4.21	1	0.0378299808174	0.196616901863	5.239631	1.01105475	4.2285762	4	1	1	NA	NA	NA	NA	NA	NA	NA	5	1	4	4	1	1	NA	NA	NA	5	1	4
6	23263923	23546972	4	3	1	2	d	3	3.21	1	0.0416019841986	0.146282303752	4.380713	1.026639087	3.3540736	3	1	1	NA	NA	NA	NA	NA	NA	NA	5	1	4	3	1	1	NA	NA	NA	4	1	3
6	23546973	23549193	4	3	1	2	d	2	5	1	0.05	0.1	4.380713	1.026639087	3.3540736	NA	NA	NA	NA	NA	NA	NA	NA	NA	NA	NA	NA	NA	3	1	1	NA	NA	NA	4	1	3
6	23549194	24605997	6	5	1	2	d	5	5	1	0.0374517692563	0.2224407074	6.23339	1.009792994	5.223597	5	1	1	NA	NA	NA	NA	NA	NA	NA	6	1	5	5	1	1	NA	NA	NA	6	1	5
6	24605998	25167396	5	4	1	2	d	4	4	1	0.0466126957287	0.22406380978	5.270451	1.013243298	4.2572074	4	1	1	NA	NA	NA	NA	NA	NA	NA	6	1	5	4	1	1	NA	NA	NA	5	1	4
6	25167397	26055256	6	5	1	2	d	5	5	1	0.0326868989265	0.211765143437	6.261555	1.014169202	5.2473855	5	1	1	NA	NA	NA	NA	NA	NA	NA	6	1	5	5	1	1	NA	NA	NA	6	1	5
6	26055257	26333245	6	5	1	2	d	3	5	1	0.05	0.246866049732	6.261555	1.014169202	5.2473855	6	1	1	NA	NA	NA	NA	NA	NA	NA	6	1	5	5	1	1	NA	NA	NA	7	1	6
6	26333246	27130583	6	5	1	2	d	5	5	1	0.0412958190106	0.20907955447	6.301028	1.052784009	5.2482437	5	1	1	NA	NA	NA	NA	NA	NA	NA	6	1	5	5	1	1	NA	NA	NA	6	1	5
6	27130584	28427645	5	4	1	2	d	4	4	1	0.0296593573708	0.207223164993	5.275705	1.021773698	4.253931	4	1	1	NA	NA	NA	NA	NA	NA	NA	6	1	5	4	1	1	NA	NA	NA	5	1	4
6	28427646	28486322	6	5	1	2	d	4	5	1	0.05	0.0811965799154	5.275705	1.021773698	4.253931	5	1	0.397440727973316	6	1	0.602559272026684	0.309502462916629	0.280226515191381	0.161453896803113	1.26123198765129	6	1	5	5	1	1	NA	NA	NA	6	1	5
6	28486323	28667333	5	4	1	2	d	5	4	1	0.0472080503905	0.189665592981	5	1	4	4	1	0.660186357010474	5	1	0.339813642989526	0.126251140605214	0.12050526997008	0.442968771687112	0.896033884239857	5	1	4	4	1	1	NA	NA	NA	5	1	4
6	28667334	28697189	2	1	1	3	b	6	1	1	0.05	0.1	5	1	4	1	1	1	NA	NA	NA	NA	NA	NA	NA	2	1	1	1	1	1	NA	NA	NA	2	1	1
6	28697190	28698026	2	1	1	2	d	2	1	1	0.05	0.1	NA	NA	NA	NA	NA	NA	NA	NA	NA	NA	NA	NA	NA	NA	NA	NA	1	1	1	NA	NA	NA	4	0	0
6	28698027	28705949	5	4	1	1	h	1	1	1	0.05	0.1	NA	NA	NA	4	1	1	NA	NA	NA	NA	NA	NA	NA	NA	NA	NA	1	1	1	NA	NA	NA	5	1	4
6	28705950	35511710	2	1	1	2	d	4	0.86	0.86	0.0562516069608	0.183364458798	2	1	1	1	0	0.110561986577776	1	1	0.889438013422224	0.00591422594782771	0.00575602063582391	0.0949323002671156	0.118106459728264	2	1	1	1	1	1	NA	NA	NA	2	1	1
6	35511711	35840744	2	1	1	2	d	3	1	1	0.0580238671891	0.228821620169	2.370187	0.999917483	1.3702695	1	1	0.542502124505756	2	1	0.457497875494244	0.0460903646946397	0.0448880966544798	0.447221508698332	0.625019704263541	3	1	2	1	1	1	NA	NA	NA	2	1	1
6	35840745	42777372	2	1	1	2	d	5	1	1	0.0414462108835	0.148394117441	2	1	1	1	0	0.087285778877188	1	1	0.912714221122812	0.00672405298952247	0.00669769214977852	0.075972822324899	0.10322361420998	2	1	1	1	1	1	NA	NA	NA	2	1	1
6	42777373	43130004	3	2	1	2	d	4	2	1	0.0485459708376	0.174805023244	2.829182	0.968607345	1.860575	1	1	0.239886342277797	2	1	0.760113657722203	0.0419316778772623	0.0424285318364552	0.166247883231557	0.328035537183984	3	1	2	2	1	1	NA	NA	NA	3	1	2
6	43130005	44630976	2	1	1	2	d	5	1	1	0.0431788457288	0.119191631773	2	1	1	1	0	0.110561986577776	1	1	0.889438013422224	0.0160364877769308	0.0163798481570536	0.0743645341385	0.137072033352592	2	1	1	1	1	1	NA	NA	NA	2	1	1
6	44630977	44761740	3	2	1	2	d	5	2	1	0.0744624998372	0.132206868074	2.765725	0.894879492	1.8708458	2	1	1	NA	NA	NA	NA	NA	NA	NA	3	1	2	2	1	1	NA	NA	NA	3	1	2
6	44761741	58699999	2	1	1	2	d	5	1	1	0.0409078555498	0.129353623265	2	1	1	1	0	0.0895930576082646	1	1	0.910406942391735	0.00441874464675263	0.00436263259205712	0.081065849916826	0.0977625181686441	2	1	1	1	1	1	NA	NA	NA	2	1	1
6	58700000	64157458	2	1	1	3	b	5	1	1	0.0362106936035	0.125932656506	2	1	1	NA	NA	NA	NA	NA	NA	NA	NA	NA	NA	2	1	1	1	1	1	NA	NA	NA	2	1	1
6	64157459	65793073	2	1	1	2	e	5	1.63	1	0.0480194979692	0.145925882219	2.632766	1.014614431	1.6181512	1	1	0.385766741234585	2	1	0.614233258765415	0.014400402633597	0.0144150348486602	0.372189887759611	0.428807006324683	3	1	2	2	1	0.581285	1	1	0.418715	2	1	1
6	65793074	66254917	4	3	1	2	e	4	3	0.79	0.05	0.163208733878	3.593538	1.094782565	2.4987558	2	1	0.61797516777781	3	1	0.38202483222219	0.0682227276590706	0.066589279466013	0.488092418495644	0.752016354406873	4	1	3	3	1	0.38613	2	1	0.61387	3	1	2
6	66254918	66257848	3	2	1	2	f	3	1.14	1	0.05	0.1	3.593538	1.094782565	2.4987558	NA	NA	NA	NA	NA	NA	NA	NA	NA	NA	NA	NA	NA	3	1	0.38613	2	1	0.61387	3	1	2
6	66257849	67346005	2	1	1	2	d	3	1.14	1	0.0412738994988	0.112263585443	2.209554	1.104776833	1.1047768	1	1	0.78714767498571	2	1	0.21285232501429	0.0133669129878018	0.0129127810705818	0.766087163409734	0.816552138311464	2	1	1	1	1	1	NA	NA	NA	2	1	1
6	67346006	67908369	3	2	1	2	d	3	2.21	1	0.05318080286	0.126436855092	3.147391	0.992860988	2.1545303	2	1	0.799068076827621	3	1	0.200931923172379	0.0313393091955721	0.0306496347313759	0.742175786867866	0.859870176436029	3	1	2	2	1	1	NA	NA	NA	3	1	2
6	67908370	67910111	3	2	1	2	d	2	NA	NA	NA	NA	3.147391	0.992860988	2.1545303	1	0	0.589663928414798	1	1	0.410336071585202	NA	0	0.589663928414798	0.589663928414798	NA	NA	NA	2	1	1	NA	NA	NA	3	1	2
6	67910112	68293356	3	2	1	2	d	2	2	1	0.0449561828819	0.170590253363	2.625459	0.978150109	1.6473086	1	1	0.346679170222242	2	1	0.653320829777758	0.0382211244864822	0.0383968472369683	0.306856488080319	0.453863613949442	3	1	2	2	1	0.647702	1	1	0.352298	2	1	1
6	68293357	68294804	2	1	1	2	e	3	0.93	0.93	0.05	0.1	2.625459	0.978150109	1.6473086	NA	NA	NA	NA	NA	NA	NA	NA	NA	NA	NA	NA	NA	2	1	0.647702	1	1	0.352298	2	1	1
6	68294805	85998615	2	1	1	2	d	3	0.93	0.93	0.046578759557	0.108614677593	1.710697	0.8553485	0.8553485	1	0	0.177688906999997	1	1	0.822311093000003	0.00437781347883964	0.00453465614057382	0.164142537418709	0.182232392600553	2	1	1	1	1	1	NA	NA	NA	2	1	1
6	85998616	86090014	2	1	1	2	d	2	1.42	1	0.0446917268805	0.13738195493	2.337195	0.9483658	1.3888292	1	1	0.419549570466682	2	1	0.580450429533318	0.0534085873158461	0.0543096257253932	0.255253141887838	0.465266674256026	2	1	1	2	1	0.582004	1	1	0.417996	2	1	1
6	86090015	100210012	2	1	1	2	d	3	0.93	0.93	0.0437531417731	0.121174304776	1.684204	0.842102	0.842102	1	0	0.127571522974356	1	1	0.872428477025644	0.00487342856607757	0.00477862296089163	0.116070724836723	0.135069090348812	2	1	1	1	1	1	NA	NA	NA	2	1	1
6	100210013	100346809	3	2	1	2	d	2	2	1	0.05	0.126672145603	2.654655	0.897250458	1.7574049	1	1	0.115159140180992	2	1	0.884840859819008	0.0636861794164058	0.0608778601049661	0.00951481434385527	0.248807909760434	3	1	2	2	1	0.867975	1	1	0.132025	2	1	1
6	100346810	133951726	2	1	1	2	d	5	1	1	0.0395945125916	0.107029084546	1.818664	0.909332	0.909332	1	1	1	NA	NA	NA	NA	NA	NA	NA	2	1	1	1	1	1	NA	NA	NA	2	1	1
6	133951727	134311522	3	2	1	2	d	4	2	1	0.0455465529396	0.136499135142	2.695961	0.933200333	1.762761	1	1	0.140073437728421	2	1	0.859926562271579	0.0502920879486412	0.0524429594063035	0.012139139166466	0.211349112923747	3	1	2	2	1	1	NA	NA	NA	3	1	2
6	134311523	143814661	2	1	1	2	d	5	1	1	0.0413910595594	0.109083421995	1.840562	0.920281167	0.9202812	1	1	1	NA	NA	NA	NA	NA	NA	NA	2	1	1	1	1	1	NA	NA	NA	2	1	1
6	143814662	143867303	3	2	1	2	d	5	2	1	0.05	0.1	2.813038	0.972607114	1.8404306	2	1	1	NA	NA	NA	NA	NA	NA	NA	3	1	2	2	1	1	NA	NA	NA	3	1	2
6	143867304	143879377	2	1	1	2	d	3	2	1	0.05	0.1	2.813038	0.972607114	1.8404306	1	1	1	NA	NA	NA	NA	NA	NA	NA	2	1	1	2	1	1	NA	NA	NA	2	1	1
6	143879378	143961865	3	2	1	2	d	5	2	1	0.0470927868494	0.13751043828	2.735597	0.933474345	1.8021223	2	1	1	NA	NA	NA	NA	NA	NA	NA	3	1	2	2	1	1	NA	NA	NA	3	1	2
6	143961866	146419238	2	1	1	2	d	5	1	1	0.0388799044709	0.103288843497	1.814231	0.907115667	0.9071157	1	1	1	NA	NA	NA	NA	NA	NA	NA	2	1	1	1	1	1	NA	NA	NA	2	1	1
6	146419239	146490608	2	1	1	2	d	5	1	1	0.05	0.0941115319462	1.814231	0.907115667	0.9071157	1	1	1	NA	NA	NA	NA	NA	NA	NA	2	1	1	1	1	1	NA	NA	NA	2	1	1
6	146490609	170915316	2	1	1	2	d	5	1	1	0.0417544705695	0.116613365726	1.816518	0.908259	0.908259	1	1	1	NA	NA	NA	NA	NA	NA	NA	2	1	1	1	1	1	NA	NA	NA	2	1	1
7	33177	2467673	2	1	1	3	b	6	1	1	0.0478042114961	0.167079387335	2	1	1	1	1	1	NA	NA	NA	NA	NA	NA	NA	1	0	1	1	1	1	NA	NA	NA	2	1	1
7	2467674	2617805	3	2	1	2	d	4	2	1	0.05	0.145341353392	3.200706	1.01740521	2.1833011	2	1	1	NA	NA	NA	NA	NA	NA	NA	NA	NA	NA	2	1	1	NA	NA	NA	3	1	2
7	2617806	2998292	2	1	1	3	a	6	1	1	0.0459922986997	0.107450092064	2	1	1	1	1	1	NA	NA	NA	NA	NA	NA	NA	2	1	1	1	1	1	NA	NA	NA	2	1	1
7	2998293	3245282	3	2	1	2	d	5	2	1	0.0546113631958	0.102136964815	3	1	2	2	0	0.0980470907536059	2	1	0.901952909246394	0.0228574918836909	0.0236084889840497	0.033829552048735	0.12751836345445	3	1	2	2	1	1	NA	NA	NA	3	1	2
7	3245283	18757065	2	1	1	2	d	5	1	1	0.0401686775922	0.120028100201	2.104006	1.052003	1.052003	1	1	1	NA	NA	NA	NA	NA	NA	NA	2	1	1	1	1	1	NA	NA	NA	2	1	1
7	18757066	18849014	3	2	1	2	d	3	1	1	0.05	0.111752167217	2.104006	1.052003	1.052003	2	1	1	NA	NA	NA	NA	NA	NA	NA	3	1	2	1	1	1	NA	NA	NA	3	1	2
7	18849015	36814670	2	1	1	3	a	6	1	1	0.0410610474242	0.112515619248	2	1	1	1	1	1	NA	NA	NA	NA	NA	NA	NA	2	1	1	1	1	1	NA	NA	NA	2	1	1
7	36814671	37003704	3	2	1	2	d	5	2	1	0.0500833570545	0.100601086989	3.123689	1.091556334	2.0321323	2	1	1	NA	NA	NA	NA	NA	NA	NA	3	1	2	2	1	1	NA	NA	NA	3	1	2
7	37003705	37003940	3	2	1	2	f	3	2	1	0.05	0.1	3.123689	1.091556334	2.0321323	NA	NA	NA	NA	NA	NA	NA	NA	NA	NA	1	0	1	2	1	1	NA	NA	NA	4	1	3
7	37003941	37003957	1	1	0	1	g	NA	2	1	0.05	0.1	NA	NA	NA	NA	NA	NA	NA	NA	NA	NA	NA	NA	NA	1	0	1	2	1	1	NA	NA	NA	4	1	3
7	37003958	37004355	3	2	1	2	d	2	2	1	0.05	0.1	NA	NA	NA	NA	NA	NA	NA	NA	NA	NA	NA	NA	NA	NA	NA	NA	2	1	1	NA	NA	NA	4	1	3
7	37004356	37055926	3	2	1	2	d	2	2	1	0.05	0.120544532809	NA	NA	NA	2	1	0.755973855022654	2	2	0.244026144977346	0.0174543370619494	0.0121737912293639	0.738452721851843	0.773361395975741	NA	NA	NA	2	1	1	NA	NA	NA	4	1	3
7	37055927	37085402	3	2	1	1	h	1	NA	NA	NA	NA	NA	NA	NA	3	1	0.618151641717928	3	2	0.381848358282072	NA	0	0.618151641717928	0.618151641717928	NA	NA	NA	2	1	1	NA	NA	NA	4	1	3
7	37085403	37085440	3	2	1	2	d	2	NA	NA	NA	NA	NA	NA	NA	NA	NA	NA	NA	NA	NA	NA	NA	NA	NA	1	0	1	2	1	1	NA	NA	NA	3	1	2
7	37085441	37086514	3	2	1	2	d	2	NA	NA	NA	NA	NA	NA	NA	NA	NA	NA	NA	NA	NA	NA	NA	NA	NA	NA	NA	NA	2	1	1	NA	NA	NA	3	1	2
7	37086515	37234287	3	2	1	3	a	6	2	1	0.0532392254556	0.0948598184071	3	1	2	2	1	1	NA	NA	NA	NA	NA	NA	NA	3	1	2	2	1	1	NA	NA	NA	3	1	2
7	37234288	37234326	3	2	1	2	d	2	NA	NA	NA	NA	3	1	2	NA	NA	NA	NA	NA	NA	NA	NA	NA	NA	NA	NA	NA	2	1	1	NA	NA	NA	2	1	1
7	37234327	57999999	2	1	1	3	a	6	1	1	0.0411651089954	0.135599233239	2	1	1	1	1	1	NA	NA	NA	NA	NA	NA	NA	2	1	1	1	1	1	NA	NA	NA	2	1	1
7	58000000	61699999	2	1	1	2	d	4	1	1	0.05	0.199523465372	2	1	1	NA	NA	NA	NA	NA	NA	NA	NA	NA	NA	NA	NA	NA	1	1	1	NA	NA	NA	2	1	1
7	61700000	98392961	2	1	1	3	a	6	1	1	0.0398784357924	0.128088330431	2	1	1	1	1	1	NA	NA	NA	NA	NA	NA	NA	2	1	1	1	1	1	NA	NA	NA	2	1	1
7	98392962	98939018	3	2	1	2	d	5	1.42	1.54	0.05	0.135306958816	3	1	2	2	1	1	NA	NA	NA	NA	NA	NA	NA	3	1	2	2	1	1	NA	NA	NA	3	1	2
7	98939019	100683642	2	1	1	2	d	3	1.35	1.21	0.05	0.118425756862	3	1	2	1	1	1	NA	NA	NA	NA	NA	NA	NA	NA	NA	NA	1	1	1	NA	NA	NA	2	1	1
7	100683643	100701962	2	1	1	2	f	2	1.35	1.21	0.05	0.1	NA	NA	NA	NA	NA	NA	NA	NA	NA	NA	NA	NA	NA	1	0	1	2	1	1	NA	NA	NA	2	1	1
7	100701963	100795504	4	2	2	2	f	2	1.35	1.21	0.05	0.1	NA	NA	NA	2	2	1	NA	NA	NA	NA	NA	NA	NA	1	0	1	2	1	1	NA	NA	NA	4	2	2
7	100795505	101028722	3	2	1	2	d	3	1.35	1.21	0.05	0.1	NA	NA	NA	2	1	1	NA	NA	NA	NA	NA	NA	NA	1	0	1	2	1	1	NA	NA	NA	3	1	2
7	101028723	101258646	2	1	1	2	d	3	1	1	0.0226615791996	0.175290474198	1.862161	0.931080333	0.9310803	1	0	0.110561986577776	1	1	0.889438013422224	0.0399852862174307	0.0408165960451634	0.0119351159324469	0.165971607145388	1	0	1	1	1	1	NA	NA	NA	2	1	1
7	101258647	101528663	3	2	1	2	d	2	2	1	0.05	0.1	2.735069	0.97199525	1.7630734	1	1	0.307758829943552	2	1	0.692241170056448	0.0507322269794781	0.0527453699984947	0.115348690112925	0.323874491402732	NA	NA	NA	2	1	0.717115	1	1	0.282885	3	1	2
7	101528664	106802176	2	1	1	2	d	4	0.93	0.93	0.042026169071	0.113897301328	1.891963	0.945981333	0.9459813	1	1	1	NA	NA	NA	NA	NA	NA	NA	2	1	1	1	1	1	NA	NA	NA	2	1	1
7	106802177	107126161	3	2	1	2	d	3	2	1	0.0480294254379	0.105911695172	2.766422	1.007292208	1.7591301	1	1	0.255889907637487	2	1	0.744110092362513	0.0384054957825039	0.0380738758319681	0.142676917462915	0.291583932596526	3	1	2	2	1	0.699887	1	1	0.300113	3	1	2
7	107126162	130422100	2	1	1	3	a	6	1	1	0.0389722183646	0.11354052305	2	1	1	1	1	1	NA	NA	NA	NA	NA	NA	NA	2	1	1	1	1	1	NA	NA	NA	2	1	1
7	130422101	130698128	3	2	1	2	d	4	2	1	0.0517483084526	0.148963028726	3.089855	1.121959455	1.9678955	2	1	0.834761973663384	2	2	0.165238026336616	0.0320846619986384	0.0322045283145659	0.81259118568772	0.934652175111486	3	1	2	2	1	1	NA	NA	NA	3	1	2
7	130698129	132477677	2	1	1	3	a	6	1	1	0.0397031462185	0.108690237833	2	1	1	1	1	1	NA	NA	NA	NA	NA	NA	NA	2	1	1	1	1	1	NA	NA	NA	2	1	1
7	132477678	132657386	3	2	1	2	d	4	2	1	0.0520682279505	0.110733101995	2.943579	1.055254169	1.8883248	1	1	0.240550310148912	2	1	0.759449689851088	0.0590051410688674	0.0607081272168403	0.0567418366925612	0.288374383831955	3	1	2	2	1	1	NA	NA	NA	3	1	2
7	132657387	154424073	2	1	1	3	a	6	1	1	0.0411955662117	0.120620000799	2	1	1	1	1	1	NA	NA	NA	NA	NA	NA	NA	2	1	1	1	1	1	NA	NA	NA	2	1	1
7	154424074	154572063	3	2	1	2	d	5	2	1	0.0570146045354	0.169546722848	2.779148	0.920159257	1.8589887	2	1	1	NA	NA	NA	NA	NA	NA	NA	3	1	2	2	1	1	NA	NA	NA	3	1	2
7	154572064	158821400	2	1	1	3	a	6	1	1	0.0408468854961	0.126408039482	2	1	1	1	1	1	NA	NA	NA	NA	NA	NA	NA	2	1	1	1	1	1	NA	NA	NA	2	1	1
7	158821401	159069807	2	1	1	3	b	5	NA	NA	NA	NA	2	1	1	1	1	1	NA	NA	NA	NA	NA	NA	NA	2	1	1	1	1	1	NA	NA	NA	2	1	1
8	163226	36066607	1	1	0	2	d	5	1.21	0	0.0695105115533	0.108230095966	1	0	1	1	0	1	NA	NA	NA	NA	NA	NA	NA	1	0	1	1	0	1	NA	NA	NA	1	0	1
8	36066608	36067564	1	1	0	2	d	3	2	1.14	0.05	0.1	1	0	1	NA	NA	NA	NA	NA	NA	NA	NA	NA	NA	NA	NA	NA	1	0	1	NA	NA	NA	1	0	1
8	36067565	39172421	3	2	1	2	d	3	2	1.14	0.0607283180279	0.161969688515	2.911849	1.031406267	1.8804427	1	1	0.17078510066669	2	1	0.82921489933331	0.0236984720137303	0.0229733589542191	0.137332052876872	0.225096118260509	3	1	2	2	1	1	NA	NA	NA	3	1	2
8	39172422	39285212	4	3	1	2	d	3	NA	NA	NA	NA	2.911849	1.031406267	1.8804427	3	1	1	NA	NA	NA	NA	NA	NA	NA	4	1	3	1	1	1	NA	NA	NA	4	1	3
8	39285213	39286037	2	1	1	1	h	1	NA	NA	NA	NA	NA	NA	NA	NA	NA	NA	NA	NA	NA	NA	NA	NA	NA	NA	NA	NA	1	1	1	NA	NA	NA	4	1	3
8	39286038	43099999	2	1	1	2	d	5	1	1	0.0422443605176	0.122490864447	2	1	1	1	0	0.0839849355457643	1	1	0.916015064454236	0.0113169026279809	0.0116301384609693	0.0572342477794781	0.102211946426708	2	1	1	1	1	1	NA	NA	NA	2	1	1
8	43100000	48157310	2	1	1	2	d	5	1	1	0.0322964963244	0.241179679895	1.878556	0.939278167	0.9392782	1	1	1	NA	NA	NA	NA	NA	NA	NA	2	1	1	1	1	1	NA	NA	NA	2	1	1
8	48157311	48157702	2	1	1	2	d	4	1	1	0.05	0.1	1.878556	0.939278167	0.9392782	1	1	1	NA	NA	NA	NA	NA	NA	NA	NA	NA	NA	1	1	1	NA	NA	NA	2	1	1
8	48157703	48746856	2	1	1	3	b	5	1	1	0.05	0.101984995172	NA	NA	NA	1	1	1	NA	NA	NA	NA	NA	NA	NA	2	1	1	1	1	1	NA	NA	NA	2	1	1
8	48746857	48932907	3	2	1	2	d	3	NA	NA	NA	NA	NA	NA	NA	2	1	1	NA	NA	NA	NA	NA	NA	NA	3	1	2	1	1	1	NA	NA	NA	3	1	2
8	48932908	50736030	2	1	1	3	a	6	1	1	0.0412449546676	0.105567942524	2	1	1	1	1	1	NA	NA	NA	NA	NA	NA	NA	2	1	1	1	1	1	NA	NA	NA	2	1	1
8	50736031	50842309	3	2	1	2	d	5	2	1	0.05	0.159875353286	2.777435	0.896583136	1.8808515	2	1	1	NA	NA	NA	NA	NA	NA	NA	3	1	2	2	1	1	NA	NA	NA	3	1	2
8	50842310	66877416	2	1	1	2	d	5	1	1	0.0404121528035	0.112514499112	1.878011	0.939005333	0.9390053	1	1	1	NA	NA	NA	NA	NA	NA	NA	2	1	1	1	1	1	NA	NA	NA	2	1	1
8	66877417	67104627	3	2	1	2	d	5	2	1	0.0592884161241	0.128237611039	2.801789	0.93402572	1.8677629	2	1	1	NA	NA	NA	NA	NA	NA	NA	3	1	2	2	1	1	NA	NA	NA	3	1	2
8	67104628	71125186	2	1	1	2	d	5	1	1	0.0438829876504	0.100959713794	2	1	1	1	1	0.932281347543219	2	1	0.0677186524567813	0.0110969385426181	0.0109874197169356	0.890803757828433	0.934091803946176	2	1	1	1	1	1	NA	NA	NA	2	1	1
8	71125187	71474197	3	2	1	2	d	4	2	1	0.05	0.129685370379	3.094586	0.894351301	2.2002344	2	1	0.519259108333371	3	1	0.480740891666629	0.204578687706333	0.175838220537672	0.434222166311083	1.13648855211489	3	1	2	2	1	1	NA	NA	NA	3	1	2
8	71474198	77678598	2	1	1	3	a	6	1	1	0.0480060457257	0.102050755056	2	1	1	1	1	1	NA	NA	NA	NA	NA	NA	NA	2	1	1	1	1	1	NA	NA	NA	2	1	1
8	77678599	77838001	3	2	1	2	d	4	2	1	0.05	0.177646212545	2	1	1	2	1	0.548873926166707	3	1	0.451126073833293	0.16485195686844	0.145365992880683	0.413351690874039	0.969520261230896	3	1	2	2	1	1	NA	NA	NA	3	1	2
8	77838002	85475315	2	1	1	2	d	5	1	1	0.0414679605173	0.108448407856	2	1	1	1	1	0.834157020133337	2	1	0.165842979866663	0.00770108844773304	0.00777872815858932	0.81852271697669	0.848466768464447	2	1	1	1	1	1	NA	NA	NA	2	1	1
8	85475316	85675363	3	2	1	2	d	5	2	1	0.05	0.124221828434	3.17184	0.938624981	2.233215	2	1	1	NA	NA	NA	NA	NA	NA	NA	3	1	2	2	1	1	NA	NA	NA	3	1	2
8	85675364	106042116	2	1	1	2	d	5	1	1	0.0414478812925	0.111760021084	2	1	1	1	1	0.839506793677425	2	1	0.160493206322575	0.00525056079849395	0.00524704490682449	0.827755430610868	0.848016269546463	2	1	1	1	1	1	NA	NA	NA	2	1	1
8	106042117	106053760	2	1	1	2	d	4	1	1	0.05	0.1	2	1	1	2	1	0.389038507121941	2	2	0.610961492878059	NA	0	0.389038507121941	0.389038507121941	NA	NA	NA	1	1	1	NA	NA	NA	2	1	1
8	106053761	107578781	2	1	1	2	d	5	1	1	0.0393459623917	0.105349929556	2	1	1	1	1	0.834157020133337	2	1	0.165842979866663	0.0168747858162835	0.0165097203360975	0.800803509652169	0.866555106785182	2	1	1	1	1	1	NA	NA	NA	2	1	1
8	107578782	107806704	3	2	1	2	d	4	2	1	0.0569419557731	0.132691160654	3.10501	1.140092566	1.9649174	2	1	0.834761973663391	2	2	0.165238026336609	0.0440304342238215	0.0468801681988188	0.698264932724162	0.882310777335975	3	1	2	2	1	1	NA	NA	NA	3	1	2
8	107806705	117289484	2	1	1	2	d	5	1	1	0.0429527404303	0.107944780348	2	1	1	1	1	0.810465165866672	2	1	0.189534834133328	0.00832833517767734	0.00808342065247963	0.801639320003617	0.833784634169969	2	1	1	1	1	1	NA	NA	NA	2	1	1
8	117289485	117545868	3	2	1	2	d	4	2	1	0.05	0.131572386029	2.935142	1.079527924	1.8556144	2	1	0.753221776288875	2	2	0.246778223711125	0.0896961311081063	0.0919218892870493	0.571555069613751	0.919058789603382	3	1	2	2	1	1	NA	NA	NA	3	1	2
8	117545869	122535044	2	1	1	2	d	5	1	1	0.0383732904206	0.105946095652	2	1	1	1	1	0.861797516777782	2	1	0.138202483222218	0.00933763975025403	0.0095465636491263	0.836484394481563	0.8742071006454	2	1	1	1	1	1	NA	NA	NA	2	1	1
8	122535045	122711744	3	2	1	2	d	3	2.14	1	0.039211394244	0.160787478327	3.107665	0.93389002	2.173775	2	1	0.77153348246917	3	1	0.22846651753083	0.0555260339286069	0.0544434093894157	0.670122278206187	0.885181352518088	3	1	2	2	1	1	NA	NA	NA	3	1	2
8	122711745	146364021	2	1	1	2	d	5	1	1	0.0420136922045	0.109329349293	2	1	1	1	1	0.881540728666669	2	1	0.118459271333331	0.00428590724473499	0.00420503391009504	0.874575999792577	0.891142546470499	2	1	1	1	1	1	NA	NA	NA	2	1	1
9	59450	43315925	1	1	0	2	d	5	1.26	0	0.0706205117572	0.108210857101	1	0	1	1	0	1	NA	NA	NA	NA	NA	NA	NA	1	0	1	1	0	1	NA	NA	NA	1	0	1
9	43315926	47175472	1	1	0	2	d	4	1.21	0.2	0.05	0.415974517968	1	0	1	1	0	1	NA	NA	NA	NA	NA	NA	NA	1	0	1	1	0	1	NA	NA	NA	2	0	2
9	47175473	50699999	1	1	0	2	d	2	NA	NA	NA	NA	NA	NA	NA	NA	NA	NA	NA	NA	NA	NA	NA	NA	NA	1	0	1	1	0	1	NA	NA	NA	2	0	2
9	50700000	97702371	1	1	0	2	d	4	1.07	0	0.0702883719365	0.133300825444	1	0	1	1	0	1	NA	NA	NA	NA	NA	NA	NA	1	0	1	1	0	1	NA	NA	NA	2	0	2
9	97702372	97702575	1	1	0	2	d	3	2	0	0.05	0.1	1	0	1	NA	NA	NA	NA	NA	NA	NA	NA	NA	NA	1	0	1	1	0	1	NA	NA	NA	2	0	2
9	97702576	97702625	1	1	0	1	g	NA	2	0	0.05	0.1	NA	NA	NA	NA	NA	NA	NA	NA	NA	NA	NA	NA	NA	1	0	1	1	0	1	NA	NA	NA	2	0	2
9	97702626	97702689	1	1	0	2	d	2	2	0	0.05	0.1	NA	NA	NA	NA	NA	NA	NA	NA	NA	NA	NA	NA	NA	1	0	1	1	0	1	NA	NA	NA	NA	NA	NA
9	97702690	97703785	1	1	0	1	g	NA	2	0	0.05	0.1	NA	NA	NA	NA	NA	NA	NA	NA	NA	NA	NA	NA	NA	1	0	1	1	0	1	NA	NA	NA	2	0	2
9	97703786	97703796	2	2	0	2	d	2	2	0	0.05	0.1	NA	NA	NA	NA	NA	NA	NA	NA	NA	NA	NA	NA	NA	NA	NA	NA	1	0	1	NA	NA	NA	2	0	2
9	97703797	97898943	2	2	0	2	d	5	2	0	0.05	0.108598974477	2.101979	0.049023472	2.0529559	2	0	1	NA	NA	NA	NA	NA	NA	NA	2	0	2	2	0	1	NA	NA	NA	2	0	2
9	97898944	97899006	2	2	0	2	d	2	1.07	0	0.05	0.1	2.101979	0.049023472	2.0529559	NA	NA	NA	NA	NA	NA	NA	NA	NA	NA	1	0	1	2	0	1	NA	NA	NA	2	0	2
9	97899007	114541187	1	1	0	2	d	5	1.07	0	0.0705170071341	0.0846584314828	1	0	1	1	0	1	NA	NA	NA	NA	NA	NA	NA	1	0	1	1	0	1	NA	NA	NA	1	0	1
9	114541188	114541680	1	1	0	2	d	3	1.07	0	0.05	0.1	1	0	1	1	0	0.885734186871868	2	0	0.114265813128132	NA	0	0.885734186871868	0.885734186871868	1	0	1	1	0	1	NA	NA	NA	2	0	2
9	114541681	114602114	1	1	0	2	d	5	1.07	0	0.05	0.0543615008619	1	0	1	1	0	1	NA	NA	NA	NA	NA	NA	NA	1	0	1	1	0	1	NA	NA	NA	1	0	1
9	114602115	114781948	2	2	0	2	d	5	2	0	0.0348493407167	0.141069731825	2.160963	0.04513437	2.1158283	2	0	1	NA	NA	NA	NA	NA	NA	NA	2	0	2	2	0	1	NA	NA	NA	2	0	2
9	114781949	114782192	2	2	0	2	d	4	2	0	0.05	0.1	2.160963	0.04513437	2.1158283	2	0	1	NA	NA	NA	NA	NA	NA	NA	NA	NA	NA	2	0	1	NA	NA	NA	2	0	2
9	114782193	114862755	2	2	0	3	a	6	2	0	0.05	0.103461603472	2	0	2	2	0	1	NA	NA	NA	NA	NA	NA	NA	2	0	2	2	0	1	NA	NA	NA	2	0	2
9	114862756	114879325	2	2	0	3	b	6	2	0	0.05	0.1	2	0	2	3	0	1	NA	NA	NA	NA	NA	NA	NA	2	0	2	2	0	1	NA	NA	NA	2	0	2
9	114879326	126840427	1	1	0	3	a	6	1	0	0.0749250304738	0.083039341968	1	0	1	1	0	1	NA	NA	NA	NA	NA	NA	NA	1	0	1	1	0	1	NA	NA	NA	1	0	1
9	126840428	127155560	2	2	0	3	a	6	2	0	0.0523271311808	0.103092755804	2	0	2	2	0	1	NA	NA	NA	NA	NA	NA	NA	2	0	2	2	0	1	NA	NA	NA	2	0	2
9	127155561	138826764	1	1	0	3	a	6	1	0	0.0707413041927	0.088325742733	1	0	1	1	0	1	NA	NA	NA	NA	NA	NA	NA	1	0	1	1	0	1	NA	NA	NA	1	0	1
9	138826765	138886457	1	1	0	1	g	NA	2	0	0.05	0.1	1	0	1	3	0	1	NA	NA	NA	NA	NA	NA	NA	1	0	1	2	0	1	NA	NA	NA	2	0	2
9	138886458	140273200	1	1	0	3	a	6	1	0	0.0885252349235	0.135337638612	1	0	1	1	0	1	NA	NA	NA	NA	NA	NA	NA	1	0	1	1	0	1	NA	NA	NA	1	0	1
9	140273201	141035685	1	1	0	3	b	5	NA	NA	NA	NA	1	0	1	1	0	1	NA	NA	NA	NA	NA	NA	NA	1	0	1	1	0	1	NA	NA	NA	1	0	1
10	95096	3589817	2	1	1	2	d	5	1.14	1.14	0.0386592604929	0.126275397211	2	1	1	1	1	1	NA	NA	NA	NA	NA	NA	NA	2	1	1	1	1	1	NA	NA	NA	2	1	1
10	3589818	3929454	3	2	1	2	d	5	2	1	0.0494563105633	0.130443711898	3.194168	1.037804298	2.1563634	2	1	1	NA	NA	NA	NA	NA	NA	NA	3	1	2	2	1	1	NA	NA	NA	3	1	2
10	3929455	3929855	3	2	1	2	d	3	NA	NA	NA	NA	3.194168	1.037804298	2.1563634	2	1	1	NA	NA	NA	NA	NA	NA	NA	1	0	1	2	1	1	NA	NA	NA	3	1	2
10	3929856	3931664	1	1	0	1	g	NA	NA	NA	NA	NA	NA	NA	NA	2	1	1	NA	NA	NA	NA	NA	NA	NA	1	0	1	1	1	1	NA	NA	NA	3	1	2
10	3931665	5298701	2	1	1	2	d	4	1.14	1.14	0.0421628643014	0.127780442252	2.134226	1.067112833	1.0671128	1	1	1	NA	NA	NA	NA	NA	NA	NA	2	1	1	1	1	1	NA	NA	NA	2	1	1
10	5298702	5637779	3	2	1	2	d	4	2.35	1.14	0.0449838013688	0.173715798923	3.153214	1.008311129	2.1449032	2	1	1	NA	NA	NA	NA	NA	NA	NA	3	1	2	2	1	1	NA	NA	NA	3	1	2
10	5637780	24022764	2	1	1	2	d	5	1.07	1.07	0.0400234704455	0.136317062362	2	1	1	1	1	1	NA	NA	NA	NA	NA	NA	NA	2	1	1	1	1	1	NA	NA	NA	2	1	1
10	24022765	24238193	3	2	1	1	g	NA	2	2	0.05	0.15785975951	2	1	1	1	1	0.563571105614046	2	1	0.436428894385954	0.161153011314666	0.149549402503535	0.217901870319529	0.806718745066193	3	1	2	1	1	1	NA	NA	NA	3	1	2
10	24238194	35081308	2	1	1	2	d	5	1.14	1.14	0.039602472864	0.122098566544	2	1	1	1	1	1	NA	NA	NA	NA	NA	NA	NA	2	1	1	1	1	1	NA	NA	NA	2	1	1
10	35081309	35217952	3	2	1	2	d	5	2	1	0.0202275315427	0.138489919518	3	1	2	2	1	0.905311090616359	2	2	0.0946889093836406	0.0382344362878831	0.0375243440187477	0.847401809437153	0.995048930566897	3	1	2	2	1	1	NA	NA	NA	3	1	2
10	35217953	37999999	2	1	1	2	d	5	1.07	1.07	0.0397419996785	0.113642063294	2	1	1	1	1	1	NA	NA	NA	NA	NA	NA	NA	2	1	1	1	1	1	NA	NA	NA	2	1	1
10	38000000	42299999	2	1	1	2	d	4	1.07	1.07	0.0399224013628	0.150620210513	2	1	1	1	1	1	NA	NA	NA	NA	NA	NA	NA	2	1	1	NA	NA	NA	NA	NA	NA	2	1	1
10	42300000	43820955	2	1	1	2	d	5	1.07	1.07	0.0373257277309	0.177634319658	2	1	1	1	1	1	NA	NA	NA	NA	NA	NA	NA	2	1	1	1	1	1	NA	NA	NA	2	1	1
10	43820956	43995214	3	2	1	2	d	4	2	2	0.05	0.168644221409	3.152847	1.100616626	2.0522307	2	1	1	NA	NA	NA	NA	NA	NA	NA	3	1	2	2	1	1	NA	NA	NA	3	1	2
10	43995215	60635043	2	1	1	3	a	6	1	1	0.0414760102126	0.113636393005	2	1	1	1	1	1	NA	NA	NA	NA	NA	NA	NA	2	1	1	1	1	1	NA	NA	NA	2	1	1
10	60635044	63619583	2	1	1	3	a	6	1	1	0.0381034912591	0.119979289743	2	1	1	1	1	1	NA	NA	NA	NA	NA	NA	NA	2	1	1	1	1	1	NA	NA	NA	2	1	1
10	63619584	63847084	2	1	1	2	d	4	NA	NA	NA	NA	2	1	1	1	1	1	NA	NA	NA	NA	NA	NA	NA	3	1	2	1	1	1	NA	NA	NA	2	1	1
10	63847085	66919217	2	1	1	3	a	6	1	1	0.0432039847831	0.11037513916	2	1	1	1	1	1	NA	NA	NA	NA	NA	NA	NA	2	1	1	1	1	1	NA	NA	NA	2	1	1
10	66919218	67074758	2	1	1	2	d	5	1	1	0.05	0.060163997295	2.240631	1.120315333	1.1203153	1	1	1	NA	NA	NA	NA	NA	NA	NA	2	1	1	1	1	1	NA	NA	NA	2	1	1
10	67074759	98853138	2	1	1	3	a	6	1	1	0.0417300405015	0.118375541189	2	1	1	1	1	1	NA	NA	NA	NA	NA	NA	NA	2	1	1	1	1	1	NA	NA	NA	2	1	1
10	98853139	99112011	2	1	1	2	d	2	1.14	1.14	0.05	0.131836141782	2.378056	1.062214495	1.3158415	1	1	0.639471782898563	2	1	0.360528217101437	0.0389891362165483	0.038332963631781	0.579321933032837	0.730481355342098	3	1	2	1	1	1	NA	NA	NA	2	1	1
10	99112012	122760170	2	1	1	3	a	6	1	1	0.0412796295979	0.106972504409	2	1	1	1	1	1	NA	NA	NA	NA	NA	NA	NA	2	1	1	1	1	1	NA	NA	NA	2	1	1
10	122760171	123998567	3	2	1	3	a	6	2	1	0.0569155494919	0.154618601449	3	1	2	2	1	1	NA	NA	NA	NA	NA	NA	NA	3	1	2	2	1	1	NA	NA	NA	3	1	2
10	123998568	132187613	2	1	1	3	a	6	1	1	0.0415866350217	0.122616998495	2	1	1	1	1	1	NA	NA	NA	NA	NA	NA	NA	2	1	1	1	1	1	NA	NA	NA	2	1	1
10	132187614	132244291	2	1	1	3	b	6	1	1	0.05	0.124271428303	2	1	1	1	1	1	NA	NA	NA	NA	NA	NA	NA	3	1	2	1	1	1	NA	NA	NA	2	1	1
10	132244292	135389924	2	1	1	3	a	6	1	1	0.0493532870849	0.125511099517	2	1	1	1	1	1	NA	NA	NA	NA	NA	NA	NA	2	1	1	1	1	1	NA	NA	NA	2	1	1
11	20721	197336	1	1	0	1	h	1	NA	NA	NA	NA	NA	NA	NA	NA	NA	NA	NA	NA	NA	NA	NA	NA	NA	NA	NA	NA	1	0	1	NA	NA	NA	2	1	1
11	197337	6595767	2	1	1	3	a	6	1	1	0.0457234185424	0.138054744814	2	1	1	1	1	1	NA	NA	NA	NA	NA	NA	NA	2	1	1	1	1	1	NA	NA	NA	2	1	1
11	6595768	6902172	2	1	1	2	d	4	1	1	0.0439812935816	0.118839322246	2.164877	1.082438333	1.0824383	1	1	0.844522206375008	2	1	0.155477793624992	0.0244661226304128	0.0233651836099542	0.791222378781468	0.884740058637586	2	1	1	1	1	1	NA	NA	NA	2	1	1
11	6902173	15297012	2	1	1	3	a	6	1	1	0.0407749482642	0.114348154115	2	1	1	1	1	1	NA	NA	NA	NA	NA	NA	NA	2	1	1	1	1	1	NA	NA	NA	2	1	1
11	15297013	16092822	3	2	1	3	a	6	2	1	0.0535261415033	0.143524036931	3	1	2	2	1	1	NA	NA	NA	NA	NA	NA	NA	3	1	2	2	1	1	NA	NA	NA	3	1	2
11	16092823	24917225	2	1	1	3	a	6	1	1	0.0398195138413	0.115571141289	2	1	1	1	1	1	NA	NA	NA	NA	NA	NA	NA	2	1	1	1	1	1	NA	NA	NA	2	1	1
11	24917226	25203305	3	2	1	2	d	4	2	1	0.0500286083593	0.17093814335	2.853554	0.997352526	1.8562011	1	1	0.144036232946255	2	1	0.855963767053745	0.0296914066475701	0.0294180723703099	0.105835834419017	0.222905720990286	3	1	2	2	1	1	NA	NA	NA	3	1	2
11	25203306	30375091	2	1	1	3	a	6	1	1	0.0399475422198	0.110162494164	2	1	1	1	1	1	NA	NA	NA	NA	NA	NA	NA	2	1	1	1	1	1	NA	NA	NA	2	1	1
11	30375092	30737456	3	2	1	2	d	5	2	1	0.0378307137005	0.126949017811	2.866083	0.939060924	1.9270217	2	1	1	NA	NA	NA	NA	NA	NA	NA	3	1	2	2	1	1	NA	NA	NA	3	1	2
11	30737457	38746326	2	1	1	3	a	6	1	1	0.0398437496229	0.10954685444	2	1	1	1	1	1	NA	NA	NA	NA	NA	NA	NA	2	1	1	1	1	1	NA	NA	NA	2	1	1
11	38746327	38914060	2	1	1	3	a	6	1	1	0.05	0.0851306270606	2	1	1	1	1	1	NA	NA	NA	NA	NA	NA	NA	2	1	1	1	1	1	NA	NA	NA	2	1	1
11	38914061	51599999	2	1	1	3	a	6	1	1	0.0399047097088	0.130279320846	2	1	1	1	1	1	NA	NA	NA	NA	NA	NA	NA	2	1	1	1	1	1	NA	NA	NA	2	1	1
11	51600000	55699999	2	1	1	3	b	5	1	1	0.0319933920153	0.271630096212	2	1	1	1	0	0.144211286840577	1	1	0.855788713159423	0.0175348950304145	0.0185704301262858	0.0824608367158405	0.154655113327162	2	1	1	1	1	1	NA	NA	NA	2	1	1
11	55700000	71403515	2	1	1	3	a	6	1	1	0.0430947963483	0.122236490688	2	1	1	1	1	1	NA	NA	NA	NA	NA	NA	NA	2	1	1	1	1	1	NA	NA	NA	2	1	1
11	71403516	71550617	3	2	1	2	d	3	NA	NA	NA	NA	2	1	1	2	1	1	NA	NA	NA	NA	NA	NA	NA	3	1	2	1	1	1	NA	NA	NA	3	1	2
11	71550618	75512727	2	1	1	2	d	5	0.86	0.86	0.0454196924894	0.103572822457	2	1	1	1	1	1	NA	NA	NA	NA	NA	NA	NA	2	1	1	1	1	1	NA	NA	NA	2	1	1
11	75512728	76232348	3	2	1	2	d	5	2	1	0.0612763413929	0.127645172875	2.89121	0.942683175	1.9485268	2	1	1	NA	NA	NA	NA	NA	NA	NA	3	1	2	2	1	1	NA	NA	NA	3	1	2
11	76232349	102164160	2	1	1	2	d	5	0.93	1	0.0393632729025	0.108060312972	2	1	1	1	1	1	NA	NA	NA	NA	NA	NA	NA	2	1	1	1	1	1	NA	NA	NA	2	1	1
11	102164161	102400272	3	2	1	3	a	6	2	1	0.0518684702297	0.158177555168	3	1	2	2	1	1	NA	NA	NA	NA	NA	NA	NA	3	1	2	2	1	1	NA	NA	NA	3	1	2
11	102400273	104028258	2	1	1	3	a	6	1	1	0.0555178071778	0.124178757887	2	1	1	1	1	1	NA	NA	NA	NA	NA	NA	NA	2	1	1	1	1	1	NA	NA	NA	2	1	1
11	104028259	104430756	3	2	1	2	d	2	1.71	1	0.0546003965147	0.111520312066	2.713539	0.974749824	1.7387892	1	1	0.203953696640023	2	1	0.796046303359977	0.042324936930924	0.0433478900461936	0.0667293514355472	0.239050478596101	3	1	2	2	1	1	NA	NA	NA	2	1	1
11	104430757	109406759	2	1	1	2	d	5	0.93	0.93	0.0399359544227	0.100907911078	2	1	1	1	1	1	NA	NA	NA	NA	NA	NA	NA	2	1	1	1	1	1	NA	NA	NA	2	1	1
11	109406760	109551396	3	2	1	2	d	5	2	1	0.05	0.154483161823	2.878895	0.988137321	1.8907577	2	1	1	NA	NA	NA	NA	NA	NA	NA	3	1	2	2	1	1	NA	NA	NA	3	1	2
11	109551397	110919452	2	1	1	2	d	5	0.93	0.93	0.0397396306153	0.100072520979	2	1	1	1	1	1	NA	NA	NA	NA	NA	NA	NA	2	1	1	1	1	1	NA	NA	NA	2	1	1
11	110919453	111354725	3	2	1	2	d	5	2	1	0.0601347123267	0.123465941095	2.886924	0.991291571	1.8956324	2	1	1	NA	NA	NA	NA	NA	NA	NA	3	1	2	2	1	1	NA	NA	NA	3	1	2
11	111354726	134452200	2	1	1	2	d	5	0.93	0.93	0.0440633185053	0.111470790744	2	1	1	1	1	1	NA	NA	NA	NA	NA	NA	NA	2	1	1	1	1	1	NA	NA	NA	2	1	1
12	110107	33299999	2	1	1	3	a	6	1	1	0.0408800543556	0.1240941157	2	1	1	1	1	1	NA	NA	NA	NA	NA	NA	NA	2	1	1	1	1	1	NA	NA	NA	2	1	1
12	33300000	38199999	NA	NA	NA	NA	NA	NA	1	1	0.0320610952192	0.295894998072	2.221241	1.110620667	1.1106207	NA	NA	NA	NA	NA	NA	NA	NA	NA	NA	2	1	1	1	1	1	NA	NA	NA	2	1	1
12	38200000	41463413	3	2	1	3	a	6	2	1	0.0524971445542	0.149528300073	3	1	2	2	1	1	NA	NA	NA	NA	NA	NA	NA	3	1	2	2	1	1	NA	NA	NA	3	1	2
12	41463414	41517924	3	2	1	3	a	6	2	1	0.05	0.1	3	1	2	2	1	1	NA	NA	NA	NA	NA	NA	NA	3	1	2	2	1	1	NA	NA	NA	3	1	2
12	41517925	56959615	2	1	1	3	a	6	1	1	0.0399473751455	0.114165087352	2	1	1	1	1	1	NA	NA	NA	NA	NA	NA	NA	2	1	1	1	1	1	NA	NA	NA	2	1	1
12	56959616	57270924	3	2	1	2	d	5	2	1	0.0561160027945	0.111694538512	3.157631	1.050466627	2.107164	2	1	1	NA	NA	NA	NA	NA	NA	NA	3	1	2	2	1	1	NA	NA	NA	3	1	2
12	57270925	65113122	2	1	1	3	a	6	1	1	0.0403336487976	0.119572799281	2	1	1	1	1	1	NA	NA	NA	NA	NA	NA	NA	2	1	1	1	1	1	NA	NA	NA	2	1	1
12	65113123	65131399	2	1	1	3	b	6	1	1	0.05	0.1	2	1	1	2	1	1	NA	NA	NA	NA	NA	NA	NA	2	1	1	1	1	1	NA	NA	NA	2	1	1
12	65131400	100304120	2	1	1	3	a	6	1	1	0.0379653843835	0.113831483283	2	1	1	1	1	1	NA	NA	NA	NA	NA	NA	NA	2	1	1	1	1	1	NA	NA	NA	2	1	1
12	100304121	100402183	3	2	1	3	a	6	2	1	0.05	0.162387325021	3	1	2	2	1	1	NA	NA	NA	NA	NA	NA	NA	3	1	2	2	1	1	NA	NA	NA	3	1	2
12	100402184	115540629	2	1	1	3	a	6	1	1	0.0418221816686	0.112722194476	2	1	1	1	1	1	NA	NA	NA	NA	NA	NA	NA	2	1	1	1	1	1	NA	NA	NA	2	1	1
12	115540630	115825754	3	2	1	3	a	6	2	1	0.0517642870654	0.130472164313	3	1	2	2	1	1	NA	NA	NA	NA	NA	NA	NA	3	1	2	2	1	1	NA	NA	NA	3	1	2
12	115825755	118596653	2	1	1	3	a	6	1	1	0.0413698955988	0.108211365984	2	1	1	1	1	1	NA	NA	NA	NA	NA	NA	NA	2	1	1	1	1	1	NA	NA	NA	2	1	1
12	118596654	118730811	2	1	1	2	d	4	NA	NA	NA	NA	2	1	1	1	1	1	NA	NA	NA	NA	NA	NA	NA	NA	NA	NA	1	1	1	NA	NA	NA	2	1	1
12	118730812	132349400	2	1	1	3	a	6	1	1	0.0405359812582	0.113878294041	2	1	1	1	1	1	NA	NA	NA	NA	NA	NA	NA	2	1	1	1	1	1	NA	NA	NA	2	1	1
12	132349401	133851894	2	1	1	3	b	5	NA	NA	NA	NA	2	1	1	1	1	1	NA	NA	NA	NA	NA	NA	NA	2	1	1	1	1	1	NA	NA	NA	2	1	1
13	1	16299999	2	1	1	1	h	1	NA	NA	NA	NA	NA	NA	NA	NA	NA	NA	NA	NA	NA	NA	NA	NA	NA	NA	NA	NA	NA	NA	NA	NA	NA	NA	2	1	1
13	16300000	19499999	2	1	1	2	d	3	1	1	0.05	0.0863629707212	NA	NA	NA	1	0	0.184659129240969	1	1	0.815340870759031	0.0040661683813156	0.0041536054194438	0.176065309665475	0.192282524005164	NA	NA	NA	1	1	1	NA	NA	NA	2	1	1
13	19500000	37711192	2	1	1	2	d	3	0.93	0.93	0.0447698426551	0.116086987083	1.736083	0.8680415	0.8680415	1	0	0.184659129240969	1	1	0.815340870759031	0.0040661683813156	0.0041536054194438	0.176065309665475	0.192282524005164	2	1	1	1	1	1	NA	NA	NA	2	1	1
13	37711193	37865409	3	2	1	2	e	4	2	1	0.05	0.149866874374	2.647337	0.741131496	1.9062058	2	0	0.116540515439979	2	1	0.883459484560021	0.0928874421817413	0.089154470261736	0.0237406563077761	0.365456778933356	3	1	2	1	1	1	NA	NA	NA	2	1	1
13	37865410	71612028	2	1	1	2	d	3	1	0.86	0.0459813041876	0.113252581223	1.770603	0.885301333	0.8853013	1	0	0.213990941763437	1	1	0.786009058236563	0.00303897824998779	0.00291326920266338	0.207258271915235	0.218557575530072	2	1	1	1	1	1	NA	NA	NA	2	1	1
13	71612029	71789967	2	1	1	2	d	3	1	0.86	0.0384178205658	0.103154431794	1.876688	0.938343833	0.9383438	1	1	0.867325616106672	2	1	0.132674383893328	0.0395494389146396	0.0382225164640358	0.832361484662087	0.976263583090062	2	1	1	1	1	1	NA	NA	NA	2	1	1
13	71789968	79967820	2	1	1	2	d	3	1	0.86	0.0461703166751	0.113233477429	1.787815	0.893907667	0.8939077	1	0	0.22874893774712	1	1	0.77125106225288	0.00562967525360705	0.00560847705035024	0.213678531409137	0.235749675577106	2	1	1	1	1	1	NA	NA	NA	2	1	1
13	79967821	79972118	2	1	1	2	d	3	1	0.86	0.05	0.1	1.787815	0.893907667	0.8939077	1	0	0.552809932888874	1	1	0.447190067111126	0.119679863930891	0.114494027888858	0.211862073904029	0.64912895076037	2	1	1	1	1	1	NA	NA	NA	2	1	1
13	79972119	85690126	2	1	1	2	d	3	1	0.86	0.0426004868566	0.114542236816	1.776175	0.8880875	0.8880875	1	0	0.236918542666658	1	1	0.763081457333342	0.00658079705789276	0.0065993805051664	0.219679191728157	0.244624506514771	2	1	1	1	1	1	NA	NA	NA	2	1	1
13	85690127	85776891	3	2	1	2	d	2	2	1	0.0468917713223	0.143034584191	2.770855	0.778492654	1.9923627	2	0	0.253976320125766	2	1	0.746023679874234	0.0340559364467201	0.0346372940380435	0.166006051474124	0.301318762244721	3	1	2	2	0	0.237059	2	1	0.762941	2	1	1
13	85776892	99998252	2	1	1	2	d	4	1	1	0.0460024799019	0.105798719163	1.785593	0.892796667	0.8927967	1	0	0.226149517999997	1	1	0.773850482000003	0.00426644672394509	0.00428617229429648	0.218774121529467	0.235703419287985	2	1	1	1	1	1	NA	NA	NA	2	1	1
13	99998253	100279700	3	2	1	2	d	2	2	0.79	0.0545728440847	0.133305893753	2.71865	0.732670983	1.9859794	2	0	0.316225828655784	2	1	0.683774171344216	0.0341966780955786	0.0339086070290957	0.213000646925332	0.346329439708248	3	1	2	2	0	0.322704	2	1	0.677296	3	1	2
13	100279701	106990582	2	1	1	2	d	4	1	1	0.0493626826466	0.108146172148	1.782968	0.77162641	1.0113419	1	0	0.226149517999997	1	1	0.773850482000003	0.00597896857954132	0.00594933727488544	0.210752340236047	0.234101943779818	2	1	1	1	1	1	NA	NA	NA	2	1	1
13	106990583	107122493	2	1	1	2	d	2	1.42	1	0.0381964553338	0.13360884545	2.648036	1.035452223	1.6125834	1	1	0.394878129727776	2	1	0.605121870272224	0.0598890240731937	0.0581274078294886	0.30350784062614	0.530005430730239	3	1	2	1	1	1	NA	NA	NA	2	1	1
13	107122494	107306926	3	2	1	2	d	3	2.54	1	0.0406645304264	0.164351592222	3.383317	1.060557277	2.3227594	2	1	0.629992775014531	3	1	0.370007224985469	0.0853956499619001	0.0821742610094388	0.564450344022527	0.880654022204778	3	1	2	2	1	1	NA	NA	NA	3	1	2
13	107306927	107329556	2	1	1	2	d	3	1	1	0.05	0.1	3.383317	1.060557277	2.3227594	2	1	0.483350872484841	2	2	0.516649127515159	NA	0	0.483350872484841	0.483350872484841	NA	NA	NA	1	1	1	NA	NA	NA	2	1	1
13	107329557	114142800	2	1	1	2	d	4	1	1	0.0453801013436	0.111935449396	1.822102	0.911051	0.911051	1	0	0.199011575839993	1	1	0.800988424160007	0.00653713771076249	0.00664250535946718	0.1834890169567	0.209970914860361	2	1	1	1	1	1	NA	NA	NA	2	1	1
13	114142801	115169877	2	1	1	2	d	2	NA	NA	NA	NA	1.827144	0.743392451	1.0837515	1	0	0.265348767786658	1	1	0.734651232213342	0.0247041393313729	0.025020761959334	0.216449522992865	0.311833872091937	1	0	1	1	1	1	NA	NA	NA	2	1	1
14	1	16099999	2	1	1	1	h	1	NA	NA	NA	NA	NA	NA	NA	NA	NA	NA	NA	NA	NA	NA	NA	NA	NA	NA	NA	NA	NA	NA	NA	NA	NA	NA	2	1	1
14	16100000	19099999	2	1	1	2	d	3	1	1	0.05	0.151504183007	NA	NA	NA	NA	NA	NA	NA	NA	NA	NA	NA	NA	NA	NA	NA	NA	1	1	1	NA	NA	NA	2	1	1
14	19100000	34775388	2	1	1	3	a	6	1	1	0.040258336656	0.135367384916	2	1	1	1	1	1	NA	NA	NA	NA	NA	NA	NA	2	1	1	1	1	1	NA	NA	NA	2	1	1
14	34775389	35911570	3	2	1	3	a	6	2	1	0.0496734832795	0.145214058243	3	1	2	2	1	1	NA	NA	NA	NA	NA	NA	NA	3	1	2	2	1	1	NA	NA	NA	3	1	2
14	35911571	47377916	2	1	1	2	d	5	1.07	1.07	0.0378616705699	0.119835022301	2	1	1	1	1	1	NA	NA	NA	NA	NA	NA	NA	2	1	1	1	1	1	NA	NA	NA	2	1	1
14	47377917	47794060	3	2	1	2	d	5	2.26	1	0.0496773600092	0.136331098711	3	1	2	2	1	1	NA	NA	NA	NA	NA	NA	NA	3	1	2	2	1	1	NA	NA	NA	3	1	2
14	47794061	70637106	2	1	1	3	a	6	1	1	0.0396809289014	0.115416222834	2	1	1	1	1	1	NA	NA	NA	NA	NA	NA	NA	2	1	1	1	1	1	NA	NA	NA	2	1	1
14	70637107	70700804	3	2	1	2	d	5	2	1	0.05	0.113719835191	2.861195	1.005398737	1.8557963	2	1	1	NA	NA	NA	NA	NA	NA	NA	3	1	2	2	1	1	NA	NA	NA	3	1	2
14	70700805	106368400	2	1	1	3	a	6	1	1	0.0395374669778	0.140339068319	2	1	1	1	1	1	NA	NA	NA	NA	NA	NA	NA	2	1	1	1	1	1	NA	NA	NA	2	1	1
15	1	15799999	2	1	1	1	h	1	NA	NA	NA	NA	NA	NA	NA	NA	NA	NA	NA	NA	NA	NA	NA	NA	NA	NA	NA	NA	NA	NA	NA	NA	NA	NA	2	1	1
15	15800000	20699999	2	1	1	2	d	3	1	1	0.05	0.323785017778	NA	NA	NA	1	1	1	NA	NA	NA	NA	NA	NA	NA	NA	NA	NA	2	0	0.373029	1	0	0.626971	2	1	1
15	20700000	41500001	2	1	1	3	a	6	1	1	0.0422560557143	0.14119346704	2	1	1	1	1	1	NA	NA	NA	NA	NA	NA	NA	2	1	1	1	1	1	NA	NA	NA	2	1	1
15	41500002	41830444	3	2	1	2	d	5	2	1	0.05	0.14704607692	2.827341	0.918352127	1.9089889	2	1	1	NA	NA	NA	NA	NA	NA	NA	3	1	2	2	1	1	NA	NA	NA	3	1	2
15	41830445	53170952	2	1	1	2	d	4	0.93	0.93	0.0400309509661	0.104753159295	1.880043	0.940021333	0.9400213	1	1	1	NA	NA	NA	NA	NA	NA	NA	2	1	1	1	1	1	NA	NA	NA	2	1	1
15	53170953	53342510	3	2	1	2	d	5	2	1	0.0582453608567	0.1192436164	2.786244	0.959482281	1.8267617	2	1	1	NA	NA	NA	NA	NA	NA	NA	3	1	2	2	1	1	NA	NA	NA	3	1	2
15	53342511	61731849	2	1	1	2	d	5	1	1	0.0427189001822	0.114451910616	2	1	1	1	0	0.072105643420287	1	1	0.927894356579713	0.00624249231025568	0.00626372946235346	0.066745628785877	0.0907504500802737	2	1	1	1	1	1	NA	NA	NA	2	1	1
15	61731850	61874392	3	2	1	2	d	5	2	1	0.0470582374742	0.114305570421	2.832338	0.904437698	1.9279	2	1	1	NA	NA	NA	NA	NA	NA	NA	3	1	2	2	1	1	NA	NA	NA	3	1	2
15	61874393	86171231	2	1	1	2	d	5	0.93	0.93	0.0425702534063	0.116322799052	2	1	1	1	1	1	NA	NA	NA	NA	NA	NA	NA	2	1	1	1	1	1	NA	NA	NA	2	1	1
15	86171232	86541616	3	2	1	2	d	5	2	1	0.0482935161859	0.150886616329	2.895811	0.930739423	1.9650716	2	1	1	NA	NA	NA	NA	NA	NA	NA	3	1	2	2	1	1	NA	NA	NA	3	1	2
15	86541617	86542656	3	2	1	2	d	3	1	0.93	0.05	0.1	2.895811	0.930739423	1.9650716	2	1	1	NA	NA	NA	NA	NA	NA	NA	1	0	1	2	1	1	NA	NA	NA	3	1	2
15	86542657	100338800	2	1	1	2	d	5	1	0.93	0.0422148098226	0.121680923551	2	1	1	1	1	1	NA	NA	NA	NA	NA	NA	NA	2	1	1	1	1	1	NA	NA	NA	2	1	1
15	100338801	102531391	2	1	1	3	b	5	NA	NA	NA	NA	2	1	1	1	1	1	NA	NA	NA	NA	NA	NA	NA	2	1	1	1	1	1	NA	NA	NA	2	1	1
16	9999	110742	2	1	1	2	d	3	1	1	0.05	0.1	NA	NA	NA	NA	NA	NA	NA	NA	NA	NA	NA	NA	NA	NA	NA	NA	1	1	1	NA	NA	NA	2	1	1
16	110743	30410444	2	1	1	3	a	6	1	1	0.0421261495659	0.12547832269	2	1	1	1	1	1	NA	NA	NA	NA	NA	NA	NA	2	1	1	1	1	1	NA	NA	NA	2	1	1
16	30410445	32013924	3	2	1	3	a	6	2	1	0.0545401201719	0.151010533951	3	1	2	2	1	1	NA	NA	NA	NA	NA	NA	NA	3	1	2	2	1	1	NA	NA	NA	3	1	2
16	32013925	34599999	2	1	1	2	d	3	1.07	1.07	0.05	0.228632300215	3	1	2	1	1	1	NA	NA	NA	NA	NA	NA	NA	2	1	1	1	0	0.712779	1	1	0.287221	2	1	1
16	34600000	38599999	2	1	1	2	d	5	1.07	1.07	0.05	0.177363879671	2	1	1	1	1	1	NA	NA	NA	NA	NA	NA	NA	2	1	1	1	1	1	NA	NA	NA	2	1	1
16	38600000	69287191	2	1	1	2	d	3	1.07	1.07	0.0430372984363	0.119622142215	2.11011	1.055055167	1.0550552	1	1	0.822311093000007	2	1	0.177688906999993	0.00490087213854284	0.00492519893579934	0.814681375517386	0.833887518198015	2	1	1	1	1	1	NA	NA	NA	2	1	1
16	69287192	69680755	3	2	1	2	d	3	2.21	1	0.046642766802	0.126408345051	3.238676	0.955959252	2.2827171	2	1	0.696948015333369	3	1	0.303051984666631	0.0498883298834561	0.0488767353572471	0.602423245454481	0.790704733787278	3	1	2	2	1	1	NA	NA	NA	3	1	2
16	69680756	87437744	2	1	1	2	d	5	1	1	0.0447565813792	0.127177431043	2	1	1	1	0	0.207303724833326	1	1	0.792696275166674	0.00353084661772375	0.00346998740599803	0.199060313907864	0.212725523254088	2	1	1	1	1	1	NA	NA	NA	2	1	1
16	87437745	87520850	3	2	1	2	d	2	1.54	1.42	0.05	0.114437684642	2	1	1	1	1	0.439174391013696	2	1	0.560825608986304	0.109211547913338	0.109468301617147	0.134867855455377	0.559394412437771	3	1	2	2	2	0.255864	2	1	0.744136	3	1	2
16	87520851	87551388	3	2	1	2	d	2	NA	NA	NA	NA	NA	NA	NA	2	1	1	NA	NA	NA	NA	NA	NA	NA	4	2	2	2	2	0.255864	2	1	0.744136	3	1	2
16	87551389	88827200	2	1	1	2	d	5	1	1	0.0461880357746	0.12447660241	2	1	1	1	0	0.219638960029188	1	1	0.780361039970812	0.00977917896527873	0.00980225371370429	0.200249194039821	0.239269267679378	2	1	1	1	1	1	NA	NA	NA	2	1	1
16	88827201	90146043	2	1	1	2	d	4	NA	NA	NA	NA	2	1	1	1	0	0.219638960029188	1	1	0.780361039970812	0.00977917896527873	0.00980225371370429	0.200249194039821	0.239269267679378	2	1	1	1	1	1	NA	NA	NA	2	1	1
17	12500	671054	1	1	0	2	d	4	1	0	0.0748066094404	0.0685427410242	0.878376	0.0244925	0.8538835	0	0	0.122093601777837	1	0	0.877906398222163	0.0289794324133593	0.0294216566565703	0.0652335329905338	0.181976377641103	1	0	1	1	0	1	NA	NA	NA	1	0	1
17	671055	5728889	1	1	0	3	a	6	1	0	0.0728591435127	0.0834789413068	1	0	1	1	0	1	NA	NA	NA	NA	NA	NA	NA	1	0	1	1	0	1	NA	NA	NA	1	0	1
17	5728890	22199999	1	1	0	3	a	6	1	0	0.0730074207006	0.0976412401457	1	0	1	1	0	1	NA	NA	NA	NA	NA	NA	NA	1	0	1	1	0	1	NA	NA	NA	1	0	1
17	22200000	25799999	NA	NA	NA	NA	NA	NA	0.93	0.93	0.0397233425089	0.209796779356	2	1	1	NA	NA	NA	NA	NA	NA	NA	NA	NA	NA	2	1	1	1	1	1	NA	NA	NA	2	1	1
17	25800000	37988799	2	1	1	2	d	5	0.93	0.93	0.0415153848033	0.12001117652	2	1	1	1	1	1	NA	NA	NA	NA	NA	NA	NA	2	1	1	1	1	1	NA	NA	NA	2	1	1
17	37988800	38585013	3	2	1	3	a	6	2	1	0.05	0.142863691851	3	1	2	2	1	1	NA	NA	NA	NA	NA	NA	NA	3	1	2	2	1	1	NA	NA	NA	3	1	2
17	38585014	70457613	2	1	1	3	a	6	1	1	0.0407735998305	0.121832811856	2	1	1	1	1	1	NA	NA	NA	NA	NA	NA	NA	2	1	1	1	1	1	NA	NA	NA	2	1	1
17	70457614	72566971	3	2	1	3	a	6	2	1	0.0541134629009	0.140256915634	3	1	2	2	1	1	NA	NA	NA	NA	NA	NA	NA	3	1	2	2	1	1	NA	NA	NA	3	1	2
17	72566972	78774600	2	1	1	3	a	6	1	1	0.0417470906437	0.1159690355	2	1	1	1	1	1	NA	NA	NA	NA	NA	NA	NA	2	1	1	1	1	1	NA	NA	NA	2	1	1
17	78774601	81195209	2	1	1	3	b	5	NA	NA	NA	NA	2	1	1	1	1	1	NA	NA	NA	NA	NA	NA	NA	2	1	1	1	1	1	NA	NA	NA	2	1	1
18	27500	138256	2	1	1	2	d	2	1	1	0.05	0.237408373544	NA	NA	NA	2	1	0.183339986114941	2	2	0.816660013885059	NA	0	0.183339986114941	0.183339986114941	NA	NA	NA	2	0	1	NA	NA	NA	2	1	1
18	138257	14786612	2	1	1	3	a	6	1	1	0.0397102002598	0.117358294246	2	1	1	1	1	1	NA	NA	NA	NA	NA	NA	NA	2	1	1	1	1	1	NA	NA	NA	2	1	1
18	14786613	18999999	2	1	1	2	d	3	1.35	1.26	0.0543332106478	0.183782687334	2.362995	0.950476979	1.412518	1	1	1	NA	NA	NA	NA	NA	NA	NA	2	1	1	2	1	0.541507	1	1	0.458493	2	1	1
18	19000000	23675952	2	1	1	2	d	2	1.54	1	0.050725017927	0.122877734748	2.412752	0.975902928	1.4368487	1	1	0.53460342180471	2	1	0.46539657819529	0.0127701653279114	0.0121657729596301	0.532308994868322	0.5789118942357	3	1	2	1	1	1	NA	NA	NA	2	1	1
18	23675953	25059994	2	1	1	2	d	5	1.07	1.07	0.0398931093351	0.112989537391	2	1	1	1	1	1	NA	NA	NA	NA	NA	NA	NA	2	1	1	1	1	1	NA	NA	NA	2	1	1
18	25059995	77402896	1	1	0	3	a	6	1	0	0.071294877891	0.0900595013018	1	0	1	1	0	1	NA	NA	NA	NA	NA	NA	NA	1	0	1	1	0	1	NA	NA	NA	1	0	1
18	77402897	77593311	1	1	0	2	f	3	NA	NA	NA	NA	1.862224	0.034797065	1.8274266	1	0	0.443711384969806	2	0	0.556288615030194	0.0933829607049486	0.0938813863142616	0.251032879353156	0.623613558798579	1	0	1	2	0	1	NA	NA	NA	500	73	427
19	254304	7537260	2	1	1	3	a	6	1	1	0.0413264912661	0.117159177001	2	1	1	1	1	1	NA	NA	NA	NA	NA	NA	NA	2	1	1	1	1	1	NA	NA	NA	2	1	1
19	7537261	7795306	3	2	1	3	a	6	2	1	0.0696268058996	0.1	3	1	2	2	1	1	NA	NA	NA	NA	NA	NA	NA	3	1	2	2	1	1	NA	NA	NA	3	1	2
19	7795307	11634421	2	1	1	3	a	6	1	1	0.0405951772622	0.112309058639	2	1	1	1	1	1	NA	NA	NA	NA	NA	NA	NA	2	1	1	1	1	1	NA	NA	NA	2	1	1
19	11634422	14145340	3	2	1	3	a	6	2	1	0.0561090582169	0.169515577373	3	1	2	2	1	1	NA	NA	NA	NA	NA	NA	NA	3	1	2	2	1	1	NA	NA	NA	3	1	2
19	14145341	20862440	2	1	1	3	a	6	1	1	0.0452453407364	0.153676211392	2	1	1	1	1	1	NA	NA	NA	NA	NA	NA	NA	2	1	1	1	1	1	NA	NA	NA	2	1	1
19	20862441	20996888	2	1	1	2	d	2	2	1	0.05	0.126112753013	2	1	1	1	0	0.84180490589737	1	1	0.15819509410263	0.0220715262214502	0.0220914054809579	0.76803151513894	0.856230905154045	NA	NA	NA	1	0	0.833081	1	1	0.166919	2	1	1
19	20996889	24399999	2	1	1	3	a	6	1	1	0.0400690310982	0.135458162846	2	1	1	1	1	1	NA	NA	NA	NA	NA	NA	NA	2	1	1	1	1	1	NA	NA	NA	2	1	1
19	24400000	28599999	2	1	1	3	b	5	1	1	0.0484363348423	0.164259688253	2	1	1	NA	NA	NA	NA	NA	NA	NA	NA	NA	NA	2	1	1	1	1	1	NA	NA	NA	2	1	1
19	28600000	36772401	2	1	1	3	a	6	1	1	0.0452170614783	0.120309744865	2	1	1	1	1	1	NA	NA	NA	NA	NA	NA	NA	2	1	1	1	1	1	NA	NA	NA	2	1	1
19	36772402	37017499	2	1	1	2	d	4	NA	NA	NA	NA	2	1	1	1	1	1	NA	NA	NA	NA	NA	NA	NA	3	1	2	1	1	1	NA	NA	NA	2	1	1
19	37017500	51318078	2	1	1	2	d	5	0.93	1	0.0456126347733	0.160153432553	2	1	1	1	1	1	NA	NA	NA	NA	NA	NA	NA	2	1	1	1	1	1	NA	NA	NA	2	1	1
19	51318079	51594367	3	2	1	3	a	6	2	1	0.0547816840074	0.119723378334	3	1	2	2	1	1	NA	NA	NA	NA	NA	NA	NA	3	1	2	2	1	1	NA	NA	NA	3	1	2
19	51594368	59128982	2	1	1	2	d	5	0.93	0.93	0.0431083666988	0.201862345464	2	1	1	1	1	1	NA	NA	NA	NA	NA	NA	NA	2	1	1	1	1	1	NA	NA	NA	2	1	1
20	32074	15812040	2	1	1	2	d	4	1	1	0.0409726747533	0.111024367055	2.100225	1.0501125	1.0501125	NA	NA	NA	NA	NA	NA	NA	NA	NA	NA	2	1	1	1	1	1	NA	NA	NA	2	1	1
20	15812041	15998469	2	1	1	2	d	3	1	1	0.044404243504	0.117537817595	2.449015	1.088731048	1.3602843	NA	NA	NA	NA	NA	NA	NA	NA	NA	NA	3	1	2	1	1	1	NA	NA	NA	2	1	1
20	15998470	25599999	2	1	1	2	d	5	1	1	0.0410676255067	0.1070349866	2.106893	1.053446333	1.0534463	1	1	1	NA	NA	NA	NA	NA	NA	NA	2	1	1	1	1	1	NA	NA	NA	2	1	1
20	25600000	29399999	2	1	1	2	d	5	1	1	0.039872106243	0.154579494024	2.106893	1.053446333	1.0534463	1	1	1	NA	NA	NA	NA	NA	NA	NA	2	1	1	1	1	1	NA	NA	NA	2	1	1
20	29400000	32939242	2	1	1	3	a	6	1	1	0.0391694412578	0.105679046993	2	1	1	1	1	1	NA	NA	NA	NA	NA	NA	NA	2	1	1	1	1	1	NA	NA	NA	2	1	1
20	32939243	33362562	3	2	1	3	a	6	2	1	0.0619765560934	0.127812594455	3	1	2	2	1	1	NA	NA	NA	NA	NA	NA	NA	3	1	2	2	1	1	NA	NA	NA	3	1	2
20	33362563	33384854	3	2	1	1	g	1	1.63	0.86	0.05	0.1	3	1	2	4	1	1	NA	NA	NA	NA	NA	NA	NA	NA	NA	NA	2	1	1	NA	NA	NA	4	1	3
20	33384855	46491286	3	2	1	2	d	5	1.63	0.86	0.0562505040111	0.127593337845	3	1	2	2	1	1	NA	NA	NA	NA	NA	NA	NA	3	1	2	2	1	1	NA	NA	NA	3	1	2
20	46491287	48712252	4	2	2	2	d	5	1.63	1.63	0.0288683285465	0.144383086966	4	2	2	2	2	1	NA	NA	NA	NA	NA	NA	NA	4	2	2	2	2	1	NA	NA	NA	4	2	2
20	48712253	49724968	5	3	2	2	d	5	2.54	1.71	0.0469266855618	0.171267885105	5	2	3	3	2	1	NA	NA	NA	NA	NA	NA	NA	5	2	3	3	2	1	NA	NA	NA	5	2	3
20	49724969	49826549	4	3	1	2	d	4	2.54	0.86	0.0380341400283	0.176504341228	3.915298	1.015586859	2.8997108	3	1	1	NA	NA	NA	NA	NA	NA	NA	4	1	3	3	1	1	NA	NA	NA	4	1	3
20	49826550	55845283	3	2	1	2	d	5	1.63	0.86	0.0554247414877	0.122559029484	3	1	2	2	1	1	NA	NA	NA	NA	NA	NA	NA	3	1	2	2	1	1	NA	NA	NA	3	1	2
20	55845284	56333797	4	2	2	2	d	5	1.71	1.71	0.0400221464961	0.161856065003	4	2	2	2	2	1	NA	NA	NA	NA	NA	NA	NA	4	2	2	2	2	1	NA	NA	NA	4	2	2
20	56333798	58956279	3	2	1	2	d	5	1.71	0.86	0.0556175157675	0.137828113532	3	1	2	2	1	1	NA	NA	NA	NA	NA	NA	NA	3	1	2	2	1	1	NA	NA	NA	3	1	2
20	58956280	59068960	3	2	1	2	d	4	1.71	0.86	0.05	0.0820889053675	3	1	2	1	1	0.28924437200002	2	1	0.71075562799998	NA	0	0.28924437200002	0.28924437200002	3	1	2	2	1	1	NA	NA	NA	3	1	2
20	59068961	61320290	3	2	1	2	d	5	1.71	0.86	0.0551515623593	0.141604565747	3	1	2	2	1	1	NA	NA	NA	NA	NA	NA	NA	3	1	2	2	1	1	NA	NA	NA	3	1	2
20	61320291	61645961	4	2	2	2	d	4	1.71	1.71	0.0368711927848	0.180042405662	4	2	2	2	1	0.118212138596588	2	2	0.881787861403412	0.0383065751947518	0.0384068767016702	0.0143635161626245	0.157805089128876	4	2	2	2	2	1	NA	NA	NA	4	2	2
20	61645962	62432500	3	2	1	2	d	4	1.71	0.74	0.0609945932763	0.133864139932	2.89476	1.000750554	1.8940098	2	1	1	NA	NA	NA	NA	NA	NA	NA	3	1	2	2	1	1	NA	NA	NA	3	1	2
21	1	10899999	NA	NA	NA	NA	NA	NA	1	1	0.05	0.323726341494	NA	NA	NA	NA	NA	NA	NA	NA	NA	NA	NA	NA	NA	NA	NA	NA	NA	NA	NA	NA	NA	NA	NA	NA	NA
21	10900000	15273816	2	1	1	2	d	2	1	1	0.0813000996463	0.156178315028	NA	NA	NA	NA	NA	NA	NA	NA	NA	NA	NA	NA	NA	2	1	1	1	0	0.517152	1	1	0.482848	NA	NA	NA
21	15273817	18705847	2	1	1	2	d	4	1	1	0.0433337528696	0.111376913348	2	1	1	1	1	0.808642715538469	2	1	0.191357284461531	0.0116197298298166	0.0112211002632553	0.796899841298503	0.840670502060606	2	1	1	1	1	1	NA	NA	NA	NA	NA	NA
21	18705848	19126868	3	2	1	2	d	3	2.14	1	0.0446592434439	0.150389105202	3	1	2	2	1	0.614242932329395	3	1	0.385757067670605	0.0504130826481708	0.0483640659671544	0.603878412997837	0.802090569236938	3	1	2	2	0	0.229659	2	1	0.770341	3	1	2
21	19126869	26130140	2	1	1	2	d	4	1	1	0.039908559158	0.115048728257	1.890981	0.945490333	0.9454903	1	0	0.15076634533333	1	1	0.84923365466667	0.00604981286310009	0.00583707978739988	0.139629782836149	0.16170569816769	2	1	1	1	1	1	NA	NA	NA	2	1	1
21	26130141	26199938	3	2	1	3	a	6	2	1	0.05	0.144676372758	3	1	2	2	1	1	NA	NA	NA	NA	NA	NA	NA	3	1	2	2	1	1	NA	NA	NA	3	1	2
21	26199939	46937500	2	1	1	2	d	4	1	1	0.044894734478	0.117225189194	1.899184	0.949592	0.949592	1	0	0.151115481305709	1	1	0.848884518694291	0.00389705510111533	0.00408432167905453	0.143029940783567	0.159071896180047	2	1	1	1	1	1	NA	NA	NA	2	1	1
21	46937501	48129894	2	1	1	2	d	3	NA	NA	NA	NA	1.886283	0.943141667	0.9431417	1	0	0.151115481305709	1	1	0.848884518694291	0.00389705510111533	0.00408432167905453	0.143029940783567	0.159071896180047	2	1	1	1	1	1	NA	NA	NA	2	1	1
22	1	12199999	2	1	1	1	h	1	NA	NA	NA	NA	NA	NA	NA	NA	NA	NA	NA	NA	NA	NA	NA	NA	NA	NA	NA	NA	NA	NA	NA	NA	NA	NA	2	1	1
22	12200000	17899999	2	1	1	2	d	5	1	1	0.0406198564079	0.1428004154	1.820287	0.9101435	0.9101435	1	1	1	NA	NA	NA	NA	NA	NA	NA	2	1	1	1	1	1	NA	NA	NA	2	1	1
22	17900000	18932401	2	1	1	3	a	6	1	1	0.0532855686407	0.163017229281	2	1	1	1	1	1	NA	NA	NA	NA	NA	NA	NA	2	1	1	1	1	1	NA	NA	NA	2	1	1
22	18932402	18970688	3	2	1	1	g	NA	1	1	0.05	0.1	2	1	1	2	1	1	NA	NA	NA	NA	NA	NA	NA	3	1	2	2	2	1	NA	NA	NA	3	1	2
22	18970689	19246220	4	2	2	2	d	5	2	2	0.05	0.130240462794	3.722432	1.861216	1.861216	2	2	1	NA	NA	NA	NA	NA	NA	NA	4	2	2	2	2	1	NA	NA	NA	4	2	2
22	19246221	21579897	3	2	1	2	d	4	2	0.86	0.0550749570949	0.155590347982	3	1	2	2	0	0.0830639920493644	2	1	0.916936007950636	0.0125415394735994	0.0125065007875233	0.0510688059427055	0.100188688556515	3	1	2	2	1	1	NA	NA	NA	3	1	2
22	21579898	37744112	2	1	1	2	d	4	0.93	0.93	0.0436452754582	0.116535379379	2	1	1	1	0	0.0691012416111069	1	1	0.930898758388893	0.0050466854898961	0.00513579904248167	0.0600504713625127	0.0805875380462151	2	1	1	1	1	1	NA	NA	NA	2	1	1
22	37744113	38906102	3	2	1	2	d	3	1.71	1	0.062833574958	0.234826628194	2.844681	0.988772843	1.8559078	1	1	0.17078510066669	2	1	0.82921489933331	0.0290591465872225	0.0269239067917525	0.139500802631605	0.245039802672021	3	1	2	2	1	1	NA	NA	NA	3	1	2
22	38906103	41345660	2	1	1	2	d	5	0.93	0.93	0.042088876222	0.104078988034	2	1	1	1	1	1	NA	NA	NA	NA	NA	NA	NA	2	1	1	1	1	1	NA	NA	NA	2	1	1
22	41345661	41689807	3	2	1	2	d	4	2	1	0.0598344869772	0.109466236919	2.938138	0.881741692	2.0563963	2	0	0.151625732148182	2	1	0.848374267851818	0.0329838218992299	0.033342804006917	0.0663120638975537	0.197960052926823	3	1	2	2	1	1	NA	NA	NA	3	1	2
22	41689808	49687500	2	1	1	2	d	5	1	1	0.0471506229767	0.114606816497	2	1	1	1	0	0.0893809663399042	1	1	0.910619033660096	0.00600601177844218	0.00601993830580725	0.0775291045518134	0.100809440954345	2	1	1	1	1	1	NA	NA	NA	2	1	1
22	49687501	51304565	2	1	1	2	d	4	NA	NA	NA	NA	2	1	1	1	0	0.0893809663399042	1	1	0.910619033660096	0.00600601177844218	0.00601993830580725	0.0775291045518134	0.100809440954345	2	1	1	1	1	1	NA	NA	NA	2	1	1
X	1	21484631	2	1	1	3	a	5	1	1	0.0424008800257	0.176956593421	2	1	1	1	1	1	NA	NA	NA	NA	NA	NA	NA	2	1	1	NA	NA	NA	NA	NA	NA	2	1	1
X	21484632	23608221	3	2	1	2	d	2	1.64	0.84	0.0556490694345	0.134125999378	2.87658	1.037346008	1.8392343	1	1	0.196006028613774	2	1	0.803993971386226	0.0233268573505699	0.0239513681379555	0.149404784718369	0.244732688388659	3	1	2	NA	NA	NA	NA	NA	NA	3	1	2
X	23608222	27205600	2	1	1	2	d	4	0.77	0.77	0.0370446260929	0.105992892651	2	1	1	1	1	1	NA	NA	NA	NA	NA	NA	NA	2	1	1	NA	NA	NA	NA	NA	NA	2	1	1
X	27205601	27277962	3	2	1	2	d	3	1	1	0.0448771430417	0.1	3	1	2	2	1	0.875863181927285	2	2	0.124136818072715	0.0729915984892087	0.0717604584979133	0.675135709434314	0.95263808240319	3	1	2	NA	NA	NA	NA	NA	NA	3	1	2
X	27277963	53788266	2	1	1	2	d	4	1	1	0.0415311397126	0.107920930518	2	1	1	1	1	0.924616827333337	2	1	0.0753831726666633	0.00626694863516181	0.00643398049476969	0.908706169564969	0.934085214156135	2	1	1	NA	NA	NA	NA	NA	NA	2	1	1
X	53788267	54057970	3	2	1	2	d	2	1	1	0.05	0.1	2.825591	0	2.825591	1	1	0.282841168144162	2	1	0.717158831855838	0.0710099517013785	0.0711061869758276	0.145739007753726	0.431552256795758	3	1	2	NA	NA	NA	NA	NA	NA	3	1	2
X	54057971	58099999	2	1	1	3	a	5	1	1	0.0406423826979	0.125323429614	2	1	1	1	1	1	NA	NA	NA	NA	NA	NA	NA	2	1	1	NA	NA	NA	NA	NA	NA	2	1	1
X	58100000	62999999	2	1	1	3	b	4	1	1	0.05	0.335251617652	2	1	1	NA	NA	NA	NA	NA	NA	NA	NA	NA	NA	2	1	1	NA	NA	NA	NA	NA	NA	2	1	1
X	63000000	86295668	2	1	1	2	d	4	1	1	0.0412480964398	0.12619152324	2	1	1	1	0	0.0753936361192752	1	1	0.924606363880725	0.00550756820812321	0.00543013404017956	0.0653766796750553	0.0863797685490732	2	1	1	NA	NA	NA	NA	NA	NA	2	1	1
X	86295669	86361513	3	2	1	2	d	3	1	1	0.05	0.1	3	0	3	2	1	1	NA	NA	NA	NA	NA	NA	NA	3	1	2	NA	NA	NA	NA	NA	NA	3	1	2
X	86361514	92507480	2	1	1	3	b	4	1	1	0.0502014656503	0.113534467864	2	1	1	NA	NA	NA	NA	NA	NA	NA	NA	NA	NA	2	1	1	NA	NA	NA	NA	NA	NA	2	1	1
X	92507481	92553742	2	1	1	2	d	2	1	1	0.05	0.1	2.673582	0	2.673582	2	0	0.399173578245594	2	1	0.600826421754406	NA	0	0.399173578245594	0.399173578245594	NA	NA	NA	NA	NA	NA	NA	NA	NA	2	1	1
X	92553743	112699583	2	1	1	3	a	5	1	1	0.0388213542106	0.123697954796	2	1	1	1	1	1	NA	NA	NA	NA	NA	NA	NA	2	1	1	NA	NA	NA	NA	NA	NA	2	1	1
X	112699584	112845791	3	2	1	2	d	2	1	1	0.0459751998665	0.1	2.918506	1.085654019	1.8328523	1	1	0.362142385128218	2	1	0.637857614871782	0.0617770218009743	0.060667607895894	0.223011528857875	0.463072040627312	3	1	2	NA	NA	NA	NA	NA	NA	3	1	2
X	112845792	113817486	2	1	1	3	a	5	1	1	0.0252305653937	0.131978192798	2	1	1	1	1	1	NA	NA	NA	NA	NA	NA	NA	2	1	1	NA	NA	NA	NA	NA	NA	2	1	1
X	113817487	113871914	3	2	1	2	d	3	1	1	0.05	0.1	3	0	3	2	1	1	NA	NA	NA	NA	NA	NA	NA	3	1	2	NA	NA	NA	NA	NA	NA	3	1	2
X	113871915	126450231	2	1	1	2	d	4	1	1	0.042787947647	0.12253530402	2	1	1	1	1	0.800988424160004	2	1	0.199011575839996	0.00823137117691553	0.00837706963302121	0.791166236519514	0.824064470480427	2	1	1	NA	NA	NA	NA	NA	NA	2	1	1
X	126450232	126512191	3	2	1	2	d	2	1	1	0.05	0.1	2.875488	0	2.875488	2	1	1	NA	NA	NA	NA	NA	NA	NA	NA	NA	NA	NA	NA	NA	NA	NA	NA	3	1	2
X	126512192	127619162	2	1	1	2	d	4	1	1	0.05	0.1	2.136912	0.910717576	1.2261944	1	1	1	NA	NA	NA	NA	NA	NA	NA	2	1	1	NA	NA	NA	NA	NA	NA	2	1	1
X	127619163	127734021	3	2	1	2	e	2	1	1	0.05	0.1	3.189962	0	3.189962	2	1	0.476236914684501	3	1	0.523763085315499	0.0161535370000024	0.0112146516711375	0.460029472666701	0.492336546666706	NA	NA	NA	NA	NA	NA	NA	NA	NA	3	1	2
X	127734022	141151672	2	1	1	2	d	4	1	1	0.0439027181856	0.115762046158	2	1	1	1	1	0.842054304888892	2	1	0.157945695111108	0.0106062748593948	0.0106783234019623	0.812251680733424	0.85423620899029	2	1	1	NA	NA	NA	NA	NA	NA	2	1	1
X	141151673	141222051	2	1	1	3	a	5	1	1	0.0319295115462	0.1	2	1	1	1	1	1	NA	NA	NA	NA	NA	NA	NA	2	1	1	NA	NA	NA	NA	NA	NA	2	1	1
X	141222052	147565184	2	1	1	2	d	4	1	1	0.0433237259852	0.124416062465	2	1	1	1	1	0.792696275166675	2	1	0.207303724833325	0.0110068905172068	0.0111322465921353	0.772476452545487	0.816345013695424	2	1	1	NA	NA	NA	NA	NA	NA	2	1	1
X	147565185	147888020	3	2	1	2	d	2	1.72	1.36	0.0429203309274	0.184047951495	3.001726	1.163691719	1.8380343	2	1	0.622185697560275	2	2	0.377814302439725	0.104990931343615	0.116235350444679	0.168750702865924	0.624953735510876	3	1	2	NA	NA	NA	NA	NA	NA	3	1	2
X	147888021	154913600	2	1	1	2	d	4	1	1	0.0469570440525	0.119392901075	2	1	1	1	1	0.8084236069564	2	1	0.1915763930436	0.0133675161347212	0.0139135045927745	0.778901014785771	0.833926703566763	2	1	1	NA	NA	NA	NA	NA	NA	2	1	1
