chromosome	start	end	total_cn	major_cn	minor_cn	star	level	methods_agree	absolute_broad_major_cn	absolute_broad_minor_cn	absolute_broad_het_error	absolute_broad_cov_error	aceseq_copy_number	aceseq_minor_cn	aceseq_major_cn	battenberg_nMaj1_A	battenberg_nMin1_A	battenberg_frac1_A	battenberg_nMaj2_A	battenberg_nMin2_A	battenberg_frac2_A	battenberg_SDfrac_A	battenberg_SDfrac_A_BS	battenberg_frac1_A_0.025	battenberg_frac1_A_0.975	clonehd_copy_number	clonehd_minor_cn	clonehd_major_cn	sclust_nMaj1_A	sclust_nMin1_A	sclust_frac1_A	sclust_nMaj2_A	sclust_nMin2_A	sclust_frac2_A	jabba_copy_number	jabba_minor_cn	jabba_major_cn
1	10001	121499999	2	1	1	3	a	6	1	1	0.0379408150921	0.134901503489	2	1	1	1	1	1	NA	NA	NA	NA	NA	NA	NA	2	1	1	1	1	1	NA	NA	NA	2	1	1
1	121500000	128899999	2	1	1	2	d	4	NA	NA	NA	NA	2	1	1	1	1	1	NA	NA	NA	NA	NA	NA	NA	1	0	1	1	1	1	NA	NA	NA	2	1	1
1	128900000	142622500	2	1	1	2	d	3	NA	NA	NA	NA	NA	NA	NA	1	1	1	NA	NA	NA	NA	NA	NA	NA	1	0	1	1	1	1	NA	NA	NA	2	1	1
1	142622501	143293000	2	1	1	2	d	2	NA	NA	NA	NA	NA	NA	NA	1	1	1	NA	NA	NA	NA	NA	NA	NA	1	0	1	1	0	0.864268	1	1	0.135732	2	1	1
1	143293001	143498938	2	1	1	2	d	2	2	0	0.05	0.167409290492	NA	NA	NA	1	1	1	NA	NA	NA	NA	NA	NA	NA	NA	NA	NA	1	0	0.864268	1	1	0.135732	2	1	1
1	143498939	247247500	2	1	1	2	d	5	0.9	0.9	0.0375567230916	0.113224543779	2	1	1	1	1	1	NA	NA	NA	NA	NA	NA	NA	2	1	1	1	1	1	NA	NA	NA	2	1	1
1	247247501	249250620	2	1	1	3	b	5	NA	NA	NA	NA	2	1	1	1	1	1	NA	NA	NA	NA	NA	NA	NA	2	1	1	1	1	1	NA	NA	NA	2	1	1
2	20016	90499999	2	1	1	3	a	6	1	1	0.0365670504648	0.119035603283	2	1	1	1	1	1	NA	NA	NA	NA	NA	NA	NA	2	1	1	1	1	1	NA	NA	NA	2	1	1
2	90500000	96799999	NA	NA	NA	NA	NA	NA	1	0	0.0577224643098	0.293917106405	1	0	1	NA	NA	NA	NA	NA	NA	NA	NA	NA	NA	1	0	1	1	0	1	NA	NA	NA	2	1	1
2	96800000	135814121	1	1	0	3	a	6	1	0	0.0655249011873	0.0917640092813	1	0	1	1	0	1	NA	NA	NA	NA	NA	NA	NA	1	0	1	1	0	1	NA	NA	NA	1	0	1
2	135814122	143873852	2	1	1	3	a	6	1	1	0.0345694219603	0.114354576571	2	1	1	1	1	1	NA	NA	NA	NA	NA	NA	NA	2	1	1	1	1	1	NA	NA	NA	2	1	1
2	143873853	152183349	2	1	1	2	d	3	1	0.9	0.0416966049459	0.102756622076	1.778321	0.8891604	0.8891604	1	0	0.225609981707539	1	1	0.774390018292461	0.00731698227309546	0.00734110551477884	0.205818776115353	0.234583820160768	2	1	1	1	1	1	NA	NA	NA	2	1	1
2	152183350	242985695	2	1	1	3	a	6	1	1	0.0365694761997	0.114570337632	2	1	1	1	1	1	NA	NA	NA	NA	NA	NA	NA	2	1	1	1	1	1	NA	NA	NA	2	1	1
3	100074	87899999	2	1	1	3	a	6	1	1	0.0361417635403	0.121135909517	2	1	1	1	1	1	NA	NA	NA	NA	NA	NA	NA	2	1	1	1	1	1	NA	NA	NA	2	1	1
3	87900000	93899999	2	1	1	3	a	6	1	1	0.0334891208444	0.193990746396	2	1	1	1	1	1	NA	NA	NA	NA	NA	NA	NA	2	1	1	1	1	1	NA	NA	NA	2	1	1
3	93900000	197779891	2	1	1	3	a	6	1	1	0.0360811112598	0.118020267164	2	1	1	1	1	1	NA	NA	NA	NA	NA	NA	NA	2	1	1	1	1	1	NA	NA	NA	2	1	1
4	27500	48199999	2	1	1	3	a	6	1	1	0.0376928652179	0.117139253987	2	1	1	1	1	1	NA	NA	NA	NA	NA	NA	NA	2	1	1	1	1	1	NA	NA	NA	2	1	1
4	48200000	52699999	2	1	1	3	a	6	1	1	0.0498636856621	0.234072048901	2	1	1	1	1	1	NA	NA	NA	NA	NA	NA	NA	2	1	1	1	1	1	NA	NA	NA	2	1	1
4	52700000	191154275	2	1	1	3	a	6	1	1	0.035691295772	0.122042462672	2	1	1	1	1	1	NA	NA	NA	NA	NA	NA	NA	2	1	1	1	1	1	NA	NA	NA	2	1	1
5	26904	46099999	2	1	1	2	d	5	1	1	0.0366467081875	0.121285208299	1.831363	0.91568153591	0.9156815	1	1	1	NA	NA	NA	NA	NA	NA	NA	2	1	1	1	1	1	NA	NA	NA	2	1	1
5	46100000	50699999	2	1	1	3	a	6	1	1	0.0308454676639	0.175958930981	2	1	1	1	1	1	NA	NA	NA	NA	NA	NA	NA	2	1	1	1	1	1	NA	NA	NA	2	1	1
5	50700000	180712500	2	1	1	3	a	6	1	1	0.0366183473161	0.119411599556	2	1	1	1	1	1	NA	NA	NA	NA	NA	NA	NA	2	1	1	1	1	1	NA	NA	NA	2	1	1
6	39681	206312	1	1	0	2	d	2	NA	NA	NA	NA	NA	NA	NA	NA	NA	NA	NA	NA	NA	NA	NA	NA	NA	1	0	1	NA	NA	NA	NA	NA	NA	1	0	1
6	206313	380900	1	1	0	2	d	4	2	0	0.05	0.21731353731	1.339928	0.12169988038	1.2182285	1	0	1	NA	NA	NA	NA	NA	NA	NA	1	0	1	1	0	1	NA	NA	NA	1	0	1
6	380901	58699999	1	1	0	3	a	6	1	0	0.0653304156351	0.11052674025	1	0	1	1	0	1	NA	NA	NA	NA	NA	NA	NA	1	0	1	1	0	1	NA	NA	NA	1	0	1
6	58700000	63299999	1	1	0	3	a	6	1	0	0.0598320254924	0.147724687596	1	0	1	1	0	1	NA	NA	NA	NA	NA	NA	NA	1	0	1	1	0	1	NA	NA	NA	1	0	1
6	63300000	170918961	1	1	0	3	a	6	1	0	0.0646515655677	0.091657597152	1	0	1	1	0	1	NA	NA	NA	NA	NA	NA	NA	1	0	1	1	0	1	NA	NA	NA	1	0	1
7	40386	57999999	3	2	1	3	a	6	2	1	0.0497914335129	0.147938097663	3	1	2	2	1	1	NA	NA	NA	NA	NA	NA	NA	3	1	2	2	1	1	NA	NA	NA	3	1	2
7	58000000	61857742	3	2	1	2	d	3	2	1	0.05	0.779245502259	3	1	2	NA	NA	NA	NA	NA	NA	NA	NA	NA	NA	NA	NA	NA	2	0	0.24189	2	1	0.75811	3	1	2
7	61857743	158817500	3	2	1	3	a	6	2	1	0.0509102426674	0.150234605029	3	1	2	2	1	1	NA	NA	NA	NA	NA	NA	NA	3	1	2	2	1	1	NA	NA	NA	3	1	2
8	10001	172499	2	1	1	3	b	5	1	1	0.05	0.1	NA	NA	NA	1	1	1	NA	NA	NA	NA	NA	NA	NA	2	1	1	1	1	1	NA	NA	NA	2	1	1
8	172500	43099999	2	1	1	3	a	6	1	1	0.0375938806956	0.129369762564	2	1	1	1	1	1	NA	NA	NA	NA	NA	NA	NA	2	1	1	1	1	1	NA	NA	NA	2	1	1
8	43100000	48099999	2	1	1	3	a	6	1	1	0.0328862544056	0.147118472111	2	1	1	1	1	1	NA	NA	NA	NA	NA	NA	NA	2	1	1	1	1	1	NA	NA	NA	2	1	1
8	48100000	146364021	2	1	1	3	a	6	1	1	0.03629187166	0.115487565663	2	1	1	1	1	1	NA	NA	NA	NA	NA	NA	NA	2	1	1	1	1	1	NA	NA	NA	2	1	1
9	47500	153760	1	1	0	2	d	2	1.1	0	0.05	0.1	NA	NA	NA	NA	NA	NA	NA	NA	NA	NA	NA	NA	NA	1	0	1	1	0	0.667334	0	0	0.332666	1	0	1
9	153761	21829797	1	1	0	2	d	5	1.1	0	0.0647168612595	0.092133197144	1	0	1	1	0	1	NA	NA	NA	NA	NA	NA	NA	1	0	1	1	0	1	NA	NA	NA	1	0	1
9	21829798	22047392	0	0	0	3	b	6	0	0	0.0593986588774	0.0654436872541	0	0	0	0	0	1	NA	NA	NA	NA	NA	NA	NA	1	0	1	0	0	1	NA	NA	NA	0	0	0
9	22047393	22290683	1	1	0	3	a	6	1	0	0.05	0.0824947881576	1	0	1	1	0	1	NA	NA	NA	NA	NA	NA	NA	1	0	1	1	0	1	NA	NA	NA	1	0	1
9	22290684	22352963	2	2	0	3	b	6	2	0	0.05	0.0747807758509	1	0	1	2	0	1	NA	NA	NA	NA	NA	NA	NA	2	0	2	2	0	1	NA	NA	NA	2	0	2
9	22352964	33309674	1	1	0	3	a	6	1	0	0.064629673641	0.101021869251	1	0	1	1	0	1	NA	NA	NA	NA	NA	NA	NA	1	0	1	1	0	1	NA	NA	NA	1	0	1
9	33309675	33693058	2	1	1	3	a	6	1	1	0.0343182086935	0.124704845146	2	1	1	1	1	1	NA	NA	NA	NA	NA	NA	NA	2	1	1	1	1	1	NA	NA	NA	2	1	1
9	33693059	34373896	1	1	0	3	a	6	1	0	0.062065611545	0.0914503928275	1	0	1	1	0	1	NA	NA	NA	NA	NA	NA	NA	1	0	1	1	0	1	NA	NA	NA	1	0	1
9	34373897	35195339	2	1	1	3	a	6	1	1	0.0427613256736	0.107948478236	2	1	1	1	1	1	NA	NA	NA	NA	NA	NA	NA	2	1	1	1	1	1	NA	NA	NA	2	1	1
9	35195340	35258281	1	1	0	3	b	6	1	0	0.05	0.114451310203	2	1	1	1	0	1	NA	NA	NA	NA	NA	NA	NA	1	0	1	1	0	1	NA	NA	NA	1	0	1
9	35258282	35288597	1	1	0	1	g	NA	1	0	0.05	0.1	NA	NA	NA	1	0	0.272059095588509	1	1	0.727940904411491	NA	0	0.272059095588509	0.272059095588509	2	1	1	1	0	1	NA	NA	NA	2	1	1
9	35288598	39134601	1	1	0	3	a	6	1	0	0.0669991976114	0.102335949077	1	0	1	1	0	1	NA	NA	NA	NA	NA	NA	NA	1	0	1	1	0	1	NA	NA	NA	1	0	1
9	39134602	44869076	2	2	0	1	g	NA	1.34	1.34	0.05	0.622472638828	1	0	1	3	1	1	NA	NA	NA	NA	NA	NA	NA	1	0	1	2	0	0.261819	2	1	0.738181	2	1	1
9	44869077	47299999	3	2	1	2	f	2	2	1	0.05	0.272847981315	NA	NA	NA	NA	NA	NA	NA	NA	NA	NA	NA	NA	NA	1	0	1	3	1	0.632809	2	1	0.367191	2	1	1
9	47300000	50699999	3	2	1	2	f	2	2	1	0.05	0.1	NA	NA	NA	NA	NA	NA	NA	NA	NA	NA	NA	NA	NA	NA	NA	NA	3	1	0.632809	2	1	0.367191	2	1	1
9	50700000	140267500	3	2	1	3	a	6	2	1	0.0506360251421	0.146381251953	3	1	2	2	1	1	NA	NA	NA	NA	NA	NA	NA	3	1	2	2	1	1	NA	NA	NA	3	1	2
9	140267501	141068960	3	2	1	2	d	4	NA	NA	NA	NA	2.952048	1.05889553479	1.8931521	2	1	1	NA	NA	NA	NA	NA	NA	NA	3	1	2	2	1	1	NA	NA	NA	3	1	2
10	102500	37999999	2	1	1	3	a	6	1	1	0.0375197062793	0.128136777699	2	1	1	1	1	1	NA	NA	NA	NA	NA	NA	NA	2	1	1	1	1	1	NA	NA	NA	2	1	1
10	38000000	42299999	2	1	1	3	b	5	1	1	0.05	0.123906563046	2	1	1	1	1	1	NA	NA	NA	NA	NA	NA	NA	2	1	1	NA	NA	NA	NA	NA	NA	2	1	1
10	42300000	135389924	2	1	1	3	a	6	1	1	0.0389609156873	0.120999951947	2	1	1	1	1	1	NA	NA	NA	NA	NA	NA	NA	2	1	1	1	1	1	NA	NA	NA	2	1	1
11	20721	187499	2	1	1	2	d	3	1	1	0.05	0.1	NA	NA	NA	NA	NA	NA	NA	NA	NA	NA	NA	NA	NA	NA	NA	NA	1	1	1	NA	NA	NA	2	1	1
11	187500	51599999	2	1	1	3	a	6	1	1	0.0372720525734	0.132095831852	2	1	1	1	1	1	NA	NA	NA	NA	NA	NA	NA	2	1	1	1	1	1	NA	NA	NA	2	1	1
11	51600000	55699999	2	1	1	3	a	6	1	1	0.0321765486815	0.17563941227	2	1	1	1	1	1	NA	NA	NA	NA	NA	NA	NA	2	1	1	1	1	1	NA	NA	NA	2	1	1
11	55700000	134442500	2	1	1	3	a	6	1	1	0.0380265265661	0.119210972163	2	1	1	1	1	1	NA	NA	NA	NA	NA	NA	NA	2	1	1	1	1	1	NA	NA	NA	2	1	1
12	110107	9682200	1	1	0	2	d	5	1.1	0	0.0652277437622	0.0975397179227	1	0	1	1	0	1	NA	NA	NA	NA	NA	NA	NA	1	0	1	1	0	1	NA	NA	NA	1	0	1
12	9682201	29748914	1	1	0	2	d	5	1.1	0	0.0635352492347	0.100219050394	1	0	1	1	0	1	NA	NA	NA	NA	NA	NA	NA	1	0	1	1	0	1	NA	NA	NA	1	0	1
12	29748915	29752917	1	1	0	2	d	3	2.34	1	0.05	0.1	1	0	1	NA	NA	NA	NA	NA	NA	NA	NA	NA	NA	NA	NA	NA	1	0	1	NA	NA	NA	1	0	1
12	29752918	29875000	3	2	1	2	d	5	2.34	1	0.0533463215541	0.182683918358	3	1	2	2	1	1	NA	NA	NA	NA	NA	NA	NA	3	1	2	2	1	1	NA	NA	NA	3	1	2
12	29875001	33299999	2	1	1	2	d	5	1.1	1.1	0.0383708510463	0.127052113798	2	1	1	1	1	1	NA	NA	NA	NA	NA	NA	NA	2	1	1	1	1	1	NA	NA	NA	2	1	1
12	33300000	38199999	NA	NA	NA	NA	NA	NA	1.1	1.1	0.0294911279848	0.323477669102	1.758643	0.87932152909	0.8793215	NA	NA	NA	NA	NA	NA	NA	NA	NA	NA	2	1	1	1	1	1	NA	NA	NA	2	1	1
12	38200000	43202087	1	1	0	3	a	6	1	0	0.0638894365284	0.0961210668438	1	0	1	1	0	1	NA	NA	NA	NA	NA	NA	NA	1	0	1	1	0	1	NA	NA	NA	1	0	1
12	43202088	43207828	1	1	0	2	d	3	1	0	0.05	0.1	1	0	1	NA	NA	NA	NA	NA	NA	NA	NA	NA	NA	NA	NA	NA	1	1	1	NA	NA	NA	1	0	1
12	43207829	43796628	2	1	1	2	d	5	1.1	1.1	0.0308426356933	0.120095828696	2	1	1	1	1	1	NA	NA	NA	NA	NA	NA	NA	2	1	1	1	1	1	NA	NA	NA	2	1	1
12	43796629	50231878	1	1	0	2	d	5	1.1	0	0.065754674408	0.0885464841417	1	0	1	1	0	1	NA	NA	NA	NA	NA	NA	NA	1	0	1	1	0	1	NA	NA	NA	1	0	1
12	50231879	50506736	2	1	1	3	a	6	1	1	0.05	0.235597360917	2	1	1	1	1	1	NA	NA	NA	NA	NA	NA	NA	2	1	1	1	1	1	NA	NA	NA	2	1	1
12	50506737	52614532	1	1	0	2	d	5	1.1	0	0.0715644931988	0.0892131676469	1	0	1	1	0	1	NA	NA	NA	NA	NA	NA	NA	1	0	1	1	0	1	NA	NA	NA	1	0	1
12	52614533	73013474	2	1	1	2	d	5	1.1	1.1	0.0369935113193	0.122282311454	2	1	1	1	1	1	NA	NA	NA	NA	NA	NA	NA	2	1	1	1	1	1	NA	NA	NA	2	1	1
12	73013475	73518272	3	2	1	2	d	5	2.1	1	0.0503786059625	0.132317349409	3	1	2	2	1	1	NA	NA	NA	NA	NA	NA	NA	3	1	2	2	1	1	NA	NA	NA	3	1	2
12	73518273	73519954	4	3	1	2	e	0	1.1	0	0.05	0.1	3	1	2	1	0	0.26428597857169	1	1	0.73571402142831	NA	0	0.26428597857169	0.26428597857169	1	0	1	2	1	1	NA	NA	NA	2	1	1
12	73519955	132342500	1	1	0	2	d	5	1.1	0	0.0667770224696	0.0962049017364	1	0	1	1	0	1	NA	NA	NA	NA	NA	NA	NA	1	0	1	1	0	1	NA	NA	NA	1	0	1
12	132342501	133851894	1	1	0	3	b	5	NA	NA	NA	NA	1	0	1	1	0	1	NA	NA	NA	NA	NA	NA	NA	1	0	1	1	0	1	NA	NA	NA	1	0	1
13	1	16299999	2	1	1	1	h	1	NA	NA	NA	NA	NA	NA	NA	NA	NA	NA	NA	NA	NA	NA	NA	NA	NA	NA	NA	NA	NA	NA	NA	NA	NA	NA	2	1	1
13	16300000	19499999	2	1	1	2	d	4	1	1	0.05	0.117104299767	NA	NA	NA	1	1	1	NA	NA	NA	NA	NA	NA	NA	NA	NA	NA	1	1	1	NA	NA	NA	2	1	1
13	19500000	114137500	2	1	1	3	a	6	1	1	0.0367918078637	0.122522051914	2	1	1	1	1	1	NA	NA	NA	NA	NA	NA	NA	2	1	1	1	1	1	NA	NA	NA	2	1	1
13	114137501	115169877	2	1	1	2	d	4	NA	NA	NA	NA	2	1	1	1	1	1	NA	NA	NA	NA	NA	NA	NA	NA	NA	NA	1	1	1	NA	NA	NA	2	1	1
14	1	16099999	2	1	1	1	h	1	NA	NA	NA	NA	NA	NA	NA	NA	NA	NA	NA	NA	NA	NA	NA	NA	NA	NA	NA	NA	NA	NA	NA	NA	NA	NA	2	1	1
14	16100000	19099999	2	1	1	1	h	1	NA	NA	NA	NA	NA	NA	NA	NA	NA	NA	NA	NA	NA	NA	NA	NA	NA	NA	NA	NA	2	0	0.344524	1	0	0.655476	2	1	1
14	19100000	20438731	2	1	1	2	d	2	1.34	1.34	0.05	0.424362773529	2	1	1	NA	NA	NA	NA	NA	NA	NA	NA	NA	NA	NA	NA	NA	2	0	0.344524	1	0	0.655476	2	1	1
14	20438732	106318400	2	1	1	3	a	6	1	1	0.0372149592277	0.118169421216	2	1	1	1	1	1	NA	NA	NA	NA	NA	NA	NA	2	1	1	1	1	1	NA	NA	NA	2	1	1
14	106318401	107349539	2	1	1	2	d	5	0.66	0.66	0.0743093629995	0.1	2	1	1	1	1	1	NA	NA	NA	NA	NA	NA	NA	2	1	1	1	1	1	NA	NA	NA	2	1	1
15	1	15799999	2	1	1	1	h	1	NA	NA	NA	NA	NA	NA	NA	NA	NA	NA	NA	NA	NA	NA	NA	NA	NA	NA	NA	NA	NA	NA	NA	NA	NA	NA	2	1	1
15	15800000	20699999	2	1	1	2	d	3	1	1	0.05	0.273780955943	NA	NA	NA	1	1	1	NA	NA	NA	NA	NA	NA	NA	NA	NA	NA	2	0	1	NA	NA	NA	2	1	1
15	20700000	22767499	2	1	1	2	d	3	1	1	0.05	0.372213200934	NA	NA	NA	1	1	1	NA	NA	NA	NA	NA	NA	NA	NA	NA	NA	2	0	0.840034	2	1	0.159966	2	1	1
15	22767500	100332500	2	1	1	3	a	6	1	1	0.0368731165331	0.121937832544	2	1	1	1	1	1	NA	NA	NA	NA	NA	NA	NA	2	1	1	1	1	1	NA	NA	NA	2	1	1
15	100332501	102399919	2	1	1	3	b	5	NA	NA	NA	NA	2	1	1	1	1	1	NA	NA	NA	NA	NA	NA	NA	2	1	1	1	1	1	NA	NA	NA	2	1	1
16	100010	34599999	2	1	1	3	a	6	1	1	0.0380668659741	0.140577175637	2	1	1	1	1	1	NA	NA	NA	NA	NA	NA	NA	2	1	1	1	1	1	NA	NA	NA	2	1	1
16	34600000	38599999	2	1	1	3	a	6	1	1	0.0386857720525	0.177904765805	2	1	1	1	1	1	NA	NA	NA	NA	NA	NA	NA	2	1	1	1	1	1	NA	NA	NA	2	1	1
16	38600000	88822500	2	1	1	3	a	6	1	1	0.0372717514538	0.127846504044	2	1	1	1	1	1	NA	NA	NA	NA	NA	NA	NA	2	1	1	1	1	1	NA	NA	NA	2	1	1
16	88822501	90354752	2	1	1	3	b	5	NA	NA	NA	NA	2	1	1	1	1	1	NA	NA	NA	NA	NA	NA	NA	2	1	1	1	1	1	NA	NA	NA	2	1	1
17	2041	22199999	1	1	0	3	a	6	1	0	0.0656927691245	0.107725791239	1	0	1	1	0	1	NA	NA	NA	NA	NA	NA	NA	1	0	1	1	0	1	NA	NA	NA	1	0	1
17	22200000	25799999	1	1	0	3	b	5	1	0	0.0569379352077	0.0949474027408	1	0	1	NA	NA	NA	NA	NA	NA	NA	NA	NA	NA	1	0	1	1	0	1	NA	NA	NA	1	0	1
17	25800000	29976371	1	1	0	3	a	6	1	0	0.0608915587397	0.0904027765635	1	0	1	1	0	1	NA	NA	NA	NA	NA	NA	NA	1	0	1	1	0	1	NA	NA	NA	1	0	1
17	29976372	29977177	1	1	0	3	a	6	1	0	0.05	0.1	1	0	1	1	0	1	NA	NA	NA	NA	NA	NA	NA	1	0	1	1	0	1	NA	NA	NA	1	0	1
17	29977178	30192248	1	1	0	2	d	5	1	0	0.0751396293225	0.0643216385555	1.101327	0.04368390335	1.0576436	1	0	1	NA	NA	NA	NA	NA	NA	NA	1	0	1	1	0	1	NA	NA	NA	1	0	1
17	30192249	31111565	2	1	1	3	a	6	1	1	0.0455669435156	0.12576055006	2	1	1	1	1	1	NA	NA	NA	NA	NA	NA	NA	2	1	1	1	1	1	NA	NA	NA	2	1	1
17	31111566	31129435	3	2	1	3	b	6	2	1	0.05	0.1	2	1	1	2	1	1	NA	NA	NA	NA	NA	NA	NA	3	1	2	2	1	1	NA	NA	NA	3	1	2
17	31129436	31910034	3	2	1	3	a	6	2	1	0.0490604723381	0.172774298534	3	1	2	2	1	1	NA	NA	NA	NA	NA	NA	NA	3	1	2	2	1	1	NA	NA	NA	3	1	2
17	31910035	40699988	1	1	0	3	a	6	1	0	0.0662278189414	0.0946522562245	1	0	1	1	0	1	NA	NA	NA	NA	NA	NA	NA	1	0	1	1	0	1	NA	NA	NA	1	0	1
17	40699989	42689992	3	2	1	3	a	6	2	1	0.0496934295875	0.167783742857	3	1	2	2	1	1	NA	NA	NA	NA	NA	NA	NA	3	1	2	2	1	1	NA	NA	NA	3	1	2
17	42689993	44229981	1	1	0	3	a	6	1	0	0.0677503580193	0.137979542828	1	0	1	1	0	1	NA	NA	NA	NA	NA	NA	NA	1	0	1	1	0	1	NA	NA	NA	1	0	1
17	44229982	44367500	1	1	0	2	d	3	1	1	0.05	0.104053522969	0.72336	0.17137965337	0.5519802	1	0	1	NA	NA	NA	NA	NA	NA	NA	1	0	1	1	0	0.711421	0	0	0.288579	1	0	1
17	44367501	46213617	1	1	0	3	a	6	1	0	0.0667343230113	0.100377655617	1	0	1	1	0	1	NA	NA	NA	NA	NA	NA	NA	1	0	1	1	0	1	NA	NA	NA	1	0	1
17	46213618	78772500	2	1	1	3	a	6	1	1	0.0369249950526	0.122134982978	2	1	1	1	1	1	NA	NA	NA	NA	NA	NA	NA	2	1	1	1	1	1	NA	NA	NA	2	1	1
17	78772501	81195209	2	1	1	3	b	5	NA	NA	NA	NA	2	1	1	1	1	1	NA	NA	NA	NA	NA	NA	NA	2	1	1	1	1	1	NA	NA	NA	2	1	1
18	27500	15399999	1	1	0	2	d	5	1.1	0	0.0670966449864	0.101901016578	1	0	1	1	0	1	NA	NA	NA	NA	NA	NA	NA	1	0	1	1	0	1	NA	NA	NA	1	0	1
18	15400000	18999999	1	1	0	2	d	5	1.1	0	0.05	0.0926629944601	1	0	1	1	0	1	NA	NA	NA	NA	NA	NA	NA	1	0	1	1	0	1	NA	NA	NA	1	0	1
18	19000000	76112500	1	1	0	2	d	5	1.1	0	0.0644405875075	0.0930812127079	1	0	1	1	0	1	NA	NA	NA	NA	NA	NA	NA	1	0	1	1	0	1	NA	NA	NA	1	0	1
18	76112501	78077247	1	1	0	3	b	5	NA	NA	NA	NA	1	0	1	1	0	1	NA	NA	NA	NA	NA	NA	NA	1	0	1	1	0	1	NA	NA	NA	1	0	1
19	102500	260136	2	1	1	2	d	4	1	1	0.05	0.1	NA	NA	NA	1	1	1	NA	NA	NA	NA	NA	NA	NA	NA	NA	NA	1	1	1	NA	NA	NA	2	1	1
19	260137	24399999	2	1	1	3	a	6	1	1	0.0370945894929	0.138504391248	2	1	1	1	1	1	NA	NA	NA	NA	NA	NA	NA	2	1	1	1	1	1	NA	NA	NA	2	1	1
19	24400000	28599999	2	1	1	2	d	5	1	1	0.028987938022	0.18639639927	2.124143	1.06207143045	1.0620714	1	1	1	NA	NA	NA	NA	NA	NA	NA	2	1	1	1	1	1	NA	NA	NA	2	1	1
19	28600000	59128982	2	1	1	3	a	6	1	1	0.0381361855997	0.173465660017	2	1	1	1	1	1	NA	NA	NA	NA	NA	NA	NA	2	1	1	1	1	1	NA	NA	NA	2	1	1
20	20980	25599999	2	1	1	3	a	6	1	1	0.0366441180401	0.113352630262	2	1	1	1	1	1	NA	NA	NA	NA	NA	NA	NA	2	1	1	1	1	1	NA	NA	NA	2	1	1
20	25600000	29399999	2	1	1	3	a	6	1	1	0.05	0.149252110006	2	1	1	1	1	1	NA	NA	NA	NA	NA	NA	NA	2	1	1	1	1	1	NA	NA	NA	2	1	1
20	29400000	62432500	2	1	1	3	a	6	1	1	0.0380530775533	0.116997620287	2	1	1	1	1	1	NA	NA	NA	NA	NA	NA	NA	2	1	1	1	1	1	NA	NA	NA	2	1	1
21	1	10899999	NA	NA	NA	NA	NA	NA	NA	NA	NA	NA	NA	NA	NA	NA	NA	NA	NA	NA	NA	NA	NA	NA	NA	NA	NA	NA	1	0	1	NA	NA	NA	NA	NA	NA
21	10900000	14299999	1	1	0	1	g	NA	NA	NA	NA	NA	NA	NA	NA	NA	NA	NA	NA	NA	NA	NA	NA	NA	NA	NA	NA	NA	1	0	1	NA	NA	NA	NA	NA	NA
21	14300000	46937500	2	1	1	3	b	5	1	1	0.036452928344	0.119740179634	2	1	1	1	1	1	NA	NA	NA	NA	NA	NA	NA	2	1	1	1	1	1	NA	NA	NA	NA	NA	NA
21	46937501	48129894	2	1	1	2	d	4	NA	NA	NA	NA	2	1	1	1	1	1	NA	NA	NA	NA	NA	NA	NA	2	1	1	1	1	1	NA	NA	NA	NA	NA	NA
22	1	12199999	1	1	0	2	d	2	NA	NA	NA	NA	NA	NA	NA	NA	NA	NA	NA	NA	NA	NA	NA	NA	NA	1	0	1	NA	NA	NA	NA	NA	NA	1	0	1
22	12200000	17899999	1	1	0	3	a	6	1	0	0.0731236171694	0.134372693803	1	0	1	1	0	1	NA	NA	NA	NA	NA	NA	NA	1	0	1	1	0	1	NA	NA	NA	1	0	1
22	17900000	49687500	1	1	0	3	a	6	1	0	0.067222473802	0.101724272288	1	0	1	1	0	1	NA	NA	NA	NA	NA	NA	NA	1	0	1	1	0	1	NA	NA	NA	1	0	1
22	49687501	51304565	1	1	0	3	b	5	NA	NA	NA	NA	1	0	1	1	0	1	NA	NA	NA	NA	NA	NA	NA	1	0	1	1	0	1	NA	NA	NA	1	0	1
X	1	58099999	2	1	1	3	a	5	1	1	0.0373760699381	0.140605572191	2	1	1	1	1	1	NA	NA	NA	NA	NA	NA	NA	2	1	1	NA	NA	NA	NA	NA	NA	2	1	1
X	58100000	62999999	2	1	1	3	b	5	1	1	0.05	0.154628551333	2	0	2	1	1	1	NA	NA	NA	NA	NA	NA	NA	2	1	1	NA	NA	NA	NA	NA	NA	2	1	1
X	63000000	154907500	2	1	1	3	a	5	1	1	0.0373030353114	0.136507203145	2	1	1	1	1	1	NA	NA	NA	NA	NA	NA	NA	2	1	1	NA	NA	NA	NA	NA	NA	2	1	1
