chromosome	start	end	total_cn	major_cn	minor_cn	star	level	methods_agree	absolute_broad_major_cn	absolute_broad_minor_cn	absolute_broad_het_error	absolute_broad_cov_error	aceseq_copy_number	aceseq_minor_cn	aceseq_major_cn	battenberg_nMaj1_A	battenberg_nMin1_A	battenberg_frac1_A	battenberg_nMaj2_A	battenberg_nMin2_A	battenberg_frac2_A	battenberg_SDfrac_A	battenberg_SDfrac_A_BS	battenberg_frac1_A_0.025	battenberg_frac1_A_0.975	clonehd_copy_number	clonehd_minor_cn	clonehd_major_cn	sclust_nMaj1_A	sclust_nMin1_A	sclust_frac1_A	sclust_nMaj2_A	sclust_nMin2_A	sclust_frac2_A	jabba_copy_number	jabba_minor_cn	jabba_major_cn
1	10001	4157469	2	1	1	3	b	5	1	1	0.0464323493546	0.185292928102	2	1	1	1	1	1	NA	NA	NA	NA	NA	NA	NA	NA	NA	NA	1	1	1	NA	NA	NA	2	1	1
1	4157470	121499999	2	1	1	3	b	5	1	1	0.0419950235177	0.122881437794	2	1	1	1	1	1	NA	NA	NA	NA	NA	NA	NA	NA	NA	NA	1	1	1	NA	NA	NA	2	1	1
1	121500000	128899999	2	1	1	2	d	2	NA	NA	NA	NA	2	1	1	NA	NA	NA	NA	NA	NA	NA	NA	NA	NA	NA	NA	NA	NA	NA	NA	NA	NA	NA	2	1	1
1	128900000	144920086	2	1	1	2	f	2	1.25	1	0.05	0.375017914552	NA	NA	NA	NA	NA	NA	NA	NA	NA	NA	NA	NA	NA	NA	NA	NA	NA	NA	NA	NA	NA	NA	2	1	1
1	144920087	241093366	2	1	1	2	d	2	1.25	1	0.0466019887389	0.116629343397	2.3746	1.0404026	1.3341974	1	1	0.744713006361756	2	1	0.255286993638244	0.00169137162942146	0.00174705073957356	0.748147114502525	0.755149104745652	NA	NA	NA	1	1	1	NA	NA	NA	2	1	1
1	241093367	247247500	2	1	1	2	d	3	1	1	0.0445267265981	0.102833455572	2.25692	1.1284599	1.1284599	1	1	0.841722063944285	2	1	0.158277936055715	0.00552406808796446	0.00551419874159962	0.829575425057235	0.850584354990091	NA	NA	NA	1	1	1	NA	NA	NA	2	1	1
1	247247501	249250620	2	1	1	2	d	2	NA	NA	NA	NA	2.185308	1.0926542	1.0926542	1	1	0.786685983873293	2	1	0.213314016126707	0.00993467852533009	0.0099202048614946	0.777018668483496	0.816677224582009	NA	NA	NA	1	1	1	NA	NA	NA	2	1	1
2	42501	73864482	2	1	1	3	b	5	1	1	0.0430233152196	0.113127530487	2	1	1	1	1	1	NA	NA	NA	NA	NA	NA	NA	NA	NA	NA	1	1	1	NA	NA	NA	2	1	1
2	73864483	73924792	2	1	1	3	b	5	1	1	0.05	0.0997728332617	2	1	1	1	1	1	NA	NA	NA	NA	NA	NA	NA	NA	NA	NA	1	1	1	NA	NA	NA	2	1	1
2	73924793	90499999	2	1	1	3	b	5	1	1	0.0430371370591	0.117927990082	2	1	1	1	1	1	NA	NA	NA	NA	NA	NA	NA	NA	NA	NA	1	1	1	NA	NA	NA	2	1	1
2	90500000	96799999	2	1	1	3	b	5	1	1	0.0357623089457	0.127195062714	2	1	1	1	1	1	NA	NA	NA	NA	NA	NA	NA	NA	NA	NA	1	1	1	NA	NA	NA	2	1	1
2	96800000	242985695	2	1	1	3	b	5	1	1	0.0413366841718	0.115446803436	2	1	1	1	1	1	NA	NA	NA	NA	NA	NA	NA	NA	NA	NA	1	1	1	NA	NA	NA	2	1	1
3	62886	11947226	2	1	1	3	b	5	1	1	0.0432046660169	0.133476365846	2	1	1	1	1	1	NA	NA	NA	NA	NA	NA	NA	NA	NA	NA	1	1	1	NA	NA	NA	2	1	1
3	11947227	11949057	2	1	1	2	d	3	1	1	0.05	0.1	2	1	1	2	0	1	NA	NA	NA	NA	NA	NA	NA	NA	NA	NA	1	1	1	NA	NA	NA	1	0	1
3	11949058	32944176	2	1	1	3	b	5	1	1	0.0416475344947	0.105239732888	2	1	1	1	1	1	NA	NA	NA	NA	NA	NA	NA	NA	NA	NA	1	1	1	NA	NA	NA	2	1	1
3	32944177	32981187	2	1	1	3	b	5	1	1	0.05	0.1	2	1	1	1	1	1	NA	NA	NA	NA	NA	NA	NA	NA	NA	NA	1	1	1	NA	NA	NA	2	1	1
3	32981188	87899999	2	1	1	3	b	5	1	1	0.0411309513509	0.105987939729	2	1	1	1	1	1	NA	NA	NA	NA	NA	NA	NA	NA	NA	NA	1	1	1	NA	NA	NA	2	1	1
3	87900000	93899999	2	1	1	3	b	5	1	1	0.037226912729	0.105353400249	2	1	1	1	1	1	NA	NA	NA	NA	NA	NA	NA	NA	NA	NA	1	1	1	NA	NA	NA	2	1	1
3	93900000	115247769	2	1	1	3	b	5	1	1	0.0405048962891	0.102302725702	2	1	1	1	1	1	NA	NA	NA	NA	NA	NA	NA	NA	NA	NA	1	1	1	NA	NA	NA	2	1	1
3	115247770	115249806	2	1	1	3	b	5	1	1	0.05	0.1	2	1	1	1	1	1	NA	NA	NA	NA	NA	NA	NA	NA	NA	NA	1	1	1	NA	NA	NA	2	1	1
3	115249807	198022429	2	1	1	3	b	5	1	1	0.0418214883848	0.109386193275	2	1	1	1	1	1	NA	NA	NA	NA	NA	NA	NA	NA	NA	NA	1	1	1	NA	NA	NA	2	1	1
4	27500	48199999	2	1	1	3	b	5	1	1	0.0411014313505	0.115174867797	2	1	1	1	1	1	NA	NA	NA	NA	NA	NA	NA	NA	NA	NA	1	1	1	NA	NA	NA	2	1	1
4	48200000	52699999	2	1	1	3	b	5	1	1	0.0357256298427	0.241807772173	2	1	1	1	1	1	NA	NA	NA	NA	NA	NA	NA	NA	NA	NA	1	1	1	NA	NA	NA	2	1	1
4	52700000	70057192	2	1	1	3	b	5	1	1	0.0407439116579	0.11154945547	2	1	1	1	1	1	NA	NA	NA	NA	NA	NA	NA	NA	NA	NA	1	1	1	NA	NA	NA	2	1	1
4	70057193	70057332	2	1	1	2	d	4	NA	NA	NA	NA	2	1	1	1	1	1	NA	NA	NA	NA	NA	NA	NA	NA	NA	NA	1	1	1	NA	NA	NA	2	1	1
4	70057333	70291296	2	1	1	2	d	3	2	0	0.05	1.49788572798	NA	NA	NA	1	1	1	NA	NA	NA	NA	NA	NA	NA	NA	NA	NA	1	1	1	NA	NA	NA	2	1	1
4	70291297	70291545	2	1	1	2	d	3	NA	NA	NA	NA	NA	NA	NA	1	1	1	NA	NA	NA	NA	NA	NA	NA	NA	NA	NA	1	1	1	NA	NA	NA	2	1	1
4	70291546	191154275	2	1	1	3	b	5	1	1	0.0417341593788	0.11130611303	2	1	1	1	1	1	NA	NA	NA	NA	NA	NA	NA	NA	NA	NA	1	1	1	NA	NA	NA	2	1	1
5	22500	46099999	2	1	1	3	b	5	1	1	0.042020392845	0.11012293319	2	1	1	1	1	1	NA	NA	NA	NA	NA	NA	NA	NA	NA	NA	1	1	1	NA	NA	NA	2	1	1
5	46100000	50699999	2	1	1	3	b	5	1	1	0.036289198862	0.294820978976	2	1	1	1	1	1	NA	NA	NA	NA	NA	NA	NA	NA	NA	NA	1	1	1	NA	NA	NA	2	1	1
5	50700000	180689978	2	1	1	3	b	5	1	1	0.040586322362	0.116899234539	2	1	1	1	1	1	NA	NA	NA	NA	NA	NA	NA	NA	NA	NA	1	1	1	NA	NA	NA	2	1	1
6	39681	212500	2	1	1	2	d	4	1	1	0.05	0.1	NA	NA	NA	1	1	1	NA	NA	NA	NA	NA	NA	NA	NA	NA	NA	1	1	1	NA	NA	NA	2	1	1
6	212501	58699999	2	1	1	3	b	5	1	1	0.045034361289	0.118012388544	2	1	1	1	1	1	NA	NA	NA	NA	NA	NA	NA	NA	NA	NA	1	1	1	NA	NA	NA	2	1	1
6	58700000	63299999	2	1	1	3	b	5	1	1	0.0385201953497	0.120442200115	2	1	1	1	1	1	NA	NA	NA	NA	NA	NA	NA	NA	NA	NA	1	1	1	NA	NA	NA	2	1	1
6	63300000	170913256	2	1	1	3	b	5	1	1	0.0414932321092	0.105748077875	2	1	1	1	1	1	NA	NA	NA	NA	NA	NA	NA	NA	NA	NA	1	1	1	NA	NA	NA	2	1	1
7	40386	57999999	3	2	1	2	d	3	2	1	0.0530008692054	0.140538352575	2.997105	1.1131275	1.883977	1	1	0.385478075092415	2	1	0.614521924907585	0.00259227684619304	0.00259257941345657	0.380614141259924	0.390492329070947	NA	NA	NA	2	1	1	NA	NA	NA	3	1	2
7	58000000	61699999	3	2	1	2	d	3	2	1	0.05	0.36490971121	2.997105	1.1131275	1.883977	NA	NA	NA	NA	NA	NA	NA	NA	NA	NA	NA	NA	NA	2	1	1	NA	NA	NA	3	1	2
7	61700000	76757499	3	2	1	2	d	3	2	1	0.0509734132905	0.426477725543	2.94891	1.1021237	1.8467861	1	1	0.381996083510832	2	1	0.618003916489168	0.00220411074952964	0.00221647080756104	0.377462743387221	0.386166488471282	NA	NA	NA	2	1	1	NA	NA	NA	3	1	2
7	76757500	158817500	3	2	1	2	d	3	2	1	0.0534982196044	0.146409346089	2.981473	1.106875	1.8745983	1	1	0.381996083510832	2	1	0.618003916489168	0.00220411074952964	0.00221647080756104	0.377462743387221	0.386166488471282	NA	NA	NA	2	1	1	NA	NA	NA	3	1	2
8	10001	162133	3	2	1	2	d	3	NA	NA	NA	NA	NA	NA	NA	2	1	1	NA	NA	NA	NA	NA	NA	NA	NA	NA	NA	2	1	1	NA	NA	NA	3	1	2
8	162134	43099999	3	2	1	2	d	4	1.79	0.75	0.0561013966212	0.155815743905	3	1	2	2	1	1	NA	NA	NA	NA	NA	NA	NA	NA	NA	NA	2	1	1	NA	NA	NA	3	1	2
8	43100000	48099999	3	2	1	2	d	3	1.79	0.75	0.0535521221597	0.300103464692	3	1	2	NA	NA	NA	NA	NA	NA	NA	NA	NA	NA	NA	NA	NA	2	1	1	NA	NA	NA	3	1	2
8	48100000	146364021	3	2	1	2	d	4	1.79	0.75	0.0547509770565	0.12571609411	3	1	2	2	1	1	NA	NA	NA	NA	NA	NA	NA	NA	NA	NA	2	1	1	NA	NA	NA	3	1	2
9	47500	40585162	2	1	1	3	b	5	1	1	0.0414707532179	0.123619343308	2	1	1	1	1	1	NA	NA	NA	NA	NA	NA	NA	NA	NA	NA	1	1	1	NA	NA	NA	2	1	1
9	40585163	47299999	2	1	1	2	d	4	1	1	0.05	0.56786626383	2	1	1	1	1	1	NA	NA	NA	NA	NA	NA	NA	NA	NA	NA	1	0	0.651127	1	1	0.348873	2	1	1
9	47300000	50699999	2	1	1	2	d	2	1	1	0.05	0.1	NA	NA	NA	NA	NA	NA	NA	NA	NA	NA	NA	NA	NA	NA	NA	NA	1	0	0.651127	1	1	0.348873	2	1	1
9	50700000	69002447	2	1	1	2	d	2	1	1	0.05	0.222869018148	NA	NA	NA	NA	NA	NA	NA	NA	NA	NA	NA	NA	NA	NA	NA	NA	1	0	0.651127	1	1	0.348873	2	1	1
9	69002448	140267500	2	1	1	3	b	5	1	1	0.0414883386931	0.110784141132	2	1	1	1	1	1	NA	NA	NA	NA	NA	NA	NA	NA	NA	NA	1	1	1	NA	NA	NA	2	1	1
10	95096	37999999	2	1	1	3	b	5	1	1	0.0436825253069	0.107297629123	2	1	1	1	1	1	NA	NA	NA	NA	NA	NA	NA	NA	NA	NA	1	1	1	NA	NA	NA	2	1	1
10	38000000	42299999	2	1	1	2	d	4	1	1	0.05	0.163634391976	2	1	1	1	1	1	NA	NA	NA	NA	NA	NA	NA	NA	NA	NA	NA	NA	NA	NA	NA	NA	2	1	1
10	42300000	135262499	2	1	1	3	b	5	1	1	0.0420832800988	0.117515826892	2	1	1	1	1	1	NA	NA	NA	NA	NA	NA	NA	NA	NA	NA	1	1	1	NA	NA	NA	2	1	1
10	135262500	135389924	2	1	1	2	d	3	1	1	0.05	0.0805217898217	1.944758	0.5707367	1.3740214	NA	NA	NA	NA	NA	NA	NA	NA	NA	NA	NA	NA	NA	1	1	1	NA	NA	NA	2	1	1
11	20721	190009	2	1	1	2	d	3	1	1	0.05	0.1	NA	NA	NA	NA	NA	NA	NA	NA	NA	NA	NA	NA	NA	NA	NA	NA	1	1	1	NA	NA	NA	2	1	1
11	190010	51599999	2	1	1	3	b	5	1	1	0.0423546200999	0.116137005642	2	1	1	1	1	1	NA	NA	NA	NA	NA	NA	NA	NA	NA	NA	1	1	1	NA	NA	NA	2	1	1
11	51600000	55699999	2	1	1	3	b	5	1	1	0.0434391761316	0.195343710181	2	1	1	1	1	1	NA	NA	NA	NA	NA	NA	NA	NA	NA	NA	1	1	1	NA	NA	NA	2	1	1
11	55700000	134442500	2	1	1	3	b	5	1	1	0.0412797934568	0.114836620465	2	1	1	1	1	1	NA	NA	NA	NA	NA	NA	NA	NA	NA	NA	1	1	1	NA	NA	NA	2	1	1
12	110107	33299999	2	1	1	3	b	5	1	1	0.0408379084524	0.115718187132	2	1	1	1	1	1	NA	NA	NA	NA	NA	NA	NA	NA	NA	NA	1	1	1	NA	NA	NA	2	1	1
12	33300000	38199999	2	1	1	3	b	5	1	1	0.0345309922292	0.234765876288	2	1	1	1	1	1	NA	NA	NA	NA	NA	NA	NA	NA	NA	NA	1	1	1	NA	NA	NA	2	1	1
12	38200000	132342500	2	1	1	3	b	5	1	1	0.0421401231606	0.109231682001	2	1	1	1	1	1	NA	NA	NA	NA	NA	NA	NA	NA	NA	NA	1	1	1	NA	NA	NA	2	1	1
12	132342501	133851894	2	1	1	2	d	4	NA	NA	NA	NA	2	1	1	1	1	1	NA	NA	NA	NA	NA	NA	NA	NA	NA	NA	1	1	1	NA	NA	NA	2	1	1
13	1	16299999	2	1	1	1	g	NA	NA	NA	NA	NA	NA	NA	NA	NA	NA	NA	NA	NA	NA	NA	NA	NA	NA	NA	NA	NA	NA	NA	NA	NA	NA	NA	2	1	1
13	16300000	19499999	2	1	1	2	d	2	1	1	0.0394055629571	0.248075247794	NA	NA	NA	1	0	0.184151176330089	1	1	0.815848823669911	0.0434231304306062	0.045117670363666	0.0727376925896041	0.246378483863822	NA	NA	NA	1	0	0.407842	1	1	0.592158	2	1	1
13	19500000	95998158	2	1	1	3	b	5	1	1	0.0413770209666	0.116481584212	2	1	1	1	1	1	NA	NA	NA	NA	NA	NA	NA	NA	NA	NA	1	1	1	NA	NA	NA	2	1	1
13	95998159	96005800	2	1	1	2	d	3	1	1	0.05	0.1	2	1	1	2	1	1	NA	NA	NA	NA	NA	NA	NA	NA	NA	NA	1	1	1	NA	NA	NA	3	1	2
13	96005801	114137500	2	1	1	3	b	5	1	1	0.0406043088361	0.102086597308	2	1	1	1	1	1	NA	NA	NA	NA	NA	NA	NA	NA	NA	NA	1	1	1	NA	NA	NA	2	1	1
13	114137501	115169877	2	1	1	2	d	3	NA	NA	NA	NA	2	1	1	1	1	0.930579852607142	2	1	0.069420147392858	0.0175100034512009	0.0171534551043253	0.917376525125289	0.983468304133848	NA	NA	NA	1	1	1	NA	NA	NA	2	1	1
14	1	16099999	2	1	1	1	g	NA	NA	NA	NA	NA	NA	NA	NA	NA	NA	NA	NA	NA	NA	NA	NA	NA	NA	NA	NA	NA	NA	NA	NA	NA	NA	NA	2	1	1
14	16100000	19099999	2	1	1	1	g	NA	NA	NA	NA	NA	NA	NA	NA	NA	NA	NA	NA	NA	NA	NA	NA	NA	NA	NA	NA	NA	2	0	0.555353	1	0	0.444647	2	1	1
14	19100000	106362500	2	1	1	3	b	5	1	1	0.0414279983811	0.113693336015	2	1	1	1	1	1	NA	NA	NA	NA	NA	NA	NA	NA	NA	NA	1	1	1	NA	NA	NA	2	1	1
15	1	15799999	2	1	1	1	g	NA	NA	NA	NA	NA	NA	NA	NA	NA	NA	NA	NA	NA	NA	NA	NA	NA	NA	NA	NA	NA	NA	NA	NA	NA	NA	NA	2	1	1
15	15800000	20699999	2	1	1	2	d	3	1	1	0.05	0.428247229656	NA	NA	NA	1	1	1	NA	NA	NA	NA	NA	NA	NA	NA	NA	NA	1	0	0.550205	1	1	0.449795	2	1	1
15	20700000	100332500	2	1	1	3	b	5	1	1	0.0414529714733	0.121863149576	2	1	1	1	1	1	NA	NA	NA	NA	NA	NA	NA	NA	NA	NA	1	1	1	NA	NA	NA	2	1	1
15	100332501	102531391	2	1	1	2	d	4	NA	NA	NA	NA	2	1	1	1	1	1	NA	NA	NA	NA	NA	NA	NA	NA	NA	NA	1	1	1	NA	NA	NA	2	1	1
16	100010	34599999	2	1	1	3	b	5	1	1	0.04294055723	0.139805659353	2	1	1	1	1	1	NA	NA	NA	NA	NA	NA	NA	NA	NA	NA	1	1	1	NA	NA	NA	2	1	1
16	34600000	38599999	2	1	1	3	b	5	1	1	0.05	0.296520472658	2	1	1	1	1	1	NA	NA	NA	NA	NA	NA	NA	NA	NA	NA	1	1	1	NA	NA	NA	2	1	1
16	38600000	55820367	2	1	1	3	b	5	1	1	0.0404136422517	0.155496873319	2	1	1	1	1	1	NA	NA	NA	NA	NA	NA	NA	NA	NA	NA	1	1	1	NA	NA	NA	2	1	1
16	55820368	55844064	2	1	1	3	b	5	1	1	0.05	0.1	2	1	1	1	1	1	NA	NA	NA	NA	NA	NA	NA	NA	NA	NA	1	1	1	NA	NA	NA	2	1	1
16	55844065	88870021	2	1	1	3	b	5	1	1	0.0430286378268	0.142521156279	2	1	1	1	1	1	NA	NA	NA	NA	NA	NA	NA	NA	NA	NA	1	1	1	NA	NA	NA	2	1	1
16	88870022	90354752	2	1	1	2	d	4	NA	NA	NA	NA	2	1	1	1	1	1	NA	NA	NA	NA	NA	NA	NA	NA	NA	NA	1	1	1	NA	NA	NA	2	1	1
17	828	22199999	2	1	1	2	d	3	1	1	0.0452284991529	0.168769661089	1.868361	0.9341803	0.9341803	1	0	0.087657525587965	1	1	0.912342474412035	0.00298300925258244	0.00300490707171106	0.0813741165234058	0.0933523759322156	NA	NA	NA	1	1	1	NA	NA	NA	2	1	1
17	22200000	25799999	2	1	1	2	d	4	1	1	0.0381322469099	0.137585287977	2	1	1	NA	NA	NA	NA	NA	NA	NA	NA	NA	NA	NA	NA	NA	1	1	1	NA	NA	NA	2	1	1
17	25800000	78772500	2	1	1	3	b	5	1	1	0.0417304277983	0.11773487208	2	1	1	1	1	1	NA	NA	NA	NA	NA	NA	NA	NA	NA	NA	1	1	1	NA	NA	NA	2	1	1
17	78772501	81195209	2	1	1	2	d	4	NA	NA	NA	NA	2	1	1	1	1	1	NA	NA	NA	NA	NA	NA	NA	NA	NA	NA	1	1	1	NA	NA	NA	2	1	1
18	10001	75324	2	1	1	2	d	2	1	1	0.05	0.1	NA	NA	NA	NA	NA	NA	NA	NA	NA	NA	NA	NA	NA	NA	NA	NA	1	0	0.665725	1	1	0.334275	2	1	1
18	75325	15399999	2	1	1	3	b	5	1	1	0.041312597308	0.113086008749	2	1	1	1	1	1	NA	NA	NA	NA	NA	NA	NA	NA	NA	NA	1	1	1	NA	NA	NA	2	1	1
18	15400000	18999999	2	1	1	3	b	5	1	1	0.0287245098219	0.130588805001	2	1	1	1	1	1	NA	NA	NA	NA	NA	NA	NA	NA	NA	NA	1	1	1	NA	NA	NA	2	1	1
18	19000000	76112500	2	1	1	3	b	5	1	1	0.0403438523889	0.109314963581	2	1	1	1	1	1	NA	NA	NA	NA	NA	NA	NA	NA	NA	NA	1	1	1	NA	NA	NA	2	1	1
18	76112501	78077247	2	1	1	2	d	4	NA	NA	NA	NA	2	1	1	1	1	1	NA	NA	NA	NA	NA	NA	NA	NA	NA	NA	1	1	1	NA	NA	NA	2	1	1
19	102500	255095	2	1	1	2	d	2	NA	NA	NA	NA	NA	NA	NA	2	1	1	NA	NA	NA	NA	NA	NA	NA	NA	NA	NA	1	1	1	NA	NA	NA	2	1	1
19	255096	24399999	2	1	1	3	b	5	1	1	0.0418502521755	0.132258323003	2	1	1	1	1	1	NA	NA	NA	NA	NA	NA	NA	NA	NA	NA	1	1	1	NA	NA	NA	2	1	1
19	24400000	28599999	2	1	1	3	b	5	1	1	0.037827683727	0.217346021938	2	1	1	1	1	1	NA	NA	NA	NA	NA	NA	NA	NA	NA	NA	1	1	1	NA	NA	NA	2	1	1
19	28600000	59128982	2	1	1	3	b	5	1	1	0.0424621496205	0.163313472009	2	1	1	1	1	1	NA	NA	NA	NA	NA	NA	NA	NA	NA	NA	1	1	1	NA	NA	NA	2	1	1
20	17500	25599999	2	1	1	2	d	2	1.11	1	0.0462786843651	0.110809434816	2.274705	1.1373525	1.1373525	1	1	0.835127149941966	2	1	0.164872850058034	0.00625842119920933	0.00609164492884459	0.82954638021506	0.854213111104837	NA	NA	NA	1	1	1	NA	NA	NA	2	1	1
20	25600000	29399999	2	1	1	2	d	2	1.11	1	0.0582283516586	0.103001480882	2.258678	0.9784162	1.2802614	1	1	0.79707956915934	2	1	0.20292043084066	0.0238770723338624	0.0236689666853623	0.740860616992284	0.831642650301081	NA	NA	NA	1	1	1	NA	NA	NA	2	1	1
20	29400000	54006205	2	1	1	2	d	2	1.11	1	0.0469418968457	0.115743021701	2.263178	1.1315888	1.1315888	1	1	0.844825552886554	2	1	0.155174447113446	0.00343417430752407	0.0033307056491583	0.849861050662637	0.863241027374979	NA	NA	NA	1	1	1	NA	NA	NA	2	1	1
20	54006206	54021061	2	1	1	2	d	3	1.11	1	0.05	0.1	2.263178	1.1315888	1.1315888	1	1	1	NA	NA	NA	NA	NA	NA	NA	NA	NA	NA	1	1	1	NA	NA	NA	2	1	1
20	54021062	62432500	2	1	1	2	d	2	1.11	1	0.047703811715	0.104079655522	2.230077	0.9962994	1.2337779	1	1	0.827958765156834	2	1	0.172041234843166	0.00548371826251037	0.00525978767203582	0.832097655309278	0.852278805238527	NA	NA	NA	1	1	1	NA	NA	NA	2	1	1
21	1	9417499	NA	NA	NA	NA	NA	NA	1	1	0.05	0.1	NA	NA	NA	NA	NA	NA	NA	NA	NA	NA	NA	NA	NA	NA	NA	NA	NA	NA	NA	NA	NA	NA	NA	NA	NA
21	9417500	10404893	NA	NA	NA	NA	NA	NA	1	1	0.05	0.409732879549	NA	NA	NA	NA	NA	NA	NA	NA	NA	NA	NA	NA	NA	NA	NA	NA	NA	NA	NA	NA	NA	NA	NA	NA	NA
21	10404894	14299999	NA	NA	NA	NA	NA	NA	1	1	0.05	0.178315780761	NA	NA	NA	NA	NA	NA	NA	NA	NA	NA	NA	NA	NA	NA	NA	NA	2	0	0.45628	1	0	0.54372	NA	NA	NA
21	14300000	46937500	2	1	1	2	d	2	1	1	0.0446979855547	0.11115984917	1.886461	0.9432305	0.9432305	1	0	0.0725596518326261	1	1	0.927440348167374	0.00218100772624539	0.00219319448715485	0.068201377309369	0.076992850550816	NA	NA	NA	1	1	1	NA	NA	NA	NA	NA	NA
21	46937501	48129894	2	1	1	2	f	3	NA	NA	NA	NA	1.81638	0.9081898	0.9081898	1	0	0.0725596518326261	1	1	0.927440348167374	0.00218100772624539	0.00219319448715485	0.068201377309369	0.076992850550816	NA	NA	NA	1	1	1	NA	NA	NA	NA	NA	NA
22	1	12199999	2	1	1	1	g	NA	NA	NA	NA	NA	NA	NA	NA	NA	NA	NA	NA	NA	NA	NA	NA	NA	NA	NA	NA	NA	NA	NA	NA	NA	NA	NA	2	1	1
22	12200000	17899999	2	1	1	3	b	5	1	1	0.0485750473583	0.180183569521	2	1	1	1	1	1	NA	NA	NA	NA	NA	NA	NA	NA	NA	NA	1	1	1	NA	NA	NA	2	1	1
22	17900000	49687500	2	1	1	3	b	5	1	1	0.0432919173032	0.135282685474	2	1	1	1	1	1	NA	NA	NA	NA	NA	NA	NA	NA	NA	NA	1	1	1	NA	NA	NA	2	1	1
22	49687501	51304565	2	1	1	2	d	4	NA	NA	NA	NA	2	1	1	1	1	1	NA	NA	NA	NA	NA	NA	NA	NA	NA	NA	1	1	1	NA	NA	NA	2	1	1
X	1	58099999	2	1	1	3	b	4	1	1	0.0437715119383	0.185760288093	2	1	1	1	1	1	NA	NA	NA	NA	NA	NA	NA	NA	NA	NA	NA	NA	NA	NA	NA	NA	2	1	1
X	58100000	62999999	2	1	1	2	d	2	1	1	0.05	0.672574757818	1.894226	0.9471128	0.9471128	NA	NA	NA	NA	NA	NA	NA	NA	NA	NA	NA	NA	NA	NA	NA	NA	NA	NA	NA	2	1	1
X	63000000	154929638	2	1	1	3	b	4	1	1	0.0442944324505	0.181294722729	2	1	1	1	1	1	NA	NA	NA	NA	NA	NA	NA	NA	NA	NA	NA	NA	NA	NA	NA	NA	2	1	1
