chromosome	start	end	total_cn	major_cn	minor_cn	star	level	methods_agree	absolute_broad_major_cn	absolute_broad_minor_cn	absolute_broad_het_error	absolute_broad_cov_error	aceseq_copy_number	aceseq_minor_cn	aceseq_major_cn	battenberg_nMaj1_A	battenberg_nMin1_A	battenberg_frac1_A	battenberg_nMaj2_A	battenberg_nMin2_A	battenberg_frac2_A	battenberg_SDfrac_A	battenberg_SDfrac_A_BS	battenberg_frac1_A_0.025	battenberg_frac1_A_0.975	clonehd_copy_number	clonehd_minor_cn	clonehd_major_cn	sclust_nMaj1_A	sclust_nMin1_A	sclust_frac1_A	sclust_nMaj2_A	sclust_nMin2_A	sclust_frac2_A	jabba_copy_number	jabba_minor_cn	jabba_major_cn
1	10001	17767407	3	2	1	3	b	6	2	1	0.0704699823996	0.303156381644	3	1	2	2	1	1	NA	NA	NA	NA	NA	NA	NA	4	2	2	2	1	1	NA	NA	NA	3	1	2
1	17767408	17784791	3	2	1	2	d	4	2	1	0.05	0.1	3	1	2	1	1	1	NA	NA	NA	NA	NA	NA	NA	1	0	1	2	1	1	NA	NA	NA	3	1	2
1	17784792	17795654	3	2	1	2	d	4	2	1	0.05	0.1	NA	NA	NA	2	1	1	NA	NA	NA	NA	NA	NA	NA	1	0	1	2	1	1	NA	NA	NA	3	1	2
1	17795655	17798142	3	2	1	2	d	4	2	1	0.05	0.1	NA	NA	NA	2	1	1	NA	NA	NA	NA	NA	NA	NA	NA	NA	NA	2	1	1	NA	NA	NA	3	1	2
1	17798143	71821710	3	2	1	3	a	6	2	1	0.0707209222861	0.179257692819	3	1	2	2	1	1	NA	NA	NA	NA	NA	NA	NA	3	1	2	2	1	1	NA	NA	NA	3	1	2
1	71821711	121300213	3	2	1	3	a	6	2	1	0.0721686183905	0.187869892045	3	1	2	2	1	1	NA	NA	NA	NA	NA	NA	NA	3	1	2	2	1	1	NA	NA	NA	3	1	2
1	121300214	128899999	3	2	1	2	d	4	4	0	0.05	1.06352650436	3	1	2	1	1	1	NA	NA	NA	NA	NA	NA	NA	3	1	2	2	1	1	NA	NA	NA	3	1	2
1	128900000	145119801	3	2	1	1	g	NA	4	0	0.05	0.606204814022	NA	NA	NA	6	0	1	NA	NA	NA	NA	NA	NA	NA	NA	NA	NA	2	1	1	NA	NA	NA	3	1	2
1	145119802	146390195	4	4	0	2	f	3	4	0	0.0436205164815	0.334177004112	4.532475	0.059632679	4.4728427	4	0	1	NA	NA	NA	NA	NA	NA	NA	6	0	6	5	0	1	NA	NA	NA	3	1	2
1	146390196	149021742	4	4	0	2	f	3	4	0	0.0363102348791	0.180422798419	4.492967	0.022516082	4.4704512	4	0	1	NA	NA	NA	NA	NA	NA	NA	5	0	5	5	0	1	NA	NA	NA	3	1	2
1	149021743	228573224	4	4	0	2	d	3	4	0	0.0444377129341	0.234328107965	4.586329	0.051340804	4.534988	4	0	1	NA	NA	NA	NA	NA	NA	NA	5	0	5	5	0	1	NA	NA	NA	4	0	4
1	228573225	247249600	3	3	0	2	e	0	4	0	0.0381727577547	0.224774909885	5.313327	0.075426573	5.2379001	5	0	1	NA	NA	NA	NA	NA	NA	NA	6	0	6	6	0	1	NA	NA	NA	5	0	5
1	247249601	249250620	5	5	0	3	b	5	NA	NA	NA	NA	5	0	5	5	0	1	NA	NA	NA	NA	NA	NA	NA	5	0	5	5	0	1	NA	NA	NA	5	0	5
2	20016	49619991	4	3	1	3	a	6	3	1	0.0680753360582	0.230748996861	4	1	3	3	1	1	NA	NA	NA	NA	NA	NA	NA	4	1	3	3	1	1	NA	NA	NA	4	1	3
2	49619992	88652586	4	3	1	3	a	6	3	1	0.0724089100222	0.228481964075	4	1	3	3	1	1	NA	NA	NA	NA	NA	NA	NA	4	1	3	3	1	1	NA	NA	NA	4	1	3
2	88652587	88722555	5	3	2	2	e	1	2	2	0.05	0.1	3.458436	1.312369943	2.1460662	2	1	1	NA	NA	NA	NA	NA	NA	NA	4	2	2	2	1	1	NA	NA	NA	4	1	3
2	88722556	89077500	4	3	1	3	b	6	3	1	0.0676746690516	0.197200694418	4	1	3	3	1	1	NA	NA	NA	NA	NA	NA	NA	5	1	4	3	1	1	NA	NA	NA	4	1	3
2	89077501	89840101	4	3	1	2	d	3	4	1	0.05	0.52271156437	4.124355	0.982758912	3.1415959	3	1	1	NA	NA	NA	NA	NA	NA	NA	4	1	3	3	1	1	NA	NA	NA	3	1	2
2	89840102	90499999	2	1	1	2	d	2	1	1	0.05	0.351557897543	4.124355	0.982758912	3.1415959	NA	NA	NA	NA	NA	NA	NA	NA	NA	NA	NA	NA	NA	1	1	1	NA	NA	NA	3	1	2
2	90500000	96799999	2	1	1	2	d	4	1	1	0.0589469790255	0.361581868862	2	1	1	NA	NA	NA	NA	NA	NA	NA	NA	NA	NA	2	1	1	1	1	1	NA	NA	NA	3	1	2
2	96800000	100196659	2	1	1	3	a	6	1	1	0.0628186921207	0.156012008968	2	1	1	1	1	1	NA	NA	NA	NA	NA	NA	NA	2	1	1	1	1	1	NA	NA	NA	2	1	1
2	100196660	100790348	3	2	1	3	a	6	2	1	0.071043756399	0.177401507917	3	1	2	2	1	1	NA	NA	NA	NA	NA	NA	NA	3	1	2	2	1	1	NA	NA	NA	3	1	2
2	100790349	101876173	6	3	3	2	d	3	3	3	0.0432548023594	0.281663720368	5.680783	2.840391384	2.8403914	3	2	0.361830628064664	3	3	0.638169371935336	0.0325896641343252	0.0321806149093942	0.319486928017511	0.446777508734067	7	3	4	3	3	1	NA	NA	NA	6	3	3
2	101876174	102367407	5	3	2	2	d	3	3	2	0.0390749128165	0.256933649357	4.793566	2.010926018	2.7826405	2	2	0.194367298262557	3	2	0.805632701737443	0.0688331476478902	0.0636960095335221	0.0942717044136985	0.347015016253553	6	3	3	3	2	1	NA	NA	NA	5	2	3
2	102367408	102779865	4	3	1	2	d	4	2.57	1	0.0775532513673	0.207802814473	3.769183	1.019094033	2.7500893	3	1	1	NA	NA	NA	NA	NA	NA	NA	4	1	3	3	1	1	NA	NA	NA	4	1	3
2	102779866	103463001	4	2	2	2	e	4	2.44	2.32	0.06023045329	0.219451254134	4.675978	2.018973448	2.6570042	2	2	0.345423429838326	3	2	0.654576570161674	0.0397474755665054	0.0412790295623561	0.248670328284854	0.404695886396221	5	2	3	3	2	0.38092	2	2	0.61908	4	1	3
2	103463002	138078832	4	3	1	2	d	3	2.66	1	0.07119012692	0.224901181687	3.743184	1.04342687	2.699757	2	1	0.291787814872951	3	1	0.708212185127049	0.00972324717110931	0.00955817956730827	0.339833204533244	0.376129277241753	4	1	3	3	1	1	NA	NA	NA	4	1	3
2	138078833	138120051	3	2	1	2	e	4	2.66	1	0.05	0.1	3.743184	1.04342687	2.699757	NA	NA	NA	NA	NA	NA	NA	NA	NA	NA	3	1	2	3	1	0.603581	2	1	0.396419	4	1	3
2	138120052	177199995	3	2	1	2	d	2	2.66	1	0.0719433042539	0.211416829884	3.669116	1.018737677	2.6503786	2	1	0.40087497866957	3	1	0.59912502133043	0.00514532139369678	0.00508426367825989	0.391096056423663	0.410947601819919	3	1	2	3	1	0.603581	2	1	0.396419	3	1	2
2	177199996	242951000	3	2	1	2	d	2	2.44	1	0.0725984403311	0.212082867115	3.646186	1.011094298	2.6350918	2	1	0.40087497866957	3	1	0.59912502133043	0.00514532139369678	0.00508426367825989	0.391096056423663	0.410947601819919	3	1	2	3	1	0.603581	2	1	0.396419	3	1	2
3	66083	30700028	2	2	0	3	a	6	2	0	0.0753434263238	0.159168131448	2	0	2	2	0	1	NA	NA	NA	NA	NA	NA	NA	2	0	2	2	0	1	NA	NA	NA	2	0	2
3	30700029	75705401	3	3	0	2	d	5	3.1	0	0.0593404034894	0.184829037823	3	0	3	3	0	1	NA	NA	NA	NA	NA	NA	NA	3	0	3	3	0	1	NA	NA	NA	3	0	3
3	75705402	87899999	3	3	0	2	d	4	3.1	0	0.0624394673083	0.204929340085	3	0	3	3	0	1	NA	NA	NA	NA	NA	NA	NA	2	0	2	3	0	1	NA	NA	NA	3	0	3
3	87900000	93899999	3	3	0	2	d	3	3.1	0	0.0602485336612	0.225000297549	3	0	3	NA	NA	NA	NA	NA	NA	NA	NA	NA	NA	2	0	2	3	0	1	NA	NA	NA	3	0	3
3	93900000	129757916	3	3	0	2	d	5	3.1	0	0.059721941876	0.189713863495	3	0	3	3	0	1	NA	NA	NA	NA	NA	NA	NA	3	0	3	3	0	1	NA	NA	NA	3	0	3
3	129757917	186372879	3	3	0	2	d	4	3.1	0	0.0565462966274	0.200711761009	3.300274	0.04945	3.2508239	3	0	1	NA	NA	NA	NA	NA	NA	NA	3	0	3	3	0	1	NA	NA	NA	3	0	3
3	186372880	198022429	3	3	0	2	d	4	3.1	0	0.0554103360583	0.237641614246	3.285212	0.058950583	3.2262614	3	0	1	NA	NA	NA	NA	NA	NA	NA	3	0	3	3	0	1	NA	NA	NA	3	0	3
4	9997	111486	4	2	2	2	d	3	NA	NA	NA	NA	NA	NA	NA	2	2	1	NA	NA	NA	NA	NA	NA	NA	NA	NA	NA	2	2	1	NA	NA	NA	4	2	2
4	111487	48199999	4	2	2	3	a	6	2	2	0.0472688110888	0.238777761031	4	2	2	2	2	1	NA	NA	NA	NA	NA	NA	NA	4	2	2	2	2	1	NA	NA	NA	4	2	2
4	48200000	52699999	NA	NA	NA	NA	NA	NA	2	2	0.0372428323079	0.826359160827	4	2	2	2	2	1	NA	NA	NA	NA	NA	NA	NA	4	2	2	2	2	1	NA	NA	NA	3	1	2
4	52700000	87765097	2	2	0	3	a	6	2	0	0.0757878753134	0.173388230829	2	0	2	2	0	1	NA	NA	NA	NA	NA	NA	NA	2	0	2	2	0	1	NA	NA	NA	2	0	2
4	87765098	87853011	1	1	0	2	d	5	1	0	0.05	0.14969203393	1.121408	0.214300644	0.9071075	1	0	1	NA	NA	NA	NA	NA	NA	NA	1	0	1	1	0	1	NA	NA	NA	1	0	1
4	87853012	96279703	2	2	0	3	a	6	2	0	0.0749008257439	0.149543856704	2	0	2	2	0	1	NA	NA	NA	NA	NA	NA	NA	2	0	2	2	0	1	NA	NA	NA	2	0	2
4	96279704	96285046	2	2	0	2	e	3	2.25	0	0.05	0.1	2	0	2	NA	NA	NA	NA	NA	NA	NA	NA	NA	NA	3	1	2	2	2	1	NA	NA	NA	2	0	2
4	96285047	98944026	4	2	2	2	e	4	2.19	2.19	0.0563454023306	0.249009749771	4	2	2	2	1	0.145461460035924	2	2	0.854538539964075	0.0198886569592604	0.0197612999619894	0.0919180091854689	0.170887875526252	3	1	2	2	2	1	NA	NA	NA	3	1	2
4	98944027	127740039	2	2	0	2	d	5	2.1	0	0.0739926743787	0.178137240961	2	0	2	2	0	1	NA	NA	NA	NA	NA	NA	NA	2	0	2	2	0	1	NA	NA	NA	2	0	2
4	127740040	190987500	2	2	0	2	d	5	2.1	0	0.0772522076626	0.155378727291	2	0	2	2	0	1	NA	NA	NA	NA	NA	NA	NA	2	0	2	2	0	1	NA	NA	NA	2	0	2
5	22500	801581	5	3	2	2	d	2	2.66	1.81	0.0411978802906	0.400740451498	4.793203	1.92389159	2.8693117	NA	NA	NA	NA	NA	NA	NA	NA	NA	NA	NA	NA	NA	3	2	1	NA	NA	NA	5	2	3
5	801582	46000232	5	3	2	2	d	5	2.66	1.81	0.0573709121441	0.25632501765	5	2	3	3	2	1	NA	NA	NA	NA	NA	NA	NA	5	2	3	3	2	1	NA	NA	NA	5	2	3
5	46000233	46099999	3	2	1	3	b	6	2	1	0.05	0.325472101844	5	2	3	2	1	1	NA	NA	NA	NA	NA	NA	NA	3	1	2	2	1	1	NA	NA	NA	3	1	2
5	46100000	50699999	3	2	1	3	b	5	2	1	0.0720296187766	0.282966611757	3	1	2	NA	NA	NA	NA	NA	NA	NA	NA	NA	NA	3	1	2	2	1	1	NA	NA	NA	3	1	2
5	50700000	98482352	3	2	1	3	a	6	2	1	0.0727442834832	0.187398111513	3	1	2	2	1	1	NA	NA	NA	NA	NA	NA	NA	3	1	2	2	1	1	NA	NA	NA	3	1	2
5	98482353	125579333	3	2	1	3	a	6	2	1	0.0760889108411	0.199235636015	3	1	2	2	1	1	NA	NA	NA	NA	NA	NA	NA	3	1	2	2	1	1	NA	NA	NA	3	1	2
5	125579334	125628860	2	1	1	2	d	5	1	1	0.05	0.1	2.12528	1.06264009	1.0626401	1	1	1	NA	NA	NA	NA	NA	NA	NA	2	1	1	1	1	1	NA	NA	NA	2	1	1
5	125628861	155742222	3	2	1	3	a	6	2	1	0.0694070668335	0.189411469992	3	1	2	2	1	1	NA	NA	NA	NA	NA	NA	NA	3	1	2	2	1	1	NA	NA	NA	3	1	2
5	155742223	155817690	2	2	0	2	d	3	2	0	0.0889353823154	0.134260802231	2.258251	0.31617868	1.942072	2	0	0.636441425404171	2	1	0.363558574595829	0.0567548624738384	0.0539686552561297	0.549457909495272	0.767162243734269	2	0	2	2	0	0.638931	2	1	0.361069	2	0	2
5	155817691	180715810	3	2	1	3	a	6	2	1	0.0739817635668	0.187001079419	3	1	2	2	1	1	NA	NA	NA	NA	NA	NA	NA	3	1	2	2	1	1	NA	NA	NA	3	1	2
6	39681	205695	2	2	0	1	g	NA	NA	NA	NA	NA	NA	NA	NA	NA	NA	NA	NA	NA	NA	NA	NA	NA	NA	NA	NA	NA	NA	NA	NA	NA	NA	NA	2	0	2
6	205696	12718976	2	2	0	3	a	6	2	0	0.0746060589532	0.145729364912	2	0	2	2	0	1	NA	NA	NA	NA	NA	NA	NA	2	0	2	2	0	1	NA	NA	NA	2	0	2
6	12718977	12719798	9	9	0	1	g	NA	32	0	0.05	0.1	2	0	2	10	0	1	NA	NA	NA	NA	NA	NA	NA	NA	NA	NA	2	0	1	NA	NA	NA	9	0	9
6	12719799	12766046	16	16	0	1	g	NA	32	0	0.05	0.1	NA	NA	NA	16	0	1	NA	NA	NA	NA	NA	NA	NA	8	0	8	17	0	1	NA	NA	NA	16	0	16
6	12766047	32765491	2	2	0	2	d	5	2.1	0	0.075637304093	0.207246440337	2	0	2	2	0	1	NA	NA	NA	NA	NA	NA	NA	2	0	2	2	0	1	NA	NA	NA	2	0	2
6	32765492	57003407	2	2	0	2	d	5	2.1	0	0.0719809959628	0.171988341318	2	0	2	2	0	1	NA	NA	NA	NA	NA	NA	NA	2	0	2	2	0	1	NA	NA	NA	2	0	2
6	57003408	57269997	3	2	1	2	d	5	2	1	0.05	0.200245905726	2.869032	0.840658785	2.0283737	2	1	1	NA	NA	NA	NA	NA	NA	NA	3	1	2	2	1	1	NA	NA	NA	3	1	2
6	57269998	58025040	2	2	0	2	d	5	2	0	0.0723805728513	0.214949723052	2.239988	0.080255707	2.1597325	2	0	1	NA	NA	NA	NA	NA	NA	NA	2	0	2	2	0	1	NA	NA	NA	2	0	2
6	58025041	58596676	2	2	0	2	d	3	2	1	0.100823850489	0.301709896434	2.239988	0.080255707	2.1597325	2	0	0.241806194404835	2	1	0.758193805595164	0.0342737300100838	0.0343045466322988	0.17518869095241	0.308955049821141	2	0	2	2	0	1	NA	NA	NA	2	0	2
6	58596677	58699999	3	2	1	2	f	3	2	1	0.05	0.144529970266	NA	NA	NA	2	0	0.241806194404835	2	1	0.758193805595164	0.0342737300100838	0.0343045466322988	0.17518869095241	0.308955049821141	2	1	1	2	1	1	NA	NA	NA	2	0	2
6	58700000	63299999	NA	NA	NA	NA	NA	NA	2	0	0.0748078860218	0.189632405152	1.844383	0.001134756	1.8432487	NA	NA	NA	NA	NA	NA	NA	NA	NA	NA	1	0	1	2	0	1	NA	NA	NA	2	0	2
6	63300000	137979435	2	2	0	3	a	6	2	0	0.0760431165022	0.152305164493	2	0	2	2	0	1	NA	NA	NA	NA	NA	NA	NA	2	0	2	2	0	1	NA	NA	NA	2	0	2
6	137979436	137983263	1	1	0	1	g	NA	2	0	0.05	0.1	2	0	2	1	0	1	NA	NA	NA	NA	NA	NA	NA	1	0	1	2	0	1	NA	NA	NA	1	0	1
6	137983264	170898626	2	2	0	3	a	6	2	0	0.0736073309156	0.15674011519	2	0	2	2	0	1	NA	NA	NA	NA	NA	NA	NA	2	0	2	2	0	1	NA	NA	NA	2	0	2
7	40386	10674346	6	4	2	2	d	4	3.44	1.81	0.0627057204111	0.332547368203	5.68255	1.96484171	3.7177083	4	2	1	NA	NA	NA	NA	NA	NA	NA	6	2	4	4	2	1	NA	NA	NA	6	2	4
7	10674347	10731974	5	3	2	2	e	3	2.57	1.9	0.05	0.262519909868	4.872656	1.95254459	2.9201115	3	2	1	NA	NA	NA	NA	NA	NA	NA	4	2	2	3	2	1	NA	NA	NA	4	1	3
7	10731975	57999999	5	3	2	2	d	4	2.57	1.9	0.0573839836125	0.238019733252	4.831949	1.998198046	2.8337505	3	2	1	NA	NA	NA	NA	NA	NA	NA	5	2	3	3	2	1	NA	NA	NA	5	2	3
7	58000000	62460063	NA	NA	NA	NA	NA	NA	2.66	1.68	0.05	0.463448099888	3.437107	1.420785716	2.0163208	NA	NA	NA	NA	NA	NA	NA	NA	NA	NA	3	1	2	2	1	0.460355	1	1	0.539645	5	2	3
7	62460064	69176493	5	3	2	2	d	2	2.66	1.68	0.0552925371677	0.283681072751	4.910989	1.88016981	3.0308189	3	1	0.157858009806934	3	2	0.842141990193066	0.0114044182048444	0.0114979017615561	0.129674943599583	0.176230330911632	6	3	3	3	2	1	NA	NA	NA	5	2	3
7	69176494	69711520	3	3	0	3	a	6	3	0	0.0636878577495	0.190848260242	3	0	3	3	0	1	NA	NA	NA	NA	NA	NA	NA	3	0	3	3	0	1	NA	NA	NA	3	0	3
7	69711521	72569001	5	3	2	2	d	2	2.82	1.81	0.0590787261572	0.265651858257	4.867341	1.855207183	3.0121339	3	1	0.158857174858179	3	2	0.841142825141821	0.00750449932827926	0.00738592224168779	0.144056415816336	0.172716811446836	6	3	3	3	2	1	NA	NA	NA	5	2	3
7	72569002	94901994	5	3	2	2	e	3	2.82	1.81	0.0642778896692	0.27035690695	4.811455	1.830750263	2.9807048	3	1	0.158857174858179	3	2	0.841142825141821	0.00750449932827926	0.00738592224168779	0.144056415816336	0.172716811446836	4	2	2	3	2	1	NA	NA	NA	4	1	3
7	94901995	95076692	12	9	3	2	f	2	18	3	0.0299724979802	0.570679160728	11.781638	2.978704457	8.8029331	9	3	1	NA	NA	NA	NA	NA	NA	NA	8	2	6	10	3	1	NA	NA	NA	11	2	9
7	95076693	95091464	4	3	1	1	g	NA	NA	NA	NA	NA	11.781638	2.978704457	8.8029331	4	2	1	NA	NA	NA	NA	NA	NA	NA	NA	NA	NA	10	3	1	NA	NA	NA	4	1	3
7	95091465	95613835	12	9	3	2	f	2	17	3	0.039753250637	0.51965874075	11.795883	2.871190221	8.9246931	9	3	1	NA	NA	NA	NA	NA	NA	NA	8	2	6	10	3	1	NA	NA	NA	11	2	9
7	95613836	95754736	8	5	3	2	d	2	6	3	0.05	0.282280036902	8.655921	3.422135439	5.2337855	5	3	0.58070881530329	5	4	0.41929118469671	0.156942007399215	0.158817856743378	0.208853048368551	0.818788874470597	8	3	5	6	4	0.969299	5	4	0.0307011	8	3	5
7	95754737	95821543	5	3	2	2	e	0	14	3	0.05	0.339243399997	8.655921	3.422135439	5.2337855	7	3	1	NA	NA	NA	NA	NA	NA	NA	8	3	5	8	3	1	NA	NA	NA	9	3	6
7	95821544	95825478	9	6	3	1	g	NA	14	3	0.05	0.1	NA	NA	NA	7	3	1	NA	NA	NA	NA	NA	NA	NA	NA	NA	NA	8	3	1	NA	NA	NA	9	3	6
7	95825479	97289188	10	7	3	2	f	2	14	3	0.0433685281664	0.454397466408	10.11964	3.010012442	7.1096275	7	3	1	NA	NA	NA	NA	NA	NA	NA	8	2	6	8	3	1	NA	NA	NA	9	2	7
7	97289189	98332483	14	11	3	2	f	2	20	3	0.0353904934884	0.554902496514	13.957606	3.084773974	10.872832	11	3	1	NA	NA	NA	NA	NA	NA	NA	8	2	6	12	3	1	NA	NA	NA	14	3	11
7	98332484	99177834	17	14	3	2	f	2	27	3	0.0308479553106	0.803548400874	17.476433	3.086316356	14.3901165	14	3	1	NA	NA	NA	NA	NA	NA	NA	8	1	7	17	3	1	NA	NA	NA	18	3	15
7	99177835	99554965	18	15	3	1	g	NA	27	3	0.0353948365611	0.798446026599	16.46399	3.002944669	13.4610456	14	3	1	NA	NA	NA	NA	NA	NA	NA	8	1	7	16	3	1	NA	NA	NA	18	3	15
7	99554966	100690159	5	3	2	2	e	0	27	3	0.0294455696689	0.904275215686	17.205936	2.97121717	14.2347186	14	3	1	NA	NA	NA	NA	NA	NA	NA	8	1	7	17	3	1	NA	NA	NA	18	3	15
7	100690160	100727376	17	14	3	2	f	2	27	3	0.05	0.1	17.837205	3.03405518	14.8031496	14	3	1	NA	NA	NA	NA	NA	NA	NA	1	0	1	17	3	1	NA	NA	NA	19	3	16
7	100727377	100768653	17	14	3	2	f	2	27	3	0.05	0.1	17.837205	3.03405518	14.8031496	14	3	1	NA	NA	NA	NA	NA	NA	NA	1	0	1	16	3	1	NA	NA	NA	18	2	16
7	100768654	100770042	18	16	2	1	g	NA	NA	NA	NA	NA	NA	NA	NA	NA	NA	NA	NA	NA	NA	NA	NA	NA	NA	1	0	1	8	4	0.505752	8	3	0.494248	18	2	16
7	100770043	101254624	10	7	3	2	d	3	7	3	0.0452261087342	0.411918780221	10.37953	3.120987718	7.2585425	7	3	1	NA	NA	NA	NA	NA	NA	NA	NA	NA	NA	8	4	0.505752	8	3	0.494248	10	3	7
7	101254625	102114402	17	14	3	2	f	2	25	2.32	0.029798236888	0.831439191551	17.453158	3.106717444	14.3464408	14	3	1	NA	NA	NA	NA	NA	NA	NA	8	1	7	16	4	1	NA	NA	NA	17	2	15
7	102114403	102833760	5	3	2	2	e	0	20	3	0.0288578884018	1.11727359445	13.580187	2.9676312	10.6125561	10	2	0.340678310660439	10	3	0.659321689339561	0.0510280412570829	0.0516399644263608	0.20619882513779	0.406692872393597	8	2	6	12	3	1	NA	NA	NA	14	3	11
7	102833761	103662030	17	14	3	2	f	2	28	3	0.0288906885261	0.758579051886	17.415462	3.05069871	14.3647635	14	3	1	NA	NA	NA	NA	NA	NA	NA	8	1	7	16	4	1	NA	NA	NA	17	2	15
7	103662031	112837069	3	3	0	2	d	5	2.82	0	0.057830520239	0.195579436024	3	0	3	3	0	1	NA	NA	NA	NA	NA	NA	NA	3	0	3	3	0	1	NA	NA	NA	3	0	3
7	112837070	158821400	3	3	0	3	a	6	3	0	0.0589148268919	0.191466894554	3	0	3	3	0	1	NA	NA	NA	NA	NA	NA	NA	3	0	3	3	0	1	NA	NA	NA	3	0	3
8	10001	172499	2	2	0	2	d	2	1.9	0	0.05	0.1	NA	NA	NA	3	0	0.741141121702027	3	1	0.258858878297973	NA	0	0.741141121702027	0.741141121702027	NA	NA	NA	2	0	1	NA	NA	NA	2	0	2
8	172500	39918801	2	2	0	2	d	3	1.9	0	0.0803844560452	0.180513655731	1.848622	0.070303117	1.778319	1	0	0.321740095387593	2	0	0.678259904612407	0.00746058864781554	0.00702539571077757	0.390678749882206	0.418512635805135	2	0	2	2	0	1	NA	NA	NA	2	0	2
8	39918802	40190185	4	2	2	2	d	3	2	2	0.0490517470853	0.171818292168	3.897622	1.948810908	1.9488109	2	2	0.685803246322397	3	2	0.314196753677603	0.080321113704021	0.0783886179008541	0.611683603848781	0.920643451719728	4	2	2	2	2	1	NA	NA	NA	3	1	2
8	40190186	41773985	3	2	1	2	d	2	1.75	1	0.0674284898887	0.164678137935	2.917164	1.09302583	1.8241383	1	1	0.352677487741332	2	1	0.647322512258668	0.0268185033745564	0.0276761335273131	0.297821250702229	0.40302843198045	3	1	2	2	1	0.659734	1	1	0.340266	3	1	2
8	41773986	42561952	5	3	2	2	d	2	3	2	0.0447392841318	0.228147332485	4.88894	1.754095471	3.1348447	3	1	0.418669579857605	3	2	0.581330420142395	0.0469211755080624	0.047008924208514	0.325765618549084	0.508122179015911	1	0	1	4	2	0.517256	3	2	0.482744	5	2	3
8	42561953	42570027	5	3	2	2	d	2	3	2	0.05	0.1	4.88894	1.754095471	3.1348447	NA	NA	NA	NA	NA	NA	NA	NA	NA	NA	NA	NA	NA	3	1	0.476334	2	1	0.523666	5	2	3
8	42570028	43099999	3	2	1	2	f	2	2.44	1	0.05	0.196054667318	NA	NA	NA	2	2	1	NA	NA	NA	NA	NA	NA	NA	5	2	3	3	1	0.476334	2	1	0.523666	4	1	3
8	43100000	48099999	NA	NA	NA	NA	NA	NA	2.44	1	0.081129614893	0.328411968515	3.087947	0.896910673	2.1910369	NA	NA	NA	NA	NA	NA	NA	NA	NA	NA	3	1	2	3	1	0.476334	2	1	0.523666	4	1	3
8	48100000	108528287	4	3	1	2	d	2	2.44	1	0.070467452416	0.208314631926	3.892583	1.162864368	2.7297181	2	1	0.543524347418	3	1	0.456475652582	0.00666070932968021	0.0063505213671515	0.557051151184142	0.581362288516758	4	1	3	3	1	0.459659	2	1	0.540341	4	1	3
8	108528288	135976880	4	3	1	2	d	2	2.32	1	0.0686705490338	0.200584631915	3.939458	1.255383985	2.6840742	2	1	0.705354975482658	3	1	0.294645024517342	0.00859162580499895	0.00826904224162778	0.731995373050549	0.765175272103748	4	1	3	3	1	0.254057	2	1	0.745943	4	1	3
8	135976881	136510730	2	2	0	2	e	4	2	0	0.0688451644078	0.136884435495	2.714967	0.062657871	2.6523087	2	0	0.4384454087495	3	0	0.5615545912505	0.104661486228116	0.0941223979001723	0.445243127124363	0.822211551679746	3	0	3	2	0	1	NA	NA	NA	3	0	3
8	136510731	146364021	3	2	1	2	e	4	2.1	1	0.0708886767182	0.186730942478	3.678328	1.259584631	2.4187438	2	1	1	NA	NA	NA	NA	NA	NA	NA	4	2	2	2	2	0.00847143	2	1	0.991529	4	1	3
9	56014	43657499	2	2	0	2	d	5	2.44	0	0.0759265685772	0.179913396385	2	0	2	2	0	1	NA	NA	NA	NA	NA	NA	NA	2	0	2	2	0	1	NA	NA	NA	2	0	2
9	43657500	44860897	3	3	0	1	g	NA	2	0	0.05	0.261859092098	2	0	2	NA	NA	NA	NA	NA	NA	NA	NA	NA	NA	1	0	1	2	1	1	NA	NA	NA	3	0	3
9	44860898	47299999	3	3	0	1	g	NA	3	0	0.05	0.323866290915	NA	NA	NA	6	0	1	NA	NA	NA	NA	NA	NA	NA	1	0	1	2	0	1	NA	NA	NA	3	0	3
9	47300000	50699999	3	3	0	2	d	2	3	0	0.05	0.1	NA	NA	NA	NA	NA	NA	NA	NA	NA	NA	NA	NA	NA	NA	NA	NA	2	0	1	NA	NA	NA	3	0	3
9	50700000	68991527	3	3	0	2	d	2	3	0	0.05	0.53480782166	NA	NA	NA	NA	NA	NA	NA	NA	NA	NA	NA	NA	NA	NA	NA	NA	2	0	1	NA	NA	NA	3	0	3
9	68991528	140273200	3	3	0	3	a	6	3	0	0.0588887160368	0.182030824115	3	0	3	3	0	1	NA	NA	NA	NA	NA	NA	NA	3	0	3	3	0	1	NA	NA	NA	3	0	3
10	96469	18875548	4	2	2	2	d	5	2.1	2.1	0.0456363575892	0.250643720182	4	2	2	2	2	1	NA	NA	NA	NA	NA	NA	NA	4	2	2	2	2	1	NA	NA	NA	4	2	2
10	18875549	20531177	4	2	2	3	a	6	2	2	0.0518976816432	0.227661299528	4	2	2	2	2	1	NA	NA	NA	NA	NA	NA	NA	4	2	2	2	2	1	NA	NA	NA	4	2	2
10	20531178	37999999	3	2	1	2	d	5	2.1	1.18	0.0693036335771	0.192215758717	3	1	2	2	1	1	NA	NA	NA	NA	NA	NA	NA	3	1	2	2	1	1	NA	NA	NA	3	1	2
10	38000000	42428162	NA	NA	NA	NA	NA	NA	2	1	0.0568097048498	0.574043946249	2.506245	0.912114044	1.5941308	1	1	0.128604310421021	2	1	0.871395689578979	0.0332126957803309	0.0339117370866531	0.0736444859770513	0.209851298497618	3	1	2	2	1	0.732023	1	1	0.267977	3	1	2
10	42428163	42835602	4	3	1	2	e	0	2	1	0.05	0.346702693189	2.506245	0.912114044	1.5941308	1	0	0.566633851767044	1	1	0.433366148232956	0.155607321936591	0.16464274801669	0.150825958687264	0.775940576079344	2	0	2	1	1	1	NA	NA	NA	3	1	2
10	42835603	117544972	3	2	1	3	a	6	2	1	0.0708077702559	0.179738997917	3	1	2	2	1	1	NA	NA	NA	NA	NA	NA	NA	3	1	2	2	1	1	NA	NA	NA	3	1	2
10	117544973	135389924	3	2	1	3	b	6	2	1	0.0716289863867	0.181321505298	3	1	2	2	1	1	NA	NA	NA	NA	NA	NA	NA	4	2	2	2	1	1	NA	NA	NA	3	1	2
11	196944	16060002	3	2	1	3	a	6	2	1	0.072532682279	0.210392148597	3	1	2	2	1	1	NA	NA	NA	NA	NA	NA	NA	3	1	2	2	1	1	NA	NA	NA	3	1	2
11	16060003	29194400	3	2	1	3	a	6	2	1	0.0744686578189	0.199461064835	3	1	2	2	1	1	NA	NA	NA	NA	NA	NA	NA	3	1	2	2	1	1	NA	NA	NA	3	1	2
11	29194401	30220742	5	3	2	2	d	3	3	2	0.0595732800191	0.252863163986	4.810522	1.902233602	2.9082883	3	2	1	NA	NA	NA	NA	NA	NA	NA	4	2	2	3	2	1	NA	NA	NA	4	1	3
11	30220743	48682746	3	2	1	3	a	6	2	1	0.0730296917488	0.178555711238	3	1	2	2	1	1	NA	NA	NA	NA	NA	NA	NA	3	1	2	2	1	1	NA	NA	NA	3	1	2
11	48682747	50477154	3	2	1	2	d	3	2	1	0.0736265461712	0.231994898088	2.113118	0.695055761	1.4180625	2	1	1	NA	NA	NA	NA	NA	NA	NA	2	1	1	2	1	1	NA	NA	NA	2	1	1
11	50477155	50582436	1	1	0	2	e	4	2	1	0.05	0.286609964074	1.69318	0.545846039	1.1473342	1	0	0.588475011144245	1	1	0.411524988855755	0.0361512481501651	0.0378016471603179	0.491841735602322	0.639159124308708	1	0	1	1	0	0.564438	1	1	0.435562	2	1	1
11	50582437	50584029	4	3	1	2	e	0	2	1	0.05	0.1	1.69318	0.545846039	1.1473342	0	0	0.617238969123487	1	0	0.382761030876513	0.107169872889365	0.0953295329914842	0.457231413492782	0.821704035392381	NA	NA	NA	1	0	0.564438	1	1	0.435562	2	1	1
11	50584030	50690362	2	1	1	2	d	2	2	1	0.05	0.277553117068	1.749456	0.55363978	1.1958159	1	0	0.606864855242502	1	1	0.393135144757498	0.0338648671960035	0.0362004951403316	0.489328832277548	0.631550430033755	2	1	1	1	0	0.63234	1	1	0.36766	2	1	1
11	50690363	50709133	1	1	0	2	d	2	1.9	1	0.05	0.1	1.749456	0.55363978	1.1958159	1	0	0.660336391932203	2	0	0.339663608067797	0.157209858184963	0.179195410644463	0.0462706865996758	0.746520513193578	1	0	1	1	0	0.586158	1	1	0.413842	1	0	1
11	50709134	51570276	3	2	1	2	d	2	1.9	1	0.0642708590651	0.222031592175	1.824957	0.573504634	1.251452	2	1	1	NA	NA	NA	NA	NA	NA	NA	2	1	1	1	0	0.586158	1	1	0.413842	3	1	2
11	51570277	55699999	3	2	1	2	d	2	1.9	1	0.0804872571745	0.428883739478	2.540618	0.835721426	1.7048962	2	1	1	NA	NA	NA	NA	NA	NA	NA	2	1	1	2	1	0.977795	1	1	0.0222054	3	1	2
11	55700000	134452200	3	2	1	2	d	5	1.9	1	0.0716976018309	0.17763372234	3	1	2	2	1	1	NA	NA	NA	NA	NA	NA	NA	3	1	2	2	1	1	NA	NA	NA	3	1	2
12	110107	235479	7	6	1	2	d	2	6.57	0.81	0.05	0.883889344219	NA	NA	NA	6	1	1	NA	NA	NA	NA	NA	NA	NA	NA	NA	NA	6	1	1	NA	NA	NA	8	1	7
12	235480	11168601	4	3	1	2	e	0	6.57	0.81	0.0418215798169	0.453637474663	8.421707	1.011941056	7.4097654	8	1	1	NA	NA	NA	NA	NA	NA	NA	8	1	7	8	1	1	NA	NA	NA	8	1	7
12	11168602	11509703	8	7	1	2	d	2	6.66	0.68	0.0299680295292	0.360968191103	6.691551	0.672821431	6.0187292	7	0	0.162494821731396	7	1	0.837505178268604	0.0225725142400841	0.0223027350983134	0.0840413579855182	0.170648293260473	8	1	7	8	1	1	NA	NA	NA	8	1	7
12	11509704	12276730	8	7	1	2	d	3	6.44	1	0.0416358004225	0.756646525431	8.397279	1.057219041	7.3400599	7	1	1	NA	NA	NA	NA	NA	NA	NA	8	1	7	8	1	1	NA	NA	NA	8	1	7
12	12276731	12879125	7	6	1	2	d	3	5	0.75	0.0527596618282	0.260972074541	6.622718	1.061448753	5.5612697	6	1	1	NA	NA	NA	NA	NA	NA	NA	8	1	7	6	1	1	NA	NA	NA	7	1	6
12	12879126	32052475	4	3	1	2	e	0	6.66	0.81	0.0424855450309	0.352788506985	8.557088	1.017579174	7.5395088	8	1	1	NA	NA	NA	NA	NA	NA	NA	8	1	7	8	1	1	NA	NA	NA	8	1	7
12	32052476	32738860	8	7	1	2	d	3	6	0.81	0.0408612438048	0.301137632673	7.803439	1.102653379	6.7007855	7	1	1	NA	NA	NA	NA	NA	NA	NA	8	1	7	8	1	1	NA	NA	NA	8	1	7
12	32738861	32741557	7	6	1	2	f	2	NA	NA	NA	NA	7.803439	1.102653379	6.7007855	NA	NA	NA	NA	NA	NA	NA	NA	NA	NA	NA	NA	NA	6	1	1	NA	NA	NA	8	1	7
12	32741558	33138001	4	3	1	2	e	0	4	0.75	0.05	0.544035986635	6.354824	1.051137493	5.303686	5	1	1	NA	NA	NA	NA	NA	NA	NA	7	1	6	6	1	1	NA	NA	NA	6	1	5
12	33138002	33299999	6	5	1	2	d	3	4	0.75	0.041802937659	0.269975498888	5.43521	0.954394706	4.4808151	5	1	1	NA	NA	NA	NA	NA	NA	NA	6	1	5	5	1	1	NA	NA	NA	5	1	4
12	33300000	38199999	NA	NA	NA	NA	NA	NA	2.44	1.75	0.0717892339323	0.4882485756	4.649635	0.782514193	3.8671211	NA	NA	NA	NA	NA	NA	NA	NA	NA	NA	5	1	4	4	1	1	NA	NA	NA	3	1	2
12	38200000	38439969	3	2	1	1	g	NA	2.44	1.75	0.05	0.27073198043	3.057978	1.207705321	1.850273	1	1	0.374119683760641	2	1	0.625880316239359	0.0478199930583524	0.0464770253187947	0.298081038170739	0.479869527719845	2	1	1	2	1	0.630375	1	1	0.369625	3	1	2
12	38439970	83865349	5	3	2	2	d	5	2.44	1.75	0.0594344167181	0.225983426114	5	2	3	3	2	1	NA	NA	NA	NA	NA	NA	NA	5	2	3	3	2	1	NA	NA	NA	5	2	3
12	83865350	84320864	5	3	2	2	e	3	3.32	1.68	0.0635772413836	0.293127393765	5.570418	1.920152955	3.6502653	4	2	1	NA	NA	NA	NA	NA	NA	NA	5	2	3	4	2	1	NA	NA	NA	5	2	3
12	84320865	98636370	4	2	2	2	d	2	2.32	1.81	0.0564620475111	0.246530222435	4.796773	2.005609701	2.7911636	2	2	0.166902547066969	3	2	0.833097452933031	0.012990902737226	0.0126296332687704	0.159059741204146	0.210386394500416	4	2	2	3	2	1	NA	NA	NA	4	2	2
12	98636371	98660000	4	2	2	2	d	5	2	2	0.05	0.1	4.796773	2.005609701	2.7911636	2	2	1	NA	NA	NA	NA	NA	NA	NA	4	2	2	2	2	1	NA	NA	NA	4	2	2
12	98660001	100329996	4	2	2	2	d	5	1.68	1.68	0.0466406999594	0.206699531784	4	2	2	2	2	1	NA	NA	NA	NA	NA	NA	NA	4	2	2	2	2	1	NA	NA	NA	4	2	2
12	100329997	132349400	4	2	2	2	d	4	1.68	1.68	0.0450777370968	0.180910535965	4	2	2	2	2	1	NA	NA	NA	NA	NA	NA	NA	5	2	3	2	2	1	NA	NA	NA	4	2	2
12	132349401	133851894	4	2	2	2	d	4	NA	NA	NA	NA	4	2	2	2	2	1	NA	NA	NA	NA	NA	NA	NA	5	2	3	2	2	1	NA	NA	NA	4	2	2
13	1	16299999	2	1	1	1	g	NA	NA	NA	NA	NA	NA	NA	NA	NA	NA	NA	NA	NA	NA	NA	NA	NA	NA	NA	NA	NA	NA	NA	NA	NA	NA	NA	2	1	1
13	16300000	19499999	2	1	1	2	d	3	1	1	0.05	1.31676141902	NA	NA	NA	1	1	1	NA	NA	NA	NA	NA	NA	NA	NA	NA	NA	NA	NA	NA	NA	NA	NA	2	1	1
13	19500000	81720778	2	1	1	3	a	6	1	1	0.0589429994808	0.156600598998	2	1	1	1	1	1	NA	NA	NA	NA	NA	NA	NA	2	1	1	1	1	1	NA	NA	NA	2	1	1
13	81720779	81722343	2	1	1	3	b	5	1	1	0.05	0.1	2	1	1	1	1	1	NA	NA	NA	NA	NA	NA	NA	NA	NA	NA	1	1	1	NA	NA	NA	2	1	1
13	81722344	115073725	2	1	1	2	d	5	1	1	0.0610952574304	0.153808029541	2.114142	1.05707105	1.0570711	1	1	1	NA	NA	NA	NA	NA	NA	NA	2	1	1	1	1	1	NA	NA	NA	2	1	1
14	1	16099999	3	2	1	1	g	NA	NA	NA	NA	NA	NA	NA	NA	NA	NA	NA	NA	NA	NA	NA	NA	NA	NA	NA	NA	NA	NA	NA	NA	NA	NA	NA	3	1	2
14	16100000	19099999	3	2	1	1	g	NA	NA	NA	NA	NA	NA	NA	NA	NA	NA	NA	NA	NA	NA	NA	NA	NA	NA	NA	NA	NA	2	0	1	NA	NA	NA	3	1	2
14	19100000	20140571	3	2	1	2	f	2	2	2	0.05	0.726919939322	NA	NA	NA	NA	NA	NA	NA	NA	NA	NA	NA	NA	NA	NA	NA	NA	2	0	0.415261	2	1	0.584739	3	1	2
14	20140572	20375050	4	2	2	2	f	2	2	2	0.05	0.271227753587	2.880088	1.440044155	1.4400442	NA	NA	NA	NA	NA	NA	NA	NA	NA	NA	NA	NA	NA	2	0	0.415261	2	1	0.584739	3	1	2
14	20375051	22575470	3	2	1	3	a	6	2	1	0.0778195713712	0.196595745479	3	1	2	2	1	1	NA	NA	NA	NA	NA	NA	NA	3	1	2	2	1	1	NA	NA	NA	3	1	2
14	22575471	29649411	3	2	1	3	a	6	2	1	0.0770970098828	0.186236833975	3	1	2	2	1	1	NA	NA	NA	NA	NA	NA	NA	3	1	2	2	1	1	NA	NA	NA	3	1	2
14	29649412	35729409	4	2	2	2	d	5	2	2	0.0491292021772	0.214387213282	4	2	2	2	2	0.890903904973057	3	2	0.109096095026943	0.0152560394120457	0.0151151365392242	0.879603045098543	0.938497318511844	4	2	2	2	2	1	NA	NA	NA	4	2	2
14	35729410	83109912	3	2	1	3	a	6	2	1	0.0727633125727	0.181986357259	3	1	2	2	1	1	NA	NA	NA	NA	NA	NA	NA	3	1	2	2	1	1	NA	NA	NA	3	1	2
14	83109913	83286886	4	2	2	2	d	3	2	2	0.0431064758663	0.195121147572	3.889277	1.944638519	1.9446385	2	2	1	NA	NA	NA	NA	NA	NA	NA	3	1	2	2	2	1	NA	NA	NA	3	1	2
14	83286887	83288814	2	2	0	2	d	2	2	0	0.05	0.1	3.889277	1.944638519	1.9446385	NA	NA	NA	NA	NA	NA	NA	NA	NA	NA	NA	NA	NA	2	2	1	NA	NA	NA	2	0	2
14	83288815	98200632	2	2	0	3	a	6	2	0	0.0743930179753	0.140015420134	2	0	2	2	0	1	NA	NA	NA	NA	NA	NA	NA	2	0	2	2	0	1	NA	NA	NA	2	0	2
14	98200633	98201508	2	2	0	2	d	2	NA	NA	NA	NA	2	0	2	NA	NA	NA	NA	NA	NA	NA	NA	NA	NA	NA	NA	NA	2	0	1	NA	NA	NA	3	1	2
14	98201509	98221933	4	2	2	2	f	3	2	2	0.05	0.1	4.18045	2.090224898	2.0902249	1	1	1	NA	NA	NA	NA	NA	NA	NA	3	1	2	2	2	1	NA	NA	NA	3	1	2
14	98221934	98232330	5	3	2	1	g	NA	2	2	0.05	0.1	4.18045	2.090224898	2.0902249	3	2	1	NA	NA	NA	NA	NA	NA	NA	6	2	4	2	1	1	NA	NA	NA	5	2	3
14	98232331	98442647	3	2	1	2	d	4	2	2	0.0800119680026	0.154889535093	3.088835	1.19924634	1.889589	2	1	1	NA	NA	NA	NA	NA	NA	NA	3	1	2	2	1	1	NA	NA	NA	3	1	2
14	98442648	98573144	4	2	2	2	d	5	2	2	0.05	0.245584283931	4	2	2	2	1	0.154018016508627	2	2	0.845981983491373	0.12279737107821	0.109502058444003	0.0811727754249875	0.516163813530173	4	2	2	2	2	1	NA	NA	NA	4	2	2
14	98573145	106362500	2	2	0	3	b	6	2	0	0.0681484332073	0.257976259785	2	0	2	2	0	1	NA	NA	NA	NA	NA	NA	NA	3	0	3	2	0	1	NA	NA	NA	2	0	2
14	106362501	107085201	2	2	0	2	d	3	NA	NA	NA	NA	1.763099	0.016340121	1.7467593	NA	NA	NA	NA	NA	NA	NA	NA	NA	NA	2	0	2	2	0	1	NA	NA	NA	2	0	2
14	107085202	107108619	2	2	0	2	d	2	NA	NA	NA	NA	1.129302	0.228206836	0.9010949	NA	NA	NA	NA	NA	NA	NA	NA	NA	NA	1	0	1	2	0	1	NA	NA	NA	2	0	2
15	1	15799999	3	3	0	1	g	NA	NA	NA	NA	NA	NA	NA	NA	NA	NA	NA	NA	NA	NA	NA	NA	NA	NA	NA	NA	NA	NA	NA	NA	NA	NA	NA	3	0	3
15	15800000	20699999	3	3	0	1	g	NA	1	1	0.05	0.342523737772	NA	NA	NA	2	0	0.775697995946125	2	1	0.224302004053875	0.303726532126688	0.553075400480922	-1.57165215117665	0.53507360868822	NA	NA	NA	2	0	1	NA	NA	NA	3	0	3
15	20700000	22369001	3	3	0	1	g	NA	1	1	0.05	0.446935188802	NA	NA	NA	NA	NA	NA	NA	NA	NA	NA	NA	NA	NA	NA	NA	NA	2	0	0.410704	2	1	0.589296	3	0	3
15	22369002	22646453	3	3	0	1	g	NA	1	1	0.05	0.1619305331	NA	NA	NA	NA	NA	NA	NA	NA	NA	NA	NA	NA	NA	NA	NA	NA	2	0	0.35837	2	1	0.64163	3	0	3
15	22646454	28376573	2	2	0	3	a	6	2	0	0.0670820780438	0.353845711359	2	0	2	2	0	1	NA	NA	NA	NA	NA	NA	NA	2	0	2	2	0	1	NA	NA	NA	2	0	2
15	28376574	29058926	2	2	0	1	g	NA	3	0	0.05	0.673576269541	2	0	2	3	0	1	NA	NA	NA	NA	NA	NA	NA	3	1	2	2	0	1	NA	NA	NA	2	0	2
15	29058927	29449463	2	2	0	2	d	3	2	0	0.05	0.164817168613	2.100719	0.08741799	2.0133013	1	0	0.263466265840907	2	0	0.736533734159093	0.0382470095959922	0.0376576863253015	0.190706627012021	0.338642179116741	3	0	3	2	0	1	NA	NA	NA	2	0	2
15	29449464	30416114	2	2	0	2	d	5	2	0	0.0764248869978	0.136374236681	2	0	2	1	0	0.263466265840907	2	0	0.736533734159093	0.0382470095959922	0.0376576863253015	0.190706627012021	0.338642179116741	2	0	2	2	0	1	NA	NA	NA	2	0	2
15	30416115	31338333	2	2	0	2	d	5	2	0	0.05	0.152869831253	2	0	2	1	0	0.263466265840907	2	0	0.736533734159093	0.0382470095959922	0.0376576863253015	0.190706627012021	0.338642179116741	2	0	2	2	0	1	NA	NA	NA	2	0	2
15	31338334	31356584	2	2	0	2	d	2	NA	NA	NA	NA	NA	NA	NA	1	0	0.263466265840907	2	0	0.736533734159093	0.0382470095959922	0.0376576863253015	0.190706627012021	0.338642179116741	NA	NA	NA	2	0	1	NA	NA	NA	2	0	2
15	31356585	32867499	2	2	0	2	d	4	1.9	0	0.0735212952017	0.189366820417	2	0	2	1	0	0.263466265840907	2	0	0.736533734159093	0.0382470095959922	0.0376576863253015	0.190706627012021	0.338642179116741	2	0	2	2	0	1	NA	NA	NA	2	0	2
15	32867500	33218037	3	3	0	3	a	6	3	0	0.0571915205114	0.171372567243	3	0	3	3	0	1	NA	NA	NA	NA	NA	NA	NA	3	0	3	3	0	1	NA	NA	NA	3	0	3
15	33218038	36743385	2	2	0	3	a	6	2	0	0.0761606967947	0.146893456016	2	0	2	2	0	1	NA	NA	NA	NA	NA	NA	NA	2	0	2	2	0	1	NA	NA	NA	2	0	2
15	36743386	37673973	1	1	0	2	d	5	1	0	0.0964124431871	0.0987874187857	1	0	1	1	0	0.951944870968632	1	1	0.0480551290313682	0.0212905364018869	0.0212985370365654	0.896219635944551	0.98256629107147	1	0	1	1	0	1	NA	NA	NA	1	0	1
15	37673974	41878328	2	2	0	3	a	6	2	0	0.0751825414926	0.132761113013	2	0	2	2	0	1	NA	NA	NA	NA	NA	NA	NA	2	0	2	2	0	1	NA	NA	NA	2	0	2
15	41878329	41894121	3	3	0	1	g	NA	2	0	0.05	0.1	2	0	2	4	0	1	NA	NA	NA	NA	NA	NA	NA	4	1	3	2	0	1	NA	NA	NA	3	0	3
15	41894122	59643346	2	2	0	3	a	6	2	0	0.0746062191703	0.137699494166	2	0	2	2	0	1	NA	NA	NA	NA	NA	NA	NA	2	0	2	2	0	1	NA	NA	NA	2	0	2
15	59643347	59715123	3	3	0	2	d	3	3	0	0.05	0.1	2	0	2	3	0	1	NA	NA	NA	NA	NA	NA	NA	NA	NA	NA	2	0	1	NA	NA	NA	3	0	3
15	59715124	60153020	2	2	0	2	d	5	2	0	0.0808216981628	0.131315236302	2.104811	0.007732627	2.0970782	2	0	1	NA	NA	NA	NA	NA	NA	NA	2	0	2	2	0	1	NA	NA	NA	2	0	2
15	60153021	61545677	3	3	0	3	a	6	3	0	0.0536939009297	0.16827805625	3	0	3	3	0	1	NA	NA	NA	NA	NA	NA	NA	3	0	3	3	0	1	NA	NA	NA	3	0	3
15	61545678	62195669	2	2	0	3	a	6	2	0	0.0742068973004	0.140616022456	2	0	2	2	0	1	NA	NA	NA	NA	NA	NA	NA	2	0	2	2	0	1	NA	NA	NA	2	0	2
15	62195670	62280698	2	2	0	2	d	2	NA	NA	NA	NA	2	0	2	NA	NA	NA	NA	NA	NA	NA	NA	NA	NA	NA	NA	NA	5	2	1	NA	NA	NA	2	0	2
15	62280699	63025998	7	5	2	2	d	2	4.32	2	0.06441413027	0.298703102924	6.417718	2.003364533	4.4143538	4	2	0.579373930507838	5	2	0.420626069492162	0.0903856212378115	0.0888714154472127	0.429608309429839	0.777417475511918	7	2	5	5	2	1	NA	NA	NA	6	2	4
15	63025999	63101052	6	4	2	2	e	4	4.32	2	0.05	0.228741316369	6.417718	2.003364533	4.4143538	4	2	1	NA	NA	NA	NA	NA	NA	NA	8	3	5	2	0	1	NA	NA	NA	6	2	4
15	63101053	63121471	6	4	2	1	g	NA	NA	NA	NA	NA	NA	NA	NA	NA	NA	NA	NA	NA	NA	NA	NA	NA	NA	NA	NA	NA	2	0	1	NA	NA	NA	6	2	4
15	63121472	65123551	2	2	0	3	b	6	2	0	0.072813739225	0.126735600683	2	0	2	2	0	1	NA	NA	NA	NA	NA	NA	NA	3	0	3	2	0	1	NA	NA	NA	2	0	2
15	65123552	65541976	3	3	0	2	d	3	3	0	0.0576062535849	0.169819356272	3.023035	0.11250869	2.9105261	3	0	0.917988936005384	3	1	0.0820110639946159	0.026401585331341	0.0254562129763439	0.866890582165559	0.966833998664046	4	0	4	3	0	1	NA	NA	NA	3	0	3
15	65541977	66307828	2	2	0	2	d	3	2	0	0.0605002709355	0.125533155689	2.100903	0.090109617	2.0107938	1	0	0.233410626723776	2	0	0.766589373276224	0.0666174040280669	0.067269378457618	0.144875402699698	0.410111073490414	3	0	3	2	0	1	NA	NA	NA	2	0	2
15	66307829	67771372	3	3	0	3	b	6	3	0	0.0607886963599	0.164438278746	3	0	3	3	0	1	NA	NA	NA	NA	NA	NA	NA	4	0	4	3	0	1	NA	NA	NA	3	0	3
15	67771373	68130013	3	3	0	2	d	4	3	0	0.05	0.171989289345	3	0	3	1	1	1	NA	NA	NA	NA	NA	NA	NA	3	0	3	2	2	1	NA	NA	NA	3	0	3
15	68130014	68514950	2	2	0	1	g	NA	NA	NA	NA	NA	NA	NA	NA	4	0	1	NA	NA	NA	NA	NA	NA	NA	NA	NA	NA	2	2	1	NA	NA	NA	2	0	2
15	68514951	68533460	4	2	2	1	g	NA	NA	NA	NA	NA	NA	NA	NA	3	2	1	NA	NA	NA	NA	NA	NA	NA	5	2	3	2	2	1	NA	NA	NA	4	2	2
15	68533461	68545359	4	2	2	2	d	2	NA	NA	NA	NA	NA	NA	NA	NA	NA	NA	NA	NA	NA	NA	NA	NA	NA	NA	NA	NA	2	2	1	NA	NA	NA	4	2	2
15	68545360	70840720	4	2	2	2	d	3	2	2	0.0482933166333	0.218023858501	4.245259	2.122629715	2.1226297	2	2	0.858369197630503	3	2	0.141630802369497	0.0268553488835158	0.0274332749409	0.756801319156874	0.86494912497045	5	2	3	2	2	1	NA	NA	NA	4	2	2
15	70840721	71440090	5	3	2	1	g	NA	3	2	0.0436503656736	0.229687186096	5.339748	2.353636744	2.9861118	2	2	0.406986293442791	3	2	0.593013706557209	0.0634564847073549	0.0613680903004816	0.247201086993713	0.478814441268373	6	3	3	3	3	1	NA	NA	NA	5	2	3
15	71440091	72934998	4	2	2	2	d	3	2	2	0.041097495163	0.232324385714	4.289967	2.144983452	2.1449835	2	2	0.738169371935332	3	2	0.261830628064668	0.037327574054141	0.0358524733133799	0.658976182242933	0.804046997145752	5	2	3	2	2	1	NA	NA	NA	4	2	2
15	72934999	73236376	2	2	0	3	a	6	2	0	0.0539299127944	0.160246512199	2	0	2	2	0	1	NA	NA	NA	NA	NA	NA	NA	2	0	2	2	0	1	NA	NA	NA	2	0	2
15	73236377	74008937	2	2	0	3	a	6	2	0	0.0740537815901	0.117700135016	2	0	2	2	0	1	NA	NA	NA	NA	NA	NA	NA	2	0	2	2	0	1	NA	NA	NA	2	0	2
15	74008938	74021530	4	2	2	1	g	NA	2	0	0.05	0.1	2	0	2	3	2	1	NA	NA	NA	NA	NA	NA	NA	5	2	3	5	2	1	NA	NA	NA	4	2	2
15	74021531	74042369	4	2	2	2	f	1	2	2	0.05	0.1	NA	NA	NA	5	1	0.456841935433958	5	2	0.543158064566042	0.127636250893591	0.125082953270765	0.0989271942512809	0.578684951814412	8	2	6	5	2	1	NA	NA	NA	6	1	5
15	74042370	74047584	4	3	1	1	g	NA	2	2	0.05	0.1	NA	NA	NA	2	1	1	NA	NA	NA	NA	NA	NA	NA	5	2	3	2	2	1	NA	NA	NA	4	1	3
15	74047585	74051082	4	2	2	2	d	2	2	2	0.05	0.1	NA	NA	NA	7	5	0.675183608008262	8	5	0.324816391991738	NA	0	0.675183608008262	0.675183608008262	NA	NA	NA	2	2	1	NA	NA	NA	6	2	4
15	74051083	77791107	4	2	2	2	d	3	2	2	0.0406955102887	0.227197878044	4.292954	2.146477021	2.146477	2	2	0.724388812563508	3	2	0.275611187436492	0.0231653064838546	0.0228224732017425	0.661712452583788	0.751433663760625	5	2	3	2	2	1	NA	NA	NA	4	2	2
15	77791108	78034336	6	3	3	2	e	3	2.32	2	0.044471385762	0.227047022252	5.231455	2.26668649	2.9647688	3	2	0.673173261515656	3	3	0.326826738484344	0.0574846687400723	0.0566529637709985	0.555506218990734	0.780780116413536	7	3	4	3	3	1	NA	NA	NA	6	2	4
15	78034337	78721860	4	2	2	2	e	4	2.32	2	0.0505260209597	0.218769759232	4.333909	2.166954627	2.1669546	2	2	0.841173214019657	3	2	0.158826785980343	0.0531765287268034	0.0551950007400771	0.717864839085318	0.933691053458555	6	3	3	2	2	1	NA	NA	NA	5	2	3
15	78721861	78767024	6	3	3	2	e	3	2.32	2	0.05	0.1	5.49807	2.749034952	2.749035	3	2	0.742216672953163	3	3	0.257783327046837	0.128606800673803	0.126855308192416	0.478004807051469	0.965404349314446	7	3	4	3	3	1	NA	NA	NA	5	2	3
15	78767025	91660653	4	2	2	2	d	3	2	2	0.0472485719627	0.249200121261	4.295581	2.147790534	2.1477905	2	2	0.738169371935332	3	2	0.261830628064668	0.010525909353139	0.0108707707830368	0.716016178591508	0.75926349425614	5	2	3	2	2	1	NA	NA	NA	4	2	2
15	91660654	100338800	4	2	2	2	d	3	2	2	0.0476793644855	0.241477308941	4.312408	2.156203778	2.1562038	2	2	0.750637497081266	3	2	0.249362502918734	0.0118828612989071	0.0120934244813293	0.752547524597737	0.799203580123656	5	2	3	2	2	1	NA	NA	NA	4	2	2
15	100338801	102399429	4	2	2	2	d	2	NA	NA	NA	NA	4.266478	2.133238965	2.133239	2	2	0.713298128864216	3	2	0.286701871135784	0.0231100904187249	0.0235208166828775	0.664943932294765	0.758697238225443	5	2	3	2	2	1	NA	NA	NA	4	2	2
16	34870	135122	3	2	1	2	d	3	1.81	1	0.05	0.1	NA	NA	NA	2	1	1	NA	NA	NA	NA	NA	NA	NA	NA	NA	NA	2	1	1	NA	NA	NA	3	1	2
16	135123	3179727	3	2	1	2	d	2	1.81	1	0.075030993932	0.209090848966	2.754876	0.868280841	1.8865949	2	0	0.122131263134288	2	1	0.877868736865712	0.0143562414938004	0.014271692346777	0.0697029381317208	0.125919518828881	4	1	3	2	1	1	NA	NA	NA	3	1	2
16	3179728	5820382	4	2	2	2	d	3	1.81	1.81	0.047171476095	0.202503209054	3.807516	1.903758217	1.9037582	2	2	1	NA	NA	NA	NA	NA	NA	NA	5	2	3	2	2	1	NA	NA	NA	4	2	2
16	5820383	11794342	4	2	2	2	d	4	1.81	1.81	0.048105611644	0.190534925349	3.751795	1.87589746	1.8758975	2	2	1	NA	NA	NA	NA	NA	NA	NA	4	2	2	2	2	1	NA	NA	NA	4	2	2
16	11794343	12193932	5	3	2	2	d	3	2	2	0.0610821614135	0.187097599384	4.75791	1.894873168	2.8630366	3	2	1	NA	NA	NA	NA	NA	NA	NA	6	3	3	3	2	1	NA	NA	NA	5	2	3
16	12193933	16291099	4	2	2	2	d	3	1.75	1.75	0.0485325320464	0.207231253128	3.762633	1.881316676	1.8813167	2	2	1	NA	NA	NA	NA	NA	NA	NA	5	2	3	2	2	1	NA	NA	NA	4	2	2
16	16291100	20447499	4	2	2	2	d	4	1.75	1.75	0.0473214883927	0.272141142742	3.764056	1.882027782	1.8820278	2	2	1	NA	NA	NA	NA	NA	NA	NA	4	2	2	2	2	1	NA	NA	NA	4	2	2
16	20447500	20548210	2	2	0	2	d	2	1.56	0	0.05	0.1	3.764056	1.882027782	1.8820278	1	0	0.639726182577312	2	0	0.360273817422688	0.151084148170308	0.160063903105048	0.225614003219795	0.854796579428239	2	0	2	2	0	1	NA	NA	NA	4	2	2
16	20548211	30477129	4	2	2	2	d	3	1.75	1.75	0.0483905387234	0.209543823142	3.764515	1.882257408	1.8822574	2	2	1	NA	NA	NA	NA	NA	NA	NA	5	2	3	2	2	1	NA	NA	NA	4	2	2
16	30477130	31740601	3	2	1	2	d	3	2	1	0.0746919867147	0.150230202974	2.799421	0.850815984	1.9486054	2	0	0.0909609502694479	2	1	0.909039049730552	0.0480680070677755	0.0466339355330735	0.0310394932811429	0.213602305180928	4	1	3	2	1	1	NA	NA	NA	3	1	2
16	31740602	34599999	3	2	1	2	d	4	2	1	0.0870238424182	0.269445538826	2.042121	0.771525025	1.2705959	2	1	1	NA	NA	NA	NA	NA	NA	NA	3	1	2	2	1	1	NA	NA	NA	2	1	1
16	34600000	38599999	3	2	1	2	d	2	2	1	0.05	0.30407951879	1.901067	0.589740598	1.3113269	1	0	0.741723711963061	1	1	0.258276288036939	0.0479561637027172	0.0507521219858358	0.568643249609711	0.763596920081515	2	1	1	1	0	0.614287	1	1	0.385713	3	1	2
16	38600000	46429999	3	2	1	1	g	NA	NA	NA	NA	NA	1.901067	0.589740598	1.3113269	NA	NA	NA	NA	NA	NA	NA	NA	NA	NA	NA	NA	NA	1	0	0.614287	1	1	0.385713	3	1	2
16	46430000	78881050	4	3	1	2	e	3	2.66	0.68	0.0715522703213	0.202403414367	3.363384	0.719442368	2.6439416	3	0	0.170983768388003	3	1	0.829016231611997	0.00457694620463418	0.00479767983484318	0.131568944118218	0.150291256215294	4	1	3	NA	NA	NA	NA	NA	NA	3	1	2
16	78881051	79089680	4	3	1	2	d	3	2.66	1	0.0752579599276	0.18902553021	3.789895	1.007554034	2.7823406	2	1	0.280549576812909	3	1	0.719450423187091	0.0955100810012377	0.0917486369306548	0.149232847903938	0.519399180003897	4	1	3	3	1	1	NA	NA	NA	4	1	3
16	79089681	88827200	4	3	1	2	d	3	2.82	0.68	0.0671007316011	0.211046916818	3.462888	0.715560256	2.7473279	3	0	0.211187171506301	3	1	0.788812828493699	0.00593353655012401	0.00594067391998992	0.179287875641484	0.201818403674904	4	1	3	3	1	1	NA	NA	NA	4	1	3
16	88827201	90354752	4	3	1	2	f	3	NA	NA	NA	NA	3.430022	0.673171088	2.7568506	3	0	0.22665001885949	3	1	0.77334998114051	0.0215291558240931	0.0211909547262696	0.154450982601258	0.239856653415285	5	1	4	NA	NA	NA	NA	NA	NA	4	1	3
17	1389	17652920	2	2	0	3	b	6	2	0	0.0715539165312	0.168737724739	2	0	2	2	0	1	NA	NA	NA	NA	NA	NA	NA	3	0	3	2	0	1	NA	NA	NA	2	0	2
17	17652921	21440767	4	2	2	2	d	3	2	2	0.0616989849109	0.384117470985	3.733862	1.866931157	1.8669312	2	1	0.308036033017256	2	2	0.691963966982744	0.027749081671174	0.0280166936448522	0.258890295030733	0.368898096944969	5	2	3	2	2	1	NA	NA	NA	4	2	2
17	21440768	25799999	4	2	2	2	d	4	2	2	0.0554752839047	0.349762000806	3.651112	1.825556037	1.825556	NA	NA	NA	NA	NA	NA	NA	NA	NA	NA	4	2	2	2	2	1	NA	NA	NA	4	2	2
17	25800000	32324512	4	2	2	3	b	6	2	2	0.0492842181018	0.211675598751	4	2	2	2	2	1	NA	NA	NA	NA	NA	NA	NA	5	2	3	2	2	1	NA	NA	NA	4	2	2
17	32324513	32325571	4	2	2	3	b	5	2	2	0.05	0.1	4	2	2	2	2	1	NA	NA	NA	NA	NA	NA	NA	NA	NA	NA	2	2	1	NA	NA	NA	4	2	2
17	32325572	50094023	4	2	2	3	b	6	2	2	0.0461466961385	0.301418512324	4	2	2	2	2	1	NA	NA	NA	NA	NA	NA	NA	5	2	3	2	2	1	NA	NA	NA	4	2	2
17	50094024	50098057	4	2	2	2	d	3	2	2	0.05	0.1	4	2	2	4	0	1	NA	NA	NA	NA	NA	NA	NA	NA	NA	NA	2	2	1	NA	NA	NA	2	0	2
17	50098058	65846640	4	2	2	3	a	6	2	2	0.0479544160391	0.22255489933	4	2	2	2	2	1	NA	NA	NA	NA	NA	NA	NA	4	2	2	2	2	1	NA	NA	NA	4	2	2
17	65846641	65846923	4	2	2	3	b	5	2	2	0.05	0.1	4	2	2	2	2	1	NA	NA	NA	NA	NA	NA	NA	NA	NA	NA	2	2	1	NA	NA	NA	4	2	2
17	65846924	68434920	4	2	2	3	a	6	2	2	0.0457388618978	0.18648876567	4	2	2	2	2	1	NA	NA	NA	NA	NA	NA	NA	4	2	2	2	2	1	NA	NA	NA	4	2	2
17	68434921	68434987	4	2	2	3	b	5	2	2	0.05	0.1	4	2	2	2	2	1	NA	NA	NA	NA	NA	NA	NA	NA	NA	NA	2	2	1	NA	NA	NA	4	2	2
17	68434988	80141917	4	2	2	3	b	6	2	2	0.0443992479947	0.230077167464	4	2	2	2	2	1	NA	NA	NA	NA	NA	NA	NA	5	2	3	2	2	1	NA	NA	NA	4	2	2
17	80141918	80147456	4	2	2	2	d	3	NA	NA	NA	NA	4	2	2	NA	NA	NA	NA	NA	NA	NA	NA	NA	NA	NA	NA	NA	2	2	1	NA	NA	NA	4	2	2
17	80147457	81195209	4	2	2	2	f	2	NA	NA	NA	NA	3.899974	1.949987269	1.9499873	NA	NA	NA	NA	NA	NA	NA	NA	NA	NA	6	3	3	2	2	1	NA	NA	NA	NA	NA	NA
18	10001	157064	2	2	0	2	d	3	2.19	0	0.05	0.250435447422	NA	NA	NA	2	0	1	NA	NA	NA	NA	NA	NA	NA	NA	NA	NA	2	0	1	NA	NA	NA	2	0	2
18	157065	15399999	2	2	0	2	d	5	2.19	0	0.0707614070109	0.174014008563	2	0	2	2	0	1	NA	NA	NA	NA	NA	NA	NA	2	0	2	2	0	1	NA	NA	NA	2	0	2
18	15400000	18999999	2	2	0	2	d	3	2.19	0	0.05	0.15237945997	2.129107	0.058079402	2.0710273	2	0	0.570983768388004	2	1	0.429016231611996	0.260086704168926	0.427794895300742	-1.35950848976616	0.242209754995489	2	0	2	2	0	1	NA	NA	NA	2	0	2
18	19000000	21124668	2	2	0	2	d	5	2.19	0	0.0618405567781	0.138077230658	2	0	2	2	0	1	NA	NA	NA	NA	NA	NA	NA	2	0	2	2	0	1	NA	NA	NA	2	0	2
18	21124669	21311948	4	2	2	2	d	3	2	2	0.05	0.342482114652	3.724612	1.862306185	1.8623062	2	1	0.109289871394666	2	2	0.890710128605334	0.213531709161983	0.180380390168201	0.104169429463554	0.816315445210446	4	2	2	2	2	1	NA	NA	NA	3	1	2
18	21311949	76117000	2	2	0	2	d	5	2.19	0	0.074733224852	0.152428448728	2	0	2	2	0	1	NA	NA	NA	NA	NA	NA	NA	2	0	2	2	0	1	NA	NA	NA	2	0	2
18	76117001	78077247	2	2	0	3	b	5	NA	NA	NA	NA	2	0	2	2	0	1	NA	NA	NA	NA	NA	NA	NA	2	0	2	2	0	1	NA	NA	NA	2	0	2
19	102500	260136	2	2	0	2	d	4	2	0	0.05	0.1	NA	NA	NA	2	0	1	NA	NA	NA	NA	NA	NA	NA	NA	NA	NA	2	0	1	NA	NA	NA	2	0	2
19	260137	1429469	2	2	0	3	b	6	2	0	0.103504574694	0.150613282666	2	0	2	2	0	1	NA	NA	NA	NA	NA	NA	NA	3	0	3	2	0	1	NA	NA	NA	2	0	2
19	1429470	1548699	2	2	0	2	d	3	2	0	0.05	0.1	1.087347	0.107464634	0.9798825	1	0	0.809153140323339	1	1	0.190846859676661	0.123918573104568	0.151606389345132	0.23964091291082	0.80086794945707	2	0	2	1	0	1	NA	NA	NA	2	0	2
19	1548700	24377499	2	2	0	3	b	6	2	0	0.0722410690275	0.146529281011	2	0	2	2	0	1	NA	NA	NA	NA	NA	NA	NA	3	0	3	2	0	1	NA	NA	NA	2	0	2
19	24377500	28599999	NA	NA	NA	NA	NA	NA	1.68	0.81	0.0859775480549	0.361818306188	2.048323	0.523019176	1.5253036	NA	NA	NA	NA	NA	NA	NA	NA	NA	NA	3	1	2	1	0	0.775417	1	1	0.224583	3	1	2
19	28600000	28849289	3	2	1	2	d	4	1.68	0.81	0.0634250156894	0.184590168011	3	1	2	2	0	0.0872024265967194	2	1	0.912797573403281	0.0341469767939734	0.0341475045228556	0.0325112366857945	0.16256305012396	3	1	2	2	1	1	NA	NA	NA	3	1	2
19	28849290	29069405	4	2	2	2	d	3	1.75	1.75	0.0388947343946	0.187032492095	3.828365	1.9141823	1.9141823	2	1	0.353077857503947	2	2	0.646922142496053	0.0445351048167206	0.0448710788780802	0.229349401091521	0.402754069055008	4	2	2	2	2	1	NA	NA	NA	4	2	2
19	29069406	29604283	3	2	1	2	d	4	2	1	0.06204129584	0.16396855431	2.814988	0.841782909	1.9732055	2	0	0.138394035063773	2	1	0.861605964936227	0.0409314142012423	0.0407364302555877	0.0715770559935076	0.236226826874672	3	1	2	2	1	1	NA	NA	NA	3	1	2
19	29604284	41472327	2	2	0	2	d	4	1.9	0	0.0772654802395	0.133780650888	2	0	2	2	0	1	NA	NA	NA	NA	NA	NA	NA	3	0	3	2	0	1	NA	NA	NA	2	0	2
19	41472328	43606702	3	2	1	2	d	3	2	1	0.070547209197	0.239119649029	2.854082	0.898166451	1.9559152	2	0	0.122131263134288	2	1	0.877868736865712	0.0306533268520373	0.0313121965704927	0.0442996399556107	0.168074900435697	4	2	2	2	1	1	NA	NA	NA	3	1	2
19	43606703	43836412	4	2	2	2	d	3	2	2	0.05	0.426947163513	2.854082	0.898166451	1.9559152	2	1	1	NA	NA	NA	NA	NA	NA	NA	4	2	2	2	2	1	NA	NA	NA	4	1	3
19	43836413	46485522	3	2	1	2	d	2	2	0.81	0.0757555481606	0.171647519962	2.901135	0.896953477	2.0041817	2	0	0.122131263134288	2	1	0.877868736865712	0.0144951827711182	0.014815799576847	0.0825205923819718	0.140372399486107	4	2	2	2	1	1	NA	NA	NA	3	1	2
19	46485523	54561725	2	2	0	3	b	6	2	0	0.0743129548158	0.191417678217	2	0	2	2	0	1	NA	NA	NA	NA	NA	NA	NA	3	0	3	2	0	1	NA	NA	NA	2	0	2
19	54561726	54774652	3	2	1	3	b	6	2	1	0.05	0.1	3	1	2	2	1	1	NA	NA	NA	NA	NA	NA	NA	4	2	2	2	1	1	NA	NA	NA	3	1	2
19	54774653	59128982	2	2	0	3	b	6	2	0	0.0748960236707	0.189448334617	2	0	2	2	0	1	NA	NA	NA	NA	NA	NA	NA	3	0	3	2	0	1	NA	NA	NA	2	0	2
20	29234	25599999	2	2	0	3	a	6	2	0	0.0738806512635	0.142641272982	2	0	2	2	0	1	NA	NA	NA	NA	NA	NA	NA	2	0	2	2	0	1	NA	NA	NA	2	0	2
20	25600000	29422139	NA	NA	NA	NA	NA	NA	2	0	0.05	0.170766958592	2	0	2	NA	NA	NA	NA	NA	NA	NA	NA	NA	NA	2	0	2	2	0	1	NA	NA	NA	3	1	2
20	29422140	29466954	3	2	1	2	d	3	NA	NA	NA	NA	NA	NA	NA	2	1	1	NA	NA	NA	NA	NA	NA	NA	NA	NA	NA	2	1	1	NA	NA	NA	3	1	2
20	29466955	38481163	3	2	1	3	b	6	2	1	0.0733406945542	0.190493610436	3	1	2	2	1	1	NA	NA	NA	NA	NA	NA	NA	4	2	2	2	1	1	NA	NA	NA	3	1	2
20	38481164	39056387	5	4	1	2	d	5	4	1	0.0545257690794	0.228432143085	4.887894	1.054469769	3.8334248	4	1	1	NA	NA	NA	NA	NA	NA	NA	5	1	4	4	1	1	NA	NA	NA	5	1	4
20	39056388	62432500	3	2	1	3	b	6	2	1	0.0692302863717	0.175600831309	3	1	2	2	1	1	NA	NA	NA	NA	NA	NA	NA	4	2	2	2	1	1	NA	NA	NA	3	1	2
21	1	10899999	NA	NA	NA	NA	NA	NA	NA	NA	NA	NA	NA	NA	NA	NA	NA	NA	NA	NA	NA	NA	NA	NA	NA	NA	NA	NA	1	0	1	NA	NA	NA	NA	NA	NA
21	10900000	14445390	1	1	0	1	h	1	NA	NA	NA	NA	NA	NA	NA	NA	NA	NA	NA	NA	NA	NA	NA	NA	NA	NA	NA	NA	1	0	1	NA	NA	NA	NA	NA	NA
21	14445391	15226962	2	2	0	1	h	1	0	0	0.05	0.449207271955	NA	NA	NA	NA	NA	NA	NA	NA	NA	NA	NA	NA	NA	NA	NA	NA	2	0	1	NA	NA	NA	NA	NA	NA
21	15226963	46937500	2	2	0	3	a	6	2	0	0.0754830114956	0.146714106586	2	0	2	2	0	1	NA	NA	NA	NA	NA	NA	NA	2	0	2	2	0	1	NA	NA	NA	2	0	2
21	46937501	48129894	2	2	0	2	d	4	NA	NA	NA	NA	2	0	2	2	0	1	NA	NA	NA	NA	NA	NA	NA	3	0	3	2	0	1	NA	NA	NA	2	0	2
22	1	12199999	2	2	0	1	g	NA	NA	NA	NA	NA	NA	NA	NA	NA	NA	NA	NA	NA	NA	NA	NA	NA	NA	NA	NA	NA	NA	NA	NA	NA	NA	NA	2	0	2
22	12200000	17899999	2	2	0	3	a	6	2	0	0.0653637957102	0.266676653105	2	0	2	2	0	1	NA	NA	NA	NA	NA	NA	NA	2	0	2	2	0	1	NA	NA	NA	2	0	2
22	17900000	31659652	2	2	0	3	b	6	2	0	0.074861060549	0.177433378543	2	0	2	2	0	1	NA	NA	NA	NA	NA	NA	NA	3	0	3	2	0	1	NA	NA	NA	2	0	2
22	31659653	31706666	4	4	0	1	g	NA	NA	NA	NA	NA	2	0	2	4	0	1	NA	NA	NA	NA	NA	NA	NA	NA	NA	NA	2	0	1	NA	NA	NA	4	0	4
22	31706667	49687500	2	2	0	3	b	6	2	0	0.0750399995586	0.148998578328	2	0	2	2	0	1	NA	NA	NA	NA	NA	NA	NA	3	0	3	2	0	1	NA	NA	NA	2	0	2
22	49687501	51304565	2	2	0	2	d	4	NA	NA	NA	NA	2	0	2	2	0	1	NA	NA	NA	NA	NA	NA	NA	3	0	3	2	0	1	NA	NA	NA	2	0	2
X	1	41595685	1	1	0	3	a	3	1	0	0.0662773970176	0.248546411717	1	0	1	NA	NA	NA	NA	NA	NA	NA	NA	NA	NA	1	0	1	NA	NA	NA	NA	NA	NA	2	1	1
X	41595686	41656662	2	2	0	1	h	1	1	0	0.05	0.1	2	0	2	NA	NA	NA	NA	NA	NA	NA	NA	NA	NA	2	0	2	NA	NA	NA	NA	NA	NA	2	1	1
X	41656663	58099999	1	1	0	3	a	3	1	0	0.05	0.227526020344	1	0	1	NA	NA	NA	NA	NA	NA	NA	NA	NA	NA	1	0	1	NA	NA	NA	NA	NA	NA	NA	NA	NA
X	58100000	62999999	1	1	0	2	e	2	0.19	0	0.05	0.470905505546	0.818288	0	0.818288	NA	NA	NA	NA	NA	NA	NA	NA	NA	NA	1	0	1	NA	NA	NA	NA	NA	NA	NA	NA	NA
X	63000000	155270559	1	1	0	3	a	3	1	0	0.05	0.235398591924	1	0	1	NA	NA	NA	NA	NA	NA	NA	NA	NA	NA	1	0	1	NA	NA	NA	NA	NA	NA	1	0	1
Y	1	11599999	2	2	0	1	h	1	NA	NA	NA	NA	1.544483	0	1.544483	NA	NA	NA	NA	NA	NA	NA	NA	NA	NA	NA	NA	NA	NA	NA	NA	NA	NA	NA	3	0	3
Y	11600000	13399999	NA	NA	NA	NA	NA	NA	NA	NA	NA	NA	1.223678	0	1.223678	NA	NA	NA	NA	NA	NA	NA	NA	NA	NA	NA	NA	NA	NA	NA	NA	NA	NA	NA	3	0	3
Y	13400000	59373565	1	1	0	1	h	1	NA	NA	NA	NA	1.451751	0	1.451751	NA	NA	NA	NA	NA	NA	NA	NA	NA	NA	NA	NA	NA	NA	NA	NA	NA	NA	NA	3	0	3
