chromosome	start	end	total_cn	major_cn	minor_cn	star	level	methods_agree	absolute_broad_major_cn	absolute_broad_minor_cn	absolute_broad_het_error	absolute_broad_cov_error	aceseq_copy_number	aceseq_minor_cn	aceseq_major_cn	battenberg_nMaj1_A	battenberg_nMin1_A	battenberg_frac1_A	battenberg_nMaj2_A	battenberg_nMin2_A	battenberg_frac2_A	battenberg_SDfrac_A	battenberg_SDfrac_A_BS	battenberg_frac1_A_0.025	battenberg_frac1_A_0.975	clonehd_copy_number	clonehd_minor_cn	clonehd_major_cn	sclust_nMaj1_A	sclust_nMin1_A	sclust_frac1_A	sclust_nMaj2_A	sclust_nMin2_A	sclust_frac2_A	jabba_copy_number	jabba_minor_cn	jabba_major_cn
1	10001	121499999	2	1	1	3	a	6	1	1	0.0389143356501	0.124686339591	2	1	1	1	1	1	NA	NA	NA	NA	NA	NA	NA	2	1	1	1	1	1	NA	NA	NA	2	1	1
1	121500000	128899999	2	1	1	3	b	5	1	1	0.05	0.1	2	1	1	1	1	1	NA	NA	NA	NA	NA	NA	NA	NA	NA	NA	1	1	1	NA	NA	NA	2	1	1
1	128900000	247247500	2	1	1	3	a	6	1	1	0.0402217643662	0.118378891644	2	1	1	1	1	1	NA	NA	NA	NA	NA	NA	NA	2	1	1	1	1	1	NA	NA	NA	2	1	1
1	247247501	249250620	2	1	1	3	b	5	NA	NA	NA	NA	2	1	1	1	1	1	NA	NA	NA	NA	NA	NA	NA	2	1	1	1	1	1	NA	NA	NA	2	1	1
2	20016	89887499	2	1	1	3	a	6	1	1	0.040028565011	0.109499341714	2	1	1	1	1	1	NA	NA	NA	NA	NA	NA	NA	2	1	1	1	1	1	NA	NA	NA	2	1	1
2	89887500	96799999	2	1	1	3	a	6	1	1	0.05	0.237321218977	2	1	1	1	1	1	NA	NA	NA	NA	NA	NA	NA	2	1	1	1	1	1	NA	NA	NA	2	1	1
2	96800000	242988297	2	1	1	3	a	6	1	1	0.0404801471901	0.108896254135	2	1	1	1	1	1	NA	NA	NA	NA	NA	NA	NA	2	1	1	1	1	1	NA	NA	NA	2	1	1
3	100074	87899999	2	1	1	3	a	6	1	1	0.0392277180332	0.107193174786	2	1	1	1	1	1	NA	NA	NA	NA	NA	NA	NA	2	1	1	1	1	1	NA	NA	NA	2	1	1
3	87900000	93899999	2	1	1	3	a	6	1	1	0.0699722235758	0.107886213992	2	1	1	1	1	1	NA	NA	NA	NA	NA	NA	NA	2	1	1	1	1	1	NA	NA	NA	2	1	1
3	93900000	197792892	2	1	1	3	a	6	1	1	0.0407360910813	0.112344410195	2	1	1	1	1	1	NA	NA	NA	NA	NA	NA	NA	2	1	1	1	1	1	NA	NA	NA	2	1	1
4	27500	48199999	2	1	1	3	a	6	1	1	0.0390393656131	0.115999578815	2	1	1	1	1	1	NA	NA	NA	NA	NA	NA	NA	2	1	1	1	1	1	NA	NA	NA	2	1	1
4	48200000	52699999	2	1	1	3	a	6	1	1	0.0436579583817	0.374799698434	2	1	1	1	1	1	NA	NA	NA	NA	NA	NA	NA	2	1	1	1	1	1	NA	NA	NA	2	1	1
4	52700000	191154275	2	1	1	3	a	6	1	1	0.0418459202061	0.116093351944	2	1	1	1	1	1	NA	NA	NA	NA	NA	NA	NA	2	1	1	1	1	1	NA	NA	NA	2	1	1
5	20722	46099999	2	1	1	3	a	6	1	1	0.0412454048376	0.109145576201	2	1	1	1	1	1	NA	NA	NA	NA	NA	NA	NA	2	1	1	1	1	1	NA	NA	NA	2	1	1
5	46100000	50699999	2	1	1	3	a	6	1	1	0.0302433583866	0.110722851799	2	1	1	1	1	1	NA	NA	NA	NA	NA	NA	NA	2	1	1	1	1	1	NA	NA	NA	2	1	1
5	50700000	180714439	2	1	1	3	a	6	1	1	0.0401551647247	0.106608740697	2	1	1	1	1	1	NA	NA	NA	NA	NA	NA	NA	2	1	1	1	1	1	NA	NA	NA	2	1	1
6	39681	201975	2	1	1	1	h	1	NA	NA	NA	NA	NA	NA	NA	NA	NA	NA	NA	NA	NA	NA	NA	NA	NA	NA	NA	NA	NA	NA	NA	NA	NA	NA	2	1	1
6	201976	58699999	2	1	1	3	a	6	1	1	0.0415530294967	0.106690411987	2	1	1	1	1	1	NA	NA	NA	NA	NA	NA	NA	2	1	1	1	1	1	NA	NA	NA	2	1	1
6	58700000	63299999	2	1	1	3	a	6	1	1	0.0501737367692	0.128492190263	2	1	1	1	1	1	NA	NA	NA	NA	NA	NA	NA	2	1	1	1	1	1	NA	NA	NA	2	1	1
6	63300000	170916135	2	1	1	3	a	6	1	1	0.0410658561	0.10862123773	2	1	1	1	1	1	NA	NA	NA	NA	NA	NA	NA	2	1	1	1	1	1	NA	NA	NA	2	1	1
7	54023	52218866	3	2	1	3	a	6	2	1	0.0510124417374	0.141116369725	3	1	2	2	1	1	NA	NA	NA	NA	NA	NA	NA	3	1	2	2	1	1	NA	NA	NA	3	1	2
7	52218867	52220718	3	2	1	3	a	6	2	1	0.05	0.1	3	1	2	2	1	1	NA	NA	NA	NA	NA	NA	NA	3	1	2	2	1	1	NA	NA	NA	3	1	2
7	52220719	57999999	3	2	1	3	a	6	2	1	0.0527400774522	0.216383981124	3	1	2	2	1	1	NA	NA	NA	NA	NA	NA	NA	3	1	2	2	1	1	NA	NA	NA	3	1	2
7	58000000	61699999	3	2	1	3	b	5	2	1	0.05	0.226749604468	3	1	2	NA	NA	NA	NA	NA	NA	NA	NA	NA	NA	3	1	2	2	1	1	NA	NA	NA	3	1	2
7	61700000	158817500	3	2	1	2	d	5	2	1	0.0516973925193	0.149446882581	3	1	2	1	1	0.0932197615730261	2	1	0.906780238426974	0.00249070419320856	0.00255241802594077	0.0881670738325365	0.0983305078857169	3	1	2	2	1	1	NA	NA	NA	3	1	2
8	576511	43099999	2	1	1	3	a	6	1	1	0.0431089812438	0.122629384421	2	1	1	1	1	1	NA	NA	NA	NA	NA	NA	NA	2	1	1	1	1	1	NA	NA	NA	2	1	1
8	43100000	48099999	2	1	1	2	d	5	1	1	0.0339088436466	0.147639247637	1.861232	0.9306158	0.9306158	1	1	1	NA	NA	NA	NA	NA	NA	NA	2	1	1	1	1	1	NA	NA	NA	2	1	1
8	48100000	146364021	2	1	1	3	a	6	1	1	0.0402461852848	0.111069213803	2	1	1	1	1	1	NA	NA	NA	NA	NA	NA	NA	2	1	1	1	1	1	NA	NA	NA	2	1	1
9	47500	47299999	2	1	1	3	a	6	1	1	0.0408037458779	0.121917874485	2	1	1	1	1	1	NA	NA	NA	NA	NA	NA	NA	2	1	1	1	1	1	NA	NA	NA	2	1	1
9	47300000	50699999	2	1	1	2	d	4	1	1	0.05	0.1	2	1	1	NA	NA	NA	NA	NA	NA	NA	NA	NA	NA	1	0	1	1	1	1	NA	NA	NA	2	1	1
9	50700000	66849971	2	1	1	2	d	3	1	1	0.05	0.259968291785	NA	NA	NA	NA	NA	NA	NA	NA	NA	NA	NA	NA	NA	NA	NA	NA	1	1	1	NA	NA	NA	2	1	1
9	66849972	140267500	2	1	1	3	a	6	1	1	0.0389545417929	0.110638049446	2	1	1	1	1	1	NA	NA	NA	NA	NA	NA	NA	2	1	1	1	1	1	NA	NA	NA	2	1	1
10	95074	27775890	2	1	1	3	a	6	1	1	0.0424391152665	0.100032743461	2	1	1	1	1	1	NA	NA	NA	NA	NA	NA	NA	2	1	1	1	1	1	NA	NA	NA	2	1	1
10	27775891	37999999	2	1	1	3	a	6	1	1	0.0421294778173	0.106486399347	2	1	1	1	1	1	NA	NA	NA	NA	NA	NA	NA	2	1	1	1	1	1	NA	NA	NA	2	1	1
10	38000000	42299999	2	1	1	2	d	4	1	1	0.05	0.327819384166	2.361188	1.1805942	1.1805942	1	1	1	NA	NA	NA	NA	NA	NA	NA	2	1	1	NA	NA	NA	NA	NA	NA	2	1	1
10	42300000	135389924	2	1	1	3	a	6	1	1	0.0401481090289	0.109025288674	2	1	1	1	1	1	NA	NA	NA	NA	NA	NA	NA	2	1	1	1	1	1	NA	NA	NA	2	1	1
11	20721	202071	2	1	1	2	d	3	NA	NA	NA	NA	NA	NA	NA	1	1	1	NA	NA	NA	NA	NA	NA	NA	NA	NA	NA	1	1	1	NA	NA	NA	2	1	1
11	202072	51599999	2	1	1	3	a	6	1	1	0.0408590004006	0.106693188761	2	1	1	1	1	1	NA	NA	NA	NA	NA	NA	NA	2	1	1	1	1	1	NA	NA	NA	2	1	1
11	51600000	55699999	2	1	1	3	a	6	1	1	0.0291781697719	0.167607449529	2	1	1	1	1	1	NA	NA	NA	NA	NA	NA	NA	2	1	1	1	1	1	NA	NA	NA	2	1	1
11	55700000	134442500	2	1	1	3	a	6	1	1	0.0392079434299	0.104088796205	2	1	1	1	1	1	NA	NA	NA	NA	NA	NA	NA	2	1	1	1	1	1	NA	NA	NA	2	1	1
12	110107	180022	3	2	1	2	d	2	NA	NA	NA	NA	NA	NA	NA	NA	NA	NA	NA	NA	NA	NA	NA	NA	NA	NA	NA	NA	2	1	1	NA	NA	NA	3	1	2
12	180023	11257175	3	2	1	2	d	5	1.83	0.91	0.0511315516535	0.130348046817	3	1	2	2	1	1	NA	NA	NA	NA	NA	NA	NA	3	1	2	2	1	1	NA	NA	NA	3	1	2
12	11257176	33299999	3	2	1	2	d	5	1.83	0.91	0.0530831927638	0.128116658578	3	1	2	2	1	1	NA	NA	NA	NA	NA	NA	NA	3	1	2	2	1	1	NA	NA	NA	3	1	2
12	33300000	38199999	3	2	1	2	d	4	1.83	0.91	0.0521516955365	0.177794581438	3	1	2	NA	NA	NA	NA	NA	NA	NA	NA	NA	NA	3	1	2	2	1	1	NA	NA	NA	3	1	2
12	38200000	132342500	3	2	1	2	d	5	1.83	0.91	0.0513195024377	0.131298828854	3	1	2	2	1	1	NA	NA	NA	NA	NA	NA	NA	3	1	2	2	1	1	NA	NA	NA	3	1	2
12	132342501	133851894	3	2	1	3	b	5	NA	NA	NA	NA	3	1	2	2	1	1	NA	NA	NA	NA	NA	NA	NA	3	1	2	2	1	1	NA	NA	NA	3	1	2
13	1	16299999	2	1	1	1	h	1	NA	NA	NA	NA	NA	NA	NA	NA	NA	NA	NA	NA	NA	NA	NA	NA	NA	NA	NA	NA	NA	NA	NA	NA	NA	NA	2	1	1
13	16300000	19499999	2	1	1	3	b	5	1	1	0.05	0.205140647834	NA	NA	NA	1	1	1	NA	NA	NA	NA	NA	NA	NA	2	1	1	1	1	1	NA	NA	NA	2	1	1
13	19500000	114137500	2	1	1	3	a	6	1	1	0.0420495896918	0.103873862576	2	1	1	1	1	1	NA	NA	NA	NA	NA	NA	NA	2	1	1	1	1	1	NA	NA	NA	2	1	1
13	114137501	115029867	2	1	1	3	b	5	NA	NA	NA	NA	2	1	1	1	1	1	NA	NA	NA	NA	NA	NA	NA	2	1	1	1	1	1	NA	NA	NA	2	1	1
14	1	16099999	2	1	1	1	h	1	NA	NA	NA	NA	NA	NA	NA	NA	NA	NA	NA	NA	NA	NA	NA	NA	NA	NA	NA	NA	NA	NA	NA	NA	NA	NA	2	1	1
14	16100000	19099999	2	1	1	2	f	2	1.54	1	0.05	0.0757958657019	NA	NA	NA	NA	NA	NA	NA	NA	NA	NA	NA	NA	NA	NA	NA	NA	NA	NA	NA	NA	NA	NA	2	1	1
14	19100000	20438078	2	1	1	2	d	2	1.54	1	0.0837702945172	0.305711813469	2.02424	0.6818131	1.3424269	1	1	1	NA	NA	NA	NA	NA	NA	NA	NA	NA	NA	NA	NA	NA	NA	NA	NA	2	1	1
14	20438079	106329989	2	1	1	3	a	6	1	1	0.0395596350068	0.107601585755	2	1	1	1	1	1	NA	NA	NA	NA	NA	NA	NA	2	1	1	1	1	1	NA	NA	NA	2	1	1
14	106329990	107349539	2	1	1	2	d	5	1	1	0.05	0.1	2	1	1	1	1	1	NA	NA	NA	NA	NA	NA	NA	2	1	1	2	1	0.347879	1	1	0.652121	2	1	1
15	1	15799999	2	1	1	1	h	1	NA	NA	NA	NA	NA	NA	NA	NA	NA	NA	NA	NA	NA	NA	NA	NA	NA	NA	NA	NA	NA	NA	NA	NA	NA	NA	2	1	1
15	15800000	20699999	2	1	1	2	d	3	1	1	0.05	0.235121257573	NA	NA	NA	1	1	1	NA	NA	NA	NA	NA	NA	NA	NA	NA	NA	1	0	0.361544	1	1	0.638456	2	1	1
15	20700000	100332500	2	1	1	3	a	6	1	1	0.0401715741342	0.111192202742	2	1	1	1	1	1	NA	NA	NA	NA	NA	NA	NA	2	1	1	1	1	1	NA	NA	NA	2	1	1
15	100332501	102531391	2	1	1	3	b	5	NA	NA	NA	NA	2	1	1	1	1	1	NA	NA	NA	NA	NA	NA	NA	2	1	1	1	1	1	NA	NA	NA	2	1	1
16	106704	33717499	2	1	1	3	a	6	1	1	0.0374321284772	0.123836919659	2	1	1	1	1	1	NA	NA	NA	NA	NA	NA	NA	2	1	1	1	1	1	NA	NA	NA	2	1	1
16	33717500	38599999	2	1	1	3	a	6	1	1	0.05	0.19374850934	2	1	1	1	1	1	NA	NA	NA	NA	NA	NA	NA	2	1	1	1	1	1	NA	NA	NA	2	1	1
16	38600000	81199571	2	1	1	3	a	6	1	1	0.0373914267154	0.109744000007	2	1	1	1	1	1	NA	NA	NA	NA	NA	NA	NA	2	1	1	1	1	1	NA	NA	NA	2	1	1
16	81199572	81351326	1	1	0	1	g	NA	2	1	0.05	0.1	1.986624	0.6252432	1.3613803	1	0	0.526874774550111	1	1	0.473125225449889	0.0169226514502634	0.0189917571643316	0.414687182716619	0.4884564252739	NA	NA	NA	1	0	0.573914	1	1	0.426086	2	1	1
16	81351327	88822500	2	1	1	3	a	6	1	1	0.036095904496	0.103716947434	2	1	1	1	1	1	NA	NA	NA	NA	NA	NA	NA	2	1	1	1	1	1	NA	NA	NA	2	1	1
16	88822501	90354752	2	1	1	3	b	5	NA	NA	NA	NA	2	1	1	1	1	1	NA	NA	NA	NA	NA	NA	NA	2	1	1	1	1	1	NA	NA	NA	2	1	1
17	2041	22199999	3	2	1	3	a	6	2	1	0.0506420506919	0.174483784728	3	1	2	2	1	1	NA	NA	NA	NA	NA	NA	NA	3	1	2	2	1	1	NA	NA	NA	3	1	2
17	22200000	25799999	3	2	1	3	a	6	2	1	0.0453912418888	0.346873295757	3	1	2	2	1	1	NA	NA	NA	NA	NA	NA	NA	3	1	2	2	1	1	NA	NA	NA	3	1	2
17	25800000	78772500	3	2	1	3	a	6	2	1	0.0492568229949	0.153505443403	3	1	2	2	1	1	NA	NA	NA	NA	NA	NA	NA	3	1	2	2	1	1	NA	NA	NA	3	1	2
17	78772501	81195209	3	2	1	3	b	5	NA	NA	NA	NA	3	1	2	2	1	1	NA	NA	NA	NA	NA	NA	NA	3	1	2	2	1	1	NA	NA	NA	3	1	2
18	49583	130030	2	1	1	2	d	4	1	1	0.05	0.1	NA	NA	NA	NA	NA	NA	NA	NA	NA	NA	NA	NA	NA	2	1	1	1	1	1	NA	NA	NA	2	1	1
18	130031	15399999	2	1	1	3	a	6	1	1	0.0417420292325	0.108402115979	2	1	1	1	1	1	NA	NA	NA	NA	NA	NA	NA	2	1	1	1	1	1	NA	NA	NA	2	1	1
18	15400000	18999999	2	1	1	2	d	5	1	1	0.05	0.134023873704	2	1	1	1	1	1	NA	NA	NA	NA	NA	NA	NA	2	1	1	1	0	0.284456	1	1	0.715544	2	1	1
18	19000000	76112500	2	1	1	3	a	6	1	1	0.0413168519803	0.115565075765	2	1	1	1	1	1	NA	NA	NA	NA	NA	NA	NA	2	1	1	1	1	1	NA	NA	NA	2	1	1
18	76112501	78077247	2	1	1	3	b	5	NA	NA	NA	NA	2	1	1	1	1	1	NA	NA	NA	NA	NA	NA	NA	2	1	1	1	1	1	NA	NA	NA	2	1	1
19	102500	274478	2	1	1	2	d	3	NA	NA	NA	NA	NA	NA	NA	1	1	1	NA	NA	NA	NA	NA	NA	NA	NA	NA	NA	1	1	1	NA	NA	NA	2	1	1
19	274479	22503445	2	1	1	3	a	6	1	1	0.0402595675422	0.117053606661	2	1	1	1	1	1	NA	NA	NA	NA	NA	NA	NA	2	1	1	1	1	1	NA	NA	NA	2	1	1
19	22503446	22924513	2	1	1	3	a	6	1	1	0.0425385007513	0.136679381726	2	1	1	1	1	1	NA	NA	NA	NA	NA	NA	NA	2	1	1	1	1	1	NA	NA	NA	2	1	1
19	22924514	24399999	2	1	1	3	a	6	1	1	0.0458824069625	0.112585904936	2	1	1	1	1	1	NA	NA	NA	NA	NA	NA	NA	2	1	1	1	1	1	NA	NA	NA	2	1	1
19	24400000	28599999	2	1	1	2	d	5	1	1	0.037807782883	0.122679918605	1.894581	0.9472907	0.9472907	1	1	1	NA	NA	NA	NA	NA	NA	NA	2	1	1	1	1	1	NA	NA	NA	2	1	1
19	28600000	59039998	2	1	1	3	a	6	1	1	0.038637813297	0.15039226876	2	1	1	1	1	1	NA	NA	NA	NA	NA	NA	NA	2	1	1	1	1	1	NA	NA	NA	2	1	1
20	17500	25599999	3	2	1	2	d	5	1.83	0.91	0.0495316629893	0.126683750766	3	1	2	2	1	1	NA	NA	NA	NA	NA	NA	NA	3	1	2	2	1	1	NA	NA	NA	3	1	2
20	25600000	29399999	3	2	1	2	d	5	1.83	0.91	0.0390972050654	0.154095181922	3	1	2	2	1	1	NA	NA	NA	NA	NA	NA	NA	3	1	2	2	1	1	NA	NA	NA	3	1	2
20	29400000	62385800	3	2	1	2	d	5	1.83	0.91	0.0493544655451	0.138879832533	3	1	2	2	1	1	NA	NA	NA	NA	NA	NA	NA	3	1	2	2	1	1	NA	NA	NA	3	1	2
21	1	10899999	NA	NA	NA	NA	NA	NA	1	1	0.05	0.364002404807	NA	NA	NA	NA	NA	NA	NA	NA	NA	NA	NA	NA	NA	NA	NA	NA	NA	NA	NA	NA	NA	NA	NA	NA	NA
21	10900000	14299999	3	2	1	1	g	NA	1	1	0.05	0.218287762847	NA	NA	NA	NA	NA	NA	NA	NA	NA	NA	NA	NA	NA	NA	NA	NA	2	0	0.450197	2	1	0.549803	NA	NA	NA
21	14300000	46937500	2	1	1	3	b	5	1	1	0.0429121534282	0.108272466883	2	1	1	1	1	1	NA	NA	NA	NA	NA	NA	NA	2	1	1	1	1	1	NA	NA	NA	NA	NA	NA
21	46937501	48129894	2	1	1	2	d	4	NA	NA	NA	NA	2	1	1	1	1	1	NA	NA	NA	NA	NA	NA	NA	2	1	1	1	1	1	NA	NA	NA	NA	NA	NA
22	1	12199999	2	1	1	1	h	1	NA	NA	NA	NA	NA	NA	NA	NA	NA	NA	NA	NA	NA	NA	NA	NA	NA	NA	NA	NA	NA	NA	NA	NA	NA	NA	2	1	1
22	12200000	17899999	2	1	1	3	b	5	1	1	0.0396013531081	0.195989177709	2	1	1	1	0	0.0542299349240788	1	1	0.945770065075921	0.0138183885343228	0.01420349333964	0.0209206313860249	0.0777885207261754	2	1	1	1	1	1	NA	NA	NA	2	1	1
22	17900000	49719998	2	1	1	3	a	6	1	1	0.0376667615115	0.134244709495	2	1	1	1	1	1	NA	NA	NA	NA	NA	NA	NA	2	1	1	1	1	1	NA	NA	NA	2	1	1
22	49719999	51304565	2	1	1	3	b	5	NA	NA	NA	NA	2	1	1	1	1	1	NA	NA	NA	NA	NA	NA	NA	2	1	1	1	1	1	NA	NA	NA	2	1	1
X	1	58099999	1	1	0	3	a	3	1	0	0.0596974016674	0.268577558741	1	0	1	NA	NA	NA	NA	NA	NA	NA	NA	NA	NA	1	0	1	NA	NA	NA	NA	NA	NA	1	0	1
X	58100000	62999999	1	1	0	3	a	3	1	0	0.05	0.279450023097	1	0	1	NA	NA	NA	NA	NA	NA	NA	NA	NA	NA	1	0	1	NA	NA	NA	NA	NA	NA	1	0	1
X	63000000	155270559	1	1	0	3	a	3	1	0	0.0888629284072	0.133616635934	1	0	1	NA	NA	NA	NA	NA	NA	NA	NA	NA	NA	1	0	1	NA	NA	NA	NA	NA	NA	1	0	1
Y	1	11599999	0	0	0	1	h	1	NA	NA	NA	NA	0	0	0	NA	NA	NA	NA	NA	NA	NA	NA	NA	NA	NA	NA	NA	NA	NA	NA	NA	NA	NA	2	0	2
Y	11600000	13399999	0	0	0	1	h	1	NA	NA	NA	NA	0.25415	0	0.25415	NA	NA	NA	NA	NA	NA	NA	NA	NA	NA	NA	NA	NA	NA	NA	NA	NA	NA	NA	2	0	2
Y	13400000	59373565	NA	NA	NA	NA	NA	NA	NA	NA	NA	NA	0	0	0	NA	NA	NA	NA	NA	NA	NA	NA	NA	NA	NA	NA	NA	NA	NA	NA	NA	NA	NA	2	0	2
