chromosome	start	end	total_cn	major_cn	minor_cn	star	level	methods_agree	absolute_broad_major_cn	absolute_broad_minor_cn	absolute_broad_het_error	absolute_broad_cov_error	aceseq_copy_number	aceseq_minor_cn	aceseq_major_cn	battenberg_nMaj1_A	battenberg_nMin1_A	battenberg_frac1_A	battenberg_nMaj2_A	battenberg_nMin2_A	battenberg_frac2_A	battenberg_SDfrac_A	battenberg_SDfrac_A_BS	battenberg_frac1_A_0.025	battenberg_frac1_A_0.975	clonehd_copy_number	clonehd_minor_cn	clonehd_major_cn	sclust_nMaj1_A	sclust_nMin1_A	sclust_frac1_A	sclust_nMaj2_A	sclust_nMin2_A	sclust_frac2_A	jabba_copy_number	jabba_minor_cn	jabba_major_cn
1	10001	7947149	4	3	1	2	e	3	3.36	1	0.0620542092585	0.318059774889	4.114205	0.95200362	3.162201	3	1	0.566409967984775	4	1	0.433590032015225	0.0205643371526693	0.0188406870324058	0.627464008657686	0.704405151058873	4	1	3	4	1	1	NA	NA	NA	NA	NA	NA
1	7947150	13105810	6	4	2	2	e	5	3.28	2	0.0562425138172	0.334747199377	5.128106	1.90988173	3.218224	3	2	0.612269620143637	4	2	0.387730379856363	0.0240718372357228	0.0225815987377515	0.625919121074249	0.718309262128053	6	2	4	4	3	0.305309	4	2	0.694691	NA	NA	NA
1	13105811	17755147	6	4	2	2	e	5	3.44	2	0.0582660901003	0.386685812562	5.013413	1.87614477	3.137268	3	2	0.575750399621098	4	2	0.424249600378902	0.0223217844213164	0.0223255337626571	0.546060270278664	0.632788596164265	6	2	4	4	2	0.494641	3	2	0.505359	NA	NA	NA
1	17755148	17770511	4	3	1	2	f	2	NA	NA	NA	NA	5.013413	1.87614477	3.137268	4	1	1	NA	NA	NA	NA	NA	NA	NA	4	1	3	4	2	0.494641	3	2	0.505359	NA	NA	NA
1	17770512	17836339	6	4	2	2	d	2	NA	NA	NA	NA	NA	NA	NA	4	2	1	NA	NA	NA	NA	NA	NA	NA	6	2	4	NA	NA	NA	NA	NA	NA	NA	NA	NA
1	17836340	19921229	4	3	1	1	g	NA	3.64	1	0.0517681866802	0.247516216479	4.068541	0.95217319	3.116368	3	1	0.670409542002522	4	1	0.329590457997478	0.0355377092173059	0.0337102814018127	0.672424543065091	0.807585144741978	4	1	3	4	1	0.419922	3	1	0.580078	NA	NA	NA
1	19921230	39307420	6	4	2	2	e	4	3.44	2	0.0591693119432	0.287723348285	5.027717	1.88275419	3.144962	3	2	0.656438140493513	4	2	0.343561859506487	0.00989179713702631	0.00929140870253302	0.637882975378372	0.673675919920471	6	2	4	4	3	0.381106	4	2	0.618894	NA	NA	NA
1	39307421	44251197	6	4	2	2	e	4	3.44	2	0.0603514866452	0.26418382024	5.009109	1.89227051	3.116838	3	2	0.656438140493513	4	2	0.343561859506487	0.00989179713702631	0.00929140870253302	0.637882975378372	0.673675919920471	6	2	4	4	3	0.381106	4	2	0.618894	NA	NA	NA
1	44251198	50613475	5	4	1	2	d	2	3.68	1	0.0604450501505	0.341402008765	4.053155	0.94042363	3.112732	3	1	0.593801589477988	4	1	0.406198410522012	0.0233591564247983	0.0240187441352624	0.545085786894072	0.638240904435612	5	1	4	4	1	1	NA	NA	NA	NA	NA	NA
1	50613476	51492657	4	3	1	2	e	4	3.68	1	0.0559050700272	0.220940028672	4	1	3	3	1	0.593801589477988	4	1	0.406198410522012	0.0233591564247983	0.0240187441352624	0.545085786894072	0.638240904435612	5	1	4	4	1	0.451358	3	1	0.548642	NA	NA	NA
1	51492658	71723824	3	3	0	2	e	3	3.36	0	0.0308178445238	0.185105918594	3	0	3	3	0	1	NA	NA	NA	NA	NA	NA	NA	4	0	4	4	0	1	NA	NA	NA	NA	NA	NA
1	71723825	71725520	3	3	0	2	d	2	3.36	0	0.05	0.1	3	0	3	3	0	1	NA	NA	NA	NA	NA	NA	NA	NA	NA	NA	4	0	1	NA	NA	NA	NA	NA	NA
1	71725521	121499999	3	3	0	2	d	3	3.36	0	0.0314203227511	0.190056300664	3	0	3	3	0	1	NA	NA	NA	NA	NA	NA	NA	4	0	4	3	0	1	NA	NA	NA	NA	NA	NA
1	121500000	128899999	3	3	0	2	d	2	3.36	0	0.05	0.1	3	0	3	NA	NA	NA	NA	NA	NA	NA	NA	NA	NA	3	1	2	3	0	1	NA	NA	NA	NA	NA	NA
1	128900000	143526938	3	3	0	2	f	2	3.36	0	0.05	0.45590846288	NA	NA	NA	NA	NA	NA	NA	NA	NA	NA	NA	NA	NA	NA	NA	NA	3	0	1	NA	NA	NA	NA	NA	NA
1	143526939	146482499	5	4	1	2	d	2	3	0.8	0.08288387416	0.250560496744	4.229536	0.98772031	3.241816	3	1	0.566409967984775	4	1	0.433590032015225	0.102378950765557	0.100616985940872	0.42783209093305	0.821221864320753	5	1	4	4	1	1	NA	NA	NA	NA	NA	NA
1	146482500	148022499	6	5	1	2	d	2	3.74	0.8	0.0457744968109	0.267816323092	5.070237	0.91287702	4.15736	4	1	0.359288123670331	5	1	0.640711876329669	0.0926682943559217	0.0869778426463645	0.261288876122029	0.600873907833087	6	1	5	5	1	1	NA	NA	NA	NA	NA	NA
1	148022500	149706742	5	4	1	2	d	3	NA	NA	NA	NA	5.070237	0.91287702	4.15736	4	1	1	NA	NA	NA	NA	NA	NA	NA	5	1	4	4	1	1	NA	NA	NA	NA	NA	NA
1	149706743	185150027	6	5	1	2	d	2	3.64	0.8	0.0497920975719	0.26212459113	5.090039	0.9261934	4.163845	4	1	0.349614951977156	5	1	0.650385048022843	0.0128738285958505	0.0127637422168575	0.378620682833435	0.427436320409692	6	1	5	5	1	1	NA	NA	NA	NA	NA	NA
1	185150028	194754132	4	3	1	2	e	1	3.64	0.8	0.055754783277	0.188100528007	4.882819	0.89105963	3.991759	4	1	0.361905810724718	5	1	0.638094189275282	0.0246042661038957	0.0236301017818129	0.421839665875988	0.512321683192867	7	1	6	5	1	1	NA	NA	NA	NA	NA	NA
1	194754133	194774293	3	3	0	2	f	3	3	0	0.05	0.1	4.882819	0.89105963	3.991759	3	0	1	NA	NA	NA	NA	NA	NA	NA	5	0	5	5	1	1	NA	NA	NA	NA	NA	NA
1	194774294	195095459	6	5	1	1	g	NA	3.36	0.72	0.0544113104898	0.18794460125	4.782667	0.88335501	3.899312	4	1	0.446185984993633	5	1	0.553814015006367	0.0739898752415252	0.0736488383651306	0.304953012436598	0.600898146208204	7	1	6	5	1	1	NA	NA	NA	NA	NA	NA
1	195095460	195135205	8	5	3	2	d	3	3	2	0.05	0.1	6.427227	2.43593622	3.991291	5	3	1	NA	NA	NA	NA	NA	NA	NA	8	3	5	5	3	1	NA	NA	NA	NA	NA	NA
1	195135206	195135224	8	5	3	1	g	NA	NA	NA	NA	NA	6.427227	2.43593622	3.991291	NA	NA	NA	NA	NA	NA	NA	NA	NA	NA	NA	NA	NA	5	3	1	NA	NA	NA	NA	NA	NA
1	195135225	195139238	6	5	1	1	g	NA	3.28	0.72	0.05	0.1	NA	NA	NA	NA	NA	1	NA	NA	NA	NA	NA	NA	NA	6	0	6	5	1	1	NA	NA	NA	NA	NA	NA
1	195139239	195139343	4	3	1	2	f	1	3.28	0.72	0.05	0.1	NA	NA	NA	NA	NA	NA	NA	NA	NA	NA	NA	NA	NA	NA	NA	NA	5	1	1	NA	NA	NA	NA	NA	NA
1	195139344	195588108	6	5	1	2	d	2	3.28	0.72	0.0691879797743	0.196465480559	4.872859	0.89558219	3.977277	5	1	1	NA	NA	NA	NA	NA	NA	NA	7	1	6	5	1	1	NA	NA	NA	NA	NA	NA
1	195588109	195589702	6	5	1	1	g	NA	NA	NA	NA	NA	4.872859	0.89558219	3.977277	NA	NA	NA	NA	NA	NA	NA	NA	NA	NA	NA	NA	NA	5	1	1	NA	NA	NA	NA	NA	NA
1	195589703	195590709	6	5	1	1	g	NA	NA	NA	NA	NA	NA	NA	NA	NA	NA	NA	NA	NA	NA	NA	NA	NA	NA	NA	NA	NA	5	1	1	NA	NA	NA	NA	NA	NA
1	195590710	195699980	7	5	2	2	f	3	3.44	1.56	0.0483881558392	0.205176663096	5.782732	1.72953482	4.053198	4	2	0.301635372501519	5	2	0.698364627498481	0.135984609916757	0.136783915844402	0.108124213327433	0.637414561622007	8	3	5	5	2	1	NA	NA	NA	NA	NA	NA
1	195699981	196035332	6	5	1	2	d	2	3.28	0.72	0.0456501478063	0.163604688281	4.707595	0.87291809	3.834677	4	1	0.651974462843547	5	1	0.348025537156453	0.078493658531041	0.0808713382833787	0.428198300585567	0.741209028794344	6	1	5	5	1	1	NA	NA	NA	NA	NA	NA
1	196035333	196069091	7	5	2	2	d	3	2	2	0.05	0.1	4.707595	0.87291809	3.834677	5	2	1	NA	NA	NA	NA	NA	NA	NA	7	2	5	5	2	1	NA	NA	NA	NA	NA	NA
1	196069092	196072681	7	5	2	1	g	NA	2	2	0.05	0.1	NA	NA	NA	5	1	1	NA	NA	NA	NA	NA	NA	NA	6	1	5	5	2	1	NA	NA	NA	NA	NA	NA
1	196072682	196078883	4	3	1	2	f	1	3.28	0.8	0.05	0.1	NA	NA	NA	9	0	1	NA	NA	NA	NA	NA	NA	NA	6	0	6	NA	NA	NA	NA	NA	NA	NA	NA	NA
1	196078884	196277574	6	5	1	2	d	2	3.28	0.8	0.0434822285237	0.199769238698	4.818815	0.90160113	3.917214	4	1	0.647053733667909	5	1	0.352946266332091	0.160174928065069	0.169039761957477	0.184159426534453	0.817251512556956	6	1	5	5	1	1	NA	NA	NA	NA	NA	NA
1	196277575	196281114	6	5	1	1	g	NA	NA	NA	NA	NA	4.818815	0.90160113	3.917214	4	0	1	NA	NA	NA	NA	NA	NA	NA	6	0	6	5	1	1	NA	NA	NA	NA	NA	NA
1	196281115	196299427	6	5	1	2	d	2	3.36	0.72	0.05	0.1	NA	NA	NA	5	1	1	NA	NA	NA	NA	NA	NA	NA	6	2	4	5	1	1	NA	NA	NA	NA	NA	NA
1	196299428	196302037	6	5	1	1	g	NA	3.36	0.72	0.05	0.1	NA	NA	NA	NA	NA	1	NA	NA	NA	NA	NA	NA	NA	NA	NA	NA	5	1	1	NA	NA	NA	NA	NA	NA
1	196302038	198061019	6	5	1	2	d	2	3.36	0.72	0.0522691858465	0.225931864046	4.923311	0.87233432	4.050976	5	1	1	NA	NA	NA	NA	NA	NA	NA	7	1	6	5	1	1	NA	NA	NA	NA	NA	NA
1	198061020	198224612	7	5	2	2	f	3	3.44	1.42	0.0494575348022	0.186265547183	5.890632	1.80214677	4.088486	4	2	0.548170392306001	5	2	0.451829607693999	0.147607650197057	0.141805889017943	0.362977519948595	0.9053789667476	8	3	5	5	2	1	NA	NA	NA	NA	NA	NA
1	198224613	198770172	6	5	1	1	g	NA	3.2	0.8	0.0571514758125	0.321966414818	5	1	4	4	1	0.522303330191262	5	1	0.477696669808738	0.118055399857191	0.115531618404727	0.336831659548	0.791645776256603	7	1	6	5	1	1	NA	NA	NA	NA	NA	NA
1	198770173	198853733	5	3	2	2	e	1	3	2	0.05	0.71086120079	5.738784	1.70810576	4.030678	5	2	1	NA	NA	NA	NA	NA	NA	NA	8	2	6	5	2	1	NA	NA	NA	NA	NA	NA
1	198853734	200035515	6	5	1	2	d	2	3.55	0.72	0.0485967604949	0.204150441739	5.09023	0.91601962	4.17421	5	1	1	NA	NA	NA	NA	NA	NA	NA	7	1	6	5	1	1	NA	NA	NA	NA	NA	NA
1	200035516	200039604	7	5	2	1	g	NA	4	1.56	0.05	0.1	5.09023	0.91601962	4.17421	5	0	1	NA	NA	NA	NA	NA	NA	NA	6	0	6	5	2	1	NA	NA	NA	NA	NA	NA
1	200039605	200039738	6	4	2	2	f	1	4	1.56	0.05	0.1	NA	NA	NA	NA	NA	NA	NA	NA	NA	NA	NA	NA	NA	NA	NA	NA	5	2	1	NA	NA	NA	NA	NA	NA
1	200039739	200114065	7	5	2	2	d	2	4	1.56	0.045678969861	0.259747224194	5.768834	1.68477751	4.084057	5	2	1	NA	NA	NA	NA	NA	NA	NA	8	2	6	5	2	1	NA	NA	NA	NA	NA	NA
1	200114066	200954147	6	5	1	2	d	2	3.64	0.8	0.0515599717449	0.20485556088	5.184674	0.96187694	4.222797	4	1	0.460232680705121	5	1	0.53976731929488	0.108573677013851	0.106669386387055	0.31302600005424	0.733100948792278	6	1	5	5	1	1	NA	NA	NA	NA	NA	NA
1	200954148	200955640	6	5	1	2	f	2	3.64	0.8	0.05	0.1	5.184674	0.96187694	4.222797	4	0	0.866774750322201	4	1	0.133225249677799	NA	0	0.866774750322201	0.866774750322201	NA	NA	NA	5	1	1	NA	NA	NA	NA	NA	NA
1	200955641	201032359	6	5	1	2	d	3	3.64	0.8	0.05	0.169639521391	5.246669	0.98119448	4.265474	5	1	1	NA	NA	NA	NA	NA	NA	NA	6	1	5	5	1	1	NA	NA	NA	NA	NA	NA
1	201032360	201034560	6	5	1	2	d	2	3.64	0.8	0.05	0.1	5.246669	0.98119448	4.265474	5	1	1	NA	NA	NA	NA	NA	NA	NA	5	0	5	5	1	1	NA	NA	NA	NA	NA	NA
1	201034561	201522730	6	5	1	2	d	3	3.64	0.8	0.0473090973469	0.234611981059	5.303105	0.93890265	4.364203	5	1	1	NA	NA	NA	NA	NA	NA	NA	6	1	5	5	1	1	NA	NA	NA	NA	NA	NA
1	201522731	201580206	6	5	1	1	g	NA	4	2	0.05	0.274453495042	5.303105	0.93890265	4.364203	5	2	1	NA	NA	NA	NA	NA	NA	NA	7	2	5	5	1	1	NA	NA	NA	NA	NA	NA
1	201580207	201582114	6	5	1	1	g	NA	NA	NA	NA	NA	NA	NA	NA	4	0	0.620770263518548	4	1	0.379229736481452	NA	0	0.620770263518548	0.620770263518548	NA	NA	NA	5	1	1	NA	NA	NA	NA	NA	NA
1	201582115	201584691	6	5	1	1	g	NA	NA	NA	NA	NA	NA	NA	NA	NA	NA	1	NA	NA	NA	NA	NA	NA	NA	5	0	5	5	1	1	NA	NA	NA	NA	NA	NA
1	201584692	201618046	6	5	1	2	d	3	4	1	0.05	0.1	NA	NA	NA	5	1	1	NA	NA	NA	NA	NA	NA	NA	6	1	5	5	1	1	NA	NA	NA	NA	NA	NA
1	201618047	201621024	8	6	2	1	g	NA	NA	NA	NA	NA	NA	NA	NA	4	0	1	NA	NA	NA	NA	NA	NA	NA	NA	NA	NA	6	2	1	NA	NA	NA	NA	NA	NA
1	201621025	201624096	8	6	2	1	g	NA	NA	NA	NA	NA	NA	NA	NA	4	1	1	NA	NA	NA	NA	NA	NA	NA	NA	NA	NA	6	2	1	NA	NA	NA	NA	NA	NA
1	201624097	201655686	6	4	2	2	f	2	4	1.45	0.05	0.1	NA	NA	NA	4	2	0.872496056045341	4	3	0.127503943954659	0.310563176659643	0.400481165764292	-0.883621321419282	0.70696401208932	7	2	5	6	2	1	NA	NA	NA	NA	NA	NA
1	201655687	201911532	5	5	0	2	d	3	4	0	0.0258528184838	0.168655311923	4.352545	0.02166522	4.330879	5	0	1	NA	NA	NA	NA	NA	NA	NA	5	0	5	5	0	1	NA	NA	NA	NA	NA	NA
1	201911533	213132026	6	5	1	2	d	3	3.74	0.8	0.0471215511257	0.232927764841	5.126192	0.92826624	4.197926	5	1	1	NA	NA	NA	NA	NA	NA	NA	6	1	5	5	1	1	NA	NA	NA	NA	NA	NA
1	213132027	213134656	3	2	1	2	f	0	3.74	0.8	0.05	0.1	5.126192	0.92826624	4.197926	4	0	1	NA	NA	NA	NA	NA	NA	NA	NA	NA	NA	5	1	1	NA	NA	NA	NA	NA	NA
1	213134657	214594677	6	5	1	2	d	3	3.74	0.8	0.048311073266	0.197714180916	5.067878	0.89804653	4.169831	5	1	1	NA	NA	NA	NA	NA	NA	NA	6	1	5	5	1	1	NA	NA	NA	NA	NA	NA
1	214594678	214596538	7	5	2	1	g	NA	NA	NA	NA	NA	5.067878	0.89804653	4.169831	4	0	0.918331746993166	4	1	0.081668253006834	NA	0	0.918331746993166	0.918331746993166	5	0	5	5	2	1	NA	NA	NA	NA	NA	NA
1	214596539	214730881	7	5	2	2	d	2	4	1.56	0.0523961785192	0.291483555928	5.985145	1.76626068	4.218885	5	2	1	NA	NA	NA	NA	NA	NA	NA	8	2	6	5	2	1	NA	NA	NA	NA	NA	NA
1	214730882	214733756	4	3	1	2	f	1	3.68	0.8	0.05	0.1	5.985145	1.76626068	4.218885	NA	NA	NA	NA	NA	NA	NA	NA	NA	NA	NA	NA	NA	5	1	1	NA	NA	NA	NA	NA	NA
1	214733757	214734640	6	5	1	1	g	NA	3.68	0.8	0.05	0.1	NA	NA	NA	NA	NA	NA	NA	NA	NA	NA	NA	NA	NA	NA	NA	NA	5	1	1	NA	NA	NA	NA	NA	NA
1	214734641	218460558	6	5	1	2	d	2	3.68	0.8	0.050379879946	0.211004430407	5	1	4	4	1	0.394681434051516	5	1	0.605318565948484	0.0332601596911872	0.0322837881757039	0.394253564569321	0.520842124679527	6	1	5	5	1	1	NA	NA	NA	NA	NA	NA
1	218460559	218622149	7	5	2	1	g	NA	4	1.72	0.0506846142778	0.231081091254	5.945594	1.83029678	4.115297	4	2	0.513933455909923	5	2	0.486066544090077	0.227350091176018	0.20171044441474	0.40975707213256	1.16606712045523	8	3	5	5	2	1	NA	NA	NA	NA	NA	NA
1	218622150	218623042	7	5	2	2	f	2	NA	NA	NA	NA	5.945594	1.83029678	4.115297	2	2	1	NA	NA	NA	NA	NA	NA	NA	NA	NA	NA	5	2	1	NA	NA	NA	NA	NA	NA
1	218623043	218626051	6	5	1	1	g	NA	NA	NA	NA	NA	NA	NA	NA	5	0	0.748376188159328	5	1	0.251623811840672	NA	0	0.748376188159328	0.748376188159328	NA	NA	NA	5	1	1	NA	NA	NA	NA	NA	NA
1	218626052	219250654	6	5	1	2	d	2	3.68	0.86	0.0453566386355	0.214675729464	5	1	4	4	1	0.581889280084629	5	1	0.418110719915371	0.0651022441978086	0.0650662266252293	0.400082937536792	0.652223449430988	6	1	5	5	1	1	NA	NA	NA	NA	NA	NA
1	219250655	219257957	5	4	1	2	f	2	3.68	0.86	0.05	0.1	5	1	4	4	1	1	NA	NA	NA	NA	NA	NA	NA	7	0	7	5	1	1	NA	NA	NA	NA	NA	NA
1	219257958	219258572	6	5	1	1	g	NA	3.68	0.86	0.05	0.1	NA	NA	NA	NA	NA	NA	NA	NA	NA	NA	NA	NA	NA	7	3	4	5	1	1	NA	NA	NA	NA	NA	NA
1	219258573	219263351	6	5	1	1	g	NA	3.68	0.86	0.05	0.1	NA	NA	NA	NA	NA	NA	NA	NA	NA	NA	NA	NA	NA	7	3	4	5	1	1	NA	NA	NA	NA	NA	NA
1	219263352	219380651	6	5	1	1	g	NA	3.68	0.86	0.05	0.208225650291	NA	NA	NA	5	2	1	NA	NA	NA	NA	NA	NA	NA	NA	NA	NA	5	1	1	NA	NA	NA	NA	NA	NA
1	219380652	220292256	4	3	1	2	e	1	3.64	0.8	0.0506215409924	0.309490684685	5.039257	0.90651621	4.132741	4	1	0.437695582886702	5	1	0.562304417113298	0.0581627788833672	0.0581702133333521	0.32536384905006	0.55092613007966	7	1	6	5	1	1	NA	NA	NA	NA	NA	NA
1	220292257	220293802	6	5	1	2	f	3	3.64	0.8	0.05	0.1	5.039257	0.90651621	4.132741	4	1	0.437695582886702	5	1	0.562304417113298	0.0581627788833672	0.0581702133333521	0.32536384905006	0.55092613007966	NA	NA	NA	5	1	1	NA	NA	NA	NA	NA	NA
1	220293803	220296068	6	5	1	2	f	2	3.64	0.8	0.05	0.1	NA	NA	NA	4	1	0.437695582886702	5	1	0.562304417113298	0.0581627788833672	0.0581702133333521	0.32536384905006	0.55092613007966	NA	NA	NA	5	1	1	NA	NA	NA	NA	NA	NA
1	220296069	220298204	6	5	1	2	f	2	3.64	0.8	0.05	0.1	NA	NA	NA	4	1	0.437695582886702	5	1	0.562304417113298	0.0581627788833672	0.0581702133333521	0.32536384905006	0.55092613007966	NA	NA	NA	5	1	1	NA	NA	NA	NA	NA	NA
1	220298205	220771049	6	5	1	2	d	2	3.64	0.8	0.065068102975	0.247130663026	5.072299	0.93719642	4.135102	4	1	0.437695582886702	5	1	0.562304417113298	0.0581627788833672	0.0581702133333521	0.32536384905006	0.55092613007966	6	1	5	5	1	1	NA	NA	NA	NA	NA	NA
1	220771050	220784680	7	5	2	2	d	2	3.64	0.8	0.05	0.1	5.072299	0.93719642	4.135102	5	2	1	NA	NA	NA	NA	NA	NA	NA	7	2	5	5	0	1	NA	NA	NA	NA	NA	NA
1	220784681	220784714	5	5	0	1	g	NA	3.64	0.8	0.05	0.1	NA	NA	NA	NA	NA	NA	NA	NA	NA	NA	NA	NA	NA	NA	NA	NA	5	0	1	NA	NA	NA	NA	NA	NA
1	220784715	220800848	5	5	0	2	d	2	3.64	0.8	0.05	0.1	NA	NA	NA	4	0	1	NA	NA	NA	NA	NA	NA	NA	5	0	5	5	0	1	NA	NA	NA	NA	NA	NA
1	220800849	220802222	6	5	1	1	g	NA	NA	NA	NA	NA	NA	NA	NA	6	1	1	NA	NA	NA	NA	NA	NA	NA	NA	NA	NA	5	1	1	NA	NA	NA	NA	NA	NA
1	220802223	220816324	6	5	1	1	g	NA	4	1	0.05	0.1	NA	NA	NA	5	2	1	NA	NA	NA	NA	NA	NA	NA	7	2	5	5	1	1	NA	NA	NA	NA	NA	NA
1	220816325	220893056	6	5	1	2	d	2	4	1	0.05	0.25562236682	5.196892	0.99286375	4.204028	4	1	0.600699637819984	5	1	0.399300362180016	0.138556046875937	0.145598565526444	0.189578783359671	0.771638232499952	6	1	5	5	1	1	NA	NA	NA	NA	NA	NA
1	220893057	220939043	7	5	2	2	d	3	4.36	0.72	0.05	0.1	5.196892	0.99286375	4.204028	5	2	1	NA	NA	NA	NA	NA	NA	NA	7	2	5	5	2	1	NA	NA	NA	NA	NA	NA
1	220939044	220946266	4	4	0	2	f	2	4.36	0.72	0.05	0.1	NA	NA	NA	4	0	1	NA	NA	NA	NA	NA	NA	NA	6	0	6	5	0	1	NA	NA	NA	NA	NA	NA
1	220946267	220947830	5	5	0	1	g	NA	4.36	0.72	0.05	0.1	NA	NA	NA	NA	NA	NA	NA	NA	NA	NA	NA	NA	NA	NA	NA	NA	5	0	1	NA	NA	NA	NA	NA	NA
1	220947831	220959412	12	12	0	1	g	1	4.36	0.72	0.05	0.1	NA	NA	NA	12	0	1	NA	NA	NA	NA	NA	NA	NA	5	0	5	6	1	0.99964	5	1	0.000360069	NA	NA	NA
1	220959413	221018568	4	3	1	2	e	0	4.36	0.72	0.0538939656425	0.270699613803	5.317243	0.86384828	4.453394	5	1	1	NA	NA	NA	NA	NA	NA	NA	7	1	6	6	1	0.99964	5	1	0.000360069	NA	NA	NA
1	221018569	221100428	7	5	2	2	d	2	4	1.56	0.0399122990854	0.273685503569	6.153776	1.74791385	4.405862	5	2	1	NA	NA	NA	NA	NA	NA	NA	8	3	5	5	2	1	NA	NA	NA	NA	NA	NA
1	221100429	221101489	7	5	2	2	f	2	NA	NA	NA	NA	6.153776	1.74791385	4.405862	NA	NA	NA	NA	NA	NA	NA	NA	NA	NA	NA	NA	NA	5	2	1	NA	NA	NA	NA	NA	NA
1	221101490	221103574	5	4	1	2	f	1	4	0.86	0.05	0.1	NA	NA	NA	4	2	1	NA	NA	NA	NA	NA	NA	NA	3	1	2	5	1	1	NA	NA	NA	NA	NA	NA
1	221103575	221103888	5	4	1	2	f	1	4	0.86	0.05	0.1	NA	NA	NA	NA	NA	NA	NA	NA	NA	NA	NA	NA	NA	NA	NA	NA	5	1	1	NA	NA	NA	NA	NA	NA
1	221103889	222058670	6	5	1	1	g	NA	4	0.86	0.0402031701105	0.221875050236	5.112034	0.92561169	4.186423	4	1	0.394681434051516	5	1	0.605318565948484	0.0670289487864801	0.0659874517935288	0.290821066050795	0.550561337087833	7	1	6	5	1	1	NA	NA	NA	NA	NA	NA
1	222058671	222078076	5	5	0	2	d	3	5	0	0.05	0.1	4.315051	0.02104032	4.29401	4	0	1	NA	NA	NA	NA	NA	NA	NA	5	0	5	5	0	1	NA	NA	NA	NA	NA	NA
1	222078077	223958377	6	5	1	2	d	3	4	0.86	0.051897086439	0.238784121677	5.099347	0.90154696	4.1978	5	1	1	NA	NA	NA	NA	NA	NA	NA	6	1	5	5	1	1	NA	NA	NA	NA	NA	NA
1	223958378	223958839	6	5	1	1	g	NA	4	0.86	0.05	0.1	5.099347	0.90154696	4.1978	3	0	0.950463843410737	3	1	0.0495361565892635	NA	0	0.950463843410737	0.950463843410737	NA	NA	NA	5	1	1	NA	NA	NA	NA	NA	NA
1	223958840	224615901	5	4	1	2	e	3	4	0.86	0.0468442225693	0.211927138422	5.320615	1.02540478	4.29521	4	1	0.538894176689443	5	1	0.461105823310557	0.0935088939025208	0.0941629379036019	0.35649977159349	0.734152538968686	7	1	6	5	1	1	NA	NA	NA	NA	NA	NA
1	224615902	224726432	7	5	2	2	d	2	4	0.86	0.05	0.285120024522	5.320615	1.02540478	4.29521	5	2	1	NA	NA	NA	NA	NA	NA	NA	7	2	5	5	1	1	NA	NA	NA	NA	NA	NA
1	224726433	225015729	6	5	1	2	d	2	4	0.86	0.0439321541841	0.215467339023	5.056034	0.92119815	4.134836	4	1	0.394681434051516	5	1	0.605318565948484	0.115740252033567	0.107853514302674	0.310352048646069	0.732959438928756	6	1	5	5	1	1	NA	NA	NA	NA	NA	NA
1	225015730	225015903	6	5	1	2	f	2	NA	NA	NA	NA	5.056034	0.92119815	4.134836	NA	NA	NA	NA	NA	NA	NA	NA	NA	NA	NA	NA	NA	5	1	1	NA	NA	NA	NA	NA	NA
1	225015904	225018143	7	5	2	1	g	NA	4	2	0.05	0.1	NA	NA	NA	4	0	0.339487284369173	4	1	0.660512715630827	NA	0	0.339487284369173	0.339487284369173	NA	NA	NA	5	2	1	NA	NA	NA	NA	NA	NA
1	225018144	225044608	7	5	2	1	g	NA	4	2	0.05	0.1	NA	NA	NA	4	2	1	NA	NA	NA	NA	NA	NA	NA	7	2	5	5	2	1	NA	NA	NA	NA	NA	NA
1	225044609	225046352	7	5	2	1	g	NA	NA	NA	NA	NA	NA	NA	NA	4	0	0.302665117535588	4	1	0.697334882464412	0.0679798961831891	0.0580351954521879	0.210029654649691	0.431392781175497	3	1	2	5	2	1	NA	NA	NA	NA	NA	NA
1	225046353	225048656	6	5	1	1	g	NA	4	0.8	0.05	0.1	NA	NA	NA	3	0	0.765534485704078	3	1	0.234465514295922	NA	0	0.765534485704078	0.765534485704078	NA	NA	NA	5	1	1	NA	NA	NA	NA	NA	NA
1	225048657	225537390	6	5	1	2	d	2	4	0.8	0.0340316277546	0.235158512027	5.163266	0.94143049	4.221835	5	1	1	NA	NA	NA	NA	NA	NA	NA	7	1	6	5	1	1	NA	NA	NA	NA	NA	NA
1	225537391	237784260	4	4	0	2	f	3	4	0	0.0234035499013	0.210553590468	4.30806	0.03063868	4.277422	4	0	1	NA	NA	NA	NA	NA	NA	NA	5	0	5	5	0	1	NA	NA	NA	NA	NA	NA
1	237784261	237817902	7	5	2	2	d	3	4	1.56	0.05	0.1	4.30806	0.03063868	4.277422	5	2	1	NA	NA	NA	NA	NA	NA	NA	7	2	5	5	2	1	NA	NA	NA	NA	NA	NA
1	237817903	237818128	6	4	2	2	f	1	4	1.56	0.05	0.1	NA	NA	NA	NA	NA	NA	NA	NA	NA	NA	NA	NA	NA	NA	NA	NA	5	2	1	NA	NA	NA	NA	NA	NA
1	237818129	237822564	6	4	2	2	f	1	4	1.56	0.05	0.1	NA	NA	NA	NA	NA	NA	NA	NA	NA	NA	NA	NA	NA	NA	NA	NA	5	2	1	NA	NA	NA	NA	NA	NA
1	237822565	237823567	6	4	2	2	f	1	4	1.56	0.05	0.1	NA	NA	NA	NA	NA	NA	NA	NA	NA	NA	NA	NA	NA	NA	NA	NA	5	2	1	NA	NA	NA	NA	NA	NA
1	237823568	238057670	7	5	2	2	d	2	4	1.56	0.0472848040793	0.197552492129	5.722793	1.765074	3.957719	4	2	0.438036221803645	5	2	0.561963778196355	0.110016922663114	0.108450734708621	0.30879738429395	0.735742037084168	7	2	5	5	2	1	NA	NA	NA	NA	NA	NA
1	238057671	238061777	6	5	1	1	g	NA	NA	NA	NA	NA	5.722793	1.765074	3.957719	NA	NA	NA	NA	NA	NA	NA	NA	NA	NA	NA	NA	NA	5	1	1	NA	NA	NA	NA	NA	NA
1	238061778	238062987	6	5	1	1	g	NA	NA	NA	NA	NA	NA	NA	NA	NA	NA	NA	NA	NA	NA	NA	NA	NA	NA	NA	NA	NA	5	1	1	NA	NA	NA	NA	NA	NA
1	238062988	238131349	5	4	1	2	f	2	3.64	0.86	0.05	0.157514562454	NA	NA	NA	4	1	1	NA	NA	NA	NA	NA	NA	NA	6	2	4	5	1	1	NA	NA	NA	NA	NA	NA
1	238131350	238154533	6	5	1	1	g	NA	3.64	0.86	0.05	0.1	NA	NA	NA	4	2	1	NA	NA	NA	NA	NA	NA	NA	7	3	4	5	1	1	NA	NA	NA	NA	NA	NA
1	238154534	238813385	6	5	1	2	d	2	3.64	0.86	0.0529501294793	0.224682496682	4.835444	0.87598873	3.959456	4	1	0.361905810724718	5	1	0.638094189275282	0.0849196395873535	0.0818644347154015	0.359563264831388	0.678491476480378	6	1	5	5	1	1	NA	NA	NA	NA	NA	NA
1	238813386	238908097	8	5	3	2	f	3	3	2	0.0584171895264	0.245567990368	6.71058	2.68317228	4.027408	4	3	0.593049295411488	5	3	0.406950704588512	0.120436087572125	0.124086650628731	0.215468287388569	0.701413975675791	8	4	4	5	3	1	NA	NA	NA	NA	NA	NA
1	238908098	238987258	6	4	2	2	f	3	3.44	1.49	0.0601651176234	0.175387687513	5.60581	1.70169285	3.904117	4	2	0.622616235892671	5	2	0.377383764107329	0.161359441659548	0.167894474344238	0.240484509472065	0.876745071587399	8	3	5	5	2	0.393781	4	2	0.606219	NA	NA	NA
1	238987259	239018674	6	5	1	2	d	3	3.44	1.49	0.05	0.1	5.60581	1.70169285	3.904117	5	1	1	NA	NA	NA	NA	NA	NA	NA	6	1	5	5	1	1	NA	NA	NA	NA	NA	NA
1	239018675	239087971	6	5	1	1	g	NA	3.44	1.49	0.05	0.275956977205	NA	NA	NA	4	2	1	NA	NA	NA	NA	NA	NA	NA	NA	NA	NA	5	1	1	NA	NA	NA	NA	NA	NA
1	239087972	239106441	6	5	1	1	g	NA	3.44	0.72	0.05	0.1	NA	NA	NA	NA	NA	1	NA	NA	NA	NA	NA	NA	NA	NA	NA	NA	5	1	1	NA	NA	NA	NA	NA	NA
1	239106442	239342058	6	5	1	2	d	2	3.44	0.72	0.0538454304321	0.179936804983	4.854894	0.93939978	3.915494	4	1	0.514858719583139	5	1	0.485141280416861	0.132568767515559	0.131187589895705	0.317248649640285	0.847744912044385	6	1	5	5	1	1	NA	NA	NA	NA	NA	NA
1	239342059	239380060	6	4	2	2	e	3	4	1.56	0.05	0.1	5.588717	1.63447361	3.954243	4	2	0.50371156279745	5	2	0.49628843720255	0.684762875000385	0.441223787085562	0.815000930314353	2.56336201743949	8	2	6	5	2	1	NA	NA	NA	NA	NA	NA
1	239380061	240092790	6	5	1	1	g	NA	3.55	0.86	0.0547310177643	0.191045127553	5	1	4	4	1	1	NA	NA	NA	NA	NA	NA	NA	6	1	5	5	1	1	NA	NA	NA	NA	NA	NA
1	240092791	240099581	6	5	1	1	g	NA	3	2	0.05	0.1	5	1	4	4	2	1	NA	NA	NA	NA	NA	NA	NA	6	2	4	5	1	1	NA	NA	NA	NA	NA	NA
1	240099582	240110714	6	5	1	2	d	3	3	2	0.05	0.1	5.114303	1.00759284	4.10671	5	1	1	NA	NA	NA	NA	NA	NA	NA	6	1	5	5	1	1	NA	NA	NA	NA	NA	NA
1	240110715	240111391	6	5	1	1	g	NA	NA	NA	NA	NA	5.114303	1.00759284	4.10671	3	1	1	NA	NA	NA	NA	NA	NA	NA	NA	NA	NA	5	1	1	NA	NA	NA	NA	NA	NA
1	240111392	240127957	6	5	1	2	d	2	3.68	0.86	0.0417427022718	0.1	5	1	4	4	1	0.664695761790727	5	1	0.335304238209273	0.074103442779228	0.075329873849972	0.514547691545703	0.808222020322762	6	1	5	5	1	1	NA	NA	NA	NA	NA	NA
1	240127958	240128209	6	5	1	1	g	NA	3.68	0.86	0.05	0.1	5	1	4	4	1	0.664695761790727	5	1	0.335304238209273	0.074103442779228	0.075329873849972	0.514547691545703	0.808222020322762	NA	NA	NA	5	1	1	NA	NA	NA	NA	NA	NA
1	240128210	240461752	6	5	1	2	d	2	3.68	0.86	0.0467750613261	0.209343356056	5	1	4	4	1	0.664695761790727	5	1	0.335304238209273	0.074103442779228	0.075329873849972	0.514547691545703	0.808222020322762	6	1	5	5	1	1	NA	NA	NA	NA	NA	NA
1	240461753	240822265	6	5	1	2	d	2	3.68	0.86	0.0583823607896	0.210400219444	5	1	4	4	1	0.664695761790727	5	1	0.335304238209273	0.074103442779228	0.075329873849972	0.514547691545703	0.808222020322762	6	1	5	5	1	1	NA	NA	NA	NA	NA	NA
1	240822266	240912032	4	4	0	2	f	3	4	0	0.05	0.160533806904	4.243611	0.05609029	4.187521	4	0	1	NA	NA	NA	NA	NA	NA	NA	5	0	5	5	0	1	NA	NA	NA	NA	NA	NA
1	240912033	241817843	6	5	1	2	d	3	4	0.86	0.0522908238653	0.221585095222	4.882323	0.90243814	3.979885	5	1	1	NA	NA	NA	NA	NA	NA	NA	6	1	5	5	1	1	NA	NA	NA	NA	NA	NA
1	241817844	241818038	6	5	1	2	d	2	4	0.86	0.05	0.1	4.882323	0.90243814	3.979885	5	1	1	NA	NA	NA	NA	NA	NA	NA	NA	NA	NA	5	1	1	NA	NA	NA	NA	NA	NA
1	241818039	242099866	6	5	1	2	d	3	4	0.86	0.0537274278857	0.185098614069	5.0156	0.88706429	4.128536	5	1	1	NA	NA	NA	NA	NA	NA	NA	6	1	5	5	1	1	NA	NA	NA	NA	NA	NA
1	242099867	242101178	6	5	1	2	f	2	NA	NA	NA	NA	5.0156	0.88706429	4.128536	5	5	1	NA	NA	NA	NA	NA	NA	NA	NA	NA	NA	5	1	1	NA	NA	NA	NA	NA	NA
1	242101179	242878562	7	5	2	2	d	2	4	1.72	0.0630274457932	0.259243287175	5.784209	1.73205693	4.052152	4	2	0.26790581465778	5	2	0.73209418534222	0.0559107460376422	0.0557722011191976	0.214717786263442	0.434998494895378	7	2	5	5	2	1	NA	NA	NA	NA	NA	NA
1	242878563	242879587	7	5	2	1	g	NA	4	1.72	0.05	0.1	5.784209	1.73205693	4.052152	NA	NA	NA	NA	NA	NA	NA	NA	NA	NA	NA	NA	NA	5	2	1	NA	NA	NA	NA	NA	NA
1	242879588	243042872	6	4	2	2	f	2	4	1.72	0.05	0.232040135179	NA	NA	NA	4	2	1	NA	NA	NA	NA	NA	NA	NA	7	3	4	5	1	1	NA	NA	NA	NA	NA	NA
1	243042873	243967682	6	5	1	2	d	2	4	0.8	0.0398178041234	0.217788541174	5	1	4	4	1	0.588813972217979	5	1	0.411186027782021	0.106272204274343	0.0999387549838403	0.475231868050385	0.871353129881711	6	1	5	5	1	1	NA	NA	NA	NA	NA	NA
1	243967683	244057060	7	5	2	2	d	3	3	3	0.05	0.272186862477	5	1	4	5	2	1	NA	NA	NA	NA	NA	NA	NA	7	2	5	5	2	1	NA	NA	NA	NA	NA	NA
1	244057061	244057665	7	5	2	1	g	NA	NA	NA	NA	NA	NA	NA	NA	NA	NA	NA	NA	NA	NA	NA	NA	NA	NA	NA	NA	NA	5	2	1	NA	NA	NA	NA	NA	NA
1	244057666	244061327	6	5	1	1	g	NA	NA	NA	NA	NA	NA	NA	NA	4	0	1	NA	NA	NA	NA	NA	NA	NA	NA	NA	NA	5	1	1	NA	NA	NA	NA	NA	NA
1	244061328	244855602	6	5	1	2	d	2	4	0.86	0.0564578939957	0.215874391363	5.051229	0.92588651	4.125342	4	1	0.408581457438312	5	1	0.591418542561688	0.117049824905439	0.115323848370289	0.279273627179756	0.714450694296451	6	1	5	5	1	1	NA	NA	NA	NA	NA	NA
1	244855603	245046564	8	6	2	2	d	2	4	0.86	0.05	0.248926166903	5.051229	0.92588651	4.125342	4	2	1	NA	NA	NA	NA	NA	NA	NA	8	2	6	6	2	1	NA	NA	NA	NA	NA	NA
1	245046565	245284112	5	4	1	2	e	3	4	0.86	0.0440667196108	0.233362856425	5.327413	1.03390364	4.293509	4	1	1	NA	NA	NA	NA	NA	NA	NA	7	1	6	5	1	1	NA	NA	NA	NA	NA	NA
1	245284113	245291694	5	4	1	2	f	2	4	0.86	0.05	0.1	5.327413	1.03390364	4.293509	NA	NA	NA	NA	NA	NA	NA	NA	NA	NA	NA	NA	NA	5	1	1	NA	NA	NA	NA	NA	NA
1	245291695	245520531	6	5	1	2	d	3	4	0.86	0.0512713072541	0.248861890276	5.289574	0.90548372	4.38409	5	1	1	NA	NA	NA	NA	NA	NA	NA	6	1	5	5	1	1	NA	NA	NA	NA	NA	NA
1	245520532	245532113	9	5	4	1	g	NA	3	2	0.05	0.1	5.289574	0.90548372	4.38409	6	3	1	NA	NA	NA	NA	NA	NA	NA	8	3	5	5	4	1	NA	NA	NA	NA	NA	NA
1	245532114	245532533	9	5	4	1	g	NA	3	2	0.05	0.1	NA	NA	NA	NA	NA	NA	NA	NA	NA	NA	NA	NA	NA	NA	NA	NA	5	4	1	NA	NA	NA	NA	NA	NA
1	245532534	245542951	8	5	3	2	d	2	NA	NA	NA	NA	NA	NA	NA	5	3	1	NA	NA	NA	NA	NA	NA	NA	8	3	5	5	4	1	NA	NA	NA	NA	NA	NA
1	245542952	245546115	9	5	4	1	g	NA	NA	NA	NA	NA	NA	NA	NA	5	3	1	NA	NA	NA	NA	NA	NA	NA	7	3	4	5	4	1	NA	NA	NA	NA	NA	NA
1	245546116	245547301	5	5	0	1	g	NA	NA	NA	NA	NA	NA	NA	NA	NA	NA	NA	NA	NA	NA	NA	NA	NA	NA	NA	NA	NA	5	0	1	NA	NA	NA	NA	NA	NA
1	245547302	246276612	4	4	0	2	f	3	4	0	0.0220135684179	0.206290119571	4.257115	0.02815319	4.228961	4	0	1	NA	NA	NA	NA	NA	NA	NA	5	0	5	5	0	1	NA	NA	NA	NA	NA	NA
1	246276613	246314416	7	5	2	2	d	3	4	2	0.05	0.1	5.412833	1.65720099	3.755632	5	2	1	NA	NA	NA	NA	NA	NA	NA	7	2	5	5	2	1	NA	NA	NA	NA	NA	NA
1	246314417	246317304	7	5	2	1	g	NA	NA	NA	NA	NA	5.412833	1.65720099	3.755632	NA	NA	NA	NA	NA	NA	NA	NA	NA	NA	6	0	6	5	2	1	NA	NA	NA	NA	NA	NA
1	246317305	246924217	6	5	1	2	d	2	4	0.86	0.0485656329431	0.275764041209	5.192295	0.9601368	4.232158	4	1	0.394681434051516	5	1	0.605318565948484	0.0742500860449301	0.073245743581371	0.25311181416595	0.541280326286579	6	1	5	5	1	1	NA	NA	NA	NA	NA	NA
1	246924218	247111132	7	5	2	1	g	NA	4	1.72	0.0443491865126	0.350257529726	6.09029	1.83053281	4.259758	4	2	0.29392575928009	5	2	0.70607424071991	0.108953191910332	0.101626104497844	0.243476826882139	0.63409416726614	8	3	5	5	2	1	NA	NA	NA	NA	NA	NA
1	247111133	247111190	7	5	2	1	g	NA	4	1.72	0.05	0.1	6.09029	1.83053281	4.259758	NA	NA	NA	NA	NA	NA	NA	NA	NA	NA	3	1	2	5	2	1	NA	NA	NA	NA	NA	NA
1	247111191	247112969	6	4	2	2	f	1	4	1.72	0.05	0.1	NA	NA	NA	NA	NA	NA	NA	NA	NA	NA	NA	NA	NA	NA	NA	NA	5	2	1	NA	NA	NA	NA	NA	NA
1	247112970	247142927	6	4	2	2	f	1	4	1.72	0.05	0.1	NA	NA	NA	5	2	1	NA	NA	NA	NA	NA	NA	NA	8	2	6	5	1	1	NA	NA	NA	NA	NA	NA
1	247142928	247147377	6	5	1	2	d	3	NA	NA	NA	NA	NA	NA	NA	5	1	1	NA	NA	NA	NA	NA	NA	NA	6	1	5	5	1	1	NA	NA	NA	NA	NA	NA
1	247147378	247247500	6	5	1	2	d	3	4	1	0.0260434978921	0.22179141647	5.399765	0.9482826	4.451482	5	1	1	NA	NA	NA	NA	NA	NA	NA	6	1	5	5	1	1	NA	NA	NA	NA	NA	NA
1	247247501	247963514	6	5	1	2	d	3	NA	NA	NA	NA	5.011457	0.89199378	4.119464	5	1	1	NA	NA	NA	NA	NA	NA	NA	6	1	5	5	1	1	NA	NA	NA	NA	NA	NA
1	247963515	247966129	6	5	1	1	g	NA	NA	NA	NA	NA	5.011457	0.89199378	4.119464	4	0	1	NA	NA	NA	NA	NA	NA	NA	NA	NA	NA	5	1	1	NA	NA	NA	NA	NA	NA
1	247966130	247990682	6	4	2	2	f	3	NA	NA	NA	NA	5.658691	1.80096307	3.857728	4	2	1	NA	NA	NA	NA	NA	NA	NA	7	2	5	5	2	0.366287	4	2	0.633713	NA	NA	NA
1	247990683	248220744	6	5	1	2	d	2	NA	NA	NA	NA	4.75783	0.95455313	3.803277	4	1	0.460232680705121	5	1	0.53976731929488	0.20398580629245	0.193460256721955	0.244308100349326	1.04443211949748	6	1	5	5	1	1	NA	NA	NA	NA	NA	NA
1	248220745	248239186	6	5	1	1	g	NA	NA	NA	NA	NA	4.75783	0.95455313	3.803277	5	2	1	NA	NA	NA	NA	NA	NA	NA	NA	NA	NA	5	1	1	NA	NA	NA	NA	NA	NA
1	248239187	249250620	6	5	1	2	d	3	NA	NA	NA	NA	4.814588	0.91257797	3.90201	5	1	1	NA	NA	NA	NA	NA	NA	NA	6	1	5	5	1	1	NA	NA	NA	NA	NA	NA
2	54536	90499999	4	2	2	2	e	5	1.72	1.64	0.0580917259501	0.17655993099	3.008325	1.35350516	1.65482	2	1	0.378471921779009	2	2	0.621528078220991	0.0027058359335051	0.00262547360685495	0.368380276778565	0.378987914239001	4	2	2	2	2	0.614727	2	1	0.385273	NA	NA	NA
2	90500000	96799999	4	2	2	2	e	3	1.72	1.64	0.0682875493425	0.22719793522	3.038081	1.36026967	1.677812	NA	NA	NA	NA	NA	NA	NA	NA	NA	NA	3	1	2	2	2	0.545412	2	1	0.454588	NA	NA	NA
2	96800000	242985695	4	2	2	2	e	4	1.64	1.64	0.0583280504236	0.198296312284	2.991093	1.35480282	1.63629	NA	NA	NA	NA	NA	NA	NA	NA	NA	NA	4	2	2	2	2	0.614727	2	1	0.385273	NA	NA	NA
3	62309	87899999	3	3	0	2	d	2	2.58	0	0.0383028097012	0.156580245722	2.395541	0.02803953	2.367502	2	0	1	NA	NA	NA	NA	NA	NA	NA	3	0	3	3	0	1	NA	NA	NA	NA	NA	NA
3	87900000	93899999	3	3	0	2	d	2	2.58	0	0.0358493088406	0.156565109751	2.412647	0.03129874	2.381348	2	0	1	NA	NA	NA	NA	NA	NA	NA	3	0	3	3	0	1	NA	NA	NA	NA	NA	NA
3	93900000	117192756	3	3	0	2	d	2	2.58	0	0.0411051615318	0.138941396475	2.321151	0.02824888	2.292902	2	0	1	NA	NA	NA	NA	NA	NA	NA	3	0	3	3	0	1	NA	NA	NA	NA	NA	NA
3	117192757	117612959	2	2	0	2	d	3	1.8	0	0.0584653098174	0.0825773945391	1.594871	0.01820735	1.576664	2	0	1	NA	NA	NA	NA	NA	NA	NA	2	0	2	2	0	1	NA	NA	NA	NA	NA	NA
3	117612960	129763203	3	3	0	2	d	2	2.58	0	0.0384921150974	0.218661322715	2.427305	0.02651117	2.400794	2	0	1	NA	NA	NA	NA	NA	NA	NA	3	0	3	3	0	1	NA	NA	NA	NA	NA	NA
3	129763204	139064528	3	3	0	2	d	2	2.58	0	0.0408719694406	0.138489707416	2.390988	0.02789264	2.363095	2	0	1	NA	NA	NA	NA	NA	NA	NA	3	0	3	3	0	1	NA	NA	NA	NA	NA	NA
3	139064529	198022429	4	4	0	2	d	2	3.84	0	0.0261828870653	0.209846965087	3.64275	0.02884696	3.613903	4	0	1	NA	NA	NA	NA	NA	NA	NA	5	0	5	4	0	1	NA	NA	NA	NA	NA	NA
4	29975	48199999	4	2	2	2	e	3	2.2	2	0.0517921217442	0.225966022732	3.717973	1.67864532	2.039328	2	2	0.569024857710457	3	2	0.430975142289543	0.00487118709555356	0.00498634617988704	0.559195943954682	0.578393589948851	5	2	3	2	2	1	NA	NA	NA	NA	NA	NA
4	48200000	52699999	4	2	2	2	f	2	2.2	2	0.05	0.418613184502	3.740114	1.64194151	2.098173	NA	NA	NA	NA	NA	NA	NA	NA	NA	NA	5	2	3	2	2	1	NA	NA	NA	NA	NA	NA
4	52700000	114019622	4	2	2	2	e	3	2.14	1.86	0.0523550957198	0.214608632509	3.663251	1.64689428	2.016356	2	1	0.371713494604381	2	2	0.628286505395619	0.00308265768996965	0.00311358292242461	0.365186986350283	0.377567134543569	5	2	3	2	2	1	NA	NA	NA	NA	NA	NA
4	114019623	114725703	3	2	1	2	d	4	2	1	0.0839137021297	0.138229434158	3	1	2	2	1	1	NA	NA	NA	NA	NA	NA	NA	4	1	3	2	1	1	NA	NA	NA	NA	NA	NA
4	114725704	116395323	4	2	2	2	d	2	2	2	0.0563113909276	0.191171698352	3.615187	1.63848232	1.976705	2	1	0.371713494604381	2	2	0.628286505395619	0.0164125314472411	0.0164543861408893	0.353188852452996	0.418519991392369	5	2	3	2	2	1	NA	NA	NA	NA	NA	NA
4	116395324	138354313	3	2	1	2	d	3	2.09	1	0.0781398911662	0.171512928568	3	1	2	2	1	1	NA	NA	NA	NA	NA	NA	NA	4	1	3	2	1	1	NA	NA	NA	NA	NA	NA
4	138354314	182866747	4	2	2	1	g	NA	2.2	1.86	0.0544044679483	0.214399145235	3.710723	1.65798296	2.05274	2	2	0.510212807109523	3	2	0.489787192890477	0.00548295688182027	0.00553665833783977	0.505962588108392	0.527614695287236	5	2	3	2	2	1	NA	NA	NA	NA	NA	NA
4	182866748	182944610	4	2	2	2	e	5	2.2	1.86	0.05	0.120465732657	3.082812	1.36429068	1.718521	2	1	0.346932594964088	2	2	0.653067405035912	0.0918208493511293	0.0880166721057599	0.152547902925938	0.497402181950854	4	2	2	2	2	0.659774	2	1	0.340226	NA	NA	NA
4	182944611	183167191	3	2	1	2	e	5	1.56	1	0.0489057636725	0.116893952115	2.468937	0.99611669	1.47282	1	1	0.508365650097931	2	1	0.491634349902069	0.0559249878975644	0.0549057838354311	0.426810321139419	0.646367632514332	3	1	2	2	1	0.564314	1	1	0.435686	NA	NA	NA
4	183167192	183709470	3	2	1	1	g	NA	2.36	1	0.0736667885946	0.178622201866	3.103189	0.98235289	2.120836	2	1	0.815168436036311	3	1	0.184831563963689	0.0567839488103637	0.0549279428877702	0.769505926868278	0.985489251746367	4	1	3	3	1	0.269845	2	1	0.730155	NA	NA	NA
4	183709471	190712427	4	2	2	2	e	3	2.28	1.86	0.0537543937958	0.219548876859	3.79314	1.69139073	2.101749	2	2	0.492785685831803	3	2	0.507214314168197	0.0117681458039305	0.0125118649490058	0.469296809522893	0.517660939416081	5	2	3	2	2	1	NA	NA	NA	NA	NA	NA
5	14676	46099999	5	3	2	2	e	4	2.64	1.16	0.0658125620178	0.198742839771	3.89591	1.1840948	2.711816	3	1	0.694351849121702	3	2	0.305648150878298	0.00298950026617756	0.0030501452252155	0.688584322363534	0.70049097622601	5	2	3	3	2	0.255652	3	1	0.744348	NA	NA	NA
5	46100000	50699999	5	3	2	1	g	NA	2.74	1	0.0681784971101	0.300507063866	3.78391	1.12801041	2.6559	NA	NA	NA	NA	NA	NA	NA	NA	NA	NA	5	2	3	3	2	0.215977	3	1	0.784023	NA	NA	NA
5	50700000	54057231	5	3	2	2	e	4	2.68	1	0.0665984687617	0.17872421494	3.750922	1.0815404	2.669381	3	1	0.797597415707649	3	2	0.202402584292351	0.0109667333030984	0.0110182043498471	0.743804785902034	0.786687656853918	5	2	3	3	2	0.18701	3	1	0.81299	NA	NA	NA
5	54057232	93236592	4	3	1	2	d	3	3	1	0.066632990981	0.21166718584	3.648482	0.94100673	2.707475	3	1	1	NA	NA	NA	NA	NA	NA	NA	5	1	4	3	1	1	NA	NA	NA	NA	NA	NA
5	93236593	94831545	4	3	1	2	d	3	3	1	0.0704700947938	0.179921329766	3.381662	0.91595864	2.465703	2	1	0.252807156501887	3	1	0.747192843498113	0.0461448373450576	0.0452027818708532	0.223810433577276	0.394714703248627	4	1	3	3	1	1	NA	NA	NA	NA	NA	NA
5	94831546	139795892	4	3	1	2	d	3	3	1	0.0648774389898	0.241511799546	3.627646	0.92649227	2.701154	3	1	1	NA	NA	NA	NA	NA	NA	NA	5	1	4	3	1	1	NA	NA	NA	NA	NA	NA
5	139795893	139802143	4	3	1	2	f	2	NA	NA	NA	NA	3.627646	0.92649227	2.701154	3	0	1	NA	NA	NA	NA	NA	NA	NA	NA	NA	NA	3	1	1	NA	NA	NA	NA	NA	NA
5	139802144	163858727	4	3	1	2	d	3	3	1	0.0642813290587	0.226197418363	3.713932	0.97561318	2.738318	3	1	1	NA	NA	NA	NA	NA	NA	NA	5	1	4	3	1	1	NA	NA	NA	NA	NA	NA
5	163858728	164106976	4	3	1	2	e	4	3	1	0.0653308307913	0.200509270099	3.375535	0.70406374	2.671472	3	0	0.265879095429815	3	1	0.734120904570185	0.0295489742843907	0.0299743459425734	0.204104402120908	0.322431319301552	5	1	4	3	0	0.261905	3	1	0.738095	NA	NA	NA
5	164106977	180712485	4	3	1	2	d	3	3.14	1	0.0644377522588	0.243299515234	3.789787	1.00965492	2.780132	3	1	1	NA	NA	NA	NA	NA	NA	NA	4	1	3	3	1	1	NA	NA	NA	NA	NA	NA
6	39681	205799	NA	NA	NA	NA	NA	NA	NA	NA	NA	NA	NA	NA	NA	NA	NA	NA	NA	NA	NA	NA	NA	NA	NA	NA	NA	NA	NA	NA	NA	NA	NA	NA	NA	NA	NA
6	205800	19611894	6	4	2	1	g	1	3.2	2	0.0559990273292	0.270652137657	5.494547	2.16267795	3.331869	4	2	0.434074119113486	4	3	0.565925880886514	0.00665196845691496	0.00666118058665402	0.392387976680556	0.418020057032548	7	3	4	NA	NA	NA	NA	NA	NA	NA	NA	NA
6	19611895	19613220	5	3	2	2	f	2	3.2	2	0.05	0.1	5.494547	2.16267795	3.331869	NA	NA	NA	NA	NA	NA	NA	NA	NA	NA	NA	NA	NA	NA	NA	NA	NA	NA	NA	NA	NA	NA
6	19613221	24801577	7	4	3	2	e	4	3.2	2	0.0611811188788	0.263645122335	5.550462	2.16380141	3.386661	4	2	0.42855844942459	4	3	0.57144155057541	0.0133927636559476	0.0133338404674889	0.414338091204075	0.465991322700798	7	3	4	4	3	0.58552	4	2	0.41448	NA	NA	NA
6	24801578	25643630	7	4	3	2	f	3	3	2	0.054568607907	0.242437349245	5.254533	2.10728647	3.147247	4	2	0.323760725335526	4	3	0.676239274664474	0.00830820481292865	0.00845750938219972	0.290112050450266	0.323391926858532	7	3	4	4	3	0.58552	4	2	0.41448	NA	NA	NA
6	25643631	25643650	6	4	2	1	g	1	3	2	0.05	0.1	5.254533	2.10728647	3.147247	4	2	0.323760725335526	4	3	0.676239274664474	0.00830820481292865	0.00845750938219972	0.290112050450266	0.323391926858532	NA	NA	NA	NA	NA	NA	NA	NA	NA	NA	NA	NA
6	25643651	31368027	7	4	3	2	f	3	3	2	0.0628983380461	0.421000470055	5.416216	2.20262052	3.213596	4	2	0.323760725335526	4	3	0.676239274664474	0.00830820481292865	0.00845750938219972	0.290112050450266	0.323391926858532	7	3	4	NA	NA	NA	NA	NA	NA	NA	NA	NA
6	31368028	38960863	7	4	3	2	d	2	3.14	2.14	0.0687672690439	0.269931167331	5.601327	2.25002774	3.3513	4	2	0.323760725335526	4	3	0.676239274664474	0.00830820481292865	0.00845750938219972	0.290112050450266	0.323391926858532	7	3	4	4	3	1	NA	NA	NA	NA	NA	NA
6	38960864	42318783	6	3	3	2	d	2	2.84	2.28	0.0483091965281	0.255009632436	4.914791	2.19773756	2.717054	3	2	0.597818837899158	3	3	0.402181162100842	0.0170625216342258	0.0170642851912741	0.537999326716329	0.603903974046427	6	3	3	3	3	1	NA	NA	NA	NA	NA	NA
6	42318784	42318831	5	3	2	2	f	0	2.84	2.28	0.05	0.1	4.914791	2.19773756	2.717054	NA	NA	NA	NA	NA	NA	NA	NA	NA	NA	NA	NA	NA	3	3	1	NA	NA	NA	NA	NA	NA
6	42318832	42666607	6	3	3	2	d	2	2.84	2.28	0.036433016427	0.240975837338	4.72875	2.20324143	2.525509	3	2	0.300831607563446	3	3	0.699168392436554	0.0845595194217001	0.0838305018462998	0.117353926295986	0.438991131209359	6	3	3	3	3	1	NA	NA	NA	NA	NA	NA
6	42666608	42680092	5	3	2	2	f	0	2.84	2.28	0.05	0.1	4.72875	2.20324143	2.525509	NA	NA	NA	NA	NA	NA	NA	NA	NA	NA	NA	NA	NA	3	3	1	NA	NA	NA	NA	NA	NA
6	42680093	42924739	6	3	3	2	d	2	2.84	2.28	0.05	0.236329818732	4.842007	2.42100347	2.421003	3	3	1	NA	NA	NA	NA	NA	NA	NA	5	2	3	3	3	1	NA	NA	NA	NA	NA	NA
6	42924740	58699999	6	3	3	2	d	2	2.84	2.28	0.0497516795105	0.247789952935	4.91907	2.15102349	2.768047	3	2	0.674099030890372	3	3	0.325900969109628	0.00780991556341065	0.0078078430507061	0.651925152735094	0.68179014689013	6	3	3	3	3	1	NA	NA	NA	NA	NA	NA
6	58700000	63299999	NA	NA	NA	NA	NA	NA	2.58	2.44	0.0498908405796	0.329812146776	4.923543	2.23991222	2.68363	NA	NA	NA	NA	NA	NA	NA	NA	NA	NA	7	3	4	3	3	1	NA	NA	NA	NA	NA	NA
6	63300000	71819292	6	3	3	2	e	3	2.58	2.44	0.0459133846566	0.264034618663	4.944567	2.27805949	2.666508	3	2	0.453175819085965	3	3	0.546824180914035	0.00894000050041951	0.00888798221364628	0.429476021384852	0.464694158341945	7	3	4	3	3	1	NA	NA	NA	NA	NA	NA
6	71819293	73274834	6	3	3	2	f	3	2.74	2.74	0.0358943631195	0.272204764613	5.2923	2.6461501	2.64615	3	2	0.148532723089885	3	3	0.851467276910115	0.0253652502589883	0.0255095136152712	0.102612130327056	0.206114490307215	7	3	4	3	3	1	NA	NA	NA	NA	NA	NA
6	73274835	139159641	6	3	3	2	d	2	2.79	2.2	0.0517434209784	0.256147057008	4.872599	2.13461099	2.737988	3	2	0.674099030890372	3	3	0.325900969109628	0.00392654137355042	0.00396827102851318	0.656840569229194	0.672007228258156	6	3	3	3	3	1	NA	NA	NA	NA	NA	NA
6	139159642	139180041	6	3	3	1	g	NA	2.79	2.2	0.05	0.1	4.872599	2.13461099	2.737988	3	1	1	NA	NA	NA	NA	NA	NA	NA	5	2	3	3	3	1	NA	NA	NA	NA	NA	NA
6	139180042	170778410	6	3	3	2	d	2	2.79	2.2	0.0516969719338	0.261916112515	4.937037	2.16292472	2.774113	3	2	0.684799015507676	3	3	0.315200984492324	0.0048820959609796	0.00493883613703571	0.664416857502619	0.683810361246313	6	3	3	3	3	1	NA	NA	NA	NA	NA	NA
7	40386	10983878	8	5	3	2	d	2	4	2.14	0.0557704858231	0.367998518311	6.539614	2.31583947	4.223774	5	2	0.309816168083889	5	3	0.690183831916112	0.00904483250717494	0.00915955834889508	0.270039892926377	0.306031238449018	8	3	5	5	3	1	NA	NA	NA	NA	NA	NA
7	10983879	10991806	8	5	3	1	g	NA	4	2.14	0.05	0.1	6.539614	2.31583947	4.223774	5	2	0.45610452539586	5	3	0.54389547460414	0.200434612655699	0.181880392771106	0.240875152825468	0.9313689225693	8	2	6	5	3	1	NA	NA	NA	NA	NA	NA
7	10991807	19837595	6	4	2	2	f	3	4	2.09	0.0566483108986	0.282162382739	6.209436	2.20261816	4.006818	4	2	0.823691637563305	4	3	0.176308362436695	0.00831373482501774	0.00823500405125079	0.794059192843967	0.826861187711158	8	3	5	NA	NA	NA	NA	NA	NA	NA	NA	NA
7	19837596	20104834	7	4	3	2	d	2	3.28	2	0.0595398619445	0.215552877671	5.660082	2.25350629	3.406575	4	2	0.323760725335526	4	3	0.676239274664474	0.0423042717517271	0.0433502534909879	0.251530617782271	0.42434720650416	7	3	4	4	3	1	NA	NA	NA	NA	NA	NA
7	20104835	27678716	8	5	3	2	d	2	4	2.2	0.0536344338917	0.284855228836	6.336711	2.25987194	4.076839	4	2	0.800703927846122	4	3	0.199296072153878	0.00901092001778581	0.00918542413057795	0.774698642307572	0.811086472693961	8	3	5	5	3	1	NA	NA	NA	NA	NA	NA
7	27678717	28920256	7	4	3	2	d	2	3.36	2.28	0.0512058547945	0.271666487242	5.663356	2.28825749	3.375099	4	2	0.255875559933708	4	3	0.744124440066292	0.0297977129225736	0.0301270681824985	0.222080700088563	0.340111355976351	7	3	4	4	3	1	NA	NA	NA	NA	NA	NA
7	28920257	37813887	8	5	3	2	d	2	4	2.2	0.0548128438198	0.302201363331	6.365947	2.26422162	4.101726	5	2	0.249230825970212	5	3	0.750769174029788	0.0109076205207232	0.0106693893477474	0.217763461345718	0.258909610393436	8	3	5	5	3	1	NA	NA	NA	NA	NA	NA
7	37813888	38930021	7	4	3	2	d	2	3.36	2.09	0.0510189862255	0.294547245059	5.65955	2.25329362	3.406256	4	2	0.416063769108921	4	3	0.583936230891079	0.0239188426494599	0.0244938105810445	0.315900820816274	0.414471419584473	7	3	4	4	3	1	NA	NA	NA	NA	NA	NA
7	38930022	39791348	8	5	3	2	d	2	4	2	0.0565745581351	0.260333577685	6.36082	2.22589284	4.134927	5	2	0.301099880657153	5	3	0.698900119342847	0.0403975559101276	0.0403641452503382	0.217230520495709	0.377943553509623	8	3	5	5	3	1	NA	NA	NA	NA	NA	NA
7	39791349	39803523	8	5	3	1	g	NA	5.28	2	0.05	0.1	6.36082	2.22589284	4.134927	NA	NA	NA	NA	NA	NA	NA	NA	NA	NA	NA	NA	NA	5	3	1	NA	NA	NA	NA	NA	NA
7	39803524	40707429	7	5	2	2	f	2	5.28	2	0.050677826168	0.351660808398	7.883386	2.28649373	5.596892	6	2	0.589138369053171	6	3	0.410861630946829	0.0349588744546253	0.0351825940731092	0.526363556139489	0.662569642771231	8	2	6	NA	NA	NA	NA	NA	NA	NA	NA	NA
7	40707430	42136229	9	6	3	1	g	NA	5	2.28	0.0513408537087	0.316628555849	7.073483	2.20585035	4.867633	5	2	0.758580452168758	5	3	0.241419547831242	0.0266263597794147	0.0264979390652326	0.676418573330753	0.781523975778885	8	3	5	6	3	0.706345	6	2	0.293655	NA	NA	NA
7	42136230	53350220	7	5	2	1	h	1	5.36	2.14	0.0455626997757	0.379803603312	7.689749	2.24411299	5.445636	6	2	0.565073265046118	6	3	0.434926734953882	0.00801426377743364	0.00770407408152069	0.525131036383183	0.555910632743022	8	2	6	6	3	0.706345	6	2	0.293655	NA	NA	NA
7	53350221	54592665	6	3	3	2	e	0	5	2.2	0.0580353520048	1.84611966557	7.657698	2.40879513	5.248903	6	2	0.266042065254658	6	3	0.733957934745342	0.026264683633111	0.0279556861287906	0.165956926268449	0.277555328647119	8	3	5	6	3	1	NA	NA	NA	NA	NA	NA
7	54592666	54626520	45	43	2	2	f	1	43	2.28	0.05	0.1	7.657698	2.40879513	5.248903	27	3	1	NA	NA	NA	NA	NA	NA	NA	8	0	8	25	3	1	NA	NA	NA	NA	NA	NA
7	54626521	54954862	45	43	2	2	f	1	43	2.28	0.0218890748208	0.919155141397	22.824984	2.32475186	20.500232	23	2	0.475608973195964	23	3	0.524391026804036	0.0325127683502828	0.0317388840404339	0.361752251715136	0.487433217565881	8	1	7	25	3	1	NA	NA	NA	NA	NA	NA
7	54954863	55234980	45	43	2	2	f	1	43	2.28	0.0181632528216	1.3612251845	25.040979	2.32780121	22.713178	25	2	0.517781513854355	25	3	0.482218486145645	0.0542344278292657	0.0557709190635677	0.351692903192333	0.574590102244375	8	1	7	28	3	1	NA	NA	NA	NA	NA	NA
7	55234981	55236743	45	43	2	2	f	1	43	2.28	0.05	0.1	25.040979	2.32780121	22.713178	NA	NA	NA	NA	NA	NA	NA	NA	NA	NA	NA	NA	NA	28	3	1	NA	NA	NA	NA	NA	NA
7	55236744	55319449	45	43	2	2	f	1	43	2.28	0.0201545599714	0.801496025579	23.422446	2.28684683	21.135599	23	2	0.581783775223053	23	3	0.418216224776947	0.0738927069830371	0.0716605305039609	0.45722507483578	0.743362686528356	8	1	7	26	3	1	NA	NA	NA	NA	NA	NA
7	55319450	55393947	45	43	2	2	f	1	43	2.28	0.0195573232947	1.00312799809	24.625166	2.18094546	22.444221	25	2	0.534969891759865	25	3	0.465030108240135	0.0876075941421644	0.0856950174643755	0.388509689948165	0.733109113318247	8	1	7	28	3	1	NA	NA	NA	NA	NA	NA
7	55393948	55450556	44	42	2	2	f	1	42	2.36	0.0190939867542	0.1	23.746083	2.19375557	21.552327	23	2	0.611128266494976	23	3	0.388871733505024	0.0455801861022219	0.0452553666902657	0.534291703247391	0.714011509450501	8	1	7	26	3	1	NA	NA	NA	NA	NA	NA
7	55450557	55882197	44	42	2	2	f	1	42	2.36	0.0230026747103	1.08395394053	22.64113	2.38448199	20.256648	23	2	0.383850223244879	23	3	0.616149776755121	0.0436263724842497	0.0441171713578663	0.292995352053488	0.46636132578039	8	1	7	26	3	1	NA	NA	NA	NA	NA	NA
7	55882198	56286158	37	34	3	1	g	NA	53	2	0.0169490045271	1.27254865608	29.703538	2.43772397	27.265814	29	2	0.474422524739055	29	3	0.525577475260945	0.0600088777977076	0.0618263753943209	0.249067722860178	0.487905764101202	8	1	7	34	3	1	NA	NA	NA	NA	NA	NA
7	56286159	56652052	34	31	3	1	g	NA	53	2	0.0199472661962	2.02727957945	27.561787	2.3601926	25.201595	28	2	0.371016846832354	28	3	0.628983153167646	0.0456325431147503	0.045929498291564	0.326293223020199	0.503433218473708	8	1	7	31	3	1	NA	NA	NA	NA	NA	NA
7	56652053	56799927	44	42	2	2	f	1	42	2.2	0.0141105734408	1.58932327615	23.771295	2.35232609	21.418969	23	2	0.566869204204894	23	3	0.433130795795106	0.0492559655802201	0.0500150085137485	0.464320969457661	0.659483544160623	8	1	7	25	3	1	NA	NA	NA	NA	NA	NA
7	56799928	57305689	44	42	2	2	f	1	42	2.2	0.05	2.44000334541	23.727477	2.12719225	21.600285	25	2	0.503113782236597	25	3	0.496886217763403	0.0570681887790215	0.0570746427937198	0.399818050652884	0.622615910369791	8	1	7	27	3	1	NA	NA	NA	NA	NA	NA
7	57305690	57363320	44	42	2	2	f	1	42	2.2	0.05	0.1	20	2	18	20	2	1	NA	NA	NA	NA	NA	NA	NA	8	1	7	23	3	1	NA	NA	NA	NA	NA	NA
7	57363321	57622211	44	42	2	2	f	1	42	2.2	0.0187095986688	1.15344226448	22.036243	2.2780533	19.75819	22	2	0.52952402967446	22	3	0.47047597032554	0.0319342559319311	0.0313284385029334	0.46715782738533	0.589711843458908	8	1	7	24	3	1	NA	NA	NA	NA	NA	NA
7	57622212	57706582	44	42	2	2	f	1	42	2.2	0.05	1.03904007487	22.036243	2.2780533	19.75819	22	2	0.52952402967446	22	3	0.47047597032554	0.0319342559319311	0.0313284385029334	0.46715782738533	0.589711843458908	8	1	7	23	3	1	NA	NA	NA	NA	NA	NA
7	57706583	57875595	44	42	2	2	f	1	42	2.2	0.05	0.802905776321	NA	NA	NA	22	2	0.52952402967446	22	3	0.47047597032554	0.0319342559319311	0.0313284385029334	0.46715782738533	0.589711843458908	8	1	7	23	3	1	NA	NA	NA	NA	NA	NA
7	57875596	57999999	44	42	2	2	f	1	42	2.2	0.05	3.26696123811	NA	NA	NA	19	2	1	NA	NA	NA	NA	NA	NA	NA	8	1	7	22	3	1	NA	NA	NA	NA	NA	NA
7	58000000	61729001	NA	NA	NA	NA	NA	NA	3	3	0.05	4.56074600236	NA	NA	NA	NA	NA	NA	NA	NA	NA	NA	NA	NA	NA	8	1	7	8	4	1	NA	NA	NA	NA	NA	NA
7	61729002	61944997	6	4	2	2	f	2	3	3	0.05	0.440112970931	NA	NA	NA	4	2	0.632638227913819	4	3	0.367361772086181	0.104440854415275	0.100573499621495	0.460370507002458	0.864809973063378	NA	NA	NA	4	2	1	NA	NA	NA	NA	NA	NA
7	61944998	119802901	4	3	1	1	g	NA	2.36	1	0.0726068067513	0.188703745193	3.200957	0.93923447	2.261723	2	1	0.557872573620606	3	1	0.442127426379394	0.0059538303348744	0.00564908635214078	0.563796120971274	0.585956273355608	4	1	3	3	1	0.53061	2	1	0.46939	NA	NA	NA
7	119802902	137058598	3	2	1	2	f	2	2.28	0.26	0.0534496058024	0.143311210833	2.468429	0.23333421	2.235095	2	0	0.829280955265208	2	1	0.170719044734792	0.00180332647330017	0.00179915318070337	0.809837331746776	0.816728554467766	3	0	3	3	1	0.53061	2	1	0.46939	NA	NA	NA
7	137058599	158821400	4	3	1	1	g	NA	2.28	1	0.0722031875526	0.180666073508	3.162322	0.92764392	2.234678	2	1	0.553883283644159	3	1	0.446116716355841	0.00889959438374949	0.00895429854319834	0.536177221752581	0.570284772244155	4	1	3	3	1	0.543433	2	1	0.456567	NA	NA	NA
8	10001	167499	3	3	0	2	d	2	NA	NA	NA	NA	NA	NA	NA	NA	NA	NA	NA	NA	NA	NA	NA	NA	NA	3	0	3	3	0	1	NA	NA	NA	NA	NA	NA
8	167500	39229007	3	3	0	2	d	2	2.79	0	0.041238562836	0.183273814501	2.35305	0.02931219	2.323738	2	0	1	NA	NA	NA	NA	NA	NA	NA	3	0	3	3	0	1	NA	NA	NA	NA	NA	NA
8	39229008	43099999	3	3	0	2	d	2	2.79	0	0.0387677019946	0.155411032419	2.309566	0.02786272	2.281703	2	0	1	NA	NA	NA	NA	NA	NA	NA	3	0	3	3	0	1	NA	NA	NA	NA	NA	NA
8	43100000	48099999	NA	NA	NA	NA	NA	NA	2	1.56	0.152900143287	0.532049281151	3.431567	1.1005732	2.330994	NA	NA	NA	NA	NA	NA	NA	NA	NA	NA	4	1	3	3	1	0.117707	2	1	0.882293	NA	NA	NA
8	48100000	89969076	5	3	2	2	d	2	2	1.56	0.0549747556502	0.222187504108	4.004991	1.71902976	2.285961	2	2	0.337500848971798	3	2	0.662499151028202	0.00574142320594778	0.00588310783282489	0.326024520313645	0.348722760988634	5	2	3	3	2	1	NA	NA	NA	NA	NA	NA
8	89969077	90014361	6	4	2	1	g	NA	3	1	0.05	0.1	4.760002	1.69015007	3.069852	3	2	0.693847628291868	3	3	0.306152371708132	0.268955586387642	0.317033439677225	-0.523630386527697	0.709659327157564	7	3	4	4	2	1	NA	NA	NA	NA	NA	NA
8	90014362	146364021	5	3	2	2	d	2	2	1.49	0.056227960235	0.195162207913	4.044429	1.73602861	2.3084	2	2	0.306134810071824	3	2	0.693865189928176	0.00517198373782501	0.00512608393303071	0.317648874555101	0.337939303522402	5	2	3	3	2	1	NA	NA	NA	NA	NA	NA
9	42500	203760	4	4	0	2	d	2	4	0	0.05	0.1	NA	NA	NA	NA	NA	NA	NA	NA	NA	NA	NA	NA	NA	4	0	4	3	0	1	NA	NA	NA	NA	NA	NA
9	203761	8653379	4	4	0	2	d	3	4	0	0.0280311932061	0.204512565955	3.346724	0.03156323	3.315161	3	0	1	NA	NA	NA	NA	NA	NA	NA	4	0	4	4	0	1	NA	NA	NA	NA	NA	NA
9	8653380	9017898	3	3	0	2	d	3	3.14	0	0.0277866888813	0.147957617601	2.639727	0.0257967	2.61393	3	0	1	NA	NA	NA	NA	NA	NA	NA	3	0	3	3	0	1	NA	NA	NA	NA	NA	NA
9	9017899	9588200	4	4	0	2	d	3	4	0	0.0284707358978	0.201600186405	3.212379	0.02828653	3.184093	3	0	1	NA	NA	NA	NA	NA	NA	NA	4	0	4	4	0	1	NA	NA	NA	NA	NA	NA
9	9588201	9684104	6	6	0	2	d	3	6	0	0.05	0.33527326025	3.212379	0.02828653	3.184093	6	0	1	NA	NA	NA	NA	NA	NA	NA	7	0	7	6	0	1	NA	NA	NA	NA	NA	NA
9	9684105	41969601	4	4	0	2	d	2	3.55	0	0.027736376578	0.226167110698	3.387138	0.03052084	3.356618	3	0	1	NA	NA	NA	NA	NA	NA	NA	4	0	4	4	0	1	NA	NA	NA	NA	NA	NA
9	41969602	47299999	3	3	0	2	e	3	3.55	0	0.05	1.12354437986	3.387138	0.03052084	3.356618	3	0	1	NA	NA	NA	NA	NA	NA	NA	3	1	2	2	0	1	NA	NA	NA	NA	NA	NA
9	47300000	50699999	3	3	0	2	f	1	3.55	0	0.05	0.1	NA	NA	NA	NA	NA	NA	NA	NA	NA	NA	NA	NA	NA	3	1	2	2	0	1	NA	NA	NA	NA	NA	NA
9	50700000	68996201	3	3	0	2	f	1	3.55	0	0.05	0.487615894854	NA	NA	NA	NA	NA	NA	NA	NA	NA	NA	NA	NA	NA	NA	NA	NA	2	0	1	NA	NA	NA	NA	NA	NA
9	68996202	140273200	4	4	0	2	d	2	3.55	0	0.0305215604015	0.19081790404	3.171487	0.02928717	3.1422	3	0	1	NA	NA	NA	NA	NA	NA	NA	4	0	4	4	0	1	NA	NA	NA	NA	NA	NA
10	95074	37999999	3	3	0	2	d	4	3	0	0.035427339965	0.160455741495	2.69275	0.02966294	2.663087	3	0	1	NA	NA	NA	NA	NA	NA	NA	3	0	3	3	0	1	NA	NA	NA	NA	NA	NA
10	38000000	42299999	3	3	0	2	d	3	3	0	0.033662407741	0.177945079487	2.458745	0.02278042	2.435964	3	0	1	NA	NA	NA	NA	NA	NA	NA	3	0	3	NA	NA	NA	NA	NA	NA	NA	NA	NA
10	42300000	135339482	3	3	0	2	d	4	3	0	0.034818119631	0.181876834884	2.649874	0.02840187	2.621472	3	0	1	NA	NA	NA	NA	NA	NA	NA	3	0	3	3	0	1	NA	NA	NA	NA	NA	NA
11	20721	202071	4	3	1	2	d	3	3	1	0.05	0.1	NA	NA	NA	3	1	1	NA	NA	NA	NA	NA	NA	NA	NA	NA	NA	3	1	1	NA	NA	NA	NA	NA	NA
11	202072	51599999	4	3	1	2	d	4	3	1	0.069883217376	0.212478994089	3.237233	0.80441858	2.432814	3	1	1	NA	NA	NA	NA	NA	NA	NA	4	1	3	3	1	1	NA	NA	NA	NA	NA	NA
11	51600000	55699999	4	3	1	2	d	4	3	1	0.076875513351	0.217801197617	2.953366	0.77402489	2.179341	3	1	1	NA	NA	NA	NA	NA	NA	NA	4	1	3	3	1	1	NA	NA	NA	NA	NA	NA
11	55700000	126577514	4	3	1	2	d	3	2.44	0.8	0.0687900797785	0.203847538203	3.240899	0.80781008	2.433089	3	1	1	NA	NA	NA	NA	NA	NA	NA	4	1	3	3	1	1	NA	NA	NA	NA	NA	NA
11	126577515	131787499	5	3	2	1	g	NA	2.44	1.26	0.0693577918597	0.173837956106	3.684261	1.2737019	2.410559	3	1	0.444497923336507	3	2	0.555502076663493	0.0107558291119825	0.0103676934040902	0.401673581364179	0.443962124913841	4	1	3	3	2	0.531881	3	1	0.468119	NA	NA	NA
11	131787500	134208041	3	2	1	2	e	4	2.36	1	0.0725159856605	0.164042735447	3.360508	1.05903103	2.301477	2	1	0.820077560235042	3	1	0.179922439764958	0.0237764364794326	0.0230252983520515	0.792725956778136	0.881925533142249	4	1	3	3	1	0.280671	2	1	0.719329	NA	NA	NA
11	134208042	134264565	2	1	1	2	d	4	1	1	0.05	0.101565466535	3.360508	1.05903103	2.301477	1	1	1	NA	NA	NA	NA	NA	NA	NA	2	1	1	1	1	1	NA	NA	NA	NA	NA	NA
12	110107	16157840	4	3	1	1	g	NA	2.36	1	0.074078329582	0.185470127752	3.040868	0.89852438	2.142344	2	1	0.564491471440959	3	1	0.435508528559041	0.0073393567442599	0.00743276387652974	0.549724934775582	0.579270744504079	4	1	3	3	1	0.53061	2	1	0.46939	NA	NA	NA
12	16157841	18960001	4	3	1	1	g	NA	2.36	1	0.0860786313467	0.169386731445	2.949163	0.84981262	2.099351	2	1	0.564491471440959	3	1	0.435508528559041	0.0073393567442599	0.00743276387652974	0.549724934775582	0.579270744504079	4	1	3	3	1	0.554294	2	1	0.445706	NA	NA	NA
12	18960002	18960045	3	2	1	2	e	3	2.36	1	0.05	0.1	2.949163	0.84981262	2.099351	2	1	0.564491471440959	3	1	0.435508528559041	0.0073393567442599	0.00743276387652974	0.549724934775582	0.579270744504079	NA	NA	NA	3	1	0.554294	2	1	0.445706	NA	NA	NA
12	18960046	24444818	4	3	1	1	g	NA	2.36	1	0.077925332639	0.158533482073	2.951109	0.86428003	2.086829	2	1	0.564491471440959	3	1	0.435508528559041	0.0073393567442599	0.00743276387652974	0.549724934775582	0.579270744504079	4	1	3	3	1	0.562961	2	1	0.437039	NA	NA	NA
12	24444819	33299999	4	3	1	1	g	NA	2.36	1	0.0730193294079	0.167222463713	3.012089	0.88257412	2.129515	2	1	0.564491471440959	3	1	0.435508528559041	0.0073393567442599	0.00743276387652974	0.549724934775582	0.579270744504079	4	1	3	3	1	0.554294	2	1	0.445706	NA	NA	NA
12	33300000	38199999	NA	NA	NA	NA	NA	NA	2.36	1	0.0787875024773	0.261882390472	3.029643	0.88784011	2.141802	NA	NA	NA	NA	NA	NA	NA	NA	NA	NA	4	1	3	3	1	0.496387	2	1	0.503613	NA	NA	NA
12	38200000	132349400	3	2	1	1	g	NA	2.36	1	0.0766826843638	0.178419227881	2.94232	0.87857446	2.063746	2	1	0.635844005672177	3	1	0.364155994327823	0.00450920364995733	0.00453961776584715	0.626614330483406	0.644795535566371	4	1	3	3	1	0.458718	2	1	0.541282	NA	NA	NA
12	132349401	133851894	3	2	1	1	g	NA	NA	NA	NA	NA	3.112976	0.95881515	2.154161	2	1	0.64800553776932	3	1	0.35199446223068	0.0290033655491068	0.0285955238383832	0.640708080068145	0.7510386305867	3	1	2	3	1	0.402162	2	1	0.597838	NA	NA	NA
13	1	16299999	NA	NA	NA	NA	NA	NA	NA	NA	NA	NA	NA	NA	NA	NA	NA	NA	NA	NA	NA	NA	NA	NA	NA	NA	NA	NA	NA	NA	NA	NA	NA	NA	NA	NA	NA
13	16300000	19499999	3	3	0	2	d	2	2.64	0	0.05	0.232251254012	NA	NA	NA	3	0	1	NA	NA	NA	NA	NA	NA	NA	4	0	4	3	0	1	NA	NA	NA	NA	NA	NA
13	19500000	28780199	4	4	0	2	d	2	2.64	0	0.0304290057883	0.147395763664	3.13296	0.03039978	3.10256	3	0	1	NA	NA	NA	NA	NA	NA	NA	4	0	4	4	0	1	NA	NA	NA	NA	NA	NA
13	28780200	28792026	2	2	0	2	f	1	2.64	0	0.05	0.1	3.13296	0.03039978	3.10256	4	3	1	NA	NA	NA	NA	NA	NA	NA	NA	NA	NA	4	0	1	NA	NA	NA	NA	NA	NA
13	28792027	28968864	4	4	0	2	d	2	2.64	0	0.0294307552086	0.160043610481	3.210412	0.042102	3.16831	3	0	1	NA	NA	NA	NA	NA	NA	NA	4	0	4	4	0	1	NA	NA	NA	NA	NA	NA
13	28968865	29136737	6	3	3	1	g	1	2.44	2.36	0.0520354965775	0.191906118976	5.541963	2.58274062	2.959222	3	3	0.543467322994878	4	3	0.456532677005122	0.114230684193601	0.119547854717753	0.0835586075973007	0.544705715269699	7	3	4	4	0	1	NA	NA	NA	NA	NA	NA
13	29136738	29900795	4	4	0	2	d	2	2.68	0	0.0269034961106	0.122780279164	3.104057	0.02965869	3.074399	3	0	1	NA	NA	NA	NA	NA	NA	NA	4	0	4	4	0	1	NA	NA	NA	NA	NA	NA
13	29900796	30387640	7	4	3	2	d	2	2.36	2.36	0.0384418427424	0.450427600849	5.601887	2.56028036	3.041606	3	3	0.383680886043098	4	3	0.616319113956902	0.0543772288945774	0.0524893972522082	0.285204680136634	0.494727971863363	7	3	4	4	3	1	NA	NA	NA	NA	NA	NA
13	30387641	30412701	6	4	2	2	f	0	2.28	2.28	0.05	0.1	5.601887	2.56028036	3.041606	NA	NA	1	NA	NA	NA	NA	NA	NA	NA	4	0	4	4	3	1	NA	NA	NA	NA	NA	NA
13	30412702	30412994	4	2	2	1	h	1	2.28	2.28	0.05	0.1	NA	NA	NA	NA	NA	NA	NA	NA	NA	NA	NA	NA	NA	NA	NA	NA	NA	NA	NA	NA	NA	NA	NA	NA	NA
13	30412995	31052362	7	4	3	2	f	3	2.28	2.28	0.03520018051	0.227343483395	5.63603	2.55097824	3.085052	3	3	0.229601107553857	4	3	0.770398892446143	0.0462719073882774	0.0463145425358197	0.181313269583535	0.356847962258906	7	3	4	NA	NA	NA	NA	NA	NA	NA	NA	NA
13	31052363	31704201	4	4	0	2	d	2	2.58	0	0.0280931689261	0.143470330169	3.133019	0.02541066	3.107609	3	0	1	NA	NA	NA	NA	NA	NA	NA	4	0	4	4	0	1	NA	NA	NA	NA	NA	NA
13	31704202	33164350	7	4	3	2	d	2	2.44	2.28	0.042930966615	0.220716876433	5.51834	2.48195001	3.03639	3	3	0.33965809218902	4	3	0.66034190781098	0.0345567577378941	0.0338403272450334	0.326549369515018	0.456604984420125	7	3	4	4	3	1	NA	NA	NA	NA	NA	NA
13	33164351	34167510	4	4	0	2	d	2	2.64	0	0.0268648581685	0.143839507056	3.111395	0.04788899	3.063506	3	0	1	NA	NA	NA	NA	NA	NA	NA	4	0	4	4	0	1	NA	NA	NA	NA	NA	NA
13	34167511	35613230	4	4	0	1	g	NA	2.64	2	0.0482575020876	0.331895386856	5.217372	2.18441791	3.032954	3	2	0.847438781690749	3	3	0.152561218309251	0.0198917915672123	0.0206505640893903	0.800420591911041	0.878920563977566	7	3	4	4	0	1	NA	NA	NA	NA	NA	NA
13	35613231	37493213	3	3	0	2	d	2	2.64	0	0.0286966369707	0.134730714459	3.11925	0.02798124	3.091268	3	0	1	NA	NA	NA	NA	NA	NA	NA	4	0	4	3	0	1	NA	NA	NA	NA	NA	NA
13	37493214	37679064	3	3	0	2	f	2	NA	NA	NA	NA	3.11925	0.02798124	3.091268	5	4	1	NA	NA	NA	NA	NA	NA	NA	7	3	4	3	0	1	NA	NA	NA	NA	NA	NA
13	37679065	37873539	4	2	2	2	f	1	2.44	2	0.05	0.493560172559	NA	NA	NA	4	4	1	NA	NA	NA	NA	NA	NA	NA	7	3	4	NA	NA	NA	NA	NA	NA	NA	NA	NA
13	37873540	38834085	5	3	2	1	g	1	2.44	2	0.0496736687539	0.212778507	5.190335	2.17151977	3.018816	3	2	0.821758818609214	3	3	0.178241181390786	0.0240175708649573	0.0238048695228299	0.784106616137689	0.876427355862304	7	3	4	NA	NA	NA	NA	NA	NA	NA	NA	NA
13	38834086	38882500	9	5	4	1	g	NA	3	3	0.05	0.1	7.295711	2.7563256	4.539386	5	3	0.661290859352634	5	4	0.338709140647366	0.148382934642797	0.158377778340023	0.151751743472053	0.780416305757306	8	4	4	5	4	1	NA	NA	NA	NA	NA	NA
13	38882501	38935686	6	3	3	2	d	2	3	3	0.05	0.1	7.295711	2.7563256	4.539386	NA	NA	NA	NA	NA	NA	NA	NA	NA	NA	7	3	4	3	3	1	NA	NA	NA	NA	NA	NA
13	38935687	39635105	6	3	3	1	g	NA	2.64	2	0.050658367585	0.209250064087	5.273167	2.26987258	3.003295	3	2	0.770398892446131	3	3	0.229601107553869	0.0323449390084137	0.0334568081151701	0.696286371312185	0.827696297011497	7	3	4	3	3	1	NA	NA	NA	NA	NA	NA
13	39635106	40972710	7	4	3	2	f	3	2.64	2	0.0480945625088	0.231959400231	5.552597	2.52616055	3.026437	3	3	0.383680886043098	4	3	0.616319113956902	0.0372613523049074	0.0373799720800019	0.320027728678497	0.464766742033355	7	3	4	3	3	1	NA	NA	NA	NA	NA	NA
13	40972711	41082874	9	5	4	2	f	3	4	3	0.0460571029663	0.294403868757	7.669347	3.06358522	4.605762	5	3	0.636446030947568	5	4	0.363553969052432	0.161326913912848	0.171765275120704	0.0839832807632119	0.761644283283727	8	3	5	6	4	0.882178	5	4	0.117822	NA	NA	NA
13	41082875	46734135	7	4	3	2	f	3	2.44	2.28	0.0420095389714	0.234476916122	5.662653	2.57685938	3.085793	3	3	0.394392274929672	4	3	0.605607725070328	0.0185895570757816	0.0184603630701217	0.35923002956297	0.432118663387938	7	3	4	6	4	0.882178	5	4	0.117822	NA	NA	NA
13	46734136	46735462	7	4	3	2	f	2	2.44	2.28	0.05	0.1	5.662653	2.57685938	3.085793	3	3	0.394392274929672	4	3	0.605607725070328	0.0185895570757816	0.0184603630701217	0.35923002956297	0.432118663387938	NA	NA	NA	NA	NA	NA	NA	NA	NA	NA	NA	NA
13	46735463	47504002	7	4	3	2	d	2	2.44	2.28	0.0409455047083	0.22507267418	5.542661	2.46603714	3.076623	3	3	0.394392274929672	4	3	0.605607725070328	0.0185895570757816	0.0184603630701217	0.35923002956297	0.432118663387938	7	3	4	4	3	1	NA	NA	NA	NA	NA	NA
13	47504003	49049130	3	3	0	2	d	3	2.55	0	0.028942020022	0.126197556328	3	0	3	3	0	1	NA	NA	NA	NA	NA	NA	NA	4	0	4	3	0	1	NA	NA	NA	NA	NA	NA
13	49049131	49116361	3	3	0	2	d	3	NA	NA	NA	NA	3	0	3	3	0	1	NA	NA	NA	NA	NA	NA	NA	3	1	2	3	0	1	NA	NA	NA	NA	NA	NA
13	49116362	49116564	3	3	0	2	d	2	NA	NA	NA	NA	NA	NA	NA	3	0	1	NA	NA	NA	NA	NA	NA	NA	3	1	2	3	0	1	NA	NA	NA	NA	NA	NA
13	49116565	49129206	3	3	0	2	d	2	NA	NA	NA	NA	NA	NA	NA	3	0	1	NA	NA	NA	NA	NA	NA	NA	3	1	2	3	0	1	NA	NA	NA	NA	NA	NA
13	49129207	49129362	3	3	0	2	d	2	NA	NA	NA	NA	NA	NA	NA	3	0	1	NA	NA	NA	NA	NA	NA	NA	3	1	2	3	0	1	NA	NA	NA	NA	NA	NA
13	49129363	49129391	3	3	0	2	d	2	NA	NA	NA	NA	NA	NA	NA	3	0	1	NA	NA	NA	NA	NA	NA	NA	3	1	2	3	0	1	NA	NA	NA	NA	NA	NA
13	49129392	49129662	3	3	0	2	d	2	NA	NA	NA	NA	NA	NA	NA	3	0	1	NA	NA	NA	NA	NA	NA	NA	3	1	2	3	0	1	NA	NA	NA	NA	NA	NA
13	49129663	49130298	3	3	0	2	d	2	NA	NA	NA	NA	NA	NA	NA	3	0	1	NA	NA	NA	NA	NA	NA	NA	3	1	2	3	0	1	NA	NA	NA	NA	NA	NA
13	49130299	49130392	3	3	0	2	d	2	NA	NA	NA	NA	NA	NA	NA	3	0	1	NA	NA	NA	NA	NA	NA	NA	3	1	2	3	0	1	NA	NA	NA	NA	NA	NA
13	49130393	49224466	3	3	0	2	d	2	NA	NA	NA	NA	NA	NA	NA	3	0	1	NA	NA	NA	NA	NA	NA	NA	3	1	2	3	0	1	NA	NA	NA	NA	NA	NA
13	49224467	49224750	3	3	0	2	d	2	NA	NA	NA	NA	NA	NA	NA	3	0	1	NA	NA	NA	NA	NA	NA	NA	3	1	2	3	0	1	NA	NA	NA	NA	NA	NA
13	49224751	49225290	3	3	0	2	d	2	NA	NA	NA	NA	NA	NA	NA	3	0	1	NA	NA	NA	NA	NA	NA	NA	3	1	2	3	0	1	NA	NA	NA	NA	NA	NA
13	49225291	49225567	3	3	0	2	d	2	NA	NA	NA	NA	NA	NA	NA	3	0	1	NA	NA	NA	NA	NA	NA	NA	3	1	2	3	0	1	NA	NA	NA	NA	NA	NA
13	49225568	49225579	3	3	0	2	d	2	NA	NA	NA	NA	NA	NA	NA	3	0	1	NA	NA	NA	NA	NA	NA	NA	3	1	2	3	0	1	NA	NA	NA	NA	NA	NA
13	49225580	49225623	3	3	0	2	d	2	NA	NA	NA	NA	NA	NA	NA	3	0	1	NA	NA	NA	NA	NA	NA	NA	3	1	2	3	0	1	NA	NA	NA	NA	NA	NA
13	49225624	49225826	3	3	0	2	d	2	NA	NA	NA	NA	NA	NA	NA	3	0	1	NA	NA	NA	NA	NA	NA	NA	3	1	2	3	0	1	NA	NA	NA	NA	NA	NA
13	49225827	49229671	3	3	0	2	d	2	2.44	0	0.05	0.1	NA	NA	NA	3	0	1	NA	NA	NA	NA	NA	NA	NA	NA	NA	NA	3	0	1	NA	NA	NA	NA	NA	NA
13	49229672	49388739	3	3	0	2	d	3	2.44	0	0.05	0.113567974453	3	0	3	3	0	1	NA	NA	NA	NA	NA	NA	NA	4	0	4	3	0	1	NA	NA	NA	NA	NA	NA
13	49388740	49388815	3	3	0	2	d	3	2.44	0	0.05	0.1	3	0	3	3	0	1	NA	NA	NA	NA	NA	NA	NA	3	1	2	3	0	1	NA	NA	NA	NA	NA	NA
13	49388816	49388840	3	3	0	2	d	2	2.44	0	0.05	0.1	NA	NA	NA	3	0	1	NA	NA	NA	NA	NA	NA	NA	3	1	2	3	0	1	NA	NA	NA	NA	NA	NA
13	49388841	49388917	3	3	0	2	d	2	2.44	0	0.05	0.1	NA	NA	NA	3	0	1	NA	NA	NA	NA	NA	NA	NA	NA	NA	NA	3	0	1	NA	NA	NA	NA	NA	NA
13	49388918	49397316	2	2	0	2	f	1	2.44	0	0.05	0.1	NA	NA	NA	3	0	1	NA	NA	NA	NA	NA	NA	NA	NA	NA	NA	4	0	1	NA	NA	NA	NA	NA	NA
13	49397317	49397537	2	2	0	2	f	1	2.44	0	0.05	0.1	NA	NA	NA	3	0	1	NA	NA	NA	NA	NA	NA	NA	3	1	2	4	0	1	NA	NA	NA	NA	NA	NA
13	49397538	49397596	2	2	0	2	f	1	2.44	0	0.05	0.1	NA	NA	NA	3	0	1	NA	NA	NA	NA	NA	NA	NA	NA	NA	NA	4	0	1	NA	NA	NA	NA	NA	NA
13	49397597	50199787	4	4	0	2	d	2	2.44	0	0.0322464295608	0.118224669655	3.120317	0.03454626	3.085771	3	0	1	NA	NA	NA	NA	NA	NA	NA	4	0	4	4	0	1	NA	NA	NA	NA	NA	NA
13	50199788	52721803	6	6	0	2	f	3	5.2	0	0.0130254993767	0.240232064998	6.168219	0.02991424	6.138305	6	0	1	NA	NA	NA	NA	NA	NA	NA	8	0	8	7	0	1	NA	NA	NA	NA	NA	NA
13	52721804	60264435	10	7	3	1	g	NA	5	2	0.0477218581154	0.409972451039	8.209303	2.4226973	5.786606	7	3	1	NA	NA	NA	NA	NA	NA	NA	8	2	6	7	3	1	NA	NA	NA	NA	NA	NA
13	60264436	60286400	10	7	3	1	g	NA	5	5	0.05	0.1	8.209303	2.4226973	5.786606	6	5	1	NA	NA	NA	NA	NA	NA	NA	8	4	4	7	3	1	NA	NA	NA	NA	NA	NA
13	60286401	60882129	10	7	3	2	d	2	5.2	2.2	0.0441208726952	0.285749518062	8.463279	2.56428133	5.898998	7	3	1	NA	NA	NA	NA	NA	NA	NA	8	2	6	7	3	1	NA	NA	NA	NA	NA	NA
13	60882130	69245446	5	5	0	2	f	2	5	0	0.0166337765246	0.227266005763	5.744923	0.02976541	5.715158	6	0	1	NA	NA	NA	NA	NA	NA	NA	8	0	8	7	0	1	NA	NA	NA	NA	NA	NA
13	69245447	79982733	5	5	0	2	f	2	5	0	0.0158494147011	0.271541300142	5.867767	0.02919075	5.838576	6	0	1	NA	NA	NA	NA	NA	NA	NA	8	0	8	7	0	1	NA	NA	NA	NA	NA	NA
13	79982734	80338530	7	5	2	2	f	2	5.28	2	0.0530490266369	0.294371138201	8.199084	2.22013697	5.978947	7	2	0.425997231115337	7	3	0.574002768884663	0.0436466164868109	0.0432881531608892	0.322942086701962	0.490482344900677	8	2	6	7	0	1	NA	NA	NA	NA	NA	NA
13	80338531	80384135	5	5	0	2	f	1	5.14	0	0.05	0.1	8.199084	2.22013697	5.978947	6	0	1	NA	NA	NA	NA	NA	NA	NA	8	0	8	7	0	1	NA	NA	NA	NA	NA	NA
13	80384136	80384233	5	5	0	2	f	1	5.14	0	0.05	0.1	NA	NA	NA	6	0	1	NA	NA	NA	NA	NA	NA	NA	NA	NA	NA	7	0	1	NA	NA	NA	NA	NA	NA
13	80384234	102148945	7	7	0	1	g	NA	5.14	0	0.020314632499	0.259823088171	6	0	6	6	0	1	NA	NA	NA	NA	NA	NA	NA	8	0	8	7	0	1	NA	NA	NA	NA	NA	NA
13	102148946	102149654	5	5	0	2	f	1	5.14	0	0.05	0.1	6	0	6	5	0	0.804417629614482	5	1	0.195582370385518	NA	0	0.804417629614482	0.804417629614482	NA	NA	NA	7	0	1	NA	NA	NA	NA	NA	NA
13	102149655	112140677	7	7	0	1	g	NA	5.14	0	0.0166334194987	0.244362261955	6	0	6	6	0	1	NA	NA	NA	NA	NA	NA	NA	8	0	8	7	0	1	NA	NA	NA	NA	NA	NA
13	112140678	112141513	7	7	0	1	g	NA	NA	NA	NA	NA	6	0	6	4	0	0.775475902050705	4	1	0.224524097949295	NA	0	0.775475902050705	0.775475902050705	NA	NA	NA	7	0	1	NA	NA	NA	NA	NA	NA
13	112141514	114458073	4	4	0	2	d	2	2.68	0	0.0265582924586	0.175005947951	3.216659	0.03478741	3.181871	3	0	1	NA	NA	NA	NA	NA	NA	NA	4	0	4	4	0	1	NA	NA	NA	NA	NA	NA
13	114458074	114817757	6	3	3	1	g	NA	NA	NA	NA	NA	5.547612	2.3387171	3.208895	3	2	0.853048690246089	3	3	0.146951309753911	0.0450940605812845	0.0439318911782332	0.776530084271648	0.94658769505099	NA	NA	NA	3	3	1	NA	NA	NA	NA	NA	NA
14	1	16099999	NA	NA	NA	NA	NA	NA	NA	NA	NA	NA	NA	NA	NA	NA	NA	NA	NA	NA	NA	NA	NA	NA	NA	NA	NA	NA	NA	NA	NA	NA	NA	NA	NA	NA	NA
14	16100000	19099999	5	3	2	2	f	1	3	2.44	0.05	0.192494837229	NA	NA	NA	NA	NA	NA	NA	NA	NA	NA	NA	NA	NA	NA	NA	NA	4	1	1	NA	NA	NA	NA	NA	NA
14	19100000	74739051	6	3	3	2	d	2	3	2.44	0.0503113428079	0.305142479449	5.041181	2.22650806	2.814673	3	2	0.634446146720349	3	3	0.365553853279651	0.00425462275146854	0.00433782655543343	0.616865497127953	0.634486047287559	6	3	3	3	3	1	NA	NA	NA	NA	NA	NA
14	74739052	84870449	5	3	2	2	e	4	3	1.86	0.0637520617175	0.235598932534	4.481217	1.67474418	2.806473	3	2	0.612269620143637	4	2	0.387730379856363	0.0162684421562879	0.01574939772704	0.639992241533707	0.700477890439386	6	2	4	4	2	0.4033	3	2	0.5967	NA	NA	NA
14	84870450	87938867	6	3	3	1	g	NA	3	2.58	0.0440694291502	0.245744242999	5.041509	2.30267079	2.738838	3	2	0.49167692077868	3	3	0.50832307922132	0.0123893300959589	0.0128511286641894	0.465017063343975	0.516693559849775	7	3	4	3	3	1	NA	NA	NA	NA	NA	NA
14	87938868	87938882	6	3	3	1	g	NA	3	2.58	0.05	0.1	5.041509	2.30267079	2.738838	3	2	0.49167692077868	3	3	0.50832307922132	0.0123893300959589	0.0128511286641894	0.465017063343975	0.516693559849775	NA	NA	NA	3	3	1	NA	NA	NA	NA	NA	NA
14	87938883	90622624	6	3	3	2	d	2	3	2.58	0.0463622778225	0.248044994445	5.176545	2.34068768	2.835857	3	2	0.49167692077868	3	3	0.50832307922132	0.0123893300959589	0.0128511286641894	0.465017063343975	0.516693559849775	6	3	3	3	3	1	NA	NA	NA	NA	NA	NA
14	90622625	90622669	6	3	3	1	g	NA	3	2.44	0.05	0.1	5.176545	2.34068768	2.835857	NA	NA	NA	NA	NA	NA	NA	NA	NA	NA	NA	NA	NA	3	3	1	NA	NA	NA	NA	NA	NA
14	90622670	94066625	6	3	3	2	d	2	3	2.44	0.0474919382936	0.259552628324	5.217405	2.31299889	2.904407	3	2	0.615557995248618	3	3	0.384442004751382	0.0127672172020662	0.012965577970332	0.591009250947963	0.641242423503506	6	3	3	3	3	1	NA	NA	NA	NA	NA	NA
14	94066626	95570759	6	3	3	2	d	2	3	2.44	0.0490429403477	0.250533684993	5.118224	2.26891833	2.849306	3	2	0.615557995248618	3	3	0.384442004751382	0.0127672172020662	0.012965577970332	0.591009250947963	0.641242423503506	6	3	3	3	3	1	NA	NA	NA	NA	NA	NA
14	95570760	95570773	6	3	3	1	g	NA	3	2.44	0.05	0.1	5.118224	2.26891833	2.849306	NA	NA	NA	NA	NA	NA	NA	NA	NA	NA	NA	NA	NA	3	3	1	NA	NA	NA	NA	NA	NA
14	95570774	97670335	6	3	3	2	d	2	3	2.44	0.0468529985308	0.259552998335	5.089181	2.31944234	2.769739	3	2	0.495024950962246	3	3	0.504975049037754	0.0150950368776168	0.0151659323510588	0.467253834910383	0.525462598520526	6	3	3	3	3	1	NA	NA	NA	NA	NA	NA
14	97670336	97670388	6	3	3	2	f	3	NA	NA	NA	NA	5.089181	2.31944234	2.769739	3	2	0.495024950962246	3	3	0.504975049037754	0.0150950368776168	0.0151659323510588	0.467253834910383	0.525462598520526	NA	NA	NA	3	3	1	NA	NA	NA	NA	NA	NA
14	97670389	99219547	6	3	3	2	d	2	3	2.28	0.0477981576401	0.260201209781	4.920775	2.20041983	2.720355	3	2	0.495024950962246	3	3	0.504975049037754	0.0150950368776168	0.0151659323510588	0.467253834910383	0.525462598520526	6	3	3	3	3	1	NA	NA	NA	NA	NA	NA
14	99219548	106368400	5	3	2	2	d	2	3	1.86	0.0603688887603	0.241259795009	4.745417	1.78276071	2.962656	3	2	0.687358625175507	4	2	0.312641374824493	0.0179818401107016	0.0183351000948122	0.650689832871638	0.724619296377858	5	2	3	3	2	1	NA	NA	NA	NA	NA	NA
15	1	15799999	NA	NA	NA	NA	NA	NA	NA	NA	NA	NA	NA	NA	NA	NA	NA	NA	NA	NA	NA	NA	NA	NA	NA	NA	NA	NA	NA	NA	NA	NA	NA	NA	NA	NA	NA
15	15800000	20699999	3	2	1	1	h	1	1.8	1	0.05	0.671503304501	NA	NA	NA	1	1	0.225182831890782	2	1	0.774817168109218	0.00426041038539153	0.00425319742827579	0.216742112005066	0.233701741026639	NA	NA	NA	NA	NA	NA	NA	NA	NA	NA	NA	NA
15	20700000	92332678	3	2	1	2	e	4	1.8	1	0.0781876719313	0.166640439603	2.49613	0.90577656	1.590354	1	1	0.225182831890782	2	1	0.774817168109218	0.00426041038539153	0.00425319742827579	0.216742112005066	0.233701741026639	NA	NA	NA	2	1	1	NA	NA	NA	NA	NA	NA
15	92332679	92352729	5	3	2	2	d	3	2.68	1.86	0.05	0.1	2.49613	0.90577656	1.590354	3	2	1	NA	NA	NA	NA	NA	NA	NA	5	2	3	3	2	1	NA	NA	NA	NA	NA	NA
15	92352730	100338800	5	3	2	2	d	3	2.68	1.86	0.0605216400659	0.237236688	4.004572	1.59130265	2.41327	3	2	1	NA	NA	NA	NA	NA	NA	NA	5	2	3	3	2	1	NA	NA	NA	NA	NA	NA
15	100338801	102399919	5	3	2	2	d	3	NA	NA	NA	NA	4.116976	1.65107895	2.465897	3	2	1	NA	NA	NA	NA	NA	NA	NA	5	2	3	3	2	1	NA	NA	NA	NA	NA	NA
16	85065	21270060	3	2	1	2	e	5	1.86	1	0.0759186300981	0.263866117392	2.617435	0.96838024	1.649055	1	1	0.278936286810303	2	1	0.721063713189697	0.00592382445831369	0.00607354877555084	0.26493980828498	0.289844944677112	3	1	2	2	1	0.766731	1	1	0.233269	NA	NA	NA
16	21270061	34547500	4	2	2	2	e	4	1.86	1.26	0.0742916447638	0.291128887094	2.748647	1.10676932	1.641877	2	1	0.662325863113267	2	2	0.337674136886733	0.00770517623109551	0.00765299075460209	0.645327353653783	0.676196100783549	3	1	2	2	2	0.300105	2	1	0.699895	NA	NA	NA
16	34547501	34599999	4	2	2	2	f	3	2	2	0.05	0.1	2.748647	1.10676932	1.641877	NA	NA	NA	NA	NA	NA	NA	NA	NA	NA	NA	NA	NA	2	2	0.857329	2	1	0.142671	NA	NA	NA
16	34600000	38599999	NA	NA	NA	NA	NA	NA	2	2	0.05	0.345499726818	3.007881	1.5039405	1.503941	2	2	1	NA	NA	NA	NA	NA	NA	NA	4	2	2	2	2	0.857329	2	1	0.142671	NA	NA	NA
16	38600000	59989080	3	2	1	2	d	2	2	1.16	0.0767973547976	0.161434619297	2.560703	0.92956648	1.631137	1	1	0.213385040156697	2	1	0.786614959843303	0.00957385808901445	0.00909675936608729	0.213958325587241	0.251145966615256	3	1	2	2	1	1	NA	NA	NA	NA	NA	NA
16	59989081	62357031	4	2	2	2	d	3	2	2	0.0506401429204	0.19434370887	3.274314	1.63715693	1.637157	2	1	0.18100831041605	2	2	0.81899168958395	0.0176525688195929	0.0180971917438544	0.1340519278878	0.204625077304234	4	2	2	2	2	1	NA	NA	NA	NA	NA	NA
16	62357032	75227140	3	2	1	2	d	2	2	1.16	0.0777036159656	0.162379306319	2.632984	0.95139235	1.681592	1	1	0.213385040156697	2	1	0.786614959843303	0.0100879599896809	0.00995974111425617	0.211962006180624	0.249760638973401	3	1	2	2	1	1	NA	NA	NA	NA	NA	NA
16	75227141	75259040	4	2	2	2	d	4	2	2	0.05	0.1	2.632984	0.95139235	1.681592	2	2	1	NA	NA	NA	NA	NA	NA	NA	4	2	2	2	2	1	NA	NA	NA	NA	NA	NA
16	75259041	83384631	3	2	1	2	d	2	2	1.16	0.0758890061945	0.204528887271	2.5518	0.92628657	1.625514	1	1	0.223443194866878	2	1	0.776556805133122	0.00776591964843411	0.00798436211554378	0.207804826710296	0.238990979686573	3	1	2	2	1	1	NA	NA	NA	NA	NA	NA
16	83384632	83385723	3	2	1	2	d	2	2	1.16	0.05	0.1	2.5518	0.92628657	1.625514	1	1	0.223443194866878	2	1	0.776556805133122	0.00776591964843411	0.00798436211554378	0.207804826710296	0.238990979686573	3	1	2	2	1	1	NA	NA	NA	NA	NA	NA
16	83385724	83395334	3	2	1	1	g	NA	2	1.16	0.05	0.1	NA	NA	NA	1	1	0.223443194866878	2	1	0.776556805133122	0.00776591964843411	0.00798436211554378	0.207804826710296	0.238990979686573	NA	NA	NA	2	1	1	NA	NA	NA	NA	NA	NA
16	83395335	83406595	3	2	1	1	g	NA	2	1.16	0.05	0.1	NA	NA	NA	1	1	0.223443194866878	2	1	0.776556805133122	0.00776591964843411	0.00798436211554378	0.207804826710296	0.238990979686573	NA	NA	NA	2	1	1	NA	NA	NA	NA	NA	NA
16	83406596	86072443	3	2	1	2	d	2	1.91	1	0.0769150690417	0.164875742184	2.652194	0.98141495	1.670779	1	1	0.223443194866878	2	1	0.776556805133122	0.00776591964843411	0.00798436211554378	0.207804826710296	0.238990979686573	3	1	2	2	1	1	NA	NA	NA	NA	NA	NA
16	86072444	86738546	2	2	0	2	d	4	2	0	0.0494508914549	0.102032568427	1.674649	0.03212616	1.642523	2	0	1	NA	NA	NA	NA	NA	NA	NA	2	0	2	2	0	1	NA	NA	NA	NA	NA	NA
16	86738547	86758127	3	2	1	2	f	2	2	2	0.05	0.1	1.674649	0.03212616	1.642523	1	1	1	NA	NA	NA	NA	NA	NA	NA	3	1	2	2	0	1	NA	NA	NA	NA	NA	NA
16	86758128	86964404	2	2	0	2	d	3	2	0	0.0420935337666	0.0995153678572	1.689457	0.03283128	1.656626	1	0	0.53127974387817	2	0	0.46872025612183	0.255772722834361	0.153859227190144	0.565047000576032	1.16157784304753	2	0	2	2	0	1	NA	NA	NA	NA	NA	NA
16	86964405	87365817	3	2	1	2	e	4	2	1.36	0.0638343124192	0.173718960218	2.596589	0.96512708	1.631462	1	1	0.188803322661593	2	1	0.811196677338407	0.0503987300613732	0.0475252147028498	0.187081578802686	0.369761327312647	3	1	2	2	1	0.766731	1	1	0.233269	NA	NA	NA
16	87365818	89550744	2	2	0	2	d	4	2	0	0.0525494496566	0.128093819159	1.823806	0.04889837	1.774907	2	0	1	NA	NA	NA	NA	NA	NA	NA	2	0	2	2	0	1	NA	NA	NA	NA	NA	NA
16	89550745	90031202	3	2	1	2	d	2	NA	NA	NA	NA	2.847235	1.05455524	1.79268	2	1	0.892112387050518	2	2	0.107887612949482	0.0341522386791749	0.0348296774864552	0.828160558825024	0.964562398669619	3	1	2	2	1	1	NA	NA	NA	NA	NA	NA
16	90031203	90032024	3	2	1	2	d	2	NA	NA	NA	NA	2.847235	1.05455524	1.79268	NA	NA	NA	NA	NA	NA	NA	NA	NA	NA	3	1	2	2	1	1	NA	NA	NA	NA	NA	NA
16	90032025	90039310	3	2	1	2	d	2	NA	NA	NA	NA	NA	NA	NA	NA	NA	NA	NA	NA	NA	NA	NA	NA	NA	3	1	2	2	1	1	NA	NA	NA	NA	NA	NA
16	90039311	90043681	3	2	1	2	d	2	NA	NA	NA	NA	NA	NA	NA	NA	NA	NA	NA	NA	NA	NA	NA	NA	NA	3	1	2	2	1	1	NA	NA	NA	NA	NA	NA
16	90043682	90056046	3	2	1	2	d	2	NA	NA	NA	NA	NA	NA	NA	NA	NA	NA	NA	NA	NA	NA	NA	NA	NA	3	1	2	2	1	1	NA	NA	NA	NA	NA	NA
16	90056047	90064255	2	2	0	2	d	2	NA	NA	NA	NA	NA	NA	NA	NA	NA	NA	NA	NA	NA	NA	NA	NA	NA	2	0	2	2	0	1	NA	NA	NA	NA	NA	NA
16	90064256	90067608	2	2	0	2	d	2	NA	NA	NA	NA	NA	NA	NA	NA	NA	NA	NA	NA	NA	NA	NA	NA	NA	2	0	2	2	0	1	NA	NA	NA	NA	NA	NA
16	90067609	90071933	2	2	0	1	g	NA	NA	NA	NA	NA	NA	NA	NA	NA	NA	NA	NA	NA	NA	NA	NA	NA	NA	3	1	2	2	0	1	NA	NA	NA	NA	NA	NA
17	1886	21539973	3	3	0	2	d	2	2.68	0	0.0397430110489	0.25068645916	2.453955	0.03267568	2.421279	2	0	1	NA	NA	NA	NA	NA	NA	NA	3	0	3	3	0	1	NA	NA	NA	NA	NA	NA
17	21539974	25799999	NA	NA	NA	NA	NA	NA	4.14	0.26	0.0344352307703	0.269590963433	4.11956	0.27872709	3.840833	NA	NA	NA	NA	NA	NA	NA	NA	NA	NA	5	1	4	3	0	1	NA	NA	NA	NA	NA	NA
17	25800000	30267499	5	4	1	2	f	2	4.14	0.26	0.0328826513595	0.21643270218	4.293425	0.26156046	4.031865	4	0	0.76396220571236	4	1	0.23603779428764	0.00219203367165471	0.00216593783976245	0.759556306832777	0.767984275919981	5	0	5	5	0	0.748697	5	1	0.251303	NA	NA	NA
17	30267500	44229981	5	4	1	2	f	2	4.14	0.26	0.0410666328568	0.259352534512	4.262371	0.25934228	4.003029	4	0	0.76396220571236	4	1	0.23603779428764	0.00219203367165471	0.00216593783976245	0.759556306832777	0.767984275919981	5	0	5	5	0	0.744068	5	1	0.255932	NA	NA	NA
17	44229982	78774600	5	4	1	2	e	3	4.44	0.21	0.0342419925749	0.240825524982	4.174812	0.20676689	3.968045	4	0	0.834226141312756	4	1	0.165773858687244	0.00142064990436658	0.00145113548410966	0.811389493227147	0.817051025827918	5	0	5	5	0	0.744068	5	1	0.255932	NA	NA	NA
17	78774601	81195209	5	5	0	1	g	NA	NA	NA	NA	NA	4.435906	0.21062462	4.225282	4	0	0.854840260352073	4	1	0.145159739647927	0.00616212998119364	0.00622625652808412	0.820050806127626	0.844135589094468	5	0	5	5	0	0.826577	5	1	0.173423	NA	NA	NA
18	27500	15399999	6	3	3	2	d	2	2.51	2.51	0.0433846659577	0.288614331707	4.666633	2.33331676	2.333317	3	3	1	NA	NA	NA	NA	NA	NA	NA	6	3	3	NA	NA	NA	NA	NA	NA	NA	NA	NA
18	15400000	18999999	NA	NA	NA	NA	NA	NA	3.28	0	0.05	0.293254856558	4.666633	2.33331676	2.333317	3	0	1	NA	NA	NA	NA	NA	NA	NA	NA	NA	NA	3	0	1	NA	NA	NA	NA	NA	NA
18	19000000	26992234	3	3	0	2	d	3	3.28	0	0.0308412107351	0.171823448075	3	0	3	3	0	1	NA	NA	NA	NA	NA	NA	NA	4	0	4	3	0	1	NA	NA	NA	NA	NA	NA
18	26992235	46640742	3	3	0	2	d	2	2.58	0	0.0380459190291	0.17508244959	2.403196	0.02828644	2.374909	2	0	1	NA	NA	NA	NA	NA	NA	NA	3	0	3	3	0	1	NA	NA	NA	NA	NA	NA
18	46640743	47687145	3	3	0	2	d	3	3.28	0	0.0297689452824	0.162009328834	3	0	3	3	0	1	NA	NA	NA	NA	NA	NA	NA	4	0	4	3	0	1	NA	NA	NA	NA	NA	NA
18	47687146	50246494	3	3	0	2	d	2	2.58	0	0.0453521583308	0.127228576244	2.398423	0.03082464	2.367599	2	0	1	NA	NA	NA	NA	NA	NA	NA	3	0	3	3	0	1	NA	NA	NA	NA	NA	NA
18	50246495	50667962	3	3	0	2	d	2	3.28	0	0.0329026647802	0.160919264254	2.891591	0.01872209	2.872869	3	0	1	NA	NA	NA	NA	NA	NA	NA	4	0	4	3	0	1	NA	NA	NA	NA	NA	NA
18	50667963	51183913	3	3	0	2	d	2	2.51	0	0.0437848008793	0.204298026081	2.379936	0.03941283	2.340523	2	0	1	NA	NA	NA	NA	NA	NA	NA	3	0	3	3	0	1	NA	NA	NA	NA	NA	NA
18	51183914	52342099	6	3	3	2	f	3	2.44	2.44	0.0388083154133	0.248434129857	4.501307	2.25065371	2.250654	3	2	0.123263822791381	3	3	0.87673617720862	0.0249900083902142	0.0261607217537462	0.0731413285194054	0.173414303600602	6	3	3	3	0	1	NA	NA	NA	NA	NA	NA
18	52342100	53427504	6	3	3	1	g	NA	3.28	2.44	0.0554553086186	0.270040678859	5.196468	2.21953902	2.976929	3	2	0.853716876258848	3	3	0.146283123741152	0.0296796424790796	0.0295926451737788	0.747624078477845	0.867434632803417	7	3	4	3	3	1	NA	NA	NA	NA	NA	NA
18	53427505	53427551	6	3	3	2	f	3	3.28	2.44	0.05	0.1	5.196468	2.21953902	2.976929	NA	NA	NA	NA	NA	NA	NA	NA	NA	NA	NA	NA	NA	3	3	1	NA	NA	NA	NA	NA	NA
18	53427552	54214479	6	3	3	2	e	4	3.28	2.44	0.0595997081095	0.278506591126	5.272968	2.30838633	2.964582	3	2	0.671518653632901	3	3	0.328481346367099	0.0200237369347604	0.0203928837770895	0.632101812166978	0.712931871945051	7	3	4	3	3	1	NA	NA	NA	NA	NA	NA
18	54214480	55503843	6	3	3	1	g	NA	3	2.58	0.0511023657377	0.260803541554	5.266631	2.28297463	2.983656	3	2	0.671518653632901	3	3	0.328481346367099	0.0200237369347604	0.0203928837770895	0.632101812166978	0.712931871945051	7	3	4	3	3	1	NA	NA	NA	NA	NA	NA
18	55503844	56193298	6	3	3	2	d	3	2.55	2.55	0.0455718823263	0.236064328636	4.765843	2.38292148	2.382921	3	3	1	NA	NA	NA	NA	NA	NA	NA	6	3	3	3	3	1	NA	NA	NA	NA	NA	NA
18	56193299	59349878	6	3	3	1	g	NA	3.14	2.55	0.0528478923199	0.26192384612	5.227084	2.28401505	2.943069	3	2	0.71509106768025	3	3	0.28490893231975	0.014511314822114	0.0141639485351239	0.689220445314614	0.747101713318873	7	3	4	3	3	1	NA	NA	NA	NA	NA	NA
18	59349879	59349919	6	3	3	1	g	NA	3.14	2.55	0.05	0.1	5.227084	2.28401505	2.943069	NA	NA	NA	NA	NA	NA	NA	NA	NA	NA	NA	NA	NA	3	3	1	NA	NA	NA	NA	NA	NA
18	59349920	59370319	6	3	3	2	d	2	3.14	2.55	0.05	0.1	NA	NA	NA	3	2	0.406678969246659	3	3	0.593321030753341	0.145943703988489	0.136227728299982	0.229986127766053	0.769167692911499	6	3	3	3	3	1	NA	NA	NA	NA	NA	NA
18	59370320	60254686	5	3	2	1	g	NA	2.14	2.14	0.052310319882	0.226395377402	3.960561	1.73633115	2.22423	2	2	0.349501384442325	3	2	0.650498615557675	0.0379388709948963	0.038113237935394	0.262108927843675	0.40872838636108	5	2	3	3	2	0.523955	2	2	0.476045	NA	NA	NA
18	60254687	60953982	6	3	3	2	d	2	2.14	2.14	0.0426163319536	0.194084432772	4.520837	2.26041872	2.260419	3	3	1	NA	NA	NA	NA	NA	NA	NA	6	3	3	3	2	0.523955	2	2	0.476045	NA	NA	NA
18	60953983	62507519	5	3	2	2	e	4	2.28	1.86	0.0567680677022	0.211952282699	3.800387	1.64547697	2.15491	2	2	0.387766008886899	3	2	0.612233991113101	0.0232570511821185	0.0241892026228809	0.307330455385323	0.402396982590708	5	2	3	2	2	1	NA	NA	NA	NA	NA	NA
18	62507520	62605276	5	3	2	2	e	4	2.28	1.86	0.05	0.231560421336	4.057957	1.8688547	2.189102	2	2	1	NA	NA	NA	NA	NA	NA	NA	5	2	3	3	2	0.470662	2	2	0.529338	NA	NA	NA
18	62605277	64244134	5	3	2	2	e	4	2.28	1.86	0.0579537803136	0.206264087916	3.777026	1.62381148	2.153215	2	2	0.371000394399374	3	2	0.628999605600626	0.0260510503907874	0.0254459912143837	0.286903267776582	0.388644035286566	5	2	3	2	2	1	NA	NA	NA	NA	NA	NA
18	64244135	76117000	4	2	2	2	d	2	2.44	2.44	0.0422090353161	0.252546228094	4.566074	2.2830371	2.283037	2	2	1	NA	NA	NA	NA	NA	NA	NA	6	3	3	2	2	1	NA	NA	NA	NA	NA	NA
18	76117001	78077247	4	2	2	2	f	2	NA	NA	NA	NA	4.783737	2.39186839	2.391868	2	2	1	NA	NA	NA	NA	NA	NA	NA	5	2	3	NA	NA	NA	NA	NA	NA	NA	NA	NA
19	102500	284521	2	2	0	2	f	2	1.91	0	0.05	0.1	NA	NA	NA	NA	NA	1	NA	NA	NA	NA	NA	NA	NA	NA	NA	NA	2	0	1	NA	NA	NA	NA	NA	NA
19	284522	869036	2	2	0	2	d	3	1.91	0	0.030444840449	0.115984215039	1.88292	0.03774038	1.84518	2	0	1	NA	NA	NA	NA	NA	NA	NA	2	0	2	2	0	1	NA	NA	NA	NA	NA	NA
19	869037	1071352	5	3	2	2	d	2	3	2	0.0425446327051	0.1	4.695918	1.74781147	2.948107	3	2	0.536767423198234	4	2	0.463232576801766	0.106859210054786	0.107136095229968	0.361434073115491	0.779241817758898	5	2	3	4	2	0.449122	3	2	0.550878	NA	NA	NA
19	1071353	1115039	8	6	2	1	g	NA	3	2	0.05	0.1	6.675459	1.70696414	4.968495	6	2	1	NA	NA	NA	NA	NA	NA	NA	7	2	5	6	2	1	NA	NA	NA	NA	NA	NA
19	1115040	1503760	5	3	2	2	d	3	3	2	0.05	0.223433638256	4.686414	1.87891957	2.807494	3	2	0.864584234662978	4	2	0.135415765337022	0.0822426442431784	0.0851652522967835	0.655678531082503	0.982221125488259	5	2	3	3	2	1	NA	NA	NA	NA	NA	NA
19	1503761	5239993	2	2	0	2	d	3	1.86	0	0.0499495106572	0.093640310247	1.840729	0.0400347	1.800694	2	0	1	NA	NA	NA	NA	NA	NA	NA	2	0	2	2	0	1	NA	NA	NA	NA	NA	NA
19	5239994	10119449	3	3	0	2	d	4	3.14	0	0.0489440588983	0.169007300145	3	0	3	3	0	1	NA	NA	NA	NA	NA	NA	NA	3	0	3	3	0	1	NA	NA	NA	NA	NA	NA
19	10119450	10674606	6	3	3	2	d	3	3	3	0.05	0.1	5.833926	2.91696314	2.916963	3	3	1	NA	NA	NA	NA	NA	NA	NA	6	3	3	3	0	1	NA	NA	NA	NA	NA	NA
19	10674607	10709993	3	3	0	2	d	2	NA	NA	NA	NA	5.833926	2.91696314	2.916963	3	0	1	NA	NA	NA	NA	NA	NA	NA	3	0	3	4	0	1	NA	NA	NA	NA	NA	NA
19	10709994	11160689	6	4	2	2	d	2	5	0	0.05	0.285946425307	5.297601	0.66855162	4.629049	5	0	0.268540278619015	5	1	0.731459721380985	0.233234403476699	0.316177775356762	-1.34706900761595	-0.103515891846819	6	2	4	4	2	1	NA	NA	NA	NA	NA	NA
19	11160690	11162369	6	4	2	1	g	NA	NA	NA	NA	NA	5.297601	0.66855162	4.629049	NA	NA	NA	NA	NA	NA	NA	NA	NA	NA	NA	NA	NA	4	2	1	NA	NA	NA	NA	NA	NA
19	11162370	12805880	4	4	0	2	d	2	3.28	0	0.0380257641477	0.174363122631	3.143699	0.03517822	3.108521	3	0	1	NA	NA	NA	NA	NA	NA	NA	4	0	4	4	0	1	NA	NA	NA	NA	NA	NA
19	12805881	13002911	7	4	3	1	g	NA	NA	NA	NA	NA	3.143699	0.03517822	3.108521	3	3	0.408127782003802	4	3	0.591872217996198	0.215097583066354	0.199204324362525	0.225420283167993	1.00369878720879	6	3	3	4	3	1	NA	NA	NA	NA	NA	NA
19	13002912	13164599	3	3	0	2	d	4	3	0	0.05	0.1	3.137282	0.04001258	3.09727	3	0	1	NA	NA	NA	NA	NA	NA	NA	3	0	3	3	0	1	NA	NA	NA	NA	NA	NA
19	13164600	13342105	6	3	3	2	d	2	3	3	0.05	0.1	5.562337	2.53367052	3.028667	3	3	0.441798671994283	4	3	0.558201328005717	0.082972161799769	0.0836180859878502	0.267523447528958	0.589231409629451	6	3	3	4	3	1	NA	NA	NA	NA	NA	NA
19	13342106	13441562	6	3	3	2	d	3	3	3	0.05	0.1	5.477287	2.55137278	2.925914	3	3	0.441798671994283	4	3	0.558201328005717	0.082972161799769	0.0836180859878502	0.267523447528958	0.589231409629451	6	3	3	3	3	1	NA	NA	NA	NA	NA	NA
19	13441563	13583246	8	5	3	2	d	2	5	3	0.05	0.1	7.604194	3.03115141	4.573043	5	3	0.693865189928182	5	4	0.306134810071818	0.143668307327933	0.1475286669996	0.166059672272868	0.745322600408211	8	3	5	3	3	1	NA	NA	NA	NA	NA	NA
19	13583247	13858389	6	3	3	2	d	3	3	3	0.0394740041004	0.31517728237	5.306995	2.38288471	2.924111	3	3	0.256166586603727	4	3	0.743833413396273	0.0800378924595883	0.0791471889746308	0.180457423181571	0.492441298527118	6	3	3	3	3	1	NA	NA	NA	NA	NA	NA
19	13858390	24378073	3	3	0	2	d	4	3.28	0	0.0339476245619	0.214488107196	3	0	3	3	0	1	NA	NA	NA	NA	NA	NA	NA	3	0	3	3	0	1	NA	NA	NA	NA	NA	NA
19	24378074	28599999	3	3	0	2	d	3	3.44	0	0.0378326365334	0.418861265528	3	0	3	3	0	1	NA	NA	NA	NA	NA	NA	NA	4	0	4	3	0	1	NA	NA	NA	NA	NA	NA
19	28600000	30556588	3	3	0	3	b	5	3	0	0.0343354138701	0.150822874848	3	0	3	3	0	1	NA	NA	NA	NA	NA	NA	NA	3	0	3	3	0	1	NA	NA	NA	NA	NA	NA
19	30556589	30581768	3	3	0	2	d	3	NA	NA	NA	NA	3	0	3	3	0	1	NA	NA	NA	NA	NA	NA	NA	NA	NA	NA	3	0	1	NA	NA	NA	NA	NA	NA
19	30581769	31697152	3	3	0	2	d	4	3	0	0.0347011220774	0.17641401359	2.916353	0.02903371	2.887319	3	0	1	NA	NA	NA	NA	NA	NA	NA	3	0	3	3	0	1	NA	NA	NA	NA	NA	NA
19	31697153	31715806	5	3	2	2	d	2	3	3	0.05	0.1	2.916353	0.02903371	2.887319	3	2	0.228266338502557	3	3	0.771733661497443	0.215144542912004	0.191765215287632	0.0777211826050683	0.820317112214618	5	2	3	3	2	1	NA	NA	NA	NA	NA	NA
19	31715807	34267607	3	3	0	2	d	4	3.14	0	0.0304129837448	0.161657624897	3	0	3	3	0	1	NA	NA	NA	NA	NA	NA	NA	3	0	3	3	0	1	NA	NA	NA	NA	NA	NA
19	34267608	34300008	7	4	3	1	g	NA	6	3	0.05	0.1	3	0	3	5	3	1	NA	NA	NA	NA	NA	NA	NA	8	3	5	4	3	1	NA	NA	NA	NA	NA	NA
19	34300009	34580018	7	4	3	2	d	2	3	3	0.046823088084	0.521320041321	6.140089	2.74700898	3.39308	3	3	0.229601107553857	4	3	0.770398892446143	0.107094932574551	0.100823317617511	0.0730147671062405	0.472174462007098	7	3	4	4	3	1	NA	NA	NA	NA	NA	NA
19	34580019	35916324	4	4	0	2	d	2	3.14	0	0.0302445377262	0.187348274741	3.11958	0.03005672	3.089524	3	0	1	NA	NA	NA	NA	NA	NA	NA	4	0	4	4	0	1	NA	NA	NA	NA	NA	NA
19	35916325	36757229	7	4	3	2	f	3	3	3	0.0385383174403	0.287474233805	5.956758	2.74522448	3.211534	3	3	0.559772061459356	4	3	0.440227938540644	0.0530603341292171	0.0517584330367626	0.503862732074732	0.708939660261124	7	3	4	4	0	1	NA	NA	NA	NA	NA	NA
19	36757230	37288085	4	4	0	2	d	2	3.09	0	0.05	0.148718428943	3.120192	0.03952429	3.080668	3	0	1	NA	NA	NA	NA	NA	NA	NA	4	0	4	4	0	1	NA	NA	NA	NA	NA	NA
19	37288086	38922886	3	3	0	2	d	4	3.09	0	0.0264919733685	0.153459474199	3	0	3	3	0	1	NA	NA	NA	NA	NA	NA	NA	3	0	3	3	0	1	NA	NA	NA	NA	NA	NA
19	38922887	39833210	7	4	3	2	d	2	2.55	2.58	0.0389135618162	0.128754240545	5.525334	2.40173117	3.123603	4	3	1	NA	NA	NA	NA	NA	NA	NA	6	3	3	4	3	1	NA	NA	NA	NA	NA	NA
19	39833211	40171678	8	5	3	2	d	2	5	3	0.0435509371967	0.373937567719	7.544095	2.94750498	4.59659	5	3	0.783015989398082	5	4	0.216984010601918	0.0682139428696945	0.0681767890335165	0.666854482023104	0.935511759472263	8	3	5	4	3	1	NA	NA	NA	NA	NA	NA
19	40171679	40568386	6	3	3	2	d	3	3	3	0.0625515204249	0.23824669927	5.16361	2.23818283	2.925427	4	3	1	NA	NA	NA	NA	NA	NA	NA	6	3	3	3	3	1	NA	NA	NA	NA	NA	NA
19	40568387	41308196	8	5	3	2	d	2	4.44	3	0.0428933830901	0.314663304233	7.765441	3.00819774	4.757243	5	3	1	NA	NA	NA	NA	NA	NA	NA	8	3	5	6	4	1	NA	NA	NA	NA	NA	NA
19	41308197	42119118	3	3	0	3	b	5	3	0	0.0278754138511	0.163487981309	3	0	3	3	0	1	NA	NA	NA	NA	NA	NA	NA	3	0	3	3	0	1	NA	NA	NA	NA	NA	NA
19	42119119	42158548	8	5	3	2	d	2	5	3	0.05	0.1	7.714263	2.70197408	5.012289	6	3	0.818300385997719	6	4	0.181699614002281	0.115192263883593	0.119688482488941	0.503148681176598	0.984591281819882	8	3	5	7	3	0.00255915	6	3	0.997441	NA	NA	NA
19	42158549	45894377	3	3	0	3	b	5	3	0	0.0372143300712	0.299126379044	3	0	3	3	0	1	NA	NA	NA	NA	NA	NA	NA	3	0	3	3	0	1	NA	NA	NA	NA	NA	NA
19	45894378	45896053	11	7	4	1	g	NA	NA	NA	NA	NA	3	0	3	NA	NA	1	NA	NA	NA	NA	NA	NA	NA	6	0	6	7	4	1	NA	NA	NA	NA	NA	NA
19	45896054	46202427	8	5	3	2	d	2	5	3	0.0472755029104	0.375866802435	8.654281	3.05316321	5.601118	6	3	0.693278038047436	6	4	0.306721961952564	0.0780125686345061	0.0756106474647966	0.519968190560094	0.817298060785669	8	3	5	7	4	1	NA	NA	NA	NA	NA	NA
19	46202428	48939412	3	3	0	2	d	4	3	0	0.0315319805415	0.172385254744	3	0	3	3	0	1	NA	NA	NA	NA	NA	NA	NA	3	0	3	4	0	1	NA	NA	NA	NA	NA	NA
19	48939413	49463143	3	3	0	2	d	3	3	0	0.05	0.1	3.256502	0.03822693	3.218275	3	0	1	NA	NA	NA	NA	NA	NA	NA	3	0	3	4	0	1	NA	NA	NA	NA	NA	NA
19	49463144	49500924	11	7	4	1	g	NA	3	0	0.05	0.1	3.256502	0.03822693	3.218275	7	4	1	NA	NA	NA	NA	NA	NA	NA	8	3	5	7	4	1	NA	NA	NA	NA	NA	NA
19	49500925	50109016	3	3	0	2	d	3	3	0	0.0426904988805	0.190701152186	3.207178	0.03453793	3.17264	3	0	1	NA	NA	NA	NA	NA	NA	NA	3	0	3	4	0	1	NA	NA	NA	NA	NA	NA
19	50109017	52182500	3	3	0	3	b	5	3	0	0.0327001944061	0.305076596954	3	0	3	3	0	1	NA	NA	NA	NA	NA	NA	NA	3	0	3	3	0	1	NA	NA	NA	NA	NA	NA
19	52182501	58410371	3	3	0	2	d	4	3.14	0	0.0345444889211	0.243452269962	3	0	3	3	0	1	NA	NA	NA	NA	NA	NA	NA	3	0	3	3	0	1	NA	NA	NA	NA	NA	NA
19	58410372	58420770	3	3	0	2	d	2	NA	NA	NA	NA	3	0	3	6	3	1	NA	NA	NA	NA	NA	NA	NA	NA	NA	NA	3	0	1	NA	NA	NA	NA	NA	NA
19	58420771	58422329	NA	NA	NA	NA	NA	NA	NA	NA	NA	NA	NA	NA	NA	NA	NA	NA	NA	NA	NA	NA	NA	NA	NA	NA	NA	NA	NA	NA	NA	NA	NA	NA	NA	NA	NA
19	58422330	58445194	8	5	3	2	d	2	NA	NA	NA	NA	NA	NA	NA	5	3	1	NA	NA	NA	NA	NA	NA	NA	8	3	5	NA	NA	NA	NA	NA	NA	NA	NA	NA
19	58445195	58869938	6	3	3	2	d	2	3	3	0.111631971192	0.452840211148	5.643422	2.62023406	3.023188	4	3	1	NA	NA	NA	NA	NA	NA	NA	6	3	3	NA	NA	NA	NA	NA	NA	NA	NA	NA
20	24347	15556448	5	3	2	1	g	1	2	1.36	0.0637273698842	0.165250164429	3.887786	1.53081902	2.356967	NA	NA	NA	NA	NA	NA	NA	NA	NA	NA	5	2	3	NA	NA	NA	NA	NA	NA	NA	NA	NA
20	15556449	15572920	3	2	1	2	f	2	1	1	0.05	0.1	3.887786	1.53081902	2.356967	NA	NA	NA	NA	NA	NA	NA	NA	NA	NA	3	1	2	NA	NA	NA	NA	NA	NA	NA	NA	NA
20	15572921	25599999	5	3	2	2	f	3	2	1.32	0.0651908913725	0.164485675544	3.803688	1.48725822	2.31643	3	1	0.100569846351623	3	2	0.899430153648377	0.0119681288088853	0.0115614740324697	0.0641558208189383	0.108988571244249	5	2	3	NA	NA	NA	NA	NA	NA	NA	NA	NA
20	25600000	29505048	NA	NA	NA	NA	NA	NA	2	1.32	0.05	0.501175205492	3.803688	1.48725822	2.31643	3	2	1	NA	NA	NA	NA	NA	NA	NA	5	2	3	3	0	1	NA	NA	NA	NA	NA	NA
20	29505049	30747140	2	2	0	2	f	3	2	0	0.05	0.112277009023	2.506551	0.02775096	2.4788	2	0	1	NA	NA	NA	NA	NA	NA	NA	3	0	3	3	0	1	NA	NA	NA	NA	NA	NA
20	30747141	40046302	6	3	3	2	d	3	2	2	0.038191653092	0.223528982661	5.113589	2.5567943	2.556794	3	3	1	NA	NA	NA	NA	NA	NA	NA	6	3	3	3	3	1	NA	NA	NA	NA	NA	NA
20	40046303	41829996	9	6	3	1	g	NA	4	2	0.0483898124841	0.257197252541	7.229699	2.45669769	4.773002	6	3	1	NA	NA	NA	NA	NA	NA	NA	8	3	5	6	3	1	NA	NA	NA	NA	NA	NA
20	41829997	44610047	6	3	3	2	d	3	2	2	0.0389871708837	0.194136718668	5.068764	2.53438217	2.534382	3	3	1	NA	NA	NA	NA	NA	NA	NA	6	3	3	3	3	1	NA	NA	NA	NA	NA	NA
20	44610048	45001768	9	6	3	2	d	2	3.68	2	0.0509592075711	0.237400445045	7.707152	2.62384408	5.083308	6	3	1	NA	NA	NA	NA	NA	NA	NA	8	3	5	6	3	1	NA	NA	NA	NA	NA	NA
20	45001769	47588544	8	6	2	2	f	2	6	2	0.04363433753	0.369564171339	10.277191	2.59982021	7.677371	9	3	1	NA	NA	NA	NA	NA	NA	NA	8	2	6	10	3	1	NA	NA	NA	NA	NA	NA
20	47588545	47821559	9	6	3	2	f	3	4	2	0.0549142155901	0.297161699221	7.99655	2.62013156	5.376419	6	3	1	NA	NA	NA	NA	NA	NA	NA	8	3	5	7	3	0.206668	6	3	0.793332	NA	NA	NA
20	47821560	47983609	8	6	2	2	f	2	6	2	0.0390976160248	0.406321590526	10.580209	2.69193836	7.888271	9	3	1	NA	NA	NA	NA	NA	NA	NA	8	2	6	10	3	1	NA	NA	NA	NA	NA	NA
20	47983610	51882980	9	6	3	2	d	2	3.74	1.91	0.0499389643698	0.255373571327	7.775967	2.60125216	5.174715	6	3	1	NA	NA	NA	NA	NA	NA	NA	8	3	5	6	3	1	NA	NA	NA	NA	NA	NA
20	51882981	56167136	12	9	3	2	d	2	5.68	1.86	0.0432684659312	0.375663124222	9.785379	2.48567493	7.299705	9	3	1	NA	NA	NA	NA	NA	NA	NA	8	2	6	9	3	1	NA	NA	NA	NA	NA	NA
20	56167137	62401143	9	6	3	2	f	3	4	2	0.0495251798782	0.280190341062	7.651728	2.58804635	5.063682	6	3	1	NA	NA	NA	NA	NA	NA	NA	8	3	5	6	3	1	NA	NA	NA	NA	NA	NA
21	1	10899999	NA	NA	NA	NA	NA	NA	1.8	1.86	0.05	0.420563891919	NA	NA	NA	NA	NA	NA	NA	NA	NA	NA	NA	NA	NA	NA	NA	NA	NA	NA	NA	NA	NA	NA	NA	NA	NA
21	10900000	14299999	2	1	1	1	g	NA	1.8	1.86	0.05	0.354434948233	NA	NA	NA	NA	NA	NA	NA	NA	NA	NA	NA	NA	NA	NA	NA	NA	1	1	1	NA	NA	NA	NA	NA	NA
21	14300000	45766193	4	2	2	2	d	2	1.8	1.86	0.0524309092342	0.192312645865	3.245014	1.62250679	1.622507	2	1	0.18100831041605	2	2	0.81899168958395	0.00486240032034825	0.00487690645871221	0.165413712750726	0.184814353804481	4	2	2	2	2	1	NA	NA	NA	NA	NA	NA
21	45766194	46937500	3	2	1	2	d	4	2	1	0.0699864040764	0.161603575069	2.80071	0.9437022	1.857008	2	1	1	NA	NA	NA	NA	NA	NA	NA	3	1	2	2	1	1	NA	NA	NA	NA	NA	NA
21	46937501	48129894	3	2	1	2	d	3	NA	NA	NA	NA	2.745087	0.93024794	1.81484	2	1	1	NA	NA	NA	NA	NA	NA	NA	3	1	2	2	1	1	NA	NA	NA	NA	NA	NA
22	1	12199999	3	2	1	1	h	1	NA	NA	NA	NA	NA	NA	NA	NA	NA	NA	NA	NA	NA	NA	NA	NA	NA	3	1	2	NA	NA	NA	NA	NA	NA	NA	NA	NA
22	12200000	17899999	3	2	1	2	d	4	2	1	0.0677034654145	0.220347111476	2.620564	0.88730876	1.733255	2	1	1	NA	NA	NA	NA	NA	NA	NA	3	1	2	2	1	1	NA	NA	NA	NA	NA	NA
22	17900000	49687500	3	2	1	2	d	4	2	1	0.077621629535	0.186304031906	2.717729	0.91777198	1.799957	2	1	1	NA	NA	NA	NA	NA	NA	NA	3	1	2	2	1	1	NA	NA	NA	NA	NA	NA
22	49687501	51304565	3	2	1	2	d	3	NA	NA	NA	NA	2.775802	0.94083919	1.834963	2	1	1	NA	NA	NA	NA	NA	NA	NA	3	1	2	2	1	1	NA	NA	NA	NA	NA	NA
X	1	58099999	5	3	2	2	e	3	NA	NA	NA	NA	3.860329	1.63762067	2.222708	2	2	0.271441550575409	3	2	0.728558449424591	0.00779640911306026	0.00784761589710448	0.276750901295323	0.30744347608736	5	2	3	NA	NA	NA	NA	NA	NA	NA	NA	NA
X	58100000	62999999	5	3	2	2	e	2	NA	NA	NA	NA	3.971569	1.64604854	2.325521	NA	NA	NA	NA	NA	NA	NA	NA	NA	NA	5	2	3	NA	NA	NA	NA	NA	NA	NA	NA	NA
X	63000000	95820020	5	3	2	2	e	3	NA	NA	NA	NA	3.853802	1.62997124	2.223831	2	2	0.287670922529165	3	2	0.712329077470835	0.010880016928623	0.0112111075177914	0.264707910092515	0.308667599479298	5	2	3	NA	NA	NA	NA	NA	NA	NA	NA	NA
X	95820021	104558261	4	3	1	2	e	3	NA	NA	NA	NA	3.167938	0.95450719	2.213431	2	1	0.66067210377159	3	1	0.33932789622841	0.0208287772164362	0.0211289818812328	0.618355565291661	0.701871710744435	4	1	3	NA	NA	NA	NA	NA	NA	NA	NA	NA
X	104558262	104558299	4	3	1	2	e	2	NA	NA	NA	NA	3.167938	0.95450719	2.213431	2	1	0.66067210377159	3	1	0.33932789622841	0.0208287772164362	0.0211289818812328	0.618355565291661	0.701871710744435	NA	NA	NA	NA	NA	NA	NA	NA	NA	NA	NA	NA
X	104558300	107622379	4	3	1	2	e	3	NA	NA	NA	NA	3.181892	0.97460451	2.207288	2	1	0.66067210377159	3	1	0.33932789622841	0.0208287772164362	0.0211289818812328	0.618355565291661	0.701871710744435	4	1	3	NA	NA	NA	NA	NA	NA	NA	NA	NA
X	107622380	111625526	5	3	2	2	e	3	NA	NA	NA	NA	3.760361	1.57296518	2.187396	2	2	0.346080140835273	3	2	0.653919859164727	0.0570035948988346	0.0543644594720849	0.33335071060574	0.546948214574738	5	2	3	NA	NA	NA	NA	NA	NA	NA	NA	NA
X	111625527	128381360	5	3	2	2	e	3	NA	NA	NA	NA	3.818233	1.6196784	2.198555	2	2	0.293583056646149	3	2	0.706416943353851	0.0110494377591847	0.0110205060050729	0.27324701206515	0.315903689070984	5	2	3	NA	NA	NA	NA	NA	NA	NA	NA	NA
X	128381361	128381385	5	3	2	2	e	2	NA	NA	NA	NA	3.818233	1.6196784	2.198555	2	2	0.293583056646149	3	2	0.706416943353851	0.0110494377591847	0.0110205060050729	0.27324701206515	0.315903689070984	NA	NA	NA	NA	NA	NA	NA	NA	NA	NA	NA	NA
X	128381386	132487513	5	3	2	2	e	3	NA	NA	NA	NA	3.853403	1.6439396	2.209463	2	2	0.293583056646149	3	2	0.706416943353851	0.0110494377591847	0.0110205060050729	0.27324701206515	0.315903689070984	5	2	3	NA	NA	NA	NA	NA	NA	NA	NA	NA
X	132487514	132487535	5	3	2	2	e	2	NA	NA	NA	NA	3.853403	1.6439396	2.209463	2	2	0.293583056646149	3	2	0.706416943353851	0.0110494377591847	0.0110205060050729	0.27324701206515	0.315903689070984	NA	NA	NA	NA	NA	NA	NA	NA	NA	NA	NA	NA
X	132487536	139087449	5	3	2	2	e	3	NA	NA	NA	NA	3.842604	1.65036991	2.192234	2	2	0.293583056646149	3	2	0.706416943353851	0.0110494377591847	0.0110205060050729	0.27324701206515	0.315903689070984	5	2	3	NA	NA	NA	NA	NA	NA	NA	NA	NA
X	139087450	142099112	4	3	1	2	e	3	NA	NA	NA	NA	3.154247	0.95029461	2.203952	2	1	0.64800553776932	3	1	0.35199446223068	0.0291867505307618	0.0281166529017752	0.620113741959627	0.728673300626407	4	1	3	NA	NA	NA	NA	NA	NA	NA	NA	NA
X	142099113	155270559	5	3	2	2	e	3	NA	NA	NA	NA	3.824321	1.63147587	2.192845	2	2	0.306134810071824	3	2	0.693865189928176	0.0150595714048868	0.0150441900824526	0.280493686892535	0.340084053410071	5	2	3	NA	NA	NA	NA	NA	NA	NA	NA	NA
