chromosome	start	end	total_cn	major_cn	minor_cn	star	level	methods_agree	absolute_broad_major_cn	absolute_broad_minor_cn	absolute_broad_het_error	absolute_broad_cov_error	aceseq_copy_number	aceseq_minor_cn	aceseq_major_cn	battenberg_nMaj1_A	battenberg_nMin1_A	battenberg_frac1_A	battenberg_nMaj2_A	battenberg_nMin2_A	battenberg_frac2_A	battenberg_SDfrac_A	battenberg_SDfrac_A_BS	battenberg_frac1_A_0.025	battenberg_frac1_A_0.975	clonehd_copy_number	clonehd_minor_cn	clonehd_major_cn	sclust_nMaj1_A	sclust_nMin1_A	sclust_frac1_A	sclust_nMaj2_A	sclust_nMin2_A	sclust_frac2_A	jabba_copy_number	jabba_minor_cn	jabba_major_cn
1	10001	822352	2	1	1	2	d	3	1	1	0.05	0.435350362963	NA	NA	NA	1	1	0.861996632717838	2	1	0.138003367282162	NA	0	0.861996632717838	0.861996632717838	NA	NA	NA	1	1	1	NA	NA	NA	2	1	1
1	822353	13212499	2	1	1	2	d	4	1	1	0.0401619975875	0.15982839574	NA	NA	NA	1	1	1	NA	NA	NA	NA	NA	NA	NA	NA	NA	NA	1	1	1	NA	NA	NA	2	1	1
1	13212500	121499999	2	1	1	2	d	4	1	1	0.0454000923206	0.128230162359	NA	NA	NA	1	1	1	NA	NA	NA	NA	NA	NA	NA	NA	NA	NA	1	1	1	NA	NA	NA	2	1	1
1	121500000	128899999	2	1	1	2	d	3	1	1	0.05	0.1	NA	NA	NA	NA	NA	NA	NA	NA	NA	NA	NA	NA	NA	NA	NA	NA	1	1	1	NA	NA	NA	2	1	1
1	128900000	144897499	2	1	1	2	d	3	1	1	0.05	0.302941977338	NA	NA	NA	3	1	0.308934337997839	4	1	0.691065662002161	NA	0	0.308934337997839	0.308934337997839	NA	NA	NA	1	1	1	NA	NA	NA	2	1	1
1	144897500	147349973	2	1	1	1	g	NA	1.71	0.93	0.0484275238652	0.16848119885	NA	NA	NA	1	1	0.181916038751344	2	1	0.818083961248656	0.0204993607754325	0.0204232632666739	0.150780435309029	0.231620675505656	NA	NA	NA	2	1	1	NA	NA	NA	2	1	1
1	147349974	153042124	2	1	1	2	e	4	1.71	0.93	0.0547467786761	0.245370788974	NA	NA	NA	1	1	0.206843804883572	2	1	0.793156195116428	0.0123653513060332	0.0122148890351464	0.218157525034937	0.264037384456315	NA	NA	NA	2	1	0.848273	1	1	0.151727	2	1	1
1	153042125	157495407	2	1	1	1	g	NA	1.78	1	0.0540386284854	0.114274360669	NA	NA	NA	1	1	0.249763512411525	2	1	0.750236487588475	0.0111472016008823	0.0112495113012224	0.234222592394017	0.279045758560953	NA	NA	NA	2	1	1	NA	NA	NA	2	1	1
1	157495408	157522778	3	2	1	2	f	1	1.78	0.93	0.05	0.1	NA	NA	NA	3	1	0.335052907366414	3	2	0.664947092633587	0.0647876742998665	0.0621053188572257	0.224725918240583	0.472033904547801	NA	NA	NA	3	2	0.464677	3	1	0.535323	3	1	2
1	157522779	192750419	3	2	1	2	d	2	1.78	0.93	0.058195567129	0.16356621671	NA	NA	NA	1	1	0.219959618443829	2	1	0.780040381556171	0.0041045418149914	0.00413583417511545	0.211584337486051	0.228290959447718	NA	NA	NA	2	1	1	NA	NA	NA	3	1	2
1	192750420	193721883	3	2	1	2	d	3	2	1	0.0724930406678	0.161584147155	NA	NA	NA	1	1	0.219959618443829	2	1	0.780040381556171	0.0041045418149914	0.00413583417511545	0.211584337486051	0.228290959447718	NA	NA	NA	2	1	1	NA	NA	NA	3	1	2
1	193721884	193806883	3	2	1	2	d	3	2	1	0.05	0.167740749584	NA	NA	NA	1	1	0.219959618443829	2	1	0.780040381556171	0.0041045418149914	0.00413583417511545	0.211584337486051	0.228290959447718	NA	NA	NA	2	1	1	NA	NA	NA	3	1	2
1	193806884	194063102	3	2	1	2	d	2	2	1	0.0570592594519	0.182944851016	NA	NA	NA	1	0	0.445417764745185	1	1	0.554582235254815	0.0145759155244872	0.0148963322455217	0.422082617153959	0.477564386376621	NA	NA	NA	1	0	0.476933	1	1	0.523067	3	1	2
1	194063103	194449845	3	2	1	2	d	3	2	1	0.05	0.217460426347	NA	NA	NA	2	1	1	NA	NA	NA	NA	NA	NA	NA	NA	NA	NA	2	1	0.98108	1	1	0.0189203	3	1	2
1	194449846	194454383	3	2	1	2	d	3	2	1	0.05	0.1	NA	NA	NA	2	1	1	NA	NA	NA	NA	NA	NA	NA	NA	NA	NA	2	1	0.98108	1	1	0.0189203	3	1	2
1	194454384	194654826	3	2	1	2	d	4	2	1	0.0750655567172	0.166509050117	NA	NA	NA	2	1	1	NA	NA	NA	NA	NA	NA	NA	NA	NA	NA	2	1	1	NA	NA	NA	3	1	2
1	194654827	194952518	3	2	1	2	d	3	2	1	0.0520723846673	0.191045715118	NA	NA	NA	1	1	0.231124096570814	2	1	0.768875903429186	0.0426886884025278	0.0411167587737959	0.151342193233172	0.31603822684134	NA	NA	NA	2	1	1	NA	NA	NA	3	1	2
1	194952519	194982992	3	2	1	2	d	3	2	1	0.05	0.1	NA	NA	NA	2	1	1	NA	NA	NA	NA	NA	NA	NA	NA	NA	NA	1	0	0.586355	1	1	0.413645	3	1	2
1	194982993	195696494	3	2	1	2	d	2	1.78	0.93	0.0821081863511	0.177185191222	NA	NA	NA	2	1	0.88358564459611	2	2	0.11641435540389	0.0304898212766828	0.0313924458890424	0.842565042157378	0.963278929881865	NA	NA	NA	2	1	1	NA	NA	NA	3	1	2
1	195696495	195698822	3	2	1	2	d	2	1.78	0.93	0.05	0.1	NA	NA	NA	1	1	1	NA	NA	NA	NA	NA	NA	NA	NA	NA	NA	2	1	1	NA	NA	NA	3	1	2
1	195698823	229940010	3	2	1	2	d	2	1.78	0.93	0.0562291492828	0.146025634924	NA	NA	NA	1	1	0.222581030977154	2	1	0.777418969022846	0.00420595484089331	0.00414871236524676	0.2219773697944	0.237990387481331	NA	NA	NA	2	1	1	NA	NA	NA	3	1	2
1	229940011	230070946	3	2	1	2	d	3	1.78	0.93	0.05	0.0983094054277	NA	NA	NA	2	1	1	NA	NA	NA	NA	NA	NA	NA	NA	NA	NA	2	1	1	NA	NA	NA	3	1	2
1	230070947	230072825	3	2	1	2	d	2	1.78	0.93	0.05	0.1	NA	NA	NA	NA	NA	NA	NA	NA	NA	NA	NA	NA	NA	NA	NA	NA	2	1	1	NA	NA	NA	3	1	2
1	230072826	249250620	3	2	1	2	d	2	1.78	0.93	0.0556757992232	0.139110672268	NA	NA	NA	1	1	0.22051891169593	2	1	0.77948108830407	0.00487585532731658	0.00468420582711972	0.216363600096998	0.23480037193519	NA	NA	NA	2	1	1	NA	NA	NA	3	1	2
2	38938	162876	2	1	1	2	d	3	1	1	0.05	0.086080127497	NA	NA	NA	1	1	1	NA	NA	NA	NA	NA	NA	NA	NA	NA	NA	NA	NA	NA	NA	NA	NA	2	1	1
2	162877	90499999	2	1	1	2	d	4	1	1	0.044943632002	0.129404813105	NA	NA	NA	1	1	1	NA	NA	NA	NA	NA	NA	NA	NA	NA	NA	1	1	1	NA	NA	NA	2	1	1
2	90500000	96799999	2	1	1	2	d	4	1	1	0.038092035559	0.158206216033	NA	NA	NA	1	1	1	NA	NA	NA	NA	NA	NA	NA	NA	NA	NA	1	1	1	NA	NA	NA	2	1	1
2	96800000	138060009	2	1	1	2	d	4	1	1	0.0434080541948	0.124680392985	NA	NA	NA	1	1	1	NA	NA	NA	NA	NA	NA	NA	NA	NA	NA	1	1	1	NA	NA	NA	2	1	1
2	138060010	138291723	2	1	1	2	d	3	1	1	0.0442059711737	0.169843130337	NA	NA	NA	1	1	1	NA	NA	NA	NA	NA	NA	NA	NA	NA	NA	1	0	0.200846	1	1	0.799154	2	1	1
2	138291724	138299707	2	1	1	2	d	3	1	1	0.05	0.1	NA	NA	NA	1	1	1	NA	NA	NA	NA	NA	NA	NA	NA	NA	NA	1	0	0.159861	1	1	0.840139	2	1	1
2	138299708	138344680	2	1	1	2	d	3	1	1	0.05	0.1	NA	NA	NA	1	1	1	NA	NA	NA	NA	NA	NA	NA	NA	NA	NA	1	0	0.159861	1	1	0.840139	2	1	1
2	138344681	176135478	2	1	1	2	d	4	1	1	0.0480881146145	0.13618606802	NA	NA	NA	1	1	1	NA	NA	NA	NA	NA	NA	NA	NA	NA	NA	1	1	1	NA	NA	NA	2	1	1
2	176135479	176137078	2	1	1	2	d	4	1	1	0.05	0.1	NA	NA	NA	1	1	1	NA	NA	NA	NA	NA	NA	NA	NA	NA	NA	1	1	1	NA	NA	NA	2	1	1
2	176137079	184113096	2	1	1	2	d	4	1	1	0.0436827405475	0.142847783226	NA	NA	NA	1	1	1	NA	NA	NA	NA	NA	NA	NA	NA	NA	NA	1	1	1	NA	NA	NA	2	1	1
2	184113097	184114740	2	1	1	2	d	4	1	1	0.05	0.1	NA	NA	NA	1	1	1	NA	NA	NA	NA	NA	NA	NA	NA	NA	NA	1	1	1	NA	NA	NA	2	1	1
2	184114741	223752754	2	1	1	2	d	4	1	1	0.0454215640556	0.134468250178	NA	NA	NA	1	1	1	NA	NA	NA	NA	NA	NA	NA	NA	NA	NA	1	1	1	NA	NA	NA	2	1	1
2	223752755	224262346	2	1	1	2	d	4	1	1	0.0498539302655	0.108901269289	NA	NA	NA	1	1	1	NA	NA	NA	NA	NA	NA	NA	NA	NA	NA	1	1	1	NA	NA	NA	2	1	1
2	224262347	224292820	2	1	1	2	d	3	1	1	0.05	0.1	NA	NA	NA	1	1	1	NA	NA	NA	NA	NA	NA	NA	NA	NA	NA	1	0	0.225775	1	1	0.774225	2	1	1
2	224292821	224656859	2	1	1	2	d	3	1	1	0.0460495367553	0.129491688201	NA	NA	NA	1	1	1	NA	NA	NA	NA	NA	NA	NA	NA	NA	NA	2	1	0.119683	1	1	0.880317	2	1	1
2	224656860	224660208	2	1	1	2	d	4	1	1	0.05	0.1	NA	NA	NA	1	1	1	NA	NA	NA	NA	NA	NA	NA	NA	NA	NA	1	1	1	NA	NA	NA	2	1	1
2	224660209	243018400	2	1	1	2	d	4	1	1	0.0408603933307	0.113494609055	NA	NA	NA	1	1	1	NA	NA	NA	NA	NA	NA	NA	NA	NA	NA	1	1	1	NA	NA	NA	2	1	1
3	66164	75930080	2	1	1	2	d	4	1	1	0.0454947450203	0.119923265692	NA	NA	NA	1	1	1	NA	NA	NA	NA	NA	NA	NA	NA	NA	NA	1	1	1	NA	NA	NA	2	1	1
3	75930081	83232474	2	1	1	2	d	4	1	1	0.0519895031158	0.146975906116	NA	NA	NA	1	1	1	NA	NA	NA	NA	NA	NA	NA	NA	NA	NA	1	1	1	NA	NA	NA	2	1	1
3	83232475	83234591	2	1	1	2	d	3	1	1	0.05	0.1	NA	NA	NA	2	2	1	NA	NA	NA	NA	NA	NA	NA	NA	NA	NA	1	1	1	NA	NA	NA	2	1	1
3	83234592	87899999	2	1	1	2	d	3	1	1	0.0607524006327	0.171353066454	NA	NA	NA	1	0	0.0645603342027548	1	1	0.935439665797245	0.00748187643165791	0.00726372306968171	0.0500715295552029	0.0794604097084719	NA	NA	NA	1	1	1	NA	NA	NA	2	1	1
3	87900000	93899999	2	1	1	2	d	3	1	1	0.0659171306493	0.154812403587	NA	NA	NA	NA	NA	NA	NA	NA	NA	NA	NA	NA	NA	NA	NA	NA	1	1	1	NA	NA	NA	2	1	1
3	93900000	100848912	2	1	1	2	d	3	1	1	0.0476249746402	0.152032942538	NA	NA	NA	1	0	0.0468999229252199	1	1	0.95310007707478	0.00525284495321145	0.00535697206375356	0.0370391802099074	0.0573264038093012	NA	NA	NA	1	1	1	NA	NA	NA	2	1	1
3	100848913	100984206	2	1	1	2	d	2	1	1	0.05	0.137668594834	NA	NA	NA	1	0	0.0468999229252199	1	1	0.95310007707478	0.00525284495321145	0.00535697206375356	0.0370391802099074	0.0573264038093012	NA	NA	NA	2	2	0.670431	2	1	0.329569	2	1	1
3	100984207	100986308	2	1	1	1	g	NA	NA	NA	NA	NA	NA	NA	NA	0	0	0.923573735199139	1	0	0.0764262648008613	NA	0	0.923573735199139	0.923573735199139	NA	NA	NA	2	2	0.670431	2	1	0.329569	2	1	1
3	100986309	117532818	2	1	1	2	d	4	1	1	0.0524608030741	0.13663069387	NA	NA	NA	1	1	1	NA	NA	NA	NA	NA	NA	NA	NA	NA	NA	1	1	1	NA	NA	NA	2	1	1
3	117532819	117534371	2	1	1	2	d	4	1	1	0.05	0.1	NA	NA	NA	1	1	1	NA	NA	NA	NA	NA	NA	NA	NA	NA	NA	1	1	1	NA	NA	NA	2	1	1
3	117534372	158249547	2	1	1	2	d	4	1	1	0.044239362116	0.119528554103	NA	NA	NA	1	1	1	NA	NA	NA	NA	NA	NA	NA	NA	NA	NA	1	1	1	NA	NA	NA	2	1	1
3	158249548	158252928	2	1	1	2	d	4	1	1	0.05	0.1	NA	NA	NA	1	1	1	NA	NA	NA	NA	NA	NA	NA	NA	NA	NA	1	1	1	NA	NA	NA	2	1	1
3	158252929	158670662	2	1	1	2	d	4	1	1	0.05	0.112170360207	NA	NA	NA	1	1	1	NA	NA	NA	NA	NA	NA	NA	NA	NA	NA	1	1	1	NA	NA	NA	2	1	1
3	158670663	162927852	2	1	1	2	d	4	1	1	0.0553287794292	0.154972602812	NA	NA	NA	1	1	1	NA	NA	NA	NA	NA	NA	NA	NA	NA	NA	1	1	1	NA	NA	NA	2	1	1
3	162927853	162930276	2	1	1	2	d	4	1	1	0.05	0.1	NA	NA	NA	1	1	1	NA	NA	NA	NA	NA	NA	NA	NA	NA	NA	1	1	1	NA	NA	NA	2	1	1
3	162930277	197822500	2	1	1	2	d	4	1	1	0.0490941476553	0.14100691094	NA	NA	NA	1	1	1	NA	NA	NA	NA	NA	NA	NA	NA	NA	NA	1	1	1	NA	NA	NA	2	1	1
4	60236	28826252	2	1	1	2	d	4	1	1	0.0456574121329	0.124359655354	NA	NA	NA	1	1	1	NA	NA	NA	NA	NA	NA	NA	NA	NA	NA	1	1	1	NA	NA	NA	2	1	1
4	28826253	29014447	2	1	1	2	d	3	1	1	0.0243214977005	0.1706859103	NA	NA	NA	1	0	0.0828020203692971	1	1	0.917197979630703	0.0260144273840908	0.0251173440897236	0.0420676071255433	0.136032497697008	NA	NA	NA	1	1	1	NA	NA	NA	2	1	1
4	29014448	29016500	2	1	1	2	d	3	1	1	0.05	0.1	NA	NA	NA	0	0	0.984714747039828	1	0	0.015285252960172	NA	0	0.984714747039828	0.984714747039828	NA	NA	NA	1	1	1	NA	NA	NA	2	1	1
4	29016501	29135221	2	1	1	2	d	3	1	1	0.0733124574945	0.115019865722	NA	NA	NA	1	1	1	NA	NA	NA	NA	NA	NA	NA	NA	NA	NA	1	0	0.251799	1	1	0.748201	2	1	1
4	29135222	36885119	2	1	1	2	d	4	1	1	0.0497143287574	0.153679849149	NA	NA	NA	1	1	1	NA	NA	NA	NA	NA	NA	NA	NA	NA	NA	1	1	1	NA	NA	NA	2	1	1
4	36885120	36886990	2	1	1	2	d	4	1	1	0.05	0.1	NA	NA	NA	1	1	1	NA	NA	NA	NA	NA	NA	NA	NA	NA	NA	1	1	1	NA	NA	NA	2	1	1
4	36886991	48199999	2	1	1	2	d	4	1	1	0.0470472889827	0.131161695848	NA	NA	NA	1	1	1	NA	NA	NA	NA	NA	NA	NA	NA	NA	NA	1	1	1	NA	NA	NA	2	1	1
4	48200000	52699999	2	1	1	2	d	3	1	1	0.039994709565	0.298156305925	NA	NA	NA	NA	NA	NA	NA	NA	NA	NA	NA	NA	NA	NA	NA	NA	1	1	1	NA	NA	NA	2	1	1
4	52700000	79869551	2	1	1	2	d	4	1	1	0.0509596679658	0.154016378066	NA	NA	NA	1	1	1	NA	NA	NA	NA	NA	NA	NA	NA	NA	NA	1	1	1	NA	NA	NA	2	1	1
4	79869552	79872290	2	1	1	2	d	3	1	1	0.05	0.1	NA	NA	NA	0	0	0.976116792249731	1	0	0.0238832077502693	NA	0	0.976116792249731	0.976116792249731	NA	NA	NA	1	1	1	NA	NA	NA	2	1	1
4	79872291	96776131	2	1	1	2	d	4	1	1	0.0504043755024	0.141274600161	NA	NA	NA	1	1	1	NA	NA	NA	NA	NA	NA	NA	NA	NA	NA	1	1	1	NA	NA	NA	2	1	1
4	96776132	96894546	2	1	1	2	d	2	1	1	0.05	0.158559463817	NA	NA	NA	1	0	0.192218975857296	1	1	0.807781024142704	0.0330760697355336	0.0319525345231877	0.162269101644326	0.286065424900024	NA	NA	NA	1	0	0.148599	1	1	0.851401	2	1	1
4	96894547	98093315	2	1	1	2	d	3	1	1	0.0421397167405	0.163603256615	NA	NA	NA	1	0	0.0552013469128644	1	1	0.944798653087136	0.0199123585005028	0.0186304405483944	0.0476464291374416	0.121019440573057	NA	NA	NA	1	1	1	NA	NA	NA	2	1	1
4	98093316	98095314	2	1	1	2	d	3	1	1	0.05	0.1	NA	NA	NA	NA	NA	NA	NA	NA	NA	NA	NA	NA	NA	NA	NA	NA	1	1	1	NA	NA	NA	2	1	1
4	98095315	128359745	2	1	1	2	d	4	1	1	0.049385596675	0.146022274579	NA	NA	NA	1	1	1	NA	NA	NA	NA	NA	NA	NA	NA	NA	NA	1	1	1	NA	NA	NA	2	1	1
4	128359746	128538793	2	1	1	2	d	4	1	1	0.05	0.13677792937	NA	NA	NA	1	1	1	NA	NA	NA	NA	NA	NA	NA	NA	NA	NA	1	1	1	NA	NA	NA	2	1	1
4	128538794	128540388	2	1	1	2	d	3	1	1	0.05	0.1	NA	NA	NA	0	0	0.984714747039828	1	0	0.015285252960172	NA	0	0.984714747039828	0.984714747039828	NA	NA	NA	1	1	1	NA	NA	NA	2	1	1
4	128540389	133807366	2	1	1	2	d	4	1	1	0.0551574251731	0.164661521949	NA	NA	NA	1	1	1	NA	NA	NA	NA	NA	NA	NA	NA	NA	NA	1	1	1	NA	NA	NA	2	1	1
4	133807367	133958291	2	1	1	2	d	3	1	1	0.038265594316	0.14614335687	NA	NA	NA	1	0	0.121534493833024	1	1	0.878465506166976	0.0222097192140108	0.0221026803181096	0.0776110672873426	0.164482990537147	NA	NA	NA	1	1	1	NA	NA	NA	2	1	1
4	133958292	134097997	2	1	1	2	d	3	1	1	0.0442960332354	0.204135451356	NA	NA	NA	1	0	0.121534493833024	1	1	0.878465506166976	0.0222097192140108	0.0221026803181096	0.0776110672873426	0.164482990537147	NA	NA	NA	1	1	1	NA	NA	NA	2	1	1
4	134097998	134197139	2	1	1	2	d	3	1	1	0.05	0.131327920441	NA	NA	NA	1	1	1	NA	NA	NA	NA	NA	NA	NA	NA	NA	NA	1	0	0.148599	1	1	0.851401	2	1	1
4	134197140	159645559	2	1	1	2	d	4	1	1	0.0489587211389	0.140332286038	NA	NA	NA	1	1	1	NA	NA	NA	NA	NA	NA	NA	NA	NA	NA	1	1	1	NA	NA	NA	2	1	1
4	159645560	159647456	2	1	1	2	d	3	1	1	0.05	0.1	NA	NA	NA	1	0	0.0615100722743343	1	1	0.938489927725666	NA	0	0.0615100722743343	0.0615100722743343	NA	NA	NA	1	1	1	NA	NA	NA	2	1	1
4	159647457	163217696	2	1	1	2	d	3	1	1	0.0469101799416	0.146048634426	NA	NA	NA	1	0	0.0479787831022567	1	1	0.952021216897743	0.00747100166546133	0.00730653810451546	0.0339236839211403	0.0620400721524136	NA	NA	NA	1	1	1	NA	NA	NA	2	1	1
4	163217697	163228037	2	1	1	2	d	2	1	1	0.05	0.1	NA	NA	NA	1	0	0.0479787831022567	1	1	0.952021216897743	0.00747100166546133	0.00730653810451546	0.0339236839211403	0.0620400721524136	NA	NA	NA	1	0	0.217684	1	1	0.782316	2	1	1
4	163228038	163364920	2	1	1	2	d	3	1	1	0.0544472559959	0.145943024696	NA	NA	NA	1	0	0.0479787831022567	1	1	0.952021216897743	0.00747100166546133	0.00730653810451546	0.0339236839211403	0.0620400721524136	NA	NA	NA	1	1	1	NA	NA	NA	2	1	1
4	163364921	163366673	2	1	1	2	d	3	1	1	0.05	0.1	NA	NA	NA	2	1	1	NA	NA	NA	NA	NA	NA	NA	NA	NA	NA	1	1	1	NA	NA	NA	2	1	1
4	163366674	190790811	2	1	1	2	d	4	1	1	0.0472930205793	0.12990554046	NA	NA	NA	1	1	1	NA	NA	NA	NA	NA	NA	NA	NA	NA	NA	1	1	1	NA	NA	NA	2	1	1
5	22500	46099999	2	1	1	2	d	4	1	1	0.046251863948	0.13578340627	NA	NA	NA	1	1	1	NA	NA	NA	NA	NA	NA	NA	NA	NA	NA	1	1	1	NA	NA	NA	2	1	1
5	46100000	50699999	2	1	1	2	d	2	1	1	0.051163642435	0.43898226196	NA	NA	NA	NA	NA	NA	NA	NA	NA	NA	NA	NA	NA	NA	NA	NA	1	0	0.148599	1	1	0.851401	2	1	1
5	50700000	89866299	2	1	1	2	d	4	1	1	0.0440248520187	0.132787708884	NA	NA	NA	1	1	1	NA	NA	NA	NA	NA	NA	NA	NA	NA	NA	1	1	1	NA	NA	NA	2	1	1
5	89866300	89868190	2	1	1	2	d	4	1	1	0.05	0.1	NA	NA	NA	1	1	1	NA	NA	NA	NA	NA	NA	NA	NA	NA	NA	1	1	1	NA	NA	NA	2	1	1
5	89868191	90582217	2	1	1	2	d	4	1	1	0.0435258609144	0.115970054352	NA	NA	NA	1	1	1	NA	NA	NA	NA	NA	NA	NA	NA	NA	NA	1	1	1	NA	NA	NA	2	1	1
5	90582218	149738117	2	1	1	2	d	4	1	1	0.0459840371146	0.145322174032	NA	NA	NA	1	1	1	NA	NA	NA	NA	NA	NA	NA	NA	NA	NA	1	1	1	NA	NA	NA	2	1	1
5	149738118	149740474	2	1	1	2	d	4	1	1	0.05	0.1	NA	NA	NA	1	1	1	NA	NA	NA	NA	NA	NA	NA	NA	NA	NA	1	1	1	NA	NA	NA	2	1	1
5	149740475	165343703	2	1	1	2	d	4	1	1	0.044148530225	0.135870956629	NA	NA	NA	1	1	1	NA	NA	NA	NA	NA	NA	NA	NA	NA	NA	1	1	1	NA	NA	NA	2	1	1
5	165343704	169597425	2	1	1	2	d	4	1	1	0.0441565309878	0.106378596733	NA	NA	NA	1	1	1	NA	NA	NA	NA	NA	NA	NA	NA	NA	NA	1	1	1	NA	NA	NA	2	1	1
5	169597426	169668020	2	1	1	2	d	3	1	1	0.05	0.0738337001123	NA	NA	NA	2	1	0.222774477802523	2	2	0.777225522197477	0.0649743595116571	0.0661229201420964	0.0774748024886527	0.33350700358342	NA	NA	NA	1	1	1	NA	NA	NA	2	1	1
5	169668021	170040010	2	1	1	2	d	4	1	1	0.0369073297856	0.0784239243233	NA	NA	NA	1	1	1	NA	NA	NA	NA	NA	NA	NA	NA	NA	NA	1	1	1	NA	NA	NA	2	1	1
5	170040011	180689978	2	1	1	2	d	4	1	1	0.0401628236939	0.106859164299	NA	NA	NA	1	1	1	NA	NA	NA	NA	NA	NA	NA	NA	NA	NA	1	1	1	NA	NA	NA	2	1	1
6	202331	58699999	2	1	1	2	d	4	1	1	0.0486840583217	0.132232082084	NA	NA	NA	1	1	1	NA	NA	NA	NA	NA	NA	NA	NA	NA	NA	1	1	1	NA	NA	NA	2	1	1
6	58700000	63299999	2	1	1	2	d	4	1	1	0.0579916704184	0.28735971606	NA	NA	NA	1	1	1	NA	NA	NA	NA	NA	NA	NA	NA	NA	NA	1	1	1	NA	NA	NA	2	1	1
6	63300000	114989065	2	1	1	2	d	4	1	1	0.0487075361416	0.148256530827	NA	NA	NA	1	1	1	NA	NA	NA	NA	NA	NA	NA	NA	NA	NA	1	1	1	NA	NA	NA	2	1	1
6	114989066	114992410	2	1	1	2	d	4	1	1	0.05	0.1	NA	NA	NA	1	1	1	NA	NA	NA	NA	NA	NA	NA	NA	NA	NA	1	1	1	NA	NA	NA	2	1	1
6	114992411	170860359	2	1	1	2	d	4	1	1	0.0455489787664	0.124052805731	NA	NA	NA	1	1	1	NA	NA	NA	NA	NA	NA	NA	NA	NA	NA	1	1	1	NA	NA	NA	2	1	1
7	40386	25649151	2	1	1	2	d	4	1	1	0.0464561852712	0.125910041293	NA	NA	NA	1	1	1	NA	NA	NA	NA	NA	NA	NA	NA	NA	NA	1	1	1	NA	NA	NA	2	1	1
7	25649152	25793256	2	1	1	1	g	NA	1	0	0.0878381968874	0.135314327366	NA	NA	NA	1	0	0.753498385360602	1	1	0.246501614639398	0.0214608878504651	0.0216678915659492	0.681977514751073	0.765600009322382	NA	NA	NA	2	0	0.47902	2	1	0.52098	2	1	1
7	25793257	49632598	2	1	1	2	d	4	1	1	0.0436573655552	0.112774054178	NA	NA	NA	1	1	1	NA	NA	NA	NA	NA	NA	NA	NA	NA	NA	1	1	1	NA	NA	NA	2	1	1
7	49632599	49635143	2	1	1	2	d	4	1	1	0.05	0.1	NA	NA	NA	1	1	1	NA	NA	NA	NA	NA	NA	NA	NA	NA	NA	1	1	1	NA	NA	NA	2	1	1
7	49635144	57999999	2	1	1	2	d	4	1	1	0.0420785655669	0.19826584569	NA	NA	NA	1	1	1	NA	NA	NA	NA	NA	NA	NA	NA	NA	NA	1	1	1	NA	NA	NA	2	1	1
7	58000000	61699999	2	1	1	2	d	2	1	1	0.05	0.915704414294	NA	NA	NA	NA	NA	NA	NA	NA	NA	NA	NA	NA	NA	NA	NA	NA	1	0	0.183892	1	1	0.816108	2	1	1
7	61700000	63477551	2	1	1	2	d	2	1	1	0.0494677159022	0.880954098851	NA	NA	NA	1	0	0.0721836984682081	1	1	0.927816301531792	0.0154946384254841	0.0157714960148499	0.0439159241861087	0.104113360014498	NA	NA	NA	1	0	0.183892	1	1	0.816108	2	1	1
7	63477552	63527550	2	1	1	2	d	2	1	1	0.05	0.1	NA	NA	NA	1	0	0.0721836984682081	1	1	0.927816301531792	0.0154946384254841	0.0157714960148499	0.0439159241861087	0.104113360014498	NA	NA	NA	1	0	0.183892	1	1	0.816108	2	1	1
7	63527551	63530224	2	1	1	2	d	2	NA	NA	NA	NA	NA	NA	NA	1	1	1	NA	NA	NA	NA	NA	NA	NA	NA	NA	NA	NA	NA	NA	NA	NA	NA	2	1	1
7	63530225	158584146	2	1	1	2	d	4	1	1	0.0464362060633	0.13195865977	NA	NA	NA	1	1	1	NA	NA	NA	NA	NA	NA	NA	NA	NA	NA	1	1	1	NA	NA	NA	2	1	1
8	189138	2084352	2	1	1	2	d	3	1	1	0.046794245151	0.101143942024	NA	NA	NA	1	1	1	NA	NA	NA	NA	NA	NA	NA	NA	NA	NA	1	1	1	NA	NA	NA	1	0	1
8	2084353	43099999	2	1	1	2	d	4	1	1	0.0453069158137	0.128104315373	NA	NA	NA	1	1	1	NA	NA	NA	NA	NA	NA	NA	NA	NA	NA	1	1	1	NA	NA	NA	2	1	1
8	43100000	48099999	2	1	1	2	d	3	1	1	0.05	0.328621386309	NA	NA	NA	NA	NA	NA	NA	NA	NA	NA	NA	NA	NA	NA	NA	NA	1	1	1	NA	NA	NA	2	1	1
8	48100000	105053647	2	1	1	2	d	4	1	1	0.0463991394554	0.135143626058	NA	NA	NA	1	1	1	NA	NA	NA	NA	NA	NA	NA	NA	NA	NA	1	1	1	NA	NA	NA	2	1	1
8	105053648	105055257	2	1	1	2	d	4	1	1	0.05	0.1	NA	NA	NA	1	1	1	NA	NA	NA	NA	NA	NA	NA	NA	NA	NA	1	1	1	NA	NA	NA	2	1	1
8	105055258	129660285	2	1	1	2	d	4	1	1	0.0471397107431	0.142060617248	NA	NA	NA	1	1	1	NA	NA	NA	NA	NA	NA	NA	NA	NA	NA	1	1	1	NA	NA	NA	2	1	1
8	129660286	129663606	2	1	1	2	d	2	1	1	0.05	0.1	NA	NA	NA	0	0	0.990446716899892	1	0	0.0095532831001075	NA	0	0.990446716899892	0.990446716899892	NA	NA	NA	1	0	0.200846	1	1	0.799154	2	1	1
8	129663607	129930443	2	1	1	2	d	3	1	1	0.0416209055657	0.136536849133	NA	NA	NA	1	1	1	NA	NA	NA	NA	NA	NA	NA	NA	NA	NA	1	0	0.200846	1	1	0.799154	2	1	1
8	129930444	138250826	2	1	1	2	d	4	1	1	0.0452842450999	0.121563995727	NA	NA	NA	1	1	1	NA	NA	NA	NA	NA	NA	NA	NA	NA	NA	1	1	1	NA	NA	NA	2	1	1
8	138250827	138390258	2	1	1	2	d	4	1	1	0.05	0.128494889825	NA	NA	NA	1	1	1	NA	NA	NA	NA	NA	NA	NA	NA	NA	NA	1	1	1	NA	NA	NA	2	1	1
8	138390259	140590015	2	1	1	2	d	3	1	1	0.045974937037	0.107174923091	NA	NA	NA	1	1	1	NA	NA	NA	NA	NA	NA	NA	NA	NA	NA	2	1	0.119683	1	1	0.880317	2	1	1
8	140590016	146364021	2	1	1	2	d	3	1	1	0.040847205302	0.0998945410625	NA	NA	NA	1	1	1	NA	NA	NA	NA	NA	NA	NA	NA	NA	NA	1	1	1	NA	NA	NA	1	0	1
9	85966	215922	2	1	1	2	d	3	1	1	0.05	0.1	NA	NA	NA	1	1	1	NA	NA	NA	NA	NA	NA	NA	NA	NA	NA	1	0	0.321542	1	1	0.678458	2	1	1
9	215923	45114229	2	1	1	2	d	4	1	1	0.0471174867541	0.15299418212	NA	NA	NA	1	1	1	NA	NA	NA	NA	NA	NA	NA	NA	NA	NA	1	1	1	NA	NA	NA	2	1	1
9	45114230	47299999	2	1	1	2	d	2	1	1	0.05	0.218610020108	NA	NA	NA	NA	NA	NA	NA	NA	NA	NA	NA	NA	NA	NA	NA	NA	1	0	0.67101	1	1	0.32899	2	1	1
9	47300000	50699999	2	1	1	2	d	2	1	1	0.05	0.1	NA	NA	NA	NA	NA	NA	NA	NA	NA	NA	NA	NA	NA	NA	NA	NA	1	0	0.67101	1	1	0.32899	2	1	1
9	50700000	128898917	2	1	1	2	d	4	1	1	0.04473156831	0.119333918642	NA	NA	NA	1	1	1	NA	NA	NA	NA	NA	NA	NA	NA	NA	NA	1	1	1	NA	NA	NA	2	1	1
9	128898918	128900811	2	1	1	2	d	3	1	1	0.05	0.1	NA	NA	NA	1	1	0.446049641505989	2	1	0.553950358494012	0.0907661380070852	0.0753652008851111	0.348079867796659	0.647901953972816	NA	NA	NA	1	1	1	NA	NA	NA	2	1	1
9	128900812	141213430	2	1	1	2	d	3	1	1	0.0397077586726	0.0973245615762	NA	NA	NA	1	1	1	NA	NA	NA	NA	NA	NA	NA	NA	NA	NA	1	1	1	NA	NA	NA	1	0	1
10	130013	329187	3	2	1	2	d	2	2	1	0.05	0.134801952675	NA	NA	NA	1	1	0.228723333684182	2	1	0.771276666315818	0.0505333133878824	0.0526051787364609	0.0825270692348903	0.293753958083755	NA	NA	NA	2	1	1	NA	NA	NA	2	1	1
10	329188	1862883	2	1	1	1	g	NA	2	1	0.0527731769727	0.13287242938	NA	NA	NA	1	1	0.253091979525931	2	1	0.746908020474069	0.014380160209987	0.0143733220070123	0.215002602486222	0.271109849925885	NA	NA	NA	2	1	0.806758	1	1	0.193242	2	1	1
10	1862884	1944452	2	1	1	1	g	NA	2	1	0.0547298291277	0.0930271208669	NA	NA	NA	1	1	0.224353318357153	2	1	0.775646681642847	0.0252639851440644	0.0254003401359513	0.174173526345113	0.274085432731265	NA	NA	NA	2	1	0.775467	1	1	0.224533	2	1	1
10	1944453	2104956	3	2	1	2	d	3	2	1	0.0460314634299	0.140298622432	NA	NA	NA	1	1	0.224353318357153	2	1	0.775646681642847	0.0252639851440644	0.0254003401359513	0.174173526345113	0.274085432731265	NA	NA	NA	2	1	1	NA	NA	NA	3	1	2
10	2104957	2144955	3	2	1	2	d	3	2	1	0.05	0.1	NA	NA	NA	1	1	0.224353318357153	2	1	0.775646681642847	0.0252639851440644	0.0254003401359513	0.174173526345113	0.274085432731265	NA	NA	NA	2	1	1	NA	NA	NA	3	1	2
10	2144956	2255744	3	2	1	2	d	2	2	1	0.0572882113397	0.153925039868	NA	NA	NA	3	1	0.354670639531961	3	2	0.645329360468039	0.0469295630234686	0.0463667243945541	0.258623131780624	0.437347570137149	NA	NA	NA	3	2	0.611136	3	1	0.388864	3	1	2
10	2255745	24066142	3	2	1	2	d	3	2	1	0.0551088721809	0.159965979356	NA	NA	NA	1	1	0.224973089343377	2	1	0.775026910656623	0.00452971518147822	0.00442296294724773	0.221633903896826	0.238410363638468	NA	NA	NA	2	1	1	NA	NA	NA	3	1	2
10	24066143	24069537	3	2	1	2	d	3	2	1	0.05	0.1	NA	NA	NA	3	2	1	NA	NA	NA	NA	NA	NA	NA	NA	NA	NA	2	1	1	NA	NA	NA	3	1	2
10	24069538	36349576	3	2	1	2	d	3	2	1	0.0542476713741	0.148534254018	NA	NA	NA	2	1	0.873803271636712	2	2	0.126196728363288	0.00406771453941923	0.00401961583936873	0.865863444388684	0.881823698665965	NA	NA	NA	2	1	1	NA	NA	NA	3	1	2
10	36349577	36490163	3	2	1	2	d	3	2	1	0.0565570445269	0.12547627262	NA	NA	NA	2	1	0.873803271636712	2	2	0.126196728363288	0.00406771453941923	0.00401961583936873	0.865863444388684	0.881823698665965	NA	NA	NA	2	1	1	NA	NA	NA	3	1	2
10	36490164	37618071	2	1	1	1	g	NA	2	1	0.0559179711833	0.160129473485	NA	NA	NA	1	1	0.201361158373552	2	1	0.798638841626448	0.0221668885479402	0.0223328307101692	0.172299340153115	0.25892829091642	NA	NA	NA	2	1	0.821873	1	1	0.178127	2	1	1
10	37618072	37624342	2	1	1	1	g	NA	2	1	0.05	0.1	NA	NA	NA	NA	NA	NA	NA	NA	NA	NA	NA	NA	NA	NA	NA	NA	2	1	0.906107	1	1	0.0938934	2	1	1
10	37624343	37999999	3	2	1	2	f	3	2	1	0.05	0.174472739733	NA	NA	NA	2	1	0.737125208474365	2	2	0.262874791525635	0.2639244310687	0.312775575532593	-0.292021580494668	0.873543303761113	NA	NA	NA	2	1	0.906107	1	1	0.0938934	2	1	1
10	38000000	42982500	NA	NA	NA	NA	NA	NA	2	1	0.070517125592	0.346382031205	NA	NA	NA	NA	NA	NA	NA	NA	NA	NA	NA	NA	NA	NA	NA	NA	2	1	0.906107	1	1	0.0938934	2	1	1
10	42982501	44217745	2	1	1	1	g	NA	2	1	0.0844092812627	0.125535721986	NA	NA	NA	1	1	0.107967039567669	2	1	0.892032960432331	0.0271061857085608	0.0272624375904393	0.053937908802132	0.162420391463951	NA	NA	NA	2	1	0.90019	1	1	0.0998102	2	1	1
10	44217746	135237679	3	3	0	2	d	2	3	0	0.0360455238185	0.163860324035	NA	NA	NA	2	0	0.841991041355602	2	1	0.158008958644398	0.000627312258006441	0.000623292801523276	0.830430088349247	0.832835559416997	NA	NA	NA	2	1	0.90019	1	1	0.0998102	3	0	3
10	135237680	135389924	3	3	0	2	d	2	3	0	0.05	0.121155891601	NA	NA	NA	NA	NA	NA	NA	NA	NA	NA	NA	NA	NA	NA	NA	NA	2	0	0.881482	2	1	0.118518	3	0	3
11	202072	39101667	2	1	1	2	d	4	1	1	0.0468388409831	0.131998292066	NA	NA	NA	1	1	1	NA	NA	NA	NA	NA	NA	NA	NA	NA	NA	1	1	1	NA	NA	NA	2	1	1
11	39101668	39106321	2	1	1	2	d	4	1	1	0.05	0.1	NA	NA	NA	1	1	1	NA	NA	NA	NA	NA	NA	NA	NA	NA	NA	1	1	1	NA	NA	NA	2	1	1
11	39106322	50493738	2	1	1	2	d	4	1	1	0.0479729770393	0.207963938819	NA	NA	NA	1	1	1	NA	NA	NA	NA	NA	NA	NA	NA	NA	NA	1	1	1	NA	NA	NA	2	1	1
11	50493739	51599999	2	1	1	2	d	2	1	1	0.0561470098467	1.05825383613	NA	NA	NA	1	0	0.0672766415500556	1	1	0.932723358449944	0.0156156817378842	0.01584938553129	0.0393208773978056	0.102311188036638	NA	NA	NA	1	0	0.187343	1	1	0.812657	2	1	1
11	51600000	55699999	2	1	1	2	d	2	1	1	0.0513060850015	0.655407178285	NA	NA	NA	1	0	0.0652997923670673	1	1	0.934700207632933	0.0192717881443778	0.0183198077398708	0.0608503064472175	0.13460703049689	NA	NA	NA	1	0	0.187343	1	1	0.812657	2	1	1
11	55700000	78923050	2	1	1	2	d	4	1	1	0.0391968308781	0.110432683598	NA	NA	NA	1	1	1	NA	NA	NA	NA	NA	NA	NA	NA	NA	NA	1	1	1	NA	NA	NA	2	1	1
11	78923051	78964395	2	1	1	2	d	3	1	1	0.05	0.1	NA	NA	NA	2	2	1	NA	NA	NA	NA	NA	NA	NA	NA	NA	NA	1	1	1	NA	NA	NA	2	1	1
11	78964396	81571816	2	1	1	2	d	3	1	1	0.0523079198191	0.131615415996	NA	NA	NA	1	1	0.941240171993323	2	1	0.0587598280066766	0.00935612321317364	0.00964495040579008	0.920810124677572	0.959197187370456	NA	NA	NA	1	1	1	NA	NA	NA	2	1	1
11	81571817	81880563	2	1	1	2	d	3	1	1	0.05	0.178727916885	NA	NA	NA	1	1	0.941240171993323	2	1	0.0587598280066766	0.00935612321317364	0.00964495040579008	0.920810124677572	0.959197187370456	NA	NA	NA	1	1	1	NA	NA	NA	2	1	1
11	81880564	82009261	2	1	1	2	d	2	1	1	0.039828001896	0.128787733043	NA	NA	NA	1	1	0.941240171993323	2	1	0.0587598280066766	0.00935612321317364	0.00964495040579008	0.920810124677572	0.959197187370456	NA	NA	NA	1	0	0.260862	1	1	0.739138	2	1	1
11	82009262	82011771	2	1	1	2	d	2	NA	NA	NA	NA	NA	NA	NA	0	0	1	NA	NA	NA	NA	NA	NA	NA	NA	NA	NA	1	1	1	NA	NA	NA	2	1	1
11	82011772	96111207	2	1	1	2	d	4	1	1	0.0470645725862	0.139227117845	NA	NA	NA	1	1	1	NA	NA	NA	NA	NA	NA	NA	NA	NA	NA	1	1	1	NA	NA	NA	2	1	1
11	96111208	96112984	2	1	1	2	d	3	1	1	0.05	0.1	NA	NA	NA	0	0	0.994540981085653	1	0	0.00545901891434719	NA	0	0.994540981085653	0.994540981085653	NA	NA	NA	1	1	1	NA	NA	NA	2	1	1
11	96112985	96212080	2	1	1	2	d	4	1	1	0.05	0.111176762717	NA	NA	NA	1	1	1	NA	NA	NA	NA	NA	NA	NA	NA	NA	NA	1	1	1	NA	NA	NA	2	1	1
11	96212081	135006515	2	1	1	2	d	4	1	1	0.0442128294976	0.118630232267	NA	NA	NA	1	1	1	NA	NA	NA	NA	NA	NA	NA	NA	NA	NA	1	1	1	NA	NA	NA	2	1	1
12	139093	33299999	2	1	1	2	d	4	1	1	0.0464156340152	0.124522998787	NA	NA	NA	1	1	1	NA	NA	NA	NA	NA	NA	NA	NA	NA	NA	1	1	1	NA	NA	NA	2	1	1
12	33300000	38199999	2	1	1	2	d	4	1	1	0.0513003562957	0.357135912553	NA	NA	NA	1	1	1	NA	NA	NA	NA	NA	NA	NA	NA	NA	NA	1	1	1	NA	NA	NA	2	1	1
12	38200000	66451370	2	1	1	2	d	4	1	1	0.0447008756008	0.184128953982	NA	NA	NA	1	1	1	NA	NA	NA	NA	NA	NA	NA	NA	NA	NA	1	1	1	NA	NA	NA	2	1	1
12	66451371	68117500	2	1	1	2	d	4	1	1	0.0409751753771	0.116616581975	NA	NA	NA	1	1	1	NA	NA	NA	NA	NA	NA	NA	NA	NA	NA	1	1	1	NA	NA	NA	2	1	1
12	68117501	68215230	2	1	1	2	d	4	1	1	0.0463288743255	0.115244815037	NA	NA	NA	1	1	1	NA	NA	NA	NA	NA	NA	NA	NA	NA	NA	1	1	1	NA	NA	NA	2	1	1
12	68215231	87026626	2	1	1	2	d	4	1	1	0.0507463880828	0.147421158547	NA	NA	NA	1	1	1	NA	NA	NA	NA	NA	NA	NA	NA	NA	NA	1	1	1	NA	NA	NA	2	1	1
12	87026627	87341590	2	1	1	2	d	3	1	1	0.05	0.180780846395	NA	NA	NA	1	0	0.102516787123891	1	1	0.897483212876109	0.0341889857510373	0.0336119547598558	0.0806720631142076	0.205437926510113	NA	NA	NA	1	1	1	NA	NA	NA	2	1	1
12	87341591	87343279	2	1	1	2	d	3	1	1	0.05	0.1	NA	NA	NA	NA	NA	NA	NA	NA	NA	NA	NA	NA	NA	NA	NA	NA	1	1	1	NA	NA	NA	2	1	1
12	87343280	91044245	2	1	1	2	d	4	1	1	0.0507573303063	0.140077192254	NA	NA	NA	1	1	1	NA	NA	NA	NA	NA	NA	NA	NA	NA	NA	1	1	1	NA	NA	NA	2	1	1
12	91044246	91047802	2	1	1	2	d	4	1	1	0.05	0.1	NA	NA	NA	1	1	1	NA	NA	NA	NA	NA	NA	NA	NA	NA	NA	1	1	1	NA	NA	NA	2	1	1
12	91047803	133851894	2	1	1	2	d	4	1	1	0.0438461044511	0.110688535458	NA	NA	NA	1	1	1	NA	NA	NA	NA	NA	NA	NA	NA	NA	NA	1	1	1	NA	NA	NA	2	1	1
13	1	16299999	2	1	1	1	g	NA	NA	NA	NA	NA	NA	NA	NA	NA	NA	NA	NA	NA	NA	NA	NA	NA	NA	NA	NA	NA	NA	NA	NA	NA	NA	NA	2	1	1
13	16300000	19499999	2	1	1	2	d	3	1	1	0.0411178925135	0.201359607965	NA	NA	NA	1	1	1	NA	NA	NA	NA	NA	NA	NA	NA	NA	NA	1	0	0.278438	1	1	0.721562	2	1	1
13	19500000	64894162	2	1	1	2	d	4	1	1	0.0454581643447	0.132559638081	NA	NA	NA	1	1	1	NA	NA	NA	NA	NA	NA	NA	NA	NA	NA	1	1	1	NA	NA	NA	2	1	1
13	64894163	64897452	2	1	1	2	d	4	1	1	0.05	0.1	NA	NA	NA	1	1	1	NA	NA	NA	NA	NA	NA	NA	NA	NA	NA	1	1	1	NA	NA	NA	2	1	1
13	64897453	82363642	2	1	1	2	d	4	1	1	0.0518340540794	0.151930383919	NA	NA	NA	1	1	1	NA	NA	NA	NA	NA	NA	NA	NA	NA	NA	1	1	1	NA	NA	NA	2	1	1
13	82363643	82365226	2	1	1	2	d	3	1	1	0.05	0.1	NA	NA	NA	0	0	1	NA	NA	NA	NA	NA	NA	NA	NA	NA	NA	1	1	1	NA	NA	NA	2	1	1
13	82365227	82759308	2	1	1	2	d	4	1	1	0.055974318396	0.17750872107	NA	NA	NA	1	1	1	NA	NA	NA	NA	NA	NA	NA	NA	NA	NA	1	1	1	NA	NA	NA	2	1	1
13	82759309	82867808	2	1	1	2	d	4	1	1	0.05	0.104168933131	NA	NA	NA	1	1	1	NA	NA	NA	NA	NA	NA	NA	NA	NA	NA	1	1	1	NA	NA	NA	2	1	1
13	82867809	83002616	2	1	1	2	d	3	1	1	0.0288000033863	0.131971588923	NA	NA	NA	1	1	1	NA	NA	NA	NA	NA	NA	NA	NA	NA	NA	2	1	0.00765509	1	1	0.992345	2	1	1
13	83002617	83150771	2	1	1	2	d	4	1	1	0.0608253503207	0.214204210333	NA	NA	NA	1	1	1	NA	NA	NA	NA	NA	NA	NA	NA	NA	NA	1	1	1	NA	NA	NA	2	1	1
13	83150772	93602146	2	1	1	2	d	4	1	1	0.0520636072893	0.160516465995	NA	NA	NA	1	1	1	NA	NA	NA	NA	NA	NA	NA	NA	NA	NA	1	1	1	NA	NA	NA	2	1	1
13	93602147	93604643	2	1	1	2	d	4	1	1	0.05	0.1	NA	NA	NA	1	1	1	NA	NA	NA	NA	NA	NA	NA	NA	NA	NA	1	1	1	NA	NA	NA	2	1	1
13	93604644	96576569	2	1	1	2	d	4	1	1	0.0414976659356	0.131675047164	NA	NA	NA	1	1	1	NA	NA	NA	NA	NA	NA	NA	NA	NA	NA	1	1	1	NA	NA	NA	2	1	1
13	96576570	96578704	2	1	1	2	d	3	1	1	0.05	0.1	NA	NA	NA	0	0	0.953479664903823	1	0	0.0465203350961766	NA	0	0.953479664903823	0.953479664903823	NA	NA	NA	1	1	1	NA	NA	NA	2	1	1
13	96578705	114986609	2	1	1	2	d	4	1	1	0.0452579185946	0.118520163863	NA	NA	NA	1	1	1	NA	NA	NA	NA	NA	NA	NA	NA	NA	NA	1	1	1	NA	NA	NA	2	1	1
14	1	16099999	2	1	1	1	g	NA	NA	NA	NA	NA	NA	NA	NA	NA	NA	NA	NA	NA	NA	NA	NA	NA	NA	NA	NA	NA	NA	NA	NA	NA	NA	NA	2	1	1
14	16100000	19099999	2	1	1	1	g	NA	2	1	0.05	0.156297862918	NA	NA	NA	NA	NA	NA	NA	NA	NA	NA	NA	NA	NA	NA	NA	NA	1	0	0.28438	0	0	0.71562	2	1	1
14	19100000	20375050	2	1	1	2	f	2	2	1	0.05	0.343716979731	NA	NA	NA	NA	NA	NA	NA	NA	NA	NA	NA	NA	NA	NA	NA	NA	1	0	0.596004	1	1	0.403996	2	1	1
14	20375051	107349539	2	1	1	2	d	4	1	1	0.0448477024341	0.132040038153	NA	NA	NA	1	1	1	NA	NA	NA	NA	NA	NA	NA	NA	NA	NA	1	1	1	NA	NA	NA	2	1	1
15	1	15799999	2	1	1	1	g	NA	NA	NA	NA	NA	NA	NA	NA	NA	NA	NA	NA	NA	NA	NA	NA	NA	NA	NA	NA	NA	NA	NA	NA	NA	NA	NA	2	1	1
15	15800000	20699999	2	1	1	2	d	3	1	1	0.05	0.22893371263	NA	NA	NA	1	1	1	NA	NA	NA	NA	NA	NA	NA	NA	NA	NA	1	0	0.536974	1	1	0.463026	2	1	1
15	20700000	102376739	2	1	1	2	d	4	1	1	0.0432273045125	0.118497456507	NA	NA	NA	1	1	1	NA	NA	NA	NA	NA	NA	NA	NA	NA	NA	1	1	1	NA	NA	NA	2	1	1
16	87321	34599999	2	1	1	2	d	4	1	1	0.0424967805693	0.140391514464	NA	NA	NA	1	1	1	NA	NA	NA	NA	NA	NA	NA	NA	NA	NA	1	1	1	NA	NA	NA	2	1	1
16	34600000	38599999	2	1	1	2	d	2	1	1	0.05	0.447215749167	NA	NA	NA	1	0	0.148662450893213	1	1	0.851337549106787	0.0577586620115315	0.0524989678950174	0.113371697177756	0.317241386069317	NA	NA	NA	1	0	0.167595	1	1	0.832405	2	1	1
16	38600000	90155637	2	1	1	2	d	4	1	1	0.0431219430352	0.117520100072	NA	NA	NA	1	1	1	NA	NA	NA	NA	NA	NA	NA	NA	NA	NA	1	1	1	NA	NA	NA	2	1	1
17	7	22199999	2	1	1	2	d	4	1	1	0.040349439389	0.119589305278	NA	NA	NA	1	1	1	NA	NA	NA	NA	NA	NA	NA	NA	NA	NA	1	1	1	NA	NA	NA	2	1	1
17	22200000	25799999	2	1	1	2	d	3	1	1	0.05	0.146094640972	NA	NA	NA	NA	NA	NA	NA	NA	NA	NA	NA	NA	NA	NA	NA	NA	1	1	1	NA	NA	NA	2	1	1
17	25800000	81195209	2	1	1	2	d	4	1	1	0.0414981886059	0.118359275166	NA	NA	NA	1	1	1	NA	NA	NA	NA	NA	NA	NA	NA	NA	NA	1	1	1	NA	NA	NA	2	1	1
18	63284	117139	2	1	1	2	d	2	1	1	0.05	0.1	NA	NA	NA	NA	NA	NA	NA	NA	NA	NA	NA	NA	NA	NA	NA	NA	1	0	0.315873	1	1	0.684127	2	1	1
18	117140	259902	2	1	1	2	d	4	1	1	0.05	0.0934733220221	NA	NA	NA	1	1	1	NA	NA	NA	NA	NA	NA	NA	NA	NA	NA	1	1	1	NA	NA	NA	2	1	1
18	259903	15399999	2	1	1	2	d	4	1	1	0.0419285025409	0.114003309749	NA	NA	NA	1	1	1	NA	NA	NA	NA	NA	NA	NA	NA	NA	NA	1	1	1	NA	NA	NA	2	1	1
18	15400000	18999999	2	1	1	2	d	4	1	1	0.05	0.191933105864	NA	NA	NA	1	1	1	NA	NA	NA	NA	NA	NA	NA	NA	NA	NA	1	1	1	NA	NA	NA	2	1	1
18	19000000	54507598	2	1	1	2	d	4	1	1	0.0467857258738	0.135700029397	NA	NA	NA	1	1	1	NA	NA	NA	NA	NA	NA	NA	NA	NA	NA	1	1	1	NA	NA	NA	2	1	1
18	54507599	54516933	2	1	1	2	d	3	1	1	0.05	0.1	NA	NA	NA	1	1	0.61248654467169	2	1	0.38751345532831	NA	0	0.61248654467169	0.61248654467169	NA	NA	NA	1	1	1	NA	NA	NA	2	1	1
18	54516934	54919807	2	1	1	2	d	4	1	1	0.0510914921153	0.102193850091	NA	NA	NA	1	1	1	NA	NA	NA	NA	NA	NA	NA	NA	NA	NA	1	1	1	NA	NA	NA	2	1	1
18	54919808	54984087	2	1	1	1	g	NA	1	1	0.05	0.1	NA	NA	NA	2	2	1	NA	NA	NA	NA	NA	NA	NA	NA	NA	NA	2	2	1	NA	NA	NA	2	1	1
18	54984088	63133891	2	1	1	2	d	4	1	1	0.0480525555898	0.126187862864	NA	NA	NA	1	1	1	NA	NA	NA	NA	NA	NA	NA	NA	NA	NA	1	1	1	NA	NA	NA	2	1	1
18	63133892	63135666	2	1	1	2	d	4	1	1	0.05	0.1	NA	NA	NA	1	1	1	NA	NA	NA	NA	NA	NA	NA	NA	NA	NA	1	1	1	NA	NA	NA	2	1	1
18	63135667	78077247	2	1	1	2	d	4	1	1	0.0449867093315	0.139136564856	NA	NA	NA	1	1	1	NA	NA	NA	NA	NA	NA	NA	NA	NA	NA	1	1	1	NA	NA	NA	2	1	1
19	295228	24399999	2	1	1	2	d	4	1	1	0.0401843915886	0.109166972597	NA	NA	NA	1	1	1	NA	NA	NA	NA	NA	NA	NA	NA	NA	NA	1	1	1	NA	NA	NA	2	1	1
19	24400000	28599999	2	1	1	2	d	2	1	1	0.0431740850008	0.505173797232	NA	NA	NA	NA	NA	NA	NA	NA	NA	NA	NA	NA	NA	NA	NA	NA	1	0	0.217684	1	1	0.782316	2	1	1
19	28600000	59039998	2	1	1	2	d	4	1	1	0.0403461782418	0.133849734934	NA	NA	NA	1	1	1	NA	NA	NA	NA	NA	NA	NA	NA	NA	NA	1	1	1	NA	NA	NA	2	1	1
20	82776	106656	2	1	1	2	d	2	1	0	0.05	0.1	NA	NA	NA	NA	NA	NA	NA	NA	NA	NA	NA	NA	NA	NA	NA	NA	1	1	1	NA	NA	NA	2	1	1
20	106657	237500	2	1	1	2	d	3	1	1	0.132714351804	0.308079839118	NA	NA	NA	NA	NA	NA	NA	NA	NA	NA	NA	NA	NA	NA	NA	NA	1	1	1	NA	NA	NA	2	1	1
20	237501	25599999	2	1	1	2	d	4	1	1	0.0453973803687	0.115561059465	NA	NA	NA	1	1	1	NA	NA	NA	NA	NA	NA	NA	NA	NA	NA	1	1	1	NA	NA	NA	2	1	1
20	25600000	29559164	2	1	1	2	d	3	1	1	0.05	0.201075925082	NA	NA	NA	1	1	1	NA	NA	NA	NA	NA	NA	NA	NA	NA	NA	1	0	0.0989123	1	1	0.901088	2	1	1
20	29559165	63025519	2	1	1	2	d	4	1	1	0.0403403691522	0.102522825724	NA	NA	NA	1	1	1	NA	NA	NA	NA	NA	NA	NA	NA	NA	NA	1	1	1	NA	NA	NA	2	1	1
21	1	9411193	NA	NA	NA	NA	NA	NA	NA	NA	NA	NA	NA	NA	NA	NA	NA	NA	NA	NA	NA	NA	NA	NA	NA	NA	NA	NA	NA	NA	NA	NA	NA	NA	NA	NA	NA
21	9411194	10899999	NA	NA	NA	NA	NA	NA	1	1	0.05	0.371457041783	NA	NA	NA	NA	NA	NA	NA	NA	NA	NA	NA	NA	NA	NA	NA	NA	1	0	0.646521	1	1	0.353479	NA	NA	NA
21	10900000	15273231	2	1	1	2	d	2	1	1	0.0393021377432	0.206569281961	NA	NA	NA	NA	NA	NA	NA	NA	NA	NA	NA	NA	NA	NA	NA	NA	1	1	1	NA	NA	NA	NA	NA	NA
21	15273232	48129894	2	1	1	2	d	3	1	1	0.0466594011067	0.120514095704	NA	NA	NA	1	1	1	NA	NA	NA	NA	NA	NA	NA	NA	NA	NA	1	1	1	NA	NA	NA	NA	NA	NA
22	1	12199999	2	1	1	1	g	NA	NA	NA	NA	NA	NA	NA	NA	NA	NA	NA	NA	NA	NA	NA	NA	NA	NA	NA	NA	NA	NA	NA	NA	NA	NA	NA	2	1	1
22	12200000	17899999	2	1	1	2	d	4	1	1	0.0420363380487	0.14777286189	NA	NA	NA	1	1	1	NA	NA	NA	NA	NA	NA	NA	NA	NA	NA	1	1	1	NA	NA	NA	2	1	1
22	17900000	29066143	2	1	1	2	d	4	1	1	0.0378149522897	0.103947505992	NA	NA	NA	1	1	1	NA	NA	NA	NA	NA	NA	NA	NA	NA	NA	1	1	1	NA	NA	NA	2	1	1
22	29066144	51304565	2	1	1	2	d	4	1	1	0.0404102923576	0.101078819459	NA	NA	NA	1	1	1	NA	NA	NA	NA	NA	NA	NA	NA	NA	NA	1	1	1	NA	NA	NA	2	1	1
X	1	27227582	2	1	1	2	c	2	NA	NA	NA	NA	NA	NA	NA	1	1	1	NA	NA	NA	NA	NA	NA	NA	NA	NA	NA	NA	NA	NA	NA	NA	NA	2	1	1
X	27227583	27230961	2	1	1	1	g	NA	NA	NA	NA	NA	NA	NA	NA	1	1	0.420385857414922	2	1	0.579614142585078	NA	0	0.420385857414922	0.420385857414922	NA	NA	NA	NA	NA	NA	NA	NA	NA	2	1	1
X	27230962	35311297	2	1	1	2	c	2	NA	NA	NA	NA	NA	NA	NA	1	1	1	NA	NA	NA	NA	NA	NA	NA	NA	NA	NA	NA	NA	NA	NA	NA	NA	2	1	1
X	35311298	35313558	2	1	1	2	c	2	NA	NA	NA	NA	NA	NA	NA	1	1	1	NA	NA	NA	NA	NA	NA	NA	NA	NA	NA	NA	NA	NA	NA	NA	NA	2	1	1
X	35313559	58099999	2	1	1	2	c	2	NA	NA	NA	NA	NA	NA	NA	1	1	1	NA	NA	NA	NA	NA	NA	NA	NA	NA	NA	NA	NA	NA	NA	NA	NA	2	1	1
X	58100000	62999999	2	1	1	1	g	NA	NA	NA	NA	NA	NA	NA	NA	NA	NA	NA	NA	NA	NA	NA	NA	NA	NA	NA	NA	NA	NA	NA	NA	NA	NA	NA	2	1	1
X	63000000	80657532	2	1	1	2	e	2	NA	NA	NA	NA	NA	NA	NA	1	0	0.0425272309901581	1	1	0.957472769009842	0.00494242718304144	0.00491291564303863	0.0339279331248098	0.0524508326877522	NA	NA	NA	NA	NA	NA	NA	NA	NA	2	1	1
X	80657533	80659645	2	1	1	2	e	2	NA	NA	NA	NA	NA	NA	NA	1	0	0.0425272309901581	1	1	0.957472769009842	0.00494242718304144	0.00491291564303863	0.0339279331248098	0.0524508326877522	NA	NA	NA	NA	NA	NA	NA	NA	NA	2	1	1
X	80659646	155270559	2	1	1	2	c	2	NA	NA	NA	NA	NA	NA	NA	1	1	1	NA	NA	NA	NA	NA	NA	NA	NA	NA	NA	NA	NA	NA	NA	NA	NA	2	1	1
