chromosome	start	end	total_cn	major_cn	minor_cn	star	level	methods_agree	absolute_broad_major_cn	absolute_broad_minor_cn	absolute_broad_het_error	absolute_broad_cov_error	aceseq_copy_number	aceseq_minor_cn	aceseq_major_cn	battenberg_nMaj1_A	battenberg_nMin1_A	battenberg_frac1_A	battenberg_nMaj2_A	battenberg_nMin2_A	battenberg_frac2_A	battenberg_SDfrac_A	battenberg_SDfrac_A_BS	battenberg_frac1_A_0.025	battenberg_frac1_A_0.975	clonehd_copy_number	clonehd_minor_cn	clonehd_major_cn	sclust_nMaj1_A	sclust_nMin1_A	sclust_frac1_A	sclust_nMaj2_A	sclust_nMin2_A	sclust_frac2_A	jabba_copy_number	jabba_minor_cn	jabba_major_cn
1	797440	4825212	4	2	2	3	b	6	2	2	0.0425914811333	0.200433219798	4	2	2	2	2	1	NA	NA	NA	NA	NA	NA	NA	5	2	3	2	2	1	NA	NA	NA	4	2	2
1	4825213	4852222	2	2	0	2	d	4	2	0	0.05	0.1	2.264037	0.049857616	2.2141795	1	0	0.897277227722771	2	0	0.102722772277229	0.623662153081788	0.269548346418306	1.29470679496316	2.34754898133145	2	0	2	2	0	1	NA	NA	NA	2	0	2
1	4852223	4862761	5	3	2	2	e	1	2	0	0.05	0.1	2.264037	0.049857616	2.2141795	2	2	1	NA	NA	NA	NA	NA	NA	NA	5	2	3	2	0	1	NA	NA	NA	4	2	2
1	4862762	9620050	2	2	0	3	a	6	2	0	0.0630291800014	0.113896412207	2	0	2	2	0	1	NA	NA	NA	NA	NA	NA	NA	2	0	2	2	0	1	NA	NA	NA	2	0	2
1	9620051	12437234	4	2	2	2	d	4	2	2	0.038437729317	0.136446863314	4.106555	2.053277343	2.0532773	2	2	1	NA	NA	NA	NA	NA	NA	NA	5	2	3	2	2	1	NA	NA	NA	4	2	2
1	12437235	16873420	2	2	0	3	a	6	2	0	0.0682890425889	0.129558264659	2	0	2	2	0	1	NA	NA	NA	NA	NA	NA	NA	2	0	2	2	0	1	NA	NA	NA	2	0	2
1	16873421	17033420	2	2	0	2	d	4	2	0	0.05	0.301792969712	2	0	2	2	0	1	NA	NA	NA	NA	NA	NA	NA	NA	NA	NA	2	0	0.109532	1	0	0.890468	2	0	2
1	17033421	31766562	2	2	0	3	a	6	2	0	0.0685775889838	0.140195973066	2	0	2	2	0	1	NA	NA	NA	NA	NA	NA	NA	2	0	2	2	0	1	NA	NA	NA	2	0	2
1	31766563	32091853	3	3	0	3	a	6	3	0	0.0404924319731	0.164474640234	3	0	3	3	0	1	NA	NA	NA	NA	NA	NA	NA	3	0	3	3	0	1	NA	NA	NA	3	0	3
1	32091854	35219020	2	2	0	3	a	6	2	0	0.0653986074782	0.0935105070576	2	0	2	2	0	1	NA	NA	NA	NA	NA	NA	NA	2	0	2	2	0	1	NA	NA	NA	2	0	2
1	35219021	121477938	4	2	2	2	d	4	1.89	1.89	0.0426773881611	0.139174571297	4.134528	2.067263854	2.0672639	2	2	1	NA	NA	NA	NA	NA	NA	NA	4	2	2	2	2	1	NA	NA	NA	4	2	2
1	121477939	128899999	4	2	2	2	d	3	1.89	1.89	0.05	0.1	4.134528	2.067263854	2.0672639	2	2	1	NA	NA	NA	NA	NA	NA	NA	1	0	1	2	2	1	NA	NA	NA	4	2	2
1	128900000	145130865	4	2	2	2	d	3	1.89	1.89	0.05	0.298400678323	NA	NA	NA	2	2	1	NA	NA	NA	NA	NA	NA	NA	NA	NA	NA	2	2	1	NA	NA	NA	4	2	2
1	145130866	247247500	4	2	2	2	d	4	1.89	1.89	0.0419699422972	0.126680583179	4.1373	2.068649892	2.0686499	2	2	1	NA	NA	NA	NA	NA	NA	NA	4	2	2	2	2	1	NA	NA	NA	4	2	2
1	247247501	249250620	4	2	2	3	b	5	NA	NA	NA	NA	4	2	2	2	2	1	NA	NA	NA	NA	NA	NA	NA	4	2	2	2	2	1	NA	NA	NA	4	2	2
2	9997	31122544	3	2	1	3	a	6	2	1	0.0623172906157	0.118101176632	3	1	2	2	1	1	NA	NA	NA	NA	NA	NA	NA	3	1	2	2	1	1	NA	NA	NA	3	1	2
2	31122545	31600642	4	3	1	2	d	4	3	1	0.0525954524599	0.110905974233	3.879576	1.041519582	2.8380568	2	1	0.239823982398239	3	1	0.760176017601761	0.0669102367714233	0.0661083263997873	0.119279377852103	0.380117844478591	4	1	3	3	1	1	NA	NA	NA	4	1	3
2	31600643	90499999	3	2	1	3	a	6	2	1	0.0636511472871	0.122961933077	3	1	2	2	1	1	NA	NA	NA	NA	NA	NA	NA	3	1	2	2	1	1	NA	NA	NA	3	1	2
2	90500000	96799999	3	2	1	2	d	5	2	1	0.05	0.243441033432	2.891934	0.914234971	1.9776988	2	1	1	NA	NA	NA	NA	NA	NA	NA	3	1	2	2	1	1	NA	NA	NA	3	1	2
2	96800000	242981143	3	2	1	3	a	6	2	1	0.0634168138371	0.120551553155	3	1	2	2	1	1	NA	NA	NA	NA	NA	NA	NA	3	1	2	2	1	1	NA	NA	NA	3	1	2
3	62763	65185840	2	2	0	3	a	6	2	0	0.070727935891	0.0980204922542	2	0	2	2	0	1	NA	NA	NA	NA	NA	NA	NA	2	0	2	2	0	1	NA	NA	NA	2	0	2
3	65185841	87899999	2	2	0	2	d	5	2	0	0.0719292456439	0.100826598879	2.100123	0.025030853	2.0750926	2	0	1	NA	NA	NA	NA	NA	NA	NA	2	0	2	2	0	1	NA	NA	NA	2	0	2
3	87900000	93899999	NA	NA	NA	NA	NA	NA	2	2	0.0894743640299	0.316954019165	2.270042	0.067510386	2.2025312	NA	NA	NA	NA	NA	NA	NA	NA	NA	NA	2	0	2	2	0	1	NA	NA	NA	3	0	3
3	93900000	197870839	4	2	2	3	a	6	2	2	0.0449779397615	0.132194322417	4	2	2	2	2	1	NA	NA	NA	NA	NA	NA	NA	4	2	2	2	2	1	NA	NA	NA	4	2	2
4	40828	48199999	2	1	1	3	a	6	1	1	0.0511348584621	0.101587759071	2	1	1	1	1	1	NA	NA	NA	NA	NA	NA	NA	2	1	1	1	1	1	NA	NA	NA	2	1	1
4	48200000	52699999	2	1	1	3	b	5	1	1	0.0625705051112	0.37099607265	2	1	1	NA	NA	NA	NA	NA	NA	NA	NA	NA	NA	2	1	1	1	1	1	NA	NA	NA	2	1	1
4	52700000	190987500	2	1	1	3	a	6	1	1	0.0536984092035	0.099622851565	2	1	1	1	1	1	NA	NA	NA	NA	NA	NA	NA	2	1	1	1	1	1	NA	NA	NA	2	1	1
5	48802	849604	4	2	2	2	d	4	2	2	0.0284619938928	0.716283925728	3.822648	1.911324146	1.9113241	NA	NA	NA	NA	NA	NA	NA	NA	NA	NA	4	2	2	2	2	1	NA	NA	NA	4	2	2
5	849605	46099999	4	2	2	2	d	5	2	2	0.0433381003732	0.135952689263	4.122245	2.061122488	2.0611225	2	2	1	NA	NA	NA	NA	NA	NA	NA	4	2	2	2	2	1	NA	NA	NA	4	2	2
5	46100000	50699999	4	2	2	2	d	5	2	2	0.0401676209957	0.163849411323	4.232889	2.116444639	2.1164446	2	2	1	NA	NA	NA	NA	NA	NA	NA	4	2	2	2	2	1	NA	NA	NA	4	2	2
5	50700000	180689978	4	2	2	2	d	5	2	2	0.0420426112333	0.143139816341	4.122069	2.061034361	2.0610344	2	2	1	NA	NA	NA	NA	NA	NA	NA	4	2	2	2	2	1	NA	NA	NA	4	2	2
6	39681	242500	3	2	1	2	d	3	1.89	1	0.05	0.1	3	1	2	2	1	0.780528052805284	2	2	0.219471947194716	0.168247936371801	0.19177673395417	-0.0485820409550711	0.706970603310187	NA	NA	NA	2	1	1	NA	NA	NA	3	1	2
6	242501	3285029	3	2	1	2	d	5	1.89	1	0.0594804072778	0.134693481005	3	1	2	2	1	1	NA	NA	NA	NA	NA	NA	NA	3	1	2	2	1	1	NA	NA	NA	3	1	2
6	3285030	3555068	2	2	0	3	a	6	2	0	0.0716209476468	0.0820234335966	2	0	2	2	0	1	NA	NA	NA	NA	NA	NA	NA	2	0	2	2	0	1	NA	NA	NA	2	0	2
6	3555069	3642545	4	2	2	3	b	6	2	2	0.05	0.145682982996	2	0	2	2	2	1	NA	NA	NA	NA	NA	NA	NA	4	2	2	2	2	1	NA	NA	NA	4	2	2
6	3642546	3642946	4	2	2	2	d	4	2	2	0.05	0.1	NA	NA	NA	2	2	1	NA	NA	NA	NA	NA	NA	NA	NA	NA	NA	2	2	1	NA	NA	NA	4	2	2
6	3642947	4494967	4	2	2	3	a	6	2	2	0.0488226249257	0.119272398693	4	2	2	2	2	1	NA	NA	NA	NA	NA	NA	NA	4	2	2	2	2	1	NA	NA	NA	4	2	2
6	4494968	4496060	4	2	2	2	d	4	2	2	0.05	0.1	4	2	2	2	0	1	NA	NA	NA	NA	NA	NA	NA	NA	NA	NA	2	2	1	NA	NA	NA	4	2	2
6	4496061	5856296	4	2	2	3	a	6	2	2	0.0387664850549	0.125921390931	4	2	2	2	2	1	NA	NA	NA	NA	NA	NA	NA	4	2	2	2	2	1	NA	NA	NA	4	2	2
6	5856297	5988910	4	2	2	2	d	5	2	2	0.0289502998817	0.0946159747881	4.102697	2.051348531	2.0513485	2	2	1	NA	NA	NA	NA	NA	NA	NA	4	2	2	2	2	1	NA	NA	NA	4	2	2
6	5988911	6003762	2	2	0	2	d	5	2	0	0.05	0.1	4.102697	2.051348531	2.0513485	2	0	1	NA	NA	NA	NA	NA	NA	NA	2	0	2	2	0	1	NA	NA	NA	2	0	2
6	6003763	6069332	4	2	2	2	d	5	2	2	0.0256150683187	0.1	4.053783	1.801003988	2.2527788	2	2	1	NA	NA	NA	NA	NA	NA	NA	4	2	2	2	2	1	NA	NA	NA	4	2	2
6	6069333	40378734	2	2	0	2	d	4	1.89	0	0.0727870622474	0.0974399244727	2.121578	0.030394442	2.0911833	2	0	1	NA	NA	NA	NA	NA	NA	NA	2	0	2	2	0	1	NA	NA	NA	2	0	2
6	40378735	41269744	4	2	2	2	d	5	2	2	0.0352809927964	0.126993848933	4	2	2	2	1	0.192270839987229	2	2	0.807729160012771	0.0331883325231587	0.0323214165295474	0.110732885447068	0.237952473946351	4	2	2	2	2	1	NA	NA	NA	4	2	2
6	41269745	41270204	4	2	2	2	d	4	2	2	0.05	0.1	4	2	2	NA	NA	NA	NA	NA	NA	NA	NA	NA	NA	NA	NA	NA	2	2	1	NA	NA	NA	4	2	2
6	41270205	42192935	4	2	2	3	b	6	2	2	0.0461328396681	0.123450881369	4	2	2	2	2	1	NA	NA	NA	NA	NA	NA	NA	5	2	3	2	2	1	NA	NA	NA	4	2	2
6	42192936	42850150	4	2	2	2	d	4	2	2	0.0432952787837	0.128830879468	4.338703	2.169351262	2.1693513	2	2	1	NA	NA	NA	NA	NA	NA	NA	5	2	3	2	2	1	NA	NA	NA	4	2	2
6	42850151	42850689	4	2	2	2	f	2	2	2	0.05	0.1	4.338703	2.169351262	2.1693513	2	0	0.277227722772271	3	0	0.722772277227729	NA	0	0.277227722772271	0.277227722772271	NA	NA	NA	NA	NA	NA	NA	NA	NA	2	0	2
6	42850690	43006034	4	2	2	2	d	3	2	2	0.0385628799337	0.1	4.237635	2.118817317	2.1188173	2	2	1	NA	NA	NA	NA	NA	NA	NA	5	2	3	NA	NA	NA	NA	NA	NA	4	2	2
6	43006035	43653283	2	2	0	2	d	5	2	0	0.0702326770349	0.0942556786911	2.107909	0.026977182	2.0809315	2	0	1	NA	NA	NA	NA	NA	NA	NA	2	0	2	2	0	1	NA	NA	NA	2	0	2
6	43653284	44022001	3	3	0	2	d	5	3	0	0.0551701262538	0.117034032125	2.886192	0	2.8861924	3	0	1	NA	NA	NA	NA	NA	NA	NA	3	0	3	3	0	1	NA	NA	NA	3	0	3
6	44022002	44185314	2	2	0	3	a	6	2	0	0.05	0.0680271253427	2	0	2	2	0	1	NA	NA	NA	NA	NA	NA	NA	2	0	2	2	0	1	NA	NA	NA	2	0	2
6	44185315	44215502	4	2	2	2	d	3	2	0	0.05	0.1	3.898472	1.949236059	1.9492361	2	2	1	NA	NA	NA	NA	NA	NA	NA	5	2	3	2	2	1	NA	NA	NA	4	2	2
6	44215503	44269080	2	2	0	2	d	4	2	0	0.05	0.1	3.898472	1.949236059	1.9492361	2	0	1	NA	NA	NA	NA	NA	NA	NA	3	0	3	2	0	1	NA	NA	NA	2	0	2
6	44269081	44962681	4	2	2	3	a	6	2	2	0.0306943924492	0.124731451945	4	2	2	2	2	1	NA	NA	NA	NA	NA	NA	NA	4	2	2	2	2	1	NA	NA	NA	4	2	2
6	44962682	44996007	2	2	0	2	d	4	2	0	0.05	0.1	4	2	2	2	0	1	NA	NA	NA	NA	NA	NA	NA	2	0	2	3	2	1	NA	NA	NA	2	0	2
6	44996008	52557764	4	2	2	2	d	2	2.2	2	0.0503434003675	0.155674623977	4.64258	2.321289972	2.32129	2	2	0.487641166021796	3	2	0.512358833978204	0.0162552696028606	0.0160348697402494	0.496593825535095	0.558959747161674	4	2	2	3	2	1	NA	NA	NA	4	2	2
6	52557765	52673857	7	4	3	2	d	3	3	3	0.05	0.137900892189	6.37467	2.543129581	3.8315403	4	3	1	NA	NA	NA	NA	NA	NA	NA	7	3	4	4	3	1	NA	NA	NA	6	2	4
6	52673858	52683442	5	3	2	2	f	2	3	3	0.05	0.1	6.37467	2.543129581	3.8315403	2	2	0.27752775277528	3	2	0.72247224722472	NA	0	0.27752775277528	0.27752775277528	NA	NA	NA	3	2	0.336536	2	2	0.663464	6	2	4
6	52683443	52683605	4	2	2	2	d	2	2	2	0.05	0.1	NA	NA	NA	NA	NA	NA	NA	NA	NA	NA	NA	NA	NA	NA	NA	NA	3	2	0.336536	2	2	0.663464	4	2	2
6	52683606	58699999	4	2	2	2	d	3	2	2	0.0442882753519	0.157841746653	4.548074	2.27403719	2.2740372	2	2	0.543941806148726	3	2	0.456058193851274	0.0178137330352811	0.0167860633883113	0.510027236694262	0.577365597194872	4	2	2	3	2	0.336536	2	2	0.663464	4	2	2
6	58700000	63299999	4	2	2	2	d	4	2	2	0.0588605071761	0.165325450966	4.254853	2.127426225	2.1274262	NA	NA	NA	NA	NA	NA	NA	NA	NA	NA	4	2	2	2	2	1	NA	NA	NA	4	2	2
6	63300000	107020339	4	2	2	2	d	4	1.89	1.89	0.0450508268445	0.128968203258	4.14704	2.073520027	2.07352	2	2	1	NA	NA	NA	NA	NA	NA	NA	4	2	2	2	2	1	NA	NA	NA	4	2	2
6	107020340	107370016	38	38	0	1	g	NA	68	2	0.0145117378874	0.571601807573	37.20001	2.129741305	35.0702685	36	2	1	NA	NA	NA	NA	NA	NA	NA	7	0	7	40	3	1	NA	NA	NA	38	0	38
6	107370017	170899800	4	2	2	2	d	4	1.89	1.89	0.0434801546801	0.135589214084	4.114006	2.05700318	2.0570032	2	2	1	NA	NA	NA	NA	NA	NA	NA	4	2	2	2	2	1	NA	NA	NA	4	2	2
7	83963	57999999	4	2	2	2	d	4	1.89	1.89	0.0436204294075	0.134942214493	4.116516	2.058257972	2.058258	2	2	1	NA	NA	NA	NA	NA	NA	NA	4	2	2	2	2	1	NA	NA	NA	4	2	2
7	58000000	61699999	4	2	2	2	d	3	1.89	1.89	0.05	0.244626659237	4.116516	2.058257972	2.058258	2	2	1	NA	NA	NA	NA	NA	NA	NA	3	1	2	2	2	1	NA	NA	NA	4	2	2
7	61700000	158821400	4	2	2	2	d	4	1.89	1.89	0.0426139048227	0.146150101047	4.120735	2.060367618	2.0603676	2	2	1	NA	NA	NA	NA	NA	NA	NA	4	2	2	2	2	1	NA	NA	NA	4	2	2
8	10001	156702	3	2	1	2	d	2	NA	NA	NA	NA	NA	NA	NA	1	1	1	NA	NA	NA	NA	NA	NA	NA	NA	NA	NA	2	1	1	NA	NA	NA	3	1	2
8	156703	28054736	3	2	1	3	a	6	2	1	0.0647495659079	0.132872370551	3	1	2	2	1	1	NA	NA	NA	NA	NA	NA	NA	3	1	2	2	1	1	NA	NA	NA	3	1	2
8	28054737	28509507	4	3	1	2	d	5	3	1	0.0666832666983	0.122260783825	3.895231	0.929348364	2.9658827	3	1	1	NA	NA	NA	NA	NA	NA	NA	4	1	3	3	1	1	NA	NA	NA	4	1	3
8	28509508	39230024	3	2	1	3	a	6	2	1	0.06555578517	0.119525278904	3	1	2	2	1	1	NA	NA	NA	NA	NA	NA	NA	3	1	2	2	1	1	NA	NA	NA	3	1	2
8	39230025	43099999	3	2	1	3	a	6	2	1	0.0629897158839	0.125994321979	3	1	2	2	1	1	NA	NA	NA	NA	NA	NA	NA	3	1	2	2	1	1	NA	NA	NA	3	1	2
8	43100000	48099999	3	2	1	2	d	4	1	1	0.05	0.21769252448	3	1	2	NA	NA	NA	NA	NA	NA	NA	NA	NA	NA	3	1	2	2	1	1	NA	NA	NA	3	1	2
8	48100000	128689024	3	2	1	2	d	4	1.8	1	0.0651397100295	0.112247498847	3.106553	1.042621134	2.0639317	2	1	1	NA	NA	NA	NA	NA	NA	NA	3	1	2	2	1	1	NA	NA	NA	3	1	2
8	128689025	129246537	4	2	2	2	d	5	1.65	1.65	0.0351331337065	0.0947924446673	4	2	2	2	2	1	NA	NA	NA	NA	NA	NA	NA	4	2	2	2	2	1	NA	NA	NA	4	2	2
8	129246538	146364021	3	2	1	2	d	5	1.89	1	0.0628934664368	0.131793967488	3	1	2	2	1	1	NA	NA	NA	NA	NA	NA	NA	3	1	2	2	1	1	NA	NA	NA	3	1	2
9	10001	9843607	2	1	1	3	a	6	1	1	0.0517021596988	0.103970440283	2	1	1	1	1	1	NA	NA	NA	NA	NA	NA	NA	2	1	1	1	1	1	NA	NA	NA	2	1	1
9	9843608	10574152	1	1	0	2	d	5	1	0	0.0897551330517	0.116545234428	1.141281	0.108687299	1.0325934	1	0	1	NA	NA	NA	NA	NA	NA	NA	1	0	1	1	0	1	NA	NA	NA	1	0	1
9	10574153	47299999	2	1	1	3	a	6	1	1	0.0540468437345	0.115720288694	2	1	1	1	1	1	NA	NA	NA	NA	NA	NA	NA	2	1	1	1	1	1	NA	NA	NA	2	1	1
9	47300000	50699999	2	1	1	2	d	3	NA	NA	NA	NA	2	1	1	NA	NA	NA	NA	NA	NA	NA	NA	NA	NA	1	0	1	1	1	1	NA	NA	NA	2	1	1
9	50700000	69957499	2	1	1	2	d	3	1	1	0.05	0.277035822826	NA	NA	NA	NA	NA	NA	NA	NA	NA	NA	NA	NA	NA	NA	NA	NA	1	1	1	NA	NA	NA	2	1	1
9	69957500	135795045	2	1	1	3	a	6	1	1	0.0502818857887	0.100487944434	2	1	1	1	1	1	NA	NA	NA	NA	NA	NA	NA	2	1	1	1	1	1	NA	NA	NA	2	1	1
9	135795046	135819948	2	1	1	1	g	NA	2	1	0.05	0.1	2	1	1	NA	NA	NA	NA	NA	NA	NA	NA	NA	NA	NA	NA	NA	2	1	1	NA	NA	NA	2	1	1
9	135819949	136525211	3	2	1	3	b	6	2	1	0.0631973371384	0.120281574959	3	1	2	2	1	1	NA	NA	NA	NA	NA	NA	NA	4	2	2	2	1	1	NA	NA	NA	3	1	2
9	136525212	136534878	1	1	0	2	d	4	NA	NA	NA	NA	3	1	2	1	0	1	NA	NA	NA	NA	NA	NA	NA	1	0	1	1	0	1	NA	NA	NA	1	0	1
9	136534879	139902525	1	1	0	3	a	6	1	0	0.0749320958546	0.102955872233	1	0	1	1	0	1	NA	NA	NA	NA	NA	NA	NA	1	0	1	1	0	1	NA	NA	NA	1	0	1
9	139902526	140273200	4	3	1	2	d	2	3	1	0.05	0.191657116337	3.542467	1.044205414	2.4982615	2	1	0.569895844645404	3	1	0.430104155354596	0.0446571615416401	0.0428420203621335	0.482663188144412	0.659735974193921	5	2	3	3	1	0.389095	2	1	0.610905	4	1	3
10	10001	152355	5	3	2	2	d	2	2.35	2	0.05	0.1	NA	NA	NA	3	2	1	NA	NA	NA	NA	NA	NA	NA	NA	NA	NA	3	2	0.3191	2	2	0.6809	5	2	3
10	152356	30231252	5	3	2	2	d	2	2.35	2	0.0463630305792	0.139320662152	4.671919	2.054613423	2.6173054	2	2	0.458145814581455	3	2	0.541854185418545	0.00710956675404964	0.00736625507683158	0.456680835425274	0.485497377971647	5	2	3	3	2	0.3191	2	2	0.6809	5	2	3
10	30231253	30401006	5	3	2	2	f	3	2	2	0.0528024938081	0.147389656923	4.178266	1.495290686	2.6829753	3	1	0.213651646719931	3	2	0.786348353280069	0.0950456079829312	0.0941346201683358	0.0324759308533804	0.387724668831399	5	2	3	3	2	0.3191	2	2	0.6809	4	1	3
10	30401007	37999999	4	2	2	2	e	5	2.35	2	0.0471006619349	0.138429498424	4.593632	2.019142378	2.5744894	2	2	0.488454060919291	3	2	0.511545939080709	0.0139904357722018	0.0139798390454007	0.459528932604403	0.513461754401455	5	2	3	3	2	0.336536	2	2	0.663464	4	2	2
10	38000000	42299999	4	2	2	2	d	2	2.35	2	0.0456547343163	0.178325545008	5.315418	2.251297109	3.0641214	2	2	0.488454060919291	3	2	0.511545939080709	0.0139904357722018	0.0139798390454007	0.459528932604403	0.513461754401455	4	2	2	NA	NA	NA	NA	NA	NA	4	2	2
10	42300000	53686381	4	2	2	2	e	5	2.35	2	0.0463466108706	0.191719031051	4.556252	2.000318505	2.555933	2	2	0.448111477814452	3	2	0.551888522185548	0.015107414506671	0.0146740090097233	0.424688146897294	0.481236041827363	5	2	3	3	2	0.307761	2	2	0.692239	4	2	2
10	53686382	53969994	3	2	1	2	d	3	2.35	1	0.0698469537858	0.150642195261	3.758841	1.222710744	2.5361307	2	1	1	NA	NA	NA	NA	NA	NA	NA	3	1	2	3	2	0.307761	2	2	0.692239	3	1	2
10	53969995	135389924	2	2	0	3	a	6	2	0	0.0706717941772	0.102822774541	2	0	2	2	0	1	NA	NA	NA	NA	NA	NA	NA	2	0	2	2	0	1	NA	NA	NA	2	0	2
11	202072	51599999	4	2	2	3	a	6	2	2	0.0431615659115	0.131944324878	4	2	2	2	2	1	NA	NA	NA	NA	NA	NA	NA	4	2	2	2	2	1	NA	NA	NA	4	2	2
11	51600000	55699999	4	2	2	3	b	6	2	2	0.0413224151311	0.234286559595	4	2	2	2	2	1	NA	NA	NA	NA	NA	NA	NA	3	1	2	2	2	1	NA	NA	NA	4	2	2
11	55700000	101893321	4	2	2	2	d	5	1.8	1.8	0.0426070346836	0.131086704451	4	2	2	2	2	1	NA	NA	NA	NA	NA	NA	NA	4	2	2	2	2	1	NA	NA	NA	4	2	2
11	101893322	102396218	5	3	2	2	d	3	2	2	0.0499423433023	0.137381891232	4.767895	2.040648365	2.7272464	2	2	0.37912541254125	3	2	0.62087458745875	0.0990113783419578	0.0970510734956549	0.232203317650442	0.608508972337778	5	2	3	3	2	1	NA	NA	NA	5	2	3
11	102396219	134452200	4	2	2	2	d	5	1.8	1.8	0.0413763756587	0.12357025665	4	2	2	2	2	1	NA	NA	NA	NA	NA	NA	NA	4	2	2	2	2	1	NA	NA	NA	4	2	2
12	22500	193310	4	2	2	2	d	2	1.89	1.89	0.05	0.56875625357	NA	NA	NA	NA	NA	NA	NA	NA	NA	NA	NA	NA	NA	NA	NA	NA	2	2	1	NA	NA	NA	4	2	2
12	193311	33299999	4	2	2	2	d	4	1.89	1.89	0.0442412063091	0.135645158113	4.136514	2.068256961	2.068257	2	2	1	NA	NA	NA	NA	NA	NA	NA	4	2	2	2	2	1	NA	NA	NA	4	2	2
12	33300000	38199999	4	2	2	2	d	4	1.89	1.89	0.037064407066	0.152729440833	4.164582	2.082291173	2.0822912	2	2	1	NA	NA	NA	NA	NA	NA	NA	4	2	2	2	2	1	NA	NA	NA	4	2	2
12	38200000	132349400	4	2	2	2	d	4	1.89	1.89	0.0426895531484	0.127662735849	4.117947	2.058973495	2.0589735	2	2	1	NA	NA	NA	NA	NA	NA	NA	4	2	2	2	2	1	NA	NA	NA	4	2	2
12	132349401	133851894	4	2	2	2	d	4	NA	NA	NA	NA	4	2	2	2	2	1	NA	NA	NA	NA	NA	NA	NA	5	2	3	2	2	1	NA	NA	NA	4	2	2
13	1	16299999	3	2	1	1	g	NA	NA	NA	NA	NA	NA	NA	NA	NA	NA	NA	NA	NA	NA	NA	NA	NA	NA	NA	NA	NA	NA	NA	NA	NA	NA	NA	3	1	2
13	16300000	19499999	3	2	1	3	b	5	2	1	0.05	0.115669662556	NA	NA	NA	2	1	1	NA	NA	NA	NA	NA	NA	NA	3	1	2	2	1	1	NA	NA	NA	3	1	2
13	19500000	114142800	3	2	1	2	d	5	2	1	0.0660614893201	0.114789205267	3.123823	1.04952939	2.0742941	2	1	1	NA	NA	NA	NA	NA	NA	NA	3	1	2	2	1	1	NA	NA	NA	3	1	2
13	114142801	115169877	3	2	1	2	d	4	NA	NA	NA	NA	3	1	2	2	1	1	NA	NA	NA	NA	NA	NA	NA	4	2	2	2	1	1	NA	NA	NA	3	1	2
14	1	16099999	2	1	1	1	g	NA	NA	NA	NA	NA	NA	NA	NA	NA	NA	NA	NA	NA	NA	NA	NA	NA	NA	NA	NA	NA	NA	NA	NA	NA	NA	NA	2	1	1
14	16100000	19099999	2	1	1	1	g	NA	NA	NA	NA	NA	NA	NA	NA	NA	NA	NA	NA	NA	NA	NA	NA	NA	NA	NA	NA	NA	NA	NA	NA	NA	NA	NA	2	1	1
14	19100000	19127105	2	1	1	1	g	NA	NA	NA	NA	NA	NA	NA	NA	NA	NA	NA	NA	NA	NA	NA	NA	NA	NA	NA	NA	NA	2	0	0.0758929	1	0	0.924107	2	1	1
14	19127106	20070010	2	1	1	1	g	NA	NA	NA	NA	NA	NA	NA	NA	NA	NA	NA	NA	NA	NA	NA	NA	NA	NA	NA	NA	NA	2	0	0.0758929	1	0	0.924107	2	1	1
14	20070011	106368400	2	1	1	3	a	6	1	1	0.051992258197	0.105920463282	2	1	1	1	1	1	NA	NA	NA	NA	NA	NA	NA	2	1	1	1	1	1	NA	NA	NA	2	1	1
15	1	15799999	2	2	0	1	g	NA	NA	NA	NA	NA	NA	NA	NA	NA	NA	NA	NA	NA	NA	NA	NA	NA	NA	NA	NA	NA	NA	NA	NA	NA	NA	NA	2	0	2
15	15800000	20699999	2	2	0	2	d	2	2	2	0.05	0.293369026541	NA	NA	NA	2	0	1	NA	NA	NA	NA	NA	NA	NA	NA	NA	NA	2	0	0.753716	2	1	0.246284	2	0	2
15	20700000	22298784	2	2	0	2	d	2	2	2	0.05	0.40668226778	NA	NA	NA	2	0	1	NA	NA	NA	NA	NA	NA	NA	NA	NA	NA	3	0	0.346806	3	1	0.653194	2	0	2
15	22298785	34675442	2	2	0	3	a	6	2	0	0.0710931440219	0.14344930705	2	0	2	2	0	1	NA	NA	NA	NA	NA	NA	NA	2	0	2	2	0	1	NA	NA	NA	2	0	2
15	34675443	34769781	2	2	0	2	d	3	3	0	0.05	0.1	2	0	2	1	0	0.74257425742574	1	1	0.25742574257426	0.0356473561994085	0.034908959794838	0.69636830356178	0.835038761061771	2	0	2	1	0	0.795263	1	1	0.204737	2	0	2
15	34769782	71828815	2	2	0	3	a	6	2	0	0.0694779422239	0.0975977565727	2	0	2	2	0	1	NA	NA	NA	NA	NA	NA	NA	2	0	2	2	0	1	NA	NA	NA	2	0	2
15	71828816	72228731	3	3	0	3	a	6	3	0	0.0529455570478	0.109611893308	3	0	3	3	0	1	NA	NA	NA	NA	NA	NA	NA	3	0	3	3	0	1	NA	NA	NA	3	0	3
15	72228732	90509980	2	2	0	3	a	6	2	0	0.0707998374101	0.0961425757672	2	0	2	2	0	1	NA	NA	NA	NA	NA	NA	NA	2	0	2	2	0	1	NA	NA	NA	2	0	2
15	90509981	90949997	3	3	0	3	a	6	3	0	0.0479552543743	0.0944270214709	3	0	3	3	0	1	NA	NA	NA	NA	NA	NA	NA	3	0	3	3	0	1	NA	NA	NA	3	0	3
15	90949998	100338800	2	2	0	3	a	6	2	0	0.0713544568565	0.096075261508	2	0	2	2	0	1	NA	NA	NA	NA	NA	NA	NA	2	0	2	2	0	1	NA	NA	NA	2	0	2
15	100338801	102388991	2	2	0	3	b	5	NA	NA	NA	NA	2	0	2	2	0	1	NA	NA	NA	NA	NA	NA	NA	2	0	2	2	0	1	NA	NA	NA	2	0	2
16	90024	34599999	3	2	1	3	a	6	2	1	0.0631171899854	0.138854986194	3	1	2	2	1	1	NA	NA	NA	NA	NA	NA	NA	3	1	2	2	1	1	NA	NA	NA	3	1	2
16	34600000	38599999	3	2	1	3	a	6	2	1	0.05	0.168166677237	3	1	2	2	1	1	NA	NA	NA	NA	NA	NA	NA	3	1	2	2	1	1	NA	NA	NA	3	1	2
16	38600000	88827200	3	2	1	3	a	6	2	1	0.0626569153995	0.133535755624	3	1	2	2	1	1	NA	NA	NA	NA	NA	NA	NA	3	1	2	2	1	1	NA	NA	NA	3	1	2
16	88827201	90354752	3	2	1	2	d	4	NA	NA	NA	NA	3	1	2	2	1	1	NA	NA	NA	NA	NA	NA	NA	4	2	2	2	1	1	NA	NA	NA	3	1	2
17	3104	18251601	3	2	1	2	d	5	2	1	0.0629746327142	0.154173680154	3.112573	1.045029171	2.0675438	2	1	1	NA	NA	NA	NA	NA	NA	NA	3	1	2	2	1	1	NA	NA	NA	3	1	2
17	18251602	22199999	3	2	1	2	d	5	1.89	1	0.068979940764	0.128907286954	3	1	2	2	1	1	NA	NA	NA	NA	NA	NA	NA	3	1	2	2	1	1	NA	NA	NA	3	1	2
17	22200000	25799999	3	2	1	2	d	4	1.89	1	0.0740853586229	0.145396714018	3	1	2	NA	NA	NA	NA	NA	NA	NA	NA	NA	NA	3	1	2	2	1	1	NA	NA	NA	3	1	2
17	25800000	36040025	3	2	1	2	d	4	1.89	1	0.060738660813	0.110922071009	3.12844	1.081106309	2.0473342	2	1	1	NA	NA	NA	NA	NA	NA	NA	3	1	2	2	1	1	NA	NA	NA	3	1	2
17	36040026	36364999	4	3	1	3	b	6	3	1	0.0554207563872	0.269894691472	4	1	3	3	1	1	NA	NA	NA	NA	NA	NA	NA	5	2	3	3	1	1	NA	NA	NA	4	1	3
17	36365000	36512672	4	3	1	2	e	1	1	1	0.05	0.26916963268	4	1	3	2	1	0.425742574257421	2	2	0.574257425742579	0.152283619787872	0.144426875220369	0.190424387900307	0.744062632532354	3	1	2	NA	NA	NA	NA	NA	NA	3	1	2
17	36512673	78774600	3	2	1	2	d	5	2	1	0.0628972969351	0.118294725374	3.132619	1.05304755	2.0795713	2	1	1	NA	NA	NA	NA	NA	NA	NA	3	1	2	2	1	1	NA	NA	NA	3	1	2
17	78774601	81195209	3	2	1	2	d	3	NA	NA	NA	NA	3.100673	1.061974363	2.0386991	2	1	1	NA	NA	NA	NA	NA	NA	NA	4	2	2	2	1	1	NA	NA	NA	3	1	2
18	49708	130030	4	2	2	2	e	3	1.8	1.8	0.05	0.1	NA	NA	NA	2	2	1	NA	NA	NA	NA	NA	NA	NA	4	2	2	2	1	1	NA	NA	NA	3	1	2
18	130031	14092120	4	2	2	2	e	5	1.8	1.8	0.0468834804277	0.11947884675	3.593032	1.796516069	1.7965161	2	1	0.343869002284842	2	2	0.656130997715158	0.00853401256877612	0.00899945994144627	0.316187916947478	0.35145125368782	4	2	2	2	2	0.76699	2	1	0.23301	3	1	2
18	14092121	15399999	3	2	1	2	d	2	1.8	1.8	0.0486023811834	0.165346717713	3.758141	1.879070387	1.8790704	2	2	1	NA	NA	NA	NA	NA	NA	NA	3	1	2	2	2	0.401155	2	1	0.598845	3	1	2
18	15400000	18999999	3	2	1	2	d	2	1.8	1.8	0.05	0.156312469942	3.758141	1.879070387	1.8790704	2	1	0.342922788380573	2	2	0.657077211619427	0.00460114898511965	0.00442677041383623	0.333557751573741	0.351440826756302	3	1	2	2	2	0.346096	2	1	0.653904	3	1	2
18	19000000	76117000	3	2	1	2	d	2	1.8	1.8	0.0482382053806	0.129800675198	3.679118	1.839559261	1.8395593	2	1	0.342922788380573	2	2	0.657077211619427	0.00460114898511965	0.00442677041383623	0.333557751573741	0.351440826756302	3	1	2	2	2	0.706064	2	1	0.293936	3	1	2
18	76117001	78077247	4	2	2	2	e	4	NA	NA	NA	NA	3.50568	1.75284009	1.7528401	2	1	0.342922788380573	2	2	0.657077211619427	0.00460114898511965	0.00442677041383623	0.333557751573741	0.351440826756302	4	2	2	2	2	0.76699	2	1	0.23301	3	1	2
19	260137	24399999	4	2	2	2	d	3	2	2	0.0390493834691	0.149007509367	4.240802	2.120400899	2.1204009	2	2	1	NA	NA	NA	NA	NA	NA	NA	5	2	3	2	2	1	NA	NA	NA	5	2	3
19	24400000	28599999	4	2	2	3	a	6	2	2	0.0420726611491	0.167179010365	4	2	2	2	2	1	NA	NA	NA	NA	NA	NA	NA	4	2	2	2	2	1	NA	NA	NA	4	2	2
19	28600000	43802869	4	2	2	2	d	5	2	2	0.0417180359445	0.15920348725	4.170322	2.08516081	2.0851608	2	2	1	NA	NA	NA	NA	NA	NA	NA	4	2	2	2	2	1	NA	NA	NA	4	2	2
19	43802870	59128982	4	2	2	2	d	3	2	2	0.0433979297097	0.207683697934	4.316955	2.158477476	2.1584775	2	2	1	NA	NA	NA	NA	NA	NA	NA	5	2	3	2	2	1	NA	NA	NA	5	2	3
20	24347	25599999	4	2	2	2	d	5	1.8	1.8	0.0411988080233	0.123954492882	4	2	2	2	2	1	NA	NA	NA	NA	NA	NA	NA	4	2	2	2	2	1	NA	NA	NA	4	2	2
20	25600000	29399999	4	2	2	2	d	5	1.8	1.8	0.0361132509292	0.142162552186	4	2	2	2	2	1	NA	NA	NA	NA	NA	NA	NA	4	2	2	2	2	1	NA	NA	NA	4	2	2
20	29400000	49216359	4	2	2	2	d	5	1.8	1.8	0.0389365831918	0.125859780892	4	2	2	2	2	1	NA	NA	NA	NA	NA	NA	NA	4	2	2	2	2	1	NA	NA	NA	4	2	2
20	49216360	49614203	5	3	2	2	d	3	2	2	0.0477902070333	0.15411239925	5.065631	2.10584834	2.959783	3	2	1	NA	NA	NA	NA	NA	NA	NA	6	3	3	3	2	1	NA	NA	NA	5	2	3
20	49614204	49615588	4	2	2	2	f	2	NA	NA	NA	NA	5.065631	2.10584834	2.959783	NA	NA	NA	NA	NA	NA	NA	NA	NA	NA	NA	NA	NA	3	2	1	NA	NA	NA	4	2	2
20	49615589	62432500	4	2	2	2	d	5	1.8	1.8	0.04346331309	0.13026250346	4	2	2	2	2	1	NA	NA	NA	NA	NA	NA	NA	4	2	2	2	2	1	NA	NA	NA	4	2	2
21	1	9417499	NA	NA	NA	NA	NA	NA	2	2	0.05	0.1	NA	NA	NA	NA	NA	NA	NA	NA	NA	NA	NA	NA	NA	NA	NA	NA	2	0	0.628294	2	1	0.371706	NA	NA	NA
21	9417500	10899999	NA	NA	NA	NA	NA	NA	2	2	0.05	0.508667953845	NA	NA	NA	NA	NA	NA	NA	NA	NA	NA	NA	NA	NA	NA	NA	NA	2	0	0.628294	2	1	0.371706	NA	NA	NA
21	10900000	15288634	4	2	2	2	d	2	2	2	0.0464990321922	0.282205552869	NA	NA	NA	NA	NA	NA	NA	NA	NA	NA	NA	NA	NA	4	2	2	2	2	0.305966	2	1	0.694034	NA	NA	NA
21	15288635	46937500	4	2	2	2	d	4	2	2	0.0437319354821	0.131605207398	4.142422	2.071210951	2.071211	2	2	1	NA	NA	NA	NA	NA	NA	NA	4	2	2	2	2	1	NA	NA	NA	NA	NA	NA
21	46937501	48129894	4	2	2	2	d	3	NA	NA	NA	NA	4	2	2	2	2	1	NA	NA	NA	NA	NA	NA	NA	5	2	3	2	2	1	NA	NA	NA	NA	NA	NA
22	1	12199999	4	2	2	1	g	NA	NA	NA	NA	NA	NA	NA	NA	NA	NA	NA	NA	NA	NA	NA	NA	NA	NA	NA	NA	NA	NA	NA	NA	NA	NA	NA	4	2	2
22	12200000	17899999	4	2	2	2	d	5	2	2	0.0382188913087	0.186297388432	4.126591	2.063295736	2.0632957	2	2	1	NA	NA	NA	NA	NA	NA	NA	4	2	2	2	2	1	NA	NA	NA	4	2	2
22	17900000	30358000	4	2	2	3	a	6	2	2	0.041266844261	0.149322692838	4	2	2	2	2	1	NA	NA	NA	NA	NA	NA	NA	4	2	2	2	2	1	NA	NA	NA	4	2	2
22	30358001	30806266	5	3	2	2	d	4	2.35	2.35	0.0423581509809	0.202573398264	5	2	3	3	2	1	NA	NA	NA	NA	NA	NA	NA	6	3	3	3	2	1	NA	NA	NA	5	2	3
22	30806267	49687500	4	2	2	3	b	6	2	2	0.0399572270182	0.135816510921	4	2	2	2	2	1	NA	NA	NA	NA	NA	NA	NA	5	2	3	2	2	1	NA	NA	NA	4	2	2
22	49687501	51304565	4	2	2	2	d	4	NA	NA	NA	NA	4	2	2	2	2	1	NA	NA	NA	NA	NA	NA	NA	5	2	3	2	2	1	NA	NA	NA	4	2	2
X	1	58099999	2	2	0	1	h	1	1	0	0.0828611121221	0.158897274548	2	0	2	NA	NA	NA	NA	NA	NA	NA	NA	NA	NA	2	0	2	NA	NA	NA	NA	NA	NA	3	1	2
X	58100000	62999999	2	2	0	2	d	2	0.27	0	0.05	0.356626638294	2	0	2	NA	NA	NA	NA	NA	NA	NA	NA	NA	NA	2	0	2	NA	NA	NA	NA	NA	NA	3	1	2
X	63000000	155270559	2	2	0	1	h	1	1	0	0.165552273722	0.15374560322	2	0	2	NA	NA	NA	NA	NA	NA	NA	NA	NA	NA	2	0	2	NA	NA	NA	NA	NA	NA	3	1	2
Y	1	11599999	1	1	0	1	h	1	NA	NA	NA	NA	1	0	1	NA	NA	NA	NA	NA	NA	NA	NA	NA	NA	NA	NA	NA	NA	NA	NA	NA	NA	NA	4	0	4
Y	11600000	13399999	1	1	0	1	h	1	NA	NA	NA	NA	1.385434	0	1.385434	NA	NA	NA	NA	NA	NA	NA	NA	NA	NA	NA	NA	NA	NA	NA	NA	NA	NA	NA	4	0	4
Y	13400000	59373565	1	1	0	1	h	1	NA	NA	NA	NA	1.170162	0	1.170162	NA	NA	NA	NA	NA	NA	NA	NA	NA	NA	NA	NA	NA	NA	NA	NA	NA	NA	NA	4	0	4
