chromosome	start	end	total_cn	major_cn	minor_cn	star	level	methods_agree	absolute_broad_major_cn	absolute_broad_minor_cn	absolute_broad_het_error	absolute_broad_cov_error	aceseq_copy_number	aceseq_minor_cn	aceseq_major_cn	battenberg_nMaj1_A	battenberg_nMin1_A	battenberg_frac1_A	battenberg_nMaj2_A	battenberg_nMin2_A	battenberg_frac2_A	battenberg_SDfrac_A	battenberg_SDfrac_A_BS	battenberg_frac1_A_0.025	battenberg_frac1_A_0.975	clonehd_copy_number	clonehd_minor_cn	clonehd_major_cn	sclust_nMaj1_A	sclust_nMin1_A	sclust_frac1_A	sclust_nMaj2_A	sclust_nMin2_A	sclust_frac2_A	jabba_copy_number	jabba_minor_cn	jabba_major_cn
1	1	121499999	2	1	1	3	a	6	1	1	0.0527251427194	0.125844952868	2	1	1	1	1	1	NA	NA	NA	NA	NA	NA	NA	2	1	1	1	1	1	NA	NA	NA	2	1	1
1	121500000	128899999	2	1	1	3	b	5	1	1	0.05	0.1	2	1	1	1	1	1	NA	NA	NA	NA	NA	NA	NA	NA	NA	NA	1	1	1	NA	NA	NA	2	1	1
1	128900000	249250620	2	1	1	3	a	6	1	1	0.052952699044	0.122566701178	2	1	1	1	1	1	NA	NA	NA	NA	NA	NA	NA	2	1	1	1	1	1	NA	NA	NA	2	1	1
2	62146	75487499	2	1	1	3	a	6	1	1	0.0515946286391	0.110433224218	2	1	1	1	1	1	NA	NA	NA	NA	NA	NA	NA	2	1	1	1	1	1	NA	NA	NA	2	1	1
2	75487500	76102499	3	2	1	2	e	3	2.46	1	0.04783701802	0.149376493336	2.022438	0.556441521	1.4659968	2	1	1	NA	NA	NA	NA	NA	NA	NA	NA	NA	NA	1	0	0.767038	1	1	0.232962	2	1	1
2	76102500	90499999	2	1	1	3	a	6	1	1	0.05104701532	0.124183750697	2	1	1	1	1	1	NA	NA	NA	NA	NA	NA	NA	2	1	1	1	1	1	NA	NA	NA	2	1	1
2	90500000	96799999	2	1	1	3	a	6	1	1	0.05	0.179605393302	2	1	1	1	1	1	NA	NA	NA	NA	NA	NA	NA	2	1	1	1	1	1	NA	NA	NA	2	1	1
2	96800000	243011591	2	1	1	3	a	6	1	1	0.052340248931	0.113729354841	2	1	1	1	1	1	NA	NA	NA	NA	NA	NA	NA	2	1	1	1	1	1	NA	NA	NA	2	1	1
3	100074	87899999	2	1	1	3	a	6	1	1	0.0530851395417	0.110215637816	2	1	1	1	1	1	NA	NA	NA	NA	NA	NA	NA	2	1	1	1	1	1	NA	NA	NA	2	1	1
3	87900000	93899999	2	1	1	2	d	5	1	1	0.0477485965702	0.119684753813	2.176641	1.088320733	1.0883207	1	1	1	NA	NA	NA	NA	NA	NA	NA	2	1	1	1	1	1	NA	NA	NA	2	1	1
3	93900000	197847500	2	1	1	3	a	6	1	1	0.0516170723601	0.108604410336	2	1	1	1	1	1	NA	NA	NA	NA	NA	NA	NA	2	1	1	1	1	1	NA	NA	NA	2	1	1
4	27500	48199999	2	2	0	3	a	6	2	0	0.0612458731892	0.109950031385	2	0	2	2	0	1	NA	NA	NA	NA	NA	NA	NA	2	0	2	2	0	1	NA	NA	NA	2	0	2
4	48200000	52699999	2	2	0	3	b	5	2	0	0.062963782958	0.189404617511	2	0	2	NA	NA	NA	NA	NA	NA	NA	NA	NA	NA	2	0	2	2	0	1	NA	NA	NA	2	0	2
4	52700000	191154275	2	2	0	3	a	6	2	0	0.0600653365133	0.108680446414	2	0	2	2	0	1	NA	NA	NA	NA	NA	NA	NA	2	0	2	2	0	1	NA	NA	NA	2	0	2
5	22500	46099999	3	2	1	2	d	5	1.86	1	0.0669657818982	0.148409121757	3	1	2	2	1	1	NA	NA	NA	NA	NA	NA	NA	3	1	2	2	1	1	NA	NA	NA	3	1	2
5	46100000	50699999	3	2	1	2	d	3	1.86	1	0.058695533716	0.155222496415	3.785654	1.282913235	2.5027403	NA	NA	NA	NA	NA	NA	NA	NA	NA	NA	3	1	2	2	1	1	NA	NA	NA	3	1	2
5	50700000	180689978	3	2	1	2	d	5	1.86	1	0.0668869701107	0.138697744818	3	1	2	2	1	1	NA	NA	NA	NA	NA	NA	NA	3	1	2	2	1	1	NA	NA	NA	3	1	2
6	242501	58699999	3	2	1	2	d	5	1.86	1	0.0694720856521	0.15656089854	3	1	2	2	1	1	NA	NA	NA	NA	NA	NA	NA	3	1	2	2	1	1	NA	NA	NA	3	1	2
6	58700000	63299999	3	2	1	2	d	3	1.77	1	0.0618835116596	0.23592464513	3.398394	1.156750601	2.2416432	NA	NA	NA	NA	NA	NA	NA	NA	NA	NA	3	1	2	2	1	1	NA	NA	NA	3	1	2
6	63300000	170897500	3	2	1	2	d	5	1.86	1	0.0660960402872	0.13750388959	3	1	2	2	1	1	NA	NA	NA	NA	NA	NA	NA	3	1	2	2	1	1	NA	NA	NA	3	1	2
7	40386	57999999	3	2	1	2	d	5	1.86	1	0.0666731664247	0.147952215113	3	1	2	2	1	1	NA	NA	NA	NA	NA	NA	NA	3	1	2	2	1	1	NA	NA	NA	3	1	2
7	58000000	61762528	3	2	1	2	d	4	1.86	1	0.05	0.499483064102	3	1	2	NA	NA	NA	NA	NA	NA	NA	NA	NA	NA	3	1	2	2	1	1	NA	NA	NA	3	1	2
7	61762529	159138662	3	2	1	2	d	5	1.86	1	0.0662173173852	0.145375561514	3	1	2	2	1	1	NA	NA	NA	NA	NA	NA	NA	3	1	2	2	1	1	NA	NA	NA	3	1	2
8	172500	43099999	2	1	1	3	a	6	1	1	0.055183604338	0.122851552582	2	1	1	1	1	1	NA	NA	NA	NA	NA	NA	NA	2	1	1	1	1	1	NA	NA	NA	2	1	1
8	43100000	48099999	2	1	1	2	d	5	1	1	0.0472944930167	0.211379641438	2.533561	1.266780674	1.2667807	1	1	1	NA	NA	NA	NA	NA	NA	NA	2	1	1	1	1	1	NA	NA	NA	2	1	1
8	48100000	146364021	2	1	1	3	a	6	1	1	0.0523549296661	0.11216130262	2	1	1	1	1	1	NA	NA	NA	NA	NA	NA	NA	2	1	1	1	1	1	NA	NA	NA	2	1	1
9	10001	29091446	2	1	1	3	a	6	1	1	0.0509929955722	0.117222848655	2	1	1	1	1	1	NA	NA	NA	NA	NA	NA	NA	2	1	1	1	1	1	NA	NA	NA	2	1	1
9	29091447	44435457	3	2	1	2	d	5	1.77	1	0.0657925033611	0.146865809281	3	1	2	2	1	1	NA	NA	NA	NA	NA	NA	NA	3	1	2	2	1	1	NA	NA	NA	3	1	2
9	44435458	47299999	3	2	1	2	d	3	1	1	0.05	0.480414974512	3	1	2	1	0	0.648153482744715	1	1	0.351846517255285	NA	0	0.648153482744715	0.648153482744715	3	1	2	2	1	1	NA	NA	NA	2	1	1
9	47300000	50699999	NA	NA	NA	NA	NA	NA	1	1	0.05	0.1	NA	NA	NA	NA	NA	NA	NA	NA	NA	NA	NA	NA	NA	3	1	2	2	1	1	NA	NA	NA	2	1	1
9	50700000	69512499	2	1	1	2	d	2	1	1	0.05	0.213296757957	NA	NA	NA	NA	NA	NA	NA	NA	NA	NA	NA	NA	NA	NA	NA	NA	2	1	1	NA	NA	NA	2	1	1
9	69512500	141019790	2	1	1	3	a	6	1	1	0.0522523449121	0.117293783012	2	1	1	1	1	1	NA	NA	NA	NA	NA	NA	NA	2	1	1	1	1	1	NA	NA	NA	2	1	1
10	102500	37999999	3	2	1	2	d	5	1.86	1	0.0670380852793	0.14132344648	3	1	2	2	1	1	NA	NA	NA	NA	NA	NA	NA	3	1	2	2	1	1	NA	NA	NA	3	1	2
10	38000000	42428309	3	2	1	2	d	3	1.86	1	0.0717093223615	0.257838844137	4.526544	1.56822284	2.9583213	NA	NA	NA	NA	NA	NA	NA	NA	NA	NA	3	1	2	2	1	1	NA	NA	NA	3	1	2
10	42428310	135449807	3	2	1	2	d	5	1.86	1	0.0677344943068	0.154823034688	3	1	2	2	1	1	NA	NA	NA	NA	NA	NA	NA	3	1	2	2	1	1	NA	NA	NA	3	1	2
11	235918	50260976	2	1	1	3	a	6	1	1	0.0528772830803	0.122765747401	2	1	1	1	1	1	NA	NA	NA	NA	NA	NA	NA	2	1	1	1	1	1	NA	NA	NA	2	1	1
11	50260977	50501656	2	1	1	2	d	5	1	1	0.05	0.103538965402	2.967041	1.483520432	1.4835204	1	1	1	NA	NA	NA	NA	NA	NA	NA	2	1	1	1	1	1	NA	NA	NA	2	1	1
11	50501657	51599999	2	1	1	2	d	4	1	1	0.05	0.131762502465	3.378223	1.689111537	1.6891115	1	1	1	NA	NA	NA	NA	NA	NA	NA	2	1	1	2	1	0.0562709	1	1	0.943729	2	1	1
11	51600000	55699999	2	1	1	2	d	4	1	1	0.0647000914078	0.160127008278	2.413759	1.206879354	1.2068794	1	1	1	NA	NA	NA	NA	NA	NA	NA	2	1	1	2	1	0.0562709	1	1	0.943729	2	1	1
11	55700000	135006515	2	1	1	3	a	6	1	1	0.053680225317	0.112886889626	2	1	1	1	1	1	NA	NA	NA	NA	NA	NA	NA	2	1	1	1	1	1	NA	NA	NA	2	1	1
12	110107	33299999	2	1	1	3	a	6	1	1	0.0541542874272	0.112793172397	2	1	1	1	1	1	NA	NA	NA	NA	NA	NA	NA	2	1	1	1	1	1	NA	NA	NA	2	1	1
12	33300000	38199999	2	1	1	2	d	5	1	1	0.0514589004668	0.12321020605	2.690256	1.3451279	1.3451279	1	1	1	NA	NA	NA	NA	NA	NA	NA	2	1	1	1	1	1	NA	NA	NA	2	1	1
12	38200000	133851894	2	1	1	3	a	6	1	1	0.0531944786407	0.112399406501	2	1	1	1	1	1	NA	NA	NA	NA	NA	NA	NA	2	1	1	1	1	1	NA	NA	NA	2	1	1
13	1	16299999	2	1	1	1	h	1	NA	NA	NA	NA	NA	NA	NA	NA	NA	NA	NA	NA	NA	NA	NA	NA	NA	NA	NA	NA	NA	NA	NA	NA	NA	NA	2	1	1
13	16300000	19499999	2	1	1	2	d	4	1	1	0.0603450370793	0.098702136892	NA	NA	NA	1	1	1	NA	NA	NA	NA	NA	NA	NA	NA	NA	NA	1	1	1	NA	NA	NA	2	1	1
13	19500000	115169877	2	1	1	3	a	6	1	1	0.052023811318	0.111840560282	2	1	1	1	1	1	NA	NA	NA	NA	NA	NA	NA	2	1	1	1	1	1	NA	NA	NA	2	1	1
14	1	16099999	2	1	1	1	h	1	NA	NA	NA	NA	NA	NA	NA	NA	NA	NA	NA	NA	NA	NA	NA	NA	NA	NA	NA	NA	NA	NA	NA	NA	NA	NA	2	1	1
14	16100000	19099999	2	1	1	2	d	2	NA	NA	NA	NA	NA	NA	NA	NA	NA	NA	NA	NA	NA	NA	NA	NA	NA	NA	NA	NA	1	1	1	NA	NA	NA	2	1	1
14	19100000	107349539	2	1	1	3	a	6	1	1	0.0526760883574	0.11411615612	2	1	1	1	1	1	NA	NA	NA	NA	NA	NA	NA	2	1	1	1	1	1	NA	NA	NA	2	1	1
15	1	15799999	2	1	1	1	h	1	NA	NA	NA	NA	NA	NA	NA	NA	NA	NA	NA	NA	NA	NA	NA	NA	NA	NA	NA	NA	NA	NA	NA	NA	NA	NA	2	1	1
15	15800000	20699999	2	1	1	2	d	4	1	1	0.05	0.189879227526	NA	NA	NA	1	1	1	NA	NA	NA	NA	NA	NA	NA	NA	NA	NA	1	1	1	NA	NA	NA	2	1	1
15	20700000	102531391	2	1	1	3	a	6	1	1	0.0532705034272	0.118537757981	2	1	1	1	1	1	NA	NA	NA	NA	NA	NA	NA	2	1	1	1	1	1	NA	NA	NA	2	1	1
16	100010	34599999	2	1	1	3	a	6	1	1	0.0534455244807	0.156058687703	2	1	1	1	1	1	NA	NA	NA	NA	NA	NA	NA	2	1	1	1	1	1	NA	NA	NA	2	1	1
16	34600000	38599999	2	1	1	3	a	6	1	1	0.05	0.186466957428	2	1	1	1	1	1	NA	NA	NA	NA	NA	NA	NA	2	1	1	1	1	1	NA	NA	NA	2	1	1
16	38600000	90354752	2	1	1	3	a	6	1	1	0.0537788027627	0.121677414467	2	1	1	1	1	1	NA	NA	NA	NA	NA	NA	NA	2	1	1	1	1	1	NA	NA	NA	2	1	1
17	15222	22199999	2	1	1	3	a	6	1	1	0.0550926279731	0.126621431567	2	1	1	1	1	1	NA	NA	NA	NA	NA	NA	NA	2	1	1	1	1	1	NA	NA	NA	2	1	1
17	22200000	25799999	2	1	1	2	d	4	1	1	0.0454824547667	0.142157333091	2.253193	1.126596363	1.1265964	NA	NA	NA	NA	NA	NA	NA	NA	NA	NA	2	1	1	1	1	1	NA	NA	NA	2	1	1
17	25800000	81195209	2	1	1	3	a	6	1	1	0.0557153423407	0.141899054348	2	1	1	1	1	1	NA	NA	NA	NA	NA	NA	NA	2	1	1	1	1	1	NA	NA	NA	2	1	1
18	75632	15399999	2	1	1	3	a	6	1	1	0.0513216248488	0.116704222898	2	1	1	1	1	1	NA	NA	NA	NA	NA	NA	NA	2	1	1	1	1	1	NA	NA	NA	2	1	1
18	15400000	18999999	2	1	1	3	a	6	1	1	0.05	0.10956110479	2	1	1	1	1	1	NA	NA	NA	NA	NA	NA	NA	2	1	1	1	1	1	NA	NA	NA	2	1	1
18	19000000	78077247	2	1	1	3	a	6	1	1	0.0519223617395	0.113172241586	2	1	1	1	1	1	NA	NA	NA	NA	NA	NA	NA	2	1	1	1	1	1	NA	NA	NA	2	1	1
19	102500	260136	2	1	1	2	d	4	NA	NA	NA	NA	NA	NA	NA	1	1	1	NA	NA	NA	NA	NA	NA	NA	2	1	1	1	1	1	NA	NA	NA	2	1	1
19	260137	24389073	2	1	1	3	a	6	1	1	0.0559269211094	0.120711353775	2	1	1	1	1	1	NA	NA	NA	NA	NA	NA	NA	2	1	1	1	1	1	NA	NA	NA	2	1	1
19	24389074	24399999	2	1	1	2	d	4	1	1	0.05	0.1	2	1	1	2	2	1	NA	NA	NA	NA	NA	NA	NA	3	1	2	1	1	1	NA	NA	NA	2	1	1
19	24400000	28599999	2	1	1	2	d	2	1	1	0.0477478776324	0.219545933377	3.157384	1.578692024	1.578692	NA	NA	NA	NA	NA	NA	NA	NA	NA	NA	3	1	2	NA	NA	NA	NA	NA	NA	2	1	1
19	28600000	59128982	2	1	1	3	a	6	1	1	0.0530376843947	0.138139288693	2	1	1	1	1	1	NA	NA	NA	NA	NA	NA	NA	2	1	1	1	1	1	NA	NA	NA	2	1	1
20	60479	25599999	2	1	1	3	a	6	1	1	0.0521258704253	0.114727922901	2	1	1	1	1	1	NA	NA	NA	NA	NA	NA	NA	2	1	1	1	1	1	NA	NA	NA	2	1	1
20	25600000	29399999	2	1	1	3	a	6	1	1	0.0500438011011	0.124813023269	2	1	1	1	1	1	NA	NA	NA	NA	NA	NA	NA	2	1	1	1	1	1	NA	NA	NA	2	1	1
20	29400000	63025519	2	1	1	3	a	6	1	1	0.053743339385	0.12012055919	2	1	1	1	1	1	NA	NA	NA	NA	NA	NA	NA	2	1	1	1	1	1	NA	NA	NA	2	1	1
21	1	9411193	NA	NA	NA	NA	NA	NA	NA	NA	NA	NA	NA	NA	NA	NA	NA	NA	NA	NA	NA	NA	NA	NA	NA	NA	NA	NA	NA	NA	NA	NA	NA	NA	NA	NA	NA
21	9411194	10769982	NA	NA	NA	NA	NA	NA	1	1	0.05	0.30674062631	NA	NA	NA	NA	NA	NA	NA	NA	NA	NA	NA	NA	NA	NA	NA	NA	2	0	0.650141	2	1	0.349859	NA	NA	NA
21	10769983	14299999	3	2	1	1	g	NA	1	1	0.05	0.223104689984	NA	NA	NA	NA	NA	NA	NA	NA	NA	NA	NA	NA	NA	NA	NA	NA	2	0	0.49487	2	1	0.50513	NA	NA	NA
21	14300000	48129894	2	1	1	3	b	5	1	1	0.0540844402187	0.11544814675	2	1	1	1	1	1	NA	NA	NA	NA	NA	NA	NA	2	1	1	1	1	1	NA	NA	NA	NA	NA	NA
22	1	12199999	2	1	1	1	h	1	NA	NA	NA	NA	NA	NA	NA	NA	NA	NA	NA	NA	NA	NA	NA	NA	NA	NA	NA	NA	NA	NA	NA	NA	NA	NA	2	1	1
22	12200000	17899999	2	1	1	2	d	5	1	1	0.0581948916769	0.135900480589	2.33443	1.167215076	1.1672151	1	1	1	NA	NA	NA	NA	NA	NA	NA	2	1	1	1	1	1	NA	NA	NA	2	1	1
22	17900000	51304565	2	1	1	3	a	6	1	1	0.0556941319965	0.170905449312	2	1	1	1	1	1	NA	NA	NA	NA	NA	NA	NA	2	1	1	1	1	1	NA	NA	NA	2	1	1
X	1	58099999	3	2	1	2	d	4	1.37	0.63	0.0664731235603	0.178016601324	3	1	2	2	1	1	NA	NA	NA	NA	NA	NA	NA	3	1	2	NA	NA	NA	NA	NA	NA	3	1	2
X	58100000	62999999	3	2	1	2	d	2	1.37	0.63	0.05	0.378374181183	3.749028	0	3.749028	2	0	0.39448061300916	2	1	0.60551938699084	NA	0	0.39448061300916	0.39448061300916	3	1	2	NA	NA	NA	NA	NA	NA	3	1	2
X	63000000	155270559	3	2	1	2	d	4	1.37	0.63	0.0670444866874	0.160949163056	3	1	2	2	1	1	NA	NA	NA	NA	NA	NA	NA	3	1	2	NA	NA	NA	NA	NA	NA	3	1	2
