chromosome	start	end	total_cn	major_cn	minor_cn	star	level	methods_agree	absolute_broad_major_cn	absolute_broad_minor_cn	absolute_broad_het_error	absolute_broad_cov_error	aceseq_copy_number	aceseq_minor_cn	aceseq_major_cn	battenberg_nMaj1_A	battenberg_nMin1_A	battenberg_frac1_A	battenberg_nMaj2_A	battenberg_nMin2_A	battenberg_frac2_A	battenberg_SDfrac_A	battenberg_SDfrac_A_BS	battenberg_frac1_A_0.025	battenberg_frac1_A_0.975	clonehd_copy_number	clonehd_minor_cn	clonehd_major_cn	sclust_nMaj1_A	sclust_nMin1_A	sclust_frac1_A	sclust_nMaj2_A	sclust_nMin2_A	sclust_frac2_A	jabba_copy_number	jabba_minor_cn	jabba_major_cn
1	10001	121499999	2	1	1	3	b	5	1	1	0.0549301890802	0.203878138053	NA	NA	NA	1	1	1	NA	NA	NA	NA	NA	NA	NA	2	1	1	1	1	1	NA	NA	NA	2	1	1
1	121500000	128899999	2	1	1	2	d	3	1	1	0.05	0.1	NA	NA	NA	NA	NA	NA	NA	NA	NA	NA	NA	NA	NA	1	0	1	1	1	1	NA	NA	NA	2	1	1
1	128900000	142545938	2	1	1	2	d	3	1	1	0.05	0.1	NA	NA	NA	NA	NA	NA	NA	NA	NA	NA	NA	NA	NA	NA	NA	NA	1	1	1	NA	NA	NA	2	1	1
1	142545939	205164661	2	1	1	2	d	4	1	1	0.053115965823	0.200260300935	NA	NA	NA	1	1	0.929656477407417	2	1	0.0703435225925828	0.00254333240067811	0.00250661150488527	0.92662807996996	0.936253625812345	2	1	1	1	1	1	NA	NA	NA	2	1	1
1	205164662	205688755	3	2	1	3	b	5	2	1	0.0487559069372	0.234155460705	NA	NA	NA	2	1	1	NA	NA	NA	NA	NA	NA	NA	3	1	2	2	1	1	NA	NA	NA	3	1	2
1	205688756	220951924	2	1	1	2	d	4	1	1	0.0565674607948	0.167339603484	NA	NA	NA	1	1	0.934052947569456	2	1	0.065947052430544	0.00478268501565876	0.00473233724008493	0.926337376911008	0.945244131718792	2	1	1	1	1	1	NA	NA	NA	2	1	1
1	220951925	221712995	3	2	1	2	d	3	2.13	1	0.0669795961319	0.22836916522	NA	NA	NA	2	1	0.934160381313052	2	2	0.0658396186869477	0.0183566212967508	0.0192497258432911	0.838743181137999	0.914426423312016	3	1	2	2	1	1	NA	NA	NA	3	1	2
1	221712996	247247500	2	1	1	2	d	4	1	1	0.0535153662209	0.166395734887	NA	NA	NA	1	1	0.929656477407417	2	1	0.0703435225925828	0.00341586202092853	0.00341685363424346	0.92726392097841	0.94074902083528	2	1	1	1	1	1	NA	NA	NA	2	1	1
1	247247501	249250620	2	1	1	2	d	3	NA	NA	NA	NA	NA	NA	NA	1	1	0.918834397008558	2	1	0.0811656029914418	0.0113328232255085	0.0112517245922424	0.881867672222263	0.92557369308981	2	1	1	1	1	1	NA	NA	NA	2	1	1
2	20016	90499999	2	1	1	3	b	5	1	1	0.0542744461142	0.17347562113	NA	NA	NA	1	1	1	NA	NA	NA	NA	NA	NA	NA	2	1	1	1	1	1	NA	NA	NA	2	1	1
2	90500000	96799999	2	1	1	3	b	5	1	1	0.057165049356	0.218233577685	NA	NA	NA	1	1	1	NA	NA	NA	NA	NA	NA	NA	2	1	1	1	1	1	NA	NA	NA	2	1	1
2	96800000	242985695	2	1	1	3	b	5	1	1	0.0533356073746	0.172717761977	NA	NA	NA	1	1	1	NA	NA	NA	NA	NA	NA	NA	2	1	1	1	1	1	NA	NA	NA	2	1	1
3	100074	87899999	2	1	1	3	b	5	1	1	0.0539796258973	0.17959352203	NA	NA	NA	1	1	1	NA	NA	NA	NA	NA	NA	NA	2	1	1	1	1	1	NA	NA	NA	2	1	1
3	87900000	93899999	2	1	1	3	b	5	1	1	0.0609237780127	0.160400080622	NA	NA	NA	1	1	1	NA	NA	NA	NA	NA	NA	NA	2	1	1	1	1	1	NA	NA	NA	2	1	1
3	93900000	198022429	2	1	1	3	b	5	1	1	0.0551715972749	0.163630661728	NA	NA	NA	1	1	1	NA	NA	NA	NA	NA	NA	NA	2	1	1	1	1	1	NA	NA	NA	2	1	1
4	42231	48199999	3	2	1	2	d	4	2	0.93	0.0682190097149	0.230783767404	NA	NA	NA	2	1	1	NA	NA	NA	NA	NA	NA	NA	3	1	2	2	1	1	NA	NA	NA	3	1	2
4	48200000	52699999	3	2	1	2	d	3	2	0.93	0.0672502907187	0.398029247873	NA	NA	NA	2	0	0.0561424565658291	2	1	0.943857543434171	0.0178955806188955	0.0188557711475088	0.00679535742380509	0.0795497923167701	3	1	2	2	1	1	NA	NA	NA	3	1	2
4	52700000	70125394	3	2	1	2	d	4	2	0.93	0.0659999754768	0.221115738939	NA	NA	NA	2	1	1	NA	NA	NA	NA	NA	NA	NA	3	1	2	2	1	1	NA	NA	NA	3	1	2
4	70125395	70235893	3	2	1	2	d	2	NA	NA	NA	NA	NA	NA	NA	2	1	1	NA	NA	NA	NA	NA	NA	NA	NA	NA	NA	1	0	0.424431	1	1	0.575569	3	1	2
4	70235894	191154275	3	2	1	2	d	4	2	0.87	0.0670983688972	0.213826148902	NA	NA	NA	2	1	1	NA	NA	NA	NA	NA	NA	NA	3	1	2	2	1	1	NA	NA	NA	3	1	2
5	22500	867993	3	2	1	2	d	2	2	0.93	0.0694138347222	0.543478821788	NA	NA	NA	NA	NA	NA	NA	NA	NA	NA	NA	NA	NA	NA	NA	NA	2	1	1	NA	NA	NA	3	1	2
5	867994	46099999	3	2	1	2	d	4	2	0.93	0.0667085007278	0.220162193759	NA	NA	NA	2	1	1	NA	NA	NA	NA	NA	NA	NA	3	1	2	2	1	1	NA	NA	NA	3	1	2
5	46100000	50699999	3	2	1	2	d	4	2	0.93	0.0679148358309	0.476907252735	NA	NA	NA	2	1	1	NA	NA	NA	NA	NA	NA	NA	3	1	2	2	1	1	NA	NA	NA	3	1	2
5	50700000	180689978	3	2	1	2	d	4	2	0.93	0.0673905692099	0.230000584439	NA	NA	NA	2	1	1	NA	NA	NA	NA	NA	NA	NA	3	1	2	2	1	1	NA	NA	NA	3	1	2
6	39681	212499	3	2	1	2	d	3	2	0.93	0.05	0.1	NA	NA	NA	2	1	1	NA	NA	NA	NA	NA	NA	NA	NA	NA	NA	2	1	1	NA	NA	NA	3	1	2
6	212500	58699999	3	2	1	2	d	4	2	0.93	0.0688512959143	0.234060421243	NA	NA	NA	2	1	1	NA	NA	NA	NA	NA	NA	NA	3	1	2	2	1	1	NA	NA	NA	3	1	2
6	58700000	63299999	3	2	1	2	d	4	2	0.93	0.0800851593451	0.281688004771	NA	NA	NA	2	1	1	NA	NA	NA	NA	NA	NA	NA	3	1	2	2	1	1	NA	NA	NA	3	1	2
6	63300000	170897500	3	2	1	2	d	4	2	0.93	0.0668871561508	0.217440450699	NA	NA	NA	2	1	1	NA	NA	NA	NA	NA	NA	NA	3	1	2	2	1	1	NA	NA	NA	3	1	2
7	40386	57999999	3	2	1	2	d	4	2	0.93	0.0683022095634	0.236268385717	NA	NA	NA	2	1	1	NA	NA	NA	NA	NA	NA	NA	3	1	2	2	1	1	NA	NA	NA	3	1	2
7	58000000	61987499	3	2	1	2	d	4	2	0.93	0.05	0.768787583739	NA	NA	NA	2	1	1	NA	NA	NA	NA	NA	NA	NA	3	1	2	2	1	1	NA	NA	NA	3	1	2
7	61987500	158840001	3	2	1	2	d	4	2	0.93	0.0678167105969	0.240010368824	NA	NA	NA	2	1	1	NA	NA	NA	NA	NA	NA	NA	3	1	2	2	1	1	NA	NA	NA	3	1	2
8	10001	43099999	3	2	1	1	g	NA	1.64	1	0.0616922116634	0.268669291777	NA	NA	NA	2	1	0.648995633333278	2	2	0.351004366666722	0.0026114080932087	0.00263912378586531	0.63548448856588	0.645923976765868	3	1	2	2	2	0.33292	2	1	0.66708	4	2	2
8	43100000	48099999	3	2	1	1	g	NA	1.64	1	0.0708537479037	0.32610908659	NA	NA	NA	NA	NA	NA	NA	NA	NA	NA	NA	NA	NA	3	1	2	2	2	0.33798	2	1	0.66202	4	2	2
8	48100000	146364021	3	2	1	1	g	NA	1.64	1	0.0604526218082	0.211951714777	NA	NA	NA	2	1	0.646869451791389	2	2	0.353130548208611	0.00192814008560932	0.00190384696969341	0.64327593633017	0.650750530827509	3	1	2	2	2	0.33292	2	1	0.66708	4	2	2
9	47500	220016	2	1	1	2	d	4	1	1	0.05	0.1	NA	NA	NA	1	1	1	NA	NA	NA	NA	NA	NA	NA	2	1	1	1	0	0.460102	1	1	0.539898	2	1	1
9	220017	47299999	2	1	1	3	b	5	1	1	0.0537367687727	0.181567250521	NA	NA	NA	1	1	1	NA	NA	NA	NA	NA	NA	NA	2	1	1	1	1	1	NA	NA	NA	2	1	1
9	47300000	50699999	2	1	1	2	d	4	1	1	0.05	0.1	NA	NA	NA	1	1	1	NA	NA	NA	NA	NA	NA	NA	NA	NA	NA	1	1	1	NA	NA	NA	2	1	1
9	50700000	140267500	2	1	1	3	b	5	1	1	0.0536084465142	0.174472654713	NA	NA	NA	1	1	1	NA	NA	NA	NA	NA	NA	NA	2	1	1	1	1	1	NA	NA	NA	2	1	1
10	102500	37999999	2	1	1	3	b	5	1	1	0.0562761948202	0.151578722811	NA	NA	NA	1	1	1	NA	NA	NA	NA	NA	NA	NA	2	1	1	1	1	1	NA	NA	NA	2	1	1
10	38000000	42299999	2	1	1	2	d	4	1	1	0.0384331971684	0.302539079646	NA	NA	NA	1	1	1	NA	NA	NA	NA	NA	NA	NA	2	1	1	NA	NA	NA	NA	NA	NA	2	1	1
10	42300000	135389924	2	1	1	3	b	5	1	1	0.0556306273569	0.187180508994	NA	NA	NA	1	1	1	NA	NA	NA	NA	NA	NA	NA	2	1	1	1	1	1	NA	NA	NA	2	1	1
11	20721	187499	2	1	1	2	d	3	1	1	0.05	0.1	NA	NA	NA	NA	NA	NA	NA	NA	NA	NA	NA	NA	NA	NA	NA	NA	1	1	1	NA	NA	NA	2	1	1
11	187500	51599999	2	1	1	3	b	5	1	1	0.0544053079573	0.18321047863	NA	NA	NA	1	1	1	NA	NA	NA	NA	NA	NA	NA	2	1	1	1	1	1	NA	NA	NA	2	1	1
11	51600000	55699999	2	1	1	3	b	5	1	1	0.0424959589737	0.186105869055	NA	NA	NA	1	1	1	NA	NA	NA	NA	NA	NA	NA	2	1	1	1	1	1	NA	NA	NA	2	1	1
11	55700000	134442500	2	1	1	3	b	5	1	1	0.0537873802399	0.173039545312	NA	NA	NA	1	1	1	NA	NA	NA	NA	NA	NA	NA	2	1	1	1	1	1	NA	NA	NA	2	1	1
12	110107	33299999	2	1	1	3	b	5	1	1	0.0552658699582	0.191386960488	NA	NA	NA	1	1	1	NA	NA	NA	NA	NA	NA	NA	2	1	1	1	1	1	NA	NA	NA	2	1	1
12	33300000	38199999	2	1	1	3	b	5	1	1	0.0593878848754	0.218995219352	NA	NA	NA	1	1	1	NA	NA	NA	NA	NA	NA	NA	2	1	1	1	1	1	NA	NA	NA	2	1	1
12	38200000	132342500	2	1	1	3	b	5	1	1	0.0549613684861	0.180260658019	NA	NA	NA	1	1	1	NA	NA	NA	NA	NA	NA	NA	2	1	1	1	1	1	NA	NA	NA	2	1	1
12	132342501	133851894	2	1	1	2	d	4	NA	NA	NA	NA	NA	NA	NA	1	1	1	NA	NA	NA	NA	NA	NA	NA	2	1	1	1	1	1	NA	NA	NA	2	1	1
13	1	16299999	3	2	1	1	h	1	NA	NA	NA	NA	NA	NA	NA	NA	NA	NA	NA	NA	NA	NA	NA	NA	NA	NA	NA	NA	NA	NA	NA	NA	NA	NA	3	1	2
13	16300000	19499999	3	2	1	2	d	2	1.83	0.87	0.05	0.199099422399	NA	NA	NA	1	1	0.155877728889028	2	1	0.844122271110972	NA	0	0.155877728889028	0.155877728889028	3	1	2	2	2	0.253495	2	1	0.746505	3	1	2
13	19500000	114137500	3	2	1	2	d	4	1.83	0.87	0.0672394573104	0.208556981467	NA	NA	NA	2	1	1	NA	NA	NA	NA	NA	NA	NA	3	1	2	2	1	1	NA	NA	NA	3	1	2
13	114137501	115169877	3	2	1	2	d	3	NA	NA	NA	NA	NA	NA	NA	2	1	1	NA	NA	NA	NA	NA	NA	NA	NA	NA	NA	2	1	1	NA	NA	NA	3	1	2
14	1	16099999	2	1	1	1	h	1	NA	NA	NA	NA	NA	NA	NA	NA	NA	NA	NA	NA	NA	NA	NA	NA	NA	NA	NA	NA	NA	NA	NA	NA	NA	NA	2	1	1
14	16100000	19099999	2	1	1	2	d	2	1	1	0.05	0.154818512758	NA	NA	NA	NA	NA	NA	NA	NA	NA	NA	NA	NA	NA	NA	NA	NA	1	0	0.768848	1	1	0.231152	2	1	1
14	19100000	106362500	2	1	1	3	b	5	1	1	0.0535093970802	0.170638554827	NA	NA	NA	1	1	1	NA	NA	NA	NA	NA	NA	NA	2	1	1	1	1	1	NA	NA	NA	2	1	1
15	1	15799999	2	1	1	1	h	1	NA	NA	NA	NA	NA	NA	NA	NA	NA	NA	NA	NA	NA	NA	NA	NA	NA	NA	NA	NA	NA	NA	NA	NA	NA	NA	2	1	1
15	15800000	20699999	2	1	1	2	d	2	1	1	0.05	0.61329398623	NA	NA	NA	NA	NA	NA	NA	NA	NA	NA	NA	NA	NA	NA	NA	NA	NA	NA	NA	NA	NA	NA	2	1	1
15	20700000	100332500	2	1	1	3	b	5	1	1	0.0557470859177	0.19013090965	NA	NA	NA	1	1	1	NA	NA	NA	NA	NA	NA	NA	2	1	1	1	1	1	NA	NA	NA	2	1	1
15	100332501	102531391	2	1	1	2	d	4	NA	NA	NA	NA	NA	NA	NA	1	1	1	NA	NA	NA	NA	NA	NA	NA	2	1	1	1	1	1	NA	NA	NA	2	1	1
16	100010	5425255	2	1	1	2	d	4	1	1	0.0538894544655	0.221510700167	NA	NA	NA	1	0	0.0703435225925814	1	1	0.929656477407419	0.00734653617679107	0.00776463157072524	0.0420614095785753	0.0718676377730374	2	1	1	1	1	1	NA	NA	NA	2	1	1
16	5425256	5768608	3	2	1	2	d	4	2.26	1	0.0628868184567	0.2215021631	NA	NA	NA	2	1	1	NA	NA	NA	NA	NA	NA	NA	3	1	2	2	1	1	NA	NA	NA	3	1	2
16	5768609	5771760	3	2	1	2	d	2	NA	NA	NA	NA	NA	NA	NA	3	1	1	NA	NA	NA	NA	NA	NA	NA	NA	NA	NA	2	1	1	NA	NA	NA	3	1	2
16	5771761	5784163	3	2	1	2	d	3	1	1	0.05	0.1	NA	NA	NA	2	1	1	NA	NA	NA	NA	NA	NA	NA	3	1	2	1	1	1	NA	NA	NA	3	1	2
16	5784164	34599999	2	1	1	3	b	5	1	1	0.054995646209	0.213816369431	NA	NA	NA	1	1	1	NA	NA	NA	NA	NA	NA	NA	2	1	1	1	1	1	NA	NA	NA	2	1	1
16	34600000	38599999	2	1	1	2	d	4	2	1	0.05	0.178442335631	NA	NA	NA	1	1	1	NA	NA	NA	NA	NA	NA	NA	2	1	1	1	1	1	NA	NA	NA	2	1	1
16	38600000	88822500	2	1	1	3	b	5	1	1	0.0547414846218	0.179348627179	NA	NA	NA	1	1	1	NA	NA	NA	NA	NA	NA	NA	2	1	1	1	1	1	NA	NA	NA	2	1	1
16	88822501	90354752	2	1	1	2	d	4	NA	NA	NA	NA	NA	NA	NA	1	1	1	NA	NA	NA	NA	NA	NA	NA	2	1	1	1	1	1	NA	NA	NA	2	1	1
17	22083	22199999	3	2	1	2	d	4	2.26	1	0.068626898905	0.267000196862	NA	NA	NA	2	1	1	NA	NA	NA	NA	NA	NA	NA	3	1	2	2	1	1	NA	NA	NA	3	1	2
17	22200000	25799999	3	2	1	2	d	3	2.26	1	0.0686283498814	0.262528050089	NA	NA	NA	NA	NA	NA	NA	NA	NA	NA	NA	NA	NA	3	1	2	2	1	1	NA	NA	NA	3	1	2
17	25800000	50841537	3	2	1	2	d	4	2.26	1	0.0685794742688	0.304073564029	NA	NA	NA	2	1	1	NA	NA	NA	NA	NA	NA	NA	3	1	2	2	1	1	NA	NA	NA	3	1	2
17	50841538	50841778	3	2	1	2	d	3	2.26	1	0.05	0.1	NA	NA	NA	2	1	1	NA	NA	NA	NA	NA	NA	NA	NA	NA	NA	2	1	1	NA	NA	NA	3	1	2
17	50841779	78772500	3	2	1	2	d	4	2.26	1	0.0668996530868	0.250083156037	NA	NA	NA	2	1	1	NA	NA	NA	NA	NA	NA	NA	3	1	2	2	1	1	NA	NA	NA	3	1	2
17	78772501	81195209	3	2	1	2	d	4	NA	NA	NA	NA	NA	NA	NA	2	1	1	NA	NA	NA	NA	NA	NA	NA	3	1	2	2	1	1	NA	NA	NA	3	1	2
18	27500	80030	2	1	1	2	d	3	1	1	0.05	0.1	NA	NA	NA	NA	NA	NA	NA	NA	NA	NA	NA	NA	NA	2	1	1	1	0	0.49593	1	1	0.50407	2	1	1
18	80031	15399999	2	1	1	3	b	5	1	1	0.0542899528537	0.174710456542	NA	NA	NA	1	1	1	NA	NA	NA	NA	NA	NA	NA	2	1	1	1	1	1	NA	NA	NA	2	1	1
18	15400000	18999999	2	1	1	3	b	5	1	1	0.05	0.16334335079	NA	NA	NA	1	1	1	NA	NA	NA	NA	NA	NA	NA	2	1	1	1	1	1	NA	NA	NA	2	1	1
18	19000000	76112500	2	1	1	3	b	5	1	1	0.0528389987966	0.159217420917	NA	NA	NA	1	1	1	NA	NA	NA	NA	NA	NA	NA	2	1	1	1	1	1	NA	NA	NA	2	1	1
18	76112501	78077247	2	1	1	2	d	4	NA	NA	NA	NA	NA	NA	NA	1	1	1	NA	NA	NA	NA	NA	NA	NA	2	1	1	1	1	1	NA	NA	NA	2	1	1
19	102500	260136	3	2	1	2	d	2	NA	NA	NA	NA	NA	NA	NA	2	1	1	NA	NA	NA	NA	NA	NA	NA	NA	NA	NA	2	1	0.724986	1	1	0.275014	3	1	2
19	260137	24399999	3	2	1	2	d	2	1.71	1	0.0698766671841	0.256727151324	NA	NA	NA	1	1	0.391917077947712	2	1	0.608082922052289	0.00516814390550335	0.00515532350495147	0.382025897120721	0.401935484307789	3	1	2	2	1	0.724986	1	1	0.275014	3	1	2
19	24400000	28599999	3	2	1	2	d	2	1.71	1	0.0643572212928	0.377742002281	NA	NA	NA	NA	NA	NA	NA	NA	NA	NA	NA	NA	NA	3	1	2	2	1	0.754196	1	1	0.245804	3	1	2
19	28600000	59128982	3	2	1	2	d	2	1.71	1	0.0700571738933	0.294844945002	NA	NA	NA	1	1	0.391452467805799	2	1	0.608547532194201	0.00453199915563668	0.00438305089499855	0.382925577794114	0.400408520667379	3	1	2	2	1	0.712159	1	1	0.287841	3	1	2
20	32146	25599999	2	1	1	3	b	5	1	1	0.0555977506724	0.162784373644	NA	NA	NA	1	1	1	NA	NA	NA	NA	NA	NA	NA	2	1	1	1	1	1	NA	NA	NA	2	1	1
20	25600000	29399999	2	1	1	3	b	5	1	1	0.0281594844124	0.384185453322	NA	NA	NA	1	1	1	NA	NA	NA	NA	NA	NA	NA	2	1	1	1	1	1	NA	NA	NA	2	1	1
20	29400000	62432500	2	1	1	3	b	5	1	1	0.0562671725811	0.181706411307	NA	NA	NA	1	1	1	NA	NA	NA	NA	NA	NA	NA	2	1	1	1	1	1	NA	NA	NA	2	1	1
21	1	9417499	NA	NA	NA	NA	NA	NA	NA	NA	NA	NA	NA	NA	NA	NA	NA	NA	NA	NA	NA	NA	NA	NA	NA	NA	NA	NA	2	0	0.501127	2	1	0.498873	NA	NA	NA
21	9417500	10899999	NA	NA	NA	NA	NA	NA	NA	NA	NA	NA	NA	NA	NA	NA	NA	NA	NA	NA	NA	NA	NA	NA	NA	NA	NA	NA	2	0	0.501127	2	1	0.498873	NA	NA	NA
21	10900000	14299999	4	3	1	1	g	NA	NA	NA	NA	NA	NA	NA	NA	NA	NA	NA	NA	NA	NA	NA	NA	NA	NA	NA	NA	NA	3	1	0.616252	2	1	0.383748	NA	NA	NA
21	14300000	46937500	4	2	2	2	d	3	2.13	2.13	0.0405627071498	0.358641602387	NA	NA	NA	2	2	1	NA	NA	NA	NA	NA	NA	NA	4	2	2	2	2	1	NA	NA	NA	NA	NA	NA
21	46937501	48129894	4	2	2	2	d	3	NA	NA	NA	NA	NA	NA	NA	2	2	1	NA	NA	NA	NA	NA	NA	NA	4	2	2	2	2	1	NA	NA	NA	NA	NA	NA
22	1	12199999	2	1	1	1	h	1	NA	NA	NA	NA	NA	NA	NA	NA	NA	NA	NA	NA	NA	NA	NA	NA	NA	NA	NA	NA	NA	NA	NA	NA	NA	NA	2	1	1
22	12200000	17899999	2	1	1	2	d	4	1.07	1.07	0.047456779556	0.211883500001	NA	NA	NA	1	1	1	NA	NA	NA	NA	NA	NA	NA	2	1	1	1	1	1	NA	NA	NA	2	1	1
22	17900000	49687500	2	1	1	2	d	4	1.07	1.07	0.0557675574538	0.202150623655	NA	NA	NA	1	1	1	NA	NA	NA	NA	NA	NA	NA	2	1	1	1	1	1	NA	NA	NA	2	1	1
22	49687501	51304565	2	1	1	2	d	4	NA	NA	NA	NA	NA	NA	NA	1	1	1	NA	NA	NA	NA	NA	NA	NA	2	1	1	1	1	1	NA	NA	NA	2	1	1
X	1	58099999	1	1	0	2	d	3	2	0	0.0647490801692	0.361555685684	NA	NA	NA	1	0	1	NA	NA	NA	NA	NA	NA	NA	1	0	1	NA	NA	NA	NA	NA	NA	1	0	1
X	58100000	62999999	1	1	0	2	d	2	1	1	0.05	0.421377962518	NA	NA	NA	NA	NA	NA	NA	NA	NA	NA	NA	NA	NA	1	0	1	NA	NA	NA	NA	NA	NA	1	0	1
X	63000000	154907500	1	1	0	2	d	2	1	1	0.0634961001948	0.220404635415	NA	NA	NA	0	0	0.267185504967811	1	0	0.732814495032189	0.00808248615899623	0.00813351133186535	0.25071372718045	0.282659994374783	1	0	1	NA	NA	NA	NA	NA	NA	1	0	1
