chromosome	start	end	total_cn	major_cn	minor_cn	star	level	methods_agree	absolute_broad_major_cn	absolute_broad_minor_cn	absolute_broad_het_error	absolute_broad_cov_error	aceseq_copy_number	aceseq_minor_cn	aceseq_major_cn	battenberg_nMaj1_A	battenberg_nMin1_A	battenberg_frac1_A	battenberg_nMaj2_A	battenberg_nMin2_A	battenberg_frac2_A	battenberg_SDfrac_A	battenberg_SDfrac_A_BS	battenberg_frac1_A_0.025	battenberg_frac1_A_0.975	clonehd_copy_number	clonehd_minor_cn	clonehd_major_cn	sclust_nMaj1_A	sclust_nMin1_A	sclust_frac1_A	sclust_nMaj2_A	sclust_nMin2_A	sclust_frac2_A	jabba_copy_number	jabba_minor_cn	jabba_major_cn
1	1	822499	2	2	0	2	d	3	2.28	0	0.05	0.889398152265	NA	NA	NA	2	0	1	NA	NA	NA	NA	NA	NA	NA	NA	NA	NA	2	0	1	NA	NA	NA	2	0	2
1	822500	12838747	2	2	0	2	d	4	2.28	0	0.0672791032375	0.167078307501	2	0	2	2	0	0.65651803637691	3	0	0.34348196362309	0.018493635602836	0.0167834498912067	0.7390964258419	0.805099726671595	2	0	2	2	0	1	NA	NA	NA	2	0	2
1	12838748	12933654	2	2	0	2	f	3	5	1	0.05	0.673300675095	2	0	2	2	0	0.65651803637691	3	0	0.34348196362309	0.018493635602836	0.0167834498912067	0.7390964258419	0.805099726671595	NA	NA	NA	3	0	1	NA	NA	NA	2	0	2
1	12933655	17016420	2	2	0	2	d	4	2.49	0	0.0665676176226	0.193894243729	2	0	2	2	0	0.65651803637691	3	0	0.34348196362309	0.018493635602836	0.0167834498912067	0.7390964258419	0.805099726671595	2	0	2	2	0	1	NA	NA	NA	2	0	2
1	17016421	17097499	2	2	0	2	d	3	NA	NA	NA	NA	2	0	2	NA	NA	NA	NA	NA	NA	NA	NA	NA	NA	NA	NA	NA	2	0	1	NA	NA	NA	2	0	2
1	17097500	80518524	2	2	0	2	d	4	2.36	0	0.0654521110419	0.154298781195	2	0	2	2	0	0.743313664659238	3	0	0.256686335340762	0.00723147523915924	0.00684770646930958	0.832585644869213	0.860063799754428	2	0	2	2	0	1	NA	NA	NA	2	0	2
1	80518525	80524165	2	2	0	2	d	3	2.36	0	0.05	0.1	2	0	2	2	0	0.743313664659238	3	0	0.256686335340762	0.00723147523915924	0.00684770646930958	0.832585644869213	0.860063799754428	NA	NA	NA	2	0	1	NA	NA	NA	2	0	2
1	80524166	121499999	2	2	0	2	d	4	2.36	0	0.0641134309262	0.155274766462	2	0	2	2	0	0.743313664659238	3	0	0.256686335340762	0.00723147523915924	0.00684770646930958	0.832585644869213	0.860063799754428	2	0	2	2	0	1	NA	NA	NA	2	0	2
1	121500000	128899999	2	2	0	2	e	3	2.36	0	0.05	0.1	2	0	2	NA	NA	NA	NA	NA	NA	NA	NA	NA	NA	1	0	1	2	0	1	NA	NA	NA	3	1	2
1	128900000	142689602	2	2	0	2	f	2	2.36	0	0.05	0.213975736573	NA	NA	NA	NA	NA	NA	NA	NA	NA	NA	NA	NA	NA	1	0	1	2	0	1	NA	NA	NA	3	1	2
1	142689603	144920086	3	2	1	2	d	2	2	1	0.05	0.358737216448	NA	NA	NA	2	2	1	NA	NA	NA	NA	NA	NA	NA	NA	NA	NA	2	2	0.0768306	2	1	0.923169	3	1	2
1	144920087	153623034	4	2	2	3	a	6	2	2	0.0479121337328	0.315336491947	4	2	2	2	2	1	NA	NA	NA	NA	NA	NA	NA	4	2	2	2	2	1	NA	NA	NA	4	2	2
1	153623035	217610161	4	2	2	3	a	6	2	2	0.0420774660537	0.213939272706	4	2	2	2	2	1	NA	NA	NA	NA	NA	NA	NA	4	2	2	2	2	1	NA	NA	NA	4	2	2
1	217610162	217756863	3	2	1	2	d	5	2	1	0.05	0.172375969877	3.132387	1.0675023	2.06488478	2	1	1	NA	NA	NA	NA	NA	NA	NA	3	1	2	2	1	1	NA	NA	NA	3	1	2
1	217756864	247247500	4	2	2	3	a	6	2	2	0.0420698982119	0.212770245712	4	2	2	2	2	1	NA	NA	NA	NA	NA	NA	NA	4	2	2	2	2	1	NA	NA	NA	4	2	2
1	247247501	247423133	4	2	2	3	b	5	NA	NA	NA	NA	4	2	2	2	2	1	NA	NA	NA	NA	NA	NA	NA	4	2	2	2	2	1	NA	NA	NA	4	2	2
1	247423134	247426964	3	2	1	1	g	NA	NA	NA	NA	NA	4	2	2	2	1	1	NA	NA	NA	NA	NA	NA	NA	5	2	3	2	1	1	NA	NA	NA	0	0	0
1	247426965	247435145	3	2	1	2	d	2	NA	NA	NA	NA	NA	NA	NA	2	1	1	NA	NA	NA	NA	NA	NA	NA	NA	NA	NA	2	1	1	NA	NA	NA	4	2	2
1	247435146	247691170	3	2	1	2	d	4	NA	NA	NA	NA	3	1	2	2	1	1	NA	NA	NA	NA	NA	NA	NA	3	1	2	2	1	1	NA	NA	NA	0	0	0
1	247691171	249250620	4	2	2	3	b	5	NA	NA	NA	NA	4	2	2	2	2	1	NA	NA	NA	NA	NA	NA	NA	4	2	2	2	2	1	NA	NA	NA	4	2	2
2	20016	8481313	4	3	1	2	d	4	2.84	1	0.0666133766847	0.202587299577	3.633502	0.98571963	2.64778217	3	1	1	NA	NA	NA	NA	NA	NA	NA	4	1	3	3	1	1	NA	NA	NA	4	1	3
2	8481314	8862608	4	3	1	2	d	4	2.84	1	0.0624175282284	0.168616195561	3.84974	1.03218531	2.81755467	3	1	1	NA	NA	NA	NA	NA	NA	NA	4	1	3	3	1	1	NA	NA	NA	4	1	3
2	8862609	90499999	4	3	1	2	d	4	2.84	1	0.0659271039045	0.222605645381	3.760023	1.01429297	2.74573024	3	1	1	NA	NA	NA	NA	NA	NA	NA	4	1	3	3	1	1	NA	NA	NA	4	1	3
2	90500000	96799999	4	3	1	2	d	4	2.84	1	0.0632987106	0.264148676964	3.650858	1.045198	2.60565976	3	1	1	NA	NA	NA	NA	NA	NA	NA	4	1	3	3	1	1	NA	NA	NA	4	1	3
2	96800000	242985695	4	3	1	2	d	4	2.84	1	0.0664462060519	0.209365317137	3.759496	1.01978583	2.73971007	3	1	1	NA	NA	NA	NA	NA	NA	NA	4	1	3	3	1	1	NA	NA	NA	4	1	3
3	100074	30964691	3	2	1	2	d	5	2.18	1.16	0.0707317235715	0.182590315631	3	1	2	2	1	1	NA	NA	NA	NA	NA	NA	NA	3	1	2	2	1	1	NA	NA	NA	3	1	2
3	30964692	87899999	3	2	1	2	d	5	2.18	1.16	0.0697307202753	0.195093745231	3	1	2	2	1	1	NA	NA	NA	NA	NA	NA	NA	3	1	2	2	1	1	NA	NA	NA	3	1	2
3	87900000	93899999	3	2	1	2	d	5	2.18	1.16	0.0716426996873	0.200549168593	3	1	2	2	1	1	NA	NA	NA	NA	NA	NA	NA	3	1	2	2	1	1	NA	NA	NA	3	1	2
3	93900000	123594364	3	2	1	2	d	5	2.18	1.16	0.0696139092553	0.182921551683	3	1	2	2	1	1	NA	NA	NA	NA	NA	NA	NA	3	1	2	2	1	1	NA	NA	NA	3	1	2
3	123594365	123595212	3	2	1	2	d	4	2.18	1.16	0.05	0.1	3	1	2	2	1	1	NA	NA	NA	NA	NA	NA	NA	NA	NA	NA	2	1	1	NA	NA	NA	3	1	2
3	123595213	176089155	3	2	1	2	d	5	2.18	1.16	0.0697905794806	0.185276084318	3	1	2	2	1	1	NA	NA	NA	NA	NA	NA	NA	3	1	2	2	1	1	NA	NA	NA	3	1	2
3	176089156	198022429	3	2	1	2	d	5	2.18	1.16	0.0708185179933	0.18674674188	3	1	2	2	1	1	NA	NA	NA	NA	NA	NA	NA	3	1	2	2	1	1	NA	NA	NA	3	1	2
4	42231	48199999	3	2	1	2	d	5	2.18	1.16	0.0709221246295	0.184785613347	3	1	2	2	1	1	NA	NA	NA	NA	NA	NA	NA	3	1	2	2	1	1	NA	NA	NA	3	1	2
4	48200000	52699999	3	2	1	3	a	6	2	1	0.0677709726904	0.242964013537	3	1	2	2	1	1	NA	NA	NA	NA	NA	NA	NA	3	1	2	2	1	1	NA	NA	NA	3	1	2
4	52700000	104852438	3	2	1	3	a	6	2	1	0.0694874662359	0.184439868299	3	1	2	2	1	1	NA	NA	NA	NA	NA	NA	NA	3	1	2	2	1	1	NA	NA	NA	3	1	2
4	104852439	104853223	3	2	1	3	b	5	2	1	0.05	0.1	3	1	2	2	1	1	NA	NA	NA	NA	NA	NA	NA	NA	NA	NA	2	1	1	NA	NA	NA	3	1	2
4	104853224	190814440	3	2	1	3	a	6	2	1	0.070061953996	0.187951110718	3	1	2	2	1	1	NA	NA	NA	NA	NA	NA	NA	3	1	2	2	1	1	NA	NA	NA	3	1	2
5	22500	850202	4	2	2	2	d	2	1.82	1.82	0.030235329154	0.436397226625	3.732998	1.86649895	1.86649895	NA	NA	NA	NA	NA	NA	NA	NA	NA	NA	NA	NA	NA	2	2	1	NA	NA	NA	4	2	2
5	850203	18660035	4	2	2	2	d	4	1.82	1.82	0.0465559026295	0.193769028499	3.807028	1.90351422	1.90351422	2	2	1	NA	NA	NA	NA	NA	NA	NA	4	2	2	2	2	1	NA	NA	NA	4	2	2
5	18660036	18662303	4	2	2	1	g	NA	NA	NA	NA	NA	3.807028	1.90351422	1.90351422	4	3	1	NA	NA	NA	NA	NA	NA	NA	5	2	3	2	2	1	NA	NA	NA	5	2	3
5	18662304	18663054	4	2	2	1	g	NA	3	2	0.05	0.1	NA	NA	NA	5	2	1	NA	NA	NA	NA	NA	NA	NA	NA	NA	NA	2	2	1	NA	NA	NA	6	1	5
5	18663055	46099999	5	3	2	2	d	5	3	2	0.057015805365	0.236165758932	4.816054	1.92798735	2.88806685	3	2	1	NA	NA	NA	NA	NA	NA	NA	5	2	3	3	2	1	NA	NA	NA	5	2	3
5	46100000	50699999	5	3	2	2	d	4	3	2	0.0477968290898	0.34310045991	4.811272	1.88669657	2.92457533	NA	NA	NA	NA	NA	NA	NA	NA	NA	NA	5	2	3	3	2	1	NA	NA	NA	5	2	3
5	50700000	180715810	5	3	2	2	d	5	3	2	0.0554669573322	0.277936051982	4.847218	1.93185375	2.91536424	3	2	1	NA	NA	NA	NA	NA	NA	NA	5	2	3	3	2	1	NA	NA	NA	5	2	3
6	39681	205919	3	2	1	1	h	1	NA	NA	NA	NA	NA	NA	NA	NA	NA	NA	NA	NA	NA	NA	NA	NA	NA	NA	NA	NA	NA	NA	NA	NA	NA	NA	3	1	2
6	205920	58699999	3	2	1	2	d	5	2.18	1	0.0707796968435	0.198636091411	3	1	2	2	1	1	NA	NA	NA	NA	NA	NA	NA	3	1	2	2	1	1	NA	NA	NA	3	1	2
6	58700000	63299999	3	2	1	2	d	4	2.28	1.16	0.0713220961186	0.281596292996	3	1	2	NA	NA	NA	NA	NA	NA	NA	NA	NA	NA	3	1	2	2	1	1	NA	NA	NA	3	1	2
6	63300000	162632727	3	2	1	2	d	5	2.18	1.16	0.0705038128511	0.188375087075	3	1	2	2	1	1	NA	NA	NA	NA	NA	NA	NA	3	1	2	2	1	1	NA	NA	NA	3	1	2
6	162632728	162750595	2	1	1	3	a	6	1	1	0.0732074585791	0.106588307459	2	1	1	1	1	1	NA	NA	NA	NA	NA	NA	NA	2	1	1	1	1	1	NA	NA	NA	2	1	1
6	162750596	170916550	3	2	1	2	d	5	2.18	1	0.0680326921284	0.191152071647	3	1	2	2	1	1	NA	NA	NA	NA	NA	NA	NA	3	1	2	2	1	1	NA	NA	NA	3	1	2
7	40386	259908	4	2	2	2	d	3	1.82	1.82	0.0393535902492	0.391429597313	3.817513	1.90875644	1.90875644	2	1	0.120316326609372	2	2	0.879683673390628	0.0618148245422543	0.0626163336757028	-0.00399060446209035	0.249335436613403	4	2	2	2	2	1	NA	NA	NA	4	2	2
7	259909	933992	3	2	1	3	a	6	2	1	0.068468653287	0.178444631559	3	1	2	2	1	1	NA	NA	NA	NA	NA	NA	NA	3	1	2	2	1	1	NA	NA	NA	3	1	2
7	933993	11540747	4	2	2	3	a	6	2	2	0.0452514164156	0.228420893078	4	2	2	2	2	1	NA	NA	NA	NA	NA	NA	NA	4	2	2	2	2	1	NA	NA	NA	4	2	2
7	11540748	12298169	3	2	1	2	d	5	2	1	0.062960578145	0.168544104054	3.093681	1.10458426	1.98909716	2	1	1	NA	NA	NA	NA	NA	NA	NA	3	1	2	2	1	1	NA	NA	NA	3	1	2
7	12298170	20494524	3	2	1	2	d	5	2	1	0.0688553007593	0.176433752412	3.120462	1.06303055	2.05743187	2	1	1	NA	NA	NA	NA	NA	NA	NA	3	1	2	2	1	1	NA	NA	NA	3	1	2
7	20494525	29031070	4	2	2	3	a	6	2	2	0.042948646337	0.210994705628	4	2	2	2	2	1	NA	NA	NA	NA	NA	NA	NA	4	2	2	2	2	1	NA	NA	NA	4	2	2
7	29031071	29821333	3	2	1	2	d	5	2.18	1	0.0637537382762	0.152564739831	3	1	2	2	1	1	NA	NA	NA	NA	NA	NA	NA	3	1	2	2	1	1	NA	NA	NA	3	1	2
7	29821334	33350437	4	2	2	3	a	6	2	2	0.0434430993851	0.199948481717	4	2	2	2	2	1	NA	NA	NA	NA	NA	NA	NA	4	2	2	2	2	1	NA	NA	NA	4	2	2
7	33350438	37589662	3	2	1	3	a	6	2	1	0.0689310623167	0.153293205188	3	1	2	2	1	1	NA	NA	NA	NA	NA	NA	NA	3	1	2	2	1	1	NA	NA	NA	3	1	2
7	37589663	37592844	3	2	1	2	d	3	2	1	0.05	0.1	3	1	2	2	2	1	NA	NA	NA	NA	NA	NA	NA	NA	NA	NA	2	1	1	NA	NA	NA	4	1	3
7	37592845	41625818	3	2	1	3	a	6	2	1	0.0729777943658	0.164128165116	3	1	2	2	1	1	NA	NA	NA	NA	NA	NA	NA	3	1	2	2	1	1	NA	NA	NA	3	1	2
7	41625819	47865261	4	2	2	3	a	6	2	2	0.0442557008062	0.201909168254	4	2	2	2	2	1	NA	NA	NA	NA	NA	NA	NA	4	2	2	2	2	1	NA	NA	NA	4	2	2
7	47865262	47865466	4	2	2	3	b	6	2	2	0.05	0.1	4	2	2	2	2	1	NA	NA	NA	NA	NA	NA	NA	1	0	1	2	2	1	NA	NA	NA	4	2	2
7	47865467	47865482	4	2	2	2	d	4	2	2	0.05	0.1	NA	NA	NA	2	2	1	NA	NA	NA	NA	NA	NA	NA	NA	NA	NA	2	2	1	NA	NA	NA	4	2	2
7	47865483	53826239	4	2	2	3	a	6	2	2	0.0436071949241	0.205609325658	4	2	2	2	2	1	NA	NA	NA	NA	NA	NA	NA	4	2	2	2	2	1	NA	NA	NA	4	2	2
7	53826240	54169601	3	2	1	3	a	6	2	1	0.0572009696305	0.165342392913	3	1	2	2	1	1	NA	NA	NA	NA	NA	NA	NA	3	1	2	2	1	1	NA	NA	NA	3	1	2
7	54169602	54425001	4	2	2	2	d	5	2	2	0.0396438650648	0.198130381863	4	2	2	2	1	0.211597798185995	2	2	0.788402201814005	0.0476124262130802	0.0493431932218237	0.00621725541711021	0.202498552834614	4	2	2	2	2	1	NA	NA	NA	4	2	2
7	54425002	54444776	4	2	2	1	g	NA	1	1	0.05	0.1	4	2	2	2	1	1	NA	NA	NA	NA	NA	NA	NA	3	1	2	2	2	1	NA	NA	NA	3	1	2
7	54444777	54758786	4	2	2	3	a	6	2	2	0.0441319460907	0.183040974321	4	2	2	2	2	1	NA	NA	NA	NA	NA	NA	NA	4	2	2	2	2	1	NA	NA	NA	4	2	2
7	54758787	55907490	3	2	1	3	a	6	2	1	0.0678882283183	0.148504803854	3	1	2	2	1	1	NA	NA	NA	NA	NA	NA	NA	3	1	2	2	1	1	NA	NA	NA	3	1	2
7	55907491	57999999	4	2	2	3	a	6	2	2	0.0519144956736	0.488657426327	4	2	2	2	2	1	NA	NA	NA	NA	NA	NA	NA	4	2	2	2	2	1	NA	NA	NA	4	2	2
7	58000000	61699999	4	2	2	3	b	5	2	2	0.05	0.738717754093	4	2	2	2	2	1	NA	NA	NA	NA	NA	NA	NA	NA	NA	NA	2	2	1	NA	NA	NA	4	2	2
7	61700000	158821400	4	2	2	3	a	6	2	2	0.0435597292148	0.226639325661	4	2	2	2	2	1	NA	NA	NA	NA	NA	NA	NA	4	2	2	2	2	1	NA	NA	NA	4	2	2
8	219677	18529797	3	2	1	2	d	5	2.18	2	0.0703214297282	0.198709580376	3	1	2	2	1	1	NA	NA	NA	NA	NA	NA	NA	3	1	2	2	1	1	NA	NA	NA	3	1	2
8	18529798	43099999	4	2	2	3	a	6	2	2	0.0433701436662	0.247578308681	4	2	2	2	2	1	NA	NA	NA	NA	NA	NA	NA	4	2	2	2	2	1	NA	NA	NA	4	2	2
8	43100000	48099999	4	2	2	2	d	5	2	2	0.042920852155	0.264813766919	3.886399	1.9431995	1.9431995	2	2	1	NA	NA	NA	NA	NA	NA	NA	4	2	2	2	2	1	NA	NA	NA	4	2	2
8	48100000	77783106	4	2	2	3	a	6	2	2	0.0440259934438	0.201888239801	4	2	2	2	2	1	NA	NA	NA	NA	NA	NA	NA	4	2	2	2	2	1	NA	NA	NA	4	2	2
8	77783107	77783121	4	2	2	2	d	3	2	0.72	0.05	0.1	4	2	2	NA	NA	NA	NA	NA	NA	NA	NA	NA	NA	NA	NA	NA	2	2	1	NA	NA	NA	4	2	2
8	77783122	77792882	3	2	1	2	d	2	2	0.72	0.05	0.1	NA	NA	NA	NA	NA	NA	NA	NA	NA	NA	NA	NA	NA	3	1	2	2	1	1	NA	NA	NA	NA	NA	NA
8	77792883	78033956	3	2	1	2	d	4	2	0.72	0.0556216915208	0.165485600882	2.985516	0.88355592	2.10195989	2	1	1	NA	NA	NA	NA	NA	NA	NA	3	1	2	2	1	1	NA	NA	NA	3	1	2
8	78033957	90560514	4	2	2	2	d	5	1.72	1.72	0.0418726185714	0.206069713286	4	2	2	2	2	1	NA	NA	NA	NA	NA	NA	NA	4	2	2	2	2	1	NA	NA	NA	4	2	2
8	90560515	90599429	4	2	2	2	d	4	1.72	1.64	0.05	0.1	4	2	2	2	1	0.399217565336157	2	2	0.600782434663843	0.177880512251623	0.165032886680428	0.144168324429336	0.793621385025816	4	2	2	2	2	1	NA	NA	NA	4	2	2
8	90599430	102805119	4	2	2	2	d	5	1.72	1.72	0.0428612416389	0.182704410862	4	2	2	2	2	1	NA	NA	NA	NA	NA	NA	NA	4	2	2	2	2	1	NA	NA	NA	4	2	2
8	102805120	103009742	3	2	1	3	a	6	2	1	0.05	0.139944045929	3	1	2	2	1	1	NA	NA	NA	NA	NA	NA	NA	3	1	2	2	1	1	NA	NA	NA	3	1	2
8	103009743	107505769	4	2	2	2	d	4	1.72	1.72	0.0449819442992	0.17096014519	3.889213	1.94460645	1.94460645	2	2	1	NA	NA	NA	NA	NA	NA	NA	4	2	2	2	2	1	NA	NA	NA	4	2	2
8	107505770	108676826	3	2	1	2	d	5	1.72	0.82	0.066323775451	0.161728990722	3	1	2	2	1	1	NA	NA	NA	NA	NA	NA	NA	3	1	2	2	1	1	NA	NA	NA	3	1	2
8	108676827	109956346	4	2	2	2	d	4	1.72	1.72	0.0458803884065	0.182964741924	3.886194	1.94309691	1.94309691	2	2	1	NA	NA	NA	NA	NA	NA	NA	4	2	2	2	2	1	NA	NA	NA	4	2	2
8	109956347	115500003	3	2	1	2	d	5	1.72	0.82	0.0700346570568	0.15552580102	3	1	2	2	1	1	NA	NA	NA	NA	NA	NA	NA	3	1	2	2	1	1	NA	NA	NA	3	1	2
8	115500004	118445581	4	2	2	2	d	4	1.64	1.64	0.041153084408	0.162576445607	3.878745	1.93937228	1.93937228	2	2	1	NA	NA	NA	NA	NA	NA	NA	4	2	2	2	2	1	NA	NA	NA	4	2	2
8	118445582	119151064	3	2	1	2	d	5	1.57	0.72	0.072852371819	0.128303532457	3	1	2	2	1	1	NA	NA	NA	NA	NA	NA	NA	3	1	2	2	1	1	NA	NA	NA	3	1	2
8	119151065	132969963	4	2	2	2	d	5	1.64	1.64	0.0437000834066	0.179778534968	4	2	2	2	2	1	NA	NA	NA	NA	NA	NA	NA	4	2	2	2	2	1	NA	NA	NA	4	2	2
8	132969964	134441488	3	2	1	2	d	5	1.64	0.82	0.0673306467709	0.135622588898	3	1	2	2	1	1	NA	NA	NA	NA	NA	NA	NA	3	1	2	2	1	1	NA	NA	NA	3	1	2
8	134441489	146364021	4	2	2	2	d	4	1.72	1.72	0.042532061929	0.191243558267	3.835444	1.9177222	1.9177222	2	2	1	NA	NA	NA	NA	NA	NA	NA	4	2	2	2	2	1	NA	NA	NA	4	2	2
9	56014	44377801	4	3	1	2	d	5	3	1	0.0637953422007	0.227751193697	3.822035	0.98260913	2.83942565	3	1	1	NA	NA	NA	NA	NA	NA	NA	4	1	3	3	1	1	NA	NA	NA	4	1	3
9	44377802	47299999	4	3	1	2	d	4	3	1	0.05	0.469457977856	3.822035	0.98260913	2.83942565	3	1	1	NA	NA	NA	NA	NA	NA	NA	1	0	1	3	1	1	NA	NA	NA	4	1	3
9	47300000	50699999	4	3	1	2	d	2	3	1	0.05	0.1	NA	NA	NA	NA	NA	NA	NA	NA	NA	NA	NA	NA	NA	1	0	1	NA	NA	NA	NA	NA	NA	4	1	3
9	50700000	66815503	4	3	1	2	d	3	3	1	0.05	0.469795657983	NA	NA	NA	NA	NA	NA	NA	NA	NA	NA	NA	NA	NA	NA	NA	NA	3	1	1	NA	NA	NA	4	1	3
9	66815504	140273200	4	3	1	2	d	5	3	1	0.0646680792137	0.211271600318	3.82156	0.98386706	2.83769257	3	1	1	NA	NA	NA	NA	NA	NA	NA	4	1	3	3	1	1	NA	NA	NA	4	1	3
10	102500	37999999	3	2	1	2	d	5	2.18	1.16	0.0694469240326	0.176316252367	3	1	2	2	1	1	NA	NA	NA	NA	NA	NA	NA	3	1	2	2	1	1	NA	NA	NA	3	1	2
10	38000000	42299999	3	2	1	2	d	4	2.18	1.16	0.0738750696942	0.210546456174	3	1	2	2	1	1	NA	NA	NA	NA	NA	NA	NA	3	1	2	NA	NA	NA	NA	NA	NA	3	1	2
10	42300000	135389924	3	2	1	2	d	5	2.18	1.16	0.070250552562	0.201799237868	3	1	2	2	1	1	NA	NA	NA	NA	NA	NA	NA	3	1	2	2	1	1	NA	NA	NA	3	1	2
11	20721	197336	2	2	0	1	g	NA	2.28	1.16	0.05	0.1	NA	NA	NA	NA	NA	NA	NA	NA	NA	NA	NA	NA	NA	NA	NA	NA	2	0	0.594666	2	1	0.405334	3	1	2
11	197337	51599999	3	2	1	2	d	5	2.28	1.16	0.0712156155799	0.213862887464	3	1	2	2	1	1	NA	NA	NA	NA	NA	NA	NA	3	1	2	2	1	1	NA	NA	NA	3	1	2
11	51600000	55699999	3	2	1	2	d	5	2.28	1.16	0.0716235043266	0.514384954726	3	1	2	2	1	1	NA	NA	NA	NA	NA	NA	NA	3	1	2	2	1	1	NA	NA	NA	3	1	2
11	55700000	134452200	3	2	1	2	d	5	2.28	1.16	0.0707499302688	0.198511970524	3	1	2	2	1	1	NA	NA	NA	NA	NA	NA	NA	3	1	2	2	1	1	NA	NA	NA	3	1	2
12	10679	119800	4	2	2	2	f	1	2.28	1.25	0.05	0.1	NA	NA	NA	NA	NA	NA	NA	NA	NA	NA	NA	NA	NA	NA	NA	NA	3	1	1	NA	NA	NA	3	1	2
12	119801	191449	3	2	1	2	d	3	2.28	1.25	0.05	0.1	NA	NA	NA	2	1	1	NA	NA	NA	NA	NA	NA	NA	3	1	2	3	1	1	NA	NA	NA	3	1	2
12	191450	21479970	3	2	1	2	d	5	2.28	1.25	0.0708568412956	0.204799131862	3	1	2	2	1	1	NA	NA	NA	NA	NA	NA	NA	3	1	2	2	1	1	NA	NA	NA	3	1	2
12	21479971	33299999	4	3	1	2	d	4	3.36	1	0.066073440525	0.230998722927	3.832161	1.00206352	2.83009706	3	1	1	NA	NA	NA	NA	NA	NA	NA	4	1	3	3	1	1	NA	NA	NA	4	1	3
12	33300000	38199999	NA	NA	NA	NA	NA	NA	3.18	1.16	0.0618528513259	0.312893905184	3.613936	0.88003707	2.73389911	NA	NA	NA	NA	NA	NA	NA	NA	NA	NA	4	1	3	3	1	1	NA	NA	NA	3	1	2
12	38200000	75239363	3	2	1	2	d	5	2.28	1.25	0.0710522811032	0.188208023261	3	1	2	2	1	1	NA	NA	NA	NA	NA	NA	NA	3	1	2	2	1	1	NA	NA	NA	3	1	2
12	75239364	75543514	2	1	1	2	d	5	1.25	1.25	0.0577112109098	0.160824742568	2	1	1	1	1	1	NA	NA	NA	NA	NA	NA	NA	2	1	1	1	1	1	NA	NA	NA	2	1	1
12	75543515	76018631	3	2	1	2	d	5	2.28	1	0.0761409614597	0.159494527834	3	1	2	2	1	1	NA	NA	NA	NA	NA	NA	NA	3	1	2	2	1	1	NA	NA	NA	3	1	2
12	76018632	104686722	2	1	1	2	d	5	1.16	1.16	0.0570260093607	0.142648602592	2	1	1	1	1	1	NA	NA	NA	NA	NA	NA	NA	2	1	1	1	1	1	NA	NA	NA	2	1	1
12	104686723	105670749	2	1	1	3	a	6	1	1	0.0629388986724	0.251262257457	2	1	1	1	1	1	NA	NA	NA	NA	NA	NA	NA	2	1	1	1	1	1	NA	NA	NA	2	1	1
12	105670750	123129556	3	2	1	2	d	5	2.36	1.25	0.0702553840938	0.186874061554	3	1	2	2	1	1	NA	NA	NA	NA	NA	NA	NA	3	1	2	2	1	1	NA	NA	NA	3	1	2
12	123129557	123344746	2	1	1	2	d	3	1	1	0.05	0.1	3	1	2	1	1	0.861747839118723	2	1	0.138252160881277	0.0800413313969042	0.079718199740906	0.666974709024136	0.979243823309229	2	1	1	2	1	0.500988	1	1	0.499012	2	1	1
12	123344747	132349400	3	2	1	2	d	4	2.28	1.25	0.0727417642792	0.193949474977	2.896236	0.98779792	1.908438	2	1	1	NA	NA	NA	NA	NA	NA	NA	3	1	2	2	1	1	NA	NA	NA	3	1	2
12	132349401	133851894	3	2	1	2	d	4	NA	NA	NA	NA	2.848691	0.96111619	1.8875746	2	1	1	NA	NA	NA	NA	NA	NA	NA	3	1	2	2	1	1	NA	NA	NA	3	1	2
13	1	16299999	7	6	1	1	h	1	NA	NA	NA	NA	NA	NA	NA	NA	NA	NA	NA	NA	NA	NA	NA	NA	NA	NA	NA	NA	NA	NA	NA	NA	NA	NA	7	1	6
13	16300000	19499999	7	6	1	2	d	2	4.28	0.64	0.05	0.443915681213	NA	NA	NA	5	1	1	NA	NA	NA	NA	NA	NA	NA	NA	NA	NA	6	1	1	NA	NA	NA	7	1	6
13	19500000	22031475	7	6	1	2	d	4	4.28	0.64	0.0456139995467	0.231991413321	6.467164	0.96132055	5.50584371	6	1	1	NA	NA	NA	NA	NA	NA	NA	7	1	6	6	1	1	NA	NA	NA	7	1	6
13	22031476	23952503	4	3	1	2	e	1	3.49	0.64	0.055109125924	0.207038948507	5.324698	0.96451941	4.36017832	5	1	1	NA	NA	NA	NA	NA	NA	NA	5	1	4	5	1	1	NA	NA	NA	5	1	4
13	23952504	23960014	5	4	1	2	f	2	3.49	0.64	0.05	0.1	5.324698	0.96451941	4.36017832	NA	NA	NA	NA	NA	NA	NA	NA	NA	NA	NA	NA	NA	7	1	1	NA	NA	NA	5	1	4
13	23960015	30729276	8	7	1	2	d	4	5.18	0.64	0.0415470471911	0.270536896457	7.252545	0.95957329	6.29297144	7	1	1	NA	NA	NA	NA	NA	NA	NA	8	1	7	7	1	1	NA	NA	NA	8	1	7
13	30729277	31266754	6	5	1	2	d	4	3.43	0.64	0.0481515417728	0.197147415642	5.360192	0.92302314	4.43716901	5	1	1	NA	NA	NA	NA	NA	NA	NA	6	1	5	5	1	1	NA	NA	NA	6	1	5
13	31266755	32135675	4	3	1	2	e	0	5	0.64	0.0383901858939	0.236780258213	7.019808	0.91134816	6.10845967	7	1	1	NA	NA	NA	NA	NA	NA	NA	7	1	6	7	1	1	NA	NA	NA	7	1	6
13	32135676	32228128	6	6	0	2	f	3	5	0.64	0.05	0.256250658786	7.019808	0.91134816	6.10845967	8	0	1	NA	NA	NA	NA	NA	NA	NA	6	0	6	7	0	1	NA	NA	NA	6	0	6
13	32228129	59137513	4	3	1	2	e	0	5	0.64	0.0396407434213	0.321692232464	7.205131	0.96888943	6.23624189	7	1	1	NA	NA	NA	NA	NA	NA	NA	7	1	6	7	1	1	NA	NA	NA	7	1	6
13	59137514	78089795	4	3	1	2	e	0	5	0.64	0.0414706527692	0.266480278681	7.183963	0.98405534	6.19990801	7	1	1	NA	NA	NA	NA	NA	NA	NA	7	1	6	7	1	1	NA	NA	NA	7	1	6
13	78089796	105862774	4	3	1	2	e	0	5	0.64	0.0411393472154	0.266674596806	7.185405	0.9741986	6.21120669	7	1	1	NA	NA	NA	NA	NA	NA	NA	7	1	6	7	1	1	NA	NA	NA	7	1	6
13	105862775	106114075	7	7	0	1	g	NA	5	0	0.0281111078379	0.220418407249	6.482459	0.05535838	6.42710087	7	0	1	NA	NA	NA	NA	NA	NA	NA	6	0	6	7	0	1	NA	NA	NA	7	1	6
13	106114076	106186459	4	3	1	2	e	0	5	0.72	0.0308230188998	0.246075645378	7.500964	1.10170827	6.39925568	6	1	1	NA	NA	NA	NA	NA	NA	NA	7	1	6	7	1	1	NA	NA	NA	8	1	7
13	106186460	106195535	7	7	0	2	d	4	6	0	0.05	0.1	7	0	7	8	0	1	NA	NA	NA	NA	NA	NA	NA	7	0	7	7	0	1	NA	NA	NA	7	0	7
13	106195536	106210484	7	7	0	1	g	NA	6	0	0.05	0.1	7	0	7	7	1	1	NA	NA	NA	NA	NA	NA	NA	8	1	7	7	0	1	NA	NA	NA	7	0	7
13	106210485	106213729	8	7	1	1	h	1	6	0	0.05	0.1	NA	NA	NA	7	1	1	NA	NA	NA	NA	NA	NA	NA	7	3	4	NA	NA	NA	NA	NA	NA	7	0	7
13	106213730	106236467	8	7	1	1	h	1	6	0	0.05	0.1	NA	NA	NA	7	1	1	NA	NA	NA	NA	NA	NA	NA	NA	NA	NA	NA	NA	NA	NA	NA	NA	7	0	7
13	106236468	106264820	6	6	0	2	d	3	6	0	0.05	0.1	NA	NA	NA	7	0	1	NA	NA	NA	NA	NA	NA	NA	6	0	6	NA	NA	NA	NA	NA	NA	6	0	6
13	106264821	114142800	4	3	1	2	e	0	5	0.64	0.0412655792528	0.265562955829	7.219539	0.97606898	6.24347051	7	1	1	NA	NA	NA	NA	NA	NA	NA	7	1	6	7	1	1	NA	NA	NA	7	1	6
13	114142801	115169877	8	7	1	2	d	3	NA	NA	NA	NA	7.099123	0.94569263	6.15343013	7	1	1	NA	NA	NA	NA	NA	NA	NA	8	1	7	7	1	1	NA	NA	NA	7	1	6
14	1	16099999	2	1	1	1	h	1	NA	NA	NA	NA	NA	NA	NA	NA	NA	NA	NA	NA	NA	NA	NA	NA	NA	NA	NA	NA	NA	NA	NA	NA	NA	NA	2	1	1
14	16100000	19099999	NA	NA	NA	NA	NA	NA	1.72	1.72	0.05	0.156186273604	NA	NA	NA	NA	NA	NA	NA	NA	NA	NA	NA	NA	NA	NA	NA	NA	2	0	0.785149	2	1	0.214851	2	1	1
14	19100000	20395162	2	1	1	2	d	2	1.72	1.72	0.05	0.375797519898	2	1	1	NA	NA	NA	NA	NA	NA	NA	NA	NA	NA	NA	NA	NA	2	0	0.785149	2	1	0.214851	2	1	1
14	20395163	106368400	2	1	1	3	a	6	1	1	0.055779890535	0.151420368134	2	1	1	1	1	1	NA	NA	NA	NA	NA	NA	NA	2	1	1	1	1	1	NA	NA	NA	2	1	1
15	1	15799999	2	1	1	1	h	1	NA	NA	NA	NA	NA	NA	NA	NA	NA	NA	NA	NA	NA	NA	NA	NA	NA	NA	NA	NA	NA	NA	NA	NA	NA	NA	2	1	1
15	15800000	20699999	2	1	1	2	d	2	1	1	0.05	0.69163731732	NA	NA	NA	1	0	0.101163161149117	1	1	0.898836838850883	0.0127995853407863	0.0129725182245424	0.0759897273415456	0.127143599246904	NA	NA	NA	1	0	0.712908	1	1	0.287092	2	1	1
15	20700000	26085959	2	1	1	2	d	4	1.25	1.25	0.0604301454055	0.339764928318	2	1	1	1	0	0.101163161149117	1	1	0.898836838850883	0.0127995853407863	0.0129725182245424	0.0759897273415456	0.127143599246904	2	1	1	1	1	1	NA	NA	NA	2	1	1
15	26085960	26085972	2	1	1	2	d	3	1.25	1.25	0.05	0.1	2	1	1	NA	NA	NA	NA	NA	NA	NA	NA	NA	NA	NA	NA	NA	1	1	1	NA	NA	NA	2	1	1
15	26085973	100338800	2	1	1	2	d	5	1.25	1.25	0.0559496652228	0.156738196486	2	1	1	1	1	1	NA	NA	NA	NA	NA	NA	NA	2	1	1	1	1	1	NA	NA	NA	2	1	1
15	100338801	102400037	2	1	1	3	b	5	NA	NA	NA	NA	2	1	1	1	1	1	NA	NA	NA	NA	NA	NA	NA	2	1	1	1	1	1	NA	NA	NA	2	1	1
16	87217	6300003	4	3	1	2	d	4	3.58	1.25	0.0684677158317	0.272469473971	4	1	3	3	1	0.777330644293354	4	1	0.222669355706646	0.0226070549503343	0.0222666277559068	0.789645720608096	0.875929789411449	4	1	3	3	1	1	NA	NA	NA	4	1	3
16	6300004	6513704	3	2	1	2	d	2	2.75	1	0.0650233081063	0.166078909647	3.095641	0.81582352	2.27981759	3	1	1	NA	NA	NA	NA	NA	NA	NA	3	1	2	3	1	0.90104	2	1	0.0989595	3	1	2
16	6513705	6655759	3	2	1	2	d	2	2.36	1	0.0695111997042	0.165504494274	2.813809	0.7950793	2.01873002	2	0	0.209650972109528	2	1	0.790349027890472	0.0364619384848067	0.0373267345177885	0.142881933935371	0.28839363046683	3	1	2	2	0	0.222862	2	1	0.777138	3	1	2
16	6655760	6871340	2	1	1	2	d	3	1	1	0.0677314360346	0.124571474738	1.715826	0.85791312	0.85791312	1	0	0.15608496387983	1	1	0.84391503612017	0.0365721460399277	0.0351469313209534	0.127064086268919	0.266035382600846	2	1	1	1	0	0.289827	1	1	0.710173	2	1	1
16	6871341	6878604	1	1	0	2	d	3	0	0	0.05	0.1	1.715826	0.85791312	0.85791312	1	0	1	NA	NA	NA	NA	NA	NA	NA	1	0	1	0	0	1	NA	NA	NA	1	0	1
16	6878605	6908772	0	0	0	2	d	3	0	0	0.05	0.1	0.535581	0.11304352	0.42253778	0	0	0.823907162932811	1	0	0.176092837067189	0.0265303040810197	0.0262819974866753	0.76932053136396	0.874532838276749	1	0	1	0	0	1	NA	NA	NA	0	0	0
16	6908773	7033917	0	0	0	2	d	3	0	0	0.0834580018412	0.0689645355073	0.167073	0.08353635	0.08353635	0	0	0.823907162932811	1	0	0.176092837067189	0.0265303040810197	0.0262819974866753	0.76932053136396	0.874532838276749	1	0	1	0	0	1	NA	NA	NA	0	0	0
16	7033918	7074965	1	1	0	2	d	3	1	0	0.05	0.1	0.849684	0.09660623	0.75307831	0	0	0.479226230305978	1	0	0.520773769694022	0.157955434304725	0.102473467870054	0.568870300640407	0.969565718113776	1	0	1	0	0	1	NA	NA	NA	1	0	1
16	7074966	7078436	0	0	0	1	g	NA	NA	NA	NA	NA	0.849684	0.09660623	0.75307831	2	0	1	NA	NA	NA	NA	NA	NA	NA	1	0	1	0	0	1	NA	NA	NA	1	0	1
16	7078437	7148143	1	1	0	2	d	2	0.72	0	0.0959125052531	0.0853157060104	0.751753	0.13454226	0.61721114	0	0	0.553622483119411	1	0	0.446377516880589	0.0419001221636767	0.041819953588836	0.446387314500911	0.603971876500651	1	0	1	0	0	1	NA	NA	NA	1	0	1
16	7148144	7193808	2	2	0	1	g	NA	NA	NA	NA	NA	0.751753	0.13454226	0.61721114	NA	NA	1	NA	NA	NA	NA	NA	NA	NA	NA	NA	NA	3	0	0.246368	2	0	0.753632	1	0	1
16	7193809	7201251	2	2	0	1	g	NA	NA	NA	NA	NA	NA	NA	NA	NA	NA	NA	NA	NA	NA	NA	NA	NA	NA	NA	NA	NA	3	0	0.246368	2	0	0.753632	1	0	1
16	7201252	7252948	3	3	0	2	d	4	3	0	0.0407860241991	0.1	2.847899	0.0901344	2.75776435	3	0	1	NA	NA	NA	NA	NA	NA	NA	3	0	3	3	0	0.246368	2	0	0.753632	3	0	3
16	7252949	7541812	4	3	1	2	d	4	3.18	1	0.0620944192619	0.213584669566	3.80537	0.96026232	2.84510812	3	1	1	NA	NA	NA	NA	NA	NA	NA	4	1	3	3	1	1	NA	NA	NA	4	1	3
16	7541813	8208290	7	6	1	2	d	4	14	1	0.0388824863856	0.362364075163	6.803266	1.00456335	5.79870243	6	1	1	NA	NA	NA	NA	NA	NA	NA	7	1	6	6	1	1	NA	NA	NA	7	1	6
16	8208291	8210998	4	3	1	2	d	3	NA	NA	NA	NA	6.803266	1.00456335	5.79870243	3	1	1	NA	NA	NA	NA	NA	NA	NA	4	1	3	6	1	1	NA	NA	NA	4	1	3
16	8210999	8214612	3	2	1	2	f	0	3.58	1.25	0.05	0.1	NA	NA	NA	6	1	1	NA	NA	NA	NA	NA	NA	NA	6	1	5	3	1	1	NA	NA	NA	7	1	6
16	8214613	34599999	4	3	1	2	d	5	3.58	1.25	0.0658408103742	0.280439689613	4	1	3	3	1	1	NA	NA	NA	NA	NA	NA	NA	4	1	3	3	1	1	NA	NA	NA	4	1	3
16	34600000	38599999	4	3	1	2	d	4	3.58	1.25	0.05	0.296718158445	3.887205	1.08510159	2.80210381	3	1	1	NA	NA	NA	NA	NA	NA	NA	4	1	3	3	1	1	NA	NA	NA	4	1	3
16	38600000	88827200	4	3	1	2	d	5	3.58	1.25	0.0663559802664	0.25848482655	4	1	3	3	1	1	NA	NA	NA	NA	NA	NA	NA	4	1	3	3	1	1	NA	NA	NA	4	1	3
16	88827201	90354752	4	3	1	3	b	5	NA	NA	NA	NA	4	1	3	3	1	1	NA	NA	NA	NA	NA	NA	NA	4	1	3	3	1	1	NA	NA	NA	4	1	3
17	7	6612690	3	2	1	2	d	5	2.36	1.25	0.0696448663832	0.204027840608	3	1	2	2	1	1	NA	NA	NA	NA	NA	NA	NA	3	1	2	2	1	1	NA	NA	NA	3	1	2
17	6612691	13389286	2	2	0	2	d	4	2.36	0	0.0633131754852	0.149584762334	2	0	2	2	0	0.743313664659238	3	0	0.256686335340762	0.0253809506732861	0.0243964331095418	0.789949442340247	0.890814772466206	2	0	2	2	0	1	NA	NA	NA	2	0	2
17	13389287	22199999	3	2	1	2	d	5	2.28	1.25	0.0754908082117	0.456747886691	3	1	2	2	1	1	NA	NA	NA	NA	NA	NA	NA	3	1	2	2	1	1	NA	NA	NA	3	1	2
17	22200000	25799999	3	2	1	2	d	4	2.28	1.25	0.0626284058065	0.272541397607	3	1	2	NA	NA	NA	NA	NA	NA	NA	NA	NA	NA	3	1	2	2	1	1	NA	NA	NA	3	1	2
17	25800000	78774600	3	2	1	2	d	5	2.36	1.25	0.0714742162273	0.21954454578	3	1	2	2	1	1	NA	NA	NA	NA	NA	NA	NA	3	1	2	2	1	1	NA	NA	NA	3	1	2
17	78774601	81195209	3	2	1	3	b	5	NA	NA	NA	NA	3	1	2	2	1	1	NA	NA	NA	NA	NA	NA	NA	3	1	2	2	1	1	NA	NA	NA	3	1	2
18	27500	15399999	2	1	1	2	d	5	1.25	1.25	0.0579671235712	0.153948187267	2	1	1	1	1	1	NA	NA	NA	NA	NA	NA	NA	2	1	1	1	1	1	NA	NA	NA	2	1	1
18	15400000	18999999	2	1	1	2	d	4	1.25	1.25	0.05	0.184139341052	2.199523	1.09976141	1.09976141	1	1	1	NA	NA	NA	NA	NA	NA	NA	2	1	1	1	1	1	NA	NA	NA	2	1	1
18	19000000	51627509	2	1	1	2	d	5	1.25	1.25	0.055245216166	0.152734859719	2	1	1	1	1	1	NA	NA	NA	NA	NA	NA	NA	2	1	1	1	1	1	NA	NA	NA	2	1	1
18	51627510	66338692	1	1	0	2	d	4	1.25	0	0.0901697507831	0.106599754453	1	0	1	1	0	0.871656832329623	2	0	0.128343167670377	0.00968682298294615	0.0089798330317777	0.927648275999818	0.962954986818392	1	0	1	1	0	1	NA	NA	NA	1	0	1
18	66338693	76117000	2	1	1	2	d	5	1.25	1.25	0.0571328341607	0.149766093446	2	1	1	1	1	1	NA	NA	NA	NA	NA	NA	NA	2	1	1	1	1	1	NA	NA	NA	2	1	1
18	76117001	78077247	2	1	1	3	b	5	NA	NA	NA	NA	2	1	1	1	1	1	NA	NA	NA	NA	NA	NA	NA	2	1	1	1	1	1	NA	NA	NA	2	1	1
19	102500	260136	4	2	2	2	d	2	NA	NA	NA	NA	NA	NA	NA	2	1	1	NA	NA	NA	NA	NA	NA	NA	NA	NA	NA	2	2	1	NA	NA	NA	4	2	2
19	260137	24399999	4	2	2	2	d	5	2.18	2.18	0.0466150418063	0.273057370713	4	2	2	2	2	1	NA	NA	NA	NA	NA	NA	NA	4	2	2	2	2	1	NA	NA	NA	4	2	2
19	24400000	28599999	4	2	2	2	d	4	2.18	2.18	0.0414707783427	0.361074974266	4	2	2	NA	NA	NA	NA	NA	NA	NA	NA	NA	NA	4	2	2	2	2	1	NA	NA	NA	4	2	2
19	28600000	59128982	4	2	2	2	d	5	2.18	2.18	0.0445469957055	0.286322634415	4	2	2	2	2	1	NA	NA	NA	NA	NA	NA	NA	4	2	2	2	2	1	NA	NA	NA	4	2	2
20	17500	18512480	4	2	2	2	d	3	1.42	1.42	0.0440782475719	0.151676272159	4	2	2	NA	NA	NA	NA	NA	NA	NA	NA	NA	NA	4	2	2	2	2	1	NA	NA	NA	NA	NA	NA
20	18512481	18545098	6	4	2	2	e	4	3.18	1.51	0.05	0.1	6.159624	2.08400764	4.07561583	NA	NA	NA	NA	NA	NA	NA	NA	NA	NA	6	2	4	4	3	0.195232	4	2	0.804768	NA	NA	NA
20	18545099	20381174	6	4	2	2	d	2	3.18	1.51	0.0529744936909	0.228059122047	6.14607	2.00732868	4.13874127	4	2	0.397910947412619	5	2	0.602089052587381	0.141730176169276	0.131371767183363	0.30883111236668	0.81661714059859	6	2	4	5	2	0.143233	4	2	0.856767	6	2	4
20	20381175	25599999	7	5	2	2	d	2	4	1.42	0.0492381847437	0.287758725749	7.279122	1.98217367	5.29694819	5	2	0.578493626751181	6	2	0.421506373248819	0.0303367597270776	0.0313209862604544	0.518364261165782	0.639781369100664	7	2	5	6	2	1	NA	NA	NA	7	2	5
20	25600000	29399999	NA	NA	NA	NA	NA	NA	4	1.42	0.0397525403248	0.70979881692	7.452116	1.93084787	5.52126854	5	2	0.578493626751181	6	2	0.421506373248819	0.0303367597270776	0.0313209862604544	0.518364261165782	0.639781369100664	8	2	6	6	2	1	NA	NA	NA	7	2	5
20	29400000	60070055	8	6	2	2	d	3	4	1.42	0.0509403158847	0.278544288571	7.303581	2.01026574	5.29331576	5	2	0.529680132967508	6	2	0.470319867032492	0.0136746994904144	0.0138298439964297	0.563303063144804	0.617473544899926	8	2	6	6	2	1	NA	NA	NA	8	2	6
20	60070056	60327835	10	7	3	2	f	3	3	1	0.0650608977412	0.354528105028	9.502283	2.66857648	6.83370641	7	2	0.349735878317482	7	3	0.650264121682518	0.148109947051093	0.139440006185961	0.0707762775911898	0.611862685268284	NA	NA	NA	7	3	1	NA	NA	NA	8	2	6
20	60327836	62432500	8	6	2	2	d	3	4	1.42	0.0547019883889	0.310480692279	7.098159	1.9390778	5.15908076	5	2	0.441260560431969	6	2	0.558739439568031	0.0464065905105957	0.0460055650903504	0.359248701191942	0.540447179892761	8	2	6	6	2	1	NA	NA	NA	8	2	6
21	1	9845135	NA	NA	NA	NA	NA	NA	NA	NA	NA	NA	NA	NA	NA	NA	NA	NA	NA	NA	NA	NA	NA	NA	NA	NA	NA	NA	2	1	1	NA	NA	NA	NA	NA	NA
21	9845136	10137059	NA	NA	NA	NA	NA	NA	NA	NA	NA	NA	NA	NA	NA	NA	NA	NA	NA	NA	NA	NA	NA	NA	NA	NA	NA	NA	2	1	1	NA	NA	NA	NA	NA	NA
21	10137060	14299999	NA	NA	NA	NA	NA	NA	2.28	1.25	0.05	0.358431638616	NA	NA	NA	NA	NA	NA	NA	NA	NA	NA	NA	NA	NA	NA	NA	NA	2	1	1	NA	NA	NA	NA	NA	NA
21	14300000	46937500	3	2	1	2	d	4	2.28	1.25	0.0703161878741	0.200208343382	3	1	2	2	1	1	NA	NA	NA	NA	NA	NA	NA	3	1	2	2	1	1	NA	NA	NA	NA	NA	NA
21	46937501	48129894	3	2	1	2	d	3	NA	NA	NA	NA	2.852559	0.96256689	1.88999243	2	1	1	NA	NA	NA	NA	NA	NA	NA	3	1	2	2	1	1	NA	NA	NA	NA	NA	NA
22	1	12199999	3	2	1	1	h	1	NA	NA	NA	NA	NA	NA	NA	NA	NA	NA	NA	NA	NA	NA	NA	NA	NA	NA	NA	NA	NA	NA	NA	NA	NA	NA	3	1	2
22	12200000	17899999	3	2	1	2	d	5	2.18	1.25	0.0742342336278	0.265937395022	3	1	2	2	1	1	NA	NA	NA	NA	NA	NA	NA	3	1	2	2	1	1	NA	NA	NA	3	1	2
22	17900000	49687500	3	2	1	2	d	5	2.43	1.25	0.0724219014556	0.217385002418	3	1	2	2	1	1	NA	NA	NA	NA	NA	NA	NA	3	1	2	2	1	1	NA	NA	NA	3	1	2
22	49687501	51304565	3	2	1	3	b	5	NA	NA	NA	NA	3	1	2	2	1	1	NA	NA	NA	NA	NA	NA	NA	3	1	2	2	1	1	NA	NA	NA	3	1	2
X	1	58099999	3	3	0	2	d	2	1.73	0	0.0773429360837	0.459536149448	3	0	3	NA	NA	NA	NA	NA	NA	NA	NA	NA	NA	3	0	3	NA	NA	NA	NA	NA	NA	4	1	3
X	58100000	62999999	NA	NA	NA	NA	NA	NA	1.73	0	0.05	0.890707747013	1.631643	0	1.631643	NA	NA	NA	NA	NA	NA	NA	NA	NA	NA	2	0	2	NA	NA	NA	NA	NA	NA	4	1	3
X	63000000	101953084	1	1	0	2	d	2	0.38	0	0.05	0.14727139097	1	0	1	NA	NA	NA	NA	NA	NA	NA	NA	NA	NA	1	0	1	NA	NA	NA	NA	NA	NA	NA	NA	NA
X	101953085	155270559	2	2	0	1	h	1	1	0	0.05	0.232532844359	2	0	2	NA	NA	NA	NA	NA	NA	NA	NA	NA	NA	2	0	2	NA	NA	NA	NA	NA	NA	3	1	2
Y	1	11599999	2	2	0	1	h	1	NA	NA	NA	NA	1.533131	0	1.533131	NA	NA	NA	NA	NA	NA	NA	NA	NA	NA	NA	NA	NA	NA	NA	NA	NA	NA	NA	4	0	4
Y	11600000	13399999	NA	NA	NA	NA	NA	NA	NA	NA	NA	NA	1.431598	0	1.431598	NA	NA	NA	NA	NA	NA	NA	NA	NA	NA	NA	NA	NA	NA	NA	NA	NA	NA	NA	4	0	4
Y	13400000	59373565	2	2	0	1	h	1	NA	NA	NA	NA	1.505785	0	1.505785	NA	NA	NA	NA	NA	NA	NA	NA	NA	NA	NA	NA	NA	NA	NA	NA	NA	NA	NA	4	0	4
