chromosome	start	end	total_cn	major_cn	minor_cn	star	level	methods_agree	absolute_broad_major_cn	absolute_broad_minor_cn	absolute_broad_het_error	absolute_broad_cov_error	aceseq_copy_number	aceseq_minor_cn	aceseq_major_cn	battenberg_nMaj1_A	battenberg_nMin1_A	battenberg_frac1_A	battenberg_nMaj2_A	battenberg_nMin2_A	battenberg_frac2_A	battenberg_SDfrac_A	battenberg_SDfrac_A_BS	battenberg_frac1_A_0.025	battenberg_frac1_A_0.975	clonehd_copy_number	clonehd_minor_cn	clonehd_major_cn	sclust_nMaj1_A	sclust_nMin1_A	sclust_frac1_A	sclust_nMaj2_A	sclust_nMin2_A	sclust_frac2_A	jabba_copy_number	jabba_minor_cn	jabba_major_cn
1	1	19176336	2	1	1	2	d	2	1.92	1.92	0.0704896783817	0.297034444249	NA	NA	NA	2	1	0.21116719767713	2	2	0.78883280232287	0.00755497411391544	0.0075976499341436	0.195713227663836	0.225401601524206	2	1	1	2	2	1	NA	NA	NA	2	1	1
1	19176337	19217530	5	3	2	1	g	NA	3	2	0.05	0.1	NA	NA	NA	2	1	0.21116719767713	2	2	0.78883280232287	0.00755497411391544	0.0075976499341436	0.195713227663836	0.225401601524206	2	1	1	3	2	1	NA	NA	NA	2	1	1
1	19217531	35585015	4	2	2	2	e	3	1.85	1.85	0.0696252469613	0.190480077013	NA	NA	NA	2	1	0.21116719767713	2	2	0.78883280232287	0.00755497411391544	0.0075976499341436	0.195713227663836	0.225401601524206	3	1	2	2	2	1	NA	NA	NA	2	1	1
1	35585016	35586318	4	2	2	2	f	2	NA	NA	NA	NA	NA	NA	NA	2	1	0.21116719767713	2	2	0.78883280232287	0.00755497411391544	0.0075976499341436	0.195713227663836	0.225401601524206	NA	NA	NA	2	2	1	NA	NA	NA	2	1	1
1	35586319	36760312	4	2	2	2	f	3	2	2	0.106906820782	0.177406781035	NA	NA	NA	2	1	0.21116719767713	2	2	0.78883280232287	0.00755497411391544	0.0075976499341436	0.195713227663836	0.225401601524206	3	1	2	2	2	1	NA	NA	NA	2	1	1
1	36760313	36763243	4	2	2	1	h	1	NA	NA	NA	NA	NA	NA	NA	NA	NA	NA	NA	NA	NA	NA	NA	NA	NA	NA	NA	NA	2	2	1	NA	NA	NA	2	1	1
1	36763244	40372072	4	2	2	2	d	3	2	2	0.0609317350454	0.19880788109	NA	NA	NA	2	2	1	NA	NA	NA	NA	NA	NA	NA	3	1	2	2	2	1	NA	NA	NA	2	1	1
1	40372073	40440897	4	2	2	2	d	3	2	2	0.05	0.1	NA	NA	NA	2	2	1	NA	NA	NA	NA	NA	NA	NA	NA	NA	NA	2	2	1	NA	NA	NA	2	1	1
1	40440898	53278531	4	2	2	2	d	4	2	2	0.0660510002901	0.211110524391	NA	NA	NA	2	2	1	NA	NA	NA	NA	NA	NA	NA	4	2	2	2	2	1	NA	NA	NA	3	1	2
1	53278532	53279894	4	2	2	2	d	2	2	2	0.05	0.1	NA	NA	NA	NA	NA	NA	NA	NA	NA	NA	NA	NA	NA	NA	NA	NA	2	2	1	NA	NA	NA	3	1	2
1	53279895	61505525	4	2	2	2	d	3	2	2	0.0586513197346	0.200953800948	NA	NA	NA	2	2	0.893852132790188	3	2	0.106147867209812	0.014595665918239	0.0144105635510237	0.847827747582352	0.90519422546943	4	2	2	2	2	1	NA	NA	NA	3	1	2
1	61505526	61602707	4	2	2	2	d	3	2	2	0.05	0.260944065137	NA	NA	NA	2	2	1	NA	NA	NA	NA	NA	NA	NA	NA	NA	NA	2	2	1	NA	NA	NA	7	3	4
1	61602708	93631065	4	2	2	2	d	3	2	2	0.0537043366162	0.195964631747	NA	NA	NA	2	2	1	NA	NA	NA	NA	NA	NA	NA	5	2	3	2	2	1	NA	NA	NA	5	2	3
1	93631066	93640866	4	2	2	2	d	3	2	2	0.05	0.1	NA	NA	NA	2	2	1	NA	NA	NA	NA	NA	NA	NA	NA	NA	NA	2	2	1	NA	NA	NA	5	2	3
1	93640867	113962093	4	2	2	2	d	3	2	2	0.0541936727001	0.204106044326	NA	NA	NA	2	2	1	NA	NA	NA	NA	NA	NA	NA	5	2	3	2	2	1	NA	NA	NA	5	2	3
1	113962094	113963492	4	2	2	2	d	3	2	2	0.05	0.1	NA	NA	NA	2	2	1	NA	NA	NA	NA	NA	NA	NA	NA	NA	NA	2	2	1	NA	NA	NA	5	2	3
1	113963493	118080000	4	2	2	3	b	5	2	2	0.0537377651177	0.185245240536	NA	NA	NA	2	2	1	NA	NA	NA	NA	NA	NA	NA	4	2	2	2	2	1	NA	NA	NA	4	2	2
1	118080001	119586776	4	2	2	2	d	3	2	2	0.0512784308523	0.196643223303	NA	NA	NA	2	2	1	NA	NA	NA	NA	NA	NA	NA	5	2	3	2	2	1	NA	NA	NA	5	2	3
1	119586777	119680507	4	2	2	2	d	4	2	2	0.05	0.151290923617	NA	NA	NA	2	2	1	NA	NA	NA	NA	NA	NA	NA	5	2	3	2	2	1	NA	NA	NA	4	2	2
1	119680508	121499999	4	2	2	2	d	4	2	2	0.0592744885483	0.33982012542	NA	NA	NA	2	2	1	NA	NA	NA	NA	NA	NA	NA	4	2	2	2	2	1	NA	NA	NA	5	1	4
1	121500000	128899999	4	2	2	1	h	1	NA	NA	NA	NA	NA	NA	NA	NA	NA	NA	NA	NA	NA	NA	NA	NA	NA	1	0	1	2	2	1	NA	NA	NA	5	1	4
1	128900000	143747499	4	2	2	1	h	1	NA	NA	NA	NA	NA	NA	NA	NA	NA	NA	NA	NA	NA	NA	NA	NA	NA	NA	NA	NA	2	2	1	NA	NA	NA	5	1	4
1	143747500	146564377	6	4	2	2	f	2	4.29	1.71	0.0682332991713	0.491988294134	NA	NA	NA	5	2	1	NA	NA	NA	NA	NA	NA	NA	6	2	4	5	2	1	NA	NA	NA	5	1	4
1	146564378	149817499	7	5	2	2	d	3	4.29	1.71	0.0612391870224	0.39110737351	NA	NA	NA	5	2	1	NA	NA	NA	NA	NA	NA	NA	7	2	5	5	2	1	NA	NA	NA	5	1	4
1	149817500	154878028	6	4	2	2	f	2	4.29	1.71	0.06677356515	0.278984182325	NA	NA	NA	5	2	1	NA	NA	NA	NA	NA	NA	NA	6	2	4	5	2	1	NA	NA	NA	5	1	4
1	154878029	154881894	7	5	2	2	d	2	4.29	1.71	0.05	0.1	NA	NA	NA	5	2	1	NA	NA	NA	NA	NA	NA	NA	NA	NA	NA	5	2	1	NA	NA	NA	5	1	4
1	154881895	163498125	7	5	2	2	d	2	4.29	1.71	0.065437981811	0.319370109412	NA	NA	NA	5	2	1	NA	NA	NA	NA	NA	NA	NA	7	2	5	NA	NA	NA	NA	NA	NA	6	1	5
1	163498126	188238015	7	5	2	2	f	3	4.6	1.24	0.0627112755831	0.262161858699	NA	NA	NA	5	1	0.595009832841693	5	2	0.404990167158307	0.00614866045268925	0.00637050072857922	0.551660506937018	0.576090413289479	7	2	5	5	2	0.400559	5	1	0.599441	7	1	6
1	188238016	188608560	8	5	3	2	d	3	5	3	0.0464857789334	0.292697793012	NA	NA	NA	5	2	0.16180820221136	5	3	0.83819179778864	0.0359438206671341	0.035489996887248	0.101822414484478	0.236734542827064	8	3	5	6	3	0.234618	5	3	0.765382	8	3	5
1	188608561	188610818	8	5	3	1	h	1	NA	NA	NA	NA	NA	NA	NA	3	0	0.511526275538074	3	1	0.488473724461926	NA	0	0.511526275538074	0.511526275538074	NA	NA	NA	6	3	0.234618	5	3	0.765382	7	1	6
1	188610819	217210373	5	5	0	2	d	3	4.6	0	0.0371844610319	0.25595914949	NA	NA	NA	5	0	1	NA	NA	NA	NA	NA	NA	NA	5	0	5	5	0	1	NA	NA	NA	6	0	6
1	217210374	217270585	6	6	0	1	g	NA	6	0	0.05	0.142503366483	NA	NA	NA	9	0	1	NA	NA	NA	NA	NA	NA	NA	8	0	8	8	0	1	NA	NA	NA	7	0	7
1	217270586	225532969	5	5	0	2	d	4	4.6	0	0.0354242564691	0.203991916312	NA	NA	NA	5	0	1	NA	NA	NA	NA	NA	NA	NA	5	0	5	5	0	1	NA	NA	NA	5	0	5
1	225532970	233383029	2	2	0	2	d	3	1.92	0	0.0849368283363	0.115240368284	NA	NA	NA	2	0	1	NA	NA	NA	NA	NA	NA	NA	2	0	2	2	0	1	NA	NA	NA	1	0	1
1	233383030	233386271	2	2	0	2	d	2	1.92	0	0.05	0.1	NA	NA	NA	2	0	1	NA	NA	NA	NA	NA	NA	NA	NA	NA	NA	2	0	1	NA	NA	NA	1	0	1
1	233386272	249250620	2	2	0	2	d	4	2	0	0.0735871117019	0.135295339673	NA	NA	NA	2	0	1	NA	NA	NA	NA	NA	NA	NA	2	0	2	2	0	1	NA	NA	NA	1	0	1
2	42481	6518013	7	5	2	2	f	3	6	2	0.0628372348631	0.376703968585	NA	NA	NA	5	2	0.421473600079867	6	2	0.578526399920133	0.0206275894229664	0.0214633975553937	0.379352900993015	0.460990579242719	7	2	5	5	2	1	NA	NA	NA	6	1	5
2	6518014	6519640	7	5	2	2	e	3	5.76	2	0.05	0.1	NA	NA	NA	5	2	0.421473600079867	6	2	0.578526399920133	0.0206275894229664	0.0214633975553937	0.379352900993015	0.460990579242719	NA	NA	NA	5	2	1	NA	NA	NA	7	1	6
2	6519641	19440362	8	6	2	2	d	2	5.76	2	0.0583676894107	0.331168416928	NA	NA	NA	5	2	0.421473600079867	6	2	0.578526399920133	0.0206275894229664	0.0214633975553937	0.379352900993015	0.460990579242719	8	2	6	6	2	1	NA	NA	NA	7	1	6
2	19440363	19443431	7	5	2	2	f	2	5.76	2	0.05	0.1	NA	NA	NA	5	2	0.421473600079867	6	2	0.578526399920133	0.0206275894229664	0.0214633975553937	0.379352900993015	0.460990579242719	NA	NA	NA	6	2	1	NA	NA	NA	5	0	0
2	19443432	20417314	7	5	2	2	e	3	5.76	2	0.0573188995947	0.406888826011	NA	NA	NA	5	2	0.421473600079867	6	2	0.578526399920133	0.0206275894229664	0.0214633975553937	0.379352900993015	0.460990579242719	7	2	5	6	2	1	NA	NA	NA	6	0	6
2	20417315	27283329	7	6	1	2	f	3	5.68	1	0.0567935787752	0.299507246881	NA	NA	NA	6	1	1	NA	NA	NA	NA	NA	NA	NA	6	1	5	6	1	1	NA	NA	NA	6	0	6
2	27283330	27335571	6	5	1	2	f	2	5.68	1	0.05	0.1	NA	NA	NA	6	1	1	NA	NA	NA	NA	NA	NA	NA	4	0	4	5	1	1	NA	NA	NA	5	0	5
2	27335572	32817230	6	5	1	2	e	3	5.68	1	0.0594388349218	0.285956814026	NA	NA	NA	6	1	1	NA	NA	NA	NA	NA	NA	NA	6	1	5	5	1	1	NA	NA	NA	5	0	5
2	32817231	32927419	5	4	1	2	d	2	5.6	1	0.05	0.203574255747	NA	NA	NA	4	0	0.171828908554572	4	1	0.828171091445428	0.0657228900482249	0.0659109271054498	0.0416049583842761	0.299106377435272	5	1	4	4	1	1	NA	NA	NA	4	0	4
2	32927420	34590010	7	6	1	2	d	2	5.6	1	0.05674790163	0.275996344946	NA	NA	NA	5	1	0.493280891510969	6	1	0.506719108489031	0.0621115030217347	0.0612914061570757	0.439628250990669	0.684001426940468	7	1	6	6	1	1	NA	NA	NA	6	0	6
2	34590011	45905667	6	5	1	2	d	4	5	1	0.0594417509099	0.263028938737	NA	NA	NA	5	1	1	NA	NA	NA	NA	NA	NA	NA	6	1	5	5	1	1	NA	NA	NA	7	1	6
2	45905668	46089510	1	1	0	2	d	3	1	0	0.100243237469	0.0771947243656	NA	NA	NA	0	0	0.198131760078664	1	0	0.801868239921336	0.348155465444624	0.11934003692359	0.442118078299425	0.896081287056068	1	0	1	1	0	1	NA	NA	NA	0	0	0
2	46089511	52500258	6	5	1	2	d	4	5	1	0.0583276106109	0.283764666797	NA	NA	NA	5	1	1	NA	NA	NA	NA	NA	NA	NA	6	1	5	5	1	1	NA	NA	NA	7	1	6
2	52500259	61672055	6	5	1	2	d	3	5	1	0.0548546269115	0.257547792998	NA	NA	NA	5	1	1	NA	NA	NA	NA	NA	NA	NA	7	1	6	5	1	1	NA	NA	NA	7	1	6
2	61672056	61716788	6	5	1	2	d	3	5	1	0.05	0.1	NA	NA	NA	6	0	0.145782565944168	6	1	0.854217434055832	0.0766058817329282	0.0724757484902134	0.0349629026610596	0.311989730391235	6	1	5	6	1	1	NA	NA	NA	6	1	5
2	61716789	65039238	6	5	1	2	d	4	4.76	1	0.0605920154809	0.26139793487	NA	NA	NA	5	1	1	NA	NA	NA	NA	NA	NA	NA	6	1	5	5	1	1	NA	NA	NA	6	1	5
2	65039239	74730254	3	2	1	2	d	4	2	1	0.0860806718716	0.161748624598	NA	NA	NA	2	1	1	NA	NA	NA	NA	NA	NA	NA	3	1	2	2	1	1	NA	NA	NA	2	0	2
2	74730255	74770759	3	2	1	2	d	3	2	1	0.05	0.1	NA	NA	NA	2	2	1	NA	NA	NA	NA	NA	NA	NA	3	1	2	2	1	1	NA	NA	NA	2	0	2
2	74770760	88367833	3	2	1	3	b	5	2	1	0.0806912621668	0.162324237919	NA	NA	NA	2	1	1	NA	NA	NA	NA	NA	NA	NA	3	1	2	2	1	1	NA	NA	NA	3	1	2
2	88367834	90499999	4	2	2	2	d	3	2	2	0.0462039522894	0.49112833318	NA	NA	NA	2	1	0.110422975614486	2	2	0.889577024385514	0.0347135499346431	0.0362857808619231	0.0333320053363148	0.177679174599585	4	2	2	2	2	1	NA	NA	NA	3	1	2
2	90500000	96799999	4	2	2	1	g	NA	2	2	0.05	0.371675609168	NA	NA	NA	NA	NA	NA	NA	NA	NA	NA	NA	NA	NA	3	1	2	2	2	1	NA	NA	NA	3	1	2
2	96800000	113329863	4	2	2	2	d	4	2	2	0.0603585625977	0.302490430843	NA	NA	NA	2	2	1	NA	NA	NA	NA	NA	NA	NA	4	2	2	2	2	1	NA	NA	NA	3	1	2
2	113329864	113366818	5	3	2	2	f	3	4	1	0.05	0.1	NA	NA	NA	3	1	0.346027014438754	3	2	0.653972985561246	0.182581295355202	0.167258908174234	0.108899575054645	0.755697584343117	5	2	3	3	2	1	NA	NA	NA	3	1	2
2	113366819	114085563	4	2	2	2	e	3	1.85	1.85	0.0586255928655	0.196609721797	NA	NA	NA	2	2	1	NA	NA	NA	NA	NA	NA	NA	3	1	2	2	2	1	NA	NA	NA	3	1	2
2	114085564	114140223	6	4	2	2	d	3	4	2	0.05	0.24180753466	NA	NA	NA	4	2	1	NA	NA	NA	NA	NA	NA	NA	5	2	3	4	2	1	NA	NA	NA	4	1	3
2	114140224	133009999	4	2	2	3	b	5	2	2	0.0610489249829	0.206386117526	NA	NA	NA	2	2	1	NA	NA	NA	NA	NA	NA	NA	4	2	2	2	2	1	NA	NA	NA	4	2	2
2	133010000	167594991	4	2	2	2	d	3	2	2	0.0511728112899	0.185820858921	NA	NA	NA	2	2	1	NA	NA	NA	NA	NA	NA	NA	5	2	3	2	2	1	NA	NA	NA	5	2	3
2	167594992	174405827	4	2	2	3	b	5	2	2	0.05443339306	0.185691433939	NA	NA	NA	2	2	1	NA	NA	NA	NA	NA	NA	NA	4	2	2	2	2	1	NA	NA	NA	4	2	2
2	174405828	174438846	4	2	2	3	b	5	2	2	0.05	0.1	NA	NA	NA	2	2	1	NA	NA	NA	NA	NA	NA	NA	4	2	2	2	2	1	NA	NA	NA	4	2	2
2	174438847	195382499	4	2	2	2	e	3	1.88	1.85	0.0541912885127	0.197718000326	NA	NA	NA	2	2	1	NA	NA	NA	NA	NA	NA	NA	5	2	3	2	2	1	NA	NA	NA	5	2	3
2	195382500	198669387	4	2	2	2	d	3	1.88	1.85	0.0450686121698	0.201027387135	NA	NA	NA	2	2	1	NA	NA	NA	NA	NA	NA	NA	4	2	2	2	2	1	NA	NA	NA	5	2	3
2	198669388	206392895	4	2	2	2	e	4	1.85	1.32	0.0667843186264	0.151221743963	NA	NA	NA	2	1	0.557276302851521	2	2	0.442723697148479	0.0148782172177973	0.0151316379989586	0.540587643771602	0.601179170523135	4	2	2	2	2	0.444839	2	1	0.555161	3	1	2
2	206392896	206482013	2	1	1	2	d	2	1.32	1.32	0.0788964586725	0.142630901272	NA	NA	NA	1	1	1	NA	NA	NA	NA	NA	NA	NA	3	1	2	2	2	0.444839	2	1	0.555161	2	1	1
2	206482014	212812958	4	2	2	2	e	4	2	1.32	0.0680590998361	0.188080529035	NA	NA	NA	2	1	0.586606634580554	2	2	0.413393365419446	0.01560485131537	0.0157491750226388	0.532426417551552	0.594044996045193	4	2	2	2	2	0.416503	2	1	0.583497	3	1	2
2	212812959	212821016	4	2	2	2	f	2	1.88	1.4	0.05	0.1	NA	NA	NA	4	2	1	NA	NA	NA	NA	NA	NA	NA	NA	NA	NA	2	2	0.467513	2	1	0.532487	3	1	2
2	212821017	226448929	4	2	2	2	e	4	1.88	1.4	0.0725846907503	0.164835887986	NA	NA	NA	2	1	0.557276302851521	2	2	0.442723697148479	0.00878674134207968	0.00871619789080827	0.547275987168856	0.58124819020815	4	2	2	2	2	0.467513	2	1	0.532487	3	1	2
2	226448930	236652111	4	2	2	2	d	2	1.92	1.92	0.057312132176	0.192408495975	NA	NA	NA	2	1	0.089706668623772	2	2	0.910293331376228	0.0100567250145168	0.00947803560899428	0.0709935415618094	0.108247897116166	4	2	2	2	2	1	NA	NA	NA	3	1	2
2	236652112	236657539	4	2	2	2	e	3	1.92	1.92	0.05	0.1	NA	NA	NA	2	1	0.089706668623772	2	2	0.910293331376228	0.0100567250145168	0.00947803560899428	0.0709935415618094	0.108247897116166	NA	NA	NA	2	2	1	NA	NA	NA	3	1	2
2	236657540	241762726	4	2	2	2	e	3	1.92	1.92	0.0745265035134	0.234037063362	NA	NA	NA	2	1	0.089706668623772	2	2	0.910293331376228	0.0100567250145168	0.00947803560899428	0.0709935415618094	0.108247897116166	3	1	2	2	2	1	NA	NA	NA	2	1	1
2	241762727	241834838	4	2	2	1	g	NA	2	2	0.05	0.32563306811	NA	NA	NA	3	2	1	NA	NA	NA	NA	NA	NA	NA	NA	NA	NA	2	2	1	NA	NA	NA	2	1	1
2	241834839	242990904	4	2	2	2	f	3	2	2	0.0621057716569	0.295869060365	NA	NA	NA	2	1	0.185758767617178	2	2	0.814241232382822	0.0364084728005536	0.0364604311005141	0.0939946145540159	0.236135078386766	2	1	1	2	2	1	NA	NA	NA	2	1	1
3	64165	11481815	4	2	2	2	d	4	2	2	0.0540694773916	0.211382594235	NA	NA	NA	2	2	1	NA	NA	NA	NA	NA	NA	NA	5	2	3	2	2	1	NA	NA	NA	4	2	2
3	11481816	11483228	4	2	2	2	d	4	2	2	0.05	0.1	NA	NA	NA	2	2	1	NA	NA	NA	NA	NA	NA	NA	NA	NA	NA	2	2	1	NA	NA	NA	4	2	2
3	11483229	24259037	4	2	2	3	b	5	2	2	0.0546313363651	0.203914243887	NA	NA	NA	2	2	1	NA	NA	NA	NA	NA	NA	NA	4	2	2	2	2	1	NA	NA	NA	4	2	2
3	24259038	24259057	4	2	2	2	d	4	2	2	0.05	0.1	NA	NA	NA	2	2	1	NA	NA	NA	NA	NA	NA	NA	NA	NA	NA	2	2	1	NA	NA	NA	4	2	2
3	24259058	29509107	4	2	2	2	d	4	2	2	0.0524230707823	0.180345841738	NA	NA	NA	2	2	1	NA	NA	NA	NA	NA	NA	NA	5	2	3	2	2	1	NA	NA	NA	4	2	2
3	29509108	29510486	4	2	2	2	d	3	2	2	0.05	0.1	NA	NA	NA	2	1	0.171469631646623	2	2	0.828530368353377	NA	0	0.171469631646623	0.171469631646623	NA	NA	NA	2	2	1	NA	NA	NA	4	2	2
3	29510487	34132555	4	2	2	3	b	5	2	2	0.0557830419245	0.181992793931	NA	NA	NA	2	2	1	NA	NA	NA	NA	NA	NA	NA	4	2	2	2	2	1	NA	NA	NA	4	2	2
3	34132556	34134280	4	2	2	2	d	4	2	2	0.05	0.1	NA	NA	NA	2	2	1	NA	NA	NA	NA	NA	NA	NA	NA	NA	NA	2	2	1	NA	NA	NA	4	2	2
3	34134281	36020319	4	2	2	2	d	4	2	2	0.0501610992114	0.186091405066	NA	NA	NA	2	2	1	NA	NA	NA	NA	NA	NA	NA	6	3	3	2	2	1	NA	NA	NA	4	2	2
3	36020320	36023140	4	2	2	2	d	4	2	2	0.05	0.1	NA	NA	NA	2	2	1	NA	NA	NA	NA	NA	NA	NA	NA	NA	NA	2	2	1	NA	NA	NA	4	2	2
3	36023141	60333985	4	2	2	2	d	4	2	2	0.0647624206067	0.19672425938	NA	NA	NA	2	2	1	NA	NA	NA	NA	NA	NA	NA	4	2	2	2	2	1	NA	NA	NA	3	1	2
3	60333986	60334017	3	2	1	2	d	2	2	1	0.05	0.1	NA	NA	NA	NA	NA	NA	NA	NA	NA	NA	NA	NA	NA	NA	NA	NA	2	2	1	NA	NA	NA	3	1	2
3	60334018	61069648	3	2	1	2	d	4	2	1	0.0786409147486	0.277817733105	NA	NA	NA	2	1	1	NA	NA	NA	NA	NA	NA	NA	4	2	2	2	1	1	NA	NA	NA	3	1	2
3	61069649	61075168	3	2	1	1	g	NA	2	1	0.05	0.1	NA	NA	NA	7	2	1	NA	NA	NA	NA	NA	NA	NA	NA	NA	NA	2	1	1	NA	NA	NA	6	1	5
3	61075169	61119745	3	2	1	2	d	3	2	1	0.05	0.1	NA	NA	NA	2	1	1	NA	NA	NA	NA	NA	NA	NA	4	2	2	2	2	1	NA	NA	NA	3	1	2
3	61119746	61122904	3	2	1	2	d	3	2	1	0.05	0.1	NA	NA	NA	2	1	1	NA	NA	NA	NA	NA	NA	NA	NA	NA	NA	2	2	1	NA	NA	NA	3	1	2
3	61122905	74402042	3	2	1	3	b	5	2	1	0.0845404668331	0.15704858879	NA	NA	NA	2	1	1	NA	NA	NA	NA	NA	NA	NA	3	1	2	2	1	1	NA	NA	NA	3	1	2
3	74402043	74403905	3	2	1	2	d	3	2.12	1	0.05	0.1	NA	NA	NA	2	1	1	NA	NA	NA	NA	NA	NA	NA	NA	NA	NA	2	1	1	NA	NA	NA	3	1	2
3	74403906	77588962	3	2	1	2	e	3	2.12	1	0.0864339004136	0.160892206898	NA	NA	NA	2	1	1	NA	NA	NA	NA	NA	NA	NA	4	2	2	2	1	1	NA	NA	NA	5	1	4
3	77588963	77589746	3	2	1	2	d	2	2	1	0.05	0.1	NA	NA	NA	1	0	0.854473942969521	2	0	0.145526057030479	NA	0	0.854473942969521	0.854473942969521	NA	NA	NA	2	1	1	NA	NA	NA	1	0	1
3	77589747	86320178	3	2	1	2	d	3	2	1	0.0771128764317	0.165301227614	NA	NA	NA	2	1	1	NA	NA	NA	NA	NA	NA	NA	5	2	3	2	1	1	NA	NA	NA	5	1	4
3	86320179	86321285	7	4	3	1	h	1	NA	NA	NA	NA	NA	NA	NA	4	3	1	NA	NA	NA	NA	NA	NA	NA	NA	NA	NA	2	1	1	NA	NA	NA	6	3	3
3	86321286	86343174	7	5	2	1	g	NA	5	2	0.05	0.1	NA	NA	NA	5	2	1	NA	NA	NA	NA	NA	NA	NA	8	2	6	4	2	1	NA	NA	NA	8	2	6
3	86343175	86350600	7	5	2	1	g	NA	5	2	0.05	0.1	NA	NA	NA	3	2	1	NA	NA	NA	NA	NA	NA	NA	8	3	5	4	2	1	NA	NA	NA	7	2	5
3	86350601	86386938	5	3	2	1	g	NA	3	2	0.05	0.1	NA	NA	NA	3	2	1	NA	NA	NA	NA	NA	NA	NA	7	3	4	4	2	1	NA	NA	NA	6	2	4
3	86386939	87899999	4	2	2	2	d	3	2	2	0.0495802651972	0.206102219857	NA	NA	NA	2	2	1	NA	NA	NA	NA	NA	NA	NA	6	3	3	2	2	1	NA	NA	NA	5	2	3
3	87900000	93899999	4	2	2	2	d	3	2	2	0.049077236042	0.220996073134	NA	NA	NA	2	2	1	NA	NA	NA	NA	NA	NA	NA	6	3	3	2	2	1	NA	NA	NA	5	2	3
3	93900000	129343379	4	2	2	2	d	3	2	2	0.0563315874848	0.203049155264	NA	NA	NA	2	2	1	NA	NA	NA	NA	NA	NA	NA	5	2	3	2	2	1	NA	NA	NA	5	2	3
3	129343380	129348649	4	2	2	1	g	NA	2	2	0.05	0.1	NA	NA	NA	2	0	1	NA	NA	NA	NA	NA	NA	NA	1	0	1	2	2	1	NA	NA	NA	1	0	1
3	129348650	136954138	4	2	2	2	d	4	2	2	0.0537498551223	0.182122744868	NA	NA	NA	2	2	1	NA	NA	NA	NA	NA	NA	NA	4	2	2	2	2	1	NA	NA	NA	4	1	3
3	136954139	160527435	4	2	2	2	e	4	2	1.32	0.0743036595845	0.158282559143	NA	NA	NA	2	1	0.696595378564407	2	2	0.303404621435593	0.00581620680549777	0.00579864791157803	0.684892442744763	0.707752393473349	4	2	2	2	2	0.330244	2	1	0.669756	4	1	3
3	160527436	160683021	3	2	1	2	d	3	2	1.32	0.0924592214085	0.217216159889	NA	NA	NA	2	1	1	NA	NA	NA	NA	NA	NA	NA	4	2	2	2	1	1	NA	NA	NA	3	1	2
3	160683022	187744591	4	2	2	2	e	4	2	1.32	0.0742669943915	0.165848903409	NA	NA	NA	2	1	0.743035070468699	2	2	0.256964929531301	0.00543565046107358	0.00538690419829001	0.707927007845955	0.728215922325301	4	2	2	2	2	0.330244	2	1	0.669756	4	1	3
3	187744592	187809250	4	2	2	2	f	2	2	1.32	0.05	0.173349137211	NA	NA	NA	3	2	1	NA	NA	NA	NA	NA	NA	NA	4	1	3	2	2	0.258127	2	1	0.741873	3	1	2
3	187809251	198022429	3	2	1	2	d	2	2	1.24	0.0807945740566	0.185485153457	NA	NA	NA	2	1	0.743035070468699	2	2	0.256964929531301	0.00882049016308467	0.00883936098227888	0.721322677507333	0.754647683208375	3	1	2	2	2	0.258127	2	1	0.741873	3	1	2
4	50084	21794347	2	2	0	2	d	3	2.08	0	0.0810265127472	0.163077430228	NA	NA	NA	2	0	1	NA	NA	NA	NA	NA	NA	NA	2	0	2	2	0	1	NA	NA	NA	1	0	1
4	21794348	21826797	3	3	0	2	d	3	3	0	0.05	0.1	NA	NA	NA	3	0	1	NA	NA	NA	NA	NA	NA	NA	4	0	4	2	0	1	NA	NA	NA	3	0	3
4	21826798	48199999	2	2	0	2	d	4	2	0	0.0645708800454	0.143315718224	NA	NA	NA	2	0	1	NA	NA	NA	NA	NA	NA	NA	3	0	3	2	0	1	NA	NA	NA	2	0	2
4	48200000	52699999	2	2	0	2	d	4	2	0	0.0740562257597	0.358534069782	NA	NA	NA	NA	NA	NA	NA	NA	NA	NA	NA	NA	NA	2	0	2	2	0	1	NA	NA	NA	2	0	2
4	52700000	64022228	2	2	0	2	d	4	2	0	0.0674719712733	0.122772000872	NA	NA	NA	2	0	1	NA	NA	NA	NA	NA	NA	NA	3	0	3	2	0	1	NA	NA	NA	2	0	2
4	64022229	64022755	2	2	0	2	d	3	2	0	0.05	0.1	NA	NA	NA	1	0	1	NA	NA	NA	NA	NA	NA	NA	1	0	1	2	0	1	NA	NA	NA	2	0	2
4	64022756	64024169	2	2	0	2	d	3	2	0	0.05	0.1	NA	NA	NA	2	1	1	NA	NA	NA	NA	NA	NA	NA	NA	NA	NA	2	0	1	NA	NA	NA	2	0	2
4	64024170	64024258	2	2	0	2	d	2	2	0	0.05	0.1	NA	NA	NA	NA	NA	NA	NA	NA	NA	NA	NA	NA	NA	NA	NA	NA	2	0	1	NA	NA	NA	3	0	3
4	64024259	84805549	2	2	0	2	d	3	2	0	0.0681421045198	0.129932822279	NA	NA	NA	2	0	1	NA	NA	NA	NA	NA	NA	NA	3	0	3	2	0	1	NA	NA	NA	3	0	3
4	84805550	84807828	2	2	0	2	d	2	2	0	0.05	0.1	NA	NA	NA	2	0	0.732972076579034	2	1	0.267027923420966	0.130512534793638	0.129444605620235	0.36325442681034	0.888152479448856	NA	NA	NA	2	0	1	NA	NA	NA	3	0	3
4	84807829	109749975	2	2	0	2	d	3	2	0	0.0687607480095	0.116734538207	NA	NA	NA	2	0	1	NA	NA	NA	NA	NA	NA	NA	3	0	3	2	0	1	NA	NA	NA	3	0	3
4	109749976	109749990	3	3	0	2	f	2	3.08	0	0.05	0.1	NA	NA	NA	NA	NA	NA	NA	NA	NA	NA	NA	NA	NA	NA	NA	NA	2	0	1	NA	NA	NA	3	0	3
4	109749991	118615987	3	3	0	2	e	3	3.08	0	0.04768700117	0.16241366682	NA	NA	NA	3	0	1	NA	NA	NA	NA	NA	NA	NA	4	0	4	3	0	1	NA	NA	NA	4	0	4
4	118615988	118647660	4	4	0	1	g	NA	4	0	0.05	0.1	NA	NA	NA	3	0	1	NA	NA	NA	NA	NA	NA	NA	6	0	6	3	0	1	NA	NA	NA	5	0	5
4	118647661	139013400	3	3	0	2	e	3	3.08	0	0.0481772799537	0.16206825389	NA	NA	NA	3	0	1	NA	NA	NA	NA	NA	NA	NA	4	0	4	3	0	1	NA	NA	NA	4	0	4
4	139013401	157996108	4	3	1	2	e	3	3	0.85	0.0739631402761	0.188410344752	NA	NA	NA	3	0	0.152736807604064	3	1	0.847263192395936	0.00509768090609583	0.00513323601633342	0.137657342346495	0.1576756331098	5	1	4	3	1	1	NA	NA	NA	4	0	4
4	157996109	180737030	6	4	2	2	d	2	3.08	1.71	0.0693743414917	0.223150054265	NA	NA	NA	3	1	0.383902233459753	3	2	0.616097766540247	0.00527611824828431	0.00535373712993376	0.354023301447741	0.374917249776327	6	2	4	3	2	0.633433	3	1	0.366567	6	2	4
4	180737031	180740408	5	3	2	2	e	4	3.08	1.71	0.05	0.1	NA	NA	NA	3	1	0.383902233459753	3	2	0.616097766540247	0.00527611824828431	0.00535373712993376	0.354023301447741	0.374917249776327	5	2	3	3	2	0.633433	3	1	0.366567	6	2	4
4	180740409	190849572	5	3	2	2	e	3	3.08	1.71	0.0734757256427	0.236796313273	NA	NA	NA	3	1	0.383902233459753	3	2	0.616097766540247	0.00527611824828431	0.00535373712993376	0.354023301447741	0.374917249776327	5	2	3	NA	NA	NA	NA	NA	NA	4	1	3
5	55985	122581	5	3	2	2	f	2	3	1.4	0.05	0.216058583199	NA	NA	NA	NA	NA	NA	NA	NA	NA	NA	NA	NA	NA	3	1	2	3	2	0.332112	3	1	0.667888	NA	NA	NA
5	122582	802499	5	3	2	2	f	2	3	1.4	0.103724994508	0.407041586043	NA	NA	NA	NA	NA	NA	NA	NA	NA	NA	NA	NA	NA	2	1	1	3	2	0.332112	3	1	0.667888	NA	NA	NA
5	802500	24596826	5	3	2	2	e	4	3	1.4	0.0783309774507	0.209257418446	NA	NA	NA	3	1	0.614552605703051	3	2	0.385447394296949	0.00620816455627538	0.00645882078377344	0.562847028716968	0.588863209165437	5	2	3	3	2	0.399094	3	1	0.600906	4	1	3
5	24596827	36966102	5	3	2	2	f	3	3	1.92	0.0677133025442	0.222922717898	NA	NA	NA	3	2	1	NA	NA	NA	NA	NA	NA	NA	6	3	3	3	2	1	NA	NA	NA	6	2	4
5	36966103	36966117	5	3	2	1	h	1	NA	NA	NA	NA	NA	NA	NA	NA	NA	NA	NA	NA	NA	NA	NA	NA	NA	NA	NA	NA	NA	NA	NA	NA	NA	NA	5	2	3
5	36966118	45967500	5	3	2	2	e	2	1.92	1.92	0.0477716202084	0.180645583668	NA	NA	NA	2	2	1	NA	NA	NA	NA	NA	NA	NA	5	2	3	2	2	1	NA	NA	NA	5	2	3
5	45967501	50699999	NA	NA	NA	NA	NA	NA	2	1	0.0870992911932	0.216798865235	NA	NA	NA	NA	NA	NA	NA	NA	NA	NA	NA	NA	NA	4	1	3	3	2	0.530582	3	1	0.469418	4	1	3
5	50700000	100746132	3	2	1	2	d	2	2	0.85	0.0854030068069	0.1509835506	NA	NA	NA	2	0	0.138687322310462	2	1	0.861312677689538	0.00253745866305806	0.00243413373627685	0.133970473544607	0.143445722160062	3	1	2	2	0	0.158571	2	1	0.841429	3	1	2
5	100746133	100747181	3	2	1	2	e	3	2	0.85	0.05	0.1	NA	NA	NA	2	0	0.138687322310462	2	1	0.861312677689538	0.00253745866305806	0.00243413373627685	0.133970473544607	0.143445722160062	NA	NA	NA	2	0	0.158571	2	1	0.841429	4	1	3
5	100747182	119827212	4	3	1	2	d	2	2	0.85	0.0834493828338	0.153701378356	NA	NA	NA	2	0	0.138687322310462	2	1	0.861312677689538	0.00253745866305806	0.00243413373627685	0.133970473544607	0.143445722160062	4	1	3	2	0	0.153825	2	1	0.846175	4	1	3
5	119827213	119830847	3	2	1	2	e	3	2	0.85	0.05	0.1	NA	NA	NA	2	0	0.138687322310462	2	1	0.861312677689538	0.00253745866305806	0.00243413373627685	0.133970473544607	0.143445722160062	NA	NA	NA	2	0	0.158571	2	1	0.841429	4	1	3
5	119830848	131173814	3	2	1	2	e	4	2	0.85	0.0871454343897	0.156413186648	NA	NA	NA	2	0	0.138687322310462	2	1	0.861312677689538	0.00253745866305806	0.00243413373627685	0.133970473544607	0.143445722160062	4	1	3	2	0	0.158571	2	1	0.841429	3	1	2
5	131173815	131175041	3	2	1	2	e	4	2	0.85	0.05	0.1	NA	NA	NA	2	0	0.138687322310462	2	1	0.861312677689538	0.00253745866305806	0.00243413373627685	0.133970473544607	0.143445722160062	NA	NA	NA	2	0	0.158571	2	1	0.841429	3	1	2
5	131175042	148209597	3	2	1	2	e	4	2	0.85	0.08929776421	0.158686925333	NA	NA	NA	2	0	0.138687322310462	2	1	0.861312677689538	0.00253745866305806	0.00243413373627685	0.133970473544607	0.143445722160062	3	1	2	2	0	0.164309	2	1	0.835691	2	0	2
5	148209598	148226929	3	2	1	2	e	3	2	0.85	0.05	0.1	NA	NA	NA	2	2	1	NA	NA	NA	NA	NA	NA	NA	3	1	2	2	1	1	NA	NA	NA	2	0	2
5	148226930	176368959	3	2	1	2	d	2	2	0.85	0.08804222089	0.165712615885	NA	NA	NA	2	0	0.114552605703049	2	1	0.885447394296951	0.0048121196233274	0.00461373017360346	0.111480563970634	0.129571197379282	3	1	2	2	1	1	NA	NA	NA	2	0	2
5	176368960	177419487	5	3	2	2	e	3	3	2	0.0686041416424	0.365809123637	NA	NA	NA	3	2	1	NA	NA	NA	NA	NA	NA	NA	3	1	2	3	2	0.881773	2	2	0.118227	3	1	2
5	177419488	179260702	5	3	2	1	g	NA	3	2	0.0806492316605	0.280854775126	NA	NA	NA	3	2	1	NA	NA	NA	NA	NA	NA	NA	3	1	2	3	2	0.881773	2	2	0.118227	3	1	2
5	179260703	179301608	7	6	1	1	g	NA	6	1	0.05	0.1	NA	NA	NA	4	2	1	NA	NA	NA	NA	NA	NA	NA	3	1	2	4	2	1	NA	NA	NA	3	1	2
5	179301609	180663035	5	3	2	2	e	3	3	2	0.0714795967616	0.294194109089	NA	NA	NA	3	2	1	NA	NA	NA	NA	NA	NA	NA	4	2	2	3	2	0.881773	2	2	0.118227	3	1	2
6	203254	37309325	4	2	2	2	d	3	2	2	0.0628110677077	0.25639961657	NA	NA	NA	2	1	0.202645928309646	2	2	0.797354071690354	0.00586170012572824	0.0059889446976509	0.197804519117059	0.221889290815486	4	2	2	2	2	1	NA	NA	NA	3	1	2
6	37309326	37374122	4	2	2	1	g	NA	2	2	0.05	0.253206863636	NA	NA	NA	3	3	1	NA	NA	NA	NA	NA	NA	NA	5	2	3	2	2	1	NA	NA	NA	3	1	2
6	37374123	57969981	4	2	2	3	b	5	2	2	0.0568136425609	0.19851446506	NA	NA	NA	2	2	1	NA	NA	NA	NA	NA	NA	NA	4	2	2	2	2	1	NA	NA	NA	4	2	2
6	57969982	63299999	4	2	2	2	d	3	2	2	0.0476205903822	0.288639589553	NA	NA	NA	2	2	1	NA	NA	NA	NA	NA	NA	NA	5	2	3	3	3	0.85592	3	2	0.14408	4	2	2
6	63300000	65271770	4	2	2	2	d	3	2	2	0.0519631540631	0.205299806289	NA	NA	NA	2	2	1	NA	NA	NA	NA	NA	NA	NA	5	2	3	2	2	1	NA	NA	NA	6	2	4
6	65271771	65294717	6	4	2	1	g	NA	4	2	0.05	0.1	NA	NA	NA	4	2	1	NA	NA	NA	NA	NA	NA	NA	NA	NA	NA	2	2	1	NA	NA	NA	10	3	7
6	65294718	70507170	4	2	2	2	d	3	2	2	0.049224994895	0.206409878967	NA	NA	NA	2	2	1	NA	NA	NA	NA	NA	NA	NA	6	3	3	2	2	1	NA	NA	NA	6	2	4
6	70507171	70542610	4	2	2	2	d	2	2	2	0.05	0.1	NA	NA	NA	2	1	0.557276302851521	2	2	0.442723697148479	NA	0	0.557276302851521	0.557276302851521	NA	NA	NA	2	2	1	NA	NA	NA	8	3	5
6	70542611	92169988	4	2	2	2	d	3	2	2	0.0521936275289	0.228233429618	NA	NA	NA	2	2	1	NA	NA	NA	NA	NA	NA	NA	5	2	3	2	2	1	NA	NA	NA	5	2	3
6	92169989	103939998	4	2	2	2	d	3	2	2	0.0509257708946	0.189841339224	NA	NA	NA	2	2	1	NA	NA	NA	NA	NA	NA	NA	5	2	3	2	2	1	NA	NA	NA	6	2	4
6	103939999	119491044	4	2	2	3	b	5	2	2	0.0542043111891	0.185157857027	NA	NA	NA	2	2	1	NA	NA	NA	NA	NA	NA	NA	4	2	2	2	2	1	NA	NA	NA	4	2	2
6	119491045	119546282	6	3	3	1	g	NA	3	3	0.05	0.11968030431	NA	NA	NA	3	2	1	NA	NA	NA	NA	NA	NA	NA	6	2	4	2	2	1	NA	NA	NA	4	2	2
6	119546283	142386777	4	2	2	2	d	3	2	2	0.0506236351972	0.189817528643	NA	NA	NA	2	2	1	NA	NA	NA	NA	NA	NA	NA	5	2	3	2	2	1	NA	NA	NA	5	2	3
6	142386778	142453578	5	4	1	1	g	NA	4	1	0.05	0.368654755524	NA	NA	NA	4	2	1	NA	NA	NA	NA	NA	NA	NA	NA	NA	NA	4	2	1	NA	NA	NA	11	3	8
6	142453579	154846542	4	2	2	2	d	4	2	2	0.0504102108122	0.182054156275	NA	NA	NA	2	2	1	NA	NA	NA	NA	NA	NA	NA	4	2	2	2	2	1	NA	NA	NA	3	1	2
6	154846543	154847790	4	2	2	2	d	3	2	2	0.05	0.1	NA	NA	NA	2	2	1	NA	NA	NA	NA	NA	NA	NA	NA	NA	NA	2	2	1	NA	NA	NA	3	1	2
6	154847791	170873571	4	2	2	2	d	4	2	2	0.0630164316061	0.221045300207	NA	NA	NA	2	2	1	NA	NA	NA	NA	NA	NA	NA	4	2	2	2	2	1	NA	NA	NA	3	1	2
7	65431	1532304	1	1	0	2	d	4	1	0	0.171067033229	0.193417540576	NA	NA	NA	1	0	1	NA	NA	NA	NA	NA	NA	NA	1	0	1	1	0	1	NA	NA	NA	0	0	0
7	1532305	3583081	3	2	1	2	d	3	2	1	0.0963003487941	0.242240534333	NA	NA	NA	2	1	1	NA	NA	NA	NA	NA	NA	NA	2	1	1	2	1	1	NA	NA	NA	1	0	1
7	3583082	3585606	3	2	1	2	d	4	2	1	0.05	0.1	NA	NA	NA	2	1	1	NA	NA	NA	NA	NA	NA	NA	3	1	2	2	1	1	NA	NA	NA	1	0	1
7	3585607	8844842	3	2	1	2	d	3	2	1	0.082230799256	0.162884648351	NA	NA	NA	2	1	1	NA	NA	NA	NA	NA	NA	NA	2	1	1	2	1	1	NA	NA	NA	2	0	2
7	8844843	8857288	3	2	1	1	g	NA	2	1	0.05	0.1	NA	NA	NA	3	2	1	NA	NA	NA	NA	NA	NA	NA	NA	NA	NA	2	1	1	NA	NA	NA	6	2	4
7	8857289	11731054	3	2	1	2	d	3	2	1	0.0797284530141	0.146570953609	NA	NA	NA	2	1	1	NA	NA	NA	NA	NA	NA	NA	4	2	2	2	1	1	NA	NA	NA	4	1	3
7	11731055	11733881	3	2	1	2	d	2	2	1	0.05	0.1	NA	NA	NA	3	0	0.36801048836447	3	1	0.63198951163553	NA	0	0.36801048836447	0.36801048836447	NA	NA	NA	2	1	1	NA	NA	NA	4	1	3
7	11733882	22509455	3	2	1	2	d	3	2	1	0.0796413422723	0.149937592065	NA	NA	NA	2	1	1	NA	NA	NA	NA	NA	NA	NA	4	2	2	2	1	1	NA	NA	NA	4	1	3
7	22509456	22509640	3	2	1	1	h	1	NA	NA	NA	NA	NA	NA	NA	NA	NA	NA	NA	NA	NA	NA	NA	NA	NA	1	0	1	2	1	1	NA	NA	NA	4	1	3
7	22509641	22511095	3	2	1	1	h	1	NA	NA	NA	NA	NA	NA	NA	1	0	0.509358916438562	1	1	0.490641083561438	0.0175586458772294	0.0123091100691039	0.491642084562438	0.526759376316897	NA	NA	NA	2	1	1	NA	NA	NA	2	1	1
7	22511096	27238261	4	2	2	2	d	4	2	2	0.0553749985885	0.178791189965	NA	NA	NA	2	2	1	NA	NA	NA	NA	NA	NA	NA	4	2	2	2	2	1	NA	NA	NA	3	1	2
7	27238262	27549037	6	4	2	2	d	3	4	2	0.0614198338142	0.211581883052	NA	NA	NA	4	2	1	NA	NA	NA	NA	NA	NA	NA	5	2	3	4	2	1	NA	NA	NA	4	1	3
7	27549038	57999999	4	2	2	2	d	4	2	2	0.0552958745177	0.20822182606	NA	NA	NA	2	2	1	NA	NA	NA	NA	NA	NA	NA	4	2	2	2	2	1	NA	NA	NA	3	1	2
7	58000000	61699999	4	2	2	1	g	NA	2	2	0.05	0.472732696109	NA	NA	NA	NA	NA	NA	NA	NA	NA	NA	NA	NA	NA	NA	NA	NA	5	4	1	NA	NA	NA	3	1	2
7	61700000	64830700	4	2	2	2	d	3	2	2	0.0580194634911	0.361628084396	NA	NA	NA	2	1	0.138869692136025	2	2	0.861130307863975	0.0196514791382611	0.0200829371310789	0.0981741578012348	0.176846744302407	4	2	2	2	2	1	NA	NA	NA	3	1	2
7	64830701	64873751	6	4	2	2	d	3	4	2	0.05	0.1	NA	NA	NA	4	2	1	NA	NA	NA	NA	NA	NA	NA	6	2	4	4	2	0.807409	3	2	0.192591	5	2	3
7	64873752	72953949	4	2	2	2	d	3	2	2	0.0562724306817	0.21339415308	NA	NA	NA	2	2	1	NA	NA	NA	NA	NA	NA	NA	3	1	2	2	2	1	NA	NA	NA	3	1	2
7	72953950	73169653	6	3	3	1	g	NA	3	3	0.05	0.1	NA	NA	NA	2	2	1	NA	NA	NA	NA	NA	NA	NA	2	1	1	3	2	1	NA	NA	NA	2	0	2
7	73169654	77761388	3	2	1	2	e	3	2	0.85	0.0928300405632	0.185032129513	NA	NA	NA	2	0	0.200287421526357	2	1	0.799712578473643	0.0178560872149121	0.0180885146259584	0.12010408285938	0.194707381135844	2	1	1	2	0	0.180348	2	1	0.819652	2	0	2
7	77761389	77762536	3	2	1	2	f	2	2	0.85	0.05	0.1	NA	NA	NA	2	0	1	NA	NA	NA	NA	NA	NA	NA	NA	NA	NA	2	0	0.180348	2	1	0.819652	1	0	1
7	77762537	96523223	4	3	1	2	d	2	2	0.85	0.085517100685	0.147585186468	NA	NA	NA	2	0	0.180114523685581	2	1	0.819885476314419	0.00537694079678475	0.00538315882582564	0.146235480499829	0.16670367010306	4	1	3	2	0	0.171389	2	1	0.828611	4	1	3
7	96523224	116842650	5	4	1	3	b	5	4	1	0.0679308635115	0.25063919426	NA	NA	NA	4	1	1	NA	NA	NA	NA	NA	NA	NA	5	1	4	4	1	1	NA	NA	NA	5	1	4
7	116842651	116866246	4	3	1	1	h	1	NA	NA	NA	NA	NA	NA	NA	3	1	1	NA	NA	NA	NA	NA	NA	NA	4	1	3	4	1	1	NA	NA	NA	3	0	3
7	116866247	127423622	5	4	1	2	d	3	4	1	0.0694679865205	0.222571484089	NA	NA	NA	4	1	1	NA	NA	NA	NA	NA	NA	NA	7	2	5	4	1	1	NA	NA	NA	7	1	6
7	127423623	127504420	17	16	1	1	g	NA	16	1	0.05	0.395002277663	NA	NA	NA	7	1	1	NA	NA	NA	NA	NA	NA	NA	8	1	7	8	1	1	NA	NA	NA	8	0	8
7	127504421	147657635	5	4	1	2	d	4	4	1	0.0677351499764	0.225990856603	NA	NA	NA	4	1	1	NA	NA	NA	NA	NA	NA	NA	5	1	4	4	1	1	NA	NA	NA	4	0	4
7	147657636	156408161	4	4	0	2	d	3	4	0	0.0462246379363	0.223059378383	NA	NA	NA	4	0	1	NA	NA	NA	NA	NA	NA	NA	3	0	3	4	0	1	NA	NA	NA	2	0	2
7	156408162	156408174	4	4	0	1	h	1	NA	NA	NA	NA	NA	NA	NA	NA	NA	NA	NA	NA	NA	NA	NA	NA	NA	NA	NA	NA	4	0	1	NA	NA	NA	2	0	2
7	156408175	159138662	3	3	0	2	e	3	3.15	0	0.0599608207266	0.200635682597	NA	NA	NA	3	0	1	NA	NA	NA	NA	NA	NA	NA	2	0	2	3	0	1	NA	NA	NA	1	0	1
8	172500	12239869	4	2	2	2	d	3	2	2	0.0615500113902	0.234569322671	NA	NA	NA	2	1	0.0969176178872201	2	2	0.90308238211278	0.00879003430159996	0.00914002310967577	0.0730388485298865	0.107950127967848	4	2	2	2	2	1	NA	NA	NA	3	1	2
8	12239870	37901655	4	2	2	3	b	5	2	2	0.0543565664423	0.218358640962	NA	NA	NA	2	2	1	NA	NA	NA	NA	NA	NA	NA	4	2	2	2	2	1	NA	NA	NA	4	2	2
8	37901656	37903647	4	2	2	2	d	2	2	2	0.05	0.1	NA	NA	NA	1	0	0.526759376316897	1	1	0.473240623683103	NA	0	0.526759376316897	0.526759376316897	NA	NA	NA	2	2	1	NA	NA	NA	2	1	1
8	37903648	41341377	4	2	2	2	d	3	2	2	0.0537509977927	0.192799130191	NA	NA	NA	2	1	0.113751304486274	2	2	0.886248695513726	0.0181799568803654	0.0189480467413298	0.0773609851015442	0.152819604556547	4	2	2	2	2	1	NA	NA	NA	3	1	2
8	41341378	41343430	4	2	2	2	d	2	2	2	0.05	0.1	NA	NA	NA	2	1	0.113751304486274	2	2	0.886248695513726	0.0181799568803654	0.0189480467413298	0.0773609851015442	0.152819604556547	NA	NA	NA	2	2	1	NA	NA	NA	3	1	2
8	41343431	43099999	4	2	2	2	f	3	2	2	0.0690192534573	0.198215866197	NA	NA	NA	2	1	0.113751304486274	2	2	0.886248695513726	0.0181799568803654	0.0189480467413298	0.0773609851015442	0.152819604556547	3	1	2	2	2	1	NA	NA	NA	2	1	1
8	43100000	48099999	4	2	2	2	d	3	2	2	0.102084132236	0.248620480503	NA	NA	NA	NA	NA	NA	NA	NA	NA	NA	NA	NA	NA	4	2	2	2	2	1	NA	NA	NA	2	1	1
8	48100000	93100636	4	2	2	2	e	3	1.85	1.85	0.051029841386	0.194450748944	NA	NA	NA	2	2	1	NA	NA	NA	NA	NA	NA	NA	5	2	3	2	2	1	NA	NA	NA	5	2	3
8	93100637	94180011	4	2	2	2	e	3	2	1.85	0.0547759067123	0.18051033212	NA	NA	NA	2	2	1	NA	NA	NA	NA	NA	NA	NA	5	2	3	2	2	1	NA	NA	NA	5	2	3
8	94180012	94223935	5	3	2	2	d	3	2	1.85	0.05	0.1	NA	NA	NA	3	2	1	NA	NA	NA	NA	NA	NA	NA	6	2	4	3	2	1	NA	NA	NA	5	2	3
8	94223936	100927420	4	2	2	2	d	3	1.71	1.71	0.052575226213	0.156351568426	NA	NA	NA	2	2	1	NA	NA	NA	NA	NA	NA	NA	4	2	2	2	2	1	NA	NA	NA	3	1	2
8	100927421	100930082	4	2	2	2	d	2	1.71	1.71	0.05	0.1	NA	NA	NA	2	2	1	NA	NA	NA	NA	NA	NA	NA	NA	NA	NA	2	2	1	NA	NA	NA	3	1	2
8	100930083	103853508	4	2	2	2	d	3	1.71	1.71	0.0639663092142	0.166831130697	NA	NA	NA	2	2	1	NA	NA	NA	NA	NA	NA	NA	4	2	2	2	2	1	NA	NA	NA	3	1	2
8	103853509	123523511	5	3	2	2	d	2	1.71	1.32	0.0646269416027	0.152678996263	NA	NA	NA	2	1	0.557276302851521	2	2	0.442723697148479	0.00763421837129363	0.00795209569271781	0.530460994042009	0.56165374745343	5	2	3	2	2	0.501697	2	1	0.498303	5	2	3
8	123523512	123524803	4	2	2	2	f	2	1.71	1.32	0.05	0.1	NA	NA	NA	0	0	1	NA	NA	NA	NA	NA	NA	NA	NA	NA	NA	2	2	0.501697	2	1	0.498303	2	1	1
8	123524804	132752583	4	2	2	2	e	4	1.71	1.32	0.0699587710884	0.141739498563	NA	NA	NA	2	1	0.557276302851521	2	2	0.442723697148479	0.00711650401148378	0.00724967932099229	0.553632634620306	0.581688153191356	4	2	2	2	2	0.467513	2	1	0.532487	3	1	2
8	132752584	140153086	3	2	1	2	d	2	1.71	1.32	0.0707806171559	0.158952027276	NA	NA	NA	2	1	0.557276302851521	2	2	0.442723697148479	0.00711650401148378	0.00724967932099229	0.553632634620306	0.581688153191356	3	1	2	2	2	0.467513	2	1	0.532487	3	1	2
8	140153087	146364021	4	2	2	2	e	3	1.85	1.85	0.0732773552739	0.259481538984	NA	NA	NA	2	2	1	NA	NA	NA	NA	NA	NA	NA	2	1	1	2	2	1	NA	NA	NA	2	1	1
9	47500	6519107	5	3	2	2	d	3	2.76	2.12	0.0635660716139	0.243582667181	NA	NA	NA	2	2	0.256964929531307	3	2	0.743035070468693	0.0186552544551999	0.0186607561462912	0.232128087115577	0.305378507758424	5	2	3	3	2	1	NA	NA	NA	5	2	3
9	6519108	6530986	8	6	2	1	h	1	NA	NA	NA	NA	NA	NA	NA	3	1	0.295968534906585	4	1	0.704031465093415	NA	0	0.295968534906585	0.295968534906585	7	3	4	6	2	0.785706	5	2	0.214294	5	2	3
9	6530987	6531787	8	6	2	1	h	1	NA	NA	NA	NA	NA	NA	NA	NA	NA	NA	NA	NA	NA	NA	NA	NA	NA	NA	NA	NA	6	2	0.785706	5	2	0.214294	5	2	3
9	6531788	6531820	8	6	2	1	h	1	NA	NA	NA	NA	NA	NA	NA	NA	NA	NA	NA	NA	NA	NA	NA	NA	NA	NA	NA	NA	6	2	0.785706	5	2	0.214294	5	2	3
9	6531821	6682775	8	6	2	1	g	NA	6	2	0.053228370683	0.275875493423	NA	NA	NA	5	2	1	NA	NA	NA	NA	NA	NA	NA	6	2	4	6	2	0.785706	5	2	0.214294	5	2	3
9	6682776	6726757	8	6	2	2	f	3	6	2	0.05	0.1	NA	NA	NA	6	1	0.247117189595061	6	2	0.752882810404939	0.0896564756564619	0.0909982247264571	0.0104078984394108	0.376296847771349	6	2	4	6	2	1	NA	NA	NA	6	1	5
9	6726758	6997373	7	5	2	2	f	3	6	2	0.0553591151659	0.28755399397	NA	NA	NA	5	1	0.178713608789782	5	2	0.821286391210218	0.0459688238011652	0.045215110151103	0.0829234823545937	0.254920219703344	7	2	5	5	2	1	NA	NA	NA	5	1	4
9	6997374	6997668	8	6	2	1	g	NA	6	2	0.05	0.1	NA	NA	NA	NA	NA	NA	NA	NA	NA	NA	NA	NA	NA	1	0	1	5	2	1	NA	NA	NA	5	1	4
9	6997669	6997959	8	6	2	1	g	NA	6	2	0.05	0.1	NA	NA	NA	NA	NA	NA	NA	NA	NA	NA	NA	NA	NA	1	0	1	5	2	1	NA	NA	NA	5	1	4
9	6997960	6998979	8	6	2	1	g	NA	6	2	0.05	0.1	NA	NA	NA	NA	NA	NA	NA	NA	NA	NA	NA	NA	NA	1	0	1	3	2	1	NA	NA	NA	NA	NA	NA
9	6998980	6999040	8	6	2	1	g	NA	6	2	0.05	0.1	NA	NA	NA	NA	NA	NA	NA	NA	NA	NA	NA	NA	NA	NA	NA	NA	3	2	1	NA	NA	NA	7	3	4
9	6999041	7007382	8	6	2	1	g	NA	6	2	0.05	0.1	NA	NA	NA	NA	NA	NA	NA	NA	NA	NA	NA	NA	NA	NA	NA	NA	3	2	1	NA	NA	NA	7	3	4
9	7007383	9367760	5	3	2	2	e	3	3	2.15	0.0576452638483	0.22772258188	NA	NA	NA	3	2	0.869374479993951	3	3	0.130625520006049	0.0225425269228002	0.0221741057087792	0.798945676763384	0.887738905630262	6	3	3	3	2	1	NA	NA	NA	7	3	4
9	9367761	12052500	4	2	2	2	e	3	2.15	2.15	0.0505253928526	0.216631790914	NA	NA	NA	2	2	1	NA	NA	NA	NA	NA	NA	NA	6	3	3	2	2	1	NA	NA	NA	6	2	4
9	12052501	17068947	4	2	2	2	e	3	2.15	2.15	0.0542833264317	0.205085989475	NA	NA	NA	2	2	1	NA	NA	NA	NA	NA	NA	NA	5	2	3	2	2	1	NA	NA	NA	5	2	3
9	17068948	17078982	6	3	3	1	g	NA	3	3	0.05	0.1	NA	NA	NA	4	2	1	NA	NA	NA	NA	NA	NA	NA	NA	NA	NA	4	2	0.674886	3	2	0.325114	5	2	3
9	17078983	17136184	5	3	2	2	f	2	3	3	0.05	0.1	NA	NA	NA	4	2	1	NA	NA	NA	NA	NA	NA	NA	7	3	4	4	2	0.674886	3	2	0.325114	5	2	3
9	17136185	30517520	5	3	2	2	e	2	2.15	2.15	0.0525733044431	0.206911621612	NA	NA	NA	2	2	1	NA	NA	NA	NA	NA	NA	NA	5	2	3	2	2	1	NA	NA	NA	5	2	3
9	30517521	30549938	4	2	2	1	g	NA	1.85	1.85	0.05	0.1	NA	NA	NA	1	1	0.67655126015629	2	1	0.32344873984371	0.0800252556147587	0.079285226393851	0.555846849037484	0.861079947424293	NA	NA	NA	2	2	0.531345	2	1	0.468655	3	1	2
9	30549939	34480497	4	2	2	2	d	2	2	2.08	0.0593153933312	0.206747754123	NA	NA	NA	2	1	0.100914313047797	2	2	0.899085686952203	0.0143775575389552	0.0140832071909317	0.0726015443540437	0.128891306503411	4	2	2	2	2	1	NA	NA	NA	5	2	3
9	34480498	34543715	4	2	2	1	g	1	3	3	0.05	0.1	NA	NA	NA	2	1	0.100914313047797	2	2	0.899085686952203	0.0143775575389552	0.0140832071909317	0.0726015443540437	0.128891306503411	3	1	2	3	2	1	NA	NA	NA	4	2	2
9	34543716	44751901	4	2	2	2	d	3	2	2	0.0619979098574	0.240823429702	NA	NA	NA	2	1	0.100914313047797	2	2	0.899085686952203	0.0143775575389552	0.0140832071909317	0.0726015443540437	0.128891306503411	3	1	2	2	2	1	NA	NA	NA	4	2	2
9	44751902	47299999	4	2	2	2	d	3	2	2	0.05	0.48477657916	NA	NA	NA	2	2	1	NA	NA	NA	NA	NA	NA	NA	1	0	1	3	1	1	NA	NA	NA	4	2	2
9	47300000	50699999	4	2	2	1	g	NA	2	2	0.05	0.1	NA	NA	NA	NA	NA	NA	NA	NA	NA	NA	NA	NA	NA	1	0	1	3	1	1	NA	NA	NA	4	2	2
9	50700000	66487164	4	2	2	2	d	2	2	2	0.05	0.426081960296	NA	NA	NA	NA	NA	NA	NA	NA	NA	NA	NA	NA	NA	NA	NA	NA	3	1	1	NA	NA	NA	4	2	2
9	66487165	73028526	4	2	2	3	b	5	2	2	0.0509758752896	0.254944440745	NA	NA	NA	2	2	1	NA	NA	NA	NA	NA	NA	NA	4	2	2	2	2	1	NA	NA	NA	4	2	2
9	73028527	73078200	4	2	2	2	d	4	2	2	0.05	0.1	NA	NA	NA	2	2	1	NA	NA	NA	NA	NA	NA	NA	3	1	2	2	2	1	NA	NA	NA	4	2	2
9	73078201	73129994	6	4	2	2	d	3	4	2	0.05	0.1	NA	NA	NA	4	2	1	NA	NA	NA	NA	NA	NA	NA	5	2	3	4	2	1	NA	NA	NA	4	2	2
9	73129995	114629125	4	2	2	3	b	5	2	2	0.0544488925863	0.200479921493	NA	NA	NA	2	2	1	NA	NA	NA	NA	NA	NA	NA	4	2	2	2	2	1	NA	NA	NA	4	2	2
9	114629126	114759787	5	3	2	2	e	3	4	2	0.0706374431816	0.271806835373	NA	NA	NA	3	1	0.487001859675192	3	2	0.512998140324808	0.0561384574239951	0.0576709142815282	0.378423010507983	0.600261137339452	5	2	3	4	2	0.846734	3	2	0.153266	4	2	2
9	114759788	130052196	4	2	2	2	d	4	2	2	0.058450171005	0.196874077285	NA	NA	NA	2	2	1	NA	NA	NA	NA	NA	NA	NA	4	2	2	2	2	1	NA	NA	NA	3	1	2
9	130052197	130140117	6	4	2	1	g	NA	4	2	0.05	0.294205676052	NA	NA	NA	5	2	1	NA	NA	NA	NA	NA	NA	NA	5	2	3	2	2	1	NA	NA	NA	4	1	3
9	130140118	139983972	4	2	2	2	f	3	2	2	0.075770374964	0.276434271935	NA	NA	NA	2	1	0.0928793838085839	2	2	0.907120616191416	0.0186287557350778	0.019144122819896	0.0771623159706752	0.15128571033515	2	1	1	2	2	1	NA	NA	NA	2	1	1
9	139983973	141213430	4	3	1	2	e	0	2	1	0.0877976148956	0.31659060625	NA	NA	NA	2	1	0.835914454277282	2	2	0.164085545722718	0.0515244851241856	0.0540337751961375	0.68842902171751	0.896853562801896	2	1	1	2	1	1	NA	NA	NA	1	0	1
10	95662	22001686	4	2	2	2	d	4	2	2	0.0550083904616	0.200473694831	NA	NA	NA	2	2	1	NA	NA	NA	NA	NA	NA	NA	4	2	2	2	2	1	NA	NA	NA	3	1	2
10	22001687	22009676	4	2	2	2	d	3	2	2	0.05	0.1	NA	NA	NA	2	2	1	NA	NA	NA	NA	NA	NA	NA	NA	NA	NA	2	2	1	NA	NA	NA	3	1	2
10	22009677	22011811	4	2	2	2	d	3	2	2	0.05	0.1	NA	NA	NA	2	2	1	NA	NA	NA	NA	NA	NA	NA	NA	NA	NA	2	2	1	NA	NA	NA	NA	NA	NA
10	22011812	22017768	4	2	2	2	d	3	2	2	0.05	0.1	NA	NA	NA	2	2	1	NA	NA	NA	NA	NA	NA	NA	NA	NA	NA	2	2	1	NA	NA	NA	NA	NA	NA
10	22017769	31572528	4	2	2	2	d	4	2	2	0.0500041887921	0.19794742579	NA	NA	NA	2	2	1	NA	NA	NA	NA	NA	NA	NA	4	2	2	2	2	1	NA	NA	NA	3	1	2
10	31572529	37999999	4	2	2	2	d	4	2	2	0.0551673844978	0.193789157874	NA	NA	NA	2	2	1	NA	NA	NA	NA	NA	NA	NA	4	2	2	2	2	1	NA	NA	NA	3	1	2
10	38000000	42299999	4	2	2	2	d	3	2	2	0.0491334099719	0.285031387987	NA	NA	NA	2	2	1	NA	NA	NA	NA	NA	NA	NA	4	2	2	NA	NA	NA	NA	NA	NA	3	1	2
10	42300000	45464829	4	2	2	1	g	NA	2	2	0.0674881884062	0.252139360039	NA	NA	NA	2	1	0.111455260570306	2	2	0.888544739429694	0.0239984163941341	0.0255634142558026	0.0679543033347175	0.164290732939215	3	1	2	2	2	1	NA	NA	NA	3	1	2
10	45464830	47652499	2	2	0	3	b	5	2	0	0.0811877293944	0.320771426632	NA	NA	NA	2	0	1	NA	NA	NA	NA	NA	NA	NA	2	0	2	2	0	1	NA	NA	NA	2	0	2
10	47652500	93117091	2	2	0	3	b	5	2	0	0.0765120251772	0.126074395889	NA	NA	NA	2	0	1	NA	NA	NA	NA	NA	NA	NA	2	0	2	2	0	1	NA	NA	NA	2	0	2
10	93117092	93121833	2	2	0	2	d	4	2	0	0.05	0.1	NA	NA	NA	2	0	1	NA	NA	NA	NA	NA	NA	NA	NA	NA	NA	2	0	1	NA	NA	NA	2	0	2
10	93121834	96919988	2	2	0	2	d	4	2	0	0.0687998821367	0.12133537433	NA	NA	NA	2	0	1	NA	NA	NA	NA	NA	NA	NA	2	0	2	2	0	1	NA	NA	NA	1	0	1
10	96919989	99823214	2	2	0	2	d	4	2	0	0.0767686780543	0.116340219877	NA	NA	NA	2	0	1	NA	NA	NA	NA	NA	NA	NA	2	0	2	2	0	1	NA	NA	NA	1	0	1
10	99823215	99824810	2	2	0	2	d	3	2	0	0.05	0.1	NA	NA	NA	2	0	1	NA	NA	NA	NA	NA	NA	NA	NA	NA	NA	2	0	1	NA	NA	NA	1	0	1
10	99824811	114730539	2	2	0	3	b	5	2	0	0.0739370802799	0.130364940691	NA	NA	NA	2	0	1	NA	NA	NA	NA	NA	NA	NA	2	0	2	2	0	1	NA	NA	NA	2	0	2
10	114730540	114776574	4	4	0	1	g	NA	4	0	0.05	0.1	NA	NA	NA	3	0	1	NA	NA	NA	NA	NA	NA	NA	3	0	3	2	0	1	NA	NA	NA	2	0	2
10	114776575	135439304	2	2	0	2	d	3	2.08	0	0.0858020461808	0.140228150446	NA	NA	NA	2	0	1	NA	NA	NA	NA	NA	NA	NA	2	0	2	2	0	1	NA	NA	NA	1	0	1
11	228044	539819	2	2	0	2	d	3	2.29	0	0.0717995499576	0.464211135406	NA	NA	NA	2	0	1	NA	NA	NA	NA	NA	NA	NA	2	0	2	2	0	1	NA	NA	NA	1	0	1
11	539820	561631	1	1	0	2	d	2	2.29	0	0.05	0.1	NA	NA	NA	NA	NA	1	NA	NA	NA	NA	NA	NA	NA	1	0	1	2	0	1	NA	NA	NA	1	0	1
11	561632	582709	1	1	0	2	d	2	2.29	0	0.05	0.1	NA	NA	NA	NA	NA	NA	NA	NA	NA	NA	NA	NA	NA	1	0	1	2	0	1	NA	NA	NA	1	0	1
11	582710	603780	2	2	0	2	d	2	2.29	0	0.05	0.1	NA	NA	NA	4	0	1	NA	NA	NA	NA	NA	NA	NA	NA	NA	NA	2	0	1	NA	NA	NA	2	0	2
11	603781	27416932	2	2	0	2	d	4	2.29	0	0.0689939081373	0.221738845149	NA	NA	NA	2	0	1	NA	NA	NA	NA	NA	NA	NA	2	0	2	2	0	1	NA	NA	NA	2	0	2
11	27416933	27417531	2	2	0	1	h	1	NA	NA	NA	NA	NA	NA	NA	2	0	0.966857539475967	2	1	0.033142460524033	NA	0	0.966857539475967	0.966857539475967	NA	NA	NA	2	0	1	NA	NA	NA	4	0	4
11	27417532	27421145	2	2	0	2	d	3	NA	NA	NA	NA	NA	NA	NA	3	0	1	NA	NA	NA	NA	NA	NA	NA	2	0	2	2	0	1	NA	NA	NA	2	0	2
11	27421146	27436081	2	2	0	2	d	2	5	0	0.05	0.1	NA	NA	NA	NA	NA	NA	NA	NA	NA	NA	NA	NA	NA	NA	NA	NA	2	0	1	NA	NA	NA	2	0	2
11	27436082	47532834	2	2	0	2	d	4	2.08	0	0.0707207164827	0.12282882743	NA	NA	NA	2	0	1	NA	NA	NA	NA	NA	NA	NA	2	0	2	2	0	1	NA	NA	NA	2	0	2
11	47532835	51562242	4	2	2	2	e	3	2.08	2	0.0475406572375	0.252801466101	NA	NA	NA	2	2	1	NA	NA	NA	NA	NA	NA	NA	4	2	2	2	0	1	NA	NA	NA	3	1	2
11	51562243	55699999	4	2	2	2	f	1	2.08	2	0.0490220712107	0.759145189551	NA	NA	NA	NA	NA	NA	NA	NA	NA	NA	NA	NA	NA	5	2	3	NA	NA	NA	NA	NA	NA	3	1	2
11	55700000	65049050	4	2	2	2	d	2	2.08	2	0.0620163165019	0.254255223558	NA	NA	NA	2	2	0.802329359190175	3	2	0.197670640809825	0.0146499907838282	0.0144289834292724	0.772204663641861	0.830073572599312	4	2	2	2	2	1	NA	NA	NA	3	1	2
11	65049051	65185829	7	5	2	1	g	NA	5	2	0.05	0.1	NA	NA	NA	5	2	1	NA	NA	NA	NA	NA	NA	NA	4	1	3	2	2	1	NA	NA	NA	4	1	3
11	65185830	67220640	5	3	2	2	e	1	2	2	0.0662707316166	0.249369382084	NA	NA	NA	2	2	0.256964929531307	3	2	0.743035070468693	0.0596891240299853	0.0587771223568893	0.156530051127251	0.380850231794677	3	1	2	2	2	1	NA	NA	NA	2	0	2
11	67220641	111333823	2	2	0	3	b	5	2	0	0.0750016094766	0.125727096623	NA	NA	NA	2	0	1	NA	NA	NA	NA	NA	NA	NA	2	0	2	2	0	1	NA	NA	NA	2	0	2
11	111333824	111334029	2	2	0	2	d	4	2	0	0.05	0.1	NA	NA	NA	2	0	1	NA	NA	NA	NA	NA	NA	NA	NA	NA	NA	2	0	1	NA	NA	NA	2	0	2
11	111334030	135006515	2	2	0	2	d	4	2	0	0.079918466643	0.124974923308	NA	NA	NA	2	0	1	NA	NA	NA	NA	NA	NA	NA	2	0	2	2	0	1	NA	NA	NA	1	0	1
12	110107	188284	6	4	2	1	g	NA	4	2	0.05	0.1	NA	NA	NA	NA	NA	NA	NA	NA	NA	NA	NA	NA	NA	5	2	3	4	2	1	NA	NA	NA	4	1	3
12	188285	942409	6	4	2	2	d	3	4	2	0.0697722393397	0.23792980307	NA	NA	NA	4	2	1	NA	NA	NA	NA	NA	NA	NA	5	2	3	4	2	1	NA	NA	NA	4	1	3
12	942410	956039	6	4	2	2	d	3	4	2	0.05	0.1	NA	NA	NA	4	2	1	NA	NA	NA	NA	NA	NA	NA	NA	NA	NA	4	2	1	NA	NA	NA	4	1	3
12	956040	3768548	6	4	2	2	d	3	4	2	0.0756205130823	0.286572180823	NA	NA	NA	4	2	1	NA	NA	NA	NA	NA	NA	NA	5	2	3	4	2	1	NA	NA	NA	4	1	3
12	3768549	3770397	6	4	2	1	h	1	NA	NA	NA	NA	NA	NA	NA	1	1	0.453731017152846	2	1	0.546268982847154	NA	0	0.453731017152846	0.453731017152846	NA	NA	NA	4	2	1	NA	NA	NA	2	1	1
12	3770398	3770661	6	4	2	1	h	1	NA	NA	NA	NA	NA	NA	NA	NA	NA	NA	NA	NA	NA	NA	NA	NA	NA	NA	NA	NA	4	2	1	NA	NA	NA	2	1	1
12	3770662	33299999	4	2	2	3	b	5	2	2	0.0534994436094	0.203786711691	NA	NA	NA	2	2	1	NA	NA	NA	NA	NA	NA	NA	4	2	2	2	2	1	NA	NA	NA	4	2	2
12	33300000	38199999	4	2	2	2	d	3	2	2	0.0648353095333	0.251697570651	NA	NA	NA	2	2	1	NA	NA	NA	NA	NA	NA	NA	5	2	3	3	2	0.361231	2	2	0.638769	4	2	2
12	38200000	54888165	4	2	2	3	b	5	2	2	0.0597355023327	0.191235962548	NA	NA	NA	2	2	1	NA	NA	NA	NA	NA	NA	NA	4	2	2	2	2	1	NA	NA	NA	4	2	2
12	54888166	55144315	4	2	2	2	d	4	2	2	0.05	0.176380454056	NA	NA	NA	2	2	1	NA	NA	NA	NA	NA	NA	NA	4	2	2	2	2	1	NA	NA	NA	3	1	2
12	55144316	55266073	7	5	2	1	h	1	NA	NA	NA	NA	NA	NA	NA	5	2	1	NA	NA	NA	NA	NA	NA	NA	8	2	6	2	2	1	NA	NA	NA	8	2	6
12	55266074	72720656	4	2	2	3	b	5	2	2	0.0525302948201	0.206974558502	NA	NA	NA	2	2	1	NA	NA	NA	NA	NA	NA	NA	4	2	2	2	2	1	NA	NA	NA	4	2	2
12	72720657	72722774	4	2	2	2	d	4	2	2	0.05	0.1	NA	NA	NA	2	2	1	NA	NA	NA	NA	NA	NA	NA	NA	NA	NA	2	2	1	NA	NA	NA	4	2	2
12	72722775	101978871	4	2	2	2	d	3	2	2	0.0492217645618	0.209897089589	NA	NA	NA	2	2	1	NA	NA	NA	NA	NA	NA	NA	5	2	3	2	2	1	NA	NA	NA	6	2	4
12	101978872	102002336	6	4	2	1	g	NA	4	2	0.05	0.1	NA	NA	NA	4	2	1	NA	NA	NA	NA	NA	NA	NA	7	3	4	3	2	1	NA	NA	NA	5	1	4
12	102002337	133851894	4	2	2	2	d	3	2	2	0.0604608268064	0.210851728787	NA	NA	NA	2	2	1	NA	NA	NA	NA	NA	NA	NA	3	1	2	2	2	1	NA	NA	NA	3	1	2
13	1	16299999	1	1	0	1	h	1	NA	NA	NA	NA	NA	NA	NA	NA	NA	NA	NA	NA	NA	NA	NA	NA	NA	NA	NA	NA	NA	NA	NA	NA	NA	NA	1	0	1
13	16300000	19499999	NA	NA	NA	NA	NA	NA	2	0	0.05	0.323996352939	NA	NA	NA	2	0	1	NA	NA	NA	NA	NA	NA	NA	2	0	2	2	0	1	NA	NA	NA	1	0	1
13	19500000	21989214	2	2	0	2	d	4	2	0	0.073319281073	0.119512114933	NA	NA	NA	2	0	1	NA	NA	NA	NA	NA	NA	NA	2	0	2	2	0	1	NA	NA	NA	1	0	1
13	21989215	22137095	2	2	0	1	h	1	NA	NA	NA	NA	NA	NA	NA	2	0	1	NA	NA	NA	NA	NA	NA	NA	0	0	0	2	0	1	NA	NA	NA	1	0	1
13	22137096	46649966	2	2	0	2	d	4	2	0	0.0714124691922	0.116367115938	NA	NA	NA	2	0	1	NA	NA	NA	NA	NA	NA	NA	2	0	2	2	0	1	NA	NA	NA	1	0	1
13	46649967	46773106	4	4	0	2	d	4	4	0	0.0460218363673	0.170971699486	NA	NA	NA	4	0	1	NA	NA	NA	NA	NA	NA	NA	4	0	4	4	0	1	NA	NA	NA	3	0	3
13	46773107	49196089	2	2	0	3	b	5	2	0	0.0725282106095	0.115634582024	NA	NA	NA	2	0	1	NA	NA	NA	NA	NA	NA	NA	2	0	2	2	0	1	NA	NA	NA	2	0	2
13	49196090	49216078	2	2	0	1	h	1	NA	NA	NA	NA	NA	NA	NA	NA	NA	1	NA	NA	NA	NA	NA	NA	NA	NA	NA	NA	2	0	1	NA	NA	NA	3	0	3
13	49216079	50626143	2	2	0	2	d	4	2	0	0.054587613112	0.106284249196	NA	NA	NA	2	0	1	NA	NA	NA	NA	NA	NA	NA	2	0	2	2	0	1	NA	NA	NA	1	0	1
13	50626144	50713139	0	0	0	1	g	NA	0.4	0.4	0.05	0.07894497693	NA	NA	NA	1	0	1	NA	NA	NA	NA	NA	NA	NA	1	0	1	2	0	1	NA	NA	NA	0	0	0
13	50713140	85588780	2	2	0	2	d	3	2	0	0.0691802680866	0.129386048318	NA	NA	NA	2	0	1	NA	NA	NA	NA	NA	NA	NA	3	0	3	2	0	1	NA	NA	NA	3	0	3
13	85588781	85589824	2	2	0	2	d	3	2	0	0.05	0.1	NA	NA	NA	2	0	1	NA	NA	NA	NA	NA	NA	NA	NA	NA	NA	2	0	1	NA	NA	NA	3	0	3
13	85589825	94955687	2	2	0	2	d	3	2	0	0.0625736743559	0.114516871364	NA	NA	NA	2	0	1	NA	NA	NA	NA	NA	NA	NA	3	0	3	2	0	1	NA	NA	NA	3	0	3
13	94955688	95036702	4	4	0	2	d	3	4	0	0.0330036185484	0.159848635003	NA	NA	NA	5	0	1	NA	NA	NA	NA	NA	NA	NA	4	0	4	4	0	1	NA	NA	NA	3	0	3
13	95036703	115169877	2	2	0	2	d	4	2	0	0.0747424531676	0.126688875546	NA	NA	NA	2	0	1	NA	NA	NA	NA	NA	NA	NA	2	0	2	2	0	1	NA	NA	NA	1	0	1
14	1	16099999	4	2	2	1	h	1	NA	NA	NA	NA	NA	NA	NA	NA	NA	NA	NA	NA	NA	NA	NA	NA	NA	NA	NA	NA	NA	NA	NA	NA	NA	NA	4	2	2
14	16100000	19099999	4	2	2	1	h	1	NA	NA	NA	NA	NA	NA	NA	NA	NA	NA	NA	NA	NA	NA	NA	NA	NA	NA	NA	NA	3	2	0.791606	2	2	0.208394	4	2	2
14	19100000	21965886	4	2	2	2	d	2	2.15	2.15	0.0635409865285	0.330530480592	NA	NA	NA	2	1	0.247678356822897	2	2	0.752321643177103	0.0237245540285218	0.0230902083062716	0.18985698072299	0.280679389200019	4	2	2	3	2	0.791606	2	2	0.208394	4	2	2
14	21965887	21969819	4	2	2	2	d	2	2.15	2.15	0.05	0.1	NA	NA	NA	NA	NA	NA	NA	NA	NA	NA	NA	NA	NA	NA	NA	NA	2	2	1	NA	NA	NA	4	2	2
14	21969820	39608274	5	3	2	2	d	2	2.15	2.15	0.0539810694768	0.215979429443	NA	NA	NA	2	2	0.814241232382825	3	2	0.185758767617175	0.00894121522909214	0.00906112140717043	0.794523132818317	0.830638229094449	5	2	3	2	2	1	NA	NA	NA	5	2	3
14	39608275	39655171	6	3	3	1	g	NA	3	3	0.05	0.1	NA	NA	NA	2	1	1	NA	NA	NA	NA	NA	NA	NA	4	2	2	3	2	1	NA	NA	NA	5	2	3
14	39655172	93593925	4	2	2	2	d	2	2.15	2.15	0.0552624104552	0.228785982214	NA	NA	NA	2	2	0.79735407169035	3	2	0.20264592830965	0.00541459944616363	0.00525552856996661	0.791233231608602	0.811049392580247	4	2	2	2	2	1	NA	NA	NA	5	2	3
14	93593926	93596558	4	2	2	2	f	2	2.15	2.15	0.05	0.1	NA	NA	NA	2	1	1	NA	NA	NA	NA	NA	NA	NA	NA	NA	NA	2	2	1	NA	NA	NA	2	1	1
14	93596559	100464916	4	2	2	2	d	2	2.15	2.15	0.063103922868	0.208351730895	NA	NA	NA	2	2	0.732507374631266	3	2	0.267492625368734	0.0163077190581377	0.0161141003619918	0.670575531401079	0.732651144700469	4	2	2	2	2	1	NA	NA	NA	3	1	2
14	100464917	100533556	7	5	2	1	g	NA	5	2	0.05	0.241122549885	NA	NA	NA	5	2	1	NA	NA	NA	NA	NA	NA	NA	6	1	5	4	2	1	NA	NA	NA	5	1	4
14	100533557	107349539	4	2	2	2	e	3	2.15	2.15	0.0758611734655	0.493413210941	NA	NA	NA	2	2	0.72136184857424	3	2	0.27863815142576	0.0282198922893184	0.0277263892343453	0.693237993725635	0.80007556752367	3	1	2	2	2	1	NA	NA	NA	2	1	1
15	1	15799999	1	1	0	1	h	1	NA	NA	NA	NA	NA	NA	NA	NA	NA	NA	NA	NA	NA	NA	NA	NA	NA	NA	NA	NA	NA	NA	NA	NA	NA	NA	1	0	1
15	15800000	20699999	NA	NA	NA	NA	NA	NA	3	0	0.05	0.345186027921	NA	NA	NA	2	0	1	NA	NA	NA	NA	NA	NA	NA	NA	NA	NA	2	0	1	NA	NA	NA	1	0	1
15	20700000	25296082	2	2	0	2	d	3	2	0	0.071628556219	0.476111285414	NA	NA	NA	2	0	1	NA	NA	NA	NA	NA	NA	NA	2	0	2	2	0	0.463407	1	0	0.536593	1	0	1
15	25296083	46539971	2	2	0	2	d	4	2	0	0.075674648735	0.131818086518	NA	NA	NA	2	0	1	NA	NA	NA	NA	NA	NA	NA	2	0	2	2	0	1	NA	NA	NA	1	0	1
15	46539972	68535109	2	2	0	2	d	4	2	0	0.0737911920552	0.124252748355	NA	NA	NA	2	0	1	NA	NA	NA	NA	NA	NA	NA	2	0	2	2	0	1	NA	NA	NA	1	0	1
15	68535110	68536301	2	2	0	2	d	3	2	0	0.05	0.1	NA	NA	NA	2	0	1	NA	NA	NA	NA	NA	NA	NA	NA	NA	NA	2	0	1	NA	NA	NA	1	0	1
15	68536302	88253405	2	2	0	2	d	4	2	0	0.0815783644845	0.130841479383	NA	NA	NA	2	0	1	NA	NA	NA	NA	NA	NA	NA	2	0	2	2	0	1	NA	NA	NA	1	0	1
15	88253406	102382522	3	3	0	2	d	4	3	0	0.059535983309	0.154227046019	NA	NA	NA	3	0	1	NA	NA	NA	NA	NA	NA	NA	3	0	3	3	0	1	NA	NA	NA	2	0	2
16	100010	3067194	4	2	2	2	f	3	2	2	0.0693367112258	0.38133371314	NA	NA	NA	2	1	0.222910521140607	2	2	0.777089478859393	0.0330490313784773	0.0327851847866646	0.129484181932847	0.257099392623119	2	1	1	2	2	1	NA	NA	NA	1	0	1
16	3067195	3067350	4	2	2	2	d	2	2	2	0.05	0.1	NA	NA	NA	NA	NA	NA	NA	NA	NA	NA	NA	NA	NA	NA	NA	NA	2	2	1	NA	NA	NA	1	0	1
16	3067351	3116661	3	2	1	2	f	2	2	2	0.05	0.1	NA	NA	NA	9	4	1	NA	NA	NA	NA	NA	NA	NA	NA	NA	NA	2	0	0.171389	2	1	0.828611	3	1	2
16	3116662	3127521	1	1	0	2	d	2	2	0.88	0.05	0.1	NA	NA	NA	3	2	1	NA	NA	NA	NA	NA	NA	NA	1	0	1	2	0	0.171389	2	1	0.828611	1	0	1
16	3127522	19145129	3	2	1	2	e	3	2	0.88	0.0931972658896	0.169263822805	NA	NA	NA	2	0	0.188856112749919	2	1	0.811143887250081	0.00560691990842922	0.00590846553493115	0.146512786643763	0.169935630404511	2	1	1	2	0	0.171389	2	1	0.828611	2	0	2
16	19145130	19186356	5	3	2	1	g	1	NA	NA	NA	NA	NA	NA	NA	3	2	1	NA	NA	NA	NA	NA	NA	NA	3	1	2	2	0	0.180348	2	1	0.819652	2	0	2
16	19186357	34599999	3	2	1	2	e	3	2.08	0.85	0.0920532212765	0.237381316308	NA	NA	NA	2	0	0.188856112749919	2	1	0.811143887250081	0.00751959144356362	0.00789439517021519	0.153090325425912	0.183598819991268	2	1	1	2	0	0.180348	2	1	0.819652	2	0	2
16	34600000	38599999	NA	NA	NA	NA	NA	NA	2.08	0.85	0.05	0.263738974908	NA	NA	NA	2	1	0.858017090476207	2	2	0.141982909523793	0.21747164357138	0.290932579107742	-0.343853148472158	0.754048103068929	3	1	2	3	1	1	NA	NA	NA	2	0	2
16	38600000	46442499	2	2	0	2	f	2	2.08	0.85	0.05	0.44159501007	NA	NA	NA	NA	NA	NA	NA	NA	NA	NA	NA	NA	NA	NA	NA	NA	3	1	1	NA	NA	NA	2	0	2
16	46442500	70574034	2	2	0	2	d	3	2.15	0	0.0758479996906	0.13160316677	NA	NA	NA	2	0	1	NA	NA	NA	NA	NA	NA	NA	2	0	2	2	0	1	NA	NA	NA	1	0	1
16	70574035	70575002	2	2	0	2	d	2	NA	NA	NA	NA	NA	NA	NA	2	0	1	NA	NA	NA	NA	NA	NA	NA	NA	NA	NA	2	0	1	NA	NA	NA	1	0	1
16	70575003	87574985	2	2	0	2	d	3	2.15	0	0.0795576078284	0.138942351365	NA	NA	NA	2	0	1	NA	NA	NA	NA	NA	NA	NA	2	0	2	2	0	1	NA	NA	NA	1	0	1
16	87574986	90354752	2	2	0	2	e	3	2.15	0	0.0887937112131	0.175293353797	NA	NA	NA	2	0	1	NA	NA	NA	NA	NA	NA	NA	1	0	1	2	0	1	NA	NA	NA	0	0	0
17	7	7578216	2	2	0	2	d	3	2	0	0.0895513810103	0.137221734098	NA	NA	NA	2	0	1	NA	NA	NA	NA	NA	NA	NA	1	0	1	2	0	1	NA	NA	NA	1	0	1
17	7578217	7585240	2	2	0	2	d	3	2	0	0.05	0.1	NA	NA	NA	2	0	1	NA	NA	NA	NA	NA	NA	NA	1	0	1	2	0	1	NA	NA	NA	1	0	1
17	7585241	16049566	2	2	0	2	d	4	2	0	0.081964105545	0.166523833297	NA	NA	NA	2	0	1	NA	NA	NA	NA	NA	NA	NA	2	0	2	2	0	1	NA	NA	NA	1	0	1
17	16049567	16099565	4	2	2	2	d	3	NA	NA	NA	NA	NA	NA	NA	2	2	1	NA	NA	NA	NA	NA	NA	NA	4	2	2	2	2	1	NA	NA	NA	2	1	1
17	16099566	16151809	4	4	0	1	h	1	NA	NA	NA	NA	NA	NA	NA	4	0	1	NA	NA	NA	NA	NA	NA	NA	1	0	1	2	2	1	NA	NA	NA	1	0	1
17	16151810	22199999	4	2	2	2	f	3	2	2	0.0806778195154	0.309368733027	NA	NA	NA	2	1	0.117321326916106	2	2	0.882678673083894	0.0228960118819859	0.0235043546955022	0.0742276142885333	0.16550373918464	3	1	2	2	2	1	NA	NA	NA	2	1	1
17	22200000	26346602	4	2	2	2	d	3	2	2	0.0671245312729	0.232478974885	NA	NA	NA	NA	NA	NA	NA	NA	NA	NA	NA	NA	NA	3	1	2	2	2	1	NA	NA	NA	2	1	1
17	26346603	26348197	4	2	2	1	g	NA	2	2	0.05	0.1	NA	NA	NA	NA	NA	NA	NA	NA	NA	NA	NA	NA	NA	3	1	2	2	2	1	NA	NA	NA	2	1	1
17	26348198	41502264	4	2	2	2	f	3	2	2	0.0640969513013	0.277684064077	NA	NA	NA	2	1	0.278638151425759	2	2	0.721361848574241	0.0123869783947416	0.012629335400336	0.24388748889081	0.29382128255998	3	1	2	2	2	1	NA	NA	NA	2	1	1
17	41502265	41600496	6	3	3	2	d	3	3	3	0.05	0.271601913496	NA	NA	NA	3	3	1	NA	NA	NA	NA	NA	NA	NA	5	2	3	3	3	1	NA	NA	NA	4	2	2
17	41600497	41601926	6	3	3	1	g	NA	3	3	0.05	0.1	NA	NA	NA	3	1	0.163756729655266	3	2	0.836243270344734	0.0104841078292409	0.00731216131657252	0.153251861216462	0.174220076874944	3	1	2	3	3	1	NA	NA	NA	3	1	2
17	41601927	41649656	6	3	3	1	g	NA	3	3	0.05	0.1	NA	NA	NA	3	3	1	NA	NA	NA	NA	NA	NA	NA	3	1	2	NA	NA	NA	NA	NA	NA	4	2	2
17	41649657	44797820	5	3	2	2	d	3	3	2	0.0786466391895	0.295691428497	NA	NA	NA	3	2	1	NA	NA	NA	NA	NA	NA	NA	3	1	2	3	2	1	NA	NA	NA	3	1	2
17	44797821	62197068	5	3	2	2	d	4	3	2	0.0689870966547	0.255662608188	NA	NA	NA	3	2	1	NA	NA	NA	NA	NA	NA	NA	5	2	3	3	2	1	NA	NA	NA	4	1	3
17	62197069	62227017	5	3	2	2	d	3	3	2	0.05	0.1	NA	NA	NA	4	2	1	NA	NA	NA	NA	NA	NA	NA	5	2	3	3	2	1	NA	NA	NA	4	1	3
17	62227018	68162115	5	3	2	2	d	4	3	2	0.0699964627693	0.247280894227	NA	NA	NA	3	2	1	NA	NA	NA	NA	NA	NA	NA	5	2	3	3	2	1	NA	NA	NA	4	1	3
17	68162116	68162129	5	3	2	1	h	1	NA	NA	NA	NA	NA	NA	NA	NA	NA	NA	NA	NA	NA	NA	NA	NA	NA	NA	NA	NA	3	2	1	NA	NA	NA	3	1	2
17	68162130	69262468	4	2	2	2	e	3	2.15	2.15	0.0573014443089	0.182072741553	NA	NA	NA	2	2	1	NA	NA	NA	NA	NA	NA	NA	5	2	3	2	2	1	NA	NA	NA	3	1	2
17	69262469	80313287	4	3	1	2	e	0	2	1.32	0.0881220874871	0.199065246152	NA	NA	NA	2	1	0.743035070468699	2	2	0.256964929531301	0.0114575481980677	0.0110781406733716	0.730914634987488	0.773400150232769	2	1	1	2	1	0.635747	1	1	0.364253	1	0	1
17	80313288	80341629	3	2	1	1	h	1	NA	NA	NA	NA	NA	NA	NA	NA	NA	NA	NA	NA	NA	NA	NA	NA	NA	NA	NA	NA	2	1	1	NA	NA	NA	1	0	1
18	27500	126615	3	2	1	2	d	2	2.15	2.15	0.05	0.449701691448	NA	NA	NA	NA	NA	NA	NA	NA	NA	NA	NA	NA	NA	3	1	2	2	2	0.444839	2	1	0.555161	3	1	2
18	126616	1812079	4	2	2	2	d	2	2.15	2.15	0.0498484247867	0.226694896556	NA	NA	NA	2	1	0.103736752220562	2	2	0.896263247779438	0.0262887335932964	0.026471931742693	0.0327959608107606	0.135180941577518	4	2	2	2	2	1	NA	NA	NA	3	1	2
18	1812080	1812256	4	2	2	1	h	1	NA	NA	NA	NA	NA	NA	NA	NA	NA	NA	NA	NA	NA	NA	NA	NA	NA	NA	NA	NA	2	2	1	NA	NA	NA	9	3	6
18	1812257	1910901	6	4	2	1	g	NA	4	2	0.049732500684	0.369754310717	NA	NA	NA	4	2	1	NA	NA	NA	NA	NA	NA	NA	8	3	5	2	2	1	NA	NA	NA	9	3	6
18	1910902	14140908	4	2	2	2	d	3	2.08	2.08	0.0559879870195	0.210772025362	NA	NA	NA	2	2	1	NA	NA	NA	NA	NA	NA	NA	4	2	2	2	2	1	NA	NA	NA	3	1	2
18	14140909	15399999	4	2	2	2	d	4	2	2	0.05	0.246498895908	NA	NA	NA	NA	NA	NA	NA	NA	NA	NA	NA	NA	NA	4	2	2	2	2	1	NA	NA	NA	4	2	2
18	15400000	18999999	4	2	2	2	d	4	2	2	0.05	0.213706050605	NA	NA	NA	2	2	1	NA	NA	NA	NA	NA	NA	NA	4	2	2	2	1	1	NA	NA	NA	4	2	2
18	19000000	26883665	4	2	2	2	d	3	2.08	2.08	0.0575790277414	0.187831342261	NA	NA	NA	2	1	0.139319075712884	2	2	0.860680924287116	0.0144046570979954	0.0144552212565183	0.117156999812839	0.172800924854417	4	2	2	2	2	1	NA	NA	NA	4	2	2
18	26883666	26917300	4	2	2	2	e	3	2.08	2.08	0.05	0.1	NA	NA	NA	2	2	1	NA	NA	NA	NA	NA	NA	NA	7	3	4	2	2	1	NA	NA	NA	19	8	11
18	26917301	27386354	4	2	2	2	d	2	2.08	2.08	0.0579638830712	0.234926252687	NA	NA	NA	2	1	0.123839178411448	2	2	0.876160821588552	0.0414985937145558	0.0421746174754244	0.055286570715287	0.219744542513008	6	3	3	2	2	1	NA	NA	NA	4	2	2
18	27386355	78077247	2	2	0	2	d	4	2.15	0	0.076927917638	0.124848245437	NA	NA	NA	2	0	1	NA	NA	NA	NA	NA	NA	NA	2	0	2	2	0	1	NA	NA	NA	2	0	2
19	102500	292900	5	3	2	1	g	NA	3	2	0.05	0.1	NA	NA	NA	NA	NA	NA	NA	NA	NA	NA	NA	NA	NA	4	1	3	3	2	1	NA	NA	NA	2	1	1
19	292901	5624389	5	3	2	2	d	3	3	2	0.0809860819915	0.390568364551	NA	NA	NA	3	2	1	NA	NA	NA	NA	NA	NA	NA	2	1	1	3	2	1	NA	NA	NA	2	1	1
19	5624390	10081333	4	2	2	2	d	3	2	2	0.0747779244533	0.222823900994	NA	NA	NA	2	2	1	NA	NA	NA	NA	NA	NA	NA	3	1	2	2	2	1	NA	NA	NA	2	1	1
19	10081334	10173234	6	4	2	1	g	NA	4	2	0.05	0.1	NA	NA	NA	4	2	1	NA	NA	NA	NA	NA	NA	NA	3	1	2	2	2	1	NA	NA	NA	3	1	2
19	10173235	17942276	4	2	2	2	f	3	2	2	0.0632024563777	0.215672778943	NA	NA	NA	2	1	0.171469631646623	2	2	0.828530368353377	0.0168338684823123	0.0173418420170482	0.140608100293957	0.207396538459192	2	1	1	2	2	1	NA	NA	NA	2	1	1
19	17942277	17964955	4	2	2	1	g	NA	2	2	0.05	0.1	NA	NA	NA	4	2	1	NA	NA	NA	NA	NA	NA	NA	3	1	2	2	2	1	NA	NA	NA	3	1	2
19	17964956	24384987	4	2	2	2	d	3	2	2	0.0663979596966	0.234026573946	NA	NA	NA	2	2	1	NA	NA	NA	NA	NA	NA	NA	3	1	2	2	2	1	NA	NA	NA	2	1	1
19	24384988	28599999	4	2	2	1	g	NA	2	2	0.0483679008115	0.281525823269	NA	NA	NA	NA	NA	NA	NA	NA	NA	NA	NA	NA	NA	4	2	2	4	3	1	NA	NA	NA	2	1	1
19	28600000	33532517	4	2	2	2	f	3	2	2	0.0621753332959	0.195630933871	NA	NA	NA	2	1	0.106072196311772	2	2	0.893927803688228	0.0163020524048692	0.0167645056495075	0.0745386214490362	0.138378891070188	3	1	2	2	2	1	NA	NA	NA	2	1	1
19	33532518	33562919	4	2	2	1	g	NA	2	2	0.05	0.1	NA	NA	NA	3	2	0.513929859062603	4	2	0.486070140937397	0.197900093511831	0.190179820876649	0.202221558352111	0.950469616328093	4	2	2	4	2	1	NA	NA	NA	3	1	2
19	33562920	33564174	4	2	2	1	g	NA	2	2	0.05	0.1	NA	NA	NA	2	2	1	NA	NA	NA	NA	NA	NA	NA	NA	NA	NA	4	2	1	NA	NA	NA	3	1	2
19	33564175	33600346	4	2	2	1	g	NA	2	2	0.05	0.1	NA	NA	NA	4	2	1	NA	NA	NA	NA	NA	NA	NA	4	1	3	4	2	1	NA	NA	NA	3	1	2
19	33600347	36971058	4	2	2	2	f	3	2	2	0.0624479259392	0.198206928663	NA	NA	NA	2	1	0.139319075712884	2	2	0.860680924287116	0.0286140452466252	0.02948523181121	0.0980046781479602	0.211334093373044	3	1	2	2	2	1	NA	NA	NA	2	1	1
19	36971059	36981494	4	2	2	2	d	2	2	2	0.05	0.1	NA	NA	NA	3	0	0.870315743472086	3	1	0.129684256527914	NA	0	0.870315743472086	0.870315743472086	NA	NA	NA	2	2	1	NA	NA	NA	1	0	1
19	36981495	55869087	4	2	2	2	f	3	2	2	0.0665699285707	0.238084796914	NA	NA	NA	2	1	0.148607014093741	2	2	0.851392985906259	0.010656965710534	0.010734785462809	0.123899369424745	0.166313715852516	3	1	2	2	2	1	NA	NA	NA	2	1	1
19	55869088	55926912	4	2	2	1	g	NA	2	2	0.05	0.1	NA	NA	NA	5	1	1	NA	NA	NA	NA	NA	NA	NA	3	1	2	2	2	1	NA	NA	NA	2	1	1
19	55926913	59128982	4	2	2	2	d	3	2	2	0.0619764412718	0.209406738013	NA	NA	NA	2	2	1	NA	NA	NA	NA	NA	NA	NA	3	1	2	2	2	1	NA	NA	NA	2	1	1
20	79635	14981550	4	2	2	2	d	3	2	2	0.0581275917112	0.188934528748	NA	NA	NA	NA	NA	NA	NA	NA	NA	NA	NA	NA	NA	4	2	2	2	2	1	NA	NA	NA	NA	NA	NA
20	14981551	15072031	3	2	1	2	d	3	2	1	0.05	0.160816818838	NA	NA	NA	NA	NA	NA	NA	NA	NA	NA	NA	NA	NA	3	1	2	2	1	1	NA	NA	NA	NA	NA	NA
20	15072032	15261527	1	1	0	2	d	2	0.85	0	0.0652425678551	0.0805197032383	NA	NA	NA	NA	NA	NA	NA	NA	NA	NA	NA	NA	NA	1	0	1	1	0	1	NA	NA	NA	NA	NA	NA
20	15261528	15339621	2	2	0	2	d	2	2	0	0.05	0.120003849273	NA	NA	NA	NA	NA	NA	NA	NA	NA	NA	NA	NA	NA	3	0	3	2	0	1	NA	NA	NA	NA	NA	NA
20	15339622	25599999	4	2	2	2	d	4	2	2	0.0580298336253	0.186293916471	NA	NA	NA	2	2	1	NA	NA	NA	NA	NA	NA	NA	4	2	2	2	2	1	NA	NA	NA	3	1	2
20	25600000	29399999	4	2	2	2	d	3	2	2	0.05	0.327603876937	NA	NA	NA	2	2	1	NA	NA	NA	NA	NA	NA	NA	5	2	3	2	2	1	NA	NA	NA	3	1	2
20	29400000	32279687	4	2	2	1	g	NA	2	2	0.0663208401145	0.313375404793	NA	NA	NA	2	1	0.139319075712884	2	2	0.860680924287116	0.0400746560693038	0.0394932987082561	0.128914895149253	0.280659707129608	3	1	2	2	2	1	NA	NA	NA	3	1	2
20	32279688	32330798	6	4	2	2	d	3	4	2	0.05	0.1	NA	NA	NA	4	2	1	NA	NA	NA	NA	NA	NA	NA	4	1	3	4	2	1	NA	NA	NA	3	1	2
20	32330799	35476408	4	2	2	2	e	3	1.92	1.88	0.0722412777379	0.191309216618	NA	NA	NA	2	2	1	NA	NA	NA	NA	NA	NA	NA	3	1	2	2	2	1	NA	NA	NA	2	1	1
20	35476409	35554523	4	2	2	1	g	NA	1.92	1.88	0.05	0.1	NA	NA	NA	5	2	1	NA	NA	NA	NA	NA	NA	NA	NA	NA	NA	2	2	1	NA	NA	NA	3	1	2
20	35554524	41362671	4	2	2	2	d	3	1.92	1.88	0.0588089370488	0.179924011038	NA	NA	NA	2	2	1	NA	NA	NA	NA	NA	NA	NA	4	2	2	2	2	1	NA	NA	NA	3	1	2
20	41362672	48817555	4	2	2	1	g	NA	2.68	1.85	0.0734566367698	0.233323288535	NA	NA	NA	3	2	1	NA	NA	NA	NA	NA	NA	NA	4	2	2	3	2	1	NA	NA	NA	3	1	2
20	48817556	48861795	6	3	3	2	d	3	3	3	0.05	0.1	NA	NA	NA	3	3	1	NA	NA	NA	NA	NA	NA	NA	4	2	2	3	3	1	NA	NA	NA	4	1	3
20	48861796	48864493	6	3	3	2	d	2	3	3	0.05	0.1	NA	NA	NA	4	1	0.718710493046777	4	2	0.281289506953223	NA	0	0.718710493046777	0.718710493046777	NA	NA	NA	3	3	1	NA	NA	NA	2	0	2
20	48864494	49062606	6	3	3	1	g	NA	3	3	0.0617742582486	0.283343174773	NA	NA	NA	4	3	1	NA	NA	NA	NA	NA	NA	NA	4	2	2	4	3	1	NA	NA	NA	4	1	3
20	49062607	60033113	5	3	2	2	f	3	2.76	2	0.0655238980646	0.231303453309	NA	NA	NA	3	2	1	NA	NA	NA	NA	NA	NA	NA	4	2	2	3	2	1	NA	NA	NA	4	1	3
20	60033114	60034911	5	3	2	2	d	2	2.76	2	0.05	0.1	NA	NA	NA	3	2	1	NA	NA	NA	NA	NA	NA	NA	NA	NA	NA	3	2	1	NA	NA	NA	1	0	0
20	60034912	63025519	4	2	2	1	g	NA	2.76	2	0.0919004999909	0.36725916698	NA	NA	NA	3	2	1	NA	NA	NA	NA	NA	NA	NA	2	1	1	3	2	1	NA	NA	NA	2	1	1
21	1	10899999	NA	NA	NA	NA	NA	NA	2	1	0.05	0.433542188488	NA	NA	NA	NA	NA	NA	NA	NA	NA	NA	NA	NA	NA	NA	NA	NA	3	1	1	NA	NA	NA	NA	NA	NA
21	10900000	15224490	3	2	1	2	d	2	2	1	0.05	0.273085930733	NA	NA	NA	NA	NA	NA	NA	NA	NA	NA	NA	NA	NA	3	1	2	3	1	1	NA	NA	NA	NA	NA	NA
21	15224491	15785187	3	2	1	2	d	4	2	1	0.0804656084548	0.182369329714	NA	NA	NA	2	1	1	NA	NA	NA	NA	NA	NA	NA	3	1	2	2	1	1	NA	NA	NA	NA	NA	NA
21	15785188	48129894	2	2	0	2	d	3	2.08	0	0.0780158115008	0.134260055502	NA	NA	NA	2	0	1	NA	NA	NA	NA	NA	NA	NA	2	0	2	2	0	1	NA	NA	NA	NA	NA	NA
22	1	12199999	1	1	0	1	h	1	NA	NA	NA	NA	NA	NA	NA	NA	NA	NA	NA	NA	NA	NA	NA	NA	NA	NA	NA	NA	NA	NA	NA	NA	NA	NA	1	0	1
22	12200000	17899999	NA	NA	NA	NA	NA	NA	2.08	0	0.0891462029118	0.209175350448	NA	NA	NA	2	0	1	NA	NA	NA	NA	NA	NA	NA	2	0	2	2	0	1	NA	NA	NA	1	0	1
22	17900000	21306345	2	2	0	2	e	3	2.08	0	0.0926193754245	0.160014139281	NA	NA	NA	2	0	1	NA	NA	NA	NA	NA	NA	NA	1	0	1	2	0	1	NA	NA	NA	1	0	1
22	21306346	26423485	2	1	1	2	d	2	2	1.4	0.0859699773408	0.206290657383	NA	NA	NA	2	1	0.636887203258882	2	2	0.363112796741118	0.0168493885555083	0.017298587126575	0.55055827526768	0.620055387085921	2	1	1	2	2	0.388048	2	1	0.611952	2	1	1
22	26423486	35714600	2	1	1	2	d	2	1.4	1.4	0.0774063931485	0.151310518336	NA	NA	NA	1	1	0.836119305145854	2	1	0.163880694854146	0.0102597057125074	0.0101879212543313	0.801778236338865	0.842520502811086	2	1	1	1	1	1	NA	NA	NA	1	0	1
22	35714601	35732318	2	1	1	1	h	1	NA	NA	NA	NA	NA	NA	NA	NA	NA	NA	NA	NA	NA	NA	NA	NA	NA	NA	NA	NA	1	1	1	NA	NA	NA	1	0	1
22	35732319	51304565	2	1	1	2	d	2	1.4	1.4	0.0873815255743	0.191732516899	NA	NA	NA	1	1	0.779816735134612	2	1	0.220183264865388	0.00998393134354525	0.00964225663514119	0.754428434552817	0.792555191966837	2	1	1	1	1	1	NA	NA	NA	1	0	1
X	1	58099999	1	1	0	2	e	1	0.75	0	0.0864178194776	0.199921556092	NA	NA	NA	NA	NA	NA	NA	NA	NA	NA	NA	NA	NA	2	0	2	NA	NA	NA	NA	NA	NA	3	0	3
X	58100000	62999999	1	1	0	2	e	1	0.75	0	0.05	0.28989575207	NA	NA	NA	NA	NA	NA	NA	NA	NA	NA	NA	NA	NA	2	0	2	NA	NA	NA	NA	NA	NA	NA	NA	NA
X	63000000	86309359	1	1	0	2	e	1	0.75	0	0.05	0.15753636901	NA	NA	NA	NA	NA	NA	NA	NA	NA	NA	NA	NA	NA	2	0	2	NA	NA	NA	NA	NA	NA	NA	NA	NA
X	86309360	150530243	1	1	0	2	e	1	1.22	0	0.05	0.242735603023	NA	NA	NA	NA	NA	NA	NA	NA	NA	NA	NA	NA	NA	3	0	3	NA	NA	NA	NA	NA	NA	NA	NA	NA
X	150530244	155270559	1	1	0	2	e	1	2.5	0	0.05	0.436029757977	NA	NA	NA	NA	NA	NA	NA	NA	NA	NA	NA	NA	NA	5	0	5	NA	NA	NA	NA	NA	NA	7	0	7
Y	1	11599999	NA	NA	NA	NA	NA	NA	NA	NA	NA	NA	NA	NA	NA	NA	NA	NA	NA	NA	NA	NA	NA	NA	NA	NA	NA	NA	NA	NA	NA	NA	NA	NA	3	0	3
Y	11600000	13399999	NA	NA	NA	NA	NA	NA	NA	NA	NA	NA	NA	NA	NA	NA	NA	NA	NA	NA	NA	NA	NA	NA	NA	NA	NA	NA	NA	NA	NA	NA	NA	NA	3	0	3
Y	13400000	59373565	NA	NA	NA	NA	NA	NA	NA	NA	NA	NA	NA	NA	NA	NA	NA	NA	NA	NA	NA	NA	NA	NA	NA	NA	NA	NA	NA	NA	NA	NA	NA	NA	3	0	3
