chromosome	start	end	total_cn	major_cn	minor_cn	star	level	methods_agree	absolute_broad_major_cn	absolute_broad_minor_cn	absolute_broad_het_error	absolute_broad_cov_error	aceseq_copy_number	aceseq_minor_cn	aceseq_major_cn	battenberg_nMaj1_A	battenberg_nMin1_A	battenberg_frac1_A	battenberg_nMaj2_A	battenberg_nMin2_A	battenberg_frac2_A	battenberg_SDfrac_A	battenberg_SDfrac_A_BS	battenberg_frac1_A_0.025	battenberg_frac1_A_0.975	clonehd_copy_number	clonehd_minor_cn	clonehd_major_cn	sclust_nMaj1_A	sclust_nMin1_A	sclust_frac1_A	sclust_nMaj2_A	sclust_nMin2_A	sclust_frac2_A	jabba_copy_number	jabba_minor_cn	jabba_major_cn
1	10001	12840747	1	1	0	2	d	5	1.06	0	0.0950522181511	0.200802663298	1	0	1	1	0	1	NA	NA	NA	NA	NA	NA	NA	1	0	1	1	0	1	NA	NA	NA	1	0	1
1	12840748	12842500	1	1	0	2	d	5	0.59	0	0.05	0.1	1	0	1	1	0	1	NA	NA	NA	NA	NA	NA	NA	1	0	1	1	0	1	NA	NA	NA	1	0	1
1	12842501	12936654	1	1	0	2	d	4	0.59	0	0.05	0.932160590279	NA	NA	NA	1	0	1	NA	NA	NA	NA	NA	NA	NA	1	0	1	1	0	1	NA	NA	NA	1	0	1
1	12936655	57259985	1	1	0	2	d	5	1.06	0	0.087055657599	0.190541115247	1	0	1	1	0	1	NA	NA	NA	NA	NA	NA	NA	1	0	1	1	0	1	NA	NA	NA	1	0	1
1	57259986	74709800	2	1	1	3	a	6	1	1	0.0494870371603	0.195132111409	2	1	1	1	1	1	NA	NA	NA	NA	NA	NA	NA	2	1	1	1	1	1	NA	NA	NA	2	1	1
1	74709801	81395312	2	1	1	3	a	6	1	1	0.0465138099278	0.188500666744	2	1	1	1	1	1	NA	NA	NA	NA	NA	NA	NA	2	1	1	1	1	1	NA	NA	NA	2	1	1
1	81395313	82000899	1	1	0	3	a	6	1	0	0.0743668194938	0.114084816477	1	0	1	1	0	1	NA	NA	NA	NA	NA	NA	NA	1	0	1	1	0	1	NA	NA	NA	1	0	1
1	82000900	82004186	1	1	0	2	d	3	2	1	0.05	0.1	1	0	1	NA	NA	NA	NA	NA	NA	NA	NA	NA	NA	NA	NA	NA	1	0	1	NA	NA	NA	1	0	1
1	82004187	84715835	3	2	1	3	b	6	2	1	0.0591522204051	0.265679406583	3	1	2	2	1	1	NA	NA	NA	NA	NA	NA	NA	4	2	2	2	1	1	NA	NA	NA	3	1	2
1	84715836	84895295	4	3	1	2	d	4	3	1	0.05	0.294146534423	4.16169	0.951099192	3.2105906	2	1	0.311402411567517	3	1	0.688597588432483	0.488657057083464	0.254873691225303	0.847743756041187	1.85918653469965	4	1	3	3	1	1	NA	NA	NA	4	1	3
1	84895296	84897333	4	3	1	2	d	2	NA	NA	NA	NA	4.16169	0.951099192	3.2105906	NA	NA	NA	NA	NA	NA	NA	NA	NA	NA	NA	NA	NA	3	1	1	NA	NA	NA	4	1	3
1	84897334	102767284	2	1	1	3	a	6	1	1	0.0513898747586	0.204198555768	2	1	1	1	1	1	NA	NA	NA	NA	NA	NA	NA	2	1	1	1	1	1	NA	NA	NA	2	1	1
1	102767285	121317938	1	1	0	3	a	6	1	0	0.0826432632741	0.150502329194	1	0	1	1	0	1	NA	NA	NA	NA	NA	NA	NA	1	0	1	1	0	1	NA	NA	NA	1	0	1
1	121317939	128899999	NA	NA	NA	NA	NA	NA	1	0	0.05	1.2992316143	1	0	1	1	0	1	NA	NA	NA	NA	NA	NA	NA	1	0	1	2	0	0.637554	2	1	0.362446	2	0	2
1	128900000	144936745	2	2	0	1	g	NA	1.7	0.59	0.05	1.10523882788	NA	NA	NA	NA	NA	NA	NA	NA	NA	NA	NA	NA	NA	3	1	2	2	0	0.637554	2	1	0.362446	2	0	2
1	144936746	146479201	3	2	1	2	d	3	1.7	0.59	0.05	0.280508899866	3	1	2	2	1	0.848912217908441	2	2	0.151087782091559	0.160170928828881	0.191367877004933	0.11322274570353	0.903729739777702	3	1	2	2	1	1	NA	NA	NA	2	0	2
1	146479202	149342499	4	3	1	2	d	2	1.7	0.59	0.058864443386	1.63718691787	3.727606	1.003814953	2.7237911	2	1	0.248861760144101	3	1	0.751138239855899	0.0413945525751514	0.0409844210007345	0.235128905459073	0.397172549644688	4	1	3	3	1	1	NA	NA	NA	2	0	2
1	149342500	152128366	3	2	1	2	d	2	1.7	0.7	0.0696100256766	0.301413257014	3.240348	0.960011527	2.2803362	2	1	0.617522442219025	3	1	0.382477557780975	0.0380169867481985	0.0389685184990994	0.560771285471742	0.712357430554816	3	1	2	3	1	0.391655	2	1	0.608345	3	1	2
1	152128367	152332062	4	3	1	2	d	2	1.7	0.7	0.05	0.463880969864	3.240348	0.960011527	2.2803362	2	1	0.528467262190729	3	1	0.471532737809271	0.0253104846715668	0.0245547923151223	0.479144997365166	0.575361052969725	4	1	3	3	1	1	NA	NA	NA	3	1	2
1	152332063	155481015	3	2	1	2	d	2	2	0.7	0.0706782712232	0.24878134663	3.479606	0.999413881	2.480192	2	1	0.528467262190729	3	1	0.471532737809271	0.0253104846715668	0.0245547923151223	0.479144997365166	0.575361052969725	3	1	2	3	1	0.531872	2	1	0.468128	3	1	2
1	155481016	173321950	3	2	1	2	d	2	1.63	0.7	0.0661166474545	0.2876518079	3.305063	0.999304632	2.3057579	2	1	0.659843183783743	3	1	0.340156816216257	0.00950734362205363	0.00914968385024562	0.663089717300699	0.699438963872584	3	1	2	3	1	0.355041	2	1	0.644959	3	1	2
1	173321951	173326387	3	2	1	2	d	3	1.56	0.7	0.05	0.1	3.305063	0.999304632	2.3057579	NA	NA	NA	NA	NA	NA	NA	NA	NA	NA	3	1	2	2	1	1	NA	NA	NA	3	1	2
1	173326388	178597545	3	2	1	2	d	4	1.56	0.7	0.0675817843986	0.202469951412	3	1	2	2	1	0.853421390570538	3	1	0.146578609429462	0.0169735067480959	0.0166591976302739	0.840838144274626	0.908193794411331	3	1	2	2	1	1	NA	NA	NA	3	1	2
1	178597546	181241063	3	2	1	2	d	3	1.3	0.7	0.0693729205551	0.234232548871	2.625082	0.916768895	1.7083129	2	1	1	NA	NA	NA	NA	NA	NA	NA	3	1	2	2	1	1	NA	NA	NA	2	1	1
1	181241064	183460002	2	1	1	2	d	2	1	0.7	0.0634302146101	0.173343788344	2.448133	0.956992652	1.4911405	1	1	0.374593485765748	2	1	0.625406514234252	0.0236929813182534	0.0227877256626428	0.393109682787843	0.482397181268176	2	1	1	2	1	0.560144	1	1	0.439856	2	1	1
1	183460003	185579674	2	1	1	2	d	3	0.74	0.74	0.0514823457717	0.132445534792	2.175398	0.933947155	1.2414511	1	1	0.670838676718814	2	1	0.329161323281186	0.0212266723870438	0.021339721454556	0.639507566260173	0.722920323066337	2	1	1	1	1	1	NA	NA	NA	2	1	1
1	185579675	187694746	3	2	1	2	d	2	1	0.59	0.0614403512523	0.146306349038	2.411704	0.975384661	1.436319	1	1	0.530945114324309	2	1	0.469054885675691	0.019646078829447	0.0198767166118819	0.512054675835609	0.589418820261946	3	1	2	1	1	1	NA	NA	NA	3	1	2
1	187694747	191888783	3	2	1	2	d	2	0.74	0.74	0.0509316657741	0.15518927329	2.123023	1.061511474	1.0615115	1	1	0.861020774614612	2	1	0.138979225385388	0.00997850030867636	0.0096148709190215	0.843086868658893	0.880928762925523	3	1	2	1	1	1	NA	NA	NA	3	1	2
1	191888784	194331026	3	2	1	2	d	3	1.41	0.82	0.062705696316	0.183913841285	3	1	2	1	1	0.213013527667793	2	1	0.786986472332207	0.00439435758989946	0.00447942388081642	0.204415511973143	0.222069269053746	4	2	2	2	1	1	NA	NA	NA	3	1	2
1	194331027	194333727	3	2	1	2	d	4	1.41	0.82	0.05	0.1	3	1	2	1	1	0.213013527667793	2	1	0.786986472332207	0.00439435758989946	0.00447942388081642	0.204415511973143	0.222069269053746	3	1	2	2	1	1	NA	NA	NA	3	1	2
1	194333728	247249600	3	2	1	2	d	3	1.41	0.82	0.0655554351893	0.237942092057	2.940668	1.061157587	1.8795105	1	1	0.213013527667793	2	1	0.786986472332207	0.00439435758989946	0.00447942388081642	0.204415511973143	0.222069269053746	3	1	2	2	1	1	NA	NA	NA	3	1	2
1	247249601	249250620	3	2	1	2	d	4	NA	NA	NA	NA	3	1	2	2	1	0.916997900487168	2	2	0.0830020995128318	0.0144430115789808	0.0147797946507365	0.882844315949105	0.940931142669065	3	1	2	2	1	1	NA	NA	NA	3	1	2
2	11834	81187589	2	1	1	3	a	6	1	1	0.0538262791726	0.202268664066	2	1	1	1	1	1	NA	NA	NA	NA	NA	NA	NA	2	1	1	1	1	1	NA	NA	NA	2	1	1
2	81187590	81198926	2	1	1	2	d	4	1	1	0.05	0.1	2	1	1	2	1	0.543299696526879	2	2	0.456700303473121	NA	0	0.543299696526879	0.543299696526879	NA	NA	NA	1	1	1	NA	NA	NA	2	1	1
2	81198927	90499999	2	1	1	2	d	5	1	1	0.0506735104922	0.257926456033	2	1	1	1	0	0.0521172095195192	1	1	0.947882790480481	0.00878382852385899	0.0087345337006696	0.0320476641279848	0.0666289788995019	2	1	1	1	1	1	NA	NA	NA	2	1	1
2	90500000	96799999	2	1	1	3	b	5	1	1	0.0706076195825	0.309598344522	2	1	1	NA	NA	NA	NA	NA	NA	NA	NA	NA	NA	2	1	1	1	1	1	NA	NA	NA	2	1	1
2	96800000	132961981	2	1	1	3	a	6	1	1	0.0558637235976	0.237158291837	2	1	1	1	1	1	NA	NA	NA	NA	NA	NA	NA	2	1	1	1	1	1	NA	NA	NA	2	1	1
2	132961982	157970037	2	1	1	3	a	6	1	1	0.0502697511299	0.197530304156	2	1	1	1	1	1	NA	NA	NA	NA	NA	NA	NA	2	1	1	1	1	1	NA	NA	NA	2	1	1
2	157970038	157976557	2	1	1	3	b	5	1	1	0.05	0.1	2	1	1	1	1	1	NA	NA	NA	NA	NA	NA	NA	NA	NA	NA	1	1	1	NA	NA	NA	2	1	1
2	157976558	185141220	2	1	1	3	a	6	1	1	0.0505272970541	0.209214682496	2	1	1	1	1	1	NA	NA	NA	NA	NA	NA	NA	2	1	1	1	1	1	NA	NA	NA	2	1	1
2	185141221	194094923	2	1	1	3	a	6	1	1	0.0521678825687	0.233163454083	2	1	1	1	1	1	NA	NA	NA	NA	NA	NA	NA	2	1	1	1	1	1	NA	NA	NA	2	1	1
2	194094924	194099687	2	1	1	2	d	3	1	1	0.05	0.1	2	1	1	1	0	0.244308800720467	2	0	0.755691199279533	NA	0	0.244308800720467	0.244308800720467	NA	NA	NA	1	1	1	NA	NA	NA	1	0	1
2	194099688	195009601	2	1	1	3	b	6	1	1	0.0360475699297	0.227485019765	2	1	1	1	1	1	NA	NA	NA	NA	NA	NA	NA	3	1	2	1	1	1	NA	NA	NA	2	1	1
2	195009602	235837306	2	1	1	3	a	6	1	1	0.0533899800803	0.218143053568	2	1	1	1	1	1	NA	NA	NA	NA	NA	NA	NA	2	1	1	1	1	1	NA	NA	NA	2	1	1
2	235837307	235838843	2	1	1	3	b	5	1	1	0.05	0.1	2	1	1	1	1	1	NA	NA	NA	NA	NA	NA	NA	NA	NA	NA	1	1	1	NA	NA	NA	2	1	1
2	235838844	242951000	2	1	1	3	a	6	1	1	0.0636439451029	0.248255527332	2	1	1	1	1	1	NA	NA	NA	NA	NA	NA	NA	2	1	1	1	1	1	NA	NA	NA	2	1	1
3	62309	42380423	3	2	1	3	a	6	2	1	0.0665157080462	0.314414411474	3	1	2	2	1	1	NA	NA	NA	NA	NA	NA	NA	3	1	2	2	1	1	NA	NA	NA	3	1	2
3	42380424	86352074	2	1	1	3	a	6	1	1	0.0540178843094	0.206707738853	2	1	1	1	1	1	NA	NA	NA	NA	NA	NA	NA	2	1	1	1	1	1	NA	NA	NA	2	1	1
3	86352075	87899999	2	1	1	3	a	6	1	1	0.0475902638347	0.186267891641	2	1	1	1	1	1	NA	NA	NA	NA	NA	NA	NA	2	1	1	1	1	1	NA	NA	NA	2	1	1
3	87900000	93899999	2	1	1	2	d	3	1	1	0.0481155290714	0.198674886599	2.403688	1.201844106	1.2018441	NA	NA	NA	NA	NA	NA	NA	NA	NA	NA	3	1	2	1	1	1	NA	NA	NA	2	1	1
3	93900000	97097651	2	1	1	3	b	6	1	1	0.0497733584543	0.190305697229	2	1	1	1	1	1	NA	NA	NA	NA	NA	NA	NA	3	1	2	1	1	1	NA	NA	NA	2	1	1
3	97097652	97105202	2	1	1	3	b	5	1	1	0.05	0.1	2	1	1	1	1	1	NA	NA	NA	NA	NA	NA	NA	NA	NA	NA	1	1	1	NA	NA	NA	2	1	1
3	97105203	197847500	2	1	1	3	a	6	1	1	0.0522415683793	0.210254831934	2	1	1	1	1	1	NA	NA	NA	NA	NA	NA	NA	2	1	1	1	1	1	NA	NA	NA	2	1	1
4	41306	9454636	1	1	0	2	d	5	1.1	0	0.0965385950667	0.190808801736	1	0	1	1	0	1	NA	NA	NA	NA	NA	NA	NA	1	0	1	1	0	1	NA	NA	NA	1	0	1
4	9454637	35596146	1	1	0	3	a	6	1	0	0.0782233575283	0.145931866288	1	0	1	1	0	1	NA	NA	NA	NA	NA	NA	NA	1	0	1	1	0	1	NA	NA	NA	1	0	1
4	35596147	35596348	1	1	0	3	b	5	1	0	0.05	0.1	1	0	1	NA	NA	NA	NA	NA	NA	NA	NA	NA	NA	1	0	1	1	0	1	NA	NA	NA	1	0	1
4	35596349	35775953	6	5	1	1	g	NA	1	0	0.05	0.10244005092	NA	NA	NA	NA	NA	NA	NA	NA	NA	NA	NA	NA	NA	NA	NA	NA	5	1	1	NA	NA	NA	NA	NA	NA
4	35775954	48199999	6	5	1	2	d	3	5.06	1	0.0436902362744	0.543474805364	5.766193	1.022164981	4.7440277	5	1	1	NA	NA	NA	NA	NA	NA	NA	6	1	5	5	1	1	NA	NA	NA	5	1	4
4	48200000	52699999	NA	NA	NA	NA	NA	NA	4.63	1	0.0494859912055	1.28363033633	5.259858	0.97153597	4.2883216	NA	NA	NA	NA	NA	NA	NA	NA	NA	NA	5	1	4	4	1	1	NA	NA	NA	5	1	4
4	52700000	55818455	5	4	1	2	d	2	4.63	1	0.0443339653528	0.489875241629	5.221381	0.9808823	4.2404987	4	1	0.644051072533053	5	1	0.355948927466947	0.0446283362962257	0.0431940245647852	0.649199774196292	0.8198152735046	6	1	5	4	1	1	NA	NA	NA	5	1	4
4	55818456	58597482	6	5	1	2	d	4	5	1	0.0429801198	0.4622989355	5.67497	0.994253294	4.6807169	5	1	1	NA	NA	NA	NA	NA	NA	NA	6	1	5	5	1	1	NA	NA	NA	5	1	4
4	58597483	59528166	6	5	1	1	g	NA	5	1	0.0370312044387	0.456259741782	5.85797	1.083579059	4.7743905	4	1	0.474981465225131	5	1	0.525018534774869	0.0552393069827175	0.055463794905843	0.407181717210498	0.633304145078914	7	1	6	5	1	1	NA	NA	NA	5	1	4
4	59528167	65975940	1	1	0	2	d	5	1.06	0	0.0722140739002	0.130796957066	1	0	1	1	0	1	NA	NA	NA	NA	NA	NA	NA	1	0	1	1	0	1	NA	NA	NA	1	0	1
4	65975941	66192714	1	1	0	2	d	3	1.06	0	0.05	0.298608444202	1.229797	0.044020609	1.1857768	1	0	1	NA	NA	NA	NA	NA	NA	NA	1	0	1	1	0	1	NA	NA	NA	2	1	1
4	66192715	71269601	2	1	1	2	d	4	1	1	0.0503000982619	0.244992845204	2.175202	1.087600878	1.0876009	1	1	1	NA	NA	NA	NA	NA	NA	NA	3	1	2	1	1	1	NA	NA	NA	2	1	1
4	71269602	72704603	2	1	1	3	a	6	1	1	0.0533069022954	0.18145991527	2	1	1	1	1	1	NA	NA	NA	NA	NA	NA	NA	2	1	1	1	1	1	NA	NA	NA	2	1	1
4	72704604	191154275	1	1	0	3	a	6	1	0	0.0780077642282	0.138333931361	1	0	1	1	0	1	NA	NA	NA	NA	NA	NA	NA	1	0	1	1	0	1	NA	NA	NA	1	0	1
5	22500	28823840	2	1	1	2	d	5	0.94	0.94	0.0555843978447	0.202920273301	2	1	1	1	1	1	NA	NA	NA	NA	NA	NA	NA	2	1	1	1	1	1	NA	NA	NA	2	1	1
5	28823841	28831062	2	1	1	2	d	4	0.94	0.94	0.05	0.1	2	1	1	1	1	1	NA	NA	NA	NA	NA	NA	NA	NA	NA	NA	1	1	1	NA	NA	NA	2	1	1
5	28831063	45912202	2	1	1	2	d	5	0.94	0.94	0.052187011157	0.179928792431	2	1	1	1	1	1	NA	NA	NA	NA	NA	NA	NA	2	1	1	1	1	1	NA	NA	NA	2	1	1
5	45912203	50699999	2	1	1	2	d	3	0.94	0.94	0.0512484381095	0.2882097941	3.656136	1.82806815	1.8280682	NA	NA	NA	NA	NA	NA	NA	NA	NA	NA	2	1	1	1	1	1	NA	NA	NA	2	1	1
5	50700000	98456042	2	1	1	2	d	5	0.94	0.94	0.0523398006712	0.243458314896	2	1	1	1	1	1	NA	NA	NA	NA	NA	NA	NA	2	1	1	1	1	1	NA	NA	NA	2	1	1
5	98456043	98563668	2	1	1	2	d	2	1	1	0.0476442806697	0.182893443197	3.155484	1.577741941	1.5777419	1	0	0.0527869543831529	1	1	0.947213045616847	0.00340187248376736	0.00347992094276808	0.045724819657119	0.0592669139486986	3	1	2	2	1	0.0438578	1	1	0.956142	2	1	1
5	98563669	121566919	2	1	1	2	d	5	1	1	0.0531369670902	0.260376629776	2	1	1	1	0	0.0527869543831529	1	1	0.947213045616847	0.00340187248376736	0.00347992094276808	0.045724819657119	0.0592669139486986	2	1	1	1	1	1	NA	NA	NA	2	1	1
5	121566920	121572219	2	1	1	2	d	4	1	1	0.05	0.1	2	1	1	1	0	0.0527869543831529	1	1	0.947213045616847	0.00340187248376736	0.00347992094276808	0.045724819657119	0.0592669139486986	NA	NA	NA	1	1	1	NA	NA	NA	2	1	1
5	121572220	135172178	2	1	1	2	d	4	1	1	0.0552456860626	0.235017676913	1.879044	0.939521974	0.939522	1	0	0.0527869543831529	1	1	0.947213045616847	0.00340187248376736	0.00347992094276808	0.045724819657119	0.0592669139486986	2	1	1	1	1	1	NA	NA	NA	2	1	1
5	135172179	180662500	2	1	1	2	d	4	1	1	0.0562585524458	0.283864740722	1.859289	0.929644622	0.9296446	1	0	0.073577236968735	1	1	0.926422763031265	0.00322836282420513	0.00319564291888933	0.0650578547421647	0.0774768474996147	2	1	1	1	1	1	NA	NA	NA	2	1	1
6	39681	242500	2	1	1	2	d	5	0.9	0.9	0.05	0.1	2	1	1	1	1	1	NA	NA	NA	NA	NA	NA	NA	2	1	1	1	1	1	NA	NA	NA	2	1	1
6	242501	58699999	2	1	1	2	d	5	0.9	0.9	0.0573328431054	0.221836500522	2	1	1	1	1	1	NA	NA	NA	NA	NA	NA	NA	2	1	1	1	1	1	NA	NA	NA	2	1	1
6	58700000	63299999	2	1	1	2	d	4	1	1	0.0450681996227	0.22759590492	2.656409	1.328204472	1.3282045	1	1	1	NA	NA	NA	NA	NA	NA	NA	3	1	2	1	1	1	NA	NA	NA	2	1	1
6	63300000	79006292	2	1	1	2	d	5	1	1	0.049131458966	0.191028359916	2.104068	1.052033836	1.0520338	1	1	1	NA	NA	NA	NA	NA	NA	NA	2	1	1	1	1	1	NA	NA	NA	2	1	1
6	79006293	79015292	2	1	1	2	d	4	1	1	0.05	0.1	2.104068	1.052033836	1.0520338	1	1	1	NA	NA	NA	NA	NA	NA	NA	NA	NA	NA	1	1	1	NA	NA	NA	2	1	1
6	79015293	95570934	2	1	1	3	a	6	1	1	0.0493457333399	0.195621043579	2	1	1	1	1	1	NA	NA	NA	NA	NA	NA	NA	2	1	1	1	1	1	NA	NA	NA	2	1	1
6	95570935	96446248	2	1	1	2	d	4	1	1	0.0569561684264	0.19234114765	2.19533	1.097665031	1.097665	1	1	1	NA	NA	NA	NA	NA	NA	NA	3	1	2	1	1	1	NA	NA	NA	2	1	1
6	96446249	170904342	2	1	1	3	a	6	1	1	0.0524029531969	0.193740878676	2	1	1	1	1	1	NA	NA	NA	NA	NA	NA	NA	2	1	1	1	1	1	NA	NA	NA	2	1	1
7	40386	57949964	2	1	1	2	d	5	0.86	0.86	0.0527999865655	0.188821727386	2	1	1	1	1	1	NA	NA	NA	NA	NA	NA	NA	2	1	1	1	1	1	NA	NA	NA	2	1	1
7	57949965	61699999	2	1	1	2	d	3	0.86	0.86	0.05	0.215899350028	2	1	1	NA	NA	NA	NA	NA	NA	NA	NA	NA	NA	NA	NA	NA	1	1	1	NA	NA	NA	2	1	1
7	61700000	64034086	2	1	1	2	d	3	0.86	0.86	0.103716875898	0.297507041569	5.005905	2.502952521	2.5029525	1	1	0.921824185720719	2	1	0.0781758142792814	0.0251815704745972	0.0266352809355125	0.831143114862584	0.933915913269485	2	1	1	1	1	1	NA	NA	NA	2	1	1
7	64034087	92760801	3	2	1	2	d	5	1.84	0.94	0.0663557484581	0.269150713987	3	1	2	2	1	1	NA	NA	NA	NA	NA	NA	NA	3	1	2	2	1	1	NA	NA	NA	3	1	2
7	92760802	96283723	3	2	1	2	d	4	1.84	0.94	0.066022801798	0.235386794348	3.104073	1.05344911	2.0506236	2	1	1	NA	NA	NA	NA	NA	NA	NA	3	1	2	2	1	1	NA	NA	NA	3	1	2
7	96283724	96299976	1	1	0	2	d	2	1	0	0.05	0.1	3.104073	1.05344911	2.0506236	NA	NA	NA	NA	NA	NA	NA	NA	NA	NA	NA	NA	NA	1	0	1	NA	NA	NA	3	1	2
7	96299977	96886834	1	1	0	2	d	4	1	0	0.0609094759369	1.40695626021	1.235272	0.063703455	1.1715685	1	0	1	NA	NA	NA	NA	NA	NA	NA	1	0	1	1	0	1	NA	NA	NA	2	1	1
7	96886835	158821400	2	1	1	2	d	5	0.94	0.94	0.0557517715942	0.201685071211	2	1	1	1	1	1	NA	NA	NA	NA	NA	NA	NA	2	1	1	1	1	1	NA	NA	NA	2	1	1
8	10001	172499	1	1	0	3	b	5	1	0	0.05	0.1	NA	NA	NA	1	0	1	NA	NA	NA	NA	NA	NA	NA	1	0	1	1	0	1	NA	NA	NA	1	0	1
8	172500	8098270	1	1	0	3	a	6	1	0	0.082351219024	0.23233691097	1	0	1	1	0	1	NA	NA	NA	NA	NA	NA	NA	1	0	1	1	0	1	NA	NA	NA	1	0	1
8	8098271	43099999	1	1	0	3	a	6	1	0	0.0811817333772	0.157819791666	1	0	1	1	0	1	NA	NA	NA	NA	NA	NA	NA	1	0	1	1	0	1	NA	NA	NA	1	0	1
8	43100000	48099999	NA	NA	NA	NA	NA	NA	1	0	0.05	0.443455590861	3.202247	1.130123617	2.0721231	NA	NA	NA	NA	NA	NA	NA	NA	NA	NA	2	1	1	2	1	0.807939	1	1	0.192061	2	1	1
8	48100000	49546367	2	1	1	2	d	5	1	1	0.05	0.172077049296	1.851987	0.92599351	0.9259935	1	1	1	NA	NA	NA	NA	NA	NA	NA	2	1	1	1	1	1	NA	NA	NA	2	1	1
8	49546368	106914799	4	3	1	2	d	2	2	0.59	0.0518290593713	0.300465029375	4.25689	0.99830827	3.2585813	3	1	0.677061518558486	4	1	0.322938481441514	0.00762809155910699	0.00754682961992719	0.693952588157934	0.724949278703642	5	1	4	3	1	1	NA	NA	NA	4	1	3
8	106914800	106931122	4	3	1	2	d	2	2	0.59	0.05	0.1	4.25689	0.99830827	3.2585813	NA	NA	NA	NA	NA	NA	NA	NA	NA	NA	NA	NA	NA	3	1	1	NA	NA	NA	4	1	3
8	106931123	146364021	4	3	1	2	d	2	2	0.59	0.0549905778083	0.289141139547	4.326229	1.002945711	3.3232837	3	1	0.63003847237547	4	1	0.36996152762453	0.0091169634082327	0.00953029769938775	0.652524060593417	0.689978833552928	5	1	4	3	1	1	NA	NA	NA	4	1	3
9	47500	203760	1	1	0	2	d	3	1.18	0	0.05	0.1	NA	NA	NA	NA	NA	NA	NA	NA	NA	NA	NA	NA	NA	1	0	1	1	0	1	NA	NA	NA	1	0	1
9	203761	24187249	1	1	0	2	d	5	1.18	0	0.0754595169339	0.149854861004	1	0	1	1	0	1	NA	NA	NA	NA	NA	NA	NA	1	0	1	1	0	1	NA	NA	NA	1	0	1
9	24187250	45543532	2	1	1	3	a	6	1	1	0.052096623263	0.308096438302	2	1	1	1	1	1	NA	NA	NA	NA	NA	NA	NA	2	1	1	1	1	1	NA	NA	NA	2	1	1
9	45543533	47299999	2	1	1	2	d	4	1	1	0.05	0.314828980991	2	1	1	NA	NA	NA	NA	NA	NA	NA	NA	NA	NA	1	0	1	1	1	1	NA	NA	NA	2	1	1
9	47300000	50699999	2	1	1	2	d	2	1	1	0.05	0.1	NA	NA	NA	NA	NA	NA	NA	NA	NA	NA	NA	NA	NA	NA	NA	NA	NA	NA	NA	NA	NA	NA	2	1	1
9	50700000	91743006	2	1	1	3	a	6	1	1	0.0515266614967	0.227265910329	2	1	1	1	1	1	NA	NA	NA	NA	NA	NA	NA	2	1	1	1	1	1	NA	NA	NA	2	1	1
9	91743007	91755084	2	1	1	3	b	5	1	1	0.05	0.1	2	1	1	1	1	1	NA	NA	NA	NA	NA	NA	NA	NA	NA	NA	1	1	1	NA	NA	NA	2	1	1
9	91755085	140273200	2	1	1	3	a	6	1	1	0.0572171745974	0.250217672062	2	1	1	1	1	1	NA	NA	NA	NA	NA	NA	NA	2	1	1	1	1	1	NA	NA	NA	2	1	1
10	102500	5007377	2	1	1	3	a	6	1	1	0.0565552460061	0.235555835757	2	1	1	1	1	1	NA	NA	NA	NA	NA	NA	NA	2	1	1	1	1	1	NA	NA	NA	2	1	1
10	5007378	5044208	2	1	1	3	a	6	1	1	0.05	0.1	2	1	1	1	1	1	NA	NA	NA	NA	NA	NA	NA	2	1	1	1	1	1	NA	NA	NA	2	1	1
10	5044209	37999999	2	1	1	3	a	6	1	1	0.0556462652113	0.202412409336	2	1	1	1	1	1	NA	NA	NA	NA	NA	NA	NA	2	1	1	1	1	1	NA	NA	NA	2	1	1
10	38000000	42299999	2	1	1	3	b	5	1	1	0.05	0.248858861368	2	1	1	1	1	1	NA	NA	NA	NA	NA	NA	NA	2	1	1	NA	NA	NA	NA	NA	NA	2	1	1
10	42300000	56673269	2	1	1	2	d	5	1	1	0.0613556546159	0.219576858501	2.120146	1.060073182	1.0600732	1	1	1	NA	NA	NA	NA	NA	NA	NA	2	1	1	1	1	1	NA	NA	NA	2	1	1
10	56673270	56683021	2	1	1	2	d	4	1	1	0.05	0.1	2.120146	1.060073182	1.0600732	1	1	1	NA	NA	NA	NA	NA	NA	NA	NA	NA	NA	1	1	1	NA	NA	NA	2	1	1
10	56683022	135328531	2	1	1	3	a	6	1	1	0.0574660717859	0.226597874158	2	1	1	1	1	1	NA	NA	NA	NA	NA	NA	NA	2	1	1	1	1	1	NA	NA	NA	2	1	1
11	20721	195426	2	1	1	2	d	2	NA	NA	NA	NA	NA	NA	NA	NA	NA	NA	NA	NA	NA	NA	NA	NA	NA	NA	NA	NA	1	1	1	NA	NA	NA	2	1	1
11	195427	16634706	2	1	1	3	a	6	1	1	0.0596860952757	0.249561386275	2	1	1	1	1	1	NA	NA	NA	NA	NA	NA	NA	2	1	1	1	1	1	NA	NA	NA	2	1	1
11	16634707	27984602	2	1	1	3	a	6	1	1	0.0524927318778	0.20555435673	2	1	1	1	1	1	NA	NA	NA	NA	NA	NA	NA	2	1	1	1	1	1	NA	NA	NA	2	1	1
11	27984603	48924401	2	1	1	3	a	6	1	1	0.0528828969969	0.210238828693	2	1	1	1	1	1	NA	NA	NA	NA	NA	NA	NA	2	1	1	1	1	1	NA	NA	NA	2	1	1
11	48924402	50356360	2	1	1	2	d	5	1	1	0.0533040788996	0.20486297451	4.333328	2.166664054	2.1666641	1	1	1	NA	NA	NA	NA	NA	NA	NA	2	1	1	1	1	1	NA	NA	NA	2	1	1
11	50356361	51191597	4	2	2	2	f	3	1	1	0.05	0.229414673182	5.138671	2.56933558	2.5693356	2	1	0.1324007663805	2	2	0.8675992336195	0.0360011076063202	0.0358313611119079	0.0742365065418795	0.215324139995837	1	0	1	2	2	1	NA	NA	NA	2	1	1
11	51191598	51560967	1	1	0	2	d	4	1	0	0.0681631697202	0.161229903567	3.131576	0.386244409	2.7453312	1	0	1	NA	NA	NA	NA	NA	NA	NA	1	0	1	1	0	1	NA	NA	NA	2	1	1
11	51560968	55699999	1	1	0	2	d	3	1	0	0.0689089545636	0.381635190045	1.7596	0.14969684	1.6099029	NA	NA	NA	NA	NA	NA	NA	NA	NA	NA	1	0	1	1	0	1	NA	NA	NA	2	1	1
11	55700000	64263030	1	1	0	3	a	6	1	0	0.0812288486979	0.139808740829	1	0	1	1	0	1	NA	NA	NA	NA	NA	NA	NA	1	0	1	1	0	1	NA	NA	NA	1	0	1
11	64263031	64820765	2	2	0	2	d	3	2	0	0.0854809824726	0.250401682552	1.918061	0.030676239	1.8873852	2	0	1	NA	NA	NA	NA	NA	NA	NA	1	0	1	2	0	1	NA	NA	NA	1	0	1
11	64820766	64842003	1	1	0	2	f	3	NA	NA	NA	NA	1.918061	0.030676239	1.8873852	3	0	1	NA	NA	NA	NA	NA	NA	NA	2	0	2	1	0	1	NA	NA	NA	1	0	1
11	64842004	65199323	1	1	0	2	d	5	1.18	0	0.05	0.244304159822	1	0	1	1	0	1	NA	NA	NA	NA	NA	NA	NA	1	0	1	1	0	1	NA	NA	NA	1	0	1
11	65199324	65757552	2	1	1	2	d	4	1	1	0.0666504223529	0.232441863242	2	1	1	1	1	0.825379668256295	2	1	0.174620331743705	0.0418718095219095	0.0413846647414123	0.747579324581025	0.910421282532594	1	0	1	1	1	1	NA	NA	NA	2	1	1
11	65757553	65764531	3	2	1	1	g	NA	NA	NA	NA	NA	2	1	1	NA	NA	NA	NA	NA	NA	NA	NA	NA	NA	3	1	2	2	1	1	NA	NA	NA	2	1	1
11	65764532	80415044	3	2	1	2	d	3	1.63	0.86	0.0713215891832	0.309693118509	2.88971	0.974616744	1.9150937	2	1	1	NA	NA	NA	NA	NA	NA	NA	3	1	2	2	1	1	NA	NA	NA	2	1	1
11	80415045	98073899	3	2	1	2	d	4	1.63	0.86	0.0648295964171	0.218880465176	3.141625	1.067673676	2.0739513	2	1	1	NA	NA	NA	NA	NA	NA	NA	3	1	2	2	1	1	NA	NA	NA	3	1	2
11	98073900	98075212	1	1	0	2	d	2	1.63	0.86	0.05	0.1	3.141625	1.067673676	2.0739513	1	0	1	NA	NA	NA	NA	NA	NA	NA	NA	NA	NA	2	1	1	NA	NA	NA	1	0	1
11	98075213	98630552	3	2	1	2	d	3	1.63	0.86	0.059297762466	0.282907616974	2.810779	0.953397267	1.8573818	2	1	1	NA	NA	NA	NA	NA	NA	NA	4	1	3	2	1	1	NA	NA	NA	3	1	2
11	98630553	98632257	1	1	0	2	d	2	1.63	0.86	0.05	0.1	2.810779	0.953397267	1.8573818	1	0	1	NA	NA	NA	NA	NA	NA	NA	NA	NA	NA	2	1	1	NA	NA	NA	1	0	1
11	98632258	100262565	3	2	1	2	d	4	1.63	0.86	0.0629060524553	0.228812491301	3	1	2	2	1	1	NA	NA	NA	NA	NA	NA	NA	4	1	3	2	1	1	NA	NA	NA	3	1	2
11	100262566	100264348	3	2	1	2	d	3	1.63	0.86	0.05	0.1	3	1	2	1	0	1	NA	NA	NA	NA	NA	NA	NA	3	1	2	2	1	1	NA	NA	NA	2	0	2
11	100264349	100291776	3	2	1	2	d	4	1.63	0.86	0.05	0.1	NA	NA	NA	2	1	1	NA	NA	NA	NA	NA	NA	NA	3	1	2	2	1	1	NA	NA	NA	3	1	2
11	100291777	101131552	1	1	0	3	a	6	1	0	0.0689377389021	0.104682202149	1	0	1	1	0	1	NA	NA	NA	NA	NA	NA	NA	1	0	1	1	0	1	NA	NA	NA	1	0	1
11	101131553	101489654	3	2	1	2	d	5	1.63	0.86	0.0678055212434	0.180416003097	3	1	2	2	1	1	NA	NA	NA	NA	NA	NA	NA	3	1	2	2	1	1	NA	NA	NA	3	1	2
11	101489655	101623368	1	1	0	2	d	3	0.7	0	0.05	0.129646291481	1.122912	0.046381673	1.0765301	1	0	1	NA	NA	NA	NA	NA	NA	NA	1	0	1	1	0	1	NA	NA	NA	2	0	2
11	101623369	103105727	3	2	1	2	d	4	1.63	0.82	0.0648764141983	0.196982526212	2.883788	0.976210123	1.9075778	2	1	1	NA	NA	NA	NA	NA	NA	NA	3	1	2	2	1	1	NA	NA	NA	3	1	2
11	103105728	104135505	1	1	0	2	d	5	1	0	0.0741924925553	0.103130273653	1.10788	0.043728971	1.0641508	1	0	1	NA	NA	NA	NA	NA	NA	NA	1	0	1	1	0	1	NA	NA	NA	1	0	1
11	104135506	104136598	4	3	1	2	e	0	NA	NA	NA	NA	1.10788	0.043728971	1.0641508	1	1	1	NA	NA	NA	NA	NA	NA	NA	3	1	2	2	1	1	NA	NA	NA	2	1	1
11	104136599	104350017	3	2	1	2	d	3	1.56	0.82	0.05	0.136503380423	3.219746	1.111375437	2.1083705	2	1	1	NA	NA	NA	NA	NA	NA	NA	4	2	2	2	1	1	NA	NA	NA	3	1	2
11	104350018	104351043	3	2	1	2	d	3	1.56	0.82	0.05	0.1	3.219746	1.111375437	2.1083705	2	1	1	NA	NA	NA	NA	NA	NA	NA	NA	NA	NA	2	1	1	NA	NA	NA	3	1	2
11	104351044	105439370	3	2	1	2	d	3	1.56	0.82	0.0607331659158	0.216112786783	3.100669	1.037431675	2.0632378	2	1	1	NA	NA	NA	NA	NA	NA	NA	4	2	2	2	1	1	NA	NA	NA	3	1	2
11	105439371	105637663	1	1	0	2	d	4	0.86	0	0.0683441516617	0.164515866599	1.104989	0.017292128	1.0876973	1	0	1	NA	NA	NA	NA	NA	NA	NA	1	0	1	1	0	1	NA	NA	NA	1	0	1
11	105637664	105644679	3	2	1	2	d	3	1.56	0.82	0.05	0.1	1.104989	0.017292128	1.0876973	3	2	1	NA	NA	NA	NA	NA	NA	NA	3	1	2	2	1	1	NA	NA	NA	3	1	2
11	105644680	105647370	1	1	0	2	d	2	1.56	0.82	0.05	0.1	NA	NA	NA	1	0	1	NA	NA	NA	NA	NA	NA	NA	NA	NA	NA	2	1	1	NA	NA	NA	1	0	1
11	105647371	106793743	3	2	1	2	d	4	1.56	0.82	0.0651136374349	0.199669082546	3	1	2	2	1	1	NA	NA	NA	NA	NA	NA	NA	4	2	2	2	1	1	NA	NA	NA	3	1	2
11	106793744	106796026	3	2	1	2	d	3	1.56	0.82	0.05	0.1	3	1	2	NA	NA	1	NA	NA	NA	NA	NA	NA	NA	3	1	2	2	1	1	NA	NA	NA	2	0	2
11	106796027	107757040	3	2	1	2	d	5	1.56	0.82	0.0677805162256	0.219103506424	3	1	2	2	1	1	NA	NA	NA	NA	NA	NA	NA	3	1	2	2	1	1	NA	NA	NA	3	1	2
11	107757041	107757375	3	2	1	2	d	4	1.56	0.82	0.05	0.1	3	1	2	2	1	1	NA	NA	NA	NA	NA	NA	NA	NA	NA	NA	2	1	1	NA	NA	NA	3	1	2
11	107757376	108186219	3	2	1	2	d	4	1.56	0.82	0.05	0.195924350779	2.753943	0.909760453	1.8441824	2	1	1	NA	NA	NA	NA	NA	NA	NA	3	1	2	2	1	1	NA	NA	NA	3	1	2
11	108186220	112367277	1	1	0	3	a	6	1	0	0.084186499981	0.0992320967879	1	0	1	1	0	1	NA	NA	NA	NA	NA	NA	NA	1	0	1	1	0	1	NA	NA	NA	1	0	1
11	112367278	113174930	3	2	1	2	d	5	1.63	0.86	0.064993629295	0.224570708116	3	1	2	2	1	1	NA	NA	NA	NA	NA	NA	NA	3	1	2	2	1	1	NA	NA	NA	3	1	2
11	113174931	113550484	1	1	0	2	d	5	0.86	0	0.0585307582129	0.12069852887	1	0	1	1	0	1	NA	NA	NA	NA	NA	NA	NA	1	0	1	1	0	1	NA	NA	NA	1	0	1
11	113550485	113698424	3	2	1	2	d	4	1.7	0.82	0.084097502394	0.215722619302	2.868117	0.978978615	1.8891385	2	1	1	NA	NA	NA	NA	NA	NA	NA	3	1	2	2	1	1	NA	NA	NA	3	1	2
11	113698425	113700083	3	2	1	2	d	4	1.7	0.82	0.05	0.1	2.868117	0.978978615	1.8891385	2	1	1	NA	NA	NA	NA	NA	NA	NA	3	1	2	2	1	1	NA	NA	NA	3	1	2
11	113700084	116300374	3	2	1	2	d	5	1.7	0.82	0.0709902370254	0.213375913208	3	1	2	2	1	1	NA	NA	NA	NA	NA	NA	NA	3	1	2	2	1	1	NA	NA	NA	3	1	2
11	116300375	116302017	3	2	1	2	d	4	NA	NA	NA	NA	3	1	2	2	1	1	NA	NA	NA	NA	NA	NA	NA	NA	NA	NA	2	1	1	NA	NA	NA	3	1	2
11	116302018	117413798	3	2	1	2	e	4	1.63	0.86	0.0718560372013	0.213440013846	2.849957	0.958231212	1.8917262	2	1	1	NA	NA	NA	NA	NA	NA	NA	2	1	1	2	1	1	NA	NA	NA	2	1	1
11	117413799	118402030	1	1	0	2	d	5	0.82	0	0.0863491997413	0.117734582761	1	0	1	1	0	1	NA	NA	NA	NA	NA	NA	NA	1	0	1	1	0	1	NA	NA	NA	1	0	1
11	118402031	118423452	2	1	1	2	d	3	NA	NA	NA	NA	1	0	1	1	1	1	NA	NA	NA	NA	NA	NA	NA	2	1	1	2	1	1	NA	NA	NA	2	1	1
11	118423453	118424339	3	2	1	1	g	NA	NA	NA	NA	NA	NA	NA	NA	NA	NA	NA	NA	NA	NA	NA	NA	NA	NA	NA	NA	NA	2	1	1	NA	NA	NA	2	1	1
11	118424340	119020028	4	3	1	2	e	0	2	0	0.05	0.221705656626	2.841988	0.963456935	1.8785312	2	1	0.666907563990665	2	2	0.333092436009335	0.119596700474251	0.127353414942262	0.352801379332336	0.856554723276427	2	1	1	2	1	1	NA	NA	NA	2	1	1
11	119020029	119023354	3	2	1	1	g	NA	1.7	0.82	0.05	0.1	2.841988	0.963456935	1.8785312	NA	NA	NA	NA	NA	NA	NA	NA	NA	NA	NA	NA	NA	2	1	1	NA	NA	NA	2	1	1
11	119023355	120983466	3	2	1	2	d	3	1.7	0.82	0.0779376658581	0.212739900685	3	1	2	2	1	1	NA	NA	NA	NA	NA	NA	NA	2	1	1	2	1	1	NA	NA	NA	2	1	1
11	120983467	121230362	1	1	0	2	d	5	0.82	0	0.0844242573319	0.111446889726	1	0	1	1	0	1	NA	NA	NA	NA	NA	NA	NA	1	0	1	1	0	1	NA	NA	NA	1	0	1
11	121230363	121666555	3	2	1	2	d	4	1.63	1	0.0513336267033	0.214842576131	2.801366	0.954705365	1.8466603	2	1	1	NA	NA	NA	NA	NA	NA	NA	3	1	2	2	1	1	NA	NA	NA	3	1	2
11	121666556	121668157	3	2	1	2	d	4	2	1	0.05	0.1	2.801366	0.954705365	1.8466603	2	1	1	NA	NA	NA	NA	NA	NA	NA	NA	NA	NA	2	1	1	NA	NA	NA	3	1	2
11	121668158	121804054	3	2	1	3	b	5	2	1	0.05	0.217308064817	NA	NA	NA	2	1	1	NA	NA	NA	NA	NA	NA	NA	3	1	2	2	1	1	NA	NA	NA	3	1	2
11	121804055	121804680	3	2	1	2	d	4	2	1	0.05	0.1	NA	NA	NA	2	1	1	NA	NA	NA	NA	NA	NA	NA	NA	NA	NA	2	1	1	NA	NA	NA	3	1	2
11	121804681	121880828	3	2	1	3	b	5	2	1	0.05	0.24877098099	NA	NA	NA	2	1	1	NA	NA	NA	NA	NA	NA	NA	3	1	2	2	1	1	NA	NA	NA	3	1	2
11	121880829	122276403	1	1	0	2	d	5	1	0	0.0689359936781	0.114187491712	1.104062	0.056765103	1.0472973	1	0	1	NA	NA	NA	NA	NA	NA	NA	1	0	1	1	0	1	NA	NA	NA	1	0	1
11	122276404	122682055	3	2	1	2	d	4	1.63	0.86	0.0670927466435	0.311887196361	3	1	2	1	1	0.11707315637517	2	1	0.88292684362483	0.0401908427688887	0.0394741834265926	0.0730693573633317	0.22966022490572	3	1	2	2	1	1	NA	NA	NA	3	1	2
11	122682056	123639936	1	1	0	3	a	6	1	0	0.0891908801785	0.12592036978	1	0	1	1	0	1	NA	NA	NA	NA	NA	NA	NA	1	0	1	1	0	1	NA	NA	NA	1	0	1
11	123639937	124497104	3	2	1	2	d	4	1.63	0.82	0.0740694594927	0.222443665495	3.155327	1.055495289	2.0998322	2	1	1	NA	NA	NA	NA	NA	NA	NA	3	1	2	2	1	1	NA	NA	NA	3	1	2
11	124497105	124497959	3	2	1	2	d	3	1.18	1.18	0.05	0.1	3.155327	1.055495289	2.0998322	2	1	1	NA	NA	NA	NA	NA	NA	NA	NA	NA	NA	2	1	1	NA	NA	NA	3	1	2
11	124497960	124880712	3	2	1	2	d	4	1.18	1.18	0.05	0.268478237764	3.019719	1.138111229	1.8816083	2	1	1	NA	NA	NA	NA	NA	NA	NA	3	1	2	2	1	1	NA	NA	NA	3	1	2
11	124880713	124885806	3	2	1	2	d	3	1.18	1.18	0.05	0.1	3.019719	1.138111229	1.8816083	2	1	1	NA	NA	NA	NA	NA	NA	NA	NA	NA	NA	2	1	1	NA	NA	NA	3	1	2
11	124885807	127213827	3	2	1	2	d	5	1.63	0.86	0.0730168038727	0.228288239304	3	1	2	2	1	1	NA	NA	NA	NA	NA	NA	NA	3	1	2	2	1	1	NA	NA	NA	3	1	2
11	127213828	127219157	3	2	1	2	d	3	1.63	0.86	0.05	0.1	3	1	2	NA	NA	NA	NA	NA	NA	NA	NA	NA	NA	NA	NA	NA	2	1	1	NA	NA	NA	3	1	2
11	127219158	127277515	3	2	1	2	d	3	1.63	0.86	0.05	0.1	NA	NA	NA	2	1	0.358307900135086	3	1	0.641692099864914	0.147737416693018	0.135763231213549	0.222862179757757	0.76512101103806	3	1	2	2	1	1	NA	NA	NA	3	1	2
11	127277516	127279059	3	2	1	2	d	2	1.63	0.86	0.05	0.1	NA	NA	NA	1	0	0.875569119927953	1	1	0.124430880072047	NA	0	0.875569119927953	0.875569119927953	3	1	2	2	1	1	NA	NA	NA	1	0	1
11	127279060	128372477	3	2	1	2	d	5	1.63	0.86	0.0714741085128	0.200973967043	3	1	2	2	1	1	NA	NA	NA	NA	NA	NA	NA	3	1	2	2	1	1	NA	NA	NA	3	1	2
11	128372478	128373769	3	2	1	2	d	5	1.63	0.86	0.05	0.1	3	1	2	2	1	1	NA	NA	NA	NA	NA	NA	NA	3	1	2	2	1	1	NA	NA	NA	3	1	2
11	128373770	129586457	3	2	1	2	d	5	1.63	0.86	0.0724253140249	0.228987380806	3	1	2	2	1	1	NA	NA	NA	NA	NA	NA	NA	3	1	2	2	1	1	NA	NA	NA	3	1	2
11	129586458	129589210	3	2	1	2	e	3	2	0.7	0.05	0.1	3	1	2	1	0	1	NA	NA	NA	NA	NA	NA	NA	2	0	2	2	1	1	NA	NA	NA	1	0	1
11	129589211	129752441	3	2	1	2	d	3	2	0.7	0.0637282285857	0.228305399128	2.741722	0.846420856	1.895301	2	1	1	NA	NA	NA	NA	NA	NA	NA	3	1	2	2	1	1	NA	NA	NA	2	1	1
11	129752442	130508230	1	1	0	2	d	5	0.82	0	0.0869720482961	0.1300044044	1	0	1	1	0	1	NA	NA	NA	NA	NA	NA	NA	1	0	1	1	0	1	NA	NA	NA	1	0	1
11	130508231	131896729	3	2	1	2	d	5	1.7	0.9	0.0697407618755	0.220244694259	3	1	2	2	1	1	NA	NA	NA	NA	NA	NA	NA	3	1	2	2	1	1	NA	NA	NA	3	1	2
11	131896730	134452200	1	1	0	2	d	5	0.9	0	0.0757331733434	0.1280958823	1	0	1	1	0	1	NA	NA	NA	NA	NA	NA	NA	1	0	1	1	0	1	NA	NA	NA	1	0	1
12	110107	231820	3	2	1	2	d	4	2	1	0.0498523077268	0.512488413682	2.912504	1.033547019	1.878957	2	1	1	NA	NA	NA	NA	NA	NA	NA	3	1	2	2	1	1	NA	NA	NA	2	1	1
12	231821	6211664	3	2	1	2	d	4	2	1	0.0780359865863	0.292427257565	2.896636	0.973657838	1.9229781	2	1	1	NA	NA	NA	NA	NA	NA	NA	3	1	2	2	1	1	NA	NA	NA	2	1	1
12	6211665	33299999	2	1	1	3	a	6	1	1	0.0544279991348	0.201482154827	2	1	1	1	1	1	NA	NA	NA	NA	NA	NA	NA	2	1	1	1	1	1	NA	NA	NA	2	1	1
12	33300000	38199999	2	1	1	2	d	5	1	1	0.05	0.336582721408	3.644172	1.822085918	1.8220859	1	1	1	NA	NA	NA	NA	NA	NA	NA	2	1	1	1	1	1	NA	NA	NA	2	1	1
12	38200000	38370000	2	1	1	2	d	4	1	1	0.05	0.167275978716	6.43439	3.217195086	3.2171951	1	1	1	NA	NA	NA	NA	NA	NA	NA	1	0	1	1	1	1	NA	NA	NA	2	1	1
12	38370001	38422023	2	1	1	2	d	4	1	1	0.05	0.15475858949	6.43439	3.217195086	3.2171951	1	1	1	NA	NA	NA	NA	NA	NA	NA	NA	NA	NA	1	1	1	NA	NA	NA	2	1	1
12	38422024	132349400	2	1	1	3	a	6	1	1	0.0553002228626	0.199284726499	2	1	1	1	1	1	NA	NA	NA	NA	NA	NA	NA	2	1	1	1	1	1	NA	NA	NA	2	1	1
12	132349401	133851894	2	1	1	2	d	4	NA	NA	NA	NA	2	1	1	1	1	0.895765580960958	2	1	0.104234419039042	0.0262388069538812	0.0262020838811953	0.857061710308227	0.957733287033058	2	1	1	1	1	1	NA	NA	NA	2	1	1
13	1	16299999	2	1	1	1	h	1	NA	NA	NA	NA	NA	NA	NA	NA	NA	NA	NA	NA	NA	NA	NA	NA	NA	NA	NA	NA	NA	NA	NA	NA	NA	NA	2	1	1
13	16300000	19499999	2	1	1	2	d	3	0.86	0.86	0.05	0.16625677508	NA	NA	NA	1	1	1	NA	NA	NA	NA	NA	NA	NA	2	1	1	1	0	0.388311	1	1	0.611689	2	1	1
13	19500000	62256485	2	1	1	2	d	5	0.86	0.86	0.0555039651324	0.186803064725	2	1	1	1	1	1	NA	NA	NA	NA	NA	NA	NA	2	1	1	1	1	1	NA	NA	NA	2	1	1
13	62256486	62299909	2	1	1	2	d	5	0.86	0.86	0.05	0.1	2	1	1	1	1	1	NA	NA	NA	NA	NA	NA	NA	2	1	1	1	1	1	NA	NA	NA	2	1	1
13	62299910	114142800	2	1	1	2	d	5	0.86	0.86	0.0522067129615	0.175650718459	2	1	1	1	1	1	NA	NA	NA	NA	NA	NA	NA	2	1	1	1	1	1	NA	NA	NA	2	1	1
13	114142801	115169877	2	1	1	3	b	5	NA	NA	NA	NA	2	1	1	1	1	1	NA	NA	NA	NA	NA	NA	NA	2	1	1	1	1	1	NA	NA	NA	2	1	1
14	1	16099999	2	1	1	1	h	1	NA	NA	NA	NA	NA	NA	NA	NA	NA	NA	NA	NA	NA	NA	NA	NA	NA	NA	NA	NA	NA	NA	NA	NA	NA	NA	2	1	1
14	16100000	19099999	2	1	1	2	d	3	1	1	0.05	0.200067659261	NA	NA	NA	NA	NA	NA	NA	NA	NA	NA	NA	NA	NA	NA	NA	NA	1	1	1	NA	NA	NA	2	1	1
14	19100000	29844602	2	1	1	3	a	6	1	1	0.0589148820885	0.252269634183	2	1	1	1	1	1	NA	NA	NA	NA	NA	NA	NA	2	1	1	1	1	1	NA	NA	NA	2	1	1
14	29844603	46453180	2	1	1	3	a	6	1	1	0.0488838659362	0.202454533497	2	1	1	1	1	1	NA	NA	NA	NA	NA	NA	NA	2	1	1	1	1	1	NA	NA	NA	2	1	1
14	46453181	106393884	2	1	1	3	a	6	1	1	0.0563429059822	0.204166302348	2	1	1	1	1	1	NA	NA	NA	NA	NA	NA	NA	2	1	1	1	1	1	NA	NA	NA	2	1	1
15	1	15799999	2	1	1	1	h	1	NA	NA	NA	NA	NA	NA	NA	NA	NA	NA	NA	NA	NA	NA	NA	NA	NA	NA	NA	NA	NA	NA	NA	NA	NA	NA	2	1	1
15	15800000	20699999	2	1	1	2	d	4	1	1	0.05	1.31067569674	NA	NA	NA	1	1	1	NA	NA	NA	NA	NA	NA	NA	NA	NA	NA	1	1	1	NA	NA	NA	2	1	1
15	20700000	100338800	2	1	1	3	a	6	1	1	0.0552670800373	0.223505962179	2	1	1	1	1	1	NA	NA	NA	NA	NA	NA	NA	2	1	1	1	1	1	NA	NA	NA	2	1	1
15	100338801	102531391	2	1	1	2	d	4	NA	NA	NA	NA	2	1	1	1	0	0.0781758142792835	1	1	0.921824185720716	0.0151626138180048	0.0150723134619531	0.0565530241855992	0.114380520268789	2	1	1	1	1	1	NA	NA	NA	2	1	1
16	84170	342188	1	1	0	2	d	4	1.3	0	0.05	0.181637511924	1.158158	0.06130371	1.0968544	1	0	1	NA	NA	NA	NA	NA	NA	NA	1	0	1	1	0	1	NA	NA	NA	1	0	1
16	342189	358194	1	1	0	2	d	5	1	0	0.05	0.1	1.158158	0.06130371	1.0968544	1	0	1	NA	NA	NA	NA	NA	NA	NA	1	0	1	1	0	1	NA	NA	NA	1	0	1
16	358195	14298811	1	1	0	3	a	6	1	0	0.0826060477251	0.199105313795	1	0	1	1	0	1	NA	NA	NA	NA	NA	NA	NA	1	0	1	1	0	1	NA	NA	NA	1	0	1
16	14298812	32500032	2	1	1	3	a	6	1	1	0.0581463232354	0.220049859443	2	1	1	1	1	1	NA	NA	NA	NA	NA	NA	NA	2	1	1	1	1	1	NA	NA	NA	2	1	1
16	32500033	34599999	2	1	1	2	d	4	1	1	0.05	0.5182917909	2	1	1	1	1	1	NA	NA	NA	NA	NA	NA	NA	2	1	1	2	1	0.612465	1	1	0.387535	3	1	2
16	34600000	38599999	NA	NA	NA	NA	NA	NA	1	1	0.05	0.287579509985	2.616565	1.308282643	1.3082826	1	1	1	NA	NA	NA	NA	NA	NA	NA	2	1	1	1	1	1	NA	NA	NA	3	1	2
16	38600000	46447499	3	2	1	2	d	2	NA	NA	NA	NA	2.616565	1.308282643	1.3082826	1	0	0.543831751508046	1	1	0.456168248491954	NA	0	0.543831751508046	0.543831751508046	3	1	2	1	1	1	NA	NA	NA	3	1	2
16	46447500	47723355	3	2	1	2	d	5	2	1	0.05	0.318045923993	3.344889	1.092049571	2.2528399	2	1	1	NA	NA	NA	NA	NA	NA	NA	3	1	2	2	1	1	NA	NA	NA	3	1	2
16	47723356	47726001	1	1	0	2	d	2	NA	NA	NA	NA	3.344889	1.092049571	2.2528399	NA	NA	NA	NA	NA	NA	NA	NA	NA	NA	1	0	1	1	0	1	NA	NA	NA	3	1	2
16	47726002	88827200	1	1	0	2	d	5	1.1	0	0.083942168658	0.155149040775	1	0	1	1	0	1	NA	NA	NA	NA	NA	NA	NA	1	0	1	1	0	1	NA	NA	NA	1	0	1
16	88827201	90354752	1	1	0	3	b	5	NA	NA	NA	NA	1	0	1	1	0	1	NA	NA	NA	NA	NA	NA	NA	1	0	1	1	0	1	NA	NA	NA	1	0	1
17	20080	22199999	1	1	0	2	d	5	1.06	0	0.0874382874159	0.160140528856	1	0	1	1	0	1	NA	NA	NA	NA	NA	NA	NA	1	0	1	1	0	1	NA	NA	NA	1	0	1
17	22200000	25799999	NA	NA	NA	NA	NA	NA	0.82	0.82	0.0690606156574	0.231555145917	2.253725	1.126862393	1.1268624	NA	NA	NA	NA	NA	NA	NA	NA	NA	NA	2	1	1	1	1	1	NA	NA	NA	2	1	1
17	25800000	54019801	2	1	1	3	a	6	1	1	0.0572331062448	0.273092323643	2	1	1	1	1	1	NA	NA	NA	NA	NA	NA	NA	2	1	1	1	1	1	NA	NA	NA	2	1	1
17	54019802	54027343	2	1	1	3	b	5	1	1	0.05	0.1	2	1	1	1	1	1	NA	NA	NA	NA	NA	NA	NA	NA	NA	NA	1	1	1	NA	NA	NA	2	1	1
17	54027344	78787793	2	1	1	3	a	6	1	1	0.0577990093326	0.249462751702	2	1	1	1	1	1	NA	NA	NA	NA	NA	NA	NA	2	1	1	1	1	1	NA	NA	NA	2	1	1
17	78787794	81195209	2	1	1	2	d	3	NA	NA	NA	NA	2.103041	1.051520681	1.0515207	1	1	1	NA	NA	NA	NA	NA	NA	NA	1	0	1	1	1	1	NA	NA	NA	2	1	1
18	38823	88821	2	1	1	2	d	2	1.1	1.1	0.05	0.1	NA	NA	NA	NA	NA	NA	NA	NA	NA	NA	NA	NA	NA	NA	NA	NA	1	1	1	NA	NA	NA	2	1	1
18	88822	15376322	2	1	1	2	d	4	1.1	1.1	0.0543738536885	0.271307422617	2	1	1	1	1	0.843648371441439	2	1	0.156351628558561	0.00576691536414004	0.00563786387490333	0.836622493008502	0.858830083261254	2	1	1	1	1	1	NA	NA	NA	2	1	1
18	15376323	18999999	NA	NA	NA	NA	NA	NA	2.41	1	0.05	0.464019738444	2	1	1	2	1	0.749186971531493	3	1	0.250813028468507	0.0106533711254405	0.0104812760717619	0.725584754529604	0.766214063311532	3	1	2	2	1	1	NA	NA	NA	2	1	1
18	19000000	32448993	3	2	1	2	d	3	2.41	1	0.0640268141763	0.285639801258	3.241109	1.002180277	2.2389285	2	1	0.749186971531493	3	1	0.250813028468507	0.0106533711254405	0.0104812760717619	0.725584754529604	0.766214063311532	3	1	2	2	1	1	NA	NA	NA	3	1	2
18	32448994	76117000	1	1	0	3	a	6	1	0	0.0810531069741	0.134806249522	1	0	1	1	0	1	NA	NA	NA	NA	NA	NA	NA	1	0	1	1	0	1	NA	NA	NA	1	0	1
18	76117001	78077247	1	1	0	3	b	5	NA	NA	NA	NA	1	0	1	1	0	1	NA	NA	NA	NA	NA	NA	NA	1	0	1	1	0	1	NA	NA	NA	1	0	1
19	102500	265919	2	1	1	2	d	4	1	1	0.05	0.1	NA	NA	NA	1	1	1	NA	NA	NA	NA	NA	NA	NA	NA	NA	NA	1	1	1	NA	NA	NA	2	1	1
19	265920	24380129	2	1	1	2	d	5	1	1	0.0650114184141	0.291302308713	2	1	1	1	1	0.916612464768764	2	1	0.0833875352312359	0.0055597665388844	0.00539108837068112	0.896657618732756	0.917912777329973	2	1	1	1	1	1	NA	NA	NA	2	1	1
19	24380130	28599999	2	1	1	2	d	3	1	1	0.05	0.303670825524	5.060233	2.530116332	2.5301163	NA	NA	NA	NA	NA	NA	NA	NA	NA	NA	2	1	1	2	1	0.239082	1	1	0.760918	2	1	1
19	28600000	59128982	2	1	1	2	d	5	1	1	0.059499817154	0.30185140956	2	1	1	1	1	0.930990945223523	2	1	0.0690090547764772	0.00470067626383808	0.00470629386922005	0.921607110711459	0.940212546657532	2	1	1	1	1	1	NA	NA	NA	2	1	1
20	29234	25599999	2	1	1	2	d	5	0.82	0.82	0.0553207663299	0.174214616093	2	1	1	1	1	1	NA	NA	NA	NA	NA	NA	NA	2	1	1	1	1	1	NA	NA	NA	2	1	1
20	25600000	29399999	2	1	1	2	d	5	0.82	0.82	0.05	0.16456062753	2	1	1	1	1	1	NA	NA	NA	NA	NA	NA	NA	2	1	1	1	1	1	NA	NA	NA	2	1	1
20	29400000	62432500	2	1	1	2	d	4	0.82	0.82	0.0578660667138	0.191895312026	2	1	1	1	1	0.936517518081073	2	1	0.0634824819189267	0.00456390579916616	0.00439942124353954	0.927693439716029	0.945139150163609	2	1	1	1	1	1	NA	NA	NA	2	1	1
21	1	10450611	NA	NA	NA	NA	NA	NA	2	0	0.05	0.730327479216	NA	NA	NA	NA	NA	NA	NA	NA	NA	NA	NA	NA	NA	NA	NA	NA	NA	NA	NA	NA	NA	NA	NA	NA	NA
21	10450612	15273743	NA	NA	NA	NA	NA	NA	2	0	0.0777985768207	0.481168956384	NA	NA	NA	NA	NA	NA	NA	NA	NA	NA	NA	NA	NA	NA	NA	NA	NA	NA	NA	NA	NA	NA	NA	NA	NA
21	15273744	46937500	1	1	0	2	d	4	1	0	0.0817677458996	0.141646240854	1	0	1	1	0	1	NA	NA	NA	NA	NA	NA	NA	NA	NA	NA	1	0	1	NA	NA	NA	NA	NA	NA
21	46937501	48129894	1	1	0	2	d	3	NA	NA	NA	NA	1	0	1	1	0	1	NA	NA	NA	NA	NA	NA	NA	NA	NA	NA	1	0	1	NA	NA	NA	NA	NA	NA
22	1	12199999	2	1	1	1	h	1	NA	NA	NA	NA	NA	NA	NA	NA	NA	NA	NA	NA	NA	NA	NA	NA	NA	NA	NA	NA	NA	NA	NA	NA	NA	NA	2	1	1
22	12200000	17899999	2	1	1	2	d	3	1.1	1.06	0.0781984580122	0.321763622482	2.368245	1.184122711	1.1841227	1	1	0.934167735343762	2	1	0.065832264656238	0.00476914096059189	0.00469971299237858	0.915910786608359	0.93441009830856	2	1	1	1	1	1	NA	NA	NA	2	1	1
22	17900000	49687500	2	1	1	2	d	4	1.1	1.06	0.0641629769725	0.313222147188	2	1	1	1	1	0.934167735343762	2	1	0.065832264656238	0.00476914096059189	0.00469971299237858	0.915910786608359	0.93441009830856	2	1	1	1	1	1	NA	NA	NA	2	1	1
22	49687501	51304565	2	1	1	2	d	3	NA	NA	NA	NA	2	1	1	1	1	0.934167735343762	2	1	0.065832264656238	0.00476914096059189	0.00469971299237858	0.915910786608359	0.93441009830856	1	0	1	1	1	1	NA	NA	NA	2	1	1
X	1	18381047	1	1	0	3	a	3	1	0	0.0860093026807	0.322921309411	1	0	1	NA	NA	NA	NA	NA	NA	NA	NA	NA	NA	1	0	1	NA	NA	NA	NA	NA	NA	1	0	1
X	18381048	18382045	1	1	0	3	a	3	1	0	0.05	0.1	1	0	1	NA	NA	NA	NA	NA	NA	NA	NA	NA	NA	1	0	1	NA	NA	NA	NA	NA	NA	1	0	1
X	18382046	58099999	1	1	0	3	a	3	1	0	0.05	0.344391924847	1	0	1	NA	NA	NA	NA	NA	NA	NA	NA	NA	NA	1	0	1	NA	NA	NA	NA	NA	NA	1	0	1
X	58100000	62999999	1	1	0	2	d	2	1	0	0.05	0.47376050807	1.149477	0	1.149477	NA	NA	NA	NA	NA	NA	NA	NA	NA	NA	1	0	1	NA	NA	NA	NA	NA	NA	2	0	2
X	63000000	155270559	1	1	0	3	a	3	1	0	0.05	0.25257262528	1	0	1	NA	NA	NA	NA	NA	NA	NA	NA	NA	NA	1	0	1	NA	NA	NA	NA	NA	NA	2	0	2
Y	1	11599999	0	0	0	1	h	1	NA	NA	NA	NA	0	0	0	NA	NA	NA	NA	NA	NA	NA	NA	NA	NA	NA	NA	NA	NA	NA	NA	NA	NA	NA	2	0	2
Y	11600000	13399999	0	0	0	1	h	1	NA	NA	NA	NA	0.137641	0	0.137641	NA	NA	NA	NA	NA	NA	NA	NA	NA	NA	NA	NA	NA	NA	NA	NA	NA	NA	NA	2	0	2
Y	13400000	59373565	0	0	0	1	h	1	NA	NA	NA	NA	0.202966	0	0.202966	NA	NA	NA	NA	NA	NA	NA	NA	NA	NA	NA	NA	NA	NA	NA	NA	NA	NA	NA	2	0	2
