chromosome	start	end	total_cn	major_cn	minor_cn	star	level	methods_agree	absolute_broad_major_cn	absolute_broad_minor_cn	absolute_broad_het_error	absolute_broad_cov_error	aceseq_copy_number	aceseq_minor_cn	aceseq_major_cn	battenberg_nMaj1_A	battenberg_nMin1_A	battenberg_frac1_A	battenberg_nMaj2_A	battenberg_nMin2_A	battenberg_frac2_A	battenberg_SDfrac_A	battenberg_SDfrac_A_BS	battenberg_frac1_A_0.025	battenberg_frac1_A_0.975	clonehd_copy_number	clonehd_minor_cn	clonehd_major_cn	sclust_nMaj1_A	sclust_nMin1_A	sclust_frac1_A	sclust_nMaj2_A	sclust_nMin2_A	sclust_frac2_A	jabba_copy_number	jabba_minor_cn	jabba_major_cn
1	10001	121499999	3	3	0	2	d	3	2.67	0	0.0577924585969	0.278505656926	2.629474	0.050289202	2.5791851	3	0	1	NA	NA	NA	NA	NA	NA	NA	3	0	3	3	0	1	NA	NA	NA	NA	NA	NA
1	121500000	128899999	3	3	0	1	g	NA	NA	NA	NA	NA	2.629474	0.050289202	2.5791851	NA	NA	NA	NA	NA	NA	NA	NA	NA	NA	NA	NA	NA	3	0	1	NA	NA	NA	NA	NA	NA
1	128900000	142577938	3	3	0	2	f	2	2.6	0	0.05	0.1	NA	NA	NA	NA	NA	NA	NA	NA	NA	NA	NA	NA	NA	NA	NA	NA	3	0	1	NA	NA	NA	NA	NA	NA
1	142577939	247247500	3	3	0	2	d	4	2.67	0	0.0511270098724	0.250898171223	3	0	3	3	0	1	NA	NA	NA	NA	NA	NA	NA	3	0	3	3	0	1	NA	NA	NA	NA	NA	NA
1	247247501	249250620	3	3	0	2	d	3	NA	NA	NA	NA	3.210774	0.059604995	3.1511689	3	0	1	NA	NA	NA	NA	NA	NA	NA	3	0	3	3	0	1	NA	NA	NA	NA	NA	NA
2	20192	4629732	2	1	1	2	d	4	1	1	0.0812231736876	0.250548199371	2	1	1	1	0	0.130000130000129	1	1	0.869999869999871	0.0123760014649692	0.0120344169014398	0.126297467415804	0.172351093732087	2	1	1	1	1	1	NA	NA	NA	NA	NA	NA
2	4629733	5137853	1	1	0	2	d	3	1	0	0.0949426004728	0.133868269709	1.25305	0.130776307	1.12227404	1	0	0.945455490910037	1	1	0.0545445090899628	0.013395663373173	0.0137424433833134	0.893971618833546	0.946395354461748	1	0	1	1	0	1	NA	NA	NA	NA	NA	NA
2	5137854	87544489	2	1	1	2	d	3	1	1	0.0639909751468	0.17911539121	2.159953	1.07997673	1.07997673	1	1	0.899999899999903	2	1	0.100000100000097	0.00342129186557721	0.00346638981502579	0.879047323715021	0.892597235466755	2	1	1	1	1	1	NA	NA	NA	NA	NA	NA
2	87544490	90499999	3	2	1	2	d	4	2	1	0.0725312731819	0.326311018765	3.166299	1.096577995	2.06972141	2	1	1	NA	NA	NA	NA	NA	NA	NA	3	1	2	2	1	1	NA	NA	NA	NA	NA	NA
2	90500000	96799999	3	2	1	2	d	3	2	1	0.05	0.434703305711	3.166299	1.096577995	2.06972141	NA	NA	NA	NA	NA	NA	NA	NA	NA	NA	3	1	2	2	1	1	NA	NA	NA	NA	NA	NA
2	96800000	97859066	3	2	1	2	d	2	2	1	0.0627403406578	0.414873092042	3.247615	1.23442897	2.01318561	2	1	1	NA	NA	NA	NA	NA	NA	NA	4	1	3	2	2	0.140941	2	1	0.859059	NA	NA	NA
2	97859067	109949952	3	2	1	3	b	5	2	1	0.0777776809964	0.2428036202	3	1	2	2	1	1	NA	NA	NA	NA	NA	NA	NA	3	1	2	2	1	1	NA	NA	NA	NA	NA	NA
2	109949953	110448821	2	1	1	2	d	3	1	1	0.0656715050667	0.201742956568	2	1	1	1	1	0.837499837499839	2	1	0.162500162500161	0.0575975730888657	0.0614969763152251	0.631242489110379	0.871676842860706	3	1	2	1	1	1	NA	NA	NA	NA	NA	NA
2	110448822	206320917	3	2	1	2	d	4	1.83	1	0.0781858872773	0.25843556601	3	1	2	2	1	1	NA	NA	NA	NA	NA	NA	NA	3	1	2	2	1	1	NA	NA	NA	NA	NA	NA
2	206320918	206324769	3	2	1	2	d	4	1.83	1	0.05	0.1	3	1	2	2	1	1	NA	NA	NA	NA	NA	NA	NA	3	1	2	2	1	1	NA	NA	NA	NA	NA	NA
2	206324770	242972034	3	2	1	2	d	4	1.83	1	0.0798538738422	0.306967088569	3	1	2	2	1	1	NA	NA	NA	NA	NA	NA	NA	3	1	2	2	1	1	NA	NA	NA	NA	NA	NA
3	62226	5433447	3	2	1	2	d	4	2.1	1	0.0794766948166	0.268189294627	3	1	2	2	1	1	NA	NA	NA	NA	NA	NA	NA	3	1	2	2	1	1	NA	NA	NA	NA	NA	NA
3	5433448	5433525	3	2	1	2	d	4	2	1	0.05	0.1	3	1	2	2	1	1	NA	NA	NA	NA	NA	NA	NA	NA	NA	NA	2	1	1	NA	NA	NA	NA	NA	NA
3	5433526	60264719	3	2	1	3	b	5	2	1	0.077968682234	0.268035203361	3	1	2	2	1	1	NA	NA	NA	NA	NA	NA	NA	3	1	2	2	1	1	NA	NA	NA	NA	NA	NA
3	60264720	60270723	2	1	1	2	d	3	2	1	0.05	0.1	2.506548	1.253273849	1.25327385	1	1	1	NA	NA	NA	NA	NA	NA	NA	2	1	1	1	1	1	NA	NA	NA	NA	NA	NA
3	60270724	60406961	3	2	1	2	d	4	2.67	1	0.0750277205875	0.280337538754	3	1	2	2	1	1	NA	NA	NA	NA	NA	NA	NA	3	1	2	2	1	1	NA	NA	NA	NA	NA	NA
3	60406962	60427706	2	1	1	3	b	5	1	1	0.05	0.1	2	1	1	1	1	1	NA	NA	NA	NA	NA	NA	NA	2	1	1	1	1	1	NA	NA	NA	NA	NA	NA
3	60427707	87899999	3	2	1	3	b	5	2	1	0.0759304169087	0.226765209204	3	1	2	2	1	1	NA	NA	NA	NA	NA	NA	NA	3	1	2	2	1	1	NA	NA	NA	NA	NA	NA
3	87900000	93899999	3	2	1	2	d	4	2	1	0.0756554661111	0.220914273529	3.166123	1.090025513	2.076097	2	1	1	NA	NA	NA	NA	NA	NA	NA	3	1	2	2	1	1	NA	NA	NA	NA	NA	NA
3	93900000	154469930	3	2	1	3	b	5	2	1	0.0774200649649	0.251855381165	3	1	2	2	1	1	NA	NA	NA	NA	NA	NA	NA	3	1	2	2	1	1	NA	NA	NA	NA	NA	NA
3	154469931	174449585	3	2	1	3	b	5	2	1	0.0781839733436	0.246463438235	3	1	2	2	1	1	NA	NA	NA	NA	NA	NA	NA	3	1	2	2	1	1	NA	NA	NA	NA	NA	NA
3	174449586	174678202	2	1	1	2	d	2	1.46	1	0.0782309164068	0.180616007532	2.613945	1.120087382	1.49385755	1	1	0.641003825104245	2	1	0.358996174895755	0.0519037441205706	0.0541438238751289	0.451488255678487	0.659442506603915	2	1	1	1	1	1	NA	NA	NA	NA	NA	NA
3	174678203	197847500	3	2	1	3	b	5	2	1	0.0773352264597	0.242409660369	3	1	2	2	1	1	NA	NA	NA	NA	NA	NA	NA	3	1	2	2	1	1	NA	NA	NA	NA	NA	NA
4	27500	31336292	2	2	0	2	d	4	2.16	0	0.0683652614244	0.276709705207	2	0	2	2	0	1	NA	NA	NA	NA	NA	NA	NA	2	0	2	2	0	1	NA	NA	NA	NA	NA	NA
4	31336293	31341545	1	1	0	2	d	2	2.16	0	0.05	0.1	1.79695	0.331645699	1.46530385	1	0	1	NA	NA	NA	NA	NA	NA	NA	1	0	1	2	0	1	NA	NA	NA	NA	NA	NA
4	31341546	43242998	2	2	0	2	d	4	2.1	0	0.0679857025384	0.174832267766	2	0	2	2	0	1	NA	NA	NA	NA	NA	NA	NA	2	0	2	2	0	1	NA	NA	NA	NA	NA	NA
4	43242999	43342132	0	0	0	2	f	3	0	0	0.05	0.0456229454949	0.20638	0.103190115	0.10319011	0	0	1	NA	NA	NA	NA	NA	NA	NA	1	0	1	2	0	1	NA	NA	NA	NA	NA	NA
4	43342133	48199999	2	2	0	2	d	4	2.1	0	0.0613420216007	0.191885105743	2	0	2	2	0	1	NA	NA	NA	NA	NA	NA	NA	2	0	2	2	0	1	NA	NA	NA	NA	NA	NA
4	48200000	52699999	2	2	0	2	d	3	2.1	0	0.05	0.440994289311	2	0	2	11	0	1	NA	NA	NA	NA	NA	NA	NA	2	0	2	2	0	1	NA	NA	NA	NA	NA	NA
4	52700000	68715404	2	2	0	2	d	4	2.1	0	0.0712411650906	0.177694049633	2	0	2	2	0	1	NA	NA	NA	NA	NA	NA	NA	2	0	2	2	0	1	NA	NA	NA	NA	NA	NA
4	68715405	91986461	2	2	0	2	d	4	2.1	0	0.0635136636037	0.185178440321	2	0	2	2	0	1	NA	NA	NA	NA	NA	NA	NA	2	0	2	2	0	1	NA	NA	NA	NA	NA	NA
4	91986462	92005875	2	2	0	2	d	3	2	0	0.05	0.1	2	0	2	1	0	1	NA	NA	NA	NA	NA	NA	NA	1	0	1	2	0	1	NA	NA	NA	NA	NA	NA
4	92005876	106707458	2	2	0	2	d	4	2.1	0	0.0597513986935	0.190313808991	2	0	2	2	0	1	NA	NA	NA	NA	NA	NA	NA	2	0	2	2	0	1	NA	NA	NA	NA	NA	NA
4	106707459	106766987	2	2	0	1	g	NA	NA	NA	NA	NA	2	0	2	0	0	1	NA	NA	NA	NA	NA	NA	NA	1	0	1	2	0	1	NA	NA	NA	NA	NA	NA
4	106766988	191154275	2	2	0	2	d	4	2.16	0	0.0678325082036	0.193007227126	2	0	2	2	0	1	NA	NA	NA	NA	NA	NA	NA	2	0	2	2	0	1	NA	NA	NA	NA	NA	NA
5	39259	1765485	4	3	1	2	e	3	2.41	0.9	0.102590772092	0.796248938849	3.05389	0.786928288	2.26696175	2	1	0.27622143122931	3	1	0.72377856877069	0.0308770166484791	0.0304875922656971	0.215897743723086	0.337134644496185	5	1	4	3	1	1	NA	NA	NA	NA	NA	NA
5	1765486	5867815	4	3	1	2	d	2	2.41	0.9	0.0840426586123	0.306705451651	3.650216	0.998460905	2.65175496	2	1	0.27622143122931	3	1	0.72377856877069	0.0308770166484791	0.0304875922656971	0.215897743723086	0.337134644496185	4	1	3	3	1	1	NA	NA	NA	NA	NA	NA
5	5867816	5868068	3	2	1	2	f	1	2.41	0.9	0.05	0.1	3.650216	0.998460905	2.65175496	NA	NA	NA	NA	NA	NA	NA	NA	NA	NA	NA	NA	NA	3	1	1	NA	NA	NA	NA	NA	NA
5	5868069	40301871	4	3	1	2	d	2	2.41	0.9	0.0728077954839	0.237017674747	3.93479	1.101453385	2.83333653	2	1	0.30999830999831	3	1	0.69000169000169	0.00900785783488012	0.008674519555425	0.287663565021808	0.321637465403281	4	1	3	3	1	1	NA	NA	NA	NA	NA	NA
5	40301872	40302065	4	3	1	2	d	2	2.41	0.9	0.05	0.1	3.93479	1.101453385	2.83333653	3	1	0.747059511765394	3	2	0.252940488234606	NA	0	0.747059511765394	0.747059511765394	4	1	3	3	1	1	NA	NA	NA	NA	NA	NA
5	40302066	40308779	4	3	1	2	d	2	2.41	0.9	0.05	0.1	NA	NA	NA	3	1	1	NA	NA	NA	NA	NA	NA	NA	NA	NA	NA	3	1	1	NA	NA	NA	NA	NA	NA
5	40308780	40308818	4	3	1	1	g	NA	2.41	0.9	0.05	0.1	NA	NA	NA	5	0	1	NA	NA	NA	NA	NA	NA	NA	NA	NA	NA	3	1	1	NA	NA	NA	NA	NA	NA
5	40308819	46099999	4	3	1	2	d	2	2.41	0.9	0.0723109650399	0.229073687433	3.996342	1.112260516	2.8840819	3	1	0.860558024405434	3	2	0.139441975594566	0.00997256318302836	0.010278166662094	0.838821119313753	0.880232917922796	4	1	3	3	1	1	NA	NA	NA	NA	NA	NA
5	46100000	50699999	NA	NA	NA	NA	NA	NA	2.49	1	0.0752330074239	0.461288992923	4.497928	1.290950074	3.20697821	NA	NA	NA	NA	NA	NA	NA	NA	NA	NA	4	1	3	3	1	1	NA	NA	NA	NA	NA	NA
5	50700000	52078650	3	2	1	2	e	4	2.77	1	0.0687238575217	0.232304670625	3.973478	1.085714384	2.88776394	2	1	0.31178881439474	3	1	0.68821118560526	0.0398270395718991	0.0389285066945149	0.236233321523428	0.385251389165	3	1	2	3	1	1	NA	NA	NA	NA	NA	NA
5	52078651	52080320	4	3	1	1	g	NA	NA	NA	NA	NA	3.973478	1.085714384	2.88776394	NA	NA	NA	NA	NA	NA	NA	NA	NA	NA	1	0	1	3	1	1	NA	NA	NA	NA	NA	NA
5	52080321	52081134	5	3	2	1	g	NA	NA	NA	NA	NA	NA	NA	NA	NA	NA	NA	NA	NA	NA	NA	NA	NA	NA	NA	NA	NA	3	2	1	NA	NA	NA	NA	NA	NA
5	52081135	53124811	5	3	2	2	d	3	2.6	2	0.0558122107975	0.305976014023	4.810804	1.9705513	2.84025233	3	2	1	NA	NA	NA	NA	NA	NA	NA	5	2	3	3	2	1	NA	NA	NA	NA	NA	NA
5	53124812	53125568	5	3	2	2	f	2	NA	NA	NA	NA	4.810804	1.9705513	2.84025233	NA	NA	NA	NA	NA	NA	NA	NA	NA	NA	NA	NA	NA	3	2	1	NA	NA	NA	NA	NA	NA
5	53125569	58779874	3	3	0	2	d	3	2.49	0	0.0459936848506	0.200496825488	2.869791	0.043398697	2.82639204	3	0	1	NA	NA	NA	NA	NA	NA	NA	3	0	3	3	0	1	NA	NA	NA	NA	NA	NA
5	58779875	58834644	2	2	0	2	e	4	2.77	0	0.05	0.15448284787	2.869791	0.043398697	2.82639204	2	0	0.449988949988941	3	0	0.550011050011059	0.106149688217069	0.0911970882881187	0.427925464487812	0.773754157235422	2	0	2	3	0	1	NA	NA	NA	NA	NA	NA
5	58834645	59359041	3	3	0	2	d	2	2.77	0	0.0550018249918	0.215617000907	2.849423	0.04869523	2.80072786	2	0	0.449988949988941	3	0	0.550011050011059	0.106149688217069	0.0911970882881187	0.427925464487812	0.773754157235422	3	0	3	3	0	1	NA	NA	NA	NA	NA	NA
5	59359042	60918656	4	3	1	2	d	3	2.83	1	0.0719325154181	0.294720785687	3.856876	1.012500359	2.84437566	3	1	1	NA	NA	NA	NA	NA	NA	NA	4	1	3	3	1	1	NA	NA	NA	NA	NA	NA
5	60918657	61131363	5	3	2	2	d	2	3	1.6	0.0744381506152	0.286077785765	4.231372	1.622960098	2.60841204	3	2	1	NA	NA	NA	NA	NA	NA	NA	5	2	3	3	1	1	NA	NA	NA	NA	NA	NA
5	61131364	93377333	3	3	0	2	d	4	3	0	0.051613480088	0.258286180679	2.858687	0.04955699	2.80913002	3	0	1	NA	NA	NA	NA	NA	NA	NA	3	0	3	3	0	1	NA	NA	NA	NA	NA	NA
5	93377334	93663194	2	2	0	2	d	3	3	0	0.05	0.187545616046	2.858687	0.04955699	2.80913002	2	0	1	NA	NA	NA	NA	NA	NA	NA	2	0	2	2	0	1	NA	NA	NA	NA	NA	NA
5	93663195	171652979	3	3	0	2	d	4	3	0	0.0516931577982	0.290797501738	2.867671	0.043206001	2.82446507	3	0	1	NA	NA	NA	NA	NA	NA	NA	3	0	3	3	0	1	NA	NA	NA	NA	NA	NA
5	171652980	171668531	3	3	0	2	d	2	3	0	0.05	0.1	2.867671	0.043206001	2.82446507	2	0	1	NA	NA	NA	NA	NA	NA	NA	NA	NA	NA	3	0	1	NA	NA	NA	NA	NA	NA
5	171668532	180666881	3	3	0	2	d	4	3	0	0.0535274508529	0.361657775345	2.864441	0.042912327	2.82152833	3	0	1	NA	NA	NA	NA	NA	NA	NA	3	0	3	3	0	1	NA	NA	NA	NA	NA	NA
5	180666882	180714439	4	4	0	2	f	2	4	0	0.05	0.1	2.864441	0.042912327	2.82152833	5	0	1	NA	NA	NA	NA	NA	NA	NA	1	0	1	4	0	1	NA	NA	NA	NA	NA	NA
6	39681	237105	3	2	1	2	d	2	1.77	0.9	0.05	0.1	NA	NA	NA	2	1	1	NA	NA	NA	NA	NA	NA	NA	NA	NA	NA	2	1	1	NA	NA	NA	NA	NA	NA
6	237106	29920326	3	2	1	2	d	4	1.77	0.9	0.078619328877	0.23315991553	3	1	2	2	1	1	NA	NA	NA	NA	NA	NA	NA	3	1	2	2	1	1	NA	NA	NA	NA	NA	NA
6	29920327	29920349	3	2	1	2	d	3	1.77	0.9	0.05	0.1	3	1	2	2	1	1	NA	NA	NA	NA	NA	NA	NA	1	0	1	2	1	1	NA	NA	NA	NA	NA	NA
6	29920350	29920465	3	2	1	2	d	2	1.77	0.9	0.05	0.1	NA	NA	NA	2	1	1	NA	NA	NA	NA	NA	NA	NA	1	0	1	2	1	1	NA	NA	NA	NA	NA	NA
6	29920466	29920486	3	2	1	2	d	2	1.77	0.9	0.05	0.1	NA	NA	NA	2	1	1	NA	NA	NA	NA	NA	NA	NA	1	0	1	2	1	1	NA	NA	NA	NA	NA	NA
6	29920487	29920549	3	2	1	2	d	2	1.77	0.9	0.05	0.1	NA	NA	NA	2	1	1	NA	NA	NA	NA	NA	NA	NA	1	0	1	2	1	1	NA	NA	NA	NA	NA	NA
6	29920550	29920585	3	2	1	2	d	2	1.77	0.9	0.05	0.1	NA	NA	NA	2	1	1	NA	NA	NA	NA	NA	NA	NA	1	0	1	2	1	1	NA	NA	NA	NA	NA	NA
6	29920586	29920602	3	2	1	2	d	2	1.77	0.9	0.05	0.1	NA	NA	NA	2	1	1	NA	NA	NA	NA	NA	NA	NA	1	0	1	2	1	1	NA	NA	NA	NA	NA	NA
6	29920603	29920633	3	2	1	2	d	2	1.77	0.9	0.05	0.1	NA	NA	NA	2	1	1	NA	NA	NA	NA	NA	NA	NA	1	0	1	2	1	1	NA	NA	NA	NA	NA	NA
6	29920634	29920660	3	2	1	2	d	2	1.77	0.9	0.05	0.1	NA	NA	NA	2	1	1	NA	NA	NA	NA	NA	NA	NA	1	0	1	2	1	1	NA	NA	NA	NA	NA	NA
6	29920661	29920671	3	2	1	2	d	2	1.77	0.9	0.05	0.1	NA	NA	NA	2	1	1	NA	NA	NA	NA	NA	NA	NA	1	0	1	2	1	1	NA	NA	NA	NA	NA	NA
6	29920672	29922575	3	2	1	2	d	3	1.77	0.9	0.05	0.1	3	1	2	2	1	1	NA	NA	NA	NA	NA	NA	NA	1	0	1	2	1	1	NA	NA	NA	NA	NA	NA
6	29922576	29922872	3	2	1	2	d	3	1.77	0.9	0.05	0.1	3	1	2	2	1	1	NA	NA	NA	NA	NA	NA	NA	NA	NA	NA	2	1	1	NA	NA	NA	NA	NA	NA
6	29922873	36126707	3	2	1	2	d	3	1.77	0.9	0.0832725437258	0.288012175918	2.906165	1.007440338	1.89872452	2	1	1	NA	NA	NA	NA	NA	NA	NA	3	1	2	2	1	1	NA	NA	NA	NA	NA	NA
6	36126708	48877478	5	3	2	2	d	3	2.49	1.67	0.0614700308917	0.320720413499	4.813435	1.961294165	2.85214094	3	2	1	NA	NA	NA	NA	NA	NA	NA	5	2	3	3	2	1	NA	NA	NA	NA	NA	NA
6	48877479	49067729	3	2	1	2	f	3	1.6	1.6	0.05	0.319909417108	4.813435	1.961294165	2.85214094	2	1	0.141738376363074	2	2	0.858261623636926	0.0227441941421902	0.0233655703835129	0.0944910612241979	0.187887421496157	3	1	2	2	2	1	NA	NA	NA	NA	NA	NA
6	49067730	49072213	4	2	2	1	g	NA	1.6	1.6	0.05	0.1	NA	NA	NA	2	1	0.141738376363074	2	2	0.858261623636926	0.0227441941421902	0.0233655703835129	0.0944910612241979	0.187887421496157	NA	NA	NA	2	2	1	NA	NA	NA	NA	NA	NA
6	49072214	52680599	4	2	2	2	d	3	1.6	1.6	0.0472071694363	0.213797829999	4	2	2	2	1	0.141738376363074	2	2	0.858261623636926	0.0227441941421902	0.0233655703835129	0.0944910612241979	0.187887421496157	4	2	2	2	2	1	NA	NA	NA	NA	NA	NA
6	52680600	53652636	5	3	2	2	d	2	2.31	1.67	0.0505904123154	0.25626881041	4.863346	1.975173734	2.88817232	3	2	1	NA	NA	NA	NA	NA	NA	NA	6	3	3	3	2	1	NA	NA	NA	NA	NA	NA
6	53652637	54476596	4	2	2	2	d	3	1.6	1.6	0.0449568778961	0.228212226137	3.886028	1.943014099	1.9430141	2	2	1	NA	NA	NA	NA	NA	NA	NA	4	2	2	2	2	1	NA	NA	NA	NA	NA	NA
6	54476597	56621004	3	2	1	2	d	4	1.6	0.84	0.0758091584263	0.179730308085	3	1	2	2	1	1	NA	NA	NA	NA	NA	NA	NA	3	1	2	2	1	1	NA	NA	NA	NA	NA	NA
6	56621005	56621755	3	2	1	2	d	2	NA	NA	NA	NA	3	1	2	NA	NA	NA	NA	NA	NA	NA	NA	NA	NA	NA	NA	NA	2	1	1	NA	NA	NA	NA	NA	NA
6	56621756	56636275	5	3	2	1	g	NA	2	2	0.05	0.1	NA	NA	NA	4	1	0.293334026667361	4	2	0.706665973332639	NA	0	0.293334026667361	0.293334026667361	NA	NA	NA	3	3	0.0803282	3	2	0.919672	NA	NA	NA
6	56636276	57312500	5	3	2	2	d	2	2	2	0.0625337693743	0.257789047878	4.81759	1.958830028	2.8587603	3	2	1	NA	NA	NA	NA	NA	NA	NA	5	2	3	3	3	0.0803282	3	2	0.919672	NA	NA	NA
6	57312501	58699999	3	2	1	2	d	3	2	1	0.0635396802235	0.321022134253	3.297613	1.144956695	2.15265632	2	1	0.894444950000507	2	2	0.105555049999493	0.0547437970359461	0.052971104392057	0.778905389009717	0.988782788721944	3	1	2	2	1	1	NA	NA	NA	NA	NA	NA
6	58700000	63299999	3	2	1	2	d	3	2	1	0.075082755605	0.231301429926	3.179115	1.099306809	2.07980865	NA	NA	NA	NA	NA	NA	NA	NA	NA	NA	3	1	2	2	1	1	NA	NA	NA	NA	NA	NA
6	63300000	69865776	3	2	1	2	d	4	2	1	0.0780943214388	0.216137955178	3	1	2	2	1	1	NA	NA	NA	NA	NA	NA	NA	2	1	1	2	1	1	NA	NA	NA	NA	NA	NA
6	69865777	69865822	3	2	1	2	d	4	2	1	0.05	0.1	3	1	2	2	1	1	NA	NA	NA	NA	NA	NA	NA	NA	NA	NA	2	1	1	NA	NA	NA	NA	NA	NA
6	69865823	162417024	3	2	1	3	b	5	2	1	0.077649532134	0.225225494898	3	1	2	2	1	1	NA	NA	NA	NA	NA	NA	NA	3	1	2	2	1	1	NA	NA	NA	NA	NA	NA
6	162417025	162447151	1	1	0	2	d	4	1	0	0.105646387641	0.1	1.38149	0.126873534	1.25461681	1	0	1	NA	NA	NA	NA	NA	NA	NA	1	0	1	1	0	1	NA	NA	NA	NA	NA	NA
6	162447152	162510600	2	1	1	2	d	3	1	1	0.0771175202389	0.286419124957	2.222132	1.111065839	1.11106584	1	1	1	NA	NA	NA	NA	NA	NA	NA	2	1	1	1	0	0.411104	1	1	0.588896	NA	NA	NA
6	162510601	162521375	2	1	1	2	d	3	1	1	0.05	0.1	2.222132	1.111065839	1.11106584	1	1	1	NA	NA	NA	NA	NA	NA	NA	2	1	1	2	0	1	NA	NA	NA	NA	NA	NA
6	162521376	162547683	2	2	0	2	d	2	2	0	0.05	0.1	NA	NA	NA	NA	NA	NA	NA	NA	NA	NA	NA	NA	NA	NA	NA	NA	2	0	1	NA	NA	NA	NA	NA	NA
6	162547684	162760008	2	2	0	2	d	4	2	0	0.05	0.175320293155	2	0	2	1	0	0.724994474994474	2	0	0.275005525005526	0.929393373434069	0.122031929381231	1.59466079075645	2.06931961643654	2	0	2	2	0	1	NA	NA	NA	NA	NA	NA
6	162760009	162844465	1	1	0	3	b	5	1	0	0.115522360963	0.209670387269	1	0	1	1	0	1	NA	NA	NA	NA	NA	NA	NA	1	0	1	1	0	1	NA	NA	NA	NA	NA	NA
6	162844466	162850670	3	2	1	1	g	NA	1	0	0.05	0.1	1	0	1	2	0	1	NA	NA	NA	NA	NA	NA	NA	2	0	2	2	1	1	NA	NA	NA	NA	NA	NA
6	162850671	170909942	3	2	1	2	d	4	2	1	0.0780753578505	0.397746414211	2.75542	0.939434769	1.81598572	2	1	1	NA	NA	NA	NA	NA	NA	NA	3	1	2	2	1	1	NA	NA	NA	NA	NA	NA
7	39835	40510678	4	3	1	2	d	4	2.6	0.84	0.0717964718089	0.335404286417	4	1	3	3	1	1	NA	NA	NA	NA	NA	NA	NA	4	1	3	3	1	1	NA	NA	NA	NA	NA	NA
7	40510679	40537822	4	3	1	2	d	3	2.6	0.84	0.05	0.1	4	1	3	3	1	1	NA	NA	NA	NA	NA	NA	NA	NA	NA	NA	3	1	1	NA	NA	NA	NA	NA	NA
7	40537823	57999999	4	3	1	2	d	4	2.6	0.84	0.0733901081774	0.297751044932	4	1	3	3	1	1	NA	NA	NA	NA	NA	NA	NA	4	1	3	3	1	1	NA	NA	NA	NA	NA	NA
7	58000000	61699999	4	3	1	2	d	2	2.6	0.84	0.05	1.15173618667	4	1	3	NA	NA	NA	NA	NA	NA	NA	NA	NA	NA	NA	NA	NA	3	1	1	NA	NA	NA	NA	NA	NA
7	61700000	76279001	4	3	1	2	f	3	2.83	1	0.0691418814507	0.354796053429	4.559718	1.205015586	3.35470243	3	1	1	NA	NA	NA	NA	NA	NA	NA	5	1	4	NA	NA	NA	NA	NA	NA	NA	NA	NA
7	76279002	110576514	4	3	1	2	d	4	2.83	1	0.0712863623374	0.275516932933	4	1	3	3	1	1	NA	NA	NA	NA	NA	NA	NA	4	1	3	3	1	1	NA	NA	NA	NA	NA	NA
7	110576515	110581420	4	3	1	2	d	4	2.83	1	0.05	0.1	4	1	3	3	1	1	NA	NA	NA	NA	NA	NA	NA	4	1	3	3	1	1	NA	NA	NA	NA	NA	NA
7	110581421	158823007	4	3	1	2	d	4	2.83	1	0.0734131440621	0.323666034463	4	1	3	3	1	1	NA	NA	NA	NA	NA	NA	NA	4	1	3	3	1	1	NA	NA	NA	NA	NA	NA
8	159286	860558	2	1	1	2	d	2	1.1	1.16	0.0695962890484	0.290994269095	1.808054	0.904027013	0.90402701	1	0	0.197502798959616	1	1	0.802497201040383	0.0285430370765351	0.0270641518136732	0.184935661277031	0.291099570341332	2	1	1	1	1	1	NA	NA	NA	NA	NA	NA
8	860559	30380673	1	1	0	2	d	4	1.1	0	0.104593205783	0.17558302452	1	0	1	1	0	1	NA	NA	NA	NA	NA	NA	NA	1	0	1	1	0	1	NA	NA	NA	NA	NA	NA
8	30380674	33716164	2	1	1	3	b	5	1	1	0.0626090686352	0.174294278286	2	1	1	1	1	1	NA	NA	NA	NA	NA	NA	NA	2	1	1	1	1	1	NA	NA	NA	NA	NA	NA
8	33716165	34284767	1	1	0	2	d	3	1.1	0	0.0798295181103	0.105574173317	1.124489	0.049631472	1.07485781	1	0	1	NA	NA	NA	NA	NA	NA	NA	1	0	1	1	0	1	NA	NA	NA	NA	NA	NA
8	34284768	35570732	2	1	1	2	d	4	1	1	0.0622564351208	0.21979065311	2	1	1	1	0	0.108333441666777	1	1	0.891666558333223	0.0166602924491077	0.0173994234610051	0.0582901639045819	0.128110356040411	2	1	1	1	1	1	NA	NA	NA	NA	NA	NA
8	35570733	38155277	2	1	1	2	d	4	1	1	0.0642015433445	0.207959233934	2	1	1	1	1	0.855555411110968	2	1	0.144444588889032	0.0325252479823875	0.0354699211734287	0.673697938965975	0.81444558812197	2	1	1	1	1	1	NA	NA	NA	NA	NA	NA
8	38155278	39230024	5	4	1	2	e	3	4.49	1	0.064557737326	0.430897742464	5.563351	1.02705528	4.53629574	4	1	0.359996359996346	5	1	0.640003640003654	0.14513353949764	0.142423746114005	0.153410627939536	0.717346473884292	6	1	5	1	1	1	NA	NA	NA	NA	NA	NA
8	39230025	39397014	5	4	1	2	f	2	4.49	1	0.05	0.1	5.563351	1.02705528	4.53629574	1	0	1	NA	NA	NA	NA	NA	NA	NA	2	0	2	5	1	1	NA	NA	NA	NA	NA	NA
8	39397015	42234293	6	5	1	2	d	2	4.49	1	0.0565939845095	0.42259634203	5.566941	1.049558686	4.51738256	4	1	0.446663113329781	5	1	0.55333688667022	0.0777370889381981	0.0748543411378107	0.362007134068471	0.660138455736364	6	1	5	5	1	1	NA	NA	NA	NA	NA	NA
8	42234294	42510280	2	1	1	2	e	4	0.84	0.9	0.05	0.776431839	2.750109	1.265662624	1.48444625	1	1	0.841186577661273	2	1	0.158813422338727	0.0771620067565346	0.0839000907680441	0.566082409334784	0.898984210645525	1	0	1	2	1	0.262325	1	1	0.737675	NA	NA	NA
8	42510281	42620524	4	3	1	1	g	NA	0.84	0.9	0.05	0.120150487098	2.750109	1.265662624	1.48444625	2	0	1	NA	NA	NA	NA	NA	NA	NA	1	0	1	4	1	0.475472	3	1	0.524528	NA	NA	NA
8	42620525	42710826	4	3	1	1	g	NA	NA	NA	NA	NA	NA	NA	NA	5	2	1	NA	NA	NA	NA	NA	NA	NA	NA	NA	NA	4	1	0.475472	3	1	0.524528	NA	NA	NA
8	42710827	43099999	4	3	1	1	g	NA	NA	NA	NA	NA	NA	NA	NA	1	1	1	NA	NA	NA	NA	NA	NA	NA	NA	NA	NA	4	1	0.475472	3	1	0.524528	NA	NA	NA
8	43100000	48099999	NA	NA	NA	NA	NA	NA	3	1	0.05	0.811200363489	4.281051	0.985512504	3.29553824	NA	NA	NA	NA	NA	NA	NA	NA	NA	NA	4	1	3	4	1	0.475472	3	1	0.524528	NA	NA	NA
8	48100000	51124747	5	4	1	2	d	2	3	1	0.05	0.282463456959	4.469399	1.065184437	3.40421474	3	1	0.516842943337132	4	1	0.483157056662868	0.190525768797549	0.191289619951352	0.125505914304243	0.890428160305157	5	1	4	4	1	1	NA	NA	NA	NA	NA	NA
8	51124748	51649330	6	5	1	2	f	3	5	1	0.05	0.334047451362	6.337075	1.107921418	5.22915403	5	1	1	NA	NA	NA	NA	NA	NA	NA	5	1	4	6	1	1	NA	NA	NA	NA	NA	NA
8	51649331	53997724	4	3	1	2	e	4	2.67	0.69	0.0654868435753	0.265980078367	4.576559	1.047715577	3.52884359	3	1	0.546046689729348	4	1	0.453953310270652	0.0245163760682263	0.0246504632735483	0.496693174367093	0.59548661913707	4	1	3	4	1	1	NA	NA	NA	NA	NA	NA
8	53997725	61358642	5	4	1	2	d	2	2.67	0.69	0.0642249877518	0.257212420398	4.413443	1.024200332	3.38924271	3	1	0.546046689729348	4	1	0.453953310270652	0.0245163760682263	0.0246504632735483	0.496693174367093	0.59548661913707	5	1	4	4	1	1	NA	NA	NA	NA	NA	NA
8	61358643	64696117	7	6	1	2	d	2	4	0.69	0.0496952409653	0.287546556473	6.370041	1.057788292	5.31225247	5	1	1	NA	NA	NA	NA	NA	NA	NA	7	1	6	6	1	1	NA	NA	NA	NA	NA	NA
8	64696118	67843496	6	5	1	2	d	2	4	0.69	0.0516632980504	0.299406279062	6.244887	0.99492753	5.24995984	5	1	1	NA	NA	NA	NA	NA	NA	NA	6	1	5	6	1	1	NA	NA	NA	NA	NA	NA
8	67843497	91286669	4	3	1	2	f	3	2.31	0.59	0.065875069349	0.221104181244	4.521114	1.029756713	3.49135776	3	1	0.499997499997506	4	1	0.500002500002494	0.0161223721405253	0.0161171501214051	0.517523581212882	0.581521612038199	4	1	3	4	1	1	NA	NA	NA	NA	NA	NA
8	91286670	93898704	6	5	1	2	d	2	3.67	0.59	0.0435686754296	0.259998540898	6.1556	1.003907473	5.15169298	5	1	1	NA	NA	NA	NA	NA	NA	NA	6	1	5	6	1	1	NA	NA	NA	NA	NA	NA
8	93898705	113029748	5	4	1	2	d	2	2.31	0.59	0.0649887049241	0.200516752374	4.484764	1.028734649	3.45602984	3	1	0.505579878308753	4	1	0.494420121691247	0.018246055428156	0.0182054802336461	0.470288018174805	0.539135355679703	5	1	4	4	1	1	NA	NA	NA	NA	NA	NA
8	113029749	113032389	5	4	1	1	g	NA	2.31	0.59	0.05	0.1	4.484764	1.028734649	3.45602984	3	1	0.505579878308753	4	1	0.494420121691247	0.018246055428156	0.0182054802336461	0.470288018174805	0.539135355679703	NA	NA	NA	4	1	1	NA	NA	NA	NA	NA	NA
8	113032390	114487166	4	3	1	2	e	4	2.31	0.59	0.0634055265613	0.187872437423	4.49608	1.023337566	3.47274223	3	1	0.505579878308753	4	1	0.494420121691247	0.018246055428156	0.0182054802336461	0.470288018174805	0.539135355679703	4	1	3	4	1	0.563497	3	1	0.436503	NA	NA	NA
8	114487167	129853642	6	5	1	2	d	2	2.77	0.51	0.0558665371134	0.229543961815	5.35926	1.019465728	4.33979438	4	1	0.602665950664611	5	1	0.397334049335389	0.0197348715505934	0.0197538369901244	0.564248390539957	0.640413081813559	6	1	5	5	1	1	NA	NA	NA	NA	NA	NA
8	129853643	133477820	6	5	1	2	d	2	2.77	0.51	0.0571093128315	0.238968490942	5.166612	0.980671141	4.18594124	4	1	0.602665950664611	5	1	0.397334049335389	0.0197348715505934	0.0197538369901244	0.564248390539957	0.640413081813559	6	1	5	5	1	1	NA	NA	NA	NA	NA	NA
8	133477821	146364021	5	4	1	2	d	2	2.41	0.69	0.0658872473746	0.473384053351	4.307943	0.978642835	3.32930012	3	1	0.481247481247481	4	1	0.518752518752519	0.024105793451108	0.0231668079664055	0.473970837678254	0.563882628671807	5	1	4	4	1	1	NA	NA	NA	NA	NA	NA
9	10001	153760	3	3	0	2	d	2	3	1	0.05	0.1	NA	NA	NA	NA	NA	NA	NA	NA	NA	NA	NA	NA	NA	3	0	3	3	0	1	NA	NA	NA	NA	NA	NA
9	153761	23122940	3	3	0	2	d	4	2.83	0	0.0466384948655	0.219916745043	3	0	3	3	0	1	NA	NA	NA	NA	NA	NA	NA	3	0	3	3	0	1	NA	NA	NA	NA	NA	NA
9	23122941	31625424	3	3	0	2	d	4	2.83	0	0.0531772368337	0.218533954426	3	0	3	3	0	1	NA	NA	NA	NA	NA	NA	NA	3	0	3	3	0	1	NA	NA	NA	NA	NA	NA
9	31625425	44238065	3	3	0	2	d	3	2.83	0	0.0553747873822	0.388298300054	3	0	3	3	0	1	NA	NA	NA	NA	NA	NA	NA	4	0	4	3	0	1	NA	NA	NA	NA	NA	NA
9	44238066	45535245	3	3	0	2	d	3	2.83	0	0.05	0.87363415769	3	0	3	3	0	1	NA	NA	NA	NA	NA	NA	NA	3	0	3	2	0	1	NA	NA	NA	NA	NA	NA
9	45535246	47299999	2	2	0	2	f	1	2.83	0	0.05	0.642517790418	NA	NA	NA	NA	NA	NA	NA	NA	NA	NA	NA	NA	NA	NA	NA	NA	2	1	1	NA	NA	NA	NA	NA	NA
9	47300000	50699999	NA	NA	NA	NA	NA	NA	2.83	0	0.05	0.1	NA	NA	NA	NA	NA	NA	NA	NA	NA	NA	NA	NA	NA	NA	NA	NA	2	1	1	NA	NA	NA	NA	NA	NA
9	50700000	130841703	3	3	0	2	d	4	2.83	0	0.0504132630315	0.248014480229	3	0	3	3	0	1	NA	NA	NA	NA	NA	NA	NA	3	0	3	3	0	1	NA	NA	NA	NA	NA	NA
9	130841704	130867236	5	5	0	1	g	NA	2	0	0.05	0.1	3	0	3	2	0	1	NA	NA	NA	NA	NA	NA	NA	1	0	1	5	0	1	NA	NA	NA	NA	NA	NA
9	130867237	132089164	3	3	0	2	f	3	3.1	0	0.0495595906677	0.368372764296	3.432956	0.158955982	3.27400027	3	0	0.936413907378079	3	1	0.0635860926219207	0.015485719712603	0.0156005418736832	0.903982858856453	0.966422437121908	NA	NA	NA	5	0	1	NA	NA	NA	NA	NA	NA
9	132089165	137033267	4	4	0	2	d	2	3.1	0	0.0615818889878	0.488381802649	3	0	3	3	0	0.936413907378079	3	1	0.0635860926219207	0.015485719712603	0.0156005418736832	0.903982858856453	0.966422437121908	4	0	4	4	0	1	NA	NA	NA	NA	NA	NA
9	137033268	140273000	2	2	0	2	d	2	2.31	0	0.0854660374915	0.656037138033	1.772585	0.022206048	1.75037905	2	0	1	NA	NA	NA	NA	NA	NA	NA	NA	NA	NA	2	0	1	NA	NA	NA	NA	NA	NA
10	101023	37999999	3	2	1	2	d	4	1.67	0.84	0.0799244442592	0.21263101201	3	1	2	2	1	1	NA	NA	NA	NA	NA	NA	NA	3	1	2	2	1	1	NA	NA	NA	NA	NA	NA
10	38000000	42428162	3	2	1	2	d	3	1.67	0.84	0.05	0.292315052235	3	1	2	2	2	1	NA	NA	NA	NA	NA	NA	NA	3	1	2	2	1	1	NA	NA	NA	NA	NA	NA
10	42428163	53229665	3	2	1	2	d	4	2	1	0.0820642521033	0.34256484486	2.835922	0.968951893	1.86696984	2	1	1	NA	NA	NA	NA	NA	NA	NA	3	1	2	2	1	1	NA	NA	NA	NA	NA	NA
10	53229666	53414327	2	2	0	2	d	4	2	0	0.0704017459628	0.103374711309	2	0	2	1	0	0.349992849992844	2	0	0.650007150007156	0.0995830170046148	0.098794264849193	0.179888938227062	0.562099556800014	2	0	2	2	0	1	NA	NA	NA	NA	NA	NA
10	53414328	57294102	3	2	1	2	d	4	2.1	1.1	0.0764946866607	0.220630642608	3	1	2	2	1	1	NA	NA	NA	NA	NA	NA	NA	3	1	2	2	1	1	NA	NA	NA	NA	NA	NA
10	57294103	57320098	3	2	1	2	e	3	2.1	1.1	0.05	0.1	3	1	2	3	1	1	NA	NA	NA	NA	NA	NA	NA	3	1	2	3	1	1	NA	NA	NA	NA	NA	NA
10	57320099	103771025	3	2	1	2	d	4	2.1	1.1	0.0790233542827	0.281287437285	3	1	2	2	1	1	NA	NA	NA	NA	NA	NA	NA	3	1	2	2	1	1	NA	NA	NA	NA	NA	NA
10	103771026	104032812	3	2	1	1	g	NA	2	2	0.05	0.361986793147	3	1	2	2	2	1	NA	NA	NA	NA	NA	NA	NA	6	3	3	2	1	1	NA	NA	NA	NA	NA	NA
10	104032813	135379833	3	2	1	3	b	5	2	1	0.0788641041853	0.343863938668	3	1	2	2	1	1	NA	NA	NA	NA	NA	NA	NA	3	1	2	2	1	1	NA	NA	NA	NA	NA	NA
11	20721	227977	3	2	1	2	d	2	3	0	0.05	0.1	NA	NA	NA	2	1	1	NA	NA	NA	NA	NA	NA	NA	NA	NA	NA	2	1	1	NA	NA	NA	NA	NA	NA
11	227978	51599999	3	2	1	3	b	5	2	1	0.0794865039948	0.321769589662	3	1	2	2	1	1	NA	NA	NA	NA	NA	NA	NA	3	1	2	2	1	1	NA	NA	NA	NA	NA	NA
11	51600000	55699999	3	2	1	2	d	4	2	1	0.05	0.374921364889	3	1	2	2	2	1	NA	NA	NA	NA	NA	NA	NA	3	1	2	2	1	1	NA	NA	NA	NA	NA	NA
11	55700000	134455094	3	2	1	3	b	5	2	1	0.0785717187315	0.283269163565	3	1	2	2	1	1	NA	NA	NA	NA	NA	NA	NA	3	1	2	2	1	1	NA	NA	NA	NA	NA	NA
12	110107	29214547	3	3	0	3	b	5	3	0	0.0519335000568	0.239124874348	3	0	3	3	0	1	NA	NA	NA	NA	NA	NA	NA	3	0	3	3	0	1	NA	NA	NA	NA	NA	NA
12	29214548	33299999	3	3	0	2	d	4	3	0	0.0489007291628	0.240981891422	3.113144	0.055776303	3.05736779	3	0	1	NA	NA	NA	NA	NA	NA	NA	3	0	3	3	0	1	NA	NA	NA	NA	NA	NA
12	33300000	38199999	3	3	0	2	d	3	3	0	0.0531372510449	0.545712250821	3.594508	0.100946413	3.49356149	NA	NA	NA	NA	NA	NA	NA	NA	NA	NA	3	0	3	3	0	1	NA	NA	NA	NA	NA	NA
12	38200000	64141182	3	3	0	2	d	4	3	0	0.0469499911853	0.253943263009	3	0	3	3	0	0.905676719394477	3	1	0.0943232806055233	0.00519129604539664	0.00523641046188883	0.895245708212464	0.915481991382532	3	0	3	3	0	1	NA	NA	NA	NA	NA	NA
12	64141183	106799326	3	3	0	3	b	5	3	0	0.049597280875	0.217857583523	3	0	3	3	0	1	NA	NA	NA	NA	NA	NA	NA	3	0	3	3	0	1	NA	NA	NA	NA	NA	NA
12	106799327	106799889	3	3	0	2	d	4	3	0	0.05	0.1	3	0	3	3	0	1	NA	NA	NA	NA	NA	NA	NA	NA	NA	NA	3	0	1	NA	NA	NA	NA	NA	NA
12	106799890	107032580	3	3	0	3	b	5	3	0	0.0544733292622	0.305961705901	3	0	3	3	0	1	NA	NA	NA	NA	NA	NA	NA	3	0	3	3	0	1	NA	NA	NA	NA	NA	NA
12	107032581	107032797	3	3	0	2	d	2	4	0	0.05	0.1	3	0	3	NA	NA	NA	NA	NA	NA	NA	NA	NA	NA	NA	NA	NA	3	0	1	NA	NA	NA	NA	NA	NA
12	107032798	107076134	4	4	0	2	d	2	4	0	0.05	0.1	NA	NA	NA	4	0	1	NA	NA	NA	NA	NA	NA	NA	NA	NA	NA	3	0	1	NA	NA	NA	NA	NA	NA
12	107076135	107076186	3	3	0	1	g	NA	NA	NA	NA	NA	NA	NA	NA	NA	NA	NA	NA	NA	NA	NA	NA	NA	NA	1	0	1	3	0	1	NA	NA	NA	NA	NA	NA
12	107076187	107076783	3	3	0	1	g	NA	NA	NA	NA	NA	NA	NA	NA	NA	NA	NA	NA	NA	NA	NA	NA	NA	NA	NA	NA	NA	3	0	1	NA	NA	NA	NA	NA	NA
12	107076784	132349400	3	3	0	2	d	4	3	0	0.0538163025522	0.274652301855	3	0	3	3	0	1	NA	NA	NA	NA	NA	NA	NA	4	0	4	3	0	1	NA	NA	NA	NA	NA	NA
12	132349401	133851894	3	3	0	2	d	3	NA	NA	NA	NA	2.847891	0.028049965	2.81984109	3	0	1	NA	NA	NA	NA	NA	NA	NA	3	0	3	3	0	1	NA	NA	NA	NA	NA	NA
13	1	16299999	NA	NA	NA	NA	NA	NA	NA	NA	NA	NA	NA	NA	NA	NA	NA	NA	NA	NA	NA	NA	NA	NA	NA	NA	NA	NA	NA	NA	NA	NA	NA	NA	NA	NA	NA
13	16300000	19499999	5	4	1	2	d	2	3	1	0.05	1.03605378321	NA	NA	NA	4	1	1	NA	NA	NA	NA	NA	NA	NA	5	1	4	4	1	0.44367	3	1	0.55633	NA	NA	NA
13	19500000	58469205	5	4	1	2	d	3	3	0.69	0.0611550826209	0.286991964979	4.841507	0.998448429	3.84305866	4	1	1	NA	NA	NA	NA	NA	NA	NA	5	1	4	4	1	1	NA	NA	NA	NA	NA	NA
13	58469206	58469226	5	4	1	2	d	2	3	0.69	0.05	0.1	4.841507	0.998448429	3.84305866	4	1	1	NA	NA	NA	NA	NA	NA	NA	NA	NA	NA	4	1	1	NA	NA	NA	NA	NA	NA
13	58469227	85469678	5	4	1	2	d	2	3	0.69	0.0618642388225	0.246415003568	4.90027	1.020683643	3.87958682	4	1	1	NA	NA	NA	NA	NA	NA	NA	4	1	3	4	1	1	NA	NA	NA	NA	NA	NA
13	85469679	85477989	5	4	1	2	d	2	3	0.69	0.05	0.1	4.90027	1.020683643	3.87958682	4	1	1	NA	NA	NA	NA	NA	NA	NA	NA	NA	NA	4	1	1	NA	NA	NA	NA	NA	NA
13	85477990	114142800	5	4	1	2	d	3	3	0.69	0.0634591429642	0.292329093096	4.845334	1.010070715	3.83526346	4	1	1	NA	NA	NA	NA	NA	NA	NA	5	1	4	4	1	1	NA	NA	NA	NA	NA	NA
13	114142801	115169877	5	4	1	2	d	2	NA	NA	NA	NA	4.145629	0.840833908	3.30479552	4	1	1	NA	NA	NA	NA	NA	NA	NA	3	1	2	4	1	1	NA	NA	NA	NA	NA	NA
14	1	16099999	NA	NA	NA	NA	NA	NA	NA	NA	NA	NA	NA	NA	NA	NA	NA	NA	NA	NA	NA	NA	NA	NA	NA	NA	NA	NA	NA	NA	NA	NA	NA	NA	NA	NA	NA
14	16100000	19099999	4	3	1	1	g	NA	2	1	0.05	0.143423094958	NA	NA	NA	NA	NA	NA	NA	NA	NA	NA	NA	NA	NA	NA	NA	NA	3	1	1	NA	NA	NA	NA	NA	NA
14	19100000	26099223	3	2	1	2	d	3	2	1	0.0765163827854	0.555529811734	3.133121	1.091498025	2.04162259	2	1	1	NA	NA	NA	NA	NA	NA	NA	4	2	2	2	1	1	NA	NA	NA	NA	NA	NA
14	26099224	26107317	5	3	2	2	e	1	2	1	0.05	0.1	3.133121	1.091498025	2.04162259	2	0	1	NA	NA	NA	NA	NA	NA	NA	2	0	2	2	1	1	NA	NA	NA	NA	NA	NA
14	26107318	46222608	3	2	1	3	b	5	2	1	0.077981487842	0.232739802085	3	1	2	2	1	1	NA	NA	NA	NA	NA	NA	NA	3	1	2	2	1	1	NA	NA	NA	NA	NA	NA
14	46222609	103420672	2	2	0	2	d	3	2	0	0.0694663358272	0.186082539309	2.081802	0.107526807	1.97427476	2	0	0.936843200001096	2	1	0.063156799998904	0.00186014233432474	0.00188173679773417	0.905634048636343	0.913079170184704	2	0	2	2	0	1	NA	NA	NA	NA	NA	NA
14	103420673	106316800	3	2	1	2	e	4	2.1	1	0.0965415540484	0.992445060461	3.1045	1.056411917	2.04808794	2	1	1	NA	NA	NA	NA	NA	NA	NA	4	2	2	2	2	0.0201928	2	1	0.979807	NA	NA	NA
14	106316801	107349539	3	2	1	2	d	3	2.1	1	0.0709403800796	0.1	2.858268	0.996313291	1.86195469	2	1	1	NA	NA	NA	NA	NA	NA	NA	3	1	2	2	1	1	NA	NA	NA	NA	NA	NA
15	1	15799999	NA	NA	NA	NA	NA	NA	NA	NA	NA	NA	NA	NA	NA	NA	NA	NA	NA	NA	NA	NA	NA	NA	NA	NA	NA	NA	NA	NA	NA	NA	NA	NA	NA	NA	NA
15	15800000	20699999	2	2	0	2	d	2	2	0	0.05	0.991257764152	NA	NA	NA	NA	NA	1	NA	NA	NA	NA	NA	NA	NA	NA	NA	NA	2	0	1	NA	NA	NA	NA	NA	NA
15	20700000	83882782	2	2	0	3	b	5	2	0	0.0682957678965	0.224137543651	2	0	2	2	0	1	NA	NA	NA	NA	NA	NA	NA	2	0	2	2	0	1	NA	NA	NA	NA	NA	NA
15	83882783	100337000	3	3	0	3	b	5	3	0	0.0505976989723	0.237532077516	3	0	3	3	0	1	NA	NA	NA	NA	NA	NA	NA	3	0	3	3	0	1	NA	NA	NA	NA	NA	NA
15	100337001	102531391	3	3	0	2	d	2	NA	NA	NA	NA	2.807444	0.012434642	2.79500891	3	0	1	NA	NA	NA	NA	NA	NA	NA	4	0	4	3	0	1	NA	NA	NA	NA	NA	NA
16	9999	155965	3	2	1	2	d	2	2	1	0.05	0.1	NA	NA	NA	NA	NA	NA	NA	NA	NA	NA	NA	NA	NA	NA	NA	NA	2	1	1	NA	NA	NA	NA	NA	NA
16	155966	30398212	3	2	1	2	d	3	2	1	0.0818510938141	0.46142606773	3.174072	1.081710881	2.09236113	2	1	1	NA	NA	NA	NA	NA	NA	NA	4	2	2	2	1	1	NA	NA	NA	NA	NA	NA
16	30398213	30727201	16	14	2	1	g	NA	18	1	0.05	1.3985188315	3.174072	1.081710881	2.09236113	12	1	1	NA	NA	NA	NA	NA	NA	NA	8	0	8	14	2	1	NA	NA	NA	NA	NA	NA
16	30727202	30737228	13	11	2	1	g	NA	18	1	0.05	0.1	NA	NA	NA	12	1	1	NA	NA	NA	NA	NA	NA	NA	NA	NA	NA	11	2	1	NA	NA	NA	NA	NA	NA
16	30737229	30924597	13	11	2	1	g	NA	18	1	0.05	0.923109523289	NA	NA	NA	9	1	1	NA	NA	NA	NA	NA	NA	NA	8	1	7	11	2	1	NA	NA	NA	NA	NA	NA
16	30924598	32027499	5	4	1	2	d	2	4	1	0.071684607397	0.52014209086	5.367119	1.153948847	4.21317024	4	1	1	NA	NA	NA	NA	NA	NA	NA	6	1	5	5	2	0.252324	5	1	0.747676	NA	NA	NA
16	32027500	34599999	5	4	1	1	h	1	NA	NA	NA	NA	5.367119	1.153948847	4.21317024	1	1	1	NA	NA	NA	NA	NA	NA	NA	3	1	2	5	2	0.252324	5	1	0.747676	NA	NA	NA
16	34600000	38599999	NA	NA	NA	NA	NA	NA	NA	NA	NA	NA	NA	NA	NA	3	1	1	NA	NA	NA	NA	NA	NA	NA	5	1	4	4	1	1	NA	NA	NA	NA	NA	NA
16	38600000	78565988	3	2	1	2	d	4	2.16	1.1	0.0802350621413	0.277541283463	3	1	2	2	1	1	NA	NA	NA	NA	NA	NA	NA	3	1	2	2	1	1	NA	NA	NA	NA	NA	NA
16	78565989	78594502	3	2	1	2	f	3	2.16	1.1	0.05	0.1	3	1	2	1	1	1	NA	NA	NA	NA	NA	NA	NA	3	0	3	2	1	1	NA	NA	NA	NA	NA	NA
16	78594503	88826600	3	2	1	2	d	3	2.16	1.1	0.0827013941593	0.465551183254	3	1	2	2	1	1	NA	NA	NA	NA	NA	NA	NA	4	2	2	2	1	1	NA	NA	NA	NA	NA	NA
16	88826601	90107703	3	2	1	2	d	3	NA	NA	NA	NA	3	1	2	2	1	1	NA	NA	NA	NA	NA	NA	NA	NA	NA	NA	2	1	1	NA	NA	NA	NA	NA	NA
17	3587	12727325	2	2	0	2	d	3	2	0	0.0760292875209	0.232908078989	2.136116	0.054308638	2.08180765	2	0	1	NA	NA	NA	NA	NA	NA	NA	3	0	3	2	0	1	NA	NA	NA	NA	NA	NA
17	12727326	12742030	4	4	0	2	f	2	3.31	0	0.05	0.1	2.136116	0.054308638	2.08180765	5	0	1	NA	NA	NA	NA	NA	NA	NA	NA	NA	NA	4	0	1	NA	NA	NA	NA	NA	NA
17	12742031	12743035	3	3	0	2	f	1	3.31	0	0.05	0.1	NA	NA	NA	NA	NA	NA	NA	NA	NA	NA	NA	NA	NA	NA	NA	NA	4	0	1	NA	NA	NA	NA	NA	NA
17	12743036	12912213	4	4	0	2	d	2	3.31	0	0.0650701032715	0.324582582989	3.469508	0.058595074	3.41091295	3	0	1	NA	NA	NA	NA	NA	NA	NA	4	0	4	4	0	1	NA	NA	NA	NA	NA	NA
17	12912214	20308294	2	2	0	2	d	4	2	0	0.0672463493367	0.269669036788	2.101158	0.055250825	2.04590721	2	0	1	NA	NA	NA	NA	NA	NA	NA	2	0	2	2	0	1	NA	NA	NA	NA	NA	NA
17	20308295	21871032	2	2	0	2	d	3	2	0	0.0855687776988	0.465871670334	2.222155	0.040155105	2.18200033	2	0	1	NA	NA	NA	NA	NA	NA	NA	3	0	3	2	0	1	NA	NA	NA	NA	NA	NA
17	21871033	22199999	3	3	0	2	d	4	3	0	0.05	0.336308859682	3.663242	0.007756864	3.65548551	3	0	1	NA	NA	NA	NA	NA	NA	NA	3	0	3	3	0	1	NA	NA	NA	NA	NA	NA
17	22200000	25799999	NA	NA	NA	NA	NA	NA	3	0	0.0235916615978	0.573692276961	4.616226	0.036993209	4.57923311	NA	NA	NA	NA	NA	NA	NA	NA	NA	NA	5	0	5	6	0	1	NA	NA	NA	NA	NA	NA
17	25800000	26433889	4	4	0	1	g	NA	3	0	0.0515773382695	0.212376127864	3.602353	0	3.60235255	5	0	1	NA	NA	NA	NA	NA	NA	NA	5	0	5	4	0	1	NA	NA	NA	NA	NA	NA
17	26433890	26475882	6	6	0	2	d	3	4	0	0.05	0.1	3.602353	0	3.60235255	6	0	1	NA	NA	NA	NA	NA	NA	NA	6	0	6	6	0	1	NA	NA	NA	NA	NA	NA
17	26475883	26872400	6	6	0	1	g	NA	4	0	0.05	0.390582192541	NA	NA	NA	5	0	1	NA	NA	NA	NA	NA	NA	NA	7	0	7	6	0	1	NA	NA	NA	NA	NA	NA
17	26872401	30887465	5	5	0	2	d	2	3.1	0	0.0453730577983	0.411949666632	3.907197	0.08461215	3.82258479	4	0	1	NA	NA	NA	NA	NA	NA	NA	5	0	5	5	0	1	NA	NA	NA	NA	NA	NA
17	30887466	32065074	5	5	0	2	d	2	4.31	0	0.0360880986805	0.46326733679	4.341049	0.038720599	4.30232797	5	0	1	NA	NA	NA	NA	NA	NA	NA	6	0	6	5	0	1	NA	NA	NA	NA	NA	NA
17	32065075	33210023	6	6	0	2	d	2	5.83	0	0.0227772621623	0.396701548117	5.874852	0.052524779	5.8223272	6	0	1	NA	NA	NA	NA	NA	NA	NA	8	0	8	6	0	1	NA	NA	NA	NA	NA	NA
17	33210024	44790025	4	4	0	1	g	NA	3	0	0.046220046967	0.387037302547	3.662347	0.056792027	3.60555496	4	0	1	NA	NA	NA	NA	NA	NA	NA	5	0	5	4	0	1	NA	NA	NA	NA	NA	NA
17	44790026	51432405	4	4	0	2	d	3	3.6	0	0.0436490094176	0.367866042837	3.574495	0.058346192	3.51614861	4	0	1	NA	NA	NA	NA	NA	NA	NA	4	0	4	4	0	1	NA	NA	NA	NA	NA	NA
17	51432406	51518416	3	3	0	2	f	2	3	0	0.05	0.169624694448	3.574495	0.058346192	3.51614861	4	0	1	NA	NA	NA	NA	NA	NA	NA	NA	NA	NA	2	0	1	NA	NA	NA	NA	NA	NA
17	51518417	78011842	2	2	0	2	d	4	2	0	0.0712504751125	0.222501409321	2.137857	0.048236285	2.08962024	2	0	1	NA	NA	NA	NA	NA	NA	NA	2	0	2	2	0	1	NA	NA	NA	NA	NA	NA
17	78011843	78794667	3	3	0	2	d	2	3.31	0	0.0738903145963	0.656906986746	2.855401	0	2.85540115	3	0	1	NA	NA	NA	NA	NA	NA	NA	4	0	4	3	0	1	NA	NA	NA	NA	NA	NA
17	78794668	79998834	4	4	0	2	d	2	NA	NA	NA	NA	2.855401	0	2.85540115	3	0	1	NA	NA	NA	NA	NA	NA	NA	4	0	4	4	0	1	NA	NA	NA	NA	NA	NA
17	79998835	81195209	3	3	0	1	g	NA	NA	NA	NA	NA	NA	NA	NA	NA	NA	NA	NA	NA	NA	NA	NA	NA	NA	5	0	5	3	0	1	NA	NA	NA	NA	NA	NA
18	27500	100755	2	2	0	2	d	2	2.16	0	0.05	0.1	NA	NA	NA	NA	NA	NA	NA	NA	NA	NA	NA	NA	NA	2	0	2	2	0	1	NA	NA	NA	NA	NA	NA
18	100756	14278427	2	2	0	2	d	4	2.16	0	0.0676545033182	0.208047321865	2	0	2	2	0	1	NA	NA	NA	NA	NA	NA	NA	2	0	2	2	0	1	NA	NA	NA	NA	NA	NA
18	14278428	15399999	2	2	0	2	d	3	2.16	0	0.0599567662139	0.44768824961	2	0	2	NA	NA	NA	NA	NA	NA	NA	NA	NA	NA	2	0	2	2	0	1	NA	NA	NA	NA	NA	NA
18	15400000	18999999	2	2	0	2	f	2	2.1	0	0.05	0.181149881581	NA	NA	NA	2	0	0.916667750001083	2	1	0.0833322499989173	0.272736627857757	0.477280157994192	-1.03457143602928	0.848124234590565	NA	NA	NA	2	0	1	NA	NA	NA	NA	NA	NA
18	19000000	28166858	2	2	0	2	d	4	2.1	0	0.0668417632055	0.175650069042	2	0	2	2	0	1	NA	NA	NA	NA	NA	NA	NA	2	0	2	2	0	1	NA	NA	NA	NA	NA	NA
18	28166859	28169076	2	2	0	2	d	2	2.1	0	0.05	0.1	2	0	2	1	0	1	NA	NA	NA	NA	NA	NA	NA	NA	NA	NA	2	0	1	NA	NA	NA	NA	NA	NA
18	28169077	76117000	2	2	0	2	d	4	2.1	0	0.0683824273647	0.204671250127	2	0	2	2	0	1	NA	NA	NA	NA	NA	NA	NA	2	0	2	2	0	1	NA	NA	NA	NA	NA	NA
18	76117001	78077247	2	2	0	2	d	3	NA	NA	NA	NA	1.729734	0.016849698	1.7128846	2	0	1	NA	NA	NA	NA	NA	NA	NA	2	0	2	2	0	1	NA	NA	NA	NA	NA	NA
19	102500	3859802	3	3	0	2	d	2	2.31	0	0.0909743158594	0.902370769756	NA	NA	NA	2	0	0.5999895999896	3	0	0.4000104000104	0.230289574081592	0.12699300305106	1.089951402717	1.59236263748869	3	0	3	3	0	1	NA	NA	NA	NA	NA	NA
19	3859803	4127366	3	3	0	1	g	NA	NA	NA	NA	NA	NA	NA	NA	2	0	1	NA	NA	NA	NA	NA	NA	NA	NA	NA	NA	3	0	1	NA	NA	NA	NA	NA	NA
19	4127367	4995301	3	2	1	2	f	2	2	1	0.108354366667	0.876988197349	NA	NA	NA	2	1	0.477162030877992	3	1	0.522837969122008	0.102812677868914	0.104055844707549	0.256301666929551	0.661916928016281	5	2	3	NA	NA	NA	NA	NA	NA	NA	NA	NA
19	4995302	5416060	4	2	2	2	f	1	2	2	0.05	1.0613811795	NA	NA	NA	2	1	0.477162030877992	3	1	0.522837969122008	0.102812677868914	0.104055844707549	0.256301666929551	0.661916928016281	5	2	3	3	1	0.221257	2	1	0.778743	NA	NA	NA
19	5416061	5912019	4	2	2	2	f	2	2	2	0.0219123311426	0.492189299354	NA	NA	NA	2	2	0.594117417646825	3	2	0.405882582353175	0.183829911719963	0.233423361732134	-0.541474810157409	0.358922174590685	7	3	4	3	3	1	NA	NA	NA	NA	NA	NA
19	5912020	19840768	6	3	3	2	d	2	2	2	0.0627018139165	0.505042698863	4.502761	2.251380634	2.25138063	2	2	0.769999869999869	3	2	0.230000130000131	0.0221673659760741	0.0228622108491723	0.568942077808543	0.658251231349635	6	3	3	3	3	1	NA	NA	NA	NA	NA	NA
19	19840769	24399999	4	2	2	2	d	4	2	2	0.0521969224283	0.392329782046	4.207004	2.103502144	2.10350214	2	2	1	NA	NA	NA	NA	NA	NA	NA	4	2	2	2	2	1	NA	NA	NA	NA	NA	NA
19	24400000	28599999	4	2	2	2	d	3	2	2	0.037069455025	0.376574482044	4.769413	2.384706608	2.38470661	NA	NA	NA	NA	NA	NA	NA	NA	NA	NA	4	2	2	2	2	1	NA	NA	NA	NA	NA	NA
19	28600000	38804742	4	2	2	2	f	3	2	2	0.0598243711872	0.345377791015	4.111791	2.055895679	2.05589568	2	2	0.84666657999991	3	2	0.15333342000009	0.0190295903368572	0.0204817234275458	0.690072210943633	0.77142786071963	5	2	3	NA	NA	NA	NA	NA	NA	NA	NA	NA
19	38804743	44684542	3	2	1	2	e	4	1.83	0.9	0.0838843666838	0.51234739712	3.234169	1.091962728	2.14220668	2	1	1	NA	NA	NA	NA	NA	NA	NA	4	2	2	2	2	0.0146676	2	1	0.985332	NA	NA	NA
19	44684543	44800009	4	2	2	2	d	4	2	2	0.05	0.250108024141	4	2	2	2	2	1	NA	NA	NA	NA	NA	NA	NA	4	2	2	2	2	0.0146676	2	1	0.985332	NA	NA	NA
19	44800010	55379000	3	2	1	2	f	3	1.77	0.9	0.0785555216146	0.438606651023	3.197537	1.076682914	2.12085401	2	1	1	NA	NA	NA	NA	NA	NA	NA	4	1	3	3	1	0.0457047	2	1	0.954295	NA	NA	NA
19	55379001	59128982	3	2	1	2	d	3	1.67	1	0.0768562810528	0.347965936957	3	1	2	2	1	1	NA	NA	NA	NA	NA	NA	NA	4	2	2	2	1	1	NA	NA	NA	NA	NA	NA
20	17500	14087567	5	3	2	2	d	2	2	1.31	0.0582845462109	0.241871234553	4.955289	2.059149634	2.8961397	NA	NA	NA	NA	NA	NA	NA	NA	NA	NA	5	2	3	3	2	1	NA	NA	NA	NA	NA	NA
20	14087568	14223570	4	2	2	2	d	2	2	1.31	0.05	0.13388972231	4.168594	2.084297113	2.08429711	NA	NA	NA	NA	NA	NA	NA	NA	NA	NA	4	2	2	2	2	1	NA	NA	NA	NA	NA	NA
20	14223571	14522783	3	2	1	2	f	2	2	1.31	0.0457827912434	0.21899596696	4.720675	1.966413567	2.75426169	NA	NA	NA	NA	NA	NA	NA	NA	NA	NA	4	2	2	3	2	1	NA	NA	NA	NA	NA	NA
20	14522784	14599230	3	2	1	2	f	2	2	1.31	0.05	0.196269374722	3.713094	1.856547238	1.85654724	NA	NA	NA	NA	NA	NA	NA	NA	NA	NA	3	1	2	2	2	1	NA	NA	NA	NA	NA	NA
20	14599231	14712098	2	2	0	2	d	2	1	0	0.0864519535809	0.0983837465715	1.808923	0.0150454	1.79387724	NA	NA	NA	NA	NA	NA	NA	NA	NA	NA	2	0	2	2	0	1	NA	NA	NA	NA	NA	NA
20	14712099	14798252	1	1	0	2	d	3	1	0	0.05	0.0811379538913	0.88218	0.031824685	0.85035523	NA	NA	NA	NA	NA	NA	NA	NA	NA	NA	1	0	1	1	0	1	NA	NA	NA	NA	NA	NA
20	14798253	14899452	1	1	0	2	d	2	0	0	0.126831929159	0.0369887894046	0.154022	0.077010934	0.07701093	NA	NA	NA	NA	NA	NA	NA	NA	NA	NA	1	0	1	1	0	1	NA	NA	NA	NA	NA	NA
20	14899453	14919717	1	1	0	2	d	2	0.59	0	0.05	0.1	0.154022	0.077010934	0.07701093	NA	NA	NA	NA	NA	NA	NA	NA	NA	NA	1	0	1	1	0	1	NA	NA	NA	NA	NA	NA
20	14919718	14933267	1	1	0	2	d	2	0	0	0.05	0.1	NA	NA	NA	NA	NA	NA	NA	NA	NA	NA	NA	NA	NA	1	0	1	1	0	1	NA	NA	NA	NA	NA	NA
20	14933268	14937053	1	1	0	2	d	2	0	0	0.05	0.1	NA	NA	NA	NA	NA	NA	NA	NA	NA	NA	NA	NA	NA	1	0	1	1	0	1	NA	NA	NA	NA	NA	NA
20	14937054	15041121	1	1	0	2	d	2	0	0	0.05	0.0441480766373	NA	NA	NA	NA	NA	NA	NA	NA	NA	NA	NA	NA	NA	1	0	1	1	0	1	NA	NA	NA	NA	NA	NA
20	15041122	15086566	1	1	0	2	d	3	1	0	0.0966550629072	0.1	0.918388	0.024184022	0.89420444	NA	NA	NA	NA	NA	NA	NA	NA	NA	NA	1	0	1	1	0	1	NA	NA	NA	NA	NA	NA
20	15086567	15196694	2	2	0	2	d	2	1	0	0.0662219644757	0.112343194057	1.728435	0.035521236	1.69291335	NA	NA	NA	NA	NA	NA	NA	NA	NA	NA	2	0	2	2	0	1	NA	NA	NA	NA	NA	NA
20	15196695	15203003	3	2	1	2	f	2	2	1.31	0.05	0.1	1.728435	0.035521236	1.69291335	NA	NA	NA	NA	NA	NA	NA	NA	NA	NA	NA	NA	NA	3	2	1	NA	NA	NA	NA	NA	NA
20	15203004	16738498	5	3	2	2	d	2	2	1.31	0.0587309695458	0.201731982803	4.787215	1.999617831	2.78759718	NA	NA	NA	NA	NA	NA	NA	NA	NA	NA	5	2	3	3	2	1	NA	NA	NA	NA	NA	NA
20	16738499	16738548	3	2	1	2	f	2	2	1.31	0.05	0.1	4.787215	1.999617831	2.78759718	NA	NA	NA	NA	NA	NA	NA	NA	NA	NA	NA	NA	NA	3	2	1	NA	NA	NA	NA	NA	NA
20	16738549	25599999	5	3	2	2	d	2	2	1.31	0.0572934614602	0.295292612999	4.845464	2.012613601	2.8328507	3	2	1	NA	NA	NA	NA	NA	NA	NA	6	3	3	3	2	1	NA	NA	NA	NA	NA	NA
20	25600000	29437400	NA	NA	NA	NA	NA	NA	2	1.31	0.0307525730449	0.410803414127	4.845464	2.012613601	2.8328507	NA	NA	NA	NA	NA	NA	NA	NA	NA	NA	5	2	3	3	3	0.147012	3	2	0.852988	NA	NA	NA
20	29437401	30668887	9	7	2	1	h	1	4.6	1.1	0.0553048711705	0.613649185723	9.589705	2.264514824	7.32519004	8	2	0.714754993443518	8	3	0.285245006556482	0.0523769788735521	0.0516852936312773	0.68209509730491	0.881143568562232	8	2	6	3	3	0.147012	3	2	0.852988	NA	NA	NA
20	30668888	32369754	9	8	1	2	f	2	5	0.51	0.0702305316171	0.587715617888	8.413753	0.981055745	7.43269756	8	1	1	NA	NA	NA	NA	NA	NA	NA	8	1	7	NA	NA	NA	NA	NA	NA	NA	NA	NA
20	32369755	50877375	8	8	0	2	f	2	4	0	0.0267494815122	0.375968772548	6.742764	0.047055039	6.69570879	7	0	1	NA	NA	NA	NA	NA	NA	NA	8	0	8	8	0	1	NA	NA	NA	NA	NA	NA
20	50877376	54695676	6	6	0	2	d	3	4	0	0.0284856824733	0.221412257497	5.818492	0.064054467	5.75443706	6	0	1	NA	NA	NA	NA	NA	NA	NA	6	0	6	6	0	1	NA	NA	NA	NA	NA	NA
20	54695677	54695742	6	6	0	2	d	2	NA	NA	NA	NA	5.818492	0.064054467	5.75443706	6	0	1	NA	NA	NA	NA	NA	NA	NA	NA	NA	NA	6	0	1	NA	NA	NA	NA	NA	NA
20	54695743	62385800	6	6	0	2	f	2	4	0	0.0335548967721	0.52209954072	5.514037	0.039901209	5.47413555	6	0	1	NA	NA	NA	NA	NA	NA	NA	7	0	7	6	0	1	NA	NA	NA	NA	NA	NA
21	1	10899999	NA	NA	NA	NA	NA	NA	NA	NA	NA	NA	NA	NA	NA	NA	NA	NA	NA	NA	NA	NA	NA	NA	NA	NA	NA	NA	3	0	0.571423	3	1	0.428577	NA	NA	NA
21	10900000	14387500	2	1	1	2	d	2	1	1	0.05	0.408318085993	NA	NA	NA	NA	NA	NA	NA	NA	NA	NA	NA	NA	NA	NA	NA	NA	1	1	1	NA	NA	NA	NA	NA	NA
21	14387501	46937500	2	1	1	2	d	4	1	1	0.065868252352	0.25156524776	2	1	1	1	0	0.111738674911795	1	1	0.888261325088205	0.00445505381352312	0.0043059587129466	0.103118955132809	0.120173236939974	2	1	1	1	1	1	NA	NA	NA	NA	NA	NA
21	46937501	48129894	2	1	1	2	e	4	NA	NA	NA	NA	1.760561	0.880280544	0.88028054	1	0	0.111738674911795	1	1	0.888261325088205	0.00445505381352312	0.0043059587129466	0.103118955132809	0.120173236939974	2	1	1	1	0	0.334391	1	1	0.665609	NA	NA	NA
22	1	12199999	NA	NA	NA	NA	NA	NA	NA	NA	NA	NA	NA	NA	NA	NA	NA	NA	NA	NA	NA	NA	NA	NA	NA	NA	NA	NA	NA	NA	NA	NA	NA	NA	NA	NA	NA
22	12200000	17899999	3	2	1	2	f	1	2.16	1	0.0848328870527	0.481451246207	4.319535	1.246802418	3.07273306	2	1	0.319304176137153	3	1	0.680695823862847	0.0912373167445048	0.0940376633967339	0.040156850592028	0.423272081813564	4	2	2	3	1	0.323223	2	1	0.676777	NA	NA	NA
22	17900000	29065867	4	3	1	2	d	3	3	1	0.0799402716129	0.566345433306	4	1	3	3	1	1	NA	NA	NA	NA	NA	NA	NA	5	1	4	3	1	0.323223	2	1	0.676777	NA	NA	NA
22	29065868	29066127	4	3	1	2	d	3	3	1	0.05	0.1	4	1	3	3	1	1	NA	NA	NA	NA	NA	NA	NA	NA	NA	NA	NA	NA	NA	NA	NA	NA	NA	NA	NA
22	29066128	38262548	4	3	1	2	d	3	3	1	0.0747003669282	0.371332621431	4	1	3	3	1	1	NA	NA	NA	NA	NA	NA	NA	5	1	4	NA	NA	NA	NA	NA	NA	NA	NA	NA
22	38262549	49687500	2	1	1	2	d	2	1.1	1.1	0.0809752410896	0.353044776761	2	1	1	1	0	0.144444588889032	1	1	0.855555411110968	0.0116741465146485	0.0112008612688848	0.145012045421528	0.188701944872694	3	1	2	1	1	1	NA	NA	NA	NA	NA	NA
22	49687501	51304565	2	1	1	2	d	2	NA	NA	NA	NA	1.855495	0.927747269	0.92774727	1	1	1	NA	NA	NA	NA	NA	NA	NA	3	1	2	1	1	1	NA	NA	NA	NA	NA	NA
X	1	7350422	3	3	0	2	d	2	1	0	0.0705400533935	0.636694314732	3	0	3	NA	NA	NA	NA	NA	NA	NA	NA	NA	NA	3	0	3	NA	NA	NA	NA	NA	NA	NA	NA	NA
X	7350423	7597203	2	2	0	2	d	2	1	0	0.05	0.1	2	0	2	NA	NA	NA	NA	NA	NA	NA	NA	NA	NA	2	0	2	NA	NA	NA	NA	NA	NA	NA	NA	NA
X	7597204	13095667	3	3	0	1	h	1	1	0	0.05	0.223298530159	2.870459	0	2.870459	NA	NA	NA	NA	NA	NA	NA	NA	NA	NA	3	0	3	NA	NA	NA	NA	NA	NA	NA	NA	NA
X	13095668	13123093	2	2	0	2	d	2	1	0	0.05	0.1	2	0	2	NA	NA	NA	NA	NA	NA	NA	NA	NA	NA	2	0	2	NA	NA	NA	NA	NA	NA	NA	NA	NA
X	13123094	13234454	3	3	0	1	h	1	1	0	0.05	0.1	2.776094	0	2.776094	NA	NA	NA	NA	NA	NA	NA	NA	NA	NA	3	0	3	NA	NA	NA	NA	NA	NA	NA	NA	NA
X	13234455	13268570	2	2	0	2	d	2	1	0	0.05	0.1	2	0	2	NA	NA	NA	NA	NA	NA	NA	NA	NA	NA	2	0	2	NA	NA	NA	NA	NA	NA	NA	NA	NA
X	13268571	58099999	3	3	0	2	d	2	1	0	0.05	0.369711694546	3	0	3	NA	NA	NA	NA	NA	NA	NA	NA	NA	NA	3	0	3	NA	NA	NA	NA	NA	NA	NA	NA	NA
X	58100000	62999999	3	3	0	1	h	1	1	0	0.05	0.500187177466	3.268074	0	3.268074	NA	NA	NA	NA	NA	NA	NA	NA	NA	NA	3	0	3	NA	NA	NA	NA	NA	NA	NA	NA	NA
X	63000000	70862756	3	3	0	2	d	2	1	0	0.05	0.246838243875	3	0	3	NA	NA	NA	NA	NA	NA	NA	NA	NA	NA	3	0	3	NA	NA	NA	NA	NA	NA	NA	NA	NA
X	70862757	70873712	3	3	0	1	h	1	1	0	0.05	0.1	3	0	3	NA	NA	NA	NA	NA	NA	NA	NA	NA	NA	NA	NA	NA	NA	NA	NA	NA	NA	NA	NA	NA	NA
X	70873713	155270559	3	3	0	2	d	2	1	0	0.05	0.255486178917	3	0	3	NA	NA	NA	NA	NA	NA	NA	NA	NA	NA	3	0	3	NA	NA	NA	NA	NA	NA	NA	NA	NA
Y	1	11599999	0	0	0	1	h	1	NA	NA	NA	NA	0	0	0	NA	NA	NA	NA	NA	NA	NA	NA	NA	NA	NA	NA	NA	NA	NA	NA	NA	NA	NA	NA	NA	NA
Y	11600000	13399999	0	0	0	1	h	1	NA	NA	NA	NA	0.439031	0	0.439031	NA	NA	NA	NA	NA	NA	NA	NA	NA	NA	NA	NA	NA	NA	NA	NA	NA	NA	NA	NA	NA	NA
Y	13400000	59373565	0	0	0	1	h	1	NA	NA	NA	NA	0.160106	0	0.160106	NA	NA	NA	NA	NA	NA	NA	NA	NA	NA	NA	NA	NA	NA	NA	NA	NA	NA	NA	NA	NA	NA
