chromosome	start	end	total_cn	major_cn	minor_cn	star	level	methods_agree	absolute_broad_major_cn	absolute_broad_minor_cn	absolute_broad_het_error	absolute_broad_cov_error	aceseq_copy_number	aceseq_minor_cn	aceseq_major_cn	battenberg_nMaj1_A	battenberg_nMin1_A	battenberg_frac1_A	battenberg_nMaj2_A	battenberg_nMin2_A	battenberg_frac2_A	battenberg_SDfrac_A	battenberg_SDfrac_A_BS	battenberg_frac1_A_0.025	battenberg_frac1_A_0.975	clonehd_copy_number	clonehd_minor_cn	clonehd_major_cn	sclust_nMaj1_A	sclust_nMin1_A	sclust_frac1_A	sclust_nMaj2_A	sclust_nMin2_A	sclust_frac2_A	jabba_copy_number	jabba_minor_cn	jabba_major_cn
1	1	17003420	2	1	1	3	b	5	1	1	0.0446260417628	0.115425315287	2	1	1	1	1	1	NA	NA	NA	NA	NA	NA	NA	2	1	1	1	1	1	NA	NA	NA	NA	NA	NA
1	17003421	17266608	2	1	1	2	d	4	1	1	0.05	0.117177717705	2	1	1	1	1	1	NA	NA	NA	NA	NA	NA	NA	NA	NA	NA	1	1	1	NA	NA	NA	NA	NA	NA
1	17266609	121499999	2	1	1	3	b	5	1	1	0.0491586890779	0.0870610129842	2	1	1	1	1	1	NA	NA	NA	NA	NA	NA	NA	2	1	1	1	1	1	NA	NA	NA	NA	NA	NA
1	121500000	128899999	2	1	1	2	d	4	1	1	0.05	0.1	2	1	1	1	1	1	NA	NA	NA	NA	NA	NA	NA	NA	NA	NA	1	1	1	NA	NA	NA	NA	NA	NA
1	128900000	247247500	2	1	1	3	b	5	1	1	0.0505552649433	0.0912147564379	2	1	1	1	1	1	NA	NA	NA	NA	NA	NA	NA	2	1	1	1	1	1	NA	NA	NA	NA	NA	NA
1	247247501	249250620	2	1	1	2	d	4	NA	NA	NA	NA	2	1	1	1	1	1	NA	NA	NA	NA	NA	NA	NA	2	1	1	1	1	1	NA	NA	NA	NA	NA	NA
2	22500	90499999	2	1	1	3	b	5	1	1	0.050645574209	0.0869919053172	2	1	1	1	1	1	NA	NA	NA	NA	NA	NA	NA	2	1	1	1	1	1	NA	NA	NA	NA	NA	NA
2	90500000	96799999	2	1	1	2	d	4	1	1	0.0370156890787	0.109885203779	2	1	1	1	1	1	NA	NA	NA	NA	NA	NA	NA	2	1	1	1	0	0.29508	1	1	0.70492	NA	NA	NA
2	96800000	242984903	2	1	1	3	b	5	1	1	0.0504801267415	0.0881685819085	2	1	1	1	1	1	NA	NA	NA	NA	NA	NA	NA	2	1	1	1	1	1	NA	NA	NA	NA	NA	NA
3	100074	30240546	3	2	1	3	b	5	2	1	0.0637994504197	0.11011260603	3	1	2	2	1	1	NA	NA	NA	NA	NA	NA	NA	3	1	2	2	1	1	NA	NA	NA	NA	NA	NA
3	30240547	87899999	2	1	1	3	b	5	1	1	0.050523544291	0.0821369967862	2	1	1	1	1	1	NA	NA	NA	NA	NA	NA	NA	2	1	1	1	1	1	NA	NA	NA	NA	NA	NA
3	87900000	93899999	2	1	1	2	d	4	1	1	0.054891540628	0.0890148114521	2	1	1	NA	NA	NA	NA	NA	NA	NA	NA	NA	NA	2	1	1	1	1	1	NA	NA	NA	NA	NA	NA
3	93900000	198022429	2	1	1	3	b	5	1	1	0.0514949342018	0.0889364722562	2	1	1	1	1	1	NA	NA	NA	NA	NA	NA	NA	2	1	1	1	1	1	NA	NA	NA	NA	NA	NA
4	29975	48199999	2	1	1	2	d	2	1.29	1	0.0565279147213	0.0957475801134	2.353842	1.011111959	1.3427296	1	1	0.666610684199122	2	1	0.333389315800878	0.00283065810435379	0.00284393484876177	0.661213712405585	0.671995862743804	2	1	1	1	1	1	NA	NA	NA	NA	NA	NA
4	48200000	52699999	2	1	1	2	e	4	1.29	1	0.0452818902548	0.266259140363	2.376608	1.015691203	1.3609169	NA	NA	NA	NA	NA	NA	NA	NA	NA	NA	2	1	1	2	1	0.415025	1	1	0.584975	NA	NA	NA
4	52700000	190728060	2	1	1	2	d	2	1.29	1	0.0584638076097	0.0957082859748	2.34503	1.009102321	1.3359274	1	1	0.669965426762888	2	1	0.330034573237112	0.00182761749086724	0.0018088733772869	0.666419420913911	0.673572493624796	2	1	1	1	1	1	NA	NA	NA	NA	NA	NA
5	22500	817704	2	1	1	2	d	2	1	1	0.0529079764706	0.295793613499	2	1	1	NA	NA	NA	NA	NA	NA	NA	NA	NA	NA	NA	NA	NA	1	0	0.366884	1	1	0.633116	NA	NA	NA
5	817705	46099999	2	1	1	3	b	5	1	1	0.0518647248317	0.0889364706043	2	1	1	1	1	1	NA	NA	NA	NA	NA	NA	NA	2	1	1	1	1	1	NA	NA	NA	NA	NA	NA
5	46100000	50699999	2	1	1	2	d	4	1	1	0.0475142370818	0.0927833492683	2	1	1	NA	NA	NA	NA	NA	NA	NA	NA	NA	NA	2	1	1	1	1	1	NA	NA	NA	NA	NA	NA
5	50700000	180731326	2	1	1	3	b	5	1	1	0.0509007663309	0.0848147189743	2	1	1	1	1	1	NA	NA	NA	NA	NA	NA	NA	2	1	1	1	1	1	NA	NA	NA	NA	NA	NA
6	39681	180247	NA	NA	NA	NA	NA	NA	NA	NA	NA	NA	NA	NA	NA	1	1	0.797960206242225	2	1	0.202039793757775	NA	0	0.797960206242225	0.797960206242225	NA	NA	NA	NA	NA	NA	NA	NA	NA	NA	NA	NA
6	180248	58699999	2	1	1	3	b	5	1	1	0.0525801215559	0.0873615073313	2	1	1	1	1	1	NA	NA	NA	NA	NA	NA	NA	2	1	1	1	1	1	NA	NA	NA	NA	NA	NA
6	58700000	63299999	2	1	1	2	d	4	1	1	0.05	0.150553251651	2.00207	0.828770258	1.1733001	1	1	1	NA	NA	NA	NA	NA	NA	NA	2	1	1	1	1	1	NA	NA	NA	NA	NA	NA
6	63300000	170899934	2	1	1	3	b	5	1	1	0.0514060324447	0.086348964028	2	1	1	1	1	1	NA	NA	NA	NA	NA	NA	NA	2	1	1	1	1	1	NA	NA	NA	NA	NA	NA
7	49985	57999999	2	1	1	2	d	2	1.29	1	0.0572737190751	0.0979966176033	2.34202	0.999031296	1.3429886	1	1	0.650146370812222	2	1	0.349853629187778	0.00268261252789082	0.00262872542836535	0.644812314508135	0.654990198429716	2	1	1	1	1	1	NA	NA	NA	NA	NA	NA
7	58000000	61699999	NA	NA	NA	NA	NA	NA	2	0	0.05	0.147626102072	2.34202	0.999031296	1.3429886	NA	NA	NA	NA	NA	NA	NA	NA	NA	NA	2	1	1	2	1	0.500769	1	1	0.499231	NA	NA	NA
7	61700000	158817500	2	1	1	2	d	2	1.29	1	0.057163270602	0.0992900298724	2.353203	1.010830787	1.3423717	1	1	0.663480329346454	2	1	0.336519670653546	0.00235027438412672	0.00237346028046042	0.65901231910789	0.667866568064613	2	1	1	1	1	1	NA	NA	NA	NA	NA	NA
8	10001	170011	2	1	1	2	d	2	1	1	0.05	0.1	NA	NA	NA	NA	NA	NA	NA	NA	NA	NA	NA	NA	NA	NA	NA	NA	1	1	1	NA	NA	NA	NA	NA	NA
8	170012	10207499	2	1	1	2	d	4	1	1	0.0522711266374	0.112305067616	2	1	1	1	0	0.0571861274088269	1	1	0.942813872591173	0.00231592765711485	0.00231126372711649	0.0522485412729274	0.0617386627713522	2	1	1	1	1	1	NA	NA	NA	NA	NA	NA
8	10207500	10372499	2	1	1	2	d	2	NA	NA	NA	NA	2	1	1	1	0	0.0571861274088269	1	1	0.942813872591173	0.00231592765711485	0.00231126372711649	0.0522485412729274	0.0617386627713522	NA	NA	NA	1	1	1	NA	NA	NA	NA	NA	NA
8	10372500	43099999	2	1	1	2	d	4	1	1	0.0530789312151	0.0898852258491	2	1	1	1	0	0.0571861274088269	1	1	0.942813872591173	0.00231592765711485	0.00231126372711649	0.0522485412729274	0.0617386627713522	2	1	1	1	1	1	NA	NA	NA	NA	NA	NA
8	43100000	48099999	2	1	1	2	d	4	1	1	0.05	0.202268487573	2	1	1	NA	NA	NA	NA	NA	NA	NA	NA	NA	NA	2	1	1	1	1	1	NA	NA	NA	NA	NA	NA
8	48100000	146364021	2	1	1	2	d	4	1	1	0.0519827217428	0.0917376790133	2	1	1	1	0	0.0638020401340332	1	1	0.936197959865967	0.00190270105371027	0.00186645955820262	0.0642584875585847	0.0716822053326419	2	1	1	1	1	1	NA	NA	NA	NA	NA	NA
9	47500	44435457	2	1	1	3	b	5	1	1	0.0512200247079	0.0884473396697	2	1	1	1	1	1	NA	NA	NA	NA	NA	NA	NA	2	1	1	1	1	1	NA	NA	NA	NA	NA	NA
9	44435458	47299999	2	1	1	2	d	3	1	1	0.05	0.357370970384	2	1	1	1	1	1	NA	NA	NA	NA	NA	NA	NA	1	0	1	2	1	0.655248	1	1	0.344752	NA	NA	NA
9	47300000	50699999	2	1	1	2	f	2	1	1	0.05	0.1	NA	NA	NA	NA	NA	NA	NA	NA	NA	NA	NA	NA	NA	1	0	1	2	1	0.655248	1	1	0.344752	NA	NA	NA
9	50700000	67214837	2	1	1	2	f	2	1	1	0.05	0.248862771909	NA	NA	NA	NA	NA	NA	NA	NA	NA	NA	NA	NA	NA	NA	NA	NA	2	1	0.655248	1	1	0.344752	NA	NA	NA
9	67214838	140267500	2	1	1	3	b	5	1	1	0.0489843988279	0.0856995901775	2	1	1	1	1	1	NA	NA	NA	NA	NA	NA	NA	2	1	1	1	1	1	NA	NA	NA	NA	NA	NA
10	102500	37999999	2	1	1	3	b	5	1	1	0.0495423451949	0.0845182452819	2	1	1	1	1	1	NA	NA	NA	NA	NA	NA	NA	2	1	1	1	1	1	NA	NA	NA	NA	NA	NA
10	38000000	42299999	2	1	1	2	d	4	1	1	0.05	0.11655005563	2	1	1	1	1	1	NA	NA	NA	NA	NA	NA	NA	2	1	1	NA	NA	NA	NA	NA	NA	NA	NA	NA
10	42300000	47563322	2	1	1	3	b	5	1	1	0.0412148731721	0.117410704248	2	1	1	1	1	1	NA	NA	NA	NA	NA	NA	NA	2	1	1	1	1	1	NA	NA	NA	NA	NA	NA
10	47563323	135389924	2	1	1	3	b	5	1	1	0.048881203648	0.0858391802288	2	1	1	1	1	1	NA	NA	NA	NA	NA	NA	NA	2	1	1	1	1	1	NA	NA	NA	NA	NA	NA
11	20721	190009	1	1	0	2	d	3	1	0	0.05	0.1	NA	NA	NA	NA	NA	NA	NA	NA	NA	NA	NA	NA	NA	1	0	1	1	0	1	NA	NA	NA	NA	NA	NA
11	190010	47858681	1	1	0	3	b	5	1	0	0.071868295271	0.060946037924	1	0	1	1	0	1	NA	NA	NA	NA	NA	NA	NA	1	0	1	1	0	1	NA	NA	NA	NA	NA	NA
11	47858682	51599999	2	1	1	2	d	4	1	1	0.05	0.11593289556	1	0	1	1	1	1	NA	NA	NA	NA	NA	NA	NA	2	1	1	1	1	1	NA	NA	NA	NA	NA	NA
11	51600000	55699999	2	1	1	2	d	2	1	1	0.05	0.202184311472	NA	NA	NA	2	0	1	NA	NA	NA	NA	NA	NA	NA	NA	NA	NA	1	1	1	NA	NA	NA	NA	NA	NA
11	55700000	134442500	2	1	1	3	b	5	1	1	0.0496888123625	0.0875443836517	2	1	1	1	1	1	NA	NA	NA	NA	NA	NA	NA	2	1	1	1	1	1	NA	NA	NA	NA	NA	NA
12	110107	33299999	2	1	1	3	b	5	1	1	0.0509528730119	0.0887706756947	2	1	1	1	1	1	NA	NA	NA	NA	NA	NA	NA	2	1	1	1	1	1	NA	NA	NA	NA	NA	NA
12	33300000	38199999	2	1	1	2	d	3	1	1	0.05	0.133628266288	2.029699	0.922429135	1.1072699	NA	NA	NA	NA	NA	NA	NA	NA	NA	NA	2	1	1	1	1	1	NA	NA	NA	NA	NA	NA
12	38200000	132342500	2	1	1	3	b	5	1	1	0.0505788372087	0.0857950031083	2	1	1	1	1	1	NA	NA	NA	NA	NA	NA	NA	2	1	1	1	1	1	NA	NA	NA	NA	NA	NA
12	132342501	133851894	2	1	1	2	d	4	NA	NA	NA	NA	2	1	1	1	1	1	NA	NA	NA	NA	NA	NA	NA	2	1	1	1	1	1	NA	NA	NA	NA	NA	NA
13	1	16299999	NA	NA	NA	NA	NA	NA	NA	NA	NA	NA	NA	NA	NA	NA	NA	NA	NA	NA	NA	NA	NA	NA	NA	NA	NA	NA	NA	NA	NA	NA	NA	NA	NA	NA	NA
13	16300000	19499999	2	1	1	2	d	4	1	1	0.05	0.184534760859	NA	NA	NA	1	1	1	NA	NA	NA	NA	NA	NA	NA	2	1	1	1	1	1	NA	NA	NA	NA	NA	NA
13	19500000	114137500	2	1	1	3	b	5	1	1	0.0517172992057	0.0876699418472	2	1	1	1	1	1	NA	NA	NA	NA	NA	NA	NA	2	1	1	1	1	1	NA	NA	NA	NA	NA	NA
13	114137501	115169877	2	1	1	2	d	2	NA	NA	NA	NA	2	1	1	1	0	0.124418402813389	1	1	0.875581597186611	0.0242081767900869	0.0239998743247787	0.084911604002524	0.177318725373263	3	1	2	1	1	1	NA	NA	NA	NA	NA	NA
14	1	16099999	NA	NA	NA	NA	NA	NA	NA	NA	NA	NA	NA	NA	NA	NA	NA	NA	NA	NA	NA	NA	NA	NA	NA	NA	NA	NA	NA	NA	NA	NA	NA	NA	NA	NA	NA
14	16100000	19099999	2	1	1	2	d	2	1	1	0.05	0.0851937922454	NA	NA	NA	NA	NA	NA	NA	NA	NA	NA	NA	NA	NA	NA	NA	NA	1	1	1	NA	NA	NA	NA	NA	NA
14	19100000	106362500	2	1	1	3	b	5	1	1	0.0497002683888	0.0892096580524	2	1	1	1	1	1	NA	NA	NA	NA	NA	NA	NA	2	1	1	1	1	1	NA	NA	NA	NA	NA	NA
15	1	15799999	NA	NA	NA	NA	NA	NA	NA	NA	NA	NA	NA	NA	NA	NA	NA	NA	NA	NA	NA	NA	NA	NA	NA	NA	NA	NA	NA	NA	NA	NA	NA	NA	NA	NA	NA
15	15800000	20699999	2	1	1	2	d	2	1	1	0.05	0.139623507108	NA	NA	NA	1	1	1	NA	NA	NA	NA	NA	NA	NA	NA	NA	NA	NA	NA	NA	NA	NA	NA	NA	NA	NA
15	20700000	100332500	2	1	1	3	b	5	1	1	0.0497727081549	0.0898964369035	2	1	1	1	1	1	NA	NA	NA	NA	NA	NA	NA	2	1	1	1	1	1	NA	NA	NA	NA	NA	NA
15	100332501	102531391	2	1	1	2	d	4	NA	NA	NA	NA	2	1	1	1	1	1	NA	NA	NA	NA	NA	NA	NA	2	1	1	1	1	1	NA	NA	NA	NA	NA	NA
16	100010	34599999	2	1	1	3	b	5	1	1	0.0483890636161	0.09458636886	2	1	1	1	1	1	NA	NA	NA	NA	NA	NA	NA	2	1	1	1	1	1	NA	NA	NA	NA	NA	NA
16	34600000	38599999	2	1	1	3	b	5	1	1	0.05	0.138897240854	2	1	1	1	1	1	NA	NA	NA	NA	NA	NA	NA	2	1	1	1	1	1	NA	NA	NA	NA	NA	NA
16	38600000	46387500	2	1	1	2	d	4	1	1	0.05	0.1	2	1	1	1	1	1	NA	NA	NA	NA	NA	NA	NA	NA	NA	NA	1	1	1	NA	NA	NA	NA	NA	NA
16	46387501	88822500	2	1	1	3	b	5	1	1	0.0492765586923	0.08900569618	2	1	1	1	1	1	NA	NA	NA	NA	NA	NA	NA	2	1	1	1	1	1	NA	NA	NA	NA	NA	NA
16	88822501	90354752	2	1	1	2	d	4	NA	NA	NA	NA	2	1	1	1	1	1	NA	NA	NA	NA	NA	NA	NA	2	1	1	1	1	1	NA	NA	NA	NA	NA	NA
17	12500	16662499	2	2	0	3	b	5	2	0	0.0436480877152	0.0836421421836	2	0	2	2	0	1	NA	NA	NA	NA	NA	NA	NA	2	0	2	2	0	1	NA	NA	NA	NA	NA	NA
17	16662500	16717499	2	2	0	2	d	2	NA	NA	NA	NA	2	0	2	2	0	1	NA	NA	NA	NA	NA	NA	NA	NA	NA	NA	2	1	0.901924	1	1	0.0980763	NA	NA	NA
17	16717500	18415400	2	2	0	3	b	5	2	0	0.0388436505461	0.0858415936905	2	0	2	2	0	1	NA	NA	NA	NA	NA	NA	NA	2	0	2	2	0	1	NA	NA	NA	NA	NA	NA
17	18415401	20395001	2	2	0	3	b	5	2	0	0.0349852390994	0.0898639799643	2	0	2	2	0	1	NA	NA	NA	NA	NA	NA	NA	2	0	2	2	0	1	NA	NA	NA	NA	NA	NA
17	20395002	22199999	4	2	2	3	b	5	2	2	0.0369695360645	0.229801951594	4	2	2	2	2	1	NA	NA	NA	NA	NA	NA	NA	4	2	2	2	2	1	NA	NA	NA	NA	NA	NA
17	22200000	25799999	4	2	2	2	d	4	2	2	0.0390581735314	0.217785267503	4	2	2	NA	NA	NA	NA	NA	NA	NA	NA	NA	NA	4	2	2	2	2	1	NA	NA	NA	NA	NA	NA
17	25800000	78772500	4	2	2	3	b	5	2	2	0.0355109929559	0.201834049903	4	2	2	2	2	1	NA	NA	NA	NA	NA	NA	NA	4	2	2	2	2	1	NA	NA	NA	NA	NA	NA
17	78772501	81195209	4	2	2	2	d	4	NA	NA	NA	NA	4	2	2	2	2	1	NA	NA	NA	NA	NA	NA	NA	4	2	2	2	2	1	NA	NA	NA	NA	NA	NA
18	10001	80030	2	1	1	2	d	3	1	1	0.05	0.1	NA	NA	NA	NA	NA	NA	NA	NA	NA	NA	NA	NA	NA	2	1	1	1	1	1	NA	NA	NA	NA	NA	NA
18	80031	15399999	2	1	1	3	b	5	1	1	0.0501611446734	0.087487594021	2	1	1	1	1	1	NA	NA	NA	NA	NA	NA	NA	2	1	1	1	1	1	NA	NA	NA	NA	NA	NA
18	15400000	18999999	2	1	1	3	b	5	1	1	0.05	0.0823348957967	2	1	1	1	1	1	NA	NA	NA	NA	NA	NA	NA	2	1	1	1	1	1	NA	NA	NA	NA	NA	NA
18	19000000	76112500	2	1	1	3	b	5	1	1	0.0506097144557	0.0918343973868	2	1	1	1	1	1	NA	NA	NA	NA	NA	NA	NA	2	1	1	1	1	1	NA	NA	NA	NA	NA	NA
18	76112501	78077247	2	1	1	2	d	4	NA	NA	NA	NA	2	1	1	1	1	1	NA	NA	NA	NA	NA	NA	NA	2	1	1	1	1	1	NA	NA	NA	NA	NA	NA
19	260137	24399999	2	1	1	3	b	5	1	1	0.0473272032593	0.1062649826	2	1	1	1	1	1	NA	NA	NA	NA	NA	NA	NA	2	1	1	1	1	1	NA	NA	NA	NA	NA	NA
19	24400000	28599999	2	1	1	3	b	5	1	1	0.0452656189151	0.13318231649	2	1	1	1	1	1	NA	NA	NA	NA	NA	NA	NA	2	1	1	1	1	1	NA	NA	NA	NA	NA	NA
19	28600000	59128982	2	1	1	3	b	5	1	1	0.0460564745258	0.125513431697	2	1	1	1	1	1	NA	NA	NA	NA	NA	NA	NA	2	1	1	1	1	1	NA	NA	NA	NA	NA	NA
20	17500	25599999	2	1	1	3	b	5	1	1	0.0479148471323	0.0842160173543	2	1	1	1	1	1	NA	NA	NA	NA	NA	NA	NA	2	1	1	1	1	1	NA	NA	NA	NA	NA	NA
20	25600000	29399999	2	1	1	3	b	5	1	1	0.0661252816407	0.116490929625	2	1	1	1	1	1	NA	NA	NA	NA	NA	NA	NA	2	1	1	1	1	1	NA	NA	NA	NA	NA	NA
20	29400000	62432500	2	1	1	3	b	5	1	1	0.0473051407688	0.0852528757626	2	1	1	1	1	1	NA	NA	NA	NA	NA	NA	NA	2	1	1	1	1	1	NA	NA	NA	NA	NA	NA
21	1	9417499	NA	NA	NA	NA	NA	NA	1	1	0.05	0.1	NA	NA	NA	NA	NA	NA	NA	NA	NA	NA	NA	NA	NA	NA	NA	NA	NA	NA	NA	NA	NA	NA	NA	NA	NA
21	9417500	10899999	NA	NA	NA	NA	NA	NA	1	1	0.05	0.161010105278	NA	NA	NA	NA	NA	NA	NA	NA	NA	NA	NA	NA	NA	NA	NA	NA	NA	NA	NA	NA	NA	NA	NA	NA	NA
21	10900000	15286658	2	1	1	2	d	3	1	1	0.0648359503873	0.217364914329	NA	NA	NA	1	1	1	NA	NA	NA	NA	NA	NA	NA	2	1	1	2	1	0.706116	1	1	0.293884	NA	NA	NA
21	15286659	46937500	2	1	1	3	b	5	1	1	0.0497291092888	0.0822031545539	2	1	1	1	1	1	NA	NA	NA	NA	NA	NA	NA	2	1	1	1	1	1	NA	NA	NA	NA	NA	NA
21	46937501	48129894	2	1	1	2	d	4	NA	NA	NA	NA	2	1	1	1	1	1	NA	NA	NA	NA	NA	NA	NA	2	1	1	1	1	1	NA	NA	NA	NA	NA	NA
22	1	12199999	NA	NA	NA	NA	NA	NA	NA	NA	NA	NA	NA	NA	NA	NA	NA	NA	NA	NA	NA	NA	NA	NA	NA	NA	NA	NA	NA	NA	NA	NA	NA	NA	NA	NA	NA
22	12200000	17899999	2	1	1	3	b	5	1	1	0.0548813600971	0.17762592748	2	1	1	1	1	1	NA	NA	NA	NA	NA	NA	NA	2	1	1	1	1	1	NA	NA	NA	NA	NA	NA
22	17900000	49687500	2	1	1	3	b	5	1	1	0.0456859777038	0.0829421024513	2	1	1	1	1	1	NA	NA	NA	NA	NA	NA	NA	2	1	1	1	1	1	NA	NA	NA	NA	NA	NA
22	49687501	51304565	2	1	1	2	d	3	NA	NA	NA	NA	2	1	1	1	0	0.0932491355805132	1	1	0.906750864419487	0.0184024277248967	0.0183429574917086	0.0647224571473788	0.13925575950363	2	1	1	1	1	1	NA	NA	NA	NA	NA	NA
X	1	58099999	1	1	0	2	d	3	1.87	0.13	0.0729715980466	0.244864450583	1	0	1	1	0	1	NA	NA	NA	NA	NA	NA	NA	1	0	1	NA	NA	NA	NA	NA	NA	NA	NA	NA
X	58100000	62999999	1	1	0	2	d	3	1.87	0.13	0.05	0.221171643088	1	0	1	1	0	1	NA	NA	NA	NA	NA	NA	NA	1	0	1	NA	NA	NA	NA	NA	NA	NA	NA	NA
X	63000000	154929638	1	1	0	2	d	3	1.87	0.13	0.0745086149533	0.11291278025	1	0	1	1	0	1	NA	NA	NA	NA	NA	NA	NA	1	0	1	NA	NA	NA	NA	NA	NA	NA	NA	NA
