chromosome	start	end	total_cn	major_cn	minor_cn	star	level	methods_agree	absolute_broad_major_cn	absolute_broad_minor_cn	absolute_broad_het_error	absolute_broad_cov_error	aceseq_copy_number	aceseq_minor_cn	aceseq_major_cn	battenberg_nMaj1_A	battenberg_nMin1_A	battenberg_frac1_A	battenberg_nMaj2_A	battenberg_nMin2_A	battenberg_frac2_A	battenberg_SDfrac_A	battenberg_SDfrac_A_BS	battenberg_frac1_A_0.025	battenberg_frac1_A_0.975	clonehd_copy_number	clonehd_minor_cn	clonehd_major_cn	sclust_nMaj1_A	sclust_nMin1_A	sclust_frac1_A	sclust_nMaj2_A	sclust_nMin2_A	sclust_frac2_A	jabba_copy_number	jabba_minor_cn	jabba_major_cn
1	10001	10125081	3	2	1	3	a	6	2	1	0.066221666545	0.228150518213	3	1	2	2	1	1	NA	NA	NA	NA	NA	NA	NA	3	1	2	2	1	1	NA	NA	NA	3	1	2
1	10125082	10177728	3	2	1	2	d	3	2	1	0.05	0.1	3	1	2	1	0	0.279994279994287	2	0	0.720005720005713	NA	0	0.279994279994287	0.279994279994287	2	0	2	2	1	1	NA	NA	NA	2	0	2
1	10177729	35638077	3	2	1	2	d	5	2	1	0.0636359553928	0.196079875097	3.103801	1.048390663	2.05541	2	1	1	NA	NA	NA	NA	NA	NA	NA	3	1	2	2	1	1	NA	NA	NA	3	1	2
1	35638078	35736072	3	2	1	2	f	2	NA	NA	NA	NA	3.103801	1.048390663	2.05541	2	2	1	NA	NA	NA	NA	NA	NA	NA	NA	NA	NA	2	1	1	NA	NA	NA	4	1	3
1	35736073	35813947	3	2	1	3	b	5	2	1	0.05	0.107040559057	NA	NA	NA	2	1	1	NA	NA	NA	NA	NA	NA	NA	3	1	2	2	1	1	NA	NA	NA	3	1	2
1	35813948	66889930	3	2	1	2	d	5	2	1	0.0634512749157	0.169710227801	3.114886	1.051203854	2.063682	2	1	1	NA	NA	NA	NA	NA	NA	NA	3	1	2	2	1	1	NA	NA	NA	3	1	2
1	66889931	121499999	4	2	2	2	d	5	2	2	0.0367700337008	0.219116581774	4.148613	2.074306622	2.074307	2	2	1	NA	NA	NA	NA	NA	NA	NA	4	2	2	2	2	1	NA	NA	NA	4	2	2
1	121500000	128899999	4	2	2	2	d	3	NA	NA	NA	NA	4.148613	2.074306622	2.074307	2	2	1	NA	NA	NA	NA	NA	NA	NA	1	0	1	2	2	1	NA	NA	NA	4	2	2
1	128900000	143492500	4	2	2	2	d	3	1.53	1.53	0.05	0.583171501008	NA	NA	NA	2	2	1	NA	NA	NA	NA	NA	NA	NA	NA	NA	NA	2	2	1	NA	NA	NA	4	2	2
1	143492501	150745844	4	2	2	2	d	4	1.53	1.53	0.0402039776328	0.271834410236	4.231276	2.115638072	2.115638	2	2	1	NA	NA	NA	NA	NA	NA	NA	4	2	2	2	2	1	NA	NA	NA	4	2	2
1	150745845	150844156	6	4	2	2	d	2	NA	NA	NA	NA	4.231276	2.115638072	2.115638	4	2	1	NA	NA	NA	NA	NA	NA	NA	NA	NA	NA	2	2	1	NA	NA	NA	6	2	4
1	150844157	247247500	4	2	2	2	d	4	1.68	1.68	0.0374394185006	0.190891965681	4.206599	2.103299539	2.1033	2	2	1	NA	NA	NA	NA	NA	NA	NA	4	2	2	2	2	1	NA	NA	NA	4	2	2
1	247247501	249076825	4	2	2	2	d	4	NA	NA	NA	NA	4.188674	2.094337079	2.094337	2	2	1	NA	NA	NA	NA	NA	NA	NA	4	2	2	2	2	1	NA	NA	NA	4	2	2
2	20016	64362588	2	2	0	2	d	5	2	0	0.0554487493657	0.138634799865	2.115566	0.017334947	2.098231	2	0	1	NA	NA	NA	NA	NA	NA	NA	2	0	2	2	0	1	NA	NA	NA	2	0	2
2	64362589	64362960	2	2	0	2	d	4	2	0	0.05	0.1	2.115566	0.017334947	2.098231	2	0	1	NA	NA	NA	NA	NA	NA	NA	NA	NA	NA	2	0	1	NA	NA	NA	2	0	2
2	64362961	89854600	2	2	0	2	d	5	2	0	0.0552092994952	0.134298376751	2.112006	0.019601993	2.092404	2	0	1	NA	NA	NA	NA	NA	NA	NA	2	0	2	2	0	1	NA	NA	NA	2	0	2
2	89854601	90442202	2	2	0	2	f	2	NA	NA	NA	NA	2.112006	0.019601993	2.092404	NA	NA	NA	NA	NA	NA	NA	NA	NA	NA	1	0	1	4	0	1	NA	NA	NA	2	0	2
2	90442203	90499999	4	4	0	1	h	1	NA	NA	NA	NA	NA	NA	NA	NA	NA	NA	NA	NA	NA	NA	NA	NA	NA	NA	NA	NA	4	0	1	NA	NA	NA	2	0	2
2	90500000	96799999	NA	NA	NA	NA	NA	NA	4.17	0	0.0230050601738	0.626326618806	4.302417	0	4.302417	NA	NA	NA	NA	NA	NA	NA	NA	NA	NA	4	0	4	4	0	1	NA	NA	NA	3	0	3
2	96800000	97579534	5	5	0	2	d	4	5.32	0	0.0216959196832	0.294642832294	5.231208	0.016917632	5.21429	5	0	1	NA	NA	NA	NA	NA	NA	NA	5	0	5	5	0	1	NA	NA	NA	5	0	5
2	97579535	97582905	5	5	0	2	d	2	3.09	0	0.05	0.1	5.231208	0.016917632	5.21429	NA	NA	NA	NA	NA	NA	NA	NA	NA	NA	NA	NA	NA	5	0	1	NA	NA	NA	5	0	5
2	97582906	146860444	3	3	0	2	d	4	3.09	0	0.0415612821066	0.182480623733	3.148599	0.016510991	3.132088	3	0	1	NA	NA	NA	NA	NA	NA	NA	3	0	3	3	0	1	NA	NA	NA	3	0	3
2	146860445	164834502	3	3	0	2	d	4	3.09	0	0.0433553556522	0.17279825753	3.159832	0.023338287	3.136494	3	0	1	NA	NA	NA	NA	NA	NA	NA	3	0	3	3	0	1	NA	NA	NA	3	0	3
2	164834503	164979976	2	2	0	2	d	4	2	0	0.05	0.100029548111	2.117678	0.029093312	2.088585	1	0	0.832853261424689	2	0	0.167146738575311	0.59156281325856	0.11507855943195	1.66224191015977	2.11207434939966	2	0	2	2	0	1	NA	NA	NA	2	0	2
2	164979977	242980063	3	3	0	2	d	5	3	0	0.0411633191094	0.181433298673	3.15432	0.01714663	3.137173	3	0	1	NA	NA	NA	NA	NA	NA	NA	3	0	3	3	0	1	NA	NA	NA	3	0	3
3	100074	80664217	3	2	1	2	d	2	1.77	1.77	0.0409272316973	0.20713279601	3.503611	1.751805765	1.751806	2	2	1	NA	NA	NA	NA	NA	NA	NA	3	1	2	2	2	0.753768	2	1	0.246232	3	1	2
3	80664218	87899999	4	2	2	2	e	4	1.77	1.77	0.0364562761286	0.201749321319	3.608182	1.804090888	1.804091	2	2	1	NA	NA	NA	NA	NA	NA	NA	3	1	2	2	2	1	NA	NA	NA	3	1	2
3	87900000	93899999	NA	NA	NA	NA	NA	NA	1.77	1.77	0.0366979016889	0.240907364708	3.782148	1.891074222	1.891074	NA	NA	NA	NA	NA	NA	NA	NA	NA	NA	4	2	2	2	2	1	NA	NA	NA	3	1	2
3	93900000	122703801	3	2	1	2	d	5	2	1	0.0615599702253	0.175508685585	3.102711	1.040406525	2.062304	2	1	1	NA	NA	NA	NA	NA	NA	NA	3	1	2	2	1	1	NA	NA	NA	3	1	2
3	122703802	122712519	4	3	1	2	d	3	2	1	0.05	0.1	3.102711	1.040406525	2.062304	3	2	1	NA	NA	NA	NA	NA	NA	NA	4	1	3	3	1	1	NA	NA	NA	4	1	3
3	122712520	122715847	1	1	0	1	g	NA	NA	NA	NA	NA	NA	NA	NA	2	1	1	NA	NA	NA	NA	NA	NA	NA	1	0	1	3	1	1	NA	NA	NA	3	1	2
3	122715848	122718948	4	3	1	2	d	3	3	1	0.05	0.1	NA	NA	NA	4	1	1	NA	NA	NA	NA	NA	NA	NA	3	1	2	3	1	1	NA	NA	NA	4	1	3
3	122718949	122719275	4	3	1	2	d	3	3	1	0.05	0.1	NA	NA	NA	NA	NA	NA	NA	NA	NA	NA	NA	NA	NA	NA	NA	NA	3	1	1	NA	NA	NA	4	1	3
3	122719276	122885202	4	3	1	3	a	6	3	1	0.0541927618492	0.168312687599	4	1	3	3	1	1	NA	NA	NA	NA	NA	NA	NA	4	1	3	3	1	1	NA	NA	NA	4	1	3
3	122885203	132673953	3	2	1	3	a	6	2	1	0.0655370013277	0.175142248884	3	1	2	2	1	1	NA	NA	NA	NA	NA	NA	NA	3	1	2	2	1	1	NA	NA	NA	3	1	2
3	132673954	198022429	3	2	1	3	a	6	2	1	0.0631181060356	0.175869149067	3	1	2	2	1	1	NA	NA	NA	NA	NA	NA	NA	3	1	2	2	1	1	NA	NA	NA	3	1	2
4	31303	380002	3	2	1	2	d	5	2.23	1	0.05	0.185929955514	3	1	2	2	1	1	NA	NA	NA	NA	NA	NA	NA	3	1	2	2	1	1	NA	NA	NA	3	1	2
4	380003	26140894	4	2	2	2	d	4	2.09	2.09	0.038110337925	0.240382936874	4.138444	2.069222187	2.069222	2	2	1	NA	NA	NA	NA	NA	NA	NA	4	2	2	2	2	1	NA	NA	NA	4	2	2
4	26140895	26141105	4	2	2	2	d	3	2.09	2.09	0.05	0.1	4.138444	2.069222187	2.069222	2	2	1	NA	NA	NA	NA	NA	NA	NA	NA	NA	NA	2	2	1	NA	NA	NA	4	2	2
4	26141106	48199999	4	2	2	2	d	4	2.09	2.09	0.0363488686124	0.227363288676	4.177884	2.088941929	2.088942	2	2	1	NA	NA	NA	NA	NA	NA	NA	4	2	2	2	2	1	NA	NA	NA	4	2	2
4	48200000	52699999	NA	NA	NA	NA	NA	NA	3	0	0.0834329687793	0.379767343059	4.133835	2.066917587	2.066918	NA	NA	NA	NA	NA	NA	NA	NA	NA	NA	4	2	2	2	2	1	NA	NA	NA	3	1	2
4	52700000	189900048	2	2	0	2	d	4	2.17	0	0.0546280451107	0.14270122769	2.115397	0.017309582	2.098088	2	0	1	NA	NA	NA	NA	NA	NA	NA	2	0	2	2	0	1	NA	NA	NA	2	0	2
4	189900049	190791883	1	1	0	2	d	4	1.19	0	0.0880159224445	0.153678602713	1.182671	0.063797459	1.118874	1	0	1	NA	NA	NA	NA	NA	NA	NA	1	0	1	1	0	1	NA	NA	NA	1	0	1
5	22500	46099999	4	2	2	2	d	5	1.77	1.77	0.0382848478171	0.194360806048	4	2	2	2	2	1	NA	NA	NA	NA	NA	NA	NA	4	2	2	2	2	1	NA	NA	NA	4	2	2
5	46100000	50699999	NA	NA	NA	NA	NA	NA	2	0	0.100269357923	0.33679287776	2.769968	1.000290473	1.769678	NA	NA	NA	NA	NA	NA	NA	NA	NA	NA	3	1	2	2	0	0.59483	2	1	0.40517	3	0	3
5	50700000	180405372	2	2	0	2	d	4	2.17	0	0.0544197050396	0.163827202053	2.118678	0.017801707	2.100876	2	0	1	NA	NA	NA	NA	NA	NA	NA	2	0	2	2	0	1	NA	NA	NA	2	0	2
5	180405373	180685900	2	2	0	2	d	5	2.17	0	0.0414691659097	0.223949128307	2	0	2	2	0	1	NA	NA	NA	NA	NA	NA	NA	2	0	2	2	0	1	NA	NA	NA	2	0	2
6	238831	57330007	3	3	0	2	d	5	3	0	0.0422247085005	0.205408523493	3.14757	0.016396689	3.131174	3	0	1	NA	NA	NA	NA	NA	NA	NA	3	0	3	3	0	1	NA	NA	NA	3	0	3
6	57330008	58090771	2	2	0	2	d	5	2	0	0.0804753227407	0.13635348632	2.276346	0.039113517	2.237233	2	0	1	NA	NA	NA	NA	NA	NA	NA	2	0	2	2	0	1	NA	NA	NA	2	0	2
6	58090772	58699999	3	3	0	2	d	5	3	0	0.0402747026711	0.17390498892	2.276346	0.039113517	2.237233	3	0	1	NA	NA	NA	NA	NA	NA	NA	3	0	3	3	0	1	NA	NA	NA	3	0	3
6	58700000	63299999	NA	NA	NA	NA	NA	NA	2.09	0	0.0513970923414	0.212653692737	2.1876	0.017000697	2.170599	NA	NA	NA	NA	NA	NA	NA	NA	NA	NA	2	0	2	2	0	1	NA	NA	NA	3	0	3
6	63300000	78917216	2	2	0	2	d	4	2.09	0	0.0545425778576	0.140635192477	2.124145	0.018621744	2.105523	2	0	1	NA	NA	NA	NA	NA	NA	NA	2	0	2	2	0	1	NA	NA	NA	2	0	2
6	78917217	132496957	2	2	0	2	d	4	2.09	0	0.0530560017757	0.139812726611	2.133936	0.016908334	2.117027	2	0	1	NA	NA	NA	NA	NA	NA	NA	2	0	2	2	0	1	NA	NA	NA	2	0	2
6	132496958	132733611	3	3	0	2	d	4	3.23	0	0.0319063447493	0.177669625209	3.162785	0.004343874	3.158441	3	0	1	NA	NA	NA	NA	NA	NA	NA	3	0	3	3	0	1	NA	NA	NA	3	0	3
6	132733612	170915316	2	2	0	2	d	4	2.09	0	0.0549830745035	0.141675162645	2.121285	0.018192716	2.103092	2	0	1	NA	NA	NA	NA	NA	NA	NA	2	0	2	2	0	1	NA	NA	NA	2	0	2
7	40386	21461597	3	2	1	2	d	5	2	1	0.063339013367	0.178256211696	3.161394	1.059775408	2.101618	2	1	1	NA	NA	NA	NA	NA	NA	NA	3	1	2	2	1	1	NA	NA	NA	3	1	2
7	21461598	21487053	2	1	1	2	d	5	1	1	0.05	0.1	3.161394	1.059775408	2.101618	1	1	1	NA	NA	NA	NA	NA	NA	NA	2	1	1	1	1	1	NA	NA	NA	2	1	1
7	21487054	57999999	3	2	1	2	d	4	1.91	1	0.0629492834329	0.175636947179	3.15747	1.064040888	2.093429	2	1	1	NA	NA	NA	NA	NA	NA	NA	3	1	2	2	1	1	NA	NA	NA	3	1	2
7	58000000	61944997	NA	NA	NA	NA	NA	NA	1.91	1	0.05	0.221120172486	3.15747	1.064040888	2.093429	NA	NA	NA	NA	NA	NA	NA	NA	NA	NA	3	1	2	2	1	1	NA	NA	NA	3	1	2
7	61944998	76431802	2	2	0	2	d	5	2	0	0.0585212348279	0.155826862114	2.14555	0.021832496	2.123717	2	0	1	NA	NA	NA	NA	NA	NA	NA	2	0	2	2	0	1	NA	NA	NA	2	0	2
7	76431803	76686001	2	2	0	2	d	2	NA	NA	NA	NA	2.14555	0.021832496	2.123717	2	0	1	NA	NA	NA	NA	NA	NA	NA	NA	NA	NA	3	0	1	NA	NA	NA	2	0	2
7	76686002	158821400	2	2	0	2	d	5	2	0	0.0545238363401	0.138632320028	2.126193	0.015755167	2.110438	2	0	1	NA	NA	NA	NA	NA	NA	NA	2	0	2	2	0	1	NA	NA	NA	2	0	2
8	10001	162577	3	2	1	2	d	2	NA	NA	NA	NA	NA	NA	NA	2	1	1	NA	NA	NA	NA	NA	NA	NA	NA	NA	NA	NA	NA	NA	NA	NA	NA	3	1	2
8	162578	3659518	3	2	1	3	a	6	2	1	0.0642676480619	0.232926853076	3	1	2	2	1	1	NA	NA	NA	NA	NA	NA	NA	3	1	2	2	1	1	NA	NA	NA	3	1	2
8	3659519	5885468	3	2	1	2	d	4	1.91	1	0.0681049568303	0.161503998291	3.109028	1.068097012	2.040931	2	1	1	NA	NA	NA	NA	NA	NA	NA	3	1	2	2	1	1	NA	NA	NA	3	1	2
8	5885469	36606598	3	2	1	2	d	4	1.91	1	0.0652862653736	0.177263296266	3.114855	1.052512517	2.062342	2	1	1	NA	NA	NA	NA	NA	NA	NA	3	1	2	2	1	1	NA	NA	NA	3	1	2
8	36606599	36607395	3	2	1	2	d	2	NA	NA	NA	NA	3.114855	1.052512517	2.062342	NA	NA	NA	NA	NA	NA	NA	NA	NA	NA	5	2	3	2	1	1	NA	NA	NA	3	1	2
8	36607396	43099999	5	3	2	2	d	4	2.65	1.83	0.0516627971477	0.229082802382	5.179641	2.086755374	3.092886	3	2	1	NA	NA	NA	NA	NA	NA	NA	5	2	3	3	2	1	NA	NA	NA	5	2	3
8	43100000	48099999	NA	NA	NA	NA	NA	NA	1.68	1.68	0.049361764097	0.282364130736	4.557456	2.0405471	2.516909	NA	NA	NA	NA	NA	NA	NA	NA	NA	NA	4	2	2	2	2	1	NA	NA	NA	4	2	2
8	48100000	62551337	4	2	2	2	d	4	1.61	1.61	0.0375219158528	0.183377047859	4.123579	2.061789638	2.06179	2	2	1	NA	NA	NA	NA	NA	NA	NA	4	2	2	2	2	1	NA	NA	NA	4	2	2
8	62551338	62551666	4	2	2	2	d	3	1.61	1.61	0.05	0.1	4.123579	2.061789638	2.06179	2	2	1	NA	NA	NA	NA	NA	NA	NA	NA	NA	NA	2	2	1	NA	NA	NA	4	2	2
8	62551667	65045445	4	2	2	2	d	4	1.61	1.61	0.0352750861232	0.16484913149	4.104776	2.052388206	2.052388	2	2	1	NA	NA	NA	NA	NA	NA	NA	4	2	2	2	2	1	NA	NA	NA	4	2	2
8	65045446	65288968	5	3	2	2	d	4	2.17	1.53	0.0672998640514	0.178394607296	5.171	2.039583936	3.131416	3	2	1	NA	NA	NA	NA	NA	NA	NA	5	2	3	3	2	1	NA	NA	NA	5	2	3
8	65288969	65291943	5	3	2	2	d	3	2.17	1.53	0.05	0.1	5.171	2.039583936	3.131416	3	2	1	NA	NA	NA	NA	NA	NA	NA	NA	NA	NA	3	2	1	NA	NA	NA	5	2	3
8	65291944	70696801	5	3	2	2	d	4	2.17	1.53	0.0474103962195	0.188916381116	5.135378	2.063367888	3.07201	3	2	1	NA	NA	NA	NA	NA	NA	NA	5	2	3	3	2	1	NA	NA	NA	5	2	3
8	70696802	71282402	6	4	2	2	d	3	3	1	0.05	0.208379003806	5.135378	2.063367888	3.07201	4	2	1	NA	NA	NA	NA	NA	NA	NA	6	2	4	2	2	1	NA	NA	NA	6	2	4
8	71282403	82138860	4	2	2	2	d	4	1.46	1.46	0.0343768126285	0.154202750857	4.154205	2.077102297	2.077102	2	2	1	NA	NA	NA	NA	NA	NA	NA	4	2	2	2	2	1	NA	NA	NA	4	2	2
8	82138861	82202956	4	2	2	2	e	3	1.46	1.46	0.05	0.155806749998	4.154205	2.077102297	2.077102	3	2	1	NA	NA	NA	NA	NA	NA	NA	5	2	3	2	2	1	NA	NA	NA	5	1	4
8	82202957	107094210	4	2	2	2	d	5	1.46	1.46	0.0376176539398	0.189815441807	4	2	2	2	2	1	NA	NA	NA	NA	NA	NA	NA	4	2	2	2	2	1	NA	NA	NA	4	2	2
8	107094211	107096250	4	2	2	2	d	3	1.46	1.46	0.05	0.1	4	2	2	1	1	0.74464260178546	2	1	0.25535739821454	NA	0	0.74464260178546	0.74464260178546	5	2	3	2	2	1	NA	NA	NA	4	2	2
8	107096251	146364021	4	2	2	2	d	5	1.46	1.46	0.0371806231253	0.182004991477	4	2	2	2	2	1	NA	NA	NA	NA	NA	NA	NA	4	2	2	2	2	1	NA	NA	NA	4	2	2
9	10001	157301	3	2	1	2	d	3	2.23	1.19	0.05	0.1	NA	NA	NA	NA	NA	NA	NA	NA	NA	NA	NA	NA	NA	3	1	2	2	1	1	NA	NA	NA	3	1	2
9	157302	17223462	3	2	1	2	d	4	2.23	1.19	0.0598408486372	0.193438246925	3.144812	1.063682758	2.081129	2	1	1	NA	NA	NA	NA	NA	NA	NA	3	1	2	2	1	1	NA	NA	NA	3	1	2
9	17223463	17244429	4	2	2	2	e	3	2.17	2.17	0.05	0.1	3.144812	1.063682758	2.081129	2	1	1	NA	NA	NA	NA	NA	NA	NA	4	2	2	2	2	1	NA	NA	NA	4	1	3
9	17244430	47299999	4	2	2	2	d	4	2.17	2.17	0.0361288799855	0.261367233998	4.153713	2.076856282	2.076856	2	2	1	NA	NA	NA	NA	NA	NA	NA	4	2	2	2	2	1	NA	NA	NA	4	2	2
9	47300000	50699999	NA	NA	NA	NA	NA	NA	NA	NA	NA	NA	4.153713	2.076856282	2.076856	NA	NA	NA	NA	NA	NA	NA	NA	NA	NA	NA	NA	NA	2	2	1	NA	NA	NA	3	1	2
9	50700000	117860010	3	2	1	2	d	5	2	1	0.0631693902093	0.169858826781	3.119922	1.048624184	2.071298	2	1	1	NA	NA	NA	NA	NA	NA	NA	3	1	2	2	1	1	NA	NA	NA	3	1	2
9	117860011	140273200	2	2	0	3	a	6	2	0	0.0579345665581	0.14090745195	2	0	2	2	0	1	NA	NA	NA	NA	NA	NA	NA	2	0	2	2	0	1	NA	NA	NA	2	0	2
9	140273201	141026411	2	2	0	2	d	4	NA	NA	NA	NA	2	0	2	NA	NA	NA	NA	NA	NA	NA	NA	NA	NA	2	0	2	2	0	1	NA	NA	NA	2	0	2
10	94541	379105	1	1	0	2	d	4	1.19	0	0.05	0.0969894679597	NA	NA	NA	1	0	1	NA	NA	NA	NA	NA	NA	NA	1	0	1	1	0	1	NA	NA	NA	1	0	1
10	379106	25526875	1	1	0	2	d	5	1.19	0	0.0778703510019	0.104588550865	1	0	1	1	0	1	NA	NA	NA	NA	NA	NA	NA	1	0	1	1	0	1	NA	NA	NA	1	0	1
10	25526876	25530125	1	1	0	2	d	5	1.19	0	0.05	0.1	1	0	1	1	0	1	NA	NA	NA	NA	NA	NA	NA	1	0	1	1	0	1	NA	NA	NA	1	0	1
10	25530126	25669741	1	1	0	2	d	4	1.19	0	0.0874136993125	0.102639176006	1.127731	0.034565797	1.093165	1	0	1	NA	NA	NA	NA	NA	NA	NA	1	0	1	1	0	1	NA	NA	NA	1	0	1
10	25669742	28111038	2	2	0	2	d	4	2.17	0	0.0550884866113	0.16328741356	2.132027	0.019804047	2.112223	2	0	1	NA	NA	NA	NA	NA	NA	NA	2	0	2	2	0	1	NA	NA	NA	2	0	2
10	28111039	28918297	1	1	0	2	d	4	1.19	0	0.0810062141473	0.0992290566773	1.109008	0.030197077	1.078811	1	0	1	NA	NA	NA	NA	NA	NA	NA	1	0	1	1	0	1	NA	NA	NA	1	0	1
10	28918298	29540661	2	2	0	2	d	4	2.23	0	0.0541140101903	0.152178801024	2.150106	0.011513731	2.138592	2	0	1	NA	NA	NA	NA	NA	NA	NA	2	0	2	2	0	1	NA	NA	NA	2	0	2
10	29540662	29542527	2	2	0	2	d	3	1	0	0.05	0.1	2.150106	0.011513731	2.138592	2	0	1	NA	NA	NA	NA	NA	NA	NA	2	0	2	2	0	1	NA	NA	NA	1	0	1
10	29542528	29923737	1	1	0	3	a	6	1	0	0.0854529424884	0.0991428652873	1	0	1	1	0	1	NA	NA	NA	NA	NA	NA	NA	1	0	1	1	0	1	NA	NA	NA	1	0	1
10	29923738	31433069	1	1	0	2	d	4	1.19	0	0.0793818798595	0.113291062643	1.100148	0.023110968	1.077037	1	0	1	NA	NA	NA	NA	NA	NA	NA	1	0	1	1	0	1	NA	NA	NA	1	0	1
10	31433070	37719436	2	2	0	2	d	4	2.23	0	0.0539578097781	0.137876598687	2.159941	0.020781483	2.139159	2	0	1	NA	NA	NA	NA	NA	NA	NA	2	0	2	2	0	1	NA	NA	NA	2	0	2
10	37719437	37776571	1	1	0	2	d	3	1	0	0.05	0.1	2.159941	0.020781483	2.139159	1	0	1	NA	NA	NA	NA	NA	NA	NA	NA	NA	NA	2	0	1	NA	NA	NA	1	0	1
10	37776572	42392499	NA	NA	NA	NA	NA	NA	2.09	0	0.0517034944479	0.165094206964	2.246675	0.014831158	2.231844	2	0	1	NA	NA	NA	NA	NA	NA	NA	2	0	2	2	0	1	NA	NA	NA	2	0	2
10	42392500	65375400	1	1	0	3	a	6	1	0	0.0806523746699	0.114815898811	1	0	1	1	0	1	NA	NA	NA	NA	NA	NA	NA	1	0	1	1	0	1	NA	NA	NA	1	0	1
10	65375401	65488415	1	1	0	2	d	5	1.68	0	0.05	0.0967155291388	1	0	1	1	0	1	NA	NA	NA	NA	NA	NA	NA	1	0	1	1	0	1	NA	NA	NA	1	0	1
10	65488416	135389924	1	1	0	3	a	6	1	0	0.0828088781869	0.103397748127	1	0	1	1	0	1	NA	NA	NA	NA	NA	NA	NA	1	0	1	1	0	1	NA	NA	NA	1	0	1
11	20721	202071	1	1	0	2	d	3	NA	NA	NA	NA	NA	NA	NA	NA	NA	NA	NA	NA	NA	NA	NA	NA	NA	1	0	1	1	0	1	NA	NA	NA	1	0	1
11	202072	862855	1	1	0	3	b	5	1	0	0.0803104095848	0.168685793779	1	0	1	1	0	1	NA	NA	NA	NA	NA	NA	NA	NA	NA	NA	1	0	1	NA	NA	NA	1	0	1
11	862856	5780778	2	2	0	2	d	4	2.09	0	0.0558233139863	0.151608407422	2.107928	0.02263498	2.085293	2	0	1	NA	NA	NA	NA	NA	NA	NA	2	0	2	2	0	1	NA	NA	NA	2	0	2
11	5780779	5832500	2	2	0	2	d	3	1.68	0	0.05	0.1	1.251645	0	1.251645	2	0	1	NA	NA	NA	NA	NA	NA	NA	2	0	2	1	0	1	NA	NA	NA	2	0	2
11	5832501	36351494	2	2	0	2	d	4	2.09	0	0.0563522406116	0.135656285376	2.130591	0.016410148	2.11418	2	0	1	NA	NA	NA	NA	NA	NA	NA	2	0	2	2	0	1	NA	NA	NA	2	0	2
11	36351495	36423041	3	3	0	3	a	6	3	0	0.05	0.176891446201	3	0	3	3	0	1	NA	NA	NA	NA	NA	NA	NA	3	0	3	3	0	1	NA	NA	NA	3	0	3
11	36423042	51599999	2	2	0	2	d	4	2.09	0	0.0550581682643	0.148872812547	2.134671	0.020200667	2.11447	2	0	1	NA	NA	NA	NA	NA	NA	NA	2	0	2	2	0	1	NA	NA	NA	2	0	2
11	51600000	55699999	2	2	0	2	d	5	2.09	0	0.0456423277326	0.212532956394	2	0	2	2	0	1	NA	NA	NA	NA	NA	NA	NA	2	0	2	2	0	1	NA	NA	NA	2	0	2
11	55700000	60285510	2	2	0	2	d	4	2.09	0	0.0548613086677	0.142382927255	2.102533	0.012231311	2.090301	2	0	1	NA	NA	NA	NA	NA	NA	NA	2	0	2	2	0	1	NA	NA	NA	2	0	2
11	60285511	61430680	3	2	1	2	d	5	2	1	0.0627814212556	0.184834099137	3.148809	1.033919022	2.11489	2	1	1	NA	NA	NA	NA	NA	NA	NA	3	1	2	2	1	1	NA	NA	NA	3	1	2
11	61430681	61561477	4	2	2	3	b	5	2	2	0.05	0.206917413813	4	2	2	2	2	1	NA	NA	NA	NA	NA	NA	NA	NA	NA	NA	2	2	1	NA	NA	NA	4	2	2
11	61561478	99736275	3	2	1	2	d	4	1.91	1	0.0643723058181	0.187843841886	3.125178	1.043155732	2.082022	2	1	1	NA	NA	NA	NA	NA	NA	NA	3	1	2	2	1	1	NA	NA	NA	3	1	2
11	99736276	99958738	2	1	1	2	d	4	1	1	0.0540560886699	0.101766975841	2.103249	1.051624387	1.051624	1	0	0.147931182413939	1	1	0.852068817586061	0.0227615590143846	0.0234830799613066	0.0449355787362258	0.138635822913963	2	1	1	1	1	1	NA	NA	NA	2	1	1
11	99958739	134452200	3	2	1	2	d	4	1.91	1	0.064746566239	0.158223771744	3.106917	1.02880347	2.078113	2	1	1	NA	NA	NA	NA	NA	NA	NA	3	1	2	2	1	1	NA	NA	NA	3	1	2
12	110107	208345	4	2	2	2	d	4	2	2	0.05	1.31688273336	NA	NA	NA	2	2	1	NA	NA	NA	NA	NA	NA	NA	NA	NA	NA	2	2	1	NA	NA	NA	4	2	2
12	208346	33299999	4	2	2	2	d	5	2	2	0.0388360069582	0.219842888318	4.161627	2.080813514	2.080814	2	2	1	NA	NA	NA	NA	NA	NA	NA	4	2	2	2	2	1	NA	NA	NA	4	2	2
12	33300000	38199999	NA	NA	NA	NA	NA	NA	2	2	0.0337994438453	0.567302955163	3.647239	1.823619391	1.823619	NA	NA	NA	NA	NA	NA	NA	NA	NA	NA	4	2	2	2	2	1	NA	NA	NA	3	1	2
12	38200000	63939045	2	2	0	2	d	4	2.09	0	0.0558996303886	0.144379320869	2.105892	0.018679138	2.087213	2	0	1	NA	NA	NA	NA	NA	NA	NA	2	0	2	2	0	1	NA	NA	NA	2	0	2
12	63939046	64137491	2	2	0	2	d	2	3	0.53	0.05	0.170573510518	2.105892	0.018679138	2.087213	2	0	1	NA	NA	NA	NA	NA	NA	NA	NA	NA	NA	1	0	1	NA	NA	NA	2	0	2
12	64137492	132349400	2	2	0	2	d	4	2.09	0	0.055696108404	0.134968531269	2.10297	0.01823802	2.084732	2	0	1	NA	NA	NA	NA	NA	NA	NA	2	0	2	2	0	1	NA	NA	NA	2	0	2
12	132349401	133851894	2	2	0	3	b	5	NA	NA	NA	NA	2	0	2	2	0	1	NA	NA	NA	NA	NA	NA	NA	2	0	2	2	0	1	NA	NA	NA	2	0	2
13	1	16299999	3	2	1	1	h	1	NA	NA	NA	NA	NA	NA	NA	NA	NA	NA	NA	NA	NA	NA	NA	NA	NA	NA	NA	NA	NA	NA	NA	NA	NA	NA	3	1	2
13	16300000	19499999	3	2	1	2	d	3	1.83	0.91	0.05	0.210284414789	NA	NA	NA	2	1	1	NA	NA	NA	NA	NA	NA	NA	3	1	2	3	1	0.335094	2	1	0.664906	3	1	2
13	19500000	33172655	3	2	1	2	d	4	1.83	0.91	0.0633509457515	0.169257068573	3.13303	1.056144031	2.076886	2	1	1	NA	NA	NA	NA	NA	NA	NA	3	1	2	2	1	1	NA	NA	NA	3	1	2
13	33172656	80735258	2	2	0	2	d	4	1.91	0	0.0528194694174	0.128896250339	2.111078	0.019461926	2.091616	2	0	1	NA	NA	NA	NA	NA	NA	NA	2	0	2	2	0	1	NA	NA	NA	2	0	2
13	80735259	114150023	3	2	1	2	d	4	1.91	1	0.061833680956	0.161016589093	3.133384	1.04618856	2.087196	2	1	1	NA	NA	NA	NA	NA	NA	NA	3	1	2	2	1	1	NA	NA	NA	3	1	2
13	114150024	115169877	3	2	1	3	b	5	NA	NA	NA	NA	3	1	2	2	1	1	NA	NA	NA	NA	NA	NA	NA	3	1	2	2	1	1	NA	NA	NA	3	1	2
14	1	16099999	4	2	2	1	h	1	NA	NA	NA	NA	NA	NA	NA	NA	NA	NA	NA	NA	NA	NA	NA	NA	NA	NA	NA	NA	NA	NA	NA	NA	NA	NA	4	2	2
14	16100000	19099999	NA	NA	NA	NA	NA	NA	NA	NA	NA	NA	NA	NA	NA	NA	NA	NA	NA	NA	NA	NA	NA	NA	NA	NA	NA	NA	3	2	0.333711	3	1	0.666289	4	2	2
14	19100000	20513451	5	3	2	1	g	1	2	1	0.05	0.572635041393	4.246685	1.316327048	2.930358	NA	NA	NA	NA	NA	NA	NA	NA	NA	NA	NA	NA	NA	3	2	0.333711	3	1	0.666289	4	2	2
14	20513452	23262842	4	2	2	2	d	5	2	2	0.0391776239742	0.223015661866	4.153995	2.076997326	2.076997	2	2	1	NA	NA	NA	NA	NA	NA	NA	4	2	2	2	2	1	NA	NA	NA	4	2	2
14	23262843	23263112	4	2	2	2	d	4	2	2	0.05	0.1	4.153995	2.076997326	2.076997	2	2	1	NA	NA	NA	NA	NA	NA	NA	NA	NA	NA	2	2	1	NA	NA	NA	4	2	2
14	23263113	84186832	4	2	2	2	d	5	2	2	0.0360565846598	0.214869724827	4.159394	2.079696809	2.079697	2	2	1	NA	NA	NA	NA	NA	NA	NA	4	2	2	2	2	1	NA	NA	NA	4	2	2
14	84186833	106368400	4	2	2	3	a	6	2	2	0.0394303734725	0.211438479008	4	2	2	2	2	1	NA	NA	NA	NA	NA	NA	NA	4	2	2	2	2	1	NA	NA	NA	4	2	2
15	1	15799999	4	2	2	1	h	1	NA	NA	NA	NA	NA	NA	NA	NA	NA	NA	NA	NA	NA	NA	NA	NA	NA	NA	NA	NA	NA	NA	NA	NA	NA	NA	4	2	2
15	15800000	20699999	4	2	2	2	d	2	NA	NA	NA	NA	NA	NA	NA	2	2	1	NA	NA	NA	NA	NA	NA	NA	NA	NA	NA	NA	NA	NA	NA	NA	NA	4	2	2
15	20700000	75329548	4	2	2	2	d	4	1.91	1.91	0.0378214457569	0.229289120673	4.158489	2.079244287	2.079244	2	2	1	NA	NA	NA	NA	NA	NA	NA	4	2	2	2	2	1	NA	NA	NA	4	2	2
15	75329549	75508811	5	3	2	2	d	3	1.91	1.91	0.05	0.266940086762	4.158489	2.079244287	2.079244	3	2	1	NA	NA	NA	NA	NA	NA	NA	5	2	3	2	2	1	NA	NA	NA	5	2	3
15	75508812	100338800	4	2	2	2	d	4	1.91	1.91	0.0381797005908	0.204238873836	4.147524	2.073762106	2.073762	2	2	1	NA	NA	NA	NA	NA	NA	NA	4	2	2	2	2	1	NA	NA	NA	4	2	2
15	100338801	102399919	4	2	2	2	d	4	NA	NA	NA	NA	4.120638	2.060318893	2.060319	2	2	1	NA	NA	NA	NA	NA	NA	NA	4	2	2	2	2	1	NA	NA	NA	4	2	2
16	83802	34599999	4	2	2	2	d	3	1.91	1.91	0.0407112700261	0.279813629593	4.172581	2.086290542	2.086291	1	1	1	NA	NA	NA	NA	NA	NA	NA	4	2	2	2	2	1	NA	NA	NA	4	2	2
16	34600000	38599999	4	2	2	2	d	3	2	2	0.05	0.254251577749	4.229109	2.114554767	2.114555	1	1	1	NA	NA	NA	NA	NA	NA	NA	4	2	2	2	2	1	NA	NA	NA	3	1	2
16	38600000	46447499	4	2	2	2	f	2	NA	NA	NA	NA	4.229109	2.114554767	2.114555	1	1	1	NA	NA	NA	NA	NA	NA	NA	NA	NA	NA	2	2	1	NA	NA	NA	3	1	2
16	46447500	88827200	2	1	1	2	d	5	1	1	0.0509268096781	0.14045555256	2.128636	1.064318105	1.064318	1	1	1	NA	NA	NA	NA	NA	NA	NA	2	1	1	1	1	1	NA	NA	NA	2	1	1
16	88827201	90354752	2	1	1	2	d	4	NA	NA	NA	NA	2.116742	1.058370997	1.058371	1	1	1	NA	NA	NA	NA	NA	NA	NA	2	1	1	1	1	1	NA	NA	NA	2	1	1
17	3104	3703264	2	2	0	2	d	5	2	0	0.0575170223842	0.138632342514	2.118578	0.01919029	2.099387	2	0	1	NA	NA	NA	NA	NA	NA	NA	2	0	2	2	0	1	NA	NA	NA	2	0	2
17	3703265	7577764	4	2	2	2	d	5	2	2	0.0397011772115	0.216430725293	4.165629	2.08281427	2.082814	2	2	1	NA	NA	NA	NA	NA	NA	NA	4	2	2	2	2	1	NA	NA	NA	4	2	2
17	7577765	7597896	4	2	2	2	d	2	2	2	0.05	0.1	4.165629	2.08281427	2.082814	1	0	0.781662614995949	2	0	0.218337385004051	NA	0	0.781662614995949	0.781662614995949	NA	NA	NA	2	2	1	NA	NA	NA	2	0	2
17	7597897	22199999	4	2	2	2	d	5	2	2	0.0390820483305	0.231040420148	4.164851	2.082425685	2.082426	2	2	1	NA	NA	NA	NA	NA	NA	NA	4	2	2	2	2	1	NA	NA	NA	4	2	2
17	22200000	25799999	NA	NA	NA	NA	NA	NA	1.91	0	0.0620201159634	0.820392693051	2.252131	0.037819606	2.214311	NA	NA	NA	NA	NA	NA	NA	NA	NA	NA	2	0	2	2	0	1	NA	NA	NA	3	0	3
17	25800000	36278853	2	2	0	2	d	4	1.91	0	0.0544409937142	0.132542037685	2.113203	0.016980411	2.096222	2	0	1	NA	NA	NA	NA	NA	NA	NA	2	0	2	2	0	1	NA	NA	NA	2	0	2
17	36278854	43650602	2	2	0	2	d	4	1.91	0	0.0576283605162	0.209700042281	2.112804	0.016920577	2.095883	2	0	1	NA	NA	NA	NA	NA	NA	NA	2	0	2	2	0	1	NA	NA	NA	2	0	2
17	43650603	44229981	2	2	0	2	d	5	2	0	0.0603277178231	0.220857869798	2.131933	0.026287895	2.105645	2	0	1	NA	NA	NA	NA	NA	NA	NA	2	0	2	2	0	1	NA	NA	NA	2	0	2
17	44229982	44752402	2	2	0	2	d	2	4	0	0.05	0.172561548136	2.822568	0	2.822568	2	0	1	NA	NA	NA	NA	NA	NA	NA	NA	NA	NA	2	0	0.577309	2	1	0.422691	2	0	2
17	44752403	78774600	2	2	0	2	d	5	2	0	0.0546700791973	0.136302830489	2.125616	0.018842413	2.106774	2	0	1	NA	NA	NA	NA	NA	NA	NA	2	0	2	2	0	1	NA	NA	NA	2	0	2
17	78774601	80568218	2	2	0	2	d	4	NA	NA	NA	NA	2.120273	0.034582067	2.08569	2	0	1	NA	NA	NA	NA	NA	NA	NA	2	0	2	2	0	1	NA	NA	NA	2	0	2
18	27500	93742	3	2	1	2	d	3	2.09	1	0.05	0.1	NA	NA	NA	NA	NA	NA	NA	NA	NA	NA	NA	NA	NA	3	1	2	2	1	1	NA	NA	NA	3	1	2
18	93743	2582609	3	2	1	2	d	4	2.09	1	0.0618545867614	0.20206341283	3.15603	1.046859959	2.109171	2	1	1	NA	NA	NA	NA	NA	NA	NA	3	1	2	2	1	1	NA	NA	NA	3	1	2
18	2582610	2739934	4	3	1	2	d	5	3	1	0.0519947955525	0.228561539141	4.153201	1.086183827	3.067018	3	1	1	NA	NA	NA	NA	NA	NA	NA	4	1	3	3	1	1	NA	NA	NA	4	1	3
18	2739935	15399999	3	2	1	2	d	5	2	1	0.062301289852	0.180413387811	3.159359	1.070123319	2.089236	2	1	1	NA	NA	NA	NA	NA	NA	NA	3	1	2	2	1	1	NA	NA	NA	3	1	2
18	15400000	18999999	3	2	1	2	d	5	2	1	0.0582542079717	0.193739492869	3.160074	1.069373704	2.0907	2	1	1	NA	NA	NA	NA	NA	NA	NA	3	1	2	2	1	1	NA	NA	NA	3	1	2
18	19000000	22586766	3	2	1	2	d	5	2	1	0.0645206232128	0.165266275358	3.175922	1.092092381	2.08383	2	1	1	NA	NA	NA	NA	NA	NA	NA	3	1	2	2	1	1	NA	NA	NA	3	1	2
18	22586767	22587520	3	2	1	2	f	2	4	1	0.05	0.1	3.175922	1.092092381	2.08383	3	1	0.786459078125745	3	2	0.213540921874255	NA	0	0.786459078125745	0.786459078125745	NA	NA	NA	2	1	1	NA	NA	NA	4	1	3
18	22587521	22671818	5	4	1	3	a	6	4	1	0.0318557027005	0.233244747688	5	1	4	4	1	1	NA	NA	NA	NA	NA	NA	NA	5	1	4	4	1	1	NA	NA	NA	5	1	4
18	22671819	22801294	4	3	1	2	d	4	4	1	0.05	0.265096675007	4.185171	1.008298507	3.176873	3	1	1	NA	NA	NA	NA	NA	NA	NA	4	1	3	3	1	1	NA	NA	NA	4	1	3
18	22801295	23465968	5	4	1	2	d	5	4	1	0.0450217387274	0.223578835485	5.233135	1.02479022	4.208344	4	1	1	NA	NA	NA	NA	NA	NA	NA	5	1	4	4	1	1	NA	NA	NA	5	1	4
18	23465969	23913004	4	3	1	2	d	5	3	1	0.05	0.225295109462	4.165372	1.040514064	3.124858	3	1	1	NA	NA	NA	NA	NA	NA	NA	4	1	3	3	1	1	NA	NA	NA	4	1	3
18	23913005	23914419	3	2	1	1	g	1	1	1	0.05	0.1	4.165372	1.040514064	3.124858	2	1	1	NA	NA	NA	NA	NA	NA	NA	NA	NA	NA	3	1	1	NA	NA	NA	3	1	2
18	23914420	76117000	2	1	1	2	d	5	1	1	0.0482543040263	0.127864495086	2.120919	1.060459737	1.06046	1	1	1	NA	NA	NA	NA	NA	NA	NA	2	1	1	1	1	1	NA	NA	NA	2	1	1
18	76117001	78077247	2	1	1	3	b	5	NA	NA	NA	NA	2	1	1	1	1	1	NA	NA	NA	NA	NA	NA	NA	2	1	1	1	1	1	NA	NA	NA	2	1	1
19	102500	240553	2	1	1	2	d	3	1	1	0.05	0.1	NA	NA	NA	NA	NA	NA	NA	NA	NA	NA	NA	NA	NA	NA	NA	NA	1	1	1	NA	NA	NA	2	1	1
19	240554	1680344	2	1	1	2	d	5	1	1	0.0477236347964	0.170657551179	2.101557	1.050778318	1.050778	1	1	1	NA	NA	NA	NA	NA	NA	NA	2	1	1	1	1	1	NA	NA	NA	2	1	1
19	1680345	6560302	3	2	1	2	d	5	2	1	0.0784001750178	0.211664518867	3.180762	1.066948951	2.113813	2	1	1	NA	NA	NA	NA	NA	NA	NA	3	1	2	2	1	1	NA	NA	NA	3	1	2
19	6560303	6724565	4	3	1	2	d	5	3	1	0.05	0.1	4.238833	0.989297976	3.249535	3	1	1	NA	NA	NA	NA	NA	NA	NA	4	1	3	3	1	1	NA	NA	NA	4	1	3
19	6724566	7916735	3	2	1	2	d	5	2	1	0.0667351027441	0.17087741502	3.181332	1.094132231	2.0872	2	1	1	NA	NA	NA	NA	NA	NA	NA	3	1	2	2	1	1	NA	NA	NA	3	1	2
19	7916736	9741412	3	2	1	2	d	5	2	1	0.0753045799424	0.182374237376	3.194677	1.07452296	2.120154	2	1	1	NA	NA	NA	NA	NA	NA	NA	3	1	2	2	1	1	NA	NA	NA	3	1	2
19	9741413	9811268	4	2	2	2	d	3	NA	NA	NA	NA	3.194677	1.07452296	2.120154	2	2	1	NA	NA	NA	NA	NA	NA	NA	4	2	2	2	1	1	NA	NA	NA	4	2	2
19	9811269	16956858	3	2	1	2	d	5	2	1	0.0613896270338	0.181352675207	3.181092	1.067071241	2.114021	2	1	1	NA	NA	NA	NA	NA	NA	NA	3	1	2	2	1	1	NA	NA	NA	3	1	2
19	16956859	16969930	3	2	1	2	d	5	2	1	0.05	0.1	3.181092	1.067071241	2.114021	2	1	1	NA	NA	NA	NA	NA	NA	NA	3	1	2	2	1	1	NA	NA	NA	3	1	2
19	16969931	24238585	3	2	1	2	d	5	2	1	0.0639858681404	0.178840976904	3.209676	1.065361985	2.144314	2	1	1	NA	NA	NA	NA	NA	NA	NA	3	1	2	2	1	1	NA	NA	NA	3	1	2
19	24238586	24243102	2	1	1	2	d	2	1	1	0.05	0.1	3.209676	1.065361985	2.144314	1	1	0.141999141999147	2	1	0.858000858000853	NA	0	0.141999141999147	0.141999141999147	NA	NA	NA	2	1	1	NA	NA	NA	2	1	1
19	24243103	24399999	2	1	1	2	d	4	1	1	0.05	0.122503396496	2.192815	1.096407298	1.096407	1	0	0.164972873358364	1	1	0.835027126641636	0.0443016052510833	0.0444503163673104	0.0727118456173261	0.250999768356954	2	1	1	1	1	1	NA	NA	NA	2	1	1
19	24400000	28599999	NA	NA	NA	NA	NA	NA	1.77	0.91	0.0553068066889	0.206700082956	3	1	2	NA	NA	NA	NA	NA	NA	NA	NA	NA	NA	3	1	2	2	1	1	NA	NA	NA	3	1	2
19	28600000	42413999	3	2	1	2	d	4	1.77	0.91	0.0653300016318	0.168418566399	3.107655	1.075317308	2.032337	2	1	1	NA	NA	NA	NA	NA	NA	NA	3	1	2	2	1	1	NA	NA	NA	3	1	2
19	42414000	42493804	3	2	1	2	d	2	1.77	0.91	0.05	0.1	3.107655	1.075317308	2.032337	2	0	0.308462308462306	2	1	0.691537691537694	0.0798918460355962	0.0765143308104209	0.173093978671168	0.477640226699098	3	1	2	2	0	0.271641	2	1	0.728359	3	1	2
19	42493805	58778450	3	2	1	2	d	5	1.77	0.91	0.0632885872149	0.255675060084	3	1	2	2	1	1	NA	NA	NA	NA	NA	NA	NA	3	1	2	2	1	1	NA	NA	NA	3	1	2
20	28655	4533355	4	2	2	2	d	2	1.68	1.77	0.0390273921801	0.17825985081	4.122147	2.061073542	2.061074	NA	NA	NA	NA	NA	NA	NA	NA	NA	NA	4	2	2	2	2	1	NA	NA	NA	NA	NA	NA
20	4533356	10956634	6	4	2	2	d	2	3.32	1.68	0.0474054962506	0.245858810403	6.215563	2.097395047	4.118168	NA	NA	NA	NA	NA	NA	NA	NA	NA	NA	6	2	4	4	2	1	NA	NA	NA	NA	NA	NA
20	10956635	11064433	6	4	2	2	f	2	4	1.68	0.0351892226303	0.194849398518	7.374971	2.270482227	5.104489	NA	NA	NA	NA	NA	NA	NA	NA	NA	NA	6	2	4	5	2	1	NA	NA	NA	NA	NA	NA
20	11064434	25517386	6	4	2	2	d	4	3.32	1.68	0.0508434472066	0.246871136118	6.169842	2.075296846	4.094545	4	2	1	NA	NA	NA	NA	NA	NA	NA	6	2	4	4	2	1	NA	NA	NA	6	2	4
20	25517387	25599999	4	2	2	2	f	2	1.77	1.68	0.05	0.196206676938	6.169842	2.075296846	4.094545	NA	NA	NA	NA	NA	NA	NA	NA	NA	NA	NA	NA	NA	2	2	1	NA	NA	NA	6	2	4
20	25600000	29399999	NA	NA	NA	NA	NA	NA	1.77	1.68	0.0472393569915	0.216251254922	NA	NA	NA	2	2	1	NA	NA	NA	NA	NA	NA	NA	4	2	2	2	2	1	NA	NA	NA	3	1	2
20	29400000	37545223	3	2	1	2	d	4	1.68	0.83	0.0627011628279	0.184045136214	3.125408	1.056447487	2.06896	2	1	1	NA	NA	NA	NA	NA	NA	NA	3	1	2	2	1	1	NA	NA	NA	3	1	2
20	37545224	37708070	4	2	2	2	d	5	1.53	1.53	0.0341414625804	0.138379794662	4	2	2	2	2	1	NA	NA	NA	NA	NA	NA	NA	4	2	2	2	2	1	NA	NA	NA	4	2	2
20	37708071	62432500	3	2	1	2	d	4	1.53	0.77	0.0640436393263	0.134930144814	3.10839	1.051104974	2.057285	2	1	1	NA	NA	NA	NA	NA	NA	NA	3	1	2	2	1	1	NA	NA	NA	3	1	2
21	1	9682500	NA	NA	NA	NA	NA	NA	NA	NA	NA	NA	NA	NA	NA	NA	NA	NA	NA	NA	NA	NA	NA	NA	NA	NA	NA	NA	NA	NA	NA	NA	NA	NA	NA	NA	NA
21	9682501	10899999	NA	NA	NA	NA	NA	NA	NA	NA	NA	NA	NA	NA	NA	NA	NA	NA	NA	NA	NA	NA	NA	NA	NA	NA	NA	NA	3	1	1	NA	NA	NA	NA	NA	NA
21	10900000	14299999	4	2	2	2	f	1	1.83	1.83	0.05	0.359523633832	NA	NA	NA	NA	NA	NA	NA	NA	NA	NA	NA	NA	NA	NA	NA	NA	3	1	1	NA	NA	NA	NA	NA	NA
21	14300000	44571002	4	2	2	2	d	2	1.83	1.83	0.0409465928334	0.202744272991	3.735426	1.867713117	1.867713	2	1	0.10125005958339	2	2	0.89874994041661	0.00470376928127693	0.00458830200923117	0.099114855405265	0.117436825173223	4	2	2	2	2	1	NA	NA	NA	NA	NA	NA
21	44571003	46937500	3	2	1	2	d	3	1.77	1	0.0691993120428	0.180331543952	2.733242	0.977892301	1.75535	1	1	0.176765320618401	2	1	0.823234679381599	0.0162069115533918	0.0161142579597031	0.144843976506308	0.208745095479093	3	1	2	2	1	1	NA	NA	NA	3	1	2
21	46937501	48129894	3	2	1	2	d	3	NA	NA	NA	NA	2.729064	0.961998726	1.767066	1	1	0.176765320618401	2	1	0.823234679381599	0.0162069115533918	0.0161142579597031	0.144843976506308	0.208745095479093	3	1	2	2	1	1	NA	NA	NA	3	1	2
22	1	12199999	2	1	1	1	h	1	NA	NA	NA	NA	NA	NA	NA	NA	NA	NA	NA	NA	NA	NA	NA	NA	NA	NA	NA	NA	NA	NA	NA	NA	NA	NA	2	1	1
22	12200000	17899999	2	1	1	2	d	5	1	1	0.0472562128517	0.177494303418	2.143371	1.071685382	1.071685	1	1	1	NA	NA	NA	NA	NA	NA	NA	2	1	1	1	1	1	NA	NA	NA	2	1	1
22	17900000	49687500	2	1	1	2	d	5	1	1	0.0517772630603	0.149815738268	2.108201	1.054100377	1.0541	1	1	1	NA	NA	NA	NA	NA	NA	NA	2	1	1	1	1	1	NA	NA	NA	2	1	1
22	49687501	51304565	2	1	1	3	b	5	NA	NA	NA	NA	2	1	1	1	1	1	NA	NA	NA	NA	NA	NA	NA	2	1	1	1	1	1	NA	NA	NA	2	1	1
X	1	58099999	2	2	0	1	g	NA	1	0	0.0645471009352	0.296011437687	2	0	2	NA	NA	NA	NA	NA	NA	NA	NA	NA	NA	2	0	2	NA	NA	NA	NA	NA	NA	3	1	2
X	58100000	62999999	2	2	0	1	g	NA	1	0	0.05	0.301313220733	2	0	2	NA	NA	NA	NA	NA	NA	NA	NA	NA	NA	2	0	2	NA	NA	NA	NA	NA	NA	3	1	2
X	63000000	155270559	2	2	0	1	g	NA	1	0	0.176360298855	0.186977209372	2	0	2	NA	NA	NA	NA	NA	NA	NA	NA	NA	NA	2	0	2	NA	NA	NA	NA	NA	NA	3	1	2
Y	1	11599999	2	2	0	1	h	1	NA	NA	NA	NA	2	0	2	NA	NA	NA	NA	NA	NA	NA	NA	NA	NA	NA	NA	NA	NA	NA	NA	NA	NA	NA	3	0	3
Y	11600000	13399999	2	2	0	1	h	1	NA	NA	NA	NA	2.236655	0	2.236655	NA	NA	NA	NA	NA	NA	NA	NA	NA	NA	NA	NA	NA	NA	NA	NA	NA	NA	NA	3	0	3
Y	13400000	59373565	2	2	0	1	h	1	NA	NA	NA	NA	2.129446	0	2.129446	NA	NA	NA	NA	NA	NA	NA	NA	NA	NA	NA	NA	NA	NA	NA	NA	NA	NA	NA	3	0	3
