chromosome	start	end	total_cn	major_cn	minor_cn	star	level	methods_agree	absolute_broad_major_cn	absolute_broad_minor_cn	absolute_broad_het_error	absolute_broad_cov_error	aceseq_copy_number	aceseq_minor_cn	aceseq_major_cn	battenberg_nMaj1_A	battenberg_nMin1_A	battenberg_frac1_A	battenberg_nMaj2_A	battenberg_nMin2_A	battenberg_frac2_A	battenberg_SDfrac_A	battenberg_SDfrac_A_BS	battenberg_frac1_A_0.025	battenberg_frac1_A_0.975	clonehd_copy_number	clonehd_minor_cn	clonehd_major_cn	sclust_nMaj1_A	sclust_nMin1_A	sclust_frac1_A	sclust_nMaj2_A	sclust_nMin2_A	sclust_frac2_A	jabba_copy_number	jabba_minor_cn	jabba_major_cn
1	1	21158601	2	1	1	3	b	5	1	1	0.0536154365106	0.164436200637	2	1	1	1	1	1	NA	NA	NA	NA	NA	NA	NA	2	1	1	1	1	1	NA	NA	NA	NA	NA	NA
1	21158602	21535015	1	1	0	2	d	3	1	0	0.05	0.0842897279454	0.677209	0	0.6772091	1	0	1	NA	NA	NA	NA	NA	NA	NA	1	0	1	0	0	1	NA	NA	NA	NA	NA	NA
1	21535016	87481449	2	1	1	3	b	5	1	1	0.053505257953	0.119350682877	2	1	1	1	1	1	NA	NA	NA	NA	NA	NA	NA	2	1	1	1	1	1	NA	NA	NA	NA	NA	NA
1	87481450	87534557	2	1	1	2	d	3	1	1	0.05	0.0758385445279	2	1	1	14	0	1	NA	NA	NA	NA	NA	NA	NA	1	0	1	1	1	1	NA	NA	NA	NA	NA	NA
1	87534558	121499999	2	1	1	3	b	5	1	1	0.0475075769179	0.120396808736	2	1	1	1	1	1	NA	NA	NA	NA	NA	NA	NA	2	1	1	1	1	1	NA	NA	NA	NA	NA	NA
1	121500000	128899999	2	1	1	2	d	4	1	1	0.05	0.1	2	1	1	1	1	1	NA	NA	NA	NA	NA	NA	NA	NA	NA	NA	1	1	1	NA	NA	NA	NA	NA	NA
1	128900000	247199600	2	1	1	3	b	5	1	1	0.0510728872452	0.129194468841	2	1	1	1	1	1	NA	NA	NA	NA	NA	NA	NA	2	1	1	1	1	1	NA	NA	NA	NA	NA	NA
1	247199601	249250620	2	1	1	2	d	4	1	1	0.0454183665874	0.1170854585	1.883635	0.941817307	0.9418173	1	1	1	NA	NA	NA	NA	NA	NA	NA	2	1	1	1	1	1	NA	NA	NA	NA	NA	NA
2	20016	2141509	2	1	1	2	d	4	1	1	0.0552593727991	0.129044919907	2.132033	1.066016745	1.0660167	1	1	1	NA	NA	NA	NA	NA	NA	NA	2	1	1	1	1	1	NA	NA	NA	NA	NA	NA
2	2141510	2185905	2	1	1	2	d	2	1	1	0.05	0.1	2.132033	1.066016745	1.0660167	2	1	1	NA	NA	NA	NA	NA	NA	NA	NA	NA	NA	1	1	1	NA	NA	NA	NA	NA	NA
2	2185906	90499999	2	1	1	3	b	5	1	1	0.0502729245334	0.116540723101	2	1	1	1	1	1	NA	NA	NA	NA	NA	NA	NA	2	1	1	1	1	1	NA	NA	NA	NA	NA	NA
2	90500000	96799999	2	1	1	2	d	4	1	1	0.05	0.171393143513	2	1	1	1	1	1	NA	NA	NA	NA	NA	NA	NA	2	1	1	2	0	0.11492	1	0	0.88508	NA	NA	NA
2	96800000	186750048	2	1	1	3	b	5	1	1	0.0491122301145	0.124813880623	2	1	1	1	1	1	NA	NA	NA	NA	NA	NA	NA	2	1	1	1	1	1	NA	NA	NA	NA	NA	NA
2	186750049	186775049	3	2	1	2	d	3	2	2	0.05	0.1	2.833238	0.91232147	1.9209169	2	1	1	NA	NA	NA	NA	NA	NA	NA	3	1	2	2	1	1	NA	NA	NA	NA	NA	NA
2	186775050	242951000	2	1	1	3	b	5	1	1	0.0515274838671	0.120193548458	2	1	1	1	1	1	NA	NA	NA	NA	NA	NA	NA	2	1	1	1	1	1	NA	NA	NA	NA	NA	NA
3	62309	60362739	2	1	1	3	b	5	1	1	0.0498519738792	0.130551264387	2	1	1	1	1	1	NA	NA	NA	NA	NA	NA	NA	2	1	1	1	1	1	NA	NA	NA	NA	NA	NA
3	60362740	60426153	1	1	0	2	d	4	1	0	0.0714569729657	0.049838144091	0.932611	0.054035235	0.8785761	1	0	1	NA	NA	NA	NA	NA	NA	NA	1	0	1	1	0	1	NA	NA	NA	NA	NA	NA
3	60426154	60447888	1	1	0	2	d	2	1	0	0.05	0.1	0.932611	0.054035235	0.8785761	NA	NA	NA	NA	NA	NA	NA	NA	NA	NA	NA	NA	NA	1	0	1	NA	NA	NA	NA	NA	NA
3	60447889	60669880	1	1	0	2	d	3	1	0	0.0927248416209	0.0991859183298	0.889419	0	0.8894185	1	0	0.783049194138379	2	0	0.216950805861621	0.0920380514681812	0.0943987214034015	0.510621316100257	0.881707167539668	1	0	1	1	0	1	NA	NA	NA	NA	NA	NA
3	60669881	60846152	2	1	1	2	d	4	1	1	0.05	0.100249473391	0.889419	0	0.8894185	1	1	1	NA	NA	NA	NA	NA	NA	NA	2	1	1	1	1	1	NA	NA	NA	NA	NA	NA
3	60846153	60958795	1	1	0	1	g	NA	1	1	0.05	0.102541601787	NA	NA	NA	1	0	1	NA	NA	NA	NA	NA	NA	NA	1	0	1	1	1	1	NA	NA	NA	NA	NA	NA
3	60958796	65204960	2	1	1	3	b	5	1	1	0.0471480506907	0.112712627116	2	1	1	1	1	1	NA	NA	NA	NA	NA	NA	NA	2	1	1	1	1	1	NA	NA	NA	NA	NA	NA
3	65204961	65206632	2	1	1	2	d	4	1	1	0.05	0.1	2	1	1	1	1	1	NA	NA	NA	NA	NA	NA	NA	NA	NA	NA	1	1	1	NA	NA	NA	NA	NA	NA
3	65206633	87899999	2	1	1	3	b	5	1	1	0.0504994393907	0.11598336146	2	1	1	1	1	1	NA	NA	NA	NA	NA	NA	NA	2	1	1	1	1	1	NA	NA	NA	NA	NA	NA
3	87900000	93899999	2	1	1	2	d	4	1	1	0.0475449518945	0.138062452932	1.663282	0.831640961	0.831641	1	1	1	NA	NA	NA	NA	NA	NA	NA	2	1	1	1	1	1	NA	NA	NA	NA	NA	NA
3	93900000	94458549	2	1	1	3	b	5	1	1	0.04123412395	0.0986403622491	2	1	1	1	1	1	NA	NA	NA	NA	NA	NA	NA	2	1	1	1	1	1	NA	NA	NA	NA	NA	NA
3	94458550	144193013	2	1	1	3	b	5	1	1	0.0517315563917	0.113375711293	2	1	1	1	1	1	NA	NA	NA	NA	NA	NA	NA	2	1	1	1	1	1	NA	NA	NA	NA	NA	NA
3	144193014	169795109	2	1	1	3	b	5	1	1	0.0466494971284	0.11943971708	2	1	1	1	1	1	NA	NA	NA	NA	NA	NA	NA	2	1	1	1	1	1	NA	NA	NA	NA	NA	NA
3	169795110	169796783	2	1	1	2	d	4	1	1	0.05	0.1	2	1	1	1	1	1	NA	NA	NA	NA	NA	NA	NA	NA	NA	NA	1	1	1	NA	NA	NA	NA	NA	NA
3	169796784	198022429	2	1	1	3	b	5	1	1	0.0503512509856	0.12028981216	2	1	1	1	1	1	NA	NA	NA	NA	NA	NA	NA	2	1	1	1	1	1	NA	NA	NA	NA	NA	NA
4	27500	22348138	2	1	1	2	d	4	1	1	0.0504317705081	0.12399995134	2.108573	1.054286458	1.0542865	1	1	1	NA	NA	NA	NA	NA	NA	NA	2	1	1	1	1	1	NA	NA	NA	NA	NA	NA
4	22348139	22352525	2	1	1	2	d	2	1	1	0.05	0.1	2.108573	1.054286458	1.0542865	1	0	0.246327867317954	1	1	0.753672132682046	NA	0	0.246327867317954	0.246327867317954	3	1	2	1	1	1	NA	NA	NA	NA	NA	NA
4	22352526	48199999	2	1	1	3	b	5	1	1	0.0500146293229	0.130765692537	2	1	1	1	1	1	NA	NA	NA	NA	NA	NA	NA	2	1	1	1	1	1	NA	NA	NA	NA	NA	NA
4	48200000	52699999	2	1	1	2	d	3	1	1	0.0616348428453	0.501886272471	1.895994	0.947996975	0.947997	NA	NA	NA	NA	NA	NA	NA	NA	NA	NA	2	1	1	1	1	1	NA	NA	NA	NA	NA	NA
4	52700000	151341108	2	1	1	3	b	5	1	1	0.0485836298113	0.115380633902	2	1	1	1	1	1	NA	NA	NA	NA	NA	NA	NA	2	1	1	1	1	1	NA	NA	NA	NA	NA	NA
4	151341109	151648370	1	1	0	1	g	NA	0	0	0.05	0.103924214881	2	1	1	1	0	1	NA	NA	NA	NA	NA	NA	NA	1	0	1	1	1	1	NA	NA	NA	NA	NA	NA
4	151648371	191154275	2	1	1	3	b	5	1	1	0.0512045004944	0.125360362525	2	1	1	1	1	1	NA	NA	NA	NA	NA	NA	NA	2	1	1	1	1	1	NA	NA	NA	NA	NA	NA
5	22500	849604	2	1	1	2	d	2	1	1	0.0379260003262	0.291362448126	2.305105	1.152552568	1.1525526	NA	NA	NA	NA	NA	NA	NA	NA	NA	NA	NA	NA	NA	1	1	1	NA	NA	NA	NA	NA	NA
5	849605	46099999	2	1	1	3	b	5	1	1	0.0512779802875	0.11221594535	2	1	1	1	1	1	NA	NA	NA	NA	NA	NA	NA	2	1	1	1	1	1	NA	NA	NA	NA	NA	NA
5	46100000	50699999	2	1	1	2	d	4	1	1	0.0420304415924	0.172734769958	1.348691	0.674345756	0.6743458	1	1	1	NA	NA	NA	NA	NA	NA	NA	2	1	1	1	1	1	NA	NA	NA	NA	NA	NA
5	50700000	68379836	2	1	1	3	b	5	1	1	0.0491330782144	0.111328584678	2	1	1	1	1	1	NA	NA	NA	NA	NA	NA	NA	2	1	1	1	1	1	NA	NA	NA	NA	NA	NA
5	68379837	133968401	2	1	1	3	b	5	1	1	0.0488797081791	0.121576454162	2	1	1	1	1	1	NA	NA	NA	NA	NA	NA	NA	2	1	1	1	1	1	NA	NA	NA	NA	NA	NA
5	133968402	180689978	2	1	1	3	b	5	1	1	0.050660840492	0.148006092966	2	1	1	1	1	1	NA	NA	NA	NA	NA	NA	NA	2	1	1	1	1	1	NA	NA	NA	NA	NA	NA
6	39681	227500	2	1	1	2	d	3	1	1	0.05	0.1	NA	NA	NA	1	1	1	NA	NA	NA	NA	NA	NA	NA	NA	NA	NA	1	1	1	NA	NA	NA	NA	NA	NA
6	227501	29707500	2	1	1	3	b	5	1	1	0.0510258285942	0.120232060488	2	1	1	1	1	1	NA	NA	NA	NA	NA	NA	NA	2	1	1	1	1	1	NA	NA	NA	NA	NA	NA
6	29707501	31302500	2	1	1	2	d	4	1	1	0.0772002286572	0.171408399891	2.154002	1.077000977	1.077001	1	1	1	NA	NA	NA	NA	NA	NA	NA	2	1	1	1	1	1	NA	NA	NA	NA	NA	NA
6	31302501	58699999	2	1	1	3	b	5	1	1	0.0531376808407	0.125667522746	2	1	1	1	1	1	NA	NA	NA	NA	NA	NA	NA	2	1	1	1	1	1	NA	NA	NA	NA	NA	NA
6	58700000	63299999	2	1	1	2	d	4	1	1	0.0496024727994	0.14257947459	1.651074	0.825536787	0.8255368	1	1	1	NA	NA	NA	NA	NA	NA	NA	2	1	1	1	1	1	NA	NA	NA	NA	NA	NA
6	63300000	70120188	2	1	1	2	d	4	1	1	0.0509831200896	0.122243196774	1.815374	0.907687219	0.9076872	1	1	1	NA	NA	NA	NA	NA	NA	NA	2	1	1	1	1	1	NA	NA	NA	NA	NA	NA
6	70120189	70120556	2	1	1	2	d	3	1	1	0.05	0.1	1.815374	0.907687219	0.9076872	1	1	1	NA	NA	NA	NA	NA	NA	NA	NA	NA	NA	1	1	1	NA	NA	NA	NA	NA	NA
6	70120557	94116382	2	1	1	3	b	5	1	1	0.0486004849036	0.123510375929	2	1	1	1	1	1	NA	NA	NA	NA	NA	NA	NA	2	1	1	1	1	1	NA	NA	NA	NA	NA	NA
6	94116383	94116642	2	1	1	2	d	4	1	1	0.05	0.1	2	1	1	1	1	1	NA	NA	NA	NA	NA	NA	NA	NA	NA	NA	1	1	1	NA	NA	NA	NA	NA	NA
6	94116643	121705174	2	1	1	3	b	5	1	1	0.0525004735028	0.110975692934	2	1	1	1	1	1	NA	NA	NA	NA	NA	NA	NA	2	1	1	1	1	1	NA	NA	NA	NA	NA	NA
6	121705175	121707221	2	1	1	2	d	4	1	1	0.05	0.1	2	1	1	1	1	1	NA	NA	NA	NA	NA	NA	NA	NA	NA	NA	1	1	1	NA	NA	NA	NA	NA	NA
6	121707222	128795619	2	1	1	3	b	5	1	1	0.0488474172699	0.107255925051	2	1	1	1	1	1	NA	NA	NA	NA	NA	NA	NA	2	1	1	1	1	1	NA	NA	NA	NA	NA	NA
6	128795620	128806355	2	1	1	2	d	4	1	1	0.05	0.1	2	1	1	1	1	1	NA	NA	NA	NA	NA	NA	NA	NA	NA	NA	1	1	1	NA	NA	NA	NA	NA	NA
6	128806356	153642572	2	1	1	3	b	5	1	1	0.0500555681783	0.113798669182	2	1	1	1	1	1	NA	NA	NA	NA	NA	NA	NA	2	1	1	1	1	1	NA	NA	NA	NA	NA	NA
6	153642573	153642950	2	1	1	2	d	3	1	1	0.05	0.1	2	1	1	0	0	0.324788585134841	1	0	0.675211414865159	0.0200596286680493	0.0144699198335531	0.304599539507648	0.344718796843746	NA	NA	NA	1	1	1	NA	NA	NA	NA	NA	NA
6	153642951	162685159	2	1	1	3	b	5	1	1	0.0497251615505	0.1197550097	2	1	1	1	1	1	NA	NA	NA	NA	NA	NA	NA	2	1	1	1	1	1	NA	NA	NA	NA	NA	NA
6	162685160	162824680	1	1	0	2	d	3	0.42	0.42	0.05	0.150592339102	0.927309	0.075171059	0.8521376	1	0	1	NA	NA	NA	NA	NA	NA	NA	1	0	1	1	0	1	NA	NA	NA	NA	NA	NA
6	162824681	170909751	2	1	1	2	d	4	1	1	0.0501505236934	0.130136145239	2.161109	1.080554393	1.0805544	1	1	1	NA	NA	NA	NA	NA	NA	NA	2	1	1	1	1	1	NA	NA	NA	NA	NA	NA
7	55175	57949987	2	1	1	3	b	5	1	1	0.0486834674538	0.123658013175	2	1	1	1	1	1	NA	NA	NA	NA	NA	NA	NA	2	1	1	1	1	1	NA	NA	NA	NA	NA	NA
7	57949988	61699999	2	1	1	1	h	1	1	1	0.05	0.154254389531	2	1	1	NA	NA	NA	NA	NA	NA	NA	NA	NA	NA	1	0	1	0	0	1	NA	NA	NA	NA	NA	NA
7	61700000	68878000	2	1	1	1	g	NA	1	1	0.0597141231178	0.163874507299	1.164944	0.582472087	0.5824721	1	0	0.116681621361133	1	1	0.883318378638867	0.0148010099829362	0.0151695314050621	0.10716575637971	0.166001196751552	1	0	1	1	0	0.368539	0	0	0.631461	NA	NA	NA
7	68878001	69047202	0	0	0	2	f	3	1	1	0.05	0.0855981647093	0.818607	0.409303325	0.4093033	0	0	0.804998980663125	1	0	0.195001019336875	0.0835754470244805	0.0838089723908353	0.618117683233243	0.942185868787896	1	0	1	0	0	1	NA	NA	NA	NA	NA	NA
7	69047203	158821400	2	1	1	3	b	5	1	1	0.050754224059	0.124034409033	2	1	1	1	1	1	NA	NA	NA	NA	NA	NA	NA	2	1	1	1	1	1	NA	NA	NA	NA	NA	NA
8	1	161558	2	2	0	1	h	1	NA	NA	NA	NA	NA	NA	NA	NA	NA	NA	NA	NA	NA	NA	NA	NA	NA	NA	NA	NA	2	0	1	NA	NA	NA	NA	NA	NA
8	161559	43099999	2	2	0	2	d	4	2	0	0.0706048017529	0.133146632693	2.264695	0.162359684	2.1023357	2	0	1	NA	NA	NA	NA	NA	NA	NA	2	0	2	2	0	1	NA	NA	NA	NA	NA	NA
8	43100000	48099999	NA	NA	NA	NA	NA	NA	3	0	0.0775801305953	0.345609458831	2.492699	0.002328703	2.4903707	NA	NA	NA	NA	NA	NA	NA	NA	NA	NA	3	0	3	3	0	1	NA	NA	NA	NA	NA	NA
8	48100000	54819990	4	4	0	1	g	NA	3	0	0.0518147899672	0.133714097315	3.878203	0.151500612	3.7267022	4	0	1	NA	NA	NA	NA	NA	NA	NA	4	0	4	5	0	1	NA	NA	NA	NA	NA	NA
8	54819991	67964958	4	4	0	1	g	NA	3	0	0.0500693689486	0.140802997126	4.029844	0.165158518	3.864685	4	0	1	NA	NA	NA	NA	NA	NA	NA	4	0	4	5	0	1	NA	NA	NA	NA	NA	NA
8	67964959	70739816	4	4	0	1	g	NA	3	0	0.0471533235042	0.126912252487	3.807939	0.166331907	3.6416069	4	0	1	NA	NA	NA	NA	NA	NA	NA	4	0	4	5	0	1	NA	NA	NA	NA	NA	NA
8	70739817	71006401	3	3	0	2	e	3	3	0	0.0574656248362	0.105566352195	2.450753	0	2.4507531	4	0	1	NA	NA	NA	NA	NA	NA	NA	2	0	2	3	0	1	NA	NA	NA	NA	NA	NA
8	71006402	73344122	4	4	0	1	g	NA	3	0	0.054453662999	0.128889258866	4.093508	0.180006083	3.9135019	4	0	1	NA	NA	NA	NA	NA	NA	NA	4	0	4	5	0	1	NA	NA	NA	NA	NA	NA
8	73344123	73344344	3	3	0	2	f	2	3	0	0.05	0.1	4.093508	0.180006083	3.9135019	4	0	1	NA	NA	NA	NA	NA	NA	NA	NA	NA	NA	5	0	1	NA	NA	NA	NA	NA	NA
8	73344345	81099002	4	4	0	1	g	NA	3	0	0.0511754717258	0.126933794768	3.956955	0.168152357	3.7888025	4	0	1	NA	NA	NA	NA	NA	NA	NA	4	0	4	5	0	1	NA	NA	NA	NA	NA	NA
8	81099003	81410115	3	3	0	2	d	3	3	0	0.033640748096	0.127921300773	2.83557	0	2.83557	4	0	1	NA	NA	NA	NA	NA	NA	NA	3	0	3	3	0	1	NA	NA	NA	NA	NA	NA
8	81410116	89873084	4	4	0	1	g	NA	3	0	0.05195110314	0.158226125918	3.838587	0.136388249	3.7021991	4	0	1	NA	NA	NA	NA	NA	NA	NA	4	0	4	5	0	1	NA	NA	NA	NA	NA	NA
8	89873085	89873185	3	3	0	2	f	2	3	0	0.05	0.1	3.838587	0.136388249	3.7021991	4	0	1	NA	NA	NA	NA	NA	NA	NA	NA	NA	NA	5	0	1	NA	NA	NA	NA	NA	NA
8	89873186	95880091	4	4	0	1	g	NA	3	0	0.0502013011389	0.128452512865	4.0107	0.137783906	3.8729159	4	0	1	NA	NA	NA	NA	NA	NA	NA	4	0	4	5	0	1	NA	NA	NA	NA	NA	NA
8	95880092	98605025	4	4	0	2	f	3	3	0	0.052568421888	0.133027449213	4.269521	0.240471884	4.0290491	4	0	1	NA	NA	NA	NA	NA	NA	NA	4	0	4	5	0	1	NA	NA	NA	NA	NA	NA
8	98605026	132725453	4	4	0	1	g	NA	3	0	0.0509749224908	0.149114802226	4.085065	0.183336465	3.901729	4	0	1	NA	NA	NA	NA	NA	NA	NA	4	0	4	5	0	1	NA	NA	NA	NA	NA	NA
8	132725454	132725465	3	3	0	2	f	2	3	0	0.05	0.1	4.085065	0.183336465	3.901729	4	0	1	NA	NA	NA	NA	NA	NA	NA	NA	NA	NA	5	0	1	NA	NA	NA	NA	NA	NA
8	132725466	138210302	4	4	0	1	g	NA	3	0	0.0502667345044	0.137968009326	4.333338	0.242082358	4.0912557	4	0	1	NA	NA	NA	NA	NA	NA	NA	5	0	5	5	0	1	NA	NA	NA	NA	NA	NA
8	138210303	146364021	4	4	0	2	f	3	3	0	0.0516334573432	0.137408011574	4.264964	0.228933419	4.0360302	4	0	1	NA	NA	NA	NA	NA	NA	NA	4	0	4	5	0	1	NA	NA	NA	NA	NA	NA
9	47500	6818741	3	2	1	2	d	2	2	1	0.0643381182138	0.143374802834	3.21905	1.016376697	2.2026733	2	1	0.723482628298581	3	1	0.276517371701419	0.00812298178561127	0.00783833396128155	0.708777017124532	0.73925741879096	3	1	2	3	1	1	NA	NA	NA	NA	NA	NA
9	6818742	19043465	3	2	1	2	d	2	2	1	0.062058963222	0.184741403038	3.112386	0.996864611	2.1155211	2	1	0.723482628298581	3	1	0.276517371701419	0.00812298178561127	0.00783833396128155	0.708777017124532	0.73925741879096	3	1	2	3	1	0.488734	2	1	0.511266	NA	NA	NA
9	19043466	34389701	3	2	1	2	d	2	2	1	0.062317264178	0.136375729588	3.104265	0.993706642	2.1105586	2	1	0.723482628298581	3	1	0.276517371701419	0.00812298178561127	0.00783833396128155	0.708777017124532	0.73925741879096	3	1	2	3	1	1	NA	NA	NA	NA	NA	NA
9	34389702	36677400	3	2	1	2	d	2	2	1	0.0695123759715	0.146098161136	3.210216	1.012978962	2.1972369	2	1	0.669829516483036	3	1	0.330170483516964	0.026804777042656	0.0269132203380634	0.609227341434786	0.713107033398149	3	1	2	3	1	0.510579	2	1	0.489421	NA	NA	NA
9	36677401	44752002	3	2	1	2	d	2	2	1	0.0774157719851	0.182528938231	3.325771	1.057423389	2.268348	2	1	0.669829516483036	3	1	0.330170483516964	0.026804777042656	0.0269132203380634	0.609227341434786	0.713107033398149	3	1	2	3	1	0.874885	2	1	0.125115	NA	NA	NA
9	44752003	47299999	3	2	1	2	e	4	1.79	1	0.05	0.358984181775	3.325771	1.057423389	2.268348	2	1	1	NA	NA	NA	NA	NA	NA	NA	1	0	1	2	0	0.593238	2	1	0.406762	NA	NA	NA
9	47300000	50699999	NA	NA	NA	NA	NA	NA	1.79	1	0.05	0.1	NA	NA	NA	NA	NA	NA	NA	NA	NA	NA	NA	NA	NA	1	0	1	2	0	0.593238	2	1	0.406762	NA	NA	NA
9	50700000	66707499	2	1	1	2	f	1	1.79	1	0.05	0.33055143824	NA	NA	NA	NA	NA	NA	NA	NA	NA	NA	NA	NA	NA	NA	NA	NA	2	0	0.593238	2	1	0.406762	NA	NA	NA
9	66707500	87169998	3	2	1	2	d	3	1.79	1	0.0598882213309	0.177473777464	2.756429	0.965450186	1.7909793	2	1	1	NA	NA	NA	NA	NA	NA	NA	3	1	2	2	1	1	NA	NA	NA	NA	NA	NA
9	87169999	116260009	3	2	1	2	d	3	1.79	1	0.0612508883951	0.135726178034	2.845971	0.997312206	1.8486585	2	1	1	NA	NA	NA	NA	NA	NA	NA	3	1	2	2	1	1	NA	NA	NA	NA	NA	NA
9	116260010	117560021	3	2	1	2	d	3	1.79	1	0.0620400080812	0.142416382899	3.116823	1.138545403	1.9782773	2	1	1	NA	NA	NA	NA	NA	NA	NA	3	1	2	2	1	1	NA	NA	NA	NA	NA	NA
9	117560022	140273200	3	2	1	2	d	3	1.79	1	0.0651883905159	0.148215489765	2.879344	1.003225375	1.8761186	2	1	1	NA	NA	NA	NA	NA	NA	NA	3	1	2	2	1	1	NA	NA	NA	NA	NA	NA
10	96434	22082697	2	1	1	3	b	5	1	1	0.0528217480746	0.115098110852	2	1	1	1	1	1	NA	NA	NA	NA	NA	NA	NA	2	1	1	1	1	1	NA	NA	NA	NA	NA	NA
10	22082698	22082718	2	1	1	2	d	4	1	1	0.05	0.1	2	1	1	1	1	1	NA	NA	NA	NA	NA	NA	NA	NA	NA	NA	1	1	1	NA	NA	NA	NA	NA	NA
10	22082719	37999999	2	1	1	2	d	4	1	1	0.0556269045507	0.110009291163	1.780594	0.890296837	0.8902968	1	1	1	NA	NA	NA	NA	NA	NA	NA	2	1	1	1	1	1	NA	NA	NA	NA	NA	NA
10	38000000	42299999	2	1	1	2	d	2	1	1	0.0527444708655	0.154031462758	1.054075	0.427849229	0.6262254	1	0	0.15835362899012	1	1	0.84164637100988	0.0309289932345178	0.0308734559963363	0.0808325172140909	0.202851273618543	2	1	1	NA	NA	NA	NA	NA	NA	NA	NA	NA
10	42300000	75283934	2	1	1	3	b	5	1	1	0.0499614896518	0.129754729224	2	1	1	1	1	1	NA	NA	NA	NA	NA	NA	NA	2	1	1	1	1	1	NA	NA	NA	NA	NA	NA
10	75283935	75284162	2	1	1	2	d	4	1	1	0.05	0.1	2	1	1	1	1	1	NA	NA	NA	NA	NA	NA	NA	1	0	1	1	1	1	NA	NA	NA	NA	NA	NA
10	75284163	75909863	2	1	1	2	d	2	1	1	0.0511775335534	0.143331090828	1.700799	0.850399303	0.8503993	1	1	1	NA	NA	NA	NA	NA	NA	NA	1	0	1	1	0	0.139627	1	1	0.860373	NA	NA	NA
10	75909864	75909905	2	1	1	2	d	2	1	1	0.05	0.1	1.700799	0.850399303	0.8503993	1	1	1	NA	NA	NA	NA	NA	NA	NA	1	0	1	1	0	0.139627	1	1	0.860373	NA	NA	NA
10	75909906	75924106	2	1	1	2	d	3	1	1	0.05	0.1	NA	NA	NA	1	1	1	NA	NA	NA	NA	NA	NA	NA	1	0	1	1	1	1	NA	NA	NA	NA	NA	NA
10	75924107	75924258	2	1	1	2	d	3	1	1	0.05	0.1	NA	NA	NA	1	1	1	NA	NA	NA	NA	NA	NA	NA	NA	NA	NA	1	1	1	NA	NA	NA	NA	NA	NA
10	75924259	135389304	2	1	1	3	b	5	1	1	0.0521786901577	0.123909060277	2	1	1	1	1	1	NA	NA	NA	NA	NA	NA	NA	2	1	1	1	1	1	NA	NA	NA	NA	NA	NA
11	20721	232465	2	1	1	2	d	2	1	1	0.05	0.1	NA	NA	NA	NA	NA	NA	NA	NA	NA	NA	NA	NA	NA	NA	NA	NA	1	1	1	NA	NA	NA	NA	NA	NA
11	232466	48915601	2	1	1	3	b	5	1	1	0.0508014311782	0.142408160016	2	1	1	1	1	1	NA	NA	NA	NA	NA	NA	NA	2	1	1	1	1	1	NA	NA	NA	NA	NA	NA
11	48915602	51268001	2	1	1	2	d	2	1	1	0.0318176247178	0.139996921344	0.666019	0.222113101	0.4439064	1	1	1	NA	NA	NA	NA	NA	NA	NA	1	0	1	1	0	0.414192	1	1	0.585808	NA	NA	NA
11	51268002	51561001	2	1	1	2	d	4	1	1	0.05	0.136657241923	0.666019	0.222113101	0.4439064	1	1	1	NA	NA	NA	NA	NA	NA	NA	2	1	1	1	1	1	NA	NA	NA	NA	NA	NA
11	51561002	55699999	2	1	1	2	d	4	1	1	0.0430645494498	0.2412257004	1.330161	0.665080501	0.6650805	1	1	1	NA	NA	NA	NA	NA	NA	NA	2	1	1	1	1	1	NA	NA	NA	NA	NA	NA
11	55700000	88498960	2	1	1	3	b	5	1	1	0.0527160674269	0.139289061885	2	1	1	1	1	1	NA	NA	NA	NA	NA	NA	NA	2	1	1	1	1	1	NA	NA	NA	NA	NA	NA
11	88498961	89178291	2	1	1	3	b	5	1	1	0.0555747786246	0.137722749788	2	1	1	1	1	1	NA	NA	NA	NA	NA	NA	NA	2	1	1	1	1	1	NA	NA	NA	NA	NA	NA
11	89178292	104409518	2	1	1	3	b	5	1	1	0.0505977671671	0.113550096595	2	1	1	1	1	1	NA	NA	NA	NA	NA	NA	NA	2	1	1	1	1	1	NA	NA	NA	NA	NA	NA
11	104409519	134452200	2	1	1	2	d	4	1	1	0.0503277095794	0.114648817446	2.131821	1.065910359	1.0659104	1	1	1	NA	NA	NA	NA	NA	NA	NA	2	1	1	1	1	1	NA	NA	NA	NA	NA	NA
12	110107	226806	2	1	1	2	d	3	1	1	0.05	0.318913555472	NA	NA	NA	1	1	1	NA	NA	NA	NA	NA	NA	NA	NA	NA	NA	1	1	1	NA	NA	NA	NA	NA	NA
12	226807	33299999	2	1	1	3	b	5	1	1	0.0503482223893	0.128278496639	2	1	1	1	1	1	NA	NA	NA	NA	NA	NA	NA	2	1	1	1	1	1	NA	NA	NA	NA	NA	NA
12	33300000	38199999	2	1	1	2	d	3	1	1	0.0545722504758	0.173619480082	1.194669	0.597334686	0.5973347	1	1	1	NA	NA	NA	NA	NA	NA	NA	2	1	1	1	0	0.292286	1	1	0.707714	NA	NA	NA
12	38200000	132349400	2	1	1	3	b	5	1	1	0.0516510965239	0.118359194798	2	1	1	1	1	1	NA	NA	NA	NA	NA	NA	NA	2	1	1	1	1	1	NA	NA	NA	NA	NA	NA
12	132349401	133851894	2	1	1	2	d	3	NA	NA	NA	NA	2	1	1	1	1	0.841646371009884	2	1	0.158353628990116	0.0398162121557325	0.0403948489993373	0.758192306329768	0.914897379733828	2	1	1	1	1	1	NA	NA	NA	NA	NA	NA
13	1	16299999	NA	NA	NA	NA	NA	NA	NA	NA	NA	NA	NA	NA	NA	NA	NA	NA	NA	NA	NA	NA	NA	NA	NA	NA	NA	NA	NA	NA	NA	NA	NA	NA	NA	NA	NA
13	16300000	19499999	2	1	1	2	d	4	1	1	0.05	0.169049205086	NA	NA	NA	1	1	1	NA	NA	NA	NA	NA	NA	NA	2	1	1	1	1	1	NA	NA	NA	NA	NA	NA
13	19500000	69032018	2	1	1	3	b	5	1	1	0.0504101215315	0.11694669167	2	1	1	1	1	1	NA	NA	NA	NA	NA	NA	NA	2	1	1	1	1	1	NA	NA	NA	NA	NA	NA
13	69032019	69033533	2	1	1	2	d	4	1	1	0.05	0.1	2	1	1	1	1	1	NA	NA	NA	NA	NA	NA	NA	NA	NA	NA	1	1	1	NA	NA	NA	NA	NA	NA
13	69033534	111007040	2	1	1	3	b	5	1	1	0.0501514235634	0.111018406169	2	1	1	1	1	1	NA	NA	NA	NA	NA	NA	NA	2	1	1	1	1	1	NA	NA	NA	NA	NA	NA
13	111007041	111007078	2	1	1	2	d	4	1	1	0.05	0.1	2	1	1	1	1	1	NA	NA	NA	NA	NA	NA	NA	NA	NA	NA	1	1	1	NA	NA	NA	NA	NA	NA
13	111007079	114142800	2	1	1	2	d	4	1	1	0.0465760067092	0.126188169488	2.22039	1.110195214	1.1101952	1	1	1	NA	NA	NA	NA	NA	NA	NA	2	1	1	1	1	1	NA	NA	NA	NA	NA	NA
13	114142801	115169877	2	1	1	2	d	3	NA	NA	NA	NA	2.294084	1.147042109	1.1470421	1	1	1	NA	NA	NA	NA	NA	NA	NA	2	1	1	1	1	1	NA	NA	NA	NA	NA	NA
14	1	16099999	NA	NA	NA	NA	NA	NA	NA	NA	NA	NA	NA	NA	NA	NA	NA	NA	NA	NA	NA	NA	NA	NA	NA	NA	NA	NA	NA	NA	NA	NA	NA	NA	NA	NA	NA
14	16100000	19099999	2	1	1	1	h	1	NA	NA	NA	NA	NA	NA	NA	NA	NA	NA	NA	NA	NA	NA	NA	NA	NA	NA	NA	NA	1	1	1	NA	NA	NA	NA	NA	NA
14	19100000	59220530	2	1	1	3	b	5	1	1	0.0516556011184	0.133453242371	2	1	1	1	1	1	NA	NA	NA	NA	NA	NA	NA	2	1	1	1	1	1	NA	NA	NA	NA	NA	NA
14	59220531	59220571	2	1	1	2	d	4	1	1	0.05	0.1	2	1	1	1	1	1	NA	NA	NA	NA	NA	NA	NA	1	0	1	1	1	1	NA	NA	NA	NA	NA	NA
14	59220572	59220624	2	1	1	2	d	3	1	1	0.05	0.1	NA	NA	NA	1	1	1	NA	NA	NA	NA	NA	NA	NA	1	0	1	1	1	1	NA	NA	NA	NA	NA	NA
14	59220625	59220730	2	1	1	2	d	3	1	1	0.05	0.1	NA	NA	NA	1	1	1	NA	NA	NA	NA	NA	NA	NA	1	0	1	1	1	1	NA	NA	NA	NA	NA	NA
14	59220731	59220777	2	1	1	2	d	3	1	1	0.05	0.1	NA	NA	NA	1	1	1	NA	NA	NA	NA	NA	NA	NA	1	0	1	1	1	1	NA	NA	NA	NA	NA	NA
14	59220778	59220810	2	1	1	2	d	3	1	1	0.05	0.1	NA	NA	NA	1	1	1	NA	NA	NA	NA	NA	NA	NA	1	0	1	1	1	1	NA	NA	NA	NA	NA	NA
14	59220811	59220853	2	1	1	2	d	3	1	1	0.05	0.1	NA	NA	NA	1	1	1	NA	NA	NA	NA	NA	NA	NA	1	0	1	1	1	1	NA	NA	NA	NA	NA	NA
14	59220854	59220920	2	1	1	2	d	3	1	1	0.05	0.1	NA	NA	NA	1	1	1	NA	NA	NA	NA	NA	NA	NA	1	0	1	1	1	1	NA	NA	NA	NA	NA	NA
14	59220921	59220934	2	1	1	2	d	3	1	1	0.05	0.1	NA	NA	NA	1	1	1	NA	NA	NA	NA	NA	NA	NA	1	0	1	1	1	1	NA	NA	NA	NA	NA	NA
14	59220935	59221072	2	1	1	2	d	3	1	1	0.05	0.1	NA	NA	NA	1	1	1	NA	NA	NA	NA	NA	NA	NA	1	0	1	1	1	1	NA	NA	NA	NA	NA	NA
14	59221073	59221105	2	1	1	2	d	3	1	1	0.05	0.1	NA	NA	NA	1	1	1	NA	NA	NA	NA	NA	NA	NA	NA	NA	NA	1	1	1	NA	NA	NA	NA	NA	NA
14	59221106	106028369	2	1	1	3	b	5	1	1	0.0522923099675	0.113010874484	2	1	1	1	1	1	NA	NA	NA	NA	NA	NA	NA	2	1	1	1	1	1	NA	NA	NA	NA	NA	NA
14	106028370	106368400	2	1	1	2	d	2	1	1	0.05	0.407852156076	3.548805	1.774402588	1.7744026	1	1	1	NA	NA	NA	NA	NA	NA	NA	NA	NA	NA	2	2	1	NA	NA	NA	NA	NA	NA
15	1	15799999	NA	NA	NA	NA	NA	NA	NA	NA	NA	NA	NA	NA	NA	NA	NA	NA	NA	NA	NA	NA	NA	NA	NA	NA	NA	NA	NA	NA	NA	NA	NA	NA	NA	NA	NA
15	15800000	20699999	2	1	1	2	d	2	1	1	0.05	0.337208976569	NA	NA	NA	1	1	1	NA	NA	NA	NA	NA	NA	NA	NA	NA	NA	1	0	1	NA	NA	NA	NA	NA	NA
15	20700000	41749960	2	1	1	3	b	5	1	1	0.0494317280654	0.181046693326	2	1	1	1	1	1	NA	NA	NA	NA	NA	NA	NA	2	1	1	1	1	1	NA	NA	NA	NA	NA	NA
15	41749961	100338800	2	1	1	3	b	5	1	1	0.05063974662	0.116339140001	2	1	1	1	1	1	NA	NA	NA	NA	NA	NA	NA	2	1	1	1	1	1	NA	NA	NA	NA	NA	NA
15	100338801	102531391	2	1	1	2	d	3	NA	NA	NA	NA	2.243012	1.121505749	1.1215057	1	1	1	NA	NA	NA	NA	NA	NA	NA	2	1	1	1	1	1	NA	NA	NA	NA	NA	NA
16	89279	32397499	2	1	1	2	d	4	1	1	0.0551201767225	0.143621459089	1.766922	0.883461089	0.8834611	1	1	1	NA	NA	NA	NA	NA	NA	NA	2	1	1	1	1	1	NA	NA	NA	NA	NA	NA
16	32397500	34599999	2	1	1	2	d	3	1	1	0.05	0.212035666981	1.360196	0.680098141	0.6800981	1	1	1	NA	NA	NA	NA	NA	NA	NA	2	1	1	1	0	1	NA	NA	NA	NA	NA	NA
16	34600000	38599999	2	1	1	2	d	3	1	1	0.05	0.182784155606	1.429995	0.714997647	0.7149976	1	1	1	NA	NA	NA	NA	NA	NA	NA	2	1	1	1	0	0.522571	1	1	0.477429	NA	NA	NA
16	38600000	78481827	2	1	1	2	d	4	1	1	0.0538061260237	0.124748401973	1.888748	0.944373858	0.9443739	1	1	1	NA	NA	NA	NA	NA	NA	NA	2	1	1	1	1	1	NA	NA	NA	NA	NA	NA
16	78481828	78531279	3	2	1	2	d	2	1	1	0.05	0.1	2.477967	0.919786463	1.5581806	1	1	0.294606561771305	2	1	0.705393438228695	0.128284515843262	0.121072009885763	0.147237197231592	0.619265036207664	3	1	2	2	1	1	NA	NA	NA	NA	NA	NA
16	78531280	78545275	2	1	1	2	d	3	1	1	0.05	0.1	2.477967	0.919786463	1.5581806	1	1	1	NA	NA	NA	NA	NA	NA	NA	2	1	1	1	0	1	NA	NA	NA	NA	NA	NA
16	78545276	78555558	3	2	1	1	g	NA	1	1	0.05	0.1	NA	NA	NA	2	1	1	NA	NA	NA	NA	NA	NA	NA	2	1	1	1	0	1	NA	NA	NA	NA	NA	NA
16	78555559	78568325	1	1	0	2	d	3	1	0	0.05	0.1	NA	NA	NA	NA	NA	NA	NA	NA	NA	NA	NA	NA	NA	1	0	1	1	0	1	NA	NA	NA	NA	NA	NA
16	78568326	78640095	1	1	0	2	d	3	1	0	0.05	0.0961255175643	NA	NA	NA	0	0	1	NA	NA	NA	NA	NA	NA	NA	1	0	1	1	0	1	NA	NA	NA	NA	NA	NA
16	78640096	78686467	0	0	0	2	d	3	0	0	0.0615774487422	0.1	0.312727	0.156363436	0.1563634	0	0	1	NA	NA	NA	NA	NA	NA	NA	1	0	1	0	0	1	NA	NA	NA	NA	NA	NA
16	78686468	78688519	2	1	1	2	d	2	1	1	0.05	0.1	0.312727	0.156363436	0.1563634	1	0	1	NA	NA	NA	NA	NA	NA	NA	NA	NA	NA	1	1	1	NA	NA	NA	NA	NA	NA
16	78688520	89453858	2	1	1	2	d	4	1	1	0.0528283681784	0.123052126076	2.120231	1.060115303	1.0601153	1	1	1	NA	NA	NA	NA	NA	NA	NA	2	1	1	1	1	1	NA	NA	NA	NA	NA	NA
16	89453859	89628350	0	0	0	2	f	3	NA	NA	NA	NA	0.95074	0.09771456	0.8530253	0	0	0.23940574633649	1	0	0.76059425366351	0.0642690289884368	0.0611110634258972	0.160579980138113	0.399887900856724	1	0	1	0	0	1	NA	NA	NA	NA	NA	NA
17	828	22199999	2	1	1	2	d	4	1	1	0.0545884813088	0.144808629417	1.84173	0.920865208	0.9208652	1	1	1	NA	NA	NA	NA	NA	NA	NA	2	1	1	1	1	1	NA	NA	NA	NA	NA	NA
17	22200000	25799999	2	1	1	2	d	2	1	1	0.054804935571	0.190021549924	1.598379	0.799189497	0.7991895	NA	NA	NA	NA	NA	NA	NA	NA	NA	NA	2	1	1	1	0	0.292286	1	1	0.707714	NA	NA	NA
17	25800000	37681331	2	1	1	3	b	5	1	1	0.0513453358055	0.16498687257	2	1	1	1	1	1	NA	NA	NA	NA	NA	NA	NA	2	1	1	1	1	1	NA	NA	NA	NA	NA	NA
17	37681332	57416919	2	1	1	3	b	5	1	1	0.0537396899921	0.127911968113	2	1	1	1	1	1	NA	NA	NA	NA	NA	NA	NA	2	1	1	1	1	1	NA	NA	NA	NA	NA	NA
17	57416920	78774600	2	1	1	2	d	4	1	1	0.0547153323135	0.12493335796	1.888523	0.94426168	0.9442617	1	1	1	NA	NA	NA	NA	NA	NA	NA	2	1	1	1	1	1	NA	NA	NA	NA	NA	NA
17	78774601	81195209	2	1	1	2	d	3	NA	NA	NA	NA	2	1	1	1	1	0.722881149267302	2	1	0.277118850732698	0.0446113393414266	0.0446516020751558	0.615013242643177	0.793380122717671	2	1	1	1	1	1	NA	NA	NA	NA	NA	NA
18	27500	15399999	2	1	1	3	b	5	1	1	0.0507628501291	0.124655612456	2	1	1	1	1	1	NA	NA	NA	NA	NA	NA	NA	2	1	1	1	1	1	NA	NA	NA	NA	NA	NA
18	15400000	18999999	2	1	1	2	d	4	1	1	0.05	0.103304169642	2	1	1	1	1	1	NA	NA	NA	NA	NA	NA	NA	NA	NA	NA	1	1	1	NA	NA	NA	NA	NA	NA
18	19000000	34934031	2	1	1	3	b	5	1	1	0.0498101857501	0.111573550905	2	1	1	1	1	1	NA	NA	NA	NA	NA	NA	NA	2	1	1	1	1	1	NA	NA	NA	NA	NA	NA
18	34934032	76117000	2	1	1	3	b	5	1	1	0.050159711161	0.113438813976	2	1	1	1	1	1	NA	NA	NA	NA	NA	NA	NA	2	1	1	1	1	1	NA	NA	NA	NA	NA	NA
18	76117001	78077247	2	1	1	2	d	3	NA	NA	NA	NA	2.13521	1.067605009	1.067605	1	1	1	NA	NA	NA	NA	NA	NA	NA	2	1	1	1	1	1	NA	NA	NA	NA	NA	NA
19	102500	269777	1	1	0	2	f	2	1	1	0.05	0.1	NA	NA	NA	0	0	0.148134435896864	1	0	0.851865564103136	NA	0	0.148134435896864	0.148134435896864	1	0	1	1	0	0.368539	0	0	0.631461	NA	NA	NA
19	269778	9099052	2	1	1	1	g	NA	1	1	0.0678504999769	0.160050619496	1.583203	0.791601708	0.7916017	1	0	0.125179685312857	1	1	0.874820314687143	0.00808724486020926	0.00827412624667606	0.10902465774716	0.141079911177794	1	0	1	1	0	0.368539	0	0	0.631461	NA	NA	NA
19	9099053	24399999	2	1	1	2	e	4	1	1	0.0603602545322	0.14148063154	1.474374	0.7371868	0.7371868	1	0	0.125179685312857	1	1	0.874820314687143	0.00808724486020926	0.00827412624667606	0.10902465774716	0.141079911177794	1	0	1	1	0	0.395614	1	1	0.604386	NA	NA	NA
19	24400000	28599999	NA	NA	NA	NA	NA	NA	1	1	0.0440876114389	0.128665720939	0.985621	0.492810325	0.4928103	NA	NA	NA	NA	NA	NA	NA	NA	NA	NA	NA	NA	NA	1	0	0.20386	0	0	0.79614	NA	NA	NA
19	28600000	59128982	2	1	1	2	d	3	1	1	0.0581944964136	0.169749732259	1.721443	0.860721662	0.8607217	1	1	1	NA	NA	NA	NA	NA	NA	NA	2	1	1	1	0	0.395614	1	1	0.604386	NA	NA	NA
20	17500	25599999	2	1	1	3	b	5	1	1	0.0531485272043	0.108793370501	2	1	1	1	1	1	NA	NA	NA	NA	NA	NA	NA	2	1	1	1	1	1	NA	NA	NA	NA	NA	NA
20	25600000	29399999	2	1	1	3	b	5	1	1	0.05	0.302430127733	2	1	1	1	1	1	NA	NA	NA	NA	NA	NA	NA	2	1	1	1	1	1	NA	NA	NA	NA	NA	NA
20	29400000	62432500	2	1	1	3	b	5	1	1	0.0541466214098	0.12122175113	2	1	1	1	1	1	NA	NA	NA	NA	NA	NA	NA	2	1	1	1	1	1	NA	NA	NA	NA	NA	NA
21	1	9417499	NA	NA	NA	NA	NA	NA	1	1	0.05	0.1	NA	NA	NA	NA	NA	NA	NA	NA	NA	NA	NA	NA	NA	NA	NA	NA	2	0	1	NA	NA	NA	NA	NA	NA
21	9417500	10720000	NA	NA	NA	NA	NA	NA	1	1	0.05	0.310777452194	NA	NA	NA	NA	NA	NA	NA	NA	NA	NA	NA	NA	NA	NA	NA	NA	2	0	1	NA	NA	NA	NA	NA	NA
21	10720001	14299999	2	1	1	2	d	2	1	1	0.05	0.234149428905	NA	NA	NA	NA	NA	NA	NA	NA	NA	NA	NA	NA	NA	NA	NA	NA	1	1	1	NA	NA	NA	NA	NA	NA
21	14300000	23792088	2	1	1	2	d	4	1	1	0.0493224289518	0.113742796171	1.889059	0.944529673	0.9445297	1	1	1	NA	NA	NA	NA	NA	NA	NA	2	1	1	1	1	1	NA	NA	NA	NA	NA	NA
21	23792089	23794103	2	1	1	2	d	2	1	1	0.05	0.1	1.889059	0.944529673	0.9445297	0	0	0.898587432844865	1	0	0.101412567155135	NA	0	0.898587432844865	0.898587432844865	1	0	1	1	1	1	NA	NA	NA	NA	NA	NA
21	23794104	46937500	2	1	1	3	b	5	1	1	0.054120716939	0.116145013937	2	1	1	1	1	1	NA	NA	NA	NA	NA	NA	NA	2	1	1	1	1	1	NA	NA	NA	NA	NA	NA
21	46937501	48129894	2	1	1	2	d	2	NA	NA	NA	NA	2.123874	1.061937191	1.0619372	1	1	0.829465322626034	2	1	0.170534677373966	0.0389916498688789	0.0388428518867334	0.758846361684089	0.916502222692438	2	1	1	1	1	1	NA	NA	NA	NA	NA	NA
22	1	12199999	NA	NA	NA	NA	NA	NA	NA	NA	NA	NA	NA	NA	NA	NA	NA	NA	NA	NA	NA	NA	NA	NA	NA	NA	NA	NA	NA	NA	NA	NA	NA	NA	NA	NA	NA
22	12200000	17899999	2	2	0	2	d	2	2	0	0.0942286315168	0.184955576078	1.536992	0.079528771	1.4574633	1	0	0.177725256792791	2	0	0.822274743207209	0.0111532443637463	0.0106939726032421	0.156404778369639	0.199359647852005	2	0	2	1	0	1	NA	NA	NA	NA	NA	NA
22	17900000	29065343	2	2	0	2	d	3	2	0	0.0796162362018	0.144210843875	2.067506	0.178951267	1.8885546	1	0	0.177725256792791	2	0	0.822274743207209	0.0111532443637463	0.0106939726032421	0.156404778369639	0.199359647852005	2	0	2	2	0	1	NA	NA	NA	NA	NA	NA
22	29065344	29065615	2	2	0	2	d	2	2	0	0.05	0.1	2.067506	0.178951267	1.8885546	1	0	0.177725256792791	2	0	0.822274743207209	0.0111532443637463	0.0106939726032421	0.156404778369639	0.199359647852005	1	0	1	2	0	1	NA	NA	NA	NA	NA	NA
22	29065616	29065717	2	2	0	2	d	2	2	0	0.05	0.1	NA	NA	NA	1	0	0.177725256792791	2	0	0.822274743207209	0.0111532443637463	0.0106939726032421	0.156404778369639	0.199359647852005	1	0	1	2	0	1	NA	NA	NA	NA	NA	NA
22	29065718	29065925	2	2	0	2	d	2	2	0	0.05	0.1	NA	NA	NA	1	0	0.177725256792791	2	0	0.822274743207209	0.0111532443637463	0.0106939726032421	0.156404778369639	0.199359647852005	1	0	1	2	0	1	NA	NA	NA	NA	NA	NA
22	29065926	29066017	2	2	0	2	d	2	2	0	0.05	0.1	NA	NA	NA	1	0	0.177725256792791	2	0	0.822274743207209	0.0111532443637463	0.0106939726032421	0.156404778369639	0.199359647852005	NA	NA	NA	2	0	1	NA	NA	NA	NA	NA	NA
22	29066018	49687500	2	2	0	2	d	3	2	0	0.0800423062047	0.134276611902	1.954104	0.14655061	1.807553	1	0	0.177725256792791	2	0	0.822274743207209	0.0111532443637463	0.0106939726032421	0.156404778369639	0.199359647852005	2	0	2	2	0	1	NA	NA	NA	NA	NA	NA
22	49687501	51304565	2	2	0	2	d	2	NA	NA	NA	NA	2.039064	0.189076857	1.8499874	1	0	0.177725256792791	2	0	0.822274743207209	0.0111532443637463	0.0106939726032421	0.156404778369639	0.199359647852005	2	0	2	2	0	1	NA	NA	NA	NA	NA	NA
X	1	58099999	1	1	0	3	a	3	1	0	0.0892081576609	0.175604057415	1	0	1	NA	NA	NA	NA	NA	NA	NA	NA	NA	NA	1	0	1	NA	NA	NA	NA	NA	NA	NA	NA	NA
X	58100000	62999999	1	1	0	2	d	2	1	0	0.05	0.323724056541	0.628073	0	0.628073	NA	NA	NA	NA	NA	NA	NA	NA	NA	NA	1	0	1	NA	NA	NA	NA	NA	NA	NA	NA	NA
X	63000000	155270559	1	1	0	3	a	3	1	0	0.05	0.174370316578	1	0	1	NA	NA	NA	NA	NA	NA	NA	NA	NA	NA	1	0	1	NA	NA	NA	NA	NA	NA	NA	NA	NA
Y	1	11599999	1	1	0	1	h	1	NA	NA	NA	NA	0.77967	0	0.77967	NA	NA	NA	NA	NA	NA	NA	NA	NA	NA	NA	NA	NA	NA	NA	NA	NA	NA	NA	NA	NA	NA
Y	11600000	13399999	NA	NA	NA	NA	NA	NA	NA	NA	NA	NA	0.347939	0	0.347939	NA	NA	NA	NA	NA	NA	NA	NA	NA	NA	NA	NA	NA	NA	NA	NA	NA	NA	NA	NA	NA	NA
Y	13400000	59373565	1	1	0	1	h	1	NA	NA	NA	NA	0.671178	0	0.671178	NA	NA	NA	NA	NA	NA	NA	NA	NA	NA	NA	NA	NA	NA	NA	NA	NA	NA	NA	NA	NA	NA
