chromosome	start	end	total_cn	major_cn	minor_cn	star	level	methods_agree	absolute_broad_major_cn	absolute_broad_minor_cn	absolute_broad_het_error	absolute_broad_cov_error	aceseq_copy_number	aceseq_minor_cn	aceseq_major_cn	battenberg_nMaj1_A	battenberg_nMin1_A	battenberg_frac1_A	battenberg_nMaj2_A	battenberg_nMin2_A	battenberg_frac2_A	battenberg_SDfrac_A	battenberg_SDfrac_A_BS	battenberg_frac1_A_0.025	battenberg_frac1_A_0.975	clonehd_copy_number	clonehd_minor_cn	clonehd_major_cn	sclust_nMaj1_A	sclust_nMin1_A	sclust_frac1_A	sclust_nMaj2_A	sclust_nMin2_A	sclust_frac2_A	jabba_copy_number	jabba_minor_cn	jabba_major_cn
1	1	2776033	2	1	1	2	d	4	1	1	0.0720605951785	0.185069243736	2	1	1	1	1	0.934460099464606	2	1	0.0655399005353944	0.016912280958626	0.0166364888080805	0.915899951783921	0.980075353067128	1	0	1	1	1	1	NA	NA	NA	2	1	1
1	2776034	3157255	3	2	1	2	d	4	2	1	0.0731096011454	0.139764555691	2.785427	0.901501819	1.8839257	2	1	1	NA	NA	NA	NA	NA	NA	NA	NA	NA	NA	2	1	1	NA	NA	NA	3	1	2
1	3157256	7971333	2	1	1	3	a	6	1	1	0.0604707651109	0.106660056503	2	1	1	1	1	1	NA	NA	NA	NA	NA	NA	NA	2	1	1	1	1	1	NA	NA	NA	2	1	1
1	7971334	9288740	1	1	0	3	a	6	1	0	0.0791889631298	0.0708923058997	1	0	1	1	0	1	NA	NA	NA	NA	NA	NA	NA	1	0	1	1	0	1	NA	NA	NA	1	0	1
1	9288741	9333650	2	1	1	3	b	6	1	1	0.05	0.1	2	1	1	1	1	1	NA	NA	NA	NA	NA	NA	NA	1	0	1	1	1	1	NA	NA	NA	2	1	1
1	9333651	24491164	1	1	0	3	a	6	1	0	0.0807320313734	0.124203172461	1	0	1	1	0	1	NA	NA	NA	NA	NA	NA	NA	1	0	1	1	0	1	NA	NA	NA	1	0	1
1	24491165	24602520	2	1	1	3	a	6	1	1	0.0460474095944	0.180065013045	2	1	1	1	1	1	NA	NA	NA	NA	NA	NA	NA	2	1	1	1	1	1	NA	NA	NA	2	1	1
1	24602521	24632000	1	1	0	3	a	6	1	0	0.05	0.1	1	0	1	1	0	1	NA	NA	NA	NA	NA	NA	NA	1	0	1	1	0	1	NA	NA	NA	1	0	1
1	24632001	121279938	2	1	1	3	a	6	1	1	0.0545791052851	0.108367163832	2	1	1	1	1	1	NA	NA	NA	NA	NA	NA	NA	2	1	1	1	1	1	NA	NA	NA	2	1	1
1	121279939	128899999	2	1	1	3	a	6	1	1	0.05	0.62443207872	2	1	1	1	1	1	NA	NA	NA	NA	NA	NA	NA	2	1	1	1	1	1	NA	NA	NA	2	1	1
1	128900000	203665281	2	1	1	3	a	6	1	1	0.0556317743398	0.11124019761	2	1	1	1	1	1	NA	NA	NA	NA	NA	NA	NA	2	1	1	1	1	1	NA	NA	NA	2	1	1
1	203665282	203760753	3	2	1	2	d	4	2	1	0.05	0.12716430917	3.141341	0.992850069	2.1484908	2	1	1	NA	NA	NA	NA	NA	NA	NA	3	1	2	3	1	0.148016	2	1	0.851984	3	1	2
1	203760754	203796074	4	3	1	2	d	3	3	1	0.05	0.1	4.201152	1.044338309	3.1568141	3	1	1	NA	NA	NA	NA	NA	NA	NA	3	1	2	3	1	0.148016	2	1	0.851984	4	1	3
1	203796075	203915718	3	2	1	2	d	4	2	1	0.05	0.1	3.151442	1.101581574	2.0498608	2	1	0.924726083188193	2	2	0.0752739168118073	0.0448174105570254	0.0449475019590588	0.81652409901327	0.988262274635052	3	1	2	2	1	1	NA	NA	NA	3	1	2
1	203915719	216749621	2	1	1	3	a	6	1	1	0.0555508525744	0.095162349423	2	1	1	1	1	1	NA	NA	NA	NA	NA	NA	NA	2	1	1	1	1	1	NA	NA	NA	2	1	1
1	216749622	216750925	2	1	1	3	b	5	1	1	0.05	0.1	2	1	1	1	1	1	NA	NA	NA	NA	NA	NA	NA	NA	NA	NA	1	1	1	NA	NA	NA	2	1	1
1	216750926	247247500	2	1	1	3	a	6	1	1	0.0572560199639	0.0973712895766	2	1	1	1	1	1	NA	NA	NA	NA	NA	NA	NA	2	1	1	1	1	1	NA	NA	NA	2	1	1
1	247247501	249250620	2	1	1	2	d	4	NA	NA	NA	NA	2	1	1	1	0	0.06741399899842	1	1	0.93258600100158	0.0145901743847893	0.0147043081990265	0.0374295439687934	0.0956611092487909	2	1	1	1	1	1	NA	NA	NA	2	1	1
2	20016	89094922	2	1	1	3	a	6	1	1	0.0554295778953	0.103282991566	2	1	1	1	1	1	NA	NA	NA	NA	NA	NA	NA	2	1	1	1	1	1	NA	NA	NA	2	1	1
2	89094923	89608105	1	1	0	2	d	3	1	1	0.05	0.468157695704	0.783478	0.059021281	0.7244572	0	0	0.659244706395985	1	0	0.340755293604015	0.0730181378524384	0.0549748567292452	0.617373654238933	0.833755285270781	1	0	1	1	0	1	NA	NA	NA	1	0	1
2	89608106	96799999	NA	NA	NA	NA	NA	NA	1	1	0.0610238085641	0.148329435454	2	1	1	NA	NA	NA	NA	NA	NA	NA	NA	NA	NA	2	1	1	1	1	1	NA	NA	NA	2	1	1
2	96800000	242988297	2	1	1	3	a	6	1	1	0.0567635382981	0.109446209528	2	1	1	1	1	1	NA	NA	NA	NA	NA	NA	NA	2	1	1	1	1	1	NA	NA	NA	2	1	1
3	100074	61107616	2	1	1	3	a	6	1	1	0.0562840188777	0.102879719045	2	1	1	1	1	1	NA	NA	NA	NA	NA	NA	NA	2	1	1	1	1	1	NA	NA	NA	2	1	1
3	61107617	62752855	3	2	1	3	a	6	2	1	0.0664374725902	0.153933044485	3	1	2	2	1	1	NA	NA	NA	NA	NA	NA	NA	3	1	2	2	1	1	NA	NA	NA	3	1	2
3	62752856	87899999	2	1	1	3	a	6	1	1	0.0572219207739	0.114743304196	2	1	1	1	1	1	NA	NA	NA	NA	NA	NA	NA	2	1	1	1	1	1	NA	NA	NA	2	1	1
3	87900000	93899999	2	1	1	3	b	5	1	1	0.053370913467	0.0943813561046	2	1	1	NA	NA	NA	NA	NA	NA	NA	NA	NA	NA	2	1	1	1	1	1	NA	NA	NA	2	1	1
3	93900000	116864480	2	1	1	3	a	6	1	1	0.0522285027888	0.100425965288	2	1	1	1	1	1	NA	NA	NA	NA	NA	NA	NA	2	1	1	1	1	1	NA	NA	NA	2	1	1
3	116864481	117585393	2	1	1	2	d	5	1	1	0.0630887914355	0.108004553948	2	1	1	1	0	0.104185271179378	1	1	0.895814728820622	0.0244379296588325	0.0239946788719012	0.0766598546494223	0.172907229674133	2	1	1	1	1	1	NA	NA	NA	2	1	1
3	117585394	198022429	2	1	1	3	a	6	1	1	0.0567243174786	0.110504541798	2	1	1	1	1	1	NA	NA	NA	NA	NA	NA	NA	2	1	1	1	1	1	NA	NA	NA	2	1	1
4	44436	48199999	2	1	1	3	a	6	1	1	0.0564790367502	0.100517607468	2	1	1	1	1	1	NA	NA	NA	NA	NA	NA	NA	2	1	1	1	1	1	NA	NA	NA	2	1	1
4	48200000	52699999	2	1	1	3	b	5	1	1	0.0614330589811	0.213499163676	2	1	1	NA	NA	NA	NA	NA	NA	NA	NA	NA	NA	2	1	1	1	1	1	NA	NA	NA	2	1	1
4	52700000	76908854	2	1	1	3	a	6	1	1	0.0558128814425	0.104162493267	2	1	1	1	1	1	NA	NA	NA	NA	NA	NA	NA	2	1	1	1	1	1	NA	NA	NA	2	1	1
4	76908855	94798546	1	1	0	3	a	6	1	0	0.078896507111	0.0741541424785	1	0	1	1	0	1	NA	NA	NA	NA	NA	NA	NA	1	0	1	1	0	1	NA	NA	NA	1	0	1
4	94798547	191154275	2	1	1	3	a	6	1	1	0.0565824495279	0.104082708755	2	1	1	1	1	1	NA	NA	NA	NA	NA	NA	NA	2	1	1	1	1	1	NA	NA	NA	2	1	1
5	22500	809827	2	1	1	2	d	4	1	1	0.0509239212323	0.285266417008	2	1	1	NA	NA	NA	NA	NA	NA	NA	NA	NA	NA	2	1	1	2	1	0.422061	1	1	0.577939	2	1	1
5	809828	46099999	2	1	1	3	a	6	1	1	0.0565484788884	0.106893838231	2	1	1	1	1	1	NA	NA	NA	NA	NA	NA	NA	2	1	1	1	1	1	NA	NA	NA	2	1	1
5	46100000	50699999	2	1	1	3	b	5	1	1	0.0435254540489	0.120379041985	2	1	1	NA	NA	NA	NA	NA	NA	NA	NA	NA	NA	2	1	1	1	1	1	NA	NA	NA	2	1	1
5	50700000	180689978	2	1	1	3	a	6	1	1	0.0564287626492	0.10333572065	2	1	1	1	1	1	NA	NA	NA	NA	NA	NA	NA	2	1	1	1	1	1	NA	NA	NA	2	1	1
6	39681	254138	2	1	1	2	d	3	1	1	0.05	0.0855156837121	NA	NA	NA	1	1	1	NA	NA	NA	NA	NA	NA	NA	NA	NA	NA	NA	NA	NA	NA	NA	NA	2	1	1
6	254139	485508	2	1	1	2	d	4	1	1	0.0849135156767	0.194406604933	2	1	1	1	1	0.84719493560358	2	1	0.15280506439642	0.0523237960127056	0.0558736802249944	0.701410375207908	0.91610753949936	2	1	1	2	1	0.422061	1	1	0.577939	2	1	1
6	485509	485683	2	1	1	2	d	2	NA	NA	NA	NA	2	1	1	NA	NA	NA	NA	NA	NA	NA	NA	NA	NA	NA	NA	NA	2	1	0.422061	1	1	0.577939	2	1	1
6	485684	58699999	2	1	1	3	a	6	1	1	0.059503566296	0.10416324714	2	1	1	1	1	1	NA	NA	NA	NA	NA	NA	NA	2	1	1	1	1	1	NA	NA	NA	2	1	1
6	58700000	63299999	2	1	1	2	d	5	1	1	0.0514177374622	0.172986479211	2.195109	1.097554413	1.0975544	1	1	1	NA	NA	NA	NA	NA	NA	NA	2	1	1	1	1	1	NA	NA	NA	2	1	1
6	63300000	170899934	2	1	1	3	a	6	1	1	0.0551910896519	0.101562638069	2	1	1	1	1	1	NA	NA	NA	NA	NA	NA	NA	2	1	1	1	1	1	NA	NA	NA	2	1	1
7	40386	39774562	3	2	1	3	a	6	2	1	0.0698769576802	0.141073431781	3	1	2	2	1	1	NA	NA	NA	NA	NA	NA	NA	3	1	2	2	1	1	NA	NA	NA	3	1	2
7	39774563	39868464	4	2	2	3	b	6	2	2	0.05	0.133190752924	4	2	2	2	2	1	NA	NA	NA	NA	NA	NA	NA	3	1	2	2	2	1	NA	NA	NA	4	2	2
7	39868465	40023159	3	2	1	3	a	6	2	1	0.05	0.111007315431	3	1	2	2	1	1	NA	NA	NA	NA	NA	NA	NA	3	1	2	2	1	1	NA	NA	NA	3	1	2
7	40023160	40100434	4	2	2	3	b	6	2	2	0.05	0.118268499962	4	2	2	2	2	1	NA	NA	NA	NA	NA	NA	NA	3	1	2	2	2	1	NA	NA	NA	4	2	2
7	40100435	57999999	3	2	1	3	a	6	2	1	0.0713470846022	0.146285189642	3	1	2	2	1	1	NA	NA	NA	NA	NA	NA	NA	3	1	2	2	1	1	NA	NA	NA	3	1	2
7	58000000	61699999	3	2	1	3	b	5	2	1	0.05	0.338687314501	3	1	2	2	1	0.899951412214548	2	2	0.100048587785452	NA	0	0.899951412214548	0.899951412214548	3	1	2	2	1	1	NA	NA	NA	3	1	2
7	61700000	158817500	3	2	1	3	a	6	2	1	0.0703066992937	0.138250370014	3	1	2	2	1	1	NA	NA	NA	NA	NA	NA	NA	3	1	2	2	1	1	NA	NA	NA	3	1	2
7	158817501	159072825	3	2	1	2	d	3	NA	NA	NA	NA	2.898259	1.050626941	1.8476319	1	1	0.2359746780179	2	1	0.7640253219821	0.216204204318597	0.186969039278747	0.104970121002497	0.84636156601376	3	1	2	2	1	1	NA	NA	NA	3	1	2
8	215337	43099999	2	1	1	2	d	5	1	1	0.0597407211023	0.112801928355	2	1	1	1	0	0.0520926355896877	1	1	0.947907364410312	0.00249370110962313	0.00250451820506087	0.0353372203633775	0.0450579342250602	2	1	1	1	1	1	NA	NA	NA	2	1	1
8	43100000	48099999	2	1	1	3	a	6	1	1	0.05	0.159353608888	2	1	1	1	1	1	NA	NA	NA	NA	NA	NA	NA	2	1	1	1	1	1	NA	NA	NA	2	1	1
8	48100000	146364021	2	1	1	3	a	6	1	1	0.0548944250398	0.101952897397	2	1	1	1	1	1	NA	NA	NA	NA	NA	NA	NA	2	1	1	1	1	1	NA	NA	NA	2	1	1
9	59891	6763830	2	1	1	3	a	6	1	1	0.0573799755064	0.102807252048	2	1	1	1	1	1	NA	NA	NA	NA	NA	NA	NA	2	1	1	1	1	1	NA	NA	NA	2	1	1
9	6763831	7067883	1	1	0	3	a	6	1	0	0.097789633796	0.0777810414564	1	0	1	1	0	1	NA	NA	NA	NA	NA	NA	NA	1	0	1	1	0	1	NA	NA	NA	1	0	1
9	7067884	47299999	2	1	1	2	d	5	1	1	0.0571783736591	0.110280544	2	1	1	1	0	0.0498277383901363	1	1	0.950172261609864	0.0029513831067311	0.00297450220300232	0.0328126028686454	0.0442453960319458	2	1	1	1	1	1	NA	NA	NA	2	1	1
9	47300000	50699999	2	1	1	2	d	4	1	1	0.05	0.1	2	1	1	NA	NA	NA	NA	NA	NA	NA	NA	NA	NA	NA	NA	NA	1	1	1	NA	NA	NA	2	1	1
9	50700000	140267500	2	1	1	3	a	6	1	1	0.0560812742984	0.111414513765	2	1	1	1	1	1	NA	NA	NA	NA	NA	NA	NA	2	1	1	1	1	1	NA	NA	NA	2	1	1
10	102500	37999999	2	1	1	3	a	6	1	1	0.0569236630257	0.100753186318	2	1	1	1	1	1	NA	NA	NA	NA	NA	NA	NA	2	1	1	1	1	1	NA	NA	NA	2	1	1
10	38000000	42299999	2	1	1	2	d	3	1	1	0.05	0.245607622228	1.847112	0.923556023	0.923556	1	0	0.0881567679210118	1	1	0.911843232078988	0.0186307641072798	0.0190927441922526	0.0700072067089666	0.144570331198546	2	1	1	NA	NA	NA	NA	NA	NA	2	1	1
10	42300000	131577379	2	1	1	3	a	6	1	1	0.0565994248948	0.10390358412	2	1	1	1	1	1	NA	NA	NA	NA	NA	NA	NA	2	1	1	1	1	1	NA	NA	NA	2	1	1
10	131577380	131632263	1	1	0	2	d	5	1	0	0.05	0.0478102264729	1	0	1	0	0	0.123772102161104	1	0	0.876227897838896	0.0991406521050865	0.0774824796766999	0.0710973224854078	0.386922389333832	1	0	1	1	0	1	NA	NA	NA	1	0	1
10	131632264	135389924	2	1	1	2	d	5	1	1	0.063509616138	0.107769272288	1.876919	0.938459708	0.9384597	1	1	1	NA	NA	NA	NA	NA	NA	NA	2	1	1	1	1	1	NA	NA	NA	2	1	1
11	20721	190009	2	1	1	2	d	2	1	1	0.05	0.1	NA	NA	NA	NA	NA	NA	NA	NA	NA	NA	NA	NA	NA	NA	NA	NA	NA	NA	NA	NA	NA	NA	2	1	1
11	190010	51599999	2	1	1	3	a	6	1	1	0.0561847950604	0.114096954794	2	1	1	1	1	1	NA	NA	NA	NA	NA	NA	NA	2	1	1	1	1	1	NA	NA	NA	2	1	1
11	51600000	55699999	2	1	1	3	a	6	1	1	0.0471290397272	0.120000538957	2	1	1	1	1	1	NA	NA	NA	NA	NA	NA	NA	2	1	1	1	1	1	NA	NA	NA	2	1	1
11	55700000	134442500	2	1	1	2	d	4	1	1	0.0541720022465	0.147941655465	2.247594	1.123797223	1.1237972	1	1	0.928372626064179	2	1	0.0716273739358212	0.00216958784375804	0.00220078633094522	0.923677742174151	0.932527840588385	2	1	1	1	1	1	NA	NA	NA	2	1	1
12	110107	33299999	2	1	1	3	a	6	1	1	0.0565089380342	0.110552667516	2	1	1	1	1	1	NA	NA	NA	NA	NA	NA	NA	2	1	1	1	1	1	NA	NA	NA	2	1	1
12	33300000	38199999	2	1	1	3	a	6	1	1	0.0471732922221	0.118117967453	2	1	1	1	1	1	NA	NA	NA	NA	NA	NA	NA	2	1	1	1	1	1	NA	NA	NA	2	1	1
12	38200000	132342500	2	1	1	3	a	6	1	1	0.0548345162905	0.103109837528	2	1	1	1	1	1	NA	NA	NA	NA	NA	NA	NA	2	1	1	1	1	1	NA	NA	NA	2	1	1
12	132342501	133851894	2	1	1	3	b	5	NA	NA	NA	NA	2	1	1	1	1	1	NA	NA	NA	NA	NA	NA	NA	2	1	1	1	1	1	NA	NA	NA	2	1	1
13	1	16299999	2	1	1	1	h	1	NA	NA	NA	NA	NA	NA	NA	NA	NA	NA	NA	NA	NA	NA	NA	NA	NA	NA	NA	NA	NA	NA	NA	NA	NA	NA	2	1	1
13	16300000	19499999	2	1	1	2	d	3	1	1	0.05	0.10679825944	NA	NA	NA	1	1	1	NA	NA	NA	NA	NA	NA	NA	NA	NA	NA	1	0	0.448576	1	1	0.551424	2	1	1
13	19500000	114137500	2	1	1	3	a	6	1	1	0.0560382518432	0.105893785775	2	1	1	1	1	1	NA	NA	NA	NA	NA	NA	NA	2	1	1	1	1	1	NA	NA	NA	2	1	1
13	114137501	115169877	2	1	1	2	d	3	NA	NA	NA	NA	2	1	1	1	1	0.918140144073346	2	1	0.0818598559266542	0.0281058710628386	0.0289180908146865	0.850398195823663	0.964576318593547	3	1	2	1	1	1	NA	NA	NA	2	1	1
14	1	16099999	2	1	1	1	h	1	NA	NA	NA	NA	NA	NA	NA	NA	NA	NA	NA	NA	NA	NA	NA	NA	NA	NA	NA	NA	NA	NA	NA	NA	NA	NA	2	1	1
14	16100000	19099999	2	1	1	2	d	3	1	1	0.05	0.0915193861992	NA	NA	NA	NA	NA	NA	NA	NA	NA	NA	NA	NA	NA	NA	NA	NA	1	1	1	NA	NA	NA	2	1	1
14	19100000	106212569	2	1	1	3	a	6	1	1	0.055854542187	0.104680541329	2	1	1	1	1	1	NA	NA	NA	NA	NA	NA	NA	2	1	1	1	1	1	NA	NA	NA	2	1	1
14	106212570	106326382	4	3	1	2	e	0	NA	NA	NA	NA	1.18238	0.02570447	1.1566755	1	1	1	NA	NA	NA	NA	NA	NA	NA	1	0	1	1	0	1	NA	NA	NA	2	1	1
14	106326383	106329466	1	1	0	2	d	2	NA	NA	NA	NA	1.18238	0.02570447	1.1566755	1	1	1	NA	NA	NA	NA	NA	NA	NA	1	0	1	1	0	1	NA	NA	NA	NA	NA	NA
14	106329467	106452669	1	1	0	2	d	2	NA	NA	NA	NA	NA	NA	NA	1	1	1	NA	NA	NA	NA	NA	NA	NA	1	0	1	1	0	1	NA	NA	NA	NA	NA	NA
14	106452670	106452869	1	1	0	2	d	2	NA	NA	NA	NA	NA	NA	NA	1	1	1	NA	NA	NA	NA	NA	NA	NA	1	0	1	1	0	1	NA	NA	NA	NA	NA	NA
14	106452870	106452886	1	1	0	2	d	2	NA	NA	NA	NA	NA	NA	NA	1	1	1	NA	NA	NA	NA	NA	NA	NA	1	0	1	1	0	1	NA	NA	NA	NA	NA	NA
14	106452887	106880000	1	1	0	2	d	2	NA	NA	NA	NA	1.129287	0.019067868	1.1102193	1	1	1	NA	NA	NA	NA	NA	NA	NA	1	0	1	1	0	1	NA	NA	NA	NA	NA	NA
15	1	15799999	2	1	1	1	h	1	NA	NA	NA	NA	NA	NA	NA	NA	NA	NA	NA	NA	NA	NA	NA	NA	NA	NA	NA	NA	NA	NA	NA	NA	NA	NA	2	1	1
15	15800000	20699999	2	1	1	2	d	3	1	1	0.05	0.145965391015	NA	NA	NA	1	1	1	NA	NA	NA	NA	NA	NA	NA	NA	NA	NA	1	0	0.577678	1	1	0.422322	2	1	1
15	20700000	100332500	2	1	1	3	a	6	1	1	0.0560447212084	0.10880599181	2	1	1	1	1	1	NA	NA	NA	NA	NA	NA	NA	2	1	1	1	1	1	NA	NA	NA	2	1	1
15	100332501	102531391	2	1	1	3	b	5	NA	NA	NA	NA	2	1	1	1	1	1	NA	NA	NA	NA	NA	NA	NA	2	1	1	1	1	1	NA	NA	NA	2	1	1
16	100010	29588157	2	1	1	3	a	6	1	1	0.0557988899737	0.106773763732	2	1	1	1	1	1	NA	NA	NA	NA	NA	NA	NA	2	1	1	1	1	1	NA	NA	NA	2	1	1
16	29588158	30229934	1	1	0	3	a	6	1	0	0.05	0.045388096595	1	0	1	1	0	1	NA	NA	NA	NA	NA	NA	NA	1	0	1	1	0	1	NA	NA	NA	1	0	1
16	30229935	34599999	2	1	1	3	a	6	1	1	0.0636224238799	0.145034687608	2	1	1	1	1	1	NA	NA	NA	NA	NA	NA	NA	2	1	1	1	1	1	NA	NA	NA	2	1	1
16	34600000	38599999	2	1	1	3	a	6	1	1	0.05	0.110438403279	2	1	1	1	1	1	NA	NA	NA	NA	NA	NA	NA	2	1	1	1	1	1	NA	NA	NA	2	1	1
16	38600000	46442499	2	1	1	2	d	4	NA	NA	NA	NA	2	1	1	1	1	1	NA	NA	NA	NA	NA	NA	NA	NA	NA	NA	1	1	1	NA	NA	NA	2	1	1
16	46442500	88822500	2	1	1	3	a	6	1	1	0.0571623204189	0.107182392927	2	1	1	1	1	1	NA	NA	NA	NA	NA	NA	NA	2	1	1	1	1	1	NA	NA	NA	2	1	1
16	88822501	90354752	2	1	1	2	d	4	NA	NA	NA	NA	2	1	1	1	1	1	NA	NA	NA	NA	NA	NA	NA	3	1	2	1	1	1	NA	NA	NA	2	1	1
17	7	22199999	2	1	1	3	a	6	1	1	0.0545613922481	0.105297523903	2	1	1	1	1	1	NA	NA	NA	NA	NA	NA	NA	2	1	1	1	1	1	NA	NA	NA	2	1	1
17	22200000	25799999	2	1	1	3	b	5	1	1	0.0307951151553	0.122609298231	2	1	1	NA	NA	NA	NA	NA	NA	NA	NA	NA	NA	2	1	1	1	1	1	NA	NA	NA	2	1	1
17	25800000	78772500	2	1	1	3	a	6	1	1	0.0553581894325	0.10681380219	2	1	1	1	1	1	NA	NA	NA	NA	NA	NA	NA	2	1	1	1	1	1	NA	NA	NA	2	1	1
17	78772501	81195209	2	1	1	3	b	5	NA	NA	NA	NA	2	1	1	1	1	1	NA	NA	NA	NA	NA	NA	NA	2	1	1	1	1	1	NA	NA	NA	2	1	1
18	27500	15399999	2	1	1	3	a	6	1	1	0.0547013813087	0.109715652463	2	1	1	1	1	1	NA	NA	NA	NA	NA	NA	NA	2	1	1	1	1	1	NA	NA	NA	2	1	1
18	15400000	18999999	2	1	1	3	a	6	1	1	0.05	0.103625126636	2	1	1	1	1	1	NA	NA	NA	NA	NA	NA	NA	2	1	1	1	1	1	NA	NA	NA	2	1	1
18	19000000	76112500	2	1	1	3	a	6	1	1	0.0564034323306	0.108865624495	2	1	1	1	1	1	NA	NA	NA	NA	NA	NA	NA	2	1	1	1	1	1	NA	NA	NA	2	1	1
18	76112501	78077247	2	1	1	3	b	5	NA	NA	NA	NA	2	1	1	1	1	1	NA	NA	NA	NA	NA	NA	NA	2	1	1	1	1	1	NA	NA	NA	2	1	1
19	102500	260136	2	1	1	3	b	5	1	1	0.05	0.1	NA	NA	NA	1	1	1	NA	NA	NA	NA	NA	NA	NA	2	1	1	1	1	1	NA	NA	NA	2	1	1
19	260137	24399999	2	1	1	3	a	6	1	1	0.0580630021082	0.114992212289	2	1	1	1	1	1	NA	NA	NA	NA	NA	NA	NA	2	1	1	1	1	1	NA	NA	NA	2	1	1
19	24400000	28599999	2	1	1	3	a	6	1	1	0.0533742069878	0.123287146494	2	1	1	1	1	1	NA	NA	NA	NA	NA	NA	NA	2	1	1	1	1	1	NA	NA	NA	2	1	1
19	28600000	59128982	2	1	1	3	a	6	1	1	0.0582782617177	0.115758185187	2	1	1	1	1	1	NA	NA	NA	NA	NA	NA	NA	2	1	1	1	1	1	NA	NA	NA	2	1	1
20	32359	25599999	2	1	1	3	a	6	1	1	0.056495912495	0.10044479131	2	1	1	1	1	1	NA	NA	NA	NA	NA	NA	NA	2	1	1	1	1	1	NA	NA	NA	2	1	1
20	25600000	29399999	2	1	1	3	a	6	1	1	0.05	0.0936947047553	2	1	1	1	1	1	NA	NA	NA	NA	NA	NA	NA	2	1	1	1	1	1	NA	NA	NA	2	1	1
20	29400000	62432500	2	1	1	3	a	6	1	1	0.0554863546227	0.0978743323321	2	1	1	1	1	1	NA	NA	NA	NA	NA	NA	NA	2	1	1	1	1	1	NA	NA	NA	2	1	1
21	1	9417499	NA	NA	NA	NA	NA	NA	1	1	0.05	0.1	NA	NA	NA	NA	NA	NA	NA	NA	NA	NA	NA	NA	NA	NA	NA	NA	1	0	0.721822	1	1	0.278178	NA	NA	NA
21	9417500	10899999	NA	NA	NA	NA	NA	NA	1	1	0.05	0.210570565549	NA	NA	NA	NA	NA	NA	NA	NA	NA	NA	NA	NA	NA	NA	NA	NA	1	0	0.721822	1	1	0.278178	NA	NA	NA
21	10900000	14299999	2	1	1	2	f	2	1	1	0.05	0.152727124189	NA	NA	NA	NA	NA	NA	NA	NA	NA	NA	NA	NA	NA	NA	NA	NA	1	0	0.665989	1	1	0.334011	NA	NA	NA
21	14300000	46937500	2	1	1	3	b	5	1	1	0.0565263557728	0.103296590383	2	1	1	1	1	1	NA	NA	NA	NA	NA	NA	NA	2	1	1	1	1	1	NA	NA	NA	NA	NA	NA
21	46937501	48129894	2	1	1	2	d	4	NA	NA	NA	NA	2	1	1	1	1	1	NA	NA	NA	NA	NA	NA	NA	2	1	1	1	1	1	NA	NA	NA	NA	NA	NA
22	1	12199999	2	1	1	1	h	1	NA	NA	NA	NA	NA	NA	NA	NA	NA	NA	NA	NA	NA	NA	NA	NA	NA	NA	NA	NA	NA	NA	NA	NA	NA	NA	2	1	1
22	12200000	17899999	2	1	1	3	b	5	1	1	0.0624576203589	0.137059515444	2	1	1	1	1	0.928628812315278	2	1	0.0713711876847221	0.00890313134887499	0.0090583722225853	0.910622307598436	0.945838629608943	2	1	1	1	1	1	NA	NA	NA	2	1	1
22	17900000	23106322	2	1	1	2	d	5	1	1	0.0594200542187	0.169355612533	2	1	1	1	1	0.928628812315278	2	1	0.0713711876847221	0.00890313134887499	0.0090583722225853	0.910622307598436	0.945838629608943	2	1	1	1	1	1	NA	NA	NA	2	1	1
22	23106323	23245008	1	1	0	3	b	6	1	0	0.05	0.0847903529772	1	0	1	1	0	1	NA	NA	NA	NA	NA	NA	NA	1	0	1	1	0	1	NA	NA	NA	2	1	1
22	23245009	49687500	2	1	1	2	d	5	1	1	0.0571545655214	0.107062204497	2	1	1	1	1	0.94269810085134	2	1	0.0573018991486597	0.00378371629506247	0.00382134648399617	0.945367713351787	0.960345195119069	2	1	1	1	1	1	NA	NA	NA	2	1	1
22	49687501	51304565	2	1	1	2	d	4	NA	NA	NA	NA	2	1	1	1	0	0.135325518284653	1	1	0.864674481715347	0.0296974190136467	0.0300415274552994	0.0587251889574577	0.175436404045508	2	1	1	1	1	1	NA	NA	NA	2	1	1
X	1	44918508	1	1	0	3	a	3	1	0	0.0535540402461	0.158023209301	1	0	1	NA	NA	NA	NA	NA	NA	NA	NA	NA	NA	1	0	1	NA	NA	NA	NA	NA	NA	1	0	1
X	44918509	44952782	2	2	0	1	h	1	1	0	0.05	0.1	2	0	2	NA	NA	NA	NA	NA	NA	NA	NA	NA	NA	2	0	2	NA	NA	NA	NA	NA	NA	1	0	1
X	44952783	58099999	1	1	0	3	a	3	1	0	0.05	0.124066978137	1	0	1	NA	NA	NA	NA	NA	NA	NA	NA	NA	NA	1	0	1	NA	NA	NA	NA	NA	NA	1	0	1
X	58100000	62999999	1	1	0	3	a	3	1	0	0.05	0.190654221239	1	0	1	NA	NA	NA	NA	NA	NA	NA	NA	NA	NA	1	0	1	NA	NA	NA	NA	NA	NA	1	0	1
X	63000000	155270559	1	1	0	3	a	3	1	0	0.05	0.134863113869	1	0	1	NA	NA	NA	NA	NA	NA	NA	NA	NA	NA	1	0	1	NA	NA	NA	NA	NA	NA	1	0	1
Y	1	11599999	1	1	0	1	h	1	NA	NA	NA	NA	1	0	1	NA	NA	NA	NA	NA	NA	NA	NA	NA	NA	NA	NA	NA	NA	NA	NA	NA	NA	NA	2	0	2
Y	11600000	13399999	1	1	0	1	h	1	NA	NA	NA	NA	1	0	1	NA	NA	NA	NA	NA	NA	NA	NA	NA	NA	NA	NA	NA	NA	NA	NA	NA	NA	NA	2	0	2
Y	13400000	59373565	1	1	0	1	h	1	NA	NA	NA	NA	1	0	1	NA	NA	NA	NA	NA	NA	NA	NA	NA	NA	NA	NA	NA	NA	NA	NA	NA	NA	NA	2	0	2
