chromosome	start	end	total_cn	major_cn	minor_cn	star	level	methods_agree	absolute_broad_major_cn	absolute_broad_minor_cn	absolute_broad_het_error	absolute_broad_cov_error	aceseq_copy_number	aceseq_minor_cn	aceseq_major_cn	battenberg_nMaj1_A	battenberg_nMin1_A	battenberg_frac1_A	battenberg_nMaj2_A	battenberg_nMin2_A	battenberg_frac2_A	battenberg_SDfrac_A	battenberg_SDfrac_A_BS	battenberg_frac1_A_0.025	battenberg_frac1_A_0.975	clonehd_copy_number	clonehd_minor_cn	clonehd_major_cn	sclust_nMaj1_A	sclust_nMin1_A	sclust_frac1_A	sclust_nMaj2_A	sclust_nMin2_A	sclust_frac2_A	jabba_copy_number	jabba_minor_cn	jabba_major_cn
1	796768	12912499	3	2	1	2	e	4	2.63	1	0.0599236445573	0.388201771459	3.889387	1.1089624245	2.7804248	2	1	0.347407583011912	3	1	0.652592416988088	0.0138814265434317	0.0136403483981785	0.31925397003847	0.374592693318641	6	2	4	3	1	0.576857	2	1	0.423143	NA	NA	NA
1	12912500	14407500	5	3	2	2	f	2	2.63	1.86	0.0506393533986	0.414609669574	4.681265	1.8222159992	2.859049	2	1	0.766830452042057	2	2	0.233169547957943	0.0273566166378044	0.0272637479547769	0.70181452625415	0.807125167031158	6	3	3	3	1	0.576857	2	1	0.423143	NA	NA	NA
1	14407501	20046693	3	2	1	2	e	3	2.8	1	0.0572816208379	0.252172789273	3.916648	1.0975548569	2.8190932	2	1	0.241170676797525	3	1	0.758829323202475	0.0179139178708706	0.0173122397508473	0.26212397557693	0.327305162077991	6	2	4	3	1	1	NA	NA	NA	NA	NA	NA
1	20046694	20350101	6	3	3	2	e	1	3	2	0.0494001313459	0.239293631195	5.002374	2.1371486917	2.8652248	2	2	0.368039281330208	3	2	0.631960718669792	0.072705206514028	0.0732865488160785	0.190037221746815	0.477694053577432	7	3	4	3	2	0.290365	2	2	0.709635	NA	NA	NA
1	20350102	68927500	4	3	1	1	g	NA	2.8	1	0.0686621907726	0.233846347886	4.009588	1.111822268	2.897766	2	1	0.228974322462066	3	1	0.771025677537934	0.00890945482195478	0.00862124202638635	0.249660666200043	0.283657917725088	5	1	4	3	1	1	NA	NA	NA	NA	NA	NA
1	68927501	77550051	5	3	2	2	e	3	3	1.86	0.0809888375625	0.341630790842	4.213316	1.6123693043	2.6009463	3	1	0.158261050539159	3	2	0.841738949460841	0.00916018283509436	0.0091934413083162	0.1398349655043	0.176054029931652	3	1	2	3	1	1	NA	NA	NA	NA	NA	NA
1	77550052	101597144	5	3	2	2	e	4	3	1.86	0.0769953932774	0.320907207051	4.563082	1.7398188062	2.823263	3	1	0.158261050539159	3	2	0.841738949460841	0.00916018283509436	0.0091934413083162	0.1398349655043	0.176054029931652	4	2	2	3	2	1	NA	NA	NA	NA	NA	NA
1	101597145	105844501	4	2	2	2	e	4	2	2	0.0919972634838	0.341905857558	3.507808	1.7539040267	1.753904	2	1	0.290902553038473	2	2	0.709097446961527	0.0263634784754127	0.0265244346808257	0.246087620682807	0.348927232948527	2	1	1	2	2	0.550601	2	1	0.449399	NA	NA	NA
1	105844502	105846692	4	2	2	2	f	3	2	2	0.05	0.1	3.507808	1.7539040267	1.753904	NA	NA	NA	NA	NA	NA	NA	NA	NA	NA	NA	NA	NA	2	2	0.550601	2	1	0.449399	NA	NA	NA
1	105846693	121499999	4	2	2	2	d	2	1.86	1.86	0.0596073813566	0.273599294628	3.752186	1.876092871	1.8760929	2	1	0.130906148867316	2	2	0.869093851132684	0.0144211392190562	0.0146161998460858	0.122184500750253	0.177638908278242	4	2	2	2	2	1	NA	NA	NA	NA	NA	NA
1	121500000	128899999	NA	NA	NA	NA	NA	NA	NA	NA	NA	NA	3.752186	1.876092871	1.8760929	NA	NA	NA	NA	NA	NA	NA	NA	NA	NA	NA	NA	NA	2	2	1	NA	NA	NA	NA	NA	NA
1	128900000	142550938	3	2	1	2	d	2	2	1	0.05	0.1	NA	NA	NA	NA	NA	NA	NA	NA	NA	NA	NA	NA	NA	3	1	2	2	2	1	NA	NA	NA	NA	NA	NA
1	142550939	205786934	3	2	1	2	d	4	2	1	0.0805723944265	0.26548151986	3.111877	1.06706805	2.0448089	2	1	1	NA	NA	NA	NA	NA	NA	NA	3	1	2	2	1	1	NA	NA	NA	NA	NA	NA
1	205786935	249250620	3	2	1	2	d	2	1.86	1	0.0720203786922	0.210691002228	3.075011	1.1266350033	1.9483764	1	1	0.190938511326861	2	1	0.809061488673139	0.0071259574221446	0.00694041434309816	0.195442423442022	0.221683773922737	3	1	2	2	1	1	NA	NA	NA	NA	NA	NA
2	20016	4257481	6	5	1	2	d	2	5	1	0.0477314498849	0.341763331247	6.640295	1.1976334471	5.4426612	5	1	1	NA	NA	NA	NA	NA	NA	NA	8	1	7	NA	NA	NA	NA	NA	NA	NA	NA	NA
2	4257482	12690093	6	5	1	2	d	3	5	1	0.0575195962559	0.308408527784	6.424089	1.1421329809	5.2819559	5	1	1	NA	NA	NA	NA	NA	NA	NA	8	1	7	5	1	1	NA	NA	NA	NA	NA	NA
2	12690094	12811448	7	6	1	1	g	NA	14	1	0.0398099778869	0.384254933211	7.422023	0.9239387072	6.4980839	6	0	0.147428982380437	6	1	0.852571017619563	0.0706570710874783	0.0697130337592018	0.0766231018607381	0.345860240208999	8	1	7	6	1	1	NA	NA	NA	NA	NA	NA
2	12811449	20252013	6	5	1	3	b	5	5	1	0.0655471262678	0.384119260367	6	1	5	5	1	1	NA	NA	NA	NA	NA	NA	NA	6	1	5	5	1	1	NA	NA	NA	NA	NA	NA
2	20252014	20843768	6	5	1	1	g	NA	4.8	2	0.0402775130406	0.326500494012	7.626057	2.2431824186	5.3828746	5	2	1	NA	NA	NA	NA	NA	NA	NA	8	2	6	5	1	1	NA	NA	NA	NA	NA	NA
2	20843769	21426778	5	3	2	2	e	1	4.38	2	0.0568343896937	0.347148199532	6.225886	1.9943299833	4.2315562	3	1	0.669902912621359	3	2	0.330097087378641	0.0416375034859637	0.0408877733521363	0.542913409865456	0.702475192003024	7	2	5	4	2	1	NA	NA	NA	NA	NA	NA
2	21426779	22560051	4	3	1	2	f	2	4.14	1	0.0645265105409	0.337634288282	4.574288	0.8623220938	3.7119663	3	0	0.412081984897519	3	1	0.587918015102481	0.0300458360071028	0.0299772735333255	0.310319550614931	0.427531705038242	3	0	3	4	1	0.897874	3	1	0.102126	NA	NA	NA
2	22560052	22604674	5	4	1	2	e	3	4.14	1	0.05	0.1	4.574288	0.8623220938	3.7119663	4	0	0.503403637986835	4	1	0.496596362013165	NA	0	0.503403637986835	0.503403637986835	3	0	3	5	1	0.0299794	4	1	0.970021	NA	NA	NA
2	22604675	27643687	5	4	1	2	e	4	4.14	1	0.0541408587629	0.26970156938	5.503288	1.1370610881	4.3662272	4	1	1	NA	NA	NA	NA	NA	NA	NA	7	1	6	5	1	0.0299794	4	1	0.970021	NA	NA	NA
2	27643688	27645274	5	4	1	2	f	2	NA	NA	NA	NA	5.503288	1.1370610881	4.3662272	1	1	0.433656957928801	2	1	0.566343042071199	NA	0	0.433656957928801	0.433656957928801	NA	NA	NA	5	1	0.0299794	4	1	0.970021	NA	NA	NA
2	27645275	44098994	5	4	1	2	d	4	4	1	0.0706046881944	0.312772853591	5.306536	1.088840398	4.2176959	4	1	1	NA	NA	NA	NA	NA	NA	NA	5	1	4	4	1	1	NA	NA	NA	NA	NA	NA
2	44098995	50381752	5	4	1	2	d	2	4.14	1	0.0678597502907	0.326414560838	5.310898	1.094265859	4.2166323	4	1	1	NA	NA	NA	NA	NA	NA	NA	6	1	5	4	1	1	NA	NA	NA	NA	NA	NA
2	50381753	50823143	5	4	1	2	d	2	4	1	0.107581176455	0.329031030881	4.385882	0.940467735	3.445414	4	1	1	NA	NA	NA	NA	NA	NA	NA	2	0	2	4	1	0.72669	3	1	0.27331	NA	NA	NA
2	50823144	50824433	4	3	1	2	d	2	4	1	0.05	0.1	4.385882	0.940467735	3.445414	3	1	1	NA	NA	NA	NA	NA	NA	NA	4	1	3	4	1	0.72669	3	1	0.27331	NA	NA	NA
2	50824434	70005416	5	4	1	3	b	5	4	1	0.0763792015456	0.318195311581	5	1	4	4	1	1	NA	NA	NA	NA	NA	NA	NA	5	1	4	4	1	1	NA	NA	NA	NA	NA	NA
2	70005417	78180997	5	4	1	2	d	2	4	1	0.0857864177728	0.381348885118	5.470224	1.2900909968	4.180133	3	1	0.41100323624596	4	1	0.58899676375404	0.0331958413406949	0.0312759192175349	0.436629752835902	0.561335145272451	6	2	4	4	1	1	NA	NA	NA	NA	NA	NA
2	78180998	81372173	3	2	1	2	d	4	2	1	0.0970112084013	0.250611396512	3	1	2	2	1	1	NA	NA	NA	NA	NA	NA	NA	2	1	1	2	1	1	NA	NA	NA	NA	NA	NA
2	81372174	81373178	3	2	1	2	d	3	2	1	0.05	0.1	3	1	2	4	3	1	NA	NA	NA	NA	NA	NA	NA	7	3	4	2	1	1	NA	NA	NA	NA	NA	NA
2	81373179	81382746	3	2	1	2	d	2	2	1	0.05	0.1	NA	NA	NA	2	1	1	NA	NA	NA	NA	NA	NA	NA	NA	NA	NA	2	2	0.688783	2	1	0.311217	NA	NA	NA
2	81382747	81391065	3	2	1	2	f	2	2	1	0.05	0.1	NA	NA	NA	4	1	1	NA	NA	NA	NA	NA	NA	NA	NA	NA	NA	2	2	0.688783	2	1	0.311217	NA	NA	NA
2	81391066	82156962	4	2	2	2	e	4	2	2	0.0610901939504	0.347461114721	3.549891	1.7749457095	1.7749457	2	1	0.148990091081971	2	2	0.851009908918029	0.0722793075363176	0.0671239474891075	0.0634212468854509	0.325166325843397	2	1	1	2	2	0.688783	2	1	0.311217	NA	NA	NA
2	82156963	90499999	3	2	1	2	d	4	2	1	0.08014212103	0.255347621754	3.161862	1.0595560094	2.1023063	2	1	1	NA	NA	NA	NA	NA	NA	NA	3	1	2	2	1	1	NA	NA	NA	NA	NA	NA
2	90500000	96799999	NA	NA	NA	NA	NA	NA	2	1	0.070546230232	0.255164958117	3.560024	1.3245867607	2.2354376	NA	NA	NA	NA	NA	NA	NA	NA	NA	NA	4	2	2	2	2	0.213881	2	1	0.786119	NA	NA	NA
2	96800000	100443388	4	2	2	2	d	2	2	2	0.0443583826731	0.240800982725	4.509706	2.2548532035	2.2548532	2	1	0.157880873184767	2	2	0.842119126815233	0.0270113394753096	0.0272076072148383	0.0961195617834313	0.198707486140857	6	3	3	2	2	1	NA	NA	NA	NA	NA	NA
2	100443389	100489087	2	2	0	2	d	3	2	0	0.079120144835	0.1	2.399376	0.0189022119	2.3804741	3	0	1	NA	NA	NA	NA	NA	NA	NA	2	0	2	2	0	1	NA	NA	NA	NA	NA	NA
2	100489088	102587940	4	2	2	2	d	3	2	2	0.0380221809358	0.205947189728	4.454232	2.227115807	2.2271158	2	2	1	NA	NA	NA	NA	NA	NA	NA	5	2	3	2	2	1	NA	NA	NA	NA	NA	NA
2	102587941	108420711	3	2	1	2	d	2	2	1.2	0.0755566606456	0.253630079881	3.37366	1.2583860261	2.1152736	1	1	0.190938511326861	2	1	0.809061488673139	0.0188596608180545	0.018269468253599	0.183724049865749	0.256031182200467	3	1	2	2	1	1	NA	NA	NA	NA	NA	NA
2	108420712	109077530	4	2	2	2	d	3	2	2	0.0733376203687	0.252471911277	3.885032	1.9425159035	1.9425159	2	2	1	NA	NA	NA	NA	NA	NA	NA	3	1	2	2	2	1	NA	NA	NA	NA	NA	NA
2	109077531	109217499	3	2	1	2	d	2	2	2	0.05	0.154596455135	3.962367	1.4068033608	2.5555637	2	1	1	NA	NA	NA	NA	NA	NA	NA	3	1	2	2	2	0.0511795	2	1	0.94882	NA	NA	NA
2	109217500	119072612	4	2	2	2	d	4	2	2	0.055835993502	0.256288539608	4.108273	2.0541363162	2.0541363	2	2	1	NA	NA	NA	NA	NA	NA	NA	4	2	2	2	2	1	NA	NA	NA	NA	NA	NA
2	119072613	120629946	3	2	1	1	g	NA	2	1.2	0.0626901038418	0.208014709806	3.307381	1.2104525088	2.0969288	1	1	0.245865621567061	2	1	0.754134378432939	0.0351144013531809	0.0341198481238864	0.187762891040254	0.321113545842717	4	2	2	2	1	0.688876	1	1	0.311124	NA	NA	NA
2	120629947	120854272	4	2	2	2	f	2	2	1.2	0.05	0.303172297933	3.307381	1.2104525088	2.0969288	2	2	1	NA	NA	NA	NA	NA	NA	NA	NA	NA	NA	2	1	1	NA	NA	NA	NA	NA	NA
2	120854273	123789424	3	2	1	2	d	2	2	1	0.0848656547231	0.199279453775	3.278971	1.1990883978	2.0798826	1	1	0.160916690842196	2	1	0.839083309157804	0.020985571822479	0.021568909438484	0.118647044208415	0.199796842145004	4	2	2	2	1	1	NA	NA	NA	NA	NA	NA
2	123789425	128220519	3	2	1	2	d	2	2	1.2	0.0767501608017	0.238015064979	3	1	2	1	1	0.160916690842196	2	1	0.839083309157804	0.020985571822479	0.021568909438484	0.118647044208415	0.199796842145004	2	1	1	2	1	1	NA	NA	NA	NA	NA	NA
2	128220520	128269556	5	3	2	2	d	3	3	2	0.05	0.1	5.898457	2.1495279551	3.7489291	3	2	1	NA	NA	NA	NA	NA	NA	NA	5	2	3	2	1	1	NA	NA	NA	NA	NA	NA
2	128269557	130040095	5	3	2	2	d	3	3	2	0.0491143198604	0.270056563965	5.384691	2.1366403239	3.248051	3	2	1	NA	NA	NA	NA	NA	NA	NA	7	3	4	3	2	1	NA	NA	NA	NA	NA	NA
2	130040096	140772578	3	2	1	2	d	2	2	1.2	0.0779386341872	0.238442185468	3.179931	1.1594725974	2.0204589	1	1	0.190938511326861	2	1	0.809061488673139	0.0153435520562087	0.015596632125535	0.166086440731536	0.22775023140269	3	1	2	2	1	1	NA	NA	NA	NA	NA	NA
2	140772579	143397168	4	2	2	2	f	2	2	1.2	0.088424672424	0.294335349456	2.890144	1.0435577522	1.8465866	1	1	0.190938511326861	2	1	0.809061488673139	0.0153435520562087	0.015596632125535	0.166086440731536	0.22775023140269	1	0	1	2	1	1	NA	NA	NA	NA	NA	NA
2	143397169	143397408	4	2	2	2	f	2	2	1.2	0.05	0.1	2.890144	1.0435577522	1.8465866	1	1	0.190938511326861	2	1	0.809061488673139	0.0153435520562087	0.015596632125535	0.166086440731536	0.22775023140269	NA	NA	NA	2	1	1	NA	NA	NA	NA	NA	NA
2	143397409	145012499	5	3	2	2	f	0	2	1.2	0.102729300067	0.271688163961	2.892859	1.0446434918	1.8482152	1	1	0.190938511326861	2	1	0.809061488673139	0.0153435520562087	0.015596632125535	0.166086440731536	0.22775023140269	2	1	1	2	1	1	NA	NA	NA	NA	NA	NA
2	145012500	146249595	4	2	2	2	d	2	2	2	0.0703455596278	0.257846072622	3.527733	1.7638664545	1.7638665	2	2	1	NA	NA	NA	NA	NA	NA	NA	2	1	1	2	2	0.550601	2	1	0.449399	NA	NA	NA
2	146249596	151626683	3	2	1	2	d	2	2	1.2	0.0911773553867	0.243417635292	3	1	2	1	1	0.190938511326861	2	1	0.809061488673139	0.0174371546257929	0.017639549902488	0.171579043372978	0.243683959044578	2	1	1	2	1	1	NA	NA	NA	NA	NA	NA
2	151626684	158976647	3	2	1	2	f	3	2	1.2	0.0791554961172	0.248353545598	3.174221	1.157188454	2.0170327	1	1	0.190938511326861	2	1	0.809061488673139	0.0174371546257929	0.017639549902488	0.171579043372978	0.243683959044578	2	1	1	2	1	1	NA	NA	NA	NA	NA	NA
2	158976648	158981898	4	2	2	1	g	NA	2.14	2.14	0.05	0.1	3.174221	1.157188454	2.0170327	3	2	0.328920270667844	3	3	0.671079729332156	NA	0	0.328920270667844	0.328920270667844	5	2	3	2	2	1	NA	NA	NA	NA	NA	NA
2	158981899	163722731	4	2	2	2	d	2	2.14	2.14	0.0516351266098	0.311247480576	4.148425	2.0742125015	2.0742125	2	2	1	NA	NA	NA	NA	NA	NA	NA	3	1	2	2	2	1	NA	NA	NA	NA	NA	NA
2	163722732	163965674	3	2	1	1	g	NA	2	1.62	0.0757310341897	0.24604417597	3.223682	1.1391581727	2.0845238	2	1	0.714033539276261	2	2	0.285966460723739	0.0916089477181332	0.0919667232543382	0.516924100341456	0.873860929815901	2	1	1	2	1	0.550676	1	1	0.449324	NA	NA	NA
2	163965675	164665305	3	2	1	2	d	4	2	1	0.122508748959	0.242403131625	3	1	2	2	1	1	NA	NA	NA	NA	NA	NA	NA	1	0	1	2	1	1	NA	NA	NA	NA	NA	NA
2	164665306	165067516	4	2	2	2	d	3	2	2	0.0887704888214	0.317674153651	4.132432	2.066215991	2.066216	2	2	1	NA	NA	NA	NA	NA	NA	NA	2	1	1	2	2	1	NA	NA	NA	NA	NA	NA
2	165067517	170758711	2	1	1	2	e	4	2	1	0.0941978962178	0.227409687687	3.145028	1.1721986733	1.9728288	1	1	0.204936114937124	2	1	0.795063885062876	0.025979346281481	0.0250918456489955	0.165082499696345	0.263075923348176	2	1	1	2	1	0.688876	1	1	0.311124	NA	NA	NA
2	170758712	172842424	4	2	2	2	d	3	2	2	0.0567665362411	0.234347349245	4.24143	2.120714787	2.1207148	2	2	0.836367313915859	3	2	0.163632686084141	0.0306932689201573	0.0300125932401701	0.780110180976939	0.898534760982602	4	2	2	2	2	1	NA	NA	NA	NA	NA	NA
2	172842425	176378340	3	2	1	2	d	2	2	2	0.0769891732392	0.216368451922	3.426775	1.2919269313	2.1348483	2	1	0.872707659115426	2	2	0.127292340884574	0.018234923125419	0.0184841986026314	0.807837299308519	0.882581554370691	3	1	2	2	1	1	NA	NA	NA	NA	NA	NA
2	176378341	176442817	4	2	2	2	d	3	2	2	0.05	0.415777374861	3.426775	1.2919269313	2.1348483	2	2	1	NA	NA	NA	NA	NA	NA	NA	3	1	2	2	2	1	NA	NA	NA	NA	NA	NA
2	176442818	177911751	4	2	2	3	b	5	2	2	0.0544093337418	0.253643207447	4	2	2	2	2	1	NA	NA	NA	NA	NA	NA	NA	4	2	2	2	2	1	NA	NA	NA	NA	NA	NA
2	177911752	181509996	3	2	1	2	d	2	1.86	1	0.0833199441503	0.223839620078	3	1	2	1	1	0.190938511326861	2	1	0.809061488673139	0.0317719883322892	0.0313531840460987	0.151669633067716	0.278025390535908	2	1	1	2	1	1	NA	NA	NA	NA	NA	NA
2	181509997	181574500	2	1	1	2	d	2	1.86	1	0.05	0.14842611456	3.084348	1.1212392616	1.9631089	1	1	0.460625674217911	2	1	0.539374325782089	0.139859614885114	0.142659828249917	0.08583925579543	0.633563965037236	2	1	1	1	1	1	NA	NA	NA	NA	NA	NA
2	181574501	182203205	4	2	2	2	d	2	1.86	1	0.05	0.267397984417	3.648508	1.8242538722	1.8242539	2	2	1	NA	NA	NA	NA	NA	NA	NA	2	1	1	2	2	1	NA	NA	NA	NA	NA	NA
2	182203206	203861541	3	2	1	2	f	3	2	1.2	0.0908227782209	0.267474307015	3.234785	1.1814138134	2.0533707	1	1	0.190938511326861	2	1	0.809061488673139	0.0141458839024234	0.0136372935548849	0.176592131025962	0.231024080888153	2	1	1	2	1	1	NA	NA	NA	NA	NA	NA
2	203861542	204067111	3	2	1	1	g	NA	NA	NA	NA	NA	3.234785	1.1814138134	2.0533707	3	2	1	NA	NA	NA	NA	NA	NA	NA	NA	NA	NA	2	1	1	NA	NA	NA	NA	NA	NA
2	204067112	214498424	5	3	2	2	f	0	2	1.2	0.0871407642488	0.239923904961	3.133403	1.1408610924	1.9925416	1	1	0.178525907031152	2	1	0.821474092968848	0.00704365691560824	0.00698293918859905	0.16504455923129	0.191955398749502	2	1	1	2	1	1	NA	NA	NA	NA	NA	NA
2	214498425	215953934	3	2	1	1	g	NA	1.77	1.77	0.0857575360253	0.261466225567	3	1	2	1	1	0.178525907031152	2	1	0.821474092968848	0.00704365691560824	0.00698293918859905	0.16504455923129	0.191955398749502	2	1	1	2	1	0.688876	1	1	0.311124	NA	NA	NA
2	215953935	242714437	3	2	1	2	d	2	2	1	0.0717815926504	0.203698156397	3.366089	1.2339354166	2.1321531	1	1	0.178525907031152	2	1	0.821474092968848	0.00704365691560824	0.00698293918859905	0.16504455923129	0.191955398749502	4	2	2	2	1	1	NA	NA	NA	NA	NA	NA
2	242714438	242985695	4	3	1	2	e	2	3	0.51	0.05	0.477344284968	2.526358	0.2985956947	2.2277625	2	0	0.84556209878508	2	1	0.15443790121492	0.0234668708906627	0.0226944056163866	0.8093076036218	0.894566374137906	5	1	4	2	0	0.77296	2	1	0.22704	NA	NA	NA
3	66894	17612927	3	2	1	3	b	5	2	1	0.0777561012907	0.212379096892	3	1	2	2	1	1	NA	NA	NA	NA	NA	NA	NA	3	1	2	2	1	1	NA	NA	NA	NA	NA	NA
3	17612928	25135716	3	2	1	2	d	2	2	1	0.0913172177311	0.23770811057	2.768305	0.9948221774	1.7734833	2	1	1	NA	NA	NA	NA	NA	NA	NA	2	1	1	2	1	0.816627	1	1	0.183373	NA	NA	NA
3	25135717	60886612	3	2	1	3	b	5	2	1	0.0785454308437	0.209589800311	3	1	2	2	1	1	NA	NA	NA	NA	NA	NA	NA	3	1	2	2	1	1	NA	NA	NA	NA	NA	NA
3	60886613	71132341	2	1	1	2	d	4	1	1	0.07414878247	0.159982389781	2	1	1	1	0	0.10787486515642	1	1	0.89212513484358	0.0101890628168386	0.0100170805158851	0.0873677573876665	0.126272512000377	2	1	1	1	1	1	NA	NA	NA	NA	NA	NA
3	71132342	71416739	1	1	0	2	d	3	1	0	0.0950009794173	0.0850172478616	1.154529	0.0757681474	1.078761	1	0	1	NA	NA	NA	NA	NA	NA	NA	1	0	1	1	1	1	NA	NA	NA	NA	NA	NA
3	71416740	72106437	2	1	1	2	d	4	1	1	0.0657837248322	0.119819262543	2	1	1	1	0	0.23116042533518	1	1	0.76883957466482	0.0342163162661634	0.0345487919861198	0.148843229299789	0.28428494478813	2	1	1	1	1	1	NA	NA	NA	NA	NA	NA
3	72106438	72113575	3	2	1	2	d	2	2	1	0.05	0.1	2	1	1	2	1	0.823183289202712	3	1	0.176816710797288	NA	0	0.823183289202712	0.823183289202712	NA	NA	NA	2	1	1	NA	NA	NA	NA	NA	NA
3	72113576	76495557	3	2	1	2	d	4	2	1	0.0834430516846	0.221743708331	3	1	2	1	1	0.140176326522418	2	1	0.859823673477582	0.030198347624462	0.0296927652614425	0.117262621866648	0.235400806308939	3	1	2	2	1	1	NA	NA	NA	NA	NA	NA
3	76495558	77477499	3	2	1	2	d	2	2	1.51	0.0826190278845	0.248576803917	3	1	2	1	1	0.190938511326861	2	1	0.809061488673139	0.071471006721414	0.0733254815272137	0.0175799872323686	0.316334420152638	1	0	1	2	1	1	NA	NA	NA	NA	NA	NA
3	77477500	81069246	4	2	2	2	d	2	2	2	0.0791148025981	0.330234249192	3.845099	1.9225492782	1.9225493	2	1	0.232722042430777	2	2	0.767277957569223	0.0330028323995686	0.0342232721568973	0.215461708694446	0.347919669836891	2	1	1	2	2	1	NA	NA	NA	NA	NA	NA
3	81069247	87899999	4	2	2	2	e	3	2	1.62	0.100759370913	0.361566283852	3.359931	1.3596134012	2.0003179	2	1	0.654530744336566	2	2	0.345469255663434	0.0230430739013038	0.0232328124227254	0.604665069983761	0.697671131380422	1	0	1	2	2	0.249586	2	1	0.750414	NA	NA	NA
3	87900000	93899999	NA	NA	NA	NA	NA	NA	2	1	0.0933523215612	0.257528832461	2.897616	0.9846599677	1.9129559	NA	NA	NA	NA	NA	NA	NA	NA	NA	NA	1	0	1	2	1	1	NA	NA	NA	NA	NA	NA
3	93900000	96992817	3	2	1	2	d	3	2	1	0.0964951865976	0.354500925565	3.210369	1.1339485947	2.07642	2	1	1	NA	NA	NA	NA	NA	NA	NA	1	0	1	2	1	1	NA	NA	NA	NA	NA	NA
3	96992818	98087594	3	2	1	1	g	NA	2	2	0.05	0.310660838226	3.554456	1.5045765514	2.049879	2	1	0.318129885588871	2	2	0.681870114411129	0.133277621068044	0.136129451977951	0.0473575779632487	0.583592227694409	2	1	1	2	2	0.420086	2	1	0.579914	NA	NA	NA
3	98087595	101752967	3	2	1	2	d	2	2	1	0.0826682508351	0.245046762971	3.048857	1.1070426594	1.941814	1	1	0.162340744561575	2	1	0.837659255438425	0.0266061527696998	0.0269324290726467	0.108147435538387	0.212197566435123	2	1	1	2	1	1	NA	NA	NA	NA	NA	NA
3	101752968	101802867	3	2	1	2	d	3	2	1	0.05	0.1	3.048857	1.1070426594	1.941814	1	1	0.162340744561575	2	1	0.837659255438425	0.0266061527696998	0.0269324290726467	0.108147435538387	0.212197566435123	3	1	2	2	1	1	NA	NA	NA	NA	NA	NA
3	101802868	101874523	3	2	1	2	f	3	3	1	0.05	0.177003881188	3.913482	1.1169939333	2.7964879	2	1	1	NA	NA	NA	NA	NA	NA	NA	3	1	2	3	1	1	NA	NA	NA	NA	NA	NA
3	101874524	103542500	3	2	1	2	d	4	2	1	0.108003176754	0.288536803231	3	1	2	2	1	1	NA	NA	NA	NA	NA	NA	NA	1	0	1	2	1	1	NA	NA	NA	NA	NA	NA
3	103542501	104595745	3	2	1	2	d	2	1.7	1.51	0.0727488835885	0.291085592994	3	1	2	1	1	0.190938511326861	2	1	0.809061488673139	0.0500410915625242	0.0546610709406194	0.0337221931703309	0.248109399338469	1	0	1	2	1	1	NA	NA	NA	NA	NA	NA
3	104595746	113456386	4	2	2	2	d	3	2	2	0.0657940654549	0.284285624427	4	2	2	2	1	0.119005589879375	2	2	0.880994410120625	0.0160918377179512	0.0156274300239013	0.11877161903128	0.180261532346517	3	1	2	2	2	1	NA	NA	NA	NA	NA	NA
3	113456387	113666529	5	3	2	2	d	2	3	2	0.0698602185048	0.278580837393	4.569982	2.2849911052	2.2849911	2	2	0.523977640482492	3	2	0.476022359517508	0.113916882119644	0.114699142791824	0.351230765929842	0.797170037282722	4	2	2	3	2	1	NA	NA	NA	NA	NA	NA
3	113666530	114073875	5	3	2	2	d	4	3	2	0.0502635608585	0.242363984203	4.777305	1.9476758332	2.8296295	3	2	1	NA	NA	NA	NA	NA	NA	NA	5	2	3	3	2	1	NA	NA	NA	NA	NA	NA
3	114073876	151779814	4	2	2	3	b	5	2	2	0.0619693060543	0.264613133455	4	2	2	2	2	1	NA	NA	NA	NA	NA	NA	NA	4	2	2	2	2	1	NA	NA	NA	NA	NA	NA
3	151779815	151825319	4	2	2	2	f	3	2	2	0.05	0.1	4.327747	2.1638734382	2.1638734	2	2	1	NA	NA	NA	NA	NA	NA	NA	2	1	1	3	2	1	NA	NA	NA	NA	NA	NA
3	151825320	164534978	4	2	2	2	d	4	2	2	0.0748518574728	0.305623541945	4	2	2	2	2	1	NA	NA	NA	NA	NA	NA	NA	3	1	2	2	2	1	NA	NA	NA	NA	NA	NA
3	164534979	166201948	4	2	2	2	d	2	2	2	0.0836044648309	0.386796599097	4.239753	2.119876653	2.1198767	2	1	0.290902553038473	2	2	0.709097446961527	0.0440137616459379	0.0419818977765544	0.245550917528299	0.407397434091546	2	1	1	2	2	1	NA	NA	NA	NA	NA	NA
3	166201949	174443871	4	2	2	2	d	4	2	2	0.0688291712803	0.29952849587	4	2	2	2	2	1	NA	NA	NA	NA	NA	NA	NA	3	1	2	2	2	1	NA	NA	NA	NA	NA	NA
3	174443872	174488825	6	3	3	2	f	2	3	3	0.05	0.1	6.434431	3.2172154615	3.2172155	3	2	1	NA	NA	NA	NA	NA	NA	NA	3	1	2	2	2	1	NA	NA	NA	NA	NA	NA
3	174488826	187508436	4	2	2	2	d	4	2	2	0.0703627124725	0.273639263996	4.148675	2.0743373542	2.0743374	2	2	1	NA	NA	NA	NA	NA	NA	NA	4	2	2	2	2	1	NA	NA	NA	NA	NA	NA
3	187508437	187669798	5	3	2	2	d	3	3	2	0.0469748879292	0.204882227225	5.070823	2.1515691815	2.9192533	3	2	1	NA	NA	NA	NA	NA	NA	NA	6	3	3	3	2	1	NA	NA	NA	NA	NA	NA
3	187669799	198022429	4	2	2	2	d	4	2	2	0.05446541414	0.283205544723	4.211916	2.105957968	2.105958	2	2	1	NA	NA	NA	NA	NA	NA	NA	4	2	2	2	2	1	NA	NA	NA	NA	NA	NA
4	50084	8978840	2	2	0	2	e	4	2.14	0	0.0577341908255	0.165893585462	2.283135	0.1521089434	2.131026	1	0	0.207443365695789	2	0	0.792556634304211	0.0140006143280689	0.012894339873852	0.233631823318863	0.284071583568824	3	0	3	2	0	0.488197	1	0	0.511803	NA	NA	NA
4	8978841	13460191	2	2	0	2	d	3	2.14	0	0.0786033795104	0.210208062241	2	0	2	2	0	1	NA	NA	NA	NA	NA	NA	NA	2	0	2	2	0	0.471853	1	0	0.528147	NA	NA	NA
4	13460192	23204526	1	1	0	1	g	NA	2.14	0	0.0987368257619	0.190434447683	1.97316	0.0946854648	1.8784746	1	0	0.248651564185546	2	0	0.751348435814454	0.0250360184127035	0.0227265790828581	0.310239244040549	0.402532587500528	1	0	1	2	0	0.442405	1	0	0.557595	NA	NA	NA
4	23204527	34823377	2	2	0	2	e	4	2	0	0.106944811343	0.218895022073	2.124203	0.1215426653	2.00266	1	0	0.349319895156396	2	0	0.650680104843604	0.0143089971011242	0.0139064880786059	0.322060353134829	0.375171968993253	1	0	1	2	0	0.545445	1	0	0.454555	NA	NA	NA
4	34823378	45609430	2	2	0	2	d	2	2	0	0.10648919603	0.221773675139	2.170138	0.136468564	2.033669	1	0	0.349319895156396	2	0	0.650680104843604	0.0143089971011242	0.0139064880786059	0.322060353134829	0.375171968993253	2	0	2	2	0	0.488197	1	0	0.511803	NA	NA	NA
4	45609431	45610452	2	2	0	2	e	4	2	0	0.05	0.1	2.170138	0.136468564	2.033669	1	0	0.349319895156396	2	0	0.650680104843604	0.0143089971011242	0.0139064880786059	0.322060353134829	0.375171968993253	1	0	1	2	0	0.488197	1	0	0.511803	NA	NA	NA
4	45610453	48199999	1	1	0	2	e	4	2	0	0.122399793195	0.185959702134	1.965068	0.0978482829	1.8672198	1	0	0.349319895156396	2	0	0.650680104843604	0.0143089971011242	0.0139064880786059	0.322060353134829	0.375171968993253	1	0	1	2	0	0.455674	1	0	0.544326	NA	NA	NA
4	48200000	52712499	NA	NA	NA	NA	NA	NA	2	0	0.116970446368	0.52143509842	2.250913	0.18770297	2.0632104	NA	NA	NA	NA	NA	NA	NA	NA	NA	NA	2	0	2	2	0	0.0485184	1	0	0.951482	NA	NA	NA
4	52712500	53781515	3	2	1	2	d	4	2	1	0.0738067955845	0.175177123285	2.814254	0.9461506408	1.8681038	2	1	1	NA	NA	NA	NA	NA	NA	NA	3	1	2	2	1	1	NA	NA	NA	NA	NA	NA
4	53781516	57466769	5	3	2	2	d	4	3	2.14	0.0601124224449	0.295046721004	5	2	3	3	2	1	NA	NA	NA	NA	NA	NA	NA	5	2	3	3	2	1	NA	NA	NA	NA	NA	NA
4	57466770	57472311	6	4	2	1	g	NA	5	2	0.05	0.1	5	2	3	NA	NA	NA	NA	NA	NA	NA	NA	NA	NA	NA	NA	NA	4	2	1	NA	NA	NA	NA	NA	NA
4	57472312	63148863	6	4	2	1	g	NA	5	2	0.083906639331	0.545135538168	5.924033	1.7871777792	4.1368556	4	1	0.309061488673143	4	2	0.690938511326857	0.0191351441677327	0.0190393440150767	0.213138986356256	0.286601174436264	4	1	3	4	2	1	NA	NA	NA	NA	NA	NA
4	63148864	64006880	6	3	3	2	e	0	6	3	0.131241677897	0.68881085303	7.587373	2.6179102974	4.9694625	5	2	0.442662164063599	5	3	0.557337835936401	0.0784277252610731	0.0780538034781248	0.26724976470627	0.580168798634768	4	1	3	5	3	1	NA	NA	NA	NA	NA	NA
4	64006881	64690852	8	5	3	2	f	3	6	3	0.0848614173383	0.768511404833	8.388828	3.0051854771	5.3836425	5	3	1	NA	NA	NA	NA	NA	NA	NA	4	2	2	5	3	1	NA	NA	NA	NA	NA	NA
4	64690853	74241421	7	6	1	2	d	2	6	1	0.0838430052856	0.489259202057	6.368282	1.0370368835	5.3312454	5	1	0.524975808999284	6	1	0.475024191000716	0.0487657967771165	0.0438498555322624	0.698911098832821	0.871271371073663	4	1	3	6	1	1	NA	NA	NA	NA	NA	NA
4	74241422	74242027	7	6	1	1	g	NA	NA	NA	NA	NA	6.368282	1.0370368835	5.3312454	NA	NA	NA	NA	NA	NA	NA	NA	NA	NA	NA	NA	NA	6	1	1	NA	NA	NA	NA	NA	NA
4	74242028	76579658	6	5	1	2	d	2	5	1	0.0734705786325	0.377811051787	5.44224	1.0505064382	4.3917341	4	1	0.494066882416396	5	1	0.505933117583604	0.0885093682771928	0.0805806038206216	0.527014094252816	0.859256785859384	4	1	3	5	1	1	NA	NA	NA	NA	NA	NA
4	76579659	76610886	5	4	1	2	f	2	5	1	0.05	0.1	5.44224	1.0505064382	4.3917341	NA	NA	NA	NA	NA	NA	NA	NA	NA	NA	NA	NA	NA	4	1	1	NA	NA	NA	NA	NA	NA
4	76610887	76610931	5	4	1	1	g	NA	NA	NA	NA	NA	NA	NA	NA	NA	NA	NA	NA	NA	NA	NA	NA	NA	NA	NA	NA	NA	4	1	1	NA	NA	NA	NA	NA	NA
4	76610932	89311447	5	4	1	2	d	2	4	1	0.078627630351	0.330332134203	4.850371	1.0858783057	3.7644931	3	1	0.303128371089543	4	1	0.696871628910457	0.0263201311257717	0.0252411089097529	0.31744106964448	0.417212561977056	4	1	3	4	1	1	NA	NA	NA	NA	NA	NA
4	89311448	90166777	4	3	1	1	g	NA	3	1	0.0629031154932	0.278290386897	4.093884	1.1771279175	2.9167558	2	1	0.381877022653717	3	1	0.618122977346283	0.0695685958533284	0.0699988996504834	0.224892682538296	0.506220391264565	3	1	2	3	2	0.247374	3	1	0.752626	NA	NA	NA
4	90166778	90631898	6	3	3	2	f	3	3	3	0.0668015822889	0.365049557803	5.140857	2.5704286862	2.5704287	2	2	0.512133780822723	3	2	0.487866219177277	0.0741385519518268	0.0753329839007276	0.328085368515368	0.618608565304328	4	2	2	3	3	0.472175	3	2	0.527825	NA	NA	NA
4	90631899	91506031	5	4	1	2	f	3	4	1	0.103069174353	0.417882685093	4.187668	0.913241245	3.2744272	3	0	0.302441894674901	3	1	0.697558105325099	0.0537948889748135	0.0536865361356963	0.0882986192507925	0.295761336007027	2	0	2	4	1	0.453824	3	1	0.546176	NA	NA	NA
4	91506032	91837499	4	3	1	2	d	2	3	1	0.0986793465398	0.330529849554	4	1	3	2	1	0.381877022653717	3	1	0.618122977346283	0.0968047414837021	0.0951195753717173	0.214185332404032	0.577311709195458	2	0	2	3	1	0.506641	2	1	0.493359	NA	NA	NA
4	91837500	93229990	5	3	2	2	d	2	3	2	0.0807126100245	0.444306980185	4.279242	1.6760106378	2.6032313	3	2	1	NA	NA	NA	NA	NA	NA	NA	2	1	1	3	1	0.506641	2	1	0.493359	NA	NA	NA
4	93229991	99560017	4	3	1	2	d	3	3	1	0.0954055455285	0.312068736287	3.700607	0.9613759505	2.7392312	3	1	1	NA	NA	NA	NA	NA	NA	NA	2	0	2	3	1	1	NA	NA	NA	NA	NA	NA
4	99560018	110332130	2	1	1	2	d	4	1	1	0.0868443893059	0.199904870976	2	1	1	1	1	1	NA	NA	NA	NA	NA	NA	NA	1	0	1	1	1	1	NA	NA	NA	NA	NA	NA
4	110332131	110334693	2	1	1	2	d	3	1	1	0.05	0.1	2	1	1	0	0	0.690938511326861	1	0	0.309061488673139	NA	0	0.690938511326861	0.690938511326861	1	0	1	1	1	1	NA	NA	NA	NA	NA	NA
4	110334694	119295093	2	1	1	2	d	3	1	1	0.0973970059597	0.223863674583	2	1	1	1	0	0.134843581445526	1	1	0.865156418554474	0.0143899791815987	0.0142524491451795	0.110053858194011	0.163770578935669	1	0	1	1	1	1	NA	NA	NA	NA	NA	NA
4	119295094	120322073	4	3	1	2	d	4	3	1	0.100533708218	0.243639673839	4	1	3	3	1	1	NA	NA	NA	NA	NA	NA	NA	3	1	2	3	1	1	NA	NA	NA	NA	NA	NA
4	120322074	120325913	4	2	2	2	f	1	1.2	1.2	0.05	0.1	4	1	3	NA	NA	NA	NA	NA	NA	NA	NA	NA	NA	7	3	4	1	1	1	NA	NA	NA	NA	NA	NA
4	120325914	132034204	2	1	1	1	g	NA	1.2	1.2	0.0965252246526	0.217071829887	2.106287	1.0531434305	1.0531434	1	0	0.127649132863326	1	1	0.872350867136674	0.00446396405180966	0.00440207433950286	0.118491185423795	0.136020690503953	1	0	1	1	1	1	NA	NA	NA	NA	NA	NA
4	132034205	190763960	2	1	1	1	g	NA	1.2	1.2	0.084950548223	0.213676722718	2.206066	1.1030331742	1.1030332	1	0	0.127649132863326	1	1	0.872350867136674	0.00446396405180966	0.00440207433950286	0.118491185423795	0.136020690503953	1	0	1	1	1	1	NA	NA	NA	NA	NA	NA
5	50017	369968	2	1	1	2	d	2	1	1	0.05	0.172715152201	2.450938	1.2254692133	1.2254692	NA	NA	NA	NA	NA	NA	NA	NA	NA	NA	4	2	2	1	1	1	NA	NA	NA	NA	NA	NA
5	369969	811961	3	2	1	2	f	2	2.63	1	0.0458690043503	0.359913301871	4.143551	1.1486534491	2.994898	NA	NA	NA	NA	NA	NA	NA	NA	NA	NA	NA	NA	NA	3	1	1	NA	NA	NA	NA	NA	NA
5	811962	16343883	6	3	3	2	d	4	2.63	2.63	0.0505319008623	0.310261355573	6	3	3	3	3	1	NA	NA	NA	NA	NA	NA	NA	6	3	3	3	3	1	NA	NA	NA	NA	NA	NA
5	16343884	16345132	6	3	3	2	d	3	2.63	2.63	0.05	0.1	6	3	3	3	3	1	NA	NA	NA	NA	NA	NA	NA	NA	NA	NA	3	3	1	NA	NA	NA	NA	NA	NA
5	16345133	23827499	6	3	3	2	d	2	2.63	2.63	0.0671424610475	0.440391504345	5.823385	2.911692337	2.9116923	3	3	1	NA	NA	NA	NA	NA	NA	NA	4	2	2	3	3	1	NA	NA	NA	NA	NA	NA
5	23827500	25794581	5	3	2	2	d	3	3	2	0.0784330254499	0.464874572463	5.308927	2.0110709736	3.2978565	3	2	1	NA	NA	NA	NA	NA	NA	NA	3	1	2	3	2	1	NA	NA	NA	NA	NA	NA
5	25794582	26193920	5	3	2	2	d	4	3	2	0.05	0.31634156975	5	2	3	3	2	1	NA	NA	NA	NA	NA	NA	NA	2	1	1	3	2	1	NA	NA	NA	NA	NA	NA
5	26193921	26723519	5	3	2	2	f	2	2.63	2.63	0.0722842366032	0.473714000669	5.812976	2.906488237	2.9064882	3	2	0.315242398026207	3	3	0.684757601973793	0.075753893630734	0.0742478302346965	0.183155216194656	0.486243791519613	3	1	2	3	3	0.580898	3	2	0.419102	NA	NA	NA
5	26723520	28259995	5	3	2	2	d	2	3	2	0.0962733902578	0.425904157195	5.263944	2.0511590647	3.2127853	3	1	0.206040992448758	3	2	0.793959007551242	0.0504725805824911	0.0528384522204558	0.0147858124790966	0.221044059293026	2	1	1	3	2	1	NA	NA	NA	NA	NA	NA
5	28259996	28600006	1	1	0	2	d	3	2	0	0.081582343577	0.23995023381	1.784309	0.0193618388	1.7649474	1	0	1	NA	NA	NA	NA	NA	NA	NA	1	0	1	1	0	1	NA	NA	NA	NA	NA	NA
5	28600007	44885307	5	3	2	2	d	2	2.63	1.77	0.0723267876808	0.303720561104	4.714838	1.8615836473	2.8532542	3	2	1	NA	NA	NA	NA	NA	NA	NA	4	2	2	3	2	1	NA	NA	NA	NA	NA	NA
5	44885308	46099999	4	2	2	2	f	3	2.63	1.77	0.05	0.290342887423	3.651519	1.8257596375	1.8257596	2	2	1	NA	NA	NA	NA	NA	NA	NA	2	1	1	3	2	1	NA	NA	NA	NA	NA	NA
5	46100000	50699999	4	2	2	2	d	2	2	2	0.0604440323455	0.287185453718	3.725778	1.862889065	1.8628891	NA	NA	NA	NA	NA	NA	NA	NA	NA	NA	2	1	1	2	2	1	NA	NA	NA	NA	NA	NA
5	50700000	51086323	4	2	2	2	d	2	2	2	0.0809993372194	0.311003412089	3.495511	1.7477556565	1.7477557	1	1	0.820208558072637	2	1	0.179791441927363	0.0781268847674389	0.0827975536995968	0.628478647682657	0.94968132264286	1	0	1	2	2	1	NA	NA	NA	NA	NA	NA
5	51086324	58730099	3	2	1	2	d	4	2	1	0.0847571009945	0.225157835615	3	1	2	2	1	1	NA	NA	NA	NA	NA	NA	NA	2	1	1	2	1	1	NA	NA	NA	NA	NA	NA
5	58730100	58730137	3	2	1	2	d	4	2	1	0.05	0.1	3	1	2	2	1	1	NA	NA	NA	NA	NA	NA	NA	NA	NA	NA	2	1	1	NA	NA	NA	NA	NA	NA
5	58730138	60289833	3	2	1	2	d	4	2	1	0.0879867320012	0.248755312675	3	1	2	2	1	1	NA	NA	NA	NA	NA	NA	NA	2	1	1	2	1	1	NA	NA	NA	NA	NA	NA
5	60289834	60304768	3	2	1	2	d	3	2	1	0.05	0.1	3	1	2	3	2	0.42566152674662	3	3	0.57433847325338	NA	0	0.42566152674662	0.42566152674662	NA	NA	NA	2	1	1	NA	NA	NA	NA	NA	NA
5	60304769	61638133	3	2	1	2	d	4	2	1	0.0785856138076	0.221232073328	3.102686	1.0709242196	2.031762	2	1	1	NA	NA	NA	NA	NA	NA	NA	3	1	2	2	1	1	NA	NA	NA	NA	NA	NA
5	61638134	61696911	3	2	1	2	d	2	3	1	0.05	0.1	4.446083	1.46334823	2.9827344	2	1	1	NA	NA	NA	NA	NA	NA	NA	3	1	2	3	2	0.342993	3	1	0.657007	NA	NA	NA
5	61696912	61729479	4	2	2	2	f	2	2.14	2.14	0.05	0.1	4.985785	2.4928926177	2.4928926	3	3	1	NA	NA	NA	NA	NA	NA	NA	7	3	4	3	2	1	NA	NA	NA	NA	NA	NA
5	61729480	64716357	4	2	2	2	e	4	2.14	2.14	0.0761667962563	0.309700307441	3.78818	1.894089927	1.8940899	2	1	0.261812297734626	2	2	0.738187702265374	0.0293686626422197	0.0294252143664915	0.191453185872452	0.307786880201691	3	1	2	2	2	1	NA	NA	NA	NA	NA	NA
5	64716358	72917576	3	2	1	2	d	3	2.14	1	0.0825855490026	0.2212268125	3.194632	1.0675498728	2.1270823	2	1	1	NA	NA	NA	NA	NA	NA	NA	3	1	2	2	1	1	NA	NA	NA	NA	NA	NA
5	72917577	72926596	3	2	1	2	e	3	2.14	1	0.05	0.1	3.194632	1.0675498728	2.1270823	2	2	1	NA	NA	NA	NA	NA	NA	NA	NA	NA	NA	2	1	1	NA	NA	NA	NA	NA	NA
5	72926597	76348791	3	2	1	2	d	4	2.14	1	0.078282464916	0.213809123059	3	1	2	2	1	1	NA	NA	NA	NA	NA	NA	NA	3	1	2	2	1	1	NA	NA	NA	NA	NA	NA
5	76348792	80632463	3	2	1	2	d	3	2.14	1	0.0791667426431	0.209919240496	3.405695	1.1182418399	2.2874536	2	1	1	NA	NA	NA	NA	NA	NA	NA	3	1	2	2	1	1	NA	NA	NA	NA	NA	NA
5	80632464	80633612	3	2	1	1	g	NA	2.23	0	0.05	0.1	3.405695	1.1182418399	2.2874536	4	0	1	NA	NA	NA	NA	NA	NA	NA	1	0	1	2	1	1	NA	NA	NA	NA	NA	NA
5	80633613	84454701	2	2	0	2	d	2	2.23	0	0.101177738398	0.212924031996	2.148123	0.0151099065	2.1330129	2	0	1	NA	NA	NA	NA	NA	NA	NA	1	0	1	2	0	1	NA	NA	NA	NA	NA	NA
5	84454702	99359869	2	2	0	2	d	2	2.23	0	0.106961782536	0.238109010103	2.109666	0.025621151	2.0840452	2	0	1	NA	NA	NA	NA	NA	NA	NA	1	0	1	2	0	1	NA	NA	NA	NA	NA	NA
5	99359870	135250936	2	2	0	2	d	3	2.23	0	0.0954804888928	0.213420891914	2	0	2	2	0	1	NA	NA	NA	NA	NA	NA	NA	1	0	1	2	0	1	NA	NA	NA	NA	NA	NA
5	135250937	135259121	2	2	0	2	d	2	2.23	0	0.05	0.1	2	0	2	5	0	1	NA	NA	NA	NA	NA	NA	NA	NA	NA	NA	2	0	1	NA	NA	NA	NA	NA	NA
5	135259122	158986425	2	2	0	2	d	3	2.23	0	0.0825784644777	0.175401456797	2.121162	0.0461553588	2.0750066	2	0	1	NA	NA	NA	NA	NA	NA	NA	2	0	2	2	0	1	NA	NA	NA	NA	NA	NA
5	158986426	159809581	3	3	0	2	d	3	3.38	0	0.064945628554	0.210482162441	3	0	3	3	0	1	NA	NA	NA	NA	NA	NA	NA	4	0	4	3	0	1	NA	NA	NA	NA	NA	NA
5	159809582	163830975	2	2	0	2	d	3	2.14	0	0.0955845504062	0.203108815504	2	0	2	2	0	1	NA	NA	NA	NA	NA	NA	NA	1	0	1	2	0	1	NA	NA	NA	NA	NA	NA
5	163830976	180710363	2	2	0	2	d	2	2.3	0	0.0725826866635	0.181249661995	2.299964	0.0796807188	2.2202831	2	0	1	NA	NA	NA	NA	NA	NA	NA	3	0	3	2	0	1	NA	NA	NA	NA	NA	NA
6	180248	1115001	4	3	1	2	e	4	2.38	0.86	0.0753596421681	0.411012690041	4.701611	1.4054384598	3.2961728	2	1	0.46278317152104	3	1	0.53721682847896	0.0540249374293052	0.0540633120139246	0.393817174168798	0.605510500745854	6	2	4	3	2	0.247374	3	1	0.752626	NA	NA	NA
6	1115002	1905570	6	4	2	2	d	2	3.49	1.77	0.0531003793185	0.288945534969	6.320673	2.1806428336	4.1400306	4	2	1	NA	NA	NA	NA	NA	NA	NA	8	3	5	4	2	1	NA	NA	NA	NA	NA	NA
6	1905571	1978706	7	5	2	2	d	2	3.49	1.77	0.05	0.361829800349	6.320673	2.1806428336	4.1400306	3	1	1	NA	NA	NA	NA	NA	NA	NA	7	2	5	5	2	1	NA	NA	NA	NA	NA	NA
6	1978707	2018918	6	4	2	2	f	3	5	2	0.05	0.1	7.055329	2.1642762995	4.8910526	4	2	1	NA	NA	NA	NA	NA	NA	NA	6	2	4	5	2	1	NA	NA	NA	NA	NA	NA
6	2018919	4663078	6	4	2	2	d	2	3.38	1.7	0.0565071099298	0.274187130979	6.364769	2.161052372	4.2037167	4	2	1	NA	NA	NA	NA	NA	NA	NA	8	3	5	4	2	1	NA	NA	NA	NA	NA	NA
6	4663079	4663278	6	4	2	2	d	2	3.38	1.7	0.05	0.1	6.364769	2.161052372	4.2037167	4	2	1	NA	NA	NA	NA	NA	NA	NA	2	0	2	4	2	1	NA	NA	NA	NA	NA	NA
6	4663279	15691923	6	4	2	2	d	3	3.38	1.7	0.0603759535009	0.281532080722	6	2	4	4	2	1	NA	NA	NA	NA	NA	NA	NA	7	2	5	4	2	1	NA	NA	NA	NA	NA	NA
6	15691924	20231452	5	3	2	2	d	3	2.63	1.7	0.0685534163872	0.25678396261	5.106111	2.0458719942	3.0602389	3	2	1	NA	NA	NA	NA	NA	NA	NA	5	2	3	3	2	1	NA	NA	NA	NA	NA	NA
6	20231453	20231579	5	3	2	2	f	2	NA	NA	NA	NA	5.106111	2.0458719942	3.0602389	5	1	0.121179431859039	5	2	0.878820568140961	NA	0	0.121179431859039	0.121179431859039	1	0	1	3	2	1	NA	NA	NA	NA	NA	NA
6	20231580	20232827	5	3	2	1	g	NA	NA	NA	NA	NA	NA	NA	NA	NA	NA	NA	NA	NA	NA	NA	NA	NA	NA	NA	NA	NA	3	2	1	NA	NA	NA	NA	NA	NA
6	20232828	23898156	5	3	2	2	d	2	2.49	1.77	0.068169381365	0.278995254537	5.153228	2.0435569331	3.1096711	3	2	1	NA	NA	NA	NA	NA	NA	NA	4	2	2	3	2	1	NA	NA	NA	NA	NA	NA
6	23898157	26009912	5	3	2	2	d	4	2.49	1.77	0.0665267559064	0.244468830265	5	2	3	3	2	1	NA	NA	NA	NA	NA	NA	NA	5	2	3	3	2	1	NA	NA	NA	NA	NA	NA
6	26009913	26070354	8	4	4	2	f	3	2	2	0.05	0.133098076557	7.394335	3.6971674642	3.6971675	4	4	1	NA	NA	NA	NA	NA	NA	NA	8	4	4	3	2	1	NA	NA	NA	NA	NA	NA
6	26070355	31361377	5	3	2	2	d	2	2.49	1.7	0.0722895502716	0.310277862592	5.245818	2.0437435957	3.2020741	3	2	1	NA	NA	NA	NA	NA	NA	NA	6	2	4	3	2	1	NA	NA	NA	NA	NA	NA
6	31361378	35919711	5	3	2	2	d	2	2.63	1.77	0.0649941082434	0.251720110222	5.19917	2.0479354894	3.1512347	3	2	1	NA	NA	NA	NA	NA	NA	NA	7	3	4	3	2	1	NA	NA	NA	NA	NA	NA
6	35919712	39921979	6	4	2	2	d	2	3.38	1.62	0.0601365463471	0.300422367575	6.170309	2.0675176698	4.1027915	4	2	1	NA	NA	NA	NA	NA	NA	NA	8	3	5	4	2	1	NA	NA	NA	NA	NA	NA
6	39921980	39963464	5	3	2	2	f	2	3.38	1.62	0.05	0.1	6.170309	2.0675176698	4.1027915	3	2	1	NA	NA	NA	NA	NA	NA	NA	NA	NA	NA	4	2	0.623246	4	1	0.376754	NA	NA	NA
6	39963465	40213158	6	4	2	2	e	3	4	1.55	0.0576820647903	0.341797252704	5.848415	1.6614538355	4.1869607	4	1	0.467216385157604	4	2	0.532783614842396	0.0717056514318543	0.0741358360911563	0.198578062768848	0.484051487109875	NA	NA	NA	4	2	0.623246	4	1	0.376754	NA	NA	NA
6	40213159	40213961	5	4	1	2	f	2	NA	NA	NA	NA	5.848415	1.6614538355	4.1869607	NA	NA	NA	NA	NA	NA	NA	NA	NA	NA	1	0	1	4	2	0.623246	4	1	0.376754	NA	NA	NA
6	40213962	40214706	9	7	2	1	g	NA	NA	NA	NA	NA	NA	NA	NA	7	3	1	NA	NA	NA	NA	NA	NA	NA	1	0	1	7	2	1	NA	NA	NA	NA	NA	NA
6	40214707	40215845	9	7	2	1	g	NA	NA	NA	NA	NA	NA	NA	NA	6	2	0.842781083620425	6	3	0.157218916379575	NA	0	0.842781083620425	0.842781083620425	1	0	1	7	2	1	NA	NA	NA	NA	NA	NA
6	40215846	40217178	9	7	2	1	g	NA	NA	NA	NA	NA	NA	NA	NA	NA	NA	NA	NA	NA	NA	NA	NA	NA	NA	NA	NA	NA	7	2	1	NA	NA	NA	NA	NA	NA
6	40217179	43064995	8	6	2	2	f	3	4.63	1.62	0.0453972521324	0.350514419871	8.315279	2.0381047665	6.2771742	6	1	0.136326860841421	6	2	0.863673139158579	0.0183067312926107	0.0182093227241156	0.0734587348789458	0.144802198192322	8	2	6	7	2	1	NA	NA	NA	NA	NA	NA
6	43064996	45065964	6	4	2	2	f	3	3	1.51	0.0583874732112	0.294546250568	6.422283	2.1289836137	4.2932989	4	1	0.131441374159821	4	2	0.868558625840179	0.0216753533231878	0.021309074458405	0.0770078877709375	0.160086199715668	8	3	5	5	2	0.117488	4	2	0.882512	NA	NA	NA
6	45065965	48389476	5	3	2	2	d	2	2.38	1.62	0.0661083631331	0.26230100062	5	2	3	3	1	0.124252320019151	3	2	0.875747679980849	0.0203386490138069	0.0203107127820773	0.0699760601668093	0.15039164420775	4	2	2	3	2	1	NA	NA	NA	NA	NA	NA
6	48389477	49427314	4	2	2	2	e	4	1.62	1.62	0.0875245092074	0.288227503552	3.632111	1.8160555887	1.8160556	2	1	0.261812297734626	2	2	0.738187702265374	0.0576670162991355	0.0590735444862398	0.167527552936116	0.393572346850615	2	1	1	2	2	0.631724	2	1	0.368276	NA	NA	NA
6	49427315	49447247	5	3	2	2	d	3	2.38	1.51	0.05	0.1	3.632111	1.8160555887	1.8160556	3	2	1	NA	NA	NA	NA	NA	NA	NA	5	2	3	3	2	1	NA	NA	NA	NA	NA	NA
6	49447248	53370503	5	3	2	2	d	2	2.38	1.51	0.0806195799247	0.311350728521	4.54839	1.7832286474	2.7651616	3	2	1	NA	NA	NA	NA	NA	NA	NA	4	2	2	3	2	1	NA	NA	NA	NA	NA	NA
6	53370504	53437405	5	3	2	1	g	NA	2.38	1.51	0.05	0.17666747568	4.54839	1.7832286474	2.7651616	4	2	1	NA	NA	NA	NA	NA	NA	NA	7	3	4	3	2	1	NA	NA	NA	NA	NA	NA
6	53437406	53921976	5	3	2	2	d	3	2.38	1.51	0.0636277088522	0.320713252535	5.484589	2.1414228097	3.3431663	3	2	1	NA	NA	NA	NA	NA	NA	NA	5	2	3	3	2	1	NA	NA	NA	NA	NA	NA
6	53921977	56316793	5	3	2	2	e	3	2.38	1.51	0.0779453382172	0.301116988927	4.631348	1.7826786842	2.848669	3	1	0.206040992448758	3	2	0.793959007551242	0.0520414079348051	0.0549569952053502	0.0462604650325359	0.26929198814024	3	1	2	3	2	1	NA	NA	NA	NA	NA	NA
6	56316794	58699999	4	2	2	2	d	2	1.62	1.62	0.114325084244	0.291509411403	3.528284	1.7641421805	1.7641422	2	2	1	NA	NA	NA	NA	NA	NA	NA	3	1	2	2	2	1	NA	NA	NA	NA	NA	NA
6	58700000	63299999	NA	NA	NA	NA	NA	NA	3	0	0.05	0.398780984778	2.953767	0.5133487508	2.4404185	2	0	0.636326860841423	2	1	0.363673139158577	0.130996230465221	0.139371899167081	0.240307898259007	0.794562341931382	1	0	1	2	0	0.508701	2	1	0.491299	NA	NA	NA
6	63300000	67039769	4	2	2	2	d	3	2	2	0.0778769277345	0.310219698708	3.680756	1.8403779087	1.8403779	2	2	1	NA	NA	NA	NA	NA	NA	NA	2	1	1	2	2	1	NA	NA	NA	NA	NA	NA
6	67039770	76769909	4	2	2	2	d	2	2	2	0.0736585307906	0.307836754041	3.824137	1.912068723	1.9120687	2	1	0.187008784096168	2	2	0.812991215903832	0.0173898499113081	0.017182020943968	0.15207052262062	0.218788664394561	2	1	1	2	2	1	NA	NA	NA	NA	NA	NA
6	76769910	91505385	5	3	2	2	d	3	3	2	0.0750177178215	0.340574070442	4.749599	1.9414274354	2.8081715	3	2	1	NA	NA	NA	NA	NA	NA	NA	4	2	2	3	2	1	NA	NA	NA	NA	NA	NA
6	91505386	91518888	1	1	0	1	g	NA	3	2	0.05	0.1	4.749599	1.9414274354	2.8081715	4	0	1	NA	NA	NA	NA	NA	NA	NA	1	0	1	1	0	1	NA	NA	NA	NA	NA	NA
6	91518889	100985185	1	1	0	2	f	3	2	0	0.113846107579	0.206498457699	1.908285	0.0441570928	1.8641284	2	0	1	NA	NA	NA	NA	NA	NA	NA	1	0	1	1	0	1	NA	NA	NA	NA	NA	NA
6	100985186	171115066	2	2	0	2	d	4	2	0	0.0886612535884	0.175879058029	2.133673	0.0704553004	2.0632175	2	0	1	NA	NA	NA	NA	NA	NA	NA	2	0	2	2	0	1	NA	NA	NA	NA	NA	NA
7	40386	7715650	4	2	2	2	f	1	2.8	1.86	0.0561203040771	0.336742638103	5.133639	1.9953784407	3.1382603	3	1	0.130663430420715	3	2	0.869336569579285	0.00939935778743804	0.00916784157521417	0.111114016605037	0.145808884768135	7	3	4	3	2	1	NA	NA	NA	NA	NA	NA
7	7715651	7764998	5	3	2	2	f	3	3	1	0.05	0.1	5.672885	2.0520710927	3.6208137	3	2	1	NA	NA	NA	NA	NA	NA	NA	3	1	2	3	2	1	NA	NA	NA	NA	NA	NA
7	7764999	7788854	6	3	3	2	f	3	3	3	0.05	0.1	7.469514	3.7347570437	3.734757	3	3	1	NA	NA	NA	NA	NA	NA	NA	5	2	3	4	4	1	NA	NA	NA	NA	NA	NA
7	7788855	10424766	3	2	1	2	f	3	2.63	1.7	0.0826325434571	0.32409451496	4.410151	1.6832696772	2.7268809	2	1	0.872707659115426	2	2	0.127292340884574	0.0187255393680454	0.0186620722059672	0.792861359387421	0.864868809896349	3	1	2	4	4	1	NA	NA	NA	NA	NA	NA
7	10424767	24817882	7	4	3	2	d	2	3.49	2.8	0.06697520096	0.416048928046	6.736948	2.9173784187	3.8195691	4	3	1	NA	NA	NA	NA	NA	NA	NA	5	2	3	4	3	1	NA	NA	NA	NA	NA	NA
7	24817883	24835532	6	4	2	2	f	1	3.49	2.8	0.05	0.1	6.736948	2.9173784187	3.8195691	4	3	1	NA	NA	NA	NA	NA	NA	NA	8	4	4	4	2	1	NA	NA	NA	NA	NA	NA
7	24835533	56483679	6	4	2	2	d	3	3.49	1.86	0.0672573912064	0.321579242422	5.941982	2.0735966323	3.8683858	4	2	1	NA	NA	NA	NA	NA	NA	NA	6	2	4	4	2	1	NA	NA	NA	NA	NA	NA
7	56483680	57999999	4	2	2	2	d	3	2	2	0.0432117424247	0.375695100255	3.815815	1.907907269	1.9079073	2	1	0.195364663096131	2	2	0.804635336903869	0.0375845679607804	0.0370880993689455	0.11833647150256	0.26803706757625	4	2	2	2	2	1	NA	NA	NA	NA	NA	NA
7	58000000	61699999	4	2	2	2	f	3	2	2	0.05	0.344224749837	3.815815	1.907907269	1.9079073	NA	NA	NA	NA	NA	NA	NA	NA	NA	NA	2	1	1	2	2	0.213881	2	1	0.786119	NA	NA	NA
7	61700000	64759747	4	2	2	2	d	3	2	2	0.0526860006972	0.293617455991	4.101945	2.0509723148	2.0509723	2	1	0.104724919093851	2	2	0.895275080906149	0.0239656245318208	0.0236738929476499	0.0727184058864883	0.165907653447577	4	2	2	2	2	1	NA	NA	NA	NA	NA	NA
7	64759748	71955706	3	2	1	2	e	3	1.86	1	0.0664970346289	0.207173974929	3.129047	1.1518175544	1.9772297	1	1	0.190938511326861	2	1	0.809061488673139	0.016765983807976	0.0166176088423933	0.143002075576487	0.209992480921755	4	2	2	2	1	1	NA	NA	NA	NA	NA	NA
7	71955707	71956003	3	2	1	1	g	NA	NA	NA	NA	NA	3.129047	1.1518175544	1.9772297	NA	NA	NA	NA	NA	NA	NA	NA	NA	NA	NA	NA	NA	2	1	1	NA	NA	NA	NA	NA	NA
7	71956004	73045600	5	3	2	1	g	NA	2	2	0.05	0.329580321245	NA	NA	NA	2	2	1	NA	NA	NA	NA	NA	NA	NA	5	2	3	3	2	1	NA	NA	NA	NA	NA	NA
7	73045601	73070691	4	2	2	2	d	3	2	2	0.05	0.1	NA	NA	NA	2	2	1	NA	NA	NA	NA	NA	NA	NA	7	3	4	2	2	1	NA	NA	NA	NA	NA	NA
7	73070692	75989157	4	2	2	2	d	3	2	2	0.0447812651581	0.21265083614	4.310062	2.155030805	2.1550308	2	2	1	NA	NA	NA	NA	NA	NA	NA	7	3	4	2	2	1	NA	NA	NA	NA	NA	NA
7	75989158	76018543	6	4	2	2	d	3	4	2	0.05	0.1	6.266878	2.0514814524	4.2153966	4	2	1	NA	NA	NA	NA	NA	NA	NA	8	3	5	4	2	1	NA	NA	NA	NA	NA	NA
7	76018544	94815729	4	2	2	2	d	2	2	2	0.0731319356288	0.320816808836	4.172764	2.0863818785	2.0863819	2	1	0.201394075180484	2	2	0.798605924819516	0.0140525656347854	0.0145444751401929	0.182254030247132	0.239225964524974	3	1	2	2	2	1	NA	NA	NA	NA	NA	NA
7	94815730	96610958	5	3	2	2	d	2	3	2	0.0699501328496	0.329201642504	4.695517	1.9681597513	2.7273577	2	2	0.214563106796115	3	2	0.785436893203885	0.0482255832487259	0.0475707881985784	0.147009656579798	0.339096145352129	4	2	2	3	2	1	NA	NA	NA	NA	NA	NA
7	96610959	96774615	5	3	2	1	g	NA	3.38	2	0.0576605340683	0.241925704163	6.095663	2.4422021856	3.6534605	4	2	0.453853529905304	4	3	0.546146470094696	0.10581800708628	0.104992915527505	0.155505922194553	0.557151569654326	7	3	4	3	2	1	NA	NA	NA	NA	NA	NA
7	96774616	100144385	5	3	2	2	e	3	3.38	2	0.0588301617016	0.333827819835	5.857262	2.2022883069	3.6549737	3	2	0.580292012284249	4	2	0.419707987715751	0.0330694309913623	0.0335002479463392	0.535987116841288	0.667816490941107	8	3	5	4	3	0.454058	4	2	0.545942	NA	NA	NA
7	100144386	100969066	5	3	2	2	d	3	3	2	0.0423057517553	0.381653540198	5.243227	2.2174328299	3.0257938	3	2	1	NA	NA	NA	NA	NA	NA	NA	8	3	5	3	2	1	NA	NA	NA	NA	NA	NA
7	100969067	100973197	5	3	2	2	d	3	3	2	0.05	0.1	5.243227	2.2174328299	3.0257938	3	2	1	NA	NA	NA	NA	NA	NA	NA	7	3	4	3	2	1	NA	NA	NA	NA	NA	NA
7	100973198	100993471	5	3	2	2	d	3	3	2	0.05	0.1	NA	NA	NA	3	2	1	NA	NA	NA	NA	NA	NA	NA	7	3	4	3	2	1	NA	NA	NA	NA	NA	NA
7	100993472	109652499	5	3	2	2	d	4	3	2	0.0640478800783	0.314354576634	5.288242	2.0864478031	3.2017942	3	2	1	NA	NA	NA	NA	NA	NA	NA	5	2	3	3	2	1	NA	NA	NA	NA	NA	NA
7	109652500	155137871	4	2	2	2	d	3	2	2	0.0682630695656	0.289466966437	4.150092	2.0750460705	2.0750461	2	1	0.174541531823087	2	2	0.825458468176913	0.00683193371175334	0.00666779031241353	0.17875195680831	0.204874831659606	4	2	2	2	2	1	NA	NA	NA	NA	NA	NA
7	155137872	155144454	4	2	2	2	d	2	2	2	0.05	0.1	4.150092	2.0750460705	2.0750461	3	0	1	NA	NA	NA	NA	NA	NA	NA	NA	NA	NA	2	2	1	NA	NA	NA	NA	NA	NA
7	155144455	159138662	4	2	2	2	f	3	2	2	0.0414493640024	0.234373447251	4.653844	2.326922228	2.3269222	2	1	0.145451276519235	2	2	0.854548723480765	0.0143372966596526	0.0144914533786459	0.146604561644841	0.201293170762277	6	3	3	NA	NA	NA	NA	NA	NA	NA	NA	NA
8	170388	4334861	2	2	0	2	d	3	2.3	0	0.0861854007943	0.176571438656	2.307479	0.1239958386	2.1834834	2	0	1	NA	NA	NA	NA	NA	NA	NA	2	0	2	2	0	1	NA	NA	NA	NA	NA	NA
8	4334862	29083328	2	2	0	2	d	3	2.14	0	0.0836212649534	0.188140719601	2.195691	0.0831898311	2.1125007	2	0	1	NA	NA	NA	NA	NA	NA	NA	2	0	2	2	0	1	NA	NA	NA	NA	NA	NA
8	29083329	29167373	4	4	0	2	d	2	2.14	0	0.05	0.1	3.219907	0.0007778259	3.2191289	4	0	1	NA	NA	NA	NA	NA	NA	NA	4	0	4	3	0	1	NA	NA	NA	NA	NA	NA
8	29167374	35797877	2	2	0	2	d	3	2.14	0	0.0894254839916	0.179574902624	2	0	2	2	0	1	NA	NA	NA	NA	NA	NA	NA	1	0	1	2	0	1	NA	NA	NA	NA	NA	NA
8	35797878	35798156	2	2	0	2	d	2	2.14	0	0.05	0.1	2	0	2	NA	NA	NA	NA	NA	NA	NA	NA	NA	NA	1	0	1	2	0	1	NA	NA	NA	NA	NA	NA
8	35798157	35798210	2	2	0	2	f	2	2.14	0	0.05	0.1	NA	NA	NA	NA	NA	NA	NA	NA	NA	NA	NA	NA	NA	NA	NA	NA	2	0	1	NA	NA	NA	NA	NA	NA
8	35798211	35813411	2	2	0	2	f	1	2.14	0	0.05	0.1	NA	NA	NA	NA	NA	NA	NA	NA	NA	NA	NA	NA	NA	NA	NA	NA	4	2	1	NA	NA	NA	NA	NA	NA
8	35813412	35813636	6	4	2	2	d	2	4	2	0.05	0.1	NA	NA	NA	NA	NA	NA	NA	NA	NA	NA	NA	NA	NA	NA	NA	NA	4	2	1	NA	NA	NA	NA	NA	NA
8	35813637	35834586	6	4	2	2	d	2	4	2	0.05	0.1	NA	NA	NA	NA	NA	NA	NA	NA	NA	NA	NA	NA	NA	NA	NA	NA	4	2	1	NA	NA	NA	NA	NA	NA
8	35834587	35835058	6	4	2	2	d	2	4	2	0.05	0.1	NA	NA	NA	NA	NA	NA	NA	NA	NA	NA	NA	NA	NA	NA	NA	NA	4	2	1	NA	NA	NA	NA	NA	NA
8	35835059	36331305	6	4	2	2	d	3	4	2	0.05	0.517077748014	NA	NA	NA	4	2	1	NA	NA	NA	NA	NA	NA	NA	4	1	3	4	2	1	NA	NA	NA	NA	NA	NA
8	36331306	36333711	6	4	2	2	d	3	4	2	0.05	0.1	NA	NA	NA	4	2	1	NA	NA	NA	NA	NA	NA	NA	NA	NA	NA	4	2	1	NA	NA	NA	NA	NA	NA
8	36333712	38227720	6	4	2	2	d	3	4	2	0.0600570197225	0.430429241118	6.114736	2.0517475835	4.0629882	4	2	1	NA	NA	NA	NA	NA	NA	NA	7	2	5	4	2	1	NA	NA	NA	NA	NA	NA
8	38227721	38231750	6	4	2	2	f	2	NA	NA	NA	NA	6.114736	2.0517475835	4.0629882	NA	NA	NA	NA	NA	NA	NA	NA	NA	NA	NA	NA	NA	4	2	1	NA	NA	NA	NA	NA	NA
8	38231751	41420072	2	2	0	2	d	3	2.14	0	0.0754310762708	0.180849678616	2.283374	0.0867140401	2.1966597	2	0	1	NA	NA	NA	NA	NA	NA	NA	2	0	2	2	0	1	NA	NA	NA	NA	NA	NA
8	41420073	42213182	8	5	3	2	f	3	4	2	0.0467725508239	0.335585374387	6.71537	2.2046894658	4.5106807	4	2	0.755894590846047	5	2	0.244105409153953	0.101154122896982	0.101669045423442	0.578590716072053	0.982194166288047	8	3	5	5	3	0.451937	5	2	0.548063	NA	NA	NA
8	42213183	42224384	6	4	2	2	f	2	4	2	0.05	0.1	6.71537	2.2046894658	4.5106807	NA	NA	NA	NA	NA	NA	NA	NA	NA	NA	NA	NA	NA	2	0	1	NA	NA	NA	NA	NA	NA
8	42224385	42247941	2	2	0	1	g	NA	4	2	0.05	0.1	NA	NA	NA	3	2	1	NA	NA	NA	NA	NA	NA	NA	7	3	4	2	0	1	NA	NA	NA	NA	NA	NA
8	42247942	43099999	2	2	0	2	d	3	2	0	0.0559502365672	0.140615498427	2.495552	0.1398741444	2.355678	2	0	1	NA	NA	NA	NA	NA	NA	NA	3	0	3	2	0	1	NA	NA	NA	NA	NA	NA
8	43100000	48099999	NA	NA	NA	NA	NA	NA	2	0	0.05	0.674803176916	2.40088	0.2402421143	2.1606374	NA	NA	NA	NA	NA	NA	NA	NA	NA	NA	2	0	2	2	0	0.760586	2	1	0.239414	NA	NA	NA
8	48100000	73270686	4	3	1	2	d	4	3	1	0.0793846225105	0.26679556438	4.532039	1.134611653	3.3974272	3	1	1	NA	NA	NA	NA	NA	NA	NA	4	1	3	3	1	1	NA	NA	NA	NA	NA	NA
8	73270687	73271621	4	3	1	2	d	3	3	1	0.05	0.1	4.532039	1.134611653	3.3974272	3	1	1	NA	NA	NA	NA	NA	NA	NA	NA	NA	NA	3	1	1	NA	NA	NA	NA	NA	NA
8	73271622	79362668	4	3	1	2	d	3	3	1	0.0881412055343	0.286163316019	4.238741	1.0466223737	3.1921189	3	1	1	NA	NA	NA	NA	NA	NA	NA	3	1	2	3	1	1	NA	NA	NA	NA	NA	NA
8	79362669	80286576	3	2	1	2	e	3	2.3	1	0.116886336051	0.296344082453	3.232016	0.9935772563	2.2384391	2	1	0.444920775017863	3	1	0.555079224982137	0.0861160953203247	0.0805278676290847	0.407764729098512	0.732388042504154	1	0	1	2	0	0.254034	2	1	0.745966	NA	NA	NA
8	80286577	80324681	5	4	1	2	d	4	4	1	0.05	0.1	3.232016	0.9935772563	2.2384391	4	1	1	NA	NA	NA	NA	NA	NA	NA	5	1	4	4	1	1	NA	NA	NA	NA	NA	NA
8	80324682	83792881	3	2	1	2	e	5	2	0.86	0.0888893667107	0.25984826821	3.696511	1.0811969325	2.6153141	2	1	0.381877022653717	3	1	0.618122977346283	0.0416895448413526	0.0395435798159931	0.393077352763199	0.549335773386133	3	1	2	3	1	0.506641	2	1	0.493359	NA	NA	NA
8	83792882	85338610	3	2	1	2	d	2	2	1	0.0942971263218	0.304792101781	3.504037	1.0817207983	2.4223166	2	1	0.628573213620737	3	1	0.371426786379263	0.0123546664954122	0.0121284018452351	0.604926284397925	0.651285256798043	1	0	1	2	1	1	NA	NA	NA	NA	NA	NA
8	85338611	88207500	3	2	1	2	e	4	2	0.86	0.092309237869	0.347867987761	3.438668	1.0482063293	2.3904616	2	1	0.628573213620737	3	1	0.371426786379263	0.0123546664954122	0.0121284018452351	0.604926284397925	0.651285256798043	2	1	1	2	1	1	NA	NA	NA	NA	NA	NA
8	88207501	113220025	3	2	1	2	e	5	2	0.86	0.0854332585821	0.223751843076	3.509815	1.0637508167	2.446064	2	1	0.628573213620737	3	1	0.371426786379263	0.0123546664954122	0.0121284018452351	0.604926284397925	0.651285256798043	3	1	2	3	1	0.311984	2	1	0.688016	NA	NA	NA
8	113220026	113252500	3	2	1	2	f	3	3	0	0.05	0.1	3.509815	1.0637508167	2.446064	4	2	1	NA	NA	NA	NA	NA	NA	NA	3	1	2	3	1	0.365362	2	1	0.634638	NA	NA	NA
8	113252501	145996879	3	2	1	2	e	5	2.14	0.86	0.0803816402354	0.219057825065	3.59179	1.0709493564	2.520841	2	1	0.561668464581085	3	1	0.438331535418915	0.00982490921265117	0.00996560642519655	0.557779035493226	0.596392167373505	3	1	2	3	1	0.365362	2	1	0.634638	NA	NA	NA
9	58033	243360	3	2	1	2	d	3	1.62	1	0.05	0.1	3	1	2	1	1	0.297981891124626	2	1	0.702018108875374	0.0140773084707193	0.0137815387481322	0.27124301089516	0.325230449055554	3	1	2	2	1	1	NA	NA	NA	NA	NA	NA
9	243361	8959573	3	2	1	1	g	NA	1.62	1	0.0809850658938	0.183961600583	2.839132	1.0697897836	1.7693425	1	1	0.297981891124626	2	1	0.702018108875374	0.0140773084707193	0.0137815387481322	0.27124301089516	0.325230449055554	2	1	1	2	1	0.688876	1	1	0.311124	NA	NA	NA
9	8959574	8962417	3	2	1	2	f	2	1.62	1	0.05	0.1	2.839132	1.0697897836	1.7693425	2	1	0.381877022653717	3	1	0.618122977346283	NA	0	0.381877022653717	0.381877022653717	NA	NA	NA	2	1	0.688876	1	1	0.311124	NA	NA	NA
9	8962418	24779610	3	2	1	2	e	4	1.62	1	0.0854370732469	0.22477872085	2.694028	0.9998297708	1.6941986	1	1	0.253174010455564	2	1	0.746825989544436	0.0127707379476309	0.0130953031870395	0.240970050056569	0.29161736708588	2	1	1	2	1	0.688876	1	1	0.311124	NA	NA	NA
9	24779611	27032815	5	3	2	2	f	3	2.63	1.86	0.0854079736383	0.341919168044	4.448928	1.6670710162	2.7818565	3	1	0.206040992448758	3	2	0.793959007551242	0.034897069195729	0.0354446942814277	0.146120709351322	0.284999089431227	3	1	2	2	1	0.688876	1	1	0.311124	NA	NA	NA
9	27032816	27846593	4	3	1	2	d	2	2.63	0.86	0.0732496821255	0.246338587155	3.722868	0.9291516746	2.7937163	3	1	1	NA	NA	NA	NA	NA	NA	NA	3	1	2	3	1	1	NA	NA	NA	NA	NA	NA
9	27846594	28184197	3	2	1	2	f	3	3	1.51	0.0885839559337	0.247727109619	3.839749	1.4233997158	2.4163496	2	1	1	NA	NA	NA	NA	NA	NA	NA	2	1	1	2	2	0.138838	2	1	0.861162	NA	NA	NA
9	28184198	28235008	5	3	2	2	f	2	3	1.51	0.05	0.1	3.839749	1.4233997158	2.4163496	3	3	1	NA	NA	NA	NA	NA	NA	NA	1	0	1	2	1	0.977769	1	1	0.0222314	NA	NA	NA
9	28235009	28708067	3	2	1	2	e	3	1.86	0.86	0.0792777915569	0.248072398291	2.531818	0.9002271604	1.6315907	1	0	0.539374325782092	1	1	0.460625674217908	0.0504897962937572	0.0504333377090291	0.459222841840958	0.657493260347115	1	0	1	2	1	0.977769	1	1	0.0222314	NA	NA	NA
9	28708068	29032109	3	2	1	1	g	NA	1.86	0.86	0.05	0.339096445373	3.572486	1.7862431715	1.7862432	2	2	1	NA	NA	NA	NA	NA	NA	NA	2	1	1	2	2	0.41758	2	1	0.58242	NA	NA	NA
9	29032110	34027024	3	2	1	2	e	4	1.86	0.86	0.0992456334504	0.238846536694	2.776916	0.8867832354	1.8901332	2	0	0.103899202749192	2	1	0.896100797250808	0.0161123379282629	0.0166409064159617	0.050453208155098	0.114744549132603	2	1	1	2	1	1	NA	NA	NA	NA	NA	NA
9	34027025	44872499	3	2	1	2	e	3	1.77	1	0.067674536537	0.228019921392	3.244487	1.167088598	2.0773984	NA	NA	NA	NA	NA	NA	NA	NA	NA	NA	4	2	2	2	1	1	NA	NA	NA	NA	NA	NA
9	44872500	47299999	3	2	1	2	d	4	2	1	0.05	0.426190452093	3.244487	1.167088598	2.0773984	2	1	1	NA	NA	NA	NA	NA	NA	NA	3	1	2	2	1	1	NA	NA	NA	NA	NA	NA
9	47300000	50699999	3	2	1	2	d	2	2	1	0.05	0.1	NA	NA	NA	NA	NA	NA	NA	NA	NA	NA	NA	NA	NA	NA	NA	NA	2	1	1	NA	NA	NA	NA	NA	NA
9	50700000	75759192	3	2	1	3	b	5	2	1	0.0777050119625	0.317092472087	3	1	2	2	1	1	NA	NA	NA	NA	NA	NA	NA	3	1	2	2	1	1	NA	NA	NA	NA	NA	NA
9	75759193	75760252	3	2	1	2	d	4	2	1	0.05	0.1	3	1	2	2	1	1	NA	NA	NA	NA	NA	NA	NA	NA	NA	NA	2	1	1	NA	NA	NA	NA	NA	NA
9	75760253	83968324	3	2	1	2	d	4	2	1	0.0827984669708	0.262490604889	3	1	2	2	1	1	NA	NA	NA	NA	NA	NA	NA	2	1	1	2	1	1	NA	NA	NA	NA	NA	NA
9	83968325	93705872	3	2	1	2	d	4	2	1	0.0770966113909	0.207769319827	3.226274	1.1186738706	2.1075997	2	1	1	NA	NA	NA	NA	NA	NA	NA	3	1	2	2	1	1	NA	NA	NA	NA	NA	NA
9	93705873	99499253	3	2	1	2	d	3	2	1	0.068070593818	0.196203093609	3.369468	1.1535696042	2.2158984	2	1	1	NA	NA	NA	NA	NA	NA	NA	4	2	2	2	1	1	NA	NA	NA	NA	NA	NA
9	99499254	99621484	3	2	1	2	d	4	2	1	0.05	0.286658989644	3.369468	1.1535696042	2.2158984	2	1	1	NA	NA	NA	NA	NA	NA	NA	3	1	2	2	1	1	NA	NA	NA	NA	NA	NA
9	99621485	123151792	3	2	1	3	b	5	2	1	0.0840288369019	0.214831820749	3	1	2	2	1	1	NA	NA	NA	NA	NA	NA	NA	3	1	2	2	1	1	NA	NA	NA	NA	NA	NA
9	123151793	123194749	3	2	1	2	d	2	4	1	0.05	0.1	3	1	2	4	0	0.302734483455611	4	1	0.697265516544389	0.00407241885127413	0.00283766571453842	0.298659269533057	0.306804107235607	NA	NA	NA	2	1	1	NA	NA	NA	NA	NA	NA
9	123194750	124411896	3	2	1	2	d	3	2	1	0.0946879653029	0.200045441929	3.284007	1.1778973603	2.1061093	2	1	1	NA	NA	NA	NA	NA	NA	NA	4	2	2	2	1	1	NA	NA	NA	NA	NA	NA
9	124411897	124535603	3	2	1	2	f	3	2	1	0.05	0.220189207342	3.284007	1.1778973603	2.1061093	2	2	1	NA	NA	NA	NA	NA	NA	NA	7	3	4	2	1	1	NA	NA	NA	NA	NA	NA
9	124535604	141019618	3	2	1	2	d	3	2	1	0.0619728522744	0.217407630889	3.179212	1.096955248	2.0822568	2	1	1	NA	NA	NA	NA	NA	NA	NA	5	2	3	2	1	1	NA	NA	NA	NA	NA	NA
10	94426	978302	2	2	0	2	d	3	2	0	0.0613416013458	0.125561096928	2.262879	0.1150757373	2.1478029	2	0	1	NA	NA	NA	NA	NA	NA	NA	3	0	3	2	0	1	NA	NA	NA	NA	NA	NA
10	978303	2394344	6	4	2	2	f	3	3.38	1.62	0.0677437446626	0.269833541212	6.514863	2.1516620272	4.3632015	4	2	1	NA	NA	NA	NA	NA	NA	NA	8	3	5	5	2	0.020338	4	2	0.979662	NA	NA	NA
10	2394345	2413771	6	4	2	1	g	NA	3.38	1.62	0.05	0.1	6.514863	2.1516620272	4.3632015	5	2	1	NA	NA	NA	NA	NA	NA	NA	8	3	5	4	2	1	NA	NA	NA	NA	NA	NA
10	2413772	6964475	6	4	2	2	d	2	3.38	1.62	0.0627811273326	0.257847355417	6.298082	2.0665080939	4.2315736	4	2	1	NA	NA	NA	NA	NA	NA	NA	7	2	5	4	2	1	NA	NA	NA	NA	NA	NA
10	6964476	7833462	6	4	2	2	d	3	3.38	1.62	0.0634019294528	0.226189310107	6	2	4	4	2	1	NA	NA	NA	NA	NA	NA	NA	7	2	5	4	2	1	NA	NA	NA	NA	NA	NA
10	7833463	7862187	6	4	2	1	g	NA	3.38	1.62	0.05	0.1	6	2	4	5	2	1	NA	NA	NA	NA	NA	NA	NA	8	3	5	4	2	1	NA	NA	NA	NA	NA	NA
10	7862188	7862221	5	3	2	2	f	1	3.38	1.62	0.05	0.1	NA	NA	NA	NA	NA	NA	NA	NA	NA	NA	NA	NA	NA	NA	NA	NA	4	2	1	NA	NA	NA	NA	NA	NA
10	7862222	19967246	6	4	2	2	d	3	3.38	1.62	0.0659175768349	0.328165218184	6	2	4	4	1	0.116639697950382	4	2	0.883360302049618	0.0100754124106304	0.00967503814210998	0.0739258839213849	0.112230364627166	6	2	4	4	2	1	NA	NA	NA	NA	NA	NA
10	19967247	19994150	5	3	2	2	e	0	2	2	0.05	0.1	6	2	4	2	2	1	NA	NA	NA	NA	NA	NA	NA	3	1	2	2	2	0.512991	2	1	0.487009	NA	NA	NA
10	19994151	22125396	6	4	2	2	d	3	3.23	1.7	0.0679407859886	0.318236801506	6	2	4	4	2	1	NA	NA	NA	NA	NA	NA	NA	5	2	3	4	2	1	NA	NA	NA	NA	NA	NA
10	22125397	22134556	6	4	2	2	d	2	3.38	1.62	0.05	0.1	6	2	4	3	1	0.624463377584041	3	2	0.375536622415959	0.210646679718351	0.218938988589124	-0.124105902641022	0.735433771693364	7	3	4	4	2	1	NA	NA	NA	NA	NA	NA
10	22134557	36288952	6	4	2	2	f	3	3.38	1.62	0.0678468281949	0.287572609999	6.149616	2.0115950567	4.1380214	4	1	0.116639697950382	4	2	0.883360302049618	0.0108675969446236	0.010888708126272	0.0690707955155791	0.113156644043388	7	2	5	4	2	1	NA	NA	NA	NA	NA	NA
10	36288953	36581575	4	2	2	2	e	3	1.62	1.62	0.0412622688195	0.244766907387	4	2	2	1	1	1	NA	NA	NA	NA	NA	NA	NA	3	1	2	2	2	1	NA	NA	NA	NA	NA	NA
10	36581576	36680054	6	4	2	2	f	2	3	2	0.05	0.338585594381	6.619228	2.0822920155	4.5369356	4	2	1	NA	NA	NA	NA	NA	NA	NA	5	1	4	5	2	1	NA	NA	NA	NA	NA	NA
10	36680055	37999999	2	2	0	2	d	3	1.62	0	0.0929967436527	0.13914940647	2.497048	0.2000364467	2.2970117	2	0	1	NA	NA	NA	NA	NA	NA	NA	2	0	2	2	0	1	NA	NA	NA	NA	NA	NA
10	38000000	42442500	NA	NA	NA	NA	NA	NA	1	0	0.05	0.958081529987	3.34095	0.5826152674	2.7583343	NA	NA	NA	NA	NA	NA	NA	NA	NA	NA	3	1	2	2	0	0.585896	2	1	0.414104	NA	NA	NA
10	42442501	43297155	6	4	2	2	e	4	4	2	0.0635986112339	0.566199081435	5.203852	1.7200366547	3.483815	3	2	0.5039297272307	4	2	0.4960702727693	0.0827532383838439	0.0791565548073258	0.48750509560784	0.791103169618468	5	2	3	4	2	0.539381	3	2	0.460619	NA	NA	NA
10	43297156	44450620	4	2	2	2	d	3	2	2	0.0364159767476	0.206561879514	4.241798	2.120899213	2.1208992	2	2	1	NA	NA	NA	NA	NA	NA	NA	6	3	3	2	2	1	NA	NA	NA	NA	NA	NA
10	44450621	44459609	3	2	1	2	d	2	2	1	0.05	0.1	4.241798	2.120899213	2.1208992	NA	NA	NA	NA	NA	NA	NA	NA	NA	NA	NA	NA	NA	2	1	1	NA	NA	NA	NA	NA	NA
10	44459610	44459749	3	2	1	2	d	2	2	1	0.05	0.1	NA	NA	NA	NA	NA	NA	NA	NA	NA	NA	NA	NA	NA	NA	NA	NA	2	1	1	NA	NA	NA	NA	NA	NA
10	44459750	74692341	3	2	1	3	b	5	2	1	0.0842398272733	0.248528165857	3	1	2	2	1	1	NA	NA	NA	NA	NA	NA	NA	3	1	2	2	1	1	NA	NA	NA	NA	NA	NA
10	74692342	74721249	3	2	1	1	g	NA	4	0	0.05	0.1	3	1	2	3	1	1	NA	NA	NA	NA	NA	NA	NA	5	1	4	2	1	1	NA	NA	NA	NA	NA	NA
10	74721250	92590279	3	2	1	3	b	5	2	1	0.0794634718775	0.232289853168	3	1	2	2	1	1	NA	NA	NA	NA	NA	NA	NA	3	1	2	2	1	1	NA	NA	NA	NA	NA	NA
10	92590280	92870304	4	2	2	2	d	4	2	2	0.0604433133042	0.269195512953	3.749189	1.874594638	1.8745946	2	2	1	NA	NA	NA	NA	NA	NA	NA	4	2	2	2	2	1	NA	NA	NA	NA	NA	NA
10	92870305	123928722	3	2	1	2	d	4	2	1	0.0747840460347	0.218421221375	3.14762	1.0914174066	2.0562026	2	1	1	NA	NA	NA	NA	NA	NA	NA	3	1	2	2	1	1	NA	NA	NA	NA	NA	NA
10	123928723	123931724	3	2	1	2	f	3	2	1	0.05	0.1	3.14762	1.0914174066	2.0562026	2	2	1	NA	NA	NA	NA	NA	NA	NA	7	3	4	2	1	1	NA	NA	NA	NA	NA	NA
10	123931725	125751450	3	2	1	2	d	3	2	1	0.0692012993522	0.198873943112	3.189644	1.0969782812	2.0926652	2	1	1	NA	NA	NA	NA	NA	NA	NA	4	2	2	2	1	1	NA	NA	NA	NA	NA	NA
10	125751451	125811842	3	2	1	2	d	3	2	1	0.05	0.1	3.189644	1.0969782812	2.0926652	2	1	1	NA	NA	NA	NA	NA	NA	NA	6	2	4	2	1	1	NA	NA	NA	NA	NA	NA
10	125811843	135277632	3	2	1	2	d	3	2	1	0.0651033228979	0.201530733083	3.340026	1.167697415	2.1723282	2	1	1	NA	NA	NA	NA	NA	NA	NA	5	2	3	2	1	1	NA	NA	NA	NA	NA	NA
11	222275	2731856	4	2	2	2	d	3	2	2	0.0413076557967	0.277474723411	4.126193	2.0630964982	2.0630965	2	2	1	NA	NA	NA	NA	NA	NA	NA	7	3	4	2	2	1	NA	NA	NA	NA	NA	NA
11	2731857	2907103	4	2	2	2	d	3	2	2	0.05	0.260839747461	4.118663	2.0593317427	2.0593317	2	2	1	NA	NA	NA	NA	NA	NA	NA	NA	NA	NA	2	2	1	NA	NA	NA	NA	NA	NA
11	2907104	26121103	4	2	2	3	b	5	2	2	0.0630019922892	0.274111164713	4	2	2	2	2	1	NA	NA	NA	NA	NA	NA	NA	4	2	2	2	2	1	NA	NA	NA	NA	NA	NA
11	26121104	26344538	6	4	2	2	d	2	4	2	0.0834235641199	0.416098737128	5.808929	2.0056217365	3.803307	4	2	0.847249190938511	4	3	0.152750809061489	0.0781193838778891	0.0762941724569273	0.654703393031829	0.955714282780235	4	1	3	4	2	1	NA	NA	NA	NA	NA	NA
11	26344539	26910283	5	3	2	2	d	3	3	2	0.054220043836	0.407524112821	4.672289	1.8784637398	2.7938251	3	2	1	NA	NA	NA	NA	NA	NA	NA	3	1	2	3	2	1	NA	NA	NA	NA	NA	NA
11	26910284	26960282	4	2	2	1	g	NA	3	2	0.05	0.1	4.672289	1.8784637398	2.7938251	2	0	0.496070272769302	2	1	0.503929727230698	NA	0	0.496070272769302	0.496070272769302	3	1	2	2	2	1	NA	NA	NA	NA	NA	NA
11	26960283	27039461	4	2	2	1	g	NA	3	2	0.05	0.265018191594	NA	NA	NA	2	2	1	NA	NA	NA	NA	NA	NA	NA	3	1	2	2	2	1	NA	NA	NA	NA	NA	NA
11	27039462	27048650	6	4	2	1	g	NA	4	2	0.05	0.1	NA	NA	NA	1	1	1	NA	NA	NA	NA	NA	NA	NA	1	0	1	4	2	1	NA	NA	NA	NA	NA	NA
11	27048651	27049520	6	4	2	2	d	2	4	2	0.05	0.1	NA	NA	NA	NA	NA	NA	NA	NA	NA	NA	NA	NA	NA	1	0	1	4	2	1	NA	NA	NA	NA	NA	NA
11	27049521	27049538	6	4	2	2	d	2	4	2	0.05	0.1	NA	NA	NA	NA	NA	NA	NA	NA	NA	NA	NA	NA	NA	NA	NA	NA	4	2	1	NA	NA	NA	NA	NA	NA
11	27049539	27052005	6	4	2	2	d	2	4	2	0.05	0.1	NA	NA	NA	3	2	1	NA	NA	NA	NA	NA	NA	NA	NA	NA	NA	4	2	1	NA	NA	NA	NA	NA	NA
11	27052006	27585688	6	4	2	2	d	4	4	2	0.0620513607599	0.327802373055	6	2	4	4	2	1	NA	NA	NA	NA	NA	NA	NA	5	2	3	4	2	1	NA	NA	NA	NA	NA	NA
11	27585689	51599999	4	2	2	2	d	4	2	2	0.062347126156	0.272409607826	3.818662	1.9093310925	1.9093311	2	2	1	NA	NA	NA	NA	NA	NA	NA	4	2	2	2	2	1	NA	NA	NA	NA	NA	NA
11	51600000	55699999	4	2	2	2	d	2	2	2	0.0976064564498	0.37951046389	3.504593	1.7522966902	1.7522967	2	1	0.290902553038473	2	2	0.709097446961527	0.0485660042029275	0.0490301076610311	0.190698664089074	0.378359156035011	2	1	1	2	2	1	NA	NA	NA	NA	NA	NA
11	55700000	67023799	4	2	2	2	d	3	1.86	1.86	0.0566856115278	0.249049613141	4	2	2	2	2	1	NA	NA	NA	NA	NA	NA	NA	5	2	3	2	2	1	NA	NA	NA	NA	NA	NA
11	67023800	67024843	4	2	2	2	d	3	1.86	1.86	0.05	0.1	4	2	2	2	2	1	NA	NA	NA	NA	NA	NA	NA	NA	NA	NA	2	2	1	NA	NA	NA	NA	NA	NA
11	67024844	67873014	4	2	2	2	d	2	1.86	1.86	0.0496486850083	0.210070161121	4.293892	2.14694619	2.1469462	2	2	1	NA	NA	NA	NA	NA	NA	NA	7	3	4	2	2	1	NA	NA	NA	NA	NA	NA
11	67873015	67926318	4	2	2	2	d	2	1.86	1.86	0.05	0.1	4.293892	2.14694619	2.1469462	2	2	1	NA	NA	NA	NA	NA	NA	NA	NA	NA	NA	2	2	1	NA	NA	NA	NA	NA	NA
11	67926319	98959994	4	2	2	2	d	3	1.86	1.86	0.0661055280379	0.251546283749	4	2	2	2	1	0.113831433797663	2	2	0.886168566202337	0.00861841377166799	0.00832490407883966	0.123087285720071	0.156695904246908	4	2	2	2	2	1	NA	NA	NA	NA	NA	NA
11	98959995	100180016	4	2	2	2	e	4	1.86	1.86	0.0819685902843	0.298996039151	3.841727	1.9208634237	1.9208634	2	1	0.290902553038473	2	2	0.709097446961527	0.0431974209793883	0.0413098331040716	0.242950892527122	0.404762241671615	2	1	1	2	2	1	NA	NA	NA	NA	NA	NA
11	100180017	111607159	4	2	2	2	d	2	1.86	1.86	0.0724734548335	0.242610994329	4	2	2	2	1	0.113831433797663	2	2	0.886168566202337	0.0153767943188268	0.015037198831333	0.117820088142218	0.176639160395942	3	1	2	2	2	1	NA	NA	NA	NA	NA	NA
11	111607160	111706222	4	2	2	2	d	2	1.86	1.86	0.05	0.24127883332	4	2	2	4	3	0.595886835786621	4	4	0.404113164213379	NA	0	0.595886835786621	0.595886835786621	6	3	3	2	2	1	NA	NA	NA	NA	NA	NA
11	111706223	117811822	4	2	2	2	d	2	1.86	1.86	0.0494385418681	0.199109749126	4.152999	2.0764993382	2.0764993	2	2	1	NA	NA	NA	NA	NA	NA	NA	5	2	3	2	2	1	NA	NA	NA	NA	NA	NA
11	117811823	117876264	4	2	2	2	d	2	1.86	1.86	0.05	0.165253509959	4.152999	2.0764993382	2.0764993	2	2	1	NA	NA	NA	NA	NA	NA	NA	7	3	4	2	2	1	NA	NA	NA	NA	NA	NA
11	117876265	117895737	5	3	2	1	h	1	2	2	0.05	0.1	NA	NA	NA	3	2	1	NA	NA	NA	NA	NA	NA	NA	7	3	4	NA	NA	NA	NA	NA	NA	NA	NA	NA
11	117895738	122980590	4	2	2	2	d	2	1.7	1.7	0.0453482620732	0.20129587445	4.218447	2.1092235407	2.1092235	2	2	1	NA	NA	NA	NA	NA	NA	NA	6	3	3	2	2	1	NA	NA	NA	NA	NA	NA
11	122980591	125031422	5	3	2	2	e	3	3.23	1.86	0.0692228449341	0.287927085197	5.88595	2.0870312107	3.7989191	3	2	0.400035958288381	4	2	0.599964041711619	0.0489610375956263	0.049895821040278	0.288588937795644	0.490789387910052	7	3	4	4	2	1	NA	NA	NA	NA	NA	NA
11	125031423	135006515	4	2	2	2	d	2	1.77	1.77	0.0520942109145	0.214390196138	4.135428	2.067714224	2.0677142	2	2	1	NA	NA	NA	NA	NA	NA	NA	5	2	3	2	2	1	NA	NA	NA	NA	NA	NA
12	110107	207500	3	2	1	2	d	2	2	1	0.05	0.226488831051	NA	NA	NA	1	1	1	NA	NA	NA	NA	NA	NA	NA	NA	NA	NA	2	1	1	NA	NA	NA	NA	NA	NA
12	207501	484619	3	2	1	2	d	3	2	1	0.0650161188847	0.139634874218	3.434908	1.1691105351	2.2657972	2	1	1	NA	NA	NA	NA	NA	NA	NA	4	1	3	2	1	1	NA	NA	NA	NA	NA	NA
12	484620	3849867	4	2	2	2	d	2	1.86	1.77	0.042971521336	0.210576512313	4.371259	2.1856295435	2.1856295	2	2	1	NA	NA	NA	NA	NA	NA	NA	6	3	3	2	2	1	NA	NA	NA	NA	NA	NA
12	3849868	4000351	2	2	0	2	d	4	2	0	0.05	0.155551784495	2.359984	0.1566236819	2.2033603	2	0	1	NA	NA	NA	NA	NA	NA	NA	2	0	2	2	0	1	NA	NA	NA	NA	NA	NA
12	4000352	27425725	4	2	2	2	d	4	1.86	1.86	0.0656533123687	0.260295310107	4	2	2	2	2	1	NA	NA	NA	NA	NA	NA	NA	4	2	2	2	2	1	NA	NA	NA	NA	NA	NA
12	27425726	27428824	4	2	2	2	d	3	1.86	1.86	0.05	0.1	4	2	2	2	2	1	NA	NA	NA	NA	NA	NA	NA	NA	NA	NA	2	2	1	NA	NA	NA	NA	NA	NA
12	27428825	33299999	4	2	2	2	d	4	1.86	1.86	0.0605221016702	0.25397839358	4	2	2	2	2	1	NA	NA	NA	NA	NA	NA	NA	4	2	2	2	2	1	NA	NA	NA	NA	NA	NA
12	33300000	38199999	4	2	2	2	e	3	1.86	1.86	0.0594971828194	0.340458098493	3.76104	1.8805197797	1.8805198	NA	NA	NA	NA	NA	NA	NA	NA	NA	NA	2	1	1	2	2	1	NA	NA	NA	NA	NA	NA
12	38200000	57284441	4	2	2	2	d	4	1.86	1.86	0.0644812924489	0.254789240931	4	2	2	2	2	1	NA	NA	NA	NA	NA	NA	NA	4	2	2	2	2	1	NA	NA	NA	NA	NA	NA
12	57284442	57711547	5	3	2	1	g	NA	2	2	0.0442539238604	0.267817160224	4.67952	1.9439974016	2.7355229	2	1	0.610899570592214	2	2	0.389100429407786	0.0282208700347733	0.0288454306259263	0.554475226909884	0.66753399178536	8	4	4	3	2	1	NA	NA	NA	NA	NA	NA
12	57711548	59211987	4	2	2	2	d	2	2	2	0.057789127353	0.297811431258	4.483806	1.8864152811	2.5973907	2	1	0.610899570592214	2	2	0.389100429407786	0.0282208700347733	0.0288454306259263	0.554475226909884	0.66753399178536	5	2	3	2	2	1	NA	NA	NA	NA	NA	NA
12	59211988	59275745	5	3	2	1	g	NA	2	2	0.05	0.325828416231	4.483806	1.8864152811	2.5973907	1	0	0.719165767709458	1	1	0.280834232290542	NA	0	0.719165767709458	0.719165767709458	NA	NA	NA	3	2	0.967194	2	2	0.0328056	NA	NA	NA
12	59275746	61763987	4	2	2	2	f	3	2	2	0.088199043139	0.347539673331	4.14673	1.6678471224	2.4788824	2	1	0.654530744336566	2	2	0.345469255663434	0.0366821379559323	0.0356482574027168	0.638426462691168	0.774820934723388	2	1	1	3	2	0.967194	2	2	0.0328056	NA	NA	NA
12	61763988	80811640	4	2	2	1	g	NA	2.38	1.86	0.0720849588803	0.30032554176	4.435996	1.850762332	2.5852335	2	2	0.175416789911315	3	2	0.824583210088685	0.0151498798741189	0.0155139809341333	0.144536711135797	0.206742248530553	3	1	2	2	2	1	NA	NA	NA	NA	NA	NA
12	80811641	89682170	4	2	2	2	e	3	2.14	2	0.078904161513	0.351407538998	4.401695	1.8554291988	2.5462661	2	2	0.175416789911315	3	2	0.824583210088685	0.0151498798741189	0.0155139809341333	0.144536711135797	0.206742248530553	2	1	1	2	2	1	NA	NA	NA	NA	NA	NA
12	89682171	89711970	7	4	3	1	g	NA	2.49	1.86	0.05	0.1	4.401695	1.8554291988	2.5462661	4	4	1	NA	NA	NA	NA	NA	NA	NA	5	2	3	4	3	1	NA	NA	NA	NA	NA	NA
12	89711971	118965751	5	3	2	2	d	2	2.49	1.86	0.063230820129	0.257977977385	4.601922	1.9227681011	2.679154	2	2	0.194423699278065	3	2	0.805576300721935	0.0108387286848708	0.0104400065202118	0.184089657183003	0.226135375217914	5	2	3	3	2	1	NA	NA	NA	NA	NA	NA
12	118965752	119698743	7	5	2	2	e	3	5.23	2	0.0547214720188	0.33518621965	6.64974	1.7345822907	4.9151578	4	1	0.704096149070605	4	2	0.295903850929395	0.0307788354891863	0.0311865014223132	0.606656628820527	0.727305167331396	8	2	6	5	2	1	NA	NA	NA	NA	NA	NA
12	119698744	121827287	5	3	2	2	d	2	2.49	2	0.0488939775622	0.239397745745	5	2	3	2	2	0.181836569579283	3	2	0.818163430420717	0.0357915947468303	0.0363259038609037	0.0917290976845582	0.236966076768842	7	3	4	3	2	1	NA	NA	NA	NA	NA	NA
12	121827288	121837325	5	3	2	2	d	2	2.49	2	0.05	0.1	5	2	3	1	1	0.352750809061491	2	1	0.647249190938509	NA	0	0.352750809061491	0.352750809061491	NA	NA	NA	3	2	1	NA	NA	NA	NA	NA	NA
12	121837326	124208261	5	3	2	2	d	2	2.49	2	0.0487809788163	0.261048212514	5.172731	2.1271558023	3.0455749	3	2	1	NA	NA	NA	NA	NA	NA	NA	8	4	4	3	2	1	NA	NA	NA	NA	NA	NA
12	124208262	124259963	6	4	2	2	d	2	2.49	1.77	0.05	0.1	5.826569	2.085987118	3.7405816	4	2	1	NA	NA	NA	NA	NA	NA	NA	8	3	5	4	2	1	NA	NA	NA	NA	NA	NA
12	124259964	133851894	5	3	2	2	d	2	2.49	1.77	0.0558055622976	0.22230457702	4.840438	1.9941164462	2.8463219	3	2	1	NA	NA	NA	NA	NA	NA	NA	6	3	3	3	2	1	NA	NA	NA	NA	NA	NA
13	1	16299999	NA	NA	NA	NA	NA	NA	NA	NA	NA	NA	NA	NA	NA	NA	NA	NA	NA	NA	NA	NA	NA	NA	NA	NA	NA	NA	NA	NA	NA	NA	NA	NA	NA	NA	NA
13	16300000	19499999	3	2	1	2	d	2	1.86	1	0.05	0.623415478048	NA	NA	NA	2	2	1	NA	NA	NA	NA	NA	NA	NA	3	1	2	2	1	1	NA	NA	NA	NA	NA	NA
13	19500000	36059561	3	2	1	2	e	5	1.86	1	0.0746837286069	0.202324766224	3.316974	1.2546710617	2.0623026	1	1	0.190938511326861	2	1	0.809061488673139	0.0101979180642164	0.0102836311027179	0.201008039844331	0.24071725147124	3	1	2	2	2	0.213881	2	1	0.786119	NA	NA	NA
13	36059562	43146901	3	2	1	2	d	2	1.86	1	0.0830884030723	0.216000750939	3	1	2	1	1	0.143346659051966	2	1	0.856653340948034	0.0217558306476836	0.0215335046386779	0.128590744545533	0.212825197593731	2	1	1	2	1	1	NA	NA	NA	NA	NA	NA
13	43146902	43155047	4	3	1	2	d	3	3	1	0.05	0.1	3	1	2	3	1	1	NA	NA	NA	NA	NA	NA	NA	4	1	3	2	1	1	NA	NA	NA	NA	NA	NA
13	43155048	43170459	4	3	1	2	d	3	3	1	0.05	0.1	NA	NA	NA	3	1	1	NA	NA	NA	NA	NA	NA	NA	4	1	3	2	1	1	NA	NA	NA	NA	NA	NA
13	43170460	49995523	3	2	1	2	d	3	1.77	1	0.0820935884873	0.189954435783	3	1	2	1	1	0.13700107874865	2	1	0.86299892125135	0.0200539665258626	0.0194509964286047	0.0884114301073971	0.163305970995953	3	1	2	2	1	1	NA	NA	NA	NA	NA	NA
13	49995524	50079837	2	1	1	2	d	3	1	1	0.05	0.186442744639	2.337307	1.1686534515	1.1686535	1	1	1	NA	NA	NA	NA	NA	NA	NA	1	0	1	1	1	1	NA	NA	NA	NA	NA	NA
13	50079838	56573899	3	2	1	3	b	5	2	1	0.0877126094555	0.231929820569	3	1	2	2	1	1	NA	NA	NA	NA	NA	NA	NA	3	1	2	2	1	1	NA	NA	NA	NA	NA	NA
13	56573900	63008268	3	2	1	2	d	2	1.86	1	0.0994137359388	0.280890239985	2.899918	1.0262832588	1.8736343	2	1	1	NA	NA	NA	NA	NA	NA	NA	1	0	1	2	1	1	NA	NA	NA	NA	NA	NA
13	63008269	63792665	5	4	1	2	d	2	4	1	0.112766845354	0.478873249072	5.161189	1.2335538609	3.9276347	3	1	0.41100323624596	4	1	0.58899676375404	0.14873158279695	0.140809869275995	0.240233110872515	0.802527983580344	2	0	2	4	1	1	NA	NA	NA	NA	NA	NA
13	63792666	83989407	2	1	1	2	e	4	1.86	1	0.0958057851241	0.272588053169	2.836106	1.0219422946	1.8141634	1	1	0.117387466902032	2	1	0.882612533097968	0.0156705362855933	0.0154824364227504	0.102891237144908	0.164373208076255	1	0	1	2	1	0.816627	1	1	0.183373	NA	NA	NA
13	83989408	84518447	5	4	1	2	f	3	4	1	0.131884847075	0.386712359454	5.388204	1.2411564038	4.1470473	4	1	0.886326860841421	4	2	0.113673139158579	0.0720170679294267	0.0737073822105421	0.680687969643521	0.983715360503559	3	1	2	2	1	0.816627	1	1	0.183373	NA	NA	NA
13	84518448	85012500	5	4	1	2	d	3	4	1	0.109884418598	0.354755888005	4.836799	1.0063945149	3.8304046	4	1	1	NA	NA	NA	NA	NA	NA	NA	2	0	2	4	1	1	NA	NA	NA	NA	NA	NA
13	85012501	94867500	3	2	1	2	d	4	2	1	0.107303392156	0.284069534202	3	1	2	2	1	1	NA	NA	NA	NA	NA	NA	NA	1	0	1	2	1	1	NA	NA	NA	NA	NA	NA
13	94867501	95572778	4	2	2	3	b	5	2	2	0.0633604516411	0.240817447009	4	2	2	2	2	1	NA	NA	NA	NA	NA	NA	NA	4	2	2	2	2	1	NA	NA	NA	NA	NA	NA
13	95572779	115169877	3	2	1	2	d	4	1.86	1	0.0757350909678	0.240516825582	3	1	2	2	1	1	NA	NA	NA	NA	NA	NA	NA	3	1	2	2	1	1	NA	NA	NA	NA	NA	NA
14	1	16099999	NA	NA	NA	NA	NA	NA	NA	NA	NA	NA	NA	NA	NA	NA	NA	NA	NA	NA	NA	NA	NA	NA	NA	NA	NA	NA	NA	NA	NA	NA	NA	NA	NA	NA	NA
14	16100000	19099999	4	2	2	1	h	1	2	1.2	0.05	0.196594261232	NA	NA	NA	NA	NA	NA	NA	NA	NA	NA	NA	NA	NA	NA	NA	NA	2	0	0.676708	2	1	0.323292	NA	NA	NA
14	19100000	20375050	4	2	2	2	f	1	2	1.2	0.05	0.531894161408	NA	NA	NA	NA	NA	NA	NA	NA	NA	NA	NA	NA	NA	2	1	1	2	1	1	NA	NA	NA	NA	NA	NA
14	20375051	41826204	3	2	1	2	d	2	2	1.2	0.0863116862217	0.267811327803	3.17928	1.1477974454	2.0314826	1	1	0.143346659051966	2	1	0.856653340948034	0.0111223380154985	0.0112042569340188	0.131759804739662	0.174615335821229	3	1	2	2	1	1	NA	NA	NA	NA	NA	NA
14	41826205	43055007	3	2	1	2	d	3	2	1	0.10552368372	0.284478763963	2.850318	0.8951167494	1.9552017	2	1	1	NA	NA	NA	NA	NA	NA	NA	1	0	1	2	1	1	NA	NA	NA	NA	NA	NA
14	43055008	43071593	3	2	1	2	f	2	NA	NA	NA	NA	2.850318	0.8951167494	1.9552017	1	0	0.269687162891044	1	1	0.730312837108956	NA	0	0.269687162891044	0.269687162891044	0	0	0	2	1	1	NA	NA	NA	NA	NA	NA
14	43071594	54793391	3	2	1	2	d	3	2	1	0.0985344774421	0.258857402542	3	1	2	2	0	0.0908845738942827	2	1	0.909115426105717	0.0104969829244463	0.0105968023191428	0.0537594823172935	0.0943414367293609	2	1	1	2	1	1	NA	NA	NA	NA	NA	NA
14	54793392	54794089	3	2	1	2	d	3	2	1	0.05	0.1	3	1	2	2	1	0.249345045461551	2	2	0.750654954538449	NA	0	0.249345045461551	0.249345045461551	1	0	1	2	1	1	NA	NA	NA	NA	NA	NA
14	54794090	54795286	3	2	1	1	g	NA	2	1	0.05	0.1	NA	NA	NA	1	0	1	NA	NA	NA	NA	NA	NA	NA	1	0	1	2	1	1	NA	NA	NA	NA	NA	NA
14	54795287	56662815	3	2	1	2	d	3	2	1	0.0836545671053	0.184470428622	3.240353	1.0275824827	2.2127704	2	0	0.100170042523902	2	1	0.899829957476098	0.0166156183612561	0.0156248143628485	0.0689771243082018	0.128948603322485	3	1	2	2	1	1	NA	NA	NA	NA	NA	NA
14	56662816	56665995	3	2	1	2	d	2	2	1	0.05	0.1	3.240353	1.0275824827	2.2127704	2	0	0.100170042523902	2	1	0.899829957476098	0.0166156183612561	0.0156248143628485	0.0689771243082018	0.128948603322485	2	0	2	2	1	1	NA	NA	NA	NA	NA	NA
14	56665996	57839330	3	2	1	2	d	4	2	1	0.0714919439438	0.208365064679	3	1	2	2	0	0.100170042523902	2	1	0.899829957476098	0.0166156183612561	0.0156248143628485	0.0689771243082018	0.128948603322485	3	1	2	2	1	1	NA	NA	NA	NA	NA	NA
14	57839331	58292500	2	1	1	2	d	3	1	1	0.0829297213433	0.177645979479	2	1	1	1	0	0.0955242544766117	1	1	0.904475745523388	0.0441361281492245	0.0423606918697242	0.0755964127070159	0.239620531496503	1	0	1	1	1	1	NA	NA	NA	NA	NA	NA
14	58292501	70443919	3	2	1	2	d	3	2	1	0.0781223344343	0.211154148382	3.097696	0.9958759837	2.1018202	2	0	0.0908845738942827	2	1	0.909115426105717	0.0102247830937037	0.0104443755706403	0.0576965456001826	0.097962179475689	3	1	2	2	1	1	NA	NA	NA	NA	NA	NA
14	70443920	88147500	2	2	0	3	b	5	2	0	0.0880011256173	0.178771636476	2	0	2	2	0	1	NA	NA	NA	NA	NA	NA	NA	2	0	2	2	0	1	NA	NA	NA	NA	NA	NA
14	88147501	95875645	2	2	0	2	d	3	2	0	0.0712110713166	0.151453115477	2.215961	0.0841375218	2.131823	2	0	1	NA	NA	NA	NA	NA	NA	NA	3	0	3	2	0	1	NA	NA	NA	NA	NA	NA
14	95875646	96040428	3	3	0	2	d	3	2.63	0	0.0585965399236	0.171001024386	3	0	3	3	0	1	NA	NA	NA	NA	NA	NA	NA	5	0	5	3	0	1	NA	NA	NA	NA	NA	NA
14	96040429	107349539	2	2	0	2	d	3	2	0	0.0708906870593	0.231723525509	2.22052	0.0747418276	2.1457778	2	0	1	NA	NA	NA	NA	NA	NA	NA	3	0	3	2	0	1	NA	NA	NA	NA	NA	NA
15	1	15799999	NA	NA	NA	NA	NA	NA	NA	NA	NA	NA	NA	NA	NA	NA	NA	NA	NA	NA	NA	NA	NA	NA	NA	NA	NA	NA	NA	NA	NA	NA	NA	NA	NA	NA	NA
15	15800000	20699999	2	2	0	2	d	3	3	0	0.05	0.383225630161	NA	NA	NA	2	0	1	NA	NA	NA	NA	NA	NA	NA	2	0	2	2	0	1	NA	NA	NA	NA	NA	NA
15	20700000	22867499	2	2	0	2	d	3	3	0	0.05	0.664277765317	NA	NA	NA	2	0	1	NA	NA	NA	NA	NA	NA	NA	2	0	2	2	0	1	NA	NA	NA	NA	NA	NA
15	22867500	42878565	2	2	0	2	d	4	2	0	0.0814265793007	0.206241045144	2.24089	0.0942589342	2.1466306	2	0	1	NA	NA	NA	NA	NA	NA	NA	2	0	2	2	0	1	NA	NA	NA	NA	NA	NA
15	42878566	70421226	4	2	2	2	d	4	2	2	0.0569790418741	0.236467680687	4.134632	2.0673159277	2.0673159	2	2	1	NA	NA	NA	NA	NA	NA	NA	4	2	2	2	2	1	NA	NA	NA	NA	NA	NA
15	70421227	70487950	5	3	2	2	f	3	2	2	0.064338249175	0.282284578453	5	2	3	2	2	0.301634908294072	3	2	0.698365091705928	0.116157762653663	0.121927560241937	0.00709797736868022	0.484845281025955	8	4	4	3	2	1	NA	NA	NA	NA	NA	NA
15	70487951	70677894	4	2	2	2	d	3	2	2	0.0388542097486	0.200727107819	4.256813	2.1284063555	2.1284064	2	2	1	NA	NA	NA	NA	NA	NA	NA	7	3	4	2	2	1	NA	NA	NA	NA	NA	NA
15	70677895	87544291	5	3	2	2	d	3	2.63	2	0.0580124933135	0.257228162819	5	2	3	3	2	1	NA	NA	NA	NA	NA	NA	NA	6	3	3	3	2	1	NA	NA	NA	NA	NA	NA
15	87544292	102531391	5	3	2	2	d	3	2.63	1.86	0.0622702276025	0.261949398172	5	2	3	3	2	1	NA	NA	NA	NA	NA	NA	NA	6	3	3	3	2	1	NA	NA	NA	NA	NA	NA
16	85961	463907	2	2	0	2	e	3	1.37	0	0.07946291932	0.0955272665171	1.206063	0.0650939877	1.1409694	1	0	0.86677454153182	2	0	0.13322545846818	0.0448055688131472	0.0451695132977036	0.816222271004852	0.99529551456562	2	0	2	1	0	1	NA	NA	NA	NA	NA	NA
16	463908	19969997	2	2	0	2	d	3	2	0	0.0740843577998	0.190708027625	2.147649	0.0709159271	2.076733	2	0	1	NA	NA	NA	NA	NA	NA	NA	3	0	3	2	0	1	NA	NA	NA	NA	NA	NA
16	19969998	24255450	2	2	0	2	d	2	2	0	0.0649291492341	0.191350025709	2.107351	0.0839701012	2.0233804	2	0	1	NA	NA	NA	NA	NA	NA	NA	3	0	3	2	0	0.609838	1	0	0.390162	NA	NA	NA
16	24255451	31844791	6	4	2	2	d	3	4	2	0.0581744330249	0.300427795403	6.107371	2.051610015	4.055761	4	2	1	NA	NA	NA	NA	NA	NA	NA	8	3	5	4	2	1	NA	NA	NA	NA	NA	NA
16	31844792	34523489	4	2	2	2	d	2	2	2	0.05	0.359128683982	6.107371	2.051610015	4.055761	2	2	1	NA	NA	NA	NA	NA	NA	NA	4	1	3	3	1	0.506641	2	1	0.493359	NA	NA	NA
16	34523490	34599999	4	2	2	1	h	1	2	2	0.05	0.259234487484	NA	NA	NA	NA	NA	NA	NA	NA	NA	NA	NA	NA	NA	NA	NA	NA	3	1	0.506641	2	1	0.493359	NA	NA	NA
16	34600000	38599999	NA	NA	NA	NA	NA	NA	2	2	0.05	0.278282082431	2.803456	0.9173070561	1.8861493	1	0	0.719165767709458	1	1	0.280834232290542	0.0536320802574298	0.0548747468559867	0.557962609551755	0.771673571811634	2	1	1	NA	NA	NA	NA	NA	NA	NA	NA	NA
16	38600000	48830422	2	2	0	2	d	4	2	0	0.0775563118403	0.164787213301	2.24599	0.0724077473	2.1735823	2	0	1	NA	NA	NA	NA	NA	NA	NA	2	0	2	2	0	1	NA	NA	NA	NA	NA	NA
16	48830423	49566541	2	2	0	2	d	4	2	0	0.0883306843138	0.153251630771	2	0	2	2	0	1	NA	NA	NA	NA	NA	NA	NA	3	0	3	2	0	1	NA	NA	NA	NA	NA	NA
16	49566542	72929230	2	2	0	2	d	4	2	0	0.079377088481	0.169233101621	2.129029	0.0606119811	2.0684173	2	0	1	NA	NA	NA	NA	NA	NA	NA	2	0	2	2	0	1	NA	NA	NA	NA	NA	NA
16	72929231	72929260	2	2	0	2	d	3	2	0	0.05	0.1	2.129029	0.0606119811	2.0684173	2	0	1	NA	NA	NA	NA	NA	NA	NA	NA	NA	NA	2	0	1	NA	NA	NA	NA	NA	NA
16	72929261	90354752	2	2	0	2	d	3	2	0	0.0702610777338	0.160843067329	2.181183	0.075535402	2.105648	2	0	1	NA	NA	NA	NA	NA	NA	NA	3	0	3	2	0	1	NA	NA	NA	NA	NA	NA
17	20080	1023510	1	1	0	1	g	NA	1.2	0	0.0832721138328	0.140425414891	1.442511	0.2515889202	1.1909223	1	0	0.89895720963682	1	1	0.10104279036318	0.011349485412199	0.0114338066360135	0.87550889024864	0.920533381697287	2	0	2	1	0	0.654571	0	0	0.345429	NA	NA	NA
17	1023511	19500020	2	1	1	2	d	3	1	1	0.0580603268104	0.16707057903	2.428249	1.2141242752	1.2141243	1	1	1	NA	NA	NA	NA	NA	NA	NA	3	1	2	1	1	1	NA	NA	NA	NA	NA	NA
17	19500021	22199999	3	2	1	2	d	3	2	1	0.0668465101172	0.384429250167	3.524544	1.2853956128	2.2391482	2	1	1	NA	NA	NA	NA	NA	NA	NA	4	2	2	2	1	1	NA	NA	NA	NA	NA	NA
17	22200000	25799999	NA	NA	NA	NA	NA	NA	3	0	0.105460224858	0.314929916577	3	0	3	NA	NA	NA	NA	NA	NA	NA	NA	NA	NA	3	0	3	3	0	0.266667	2	0	0.733333	NA	NA	NA
17	25800000	28999968	3	3	0	2	d	3	3	0	0.0512008698593	0.150803032649	3.243124	0.084629463	3.1584944	3	0	1	NA	NA	NA	NA	NA	NA	NA	4	0	4	3	0	1	NA	NA	NA	NA	NA	NA
17	28999969	30782125	1	1	0	2	d	2	1	0	0.0923090693782	0.127371570532	1.364845	0.1014587988	1.2633867	1	0	0.881772752199332	2	0	0.118227247800668	0.0438676082454917	0.0441171325160013	0.803346434331841	0.969379230829951	2	0	2	1	0	1	NA	NA	NA	NA	NA	NA
17	30782126	32622048	2	2	0	3	b	5	2	0	0.0721512017633	0.156211554458	2	0	2	2	0	1	NA	NA	NA	NA	NA	NA	NA	2	0	2	2	0	1	NA	NA	NA	NA	NA	NA
17	32622049	57927514	3	2	1	2	d	2	2	1	0.0688424511814	0.219547349523	3.24834	1.1555979754	2.0927423	1	1	0.110032362459546	2	1	0.889967637540454	0.00983123650552341	0.00991851913578492	0.113683454062731	0.151667446193392	4	2	2	2	1	1	NA	NA	NA	NA	NA	NA
17	57927515	58011888	3	2	1	2	f	3	2	1	0.05	0.1	3.24834	1.1555979754	2.0927423	2	2	1	NA	NA	NA	NA	NA	NA	NA	7	3	4	2	2	0.0511795	2	1	0.94882	NA	NA	NA
17	58011889	58977499	3	2	1	2	d	2	2	1	0.0545598234998	0.231065216129	3.827916	1.2741856142	2.5537307	2	1	1	NA	NA	NA	NA	NA	NA	NA	4	1	3	2	2	0.0511795	2	1	0.94882	NA	NA	NA
17	58977500	59712500	5	4	1	2	f	3	4	1	0.0708643135039	0.364607811394	5.257925	1.3148307397	3.9430938	3	1	0.721176442661477	4	1	0.278823557338523	0.0826765114552019	0.0825589304426573	0.605188226840484	0.936290319920335	6	1	5	4	2	0.316116	4	1	0.683884	NA	NA	NA
17	59712501	67361857	4	3	1	2	d	2	3	1	0.0703195340354	0.250362396961	4.436535	1.2070792975	3.2294556	3	1	1	NA	NA	NA	NA	NA	NA	NA	6	2	4	4	2	0.316116	4	1	0.683884	NA	NA	NA
17	67361858	67379091	3	2	1	2	d	2	NA	NA	NA	NA	4.436535	1.2070792975	3.2294556	2	1	1	NA	NA	NA	NA	NA	NA	NA	3	1	2	NA	NA	NA	NA	NA	NA	NA	NA	NA
17	67379092	79835656	4	3	1	2	d	3	3	1	0.0633531622699	0.250371254233	4.287897	1.1489307214	3.1389664	3	1	1	NA	NA	NA	NA	NA	NA	NA	7	2	5	3	1	1	NA	NA	NA	NA	NA	NA
17	79835657	80428653	3	2	1	1	g	NA	NA	NA	NA	NA	3.24998	1.1297092642	2.1202708	3	2	1	NA	NA	NA	NA	NA	NA	NA	6	2	4	2	1	1	NA	NA	NA	NA	NA	NA
17	80428654	80484958	4	2	2	1	g	NA	NA	NA	NA	NA	3.24998	1.1297092642	2.1202708	NA	NA	NA	NA	NA	NA	NA	NA	NA	NA	7	3	4	2	2	1	NA	NA	NA	NA	NA	NA
17	80484959	80648029	3	2	1	2	f	2	NA	NA	NA	NA	3.457454	1.1772524688	2.2802018	NA	NA	NA	NA	NA	NA	NA	NA	NA	NA	6	2	4	2	1	1	NA	NA	NA	NA	NA	NA
17	80648030	80649497	3	2	1	2	f	2	NA	NA	NA	NA	3.457454	1.1772524688	2.2802018	NA	NA	NA	NA	NA	NA	NA	NA	NA	NA	NA	NA	NA	2	1	1	NA	NA	NA	NA	NA	NA
18	43848	125440	4	2	2	2	d	2	2	2	0.05	0.1	NA	NA	NA	NA	NA	NA	NA	NA	NA	NA	NA	NA	NA	6	3	3	2	2	1	NA	NA	NA	NA	NA	NA
18	125441	14145968	4	2	2	2	d	3	2	2	0.0541794129482	0.2484019934	4.238035	2.11901752	2.1190175	2	1	0.137795946176116	2	2	0.862204053823884	0.0101138698580676	0.0102147909903027	0.122850552163714	0.16270668691252	4	2	2	2	2	1	NA	NA	NA	NA	NA	NA
18	14145969	15399999	4	2	2	2	d	3	2	2	0.072127736112	0.398084314404	4.238035	2.11901752	2.1190175	NA	NA	NA	NA	NA	NA	NA	NA	NA	NA	4	2	2	2	2	1	NA	NA	NA	NA	NA	NA
18	15400000	18999999	4	2	2	2	d	4	2	2	0.0937371526626	0.278201889772	4.739514	2.3697567642	2.3697568	2	2	1	NA	NA	NA	NA	NA	NA	NA	4	2	2	2	2	1	NA	NA	NA	NA	NA	NA
18	19000000	38597500	4	2	2	2	d	3	2	2	0.0717702232691	0.273530033643	4	2	2	2	1	0.170747150696501	2	2	0.829252849303499	0.0116009709117392	0.0115739829779457	0.158494641625202	0.203934199484323	3	1	2	2	2	1	NA	NA	NA	NA	NA	NA
18	38597501	38836791	2	1	1	2	f	3	2	2	0.163389522319	0.312330611478	3.068801	1.5344005667	1.5344006	1	1	1	NA	NA	NA	NA	NA	NA	NA	1	0	1	2	1	0.329617	1	1	0.670383	NA	NA	NA
18	38836792	77902394	4	2	2	2	d	4	2	2	0.065160467699	0.284526555167	4	2	2	2	1	0.130906148867316	2	2	0.869093851132684	0.00704891496699309	0.00685785174323966	0.136241847681682	0.162677930943594	4	2	2	2	2	1	NA	NA	NA	NA	NA	NA
19	102500	265224	4	4	0	2	f	2	4.38	0	0.05	0.1	NA	NA	NA	3	0	1	NA	NA	NA	NA	NA	NA	NA	NA	NA	NA	4	0	1	NA	NA	NA	NA	NA	NA
19	265225	9055281	4	4	0	2	d	2	4.38	0	0.0359456552882	0.231469845227	4.131746	0.0746813167	4.0570645	4	0	1	NA	NA	NA	NA	NA	NA	NA	7	0	7	4	0	1	NA	NA	NA	NA	NA	NA
19	9055282	10550060	4	4	0	2	d	2	4.38	0	0.0328458163336	0.243980462005	4.14238	0.0645691055	4.0778114	4	0	1	NA	NA	NA	NA	NA	NA	NA	6	0	6	4	0	1	NA	NA	NA	NA	NA	NA
19	10550061	18975738	2	2	0	2	d	3	2	0	0.0675274168618	0.146907180305	2.14292	0.0659461679	2.0769739	2	0	1	NA	NA	NA	NA	NA	NA	NA	4	0	4	2	0	1	NA	NA	NA	NA	NA	NA
19	18975739	19603194	4	2	2	2	e	4	2	1.86	0.0347064661538	0.201063081553	3.835318	1.9176587938	1.9176588	2	1	0.335656791967474	2	2	0.664343208032526	0.0379973198219571	0.0383690730514601	0.224220631117271	0.378914980940717	7	3	4	2	2	1	NA	NA	NA	NA	NA	NA
19	19603195	22297136	2	2	0	2	d	3	2	0	0.0725984880328	0.219162241629	2.318716	0.1262432794	2.1924731	2	0	1	NA	NA	NA	NA	NA	NA	NA	2	0	2	2	0	0.545445	1	0	0.454555	NA	NA	NA
19	22297137	24399999	4	2	2	2	d	4	2	2	0.0505063937306	0.27723098935	4	2	2	2	1	0.302091112770723	2	2	0.697908887229277	0.0258354668036982	0.0252706450277712	0.275350006937399	0.373117441766802	4	2	2	2	2	1	NA	NA	NA	NA	NA	NA
19	24400000	28599999	NA	NA	NA	NA	NA	NA	1.86	1	0.0882936513055	0.413208104739	3	1	2	NA	NA	NA	NA	NA	NA	NA	NA	NA	NA	2	1	1	2	1	1	NA	NA	NA	NA	NA	NA
19	28600000	37007085	3	2	1	2	d	2	1.86	1	0.0703449047074	0.183935261634	3.218954	1.092339803	2.1266147	2	1	1	NA	NA	NA	NA	NA	NA	NA	5	2	3	2	1	1	NA	NA	NA	NA	NA	NA
19	37007086	47883326	2	1	1	2	d	3	1	1	0.0624410560427	0.219934849528	2.289315	1.144657529	1.1446575	1	1	1	NA	NA	NA	NA	NA	NA	NA	3	1	2	1	1	1	NA	NA	NA	NA	NA	NA
19	47883327	47983051	4	2	2	2	f	1	2	1	0.05	0.1	2.94149	1.0963394796	1.8451507	1	1	1	NA	NA	NA	NA	NA	NA	NA	5	2	3	2	1	1	NA	NA	NA	NA	NA	NA
19	47983052	58483869	2	1	1	2	d	2	1	1	0.0586099422106	0.288632529345	2.251894	1.1259469635	1.125947	1	0	0.0898957209636805	1	1	0.91010427903632	0.00718981665009408	0.00728522964200855	0.0865247965514327	0.114692671308867	4	2	2	1	1	1	NA	NA	NA	NA	NA	NA
20	108496	20040800	3	2	1	2	d	3	1.77	0.86	0.077490467818	0.1905890446	3.100186	1.0401565722	2.0600289	2	1	1	NA	NA	NA	NA	NA	NA	NA	3	1	2	2	1	1	NA	NA	NA	NA	NA	NA
20	20040801	24872500	3	2	1	2	d	2	1.77	0.86	0.0663245909098	0.165808854097	3.183137	1.1093141952	2.0738224	2	1	1	NA	NA	NA	NA	NA	NA	NA	4	2	2	2	1	1	NA	NA	NA	NA	NA	NA
20	24872501	29466683	NA	NA	NA	NA	NA	NA	1.62	1.62	0.0401913304549	0.247040616243	4	2	2	NA	NA	NA	NA	NA	NA	NA	NA	NA	NA	5	2	3	2	2	1	NA	NA	NA	NA	NA	NA
20	29466684	29900047	4	2	2	2	e	5	1.62	1.62	0.05	0.238488990679	3.422619	1.7113096095	1.7113096	2	1	0.367577530594314	2	2	0.632422469405686	0.0818240060696818	0.0841780090974581	0.19201115237286	0.51893205297445	4	2	2	2	2	0.585687	2	1	0.414313	NA	NA	NA
20	29900048	32572729	4	2	2	2	d	2	1.62	1.62	0.0406314200094	0.194661082304	4.204146	2.1020729247	2.1020729	2	2	1	NA	NA	NA	NA	NA	NA	NA	7	3	4	2	2	1	NA	NA	NA	NA	NA	NA
20	32572730	33591874	3	2	1	2	e	4	1.77	1	0.063573980982	0.206048301964	3.600447	1.3832724689	2.217175	2	1	0.812520924004021	2	2	0.187479075995979	0.0358285069158335	0.0370562477263337	0.703264054122803	0.848871419369834	5	2	3	2	2	0.213881	2	1	0.786119	NA	NA	NA
20	33591875	33592309	3	2	1	2	f	2	NA	NA	NA	NA	3.600447	1.3832724689	2.217175	NA	NA	NA	NA	NA	NA	NA	NA	NA	NA	NA	NA	NA	2	2	0.213881	2	1	0.786119	NA	NA	NA
20	33592310	37460823	4	2	2	2	d	2	1.7	1.7	0.0479657650747	0.227402092104	4.207701	2.1038503075	2.1038503	2	2	1	NA	NA	NA	NA	NA	NA	NA	6	3	3	2	2	1	NA	NA	NA	NA	NA	NA
20	37460824	39520437	4	2	2	2	e	3	2.23	1.51	0.0646828504362	0.246365912102	4.528752	1.8433519334	2.6854001	2	1	0.714033539276261	2	2	0.285966460723739	0.0213227330903511	0.0220161531109082	0.649764851335523	0.738842896450628	5	2	3	2	2	1	NA	NA	NA	NA	NA	NA
20	39520438	39521411	4	2	2	1	g	NA	2.23	1.51	0.05	0.1	4.528752	1.8433519334	2.6854001	2	0	1	NA	NA	NA	NA	NA	NA	NA	6	1	5	2	2	1	NA	NA	NA	NA	NA	NA
20	39521412	63025519	5	3	2	2	d	3	2.23	1.51	0.0570428689648	0.214950023521	5	2	3	3	2	1	NA	NA	NA	NA	NA	NA	NA	7	3	4	3	2	1	NA	NA	NA	NA	NA	NA
21	1	9417499	NA	NA	NA	NA	NA	NA	NA	NA	NA	NA	NA	NA	NA	NA	NA	NA	NA	NA	NA	NA	NA	NA	NA	NA	NA	NA	2	0	0.557435	2	1	0.442565	NA	NA	NA
21	9417500	10899999	NA	NA	NA	NA	NA	NA	NA	NA	NA	NA	NA	NA	NA	NA	NA	NA	NA	NA	NA	NA	NA	NA	NA	NA	NA	NA	2	0	0.557435	2	1	0.442565	NA	NA	NA
21	10900000	15273231	2	2	0	2	f	1	2.14	0	0.05	0.537364488192	NA	NA	NA	NA	NA	NA	NA	NA	NA	NA	NA	NA	NA	2	1	1	2	0	0.557435	2	1	0.442565	NA	NA	NA
21	15273232	24379933	2	2	0	2	d	2	2.14	0	0.112765667045	0.216572145404	2.290453	0.1205905312	2.1698621	2	0	1	NA	NA	NA	NA	NA	NA	NA	1	0	1	2	0	1	NA	NA	NA	NA	NA	NA
21	24379934	25462499	2	2	0	2	e	4	2.14	0	0.113275289719	0.230230162561	2.534715	0.1694430613	2.3652722	2	0	1	NA	NA	NA	NA	NA	NA	NA	1	0	1	2	0	0.886361	2	1	0.113639	NA	NA	NA
21	25462500	48129894	2	2	0	2	d	4	2	0	0.0780923031592	0.172694312839	2.217663	0.0803198605	2.1373434	2	0	1	NA	NA	NA	NA	NA	NA	NA	2	0	2	2	0	1	NA	NA	NA	NA	NA	NA
22	1	12199999	NA	NA	NA	NA	NA	NA	NA	NA	NA	NA	NA	NA	NA	NA	NA	NA	NA	NA	NA	NA	NA	NA	NA	NA	NA	NA	NA	NA	NA	NA	NA	NA	NA	NA	NA
22	12200000	17899999	2	1	1	2	f	3	1.2	1.2	0.049919442394	0.306327788151	2.530638	1.2653191525	1.2653192	1	1	0.707678659279585	2	1	0.292321340720415	0.0369651916592362	0.0373978710497428	0.631725803145172	0.779605773592284	3	1	2	1	1	1	NA	NA	NA	NA	NA	NA
22	17900000	18285771	2	1	1	2	e	4	1	1	0.05	0.17593555989	2.784888	1.1546372287	1.630251	1	1	0.707678659279585	2	1	0.292321340720415	0.0369651916592362	0.0373978710497428	0.631725803145172	0.779605773592284	4	2	2	2	1	0.530667	1	1	0.469333	NA	NA	NA
22	18285772	18309496	2	1	1	2	f	2	1	1	0.05	0.1	2.784888	1.1546372287	1.630251	1	0	0.431499460625675	1	1	0.568500539374325	NA	0	0.431499460625675	0.431499460625675	NA	NA	NA	3	1	1	NA	NA	NA	NA	NA	NA
22	18309497	22925007	4	3	1	2	d	2	3.14	1	0.0581021046154	0.291565294719	4.428616	1.1175855215	3.3110305	3	1	1	NA	NA	NA	NA	NA	NA	NA	7	2	5	3	1	1	NA	NA	NA	NA	NA	NA
22	22925008	29065487	5	4	1	2	d	3	4	1	0.0497127252023	0.283897223905	5.190053	1.0873785945	4.102674	4	1	1	NA	NA	NA	NA	NA	NA	NA	8	2	6	4	1	1	NA	NA	NA	NA	NA	NA
22	29065488	29786061	5	4	1	2	d	3	4	1	0.0724431681291	0.251077758343	5.48748	1.1824600277	4.3050201	4	1	1	NA	NA	NA	NA	NA	NA	NA	8	2	6	4	1	1	NA	NA	NA	NA	NA	NA
22	29786062	31162209	8	7	1	2	f	3	14	1	0.0326251646565	0.375285728232	8.489608	1.1123026968	7.3773054	7	1	1	NA	NA	NA	NA	NA	NA	NA	8	1	7	8	1	1	NA	NA	NA	NA	NA	NA
22	31162210	32403191	7	6	1	2	f	3	6	1	0.0361187448071	0.307270696163	7.363848	1.1227860971	6.2410624	6	1	1	NA	NA	NA	NA	NA	NA	NA	8	1	7	8	1	1	NA	NA	NA	NA	NA	NA
22	32403192	33419983	4	3	1	2	d	2	3.14	1	0.0680330154785	0.187209543033	4.30533	1.1118517461	3.1934782	3	1	1	NA	NA	NA	NA	NA	NA	NA	6	2	4	3	1	1	NA	NA	NA	NA	NA	NA
22	33419984	35377826	2	1	1	2	d	3	1	1	0.0638553031999	0.157462657261	2.127162	1.0635810747	1.0635811	1	0	0.124470998257406	1	1	0.875529001742594	0.0203074617604215	0.0205267510426916	0.0788284285424762	0.160460799689284	2	1	1	1	1	1	NA	NA	NA	NA	NA	NA
22	35377827	51304565	2	1	1	2	d	2	1	1	0.0500991355774	0.151301971625	2.235338	1.1176687925	1.1176688	1	0	0.0674217907227593	1	1	0.932578209277241	0.00552261935918971	0.00542263103762934	0.0549495243051474	0.0763267758836109	4	2	2	1	1	1	NA	NA	NA	NA	NA	NA
X	824005	9226916	2	2	0	3	b	2	NA	NA	NA	NA	2	0	2	NA	NA	NA	NA	NA	NA	NA	NA	NA	NA	2	0	2	NA	NA	NA	NA	NA	NA	NA	NA	NA
X	9226917	9554815	1	1	0	1	h	1	NA	NA	NA	NA	1.32013	0	1.32013	NA	NA	NA	NA	NA	NA	NA	NA	NA	NA	2	0	2	NA	NA	NA	NA	NA	NA	NA	NA	NA
X	9554816	12957150	2	2	0	3	b	2	NA	NA	NA	NA	2	0	2	NA	NA	NA	NA	NA	NA	NA	NA	NA	NA	2	0	2	NA	NA	NA	NA	NA	NA	NA	NA	NA
X	12957151	13514431	3	3	0	3	b	2	NA	NA	NA	NA	3	0	3	NA	NA	NA	NA	NA	NA	NA	NA	NA	NA	3	0	3	NA	NA	NA	NA	NA	NA	NA	NA	NA
X	13514432	21841687	2	2	0	3	b	2	NA	NA	NA	NA	2	0	2	NA	NA	NA	NA	NA	NA	NA	NA	NA	NA	2	0	2	NA	NA	NA	NA	NA	NA	NA	NA	NA
X	21841688	22173464	3	3	0	1	h	1	NA	NA	NA	NA	3.41564	0	3.41564	NA	NA	NA	NA	NA	NA	NA	NA	NA	NA	4	0	4	NA	NA	NA	NA	NA	NA	NA	NA	NA
X	22173465	23626154	2	2	0	1	h	1	NA	NA	NA	NA	2.10031	0	2.10031	NA	NA	NA	NA	NA	NA	NA	NA	NA	NA	2	0	2	NA	NA	NA	NA	NA	NA	NA	NA	NA
X	23626155	24044263	3	3	0	1	h	1	NA	NA	NA	NA	3.343307	0	3.343307	NA	NA	NA	NA	NA	NA	NA	NA	NA	NA	4	0	4	NA	NA	NA	NA	NA	NA	NA	NA	NA
X	24044264	24203369	2	2	0	1	h	1	NA	NA	NA	NA	2.452451	0	2.452451	NA	NA	NA	NA	NA	NA	NA	NA	NA	NA	3	0	3	NA	NA	NA	NA	NA	NA	NA	NA	NA
X	24203370	24523528	3	3	0	1	h	1	NA	NA	NA	NA	3.22855	0	3.22855	NA	NA	NA	NA	NA	NA	NA	NA	NA	NA	4	0	4	NA	NA	NA	NA	NA	NA	NA	NA	NA
X	24523529	58099999	2	2	0	3	b	2	NA	NA	NA	NA	2	0	2	NA	NA	NA	NA	NA	NA	NA	NA	NA	NA	2	0	2	NA	NA	NA	NA	NA	NA	NA	NA	NA
X	58100000	62999999	2	2	0	1	h	1	NA	NA	NA	NA	2	0	2	NA	NA	NA	NA	NA	NA	NA	NA	NA	NA	1	0	1	NA	NA	NA	NA	NA	NA	NA	NA	NA
X	63000000	127692438	2	2	0	1	h	1	NA	NA	NA	NA	2	0	2	NA	NA	NA	NA	NA	NA	NA	NA	NA	NA	1	0	1	NA	NA	NA	NA	NA	NA	NA	NA	NA
X	127692439	127695471	2	2	0	1	h	1	NA	NA	NA	NA	2.23585	0	2.23585	NA	NA	NA	NA	NA	NA	NA	NA	NA	NA	2	0	2	NA	NA	NA	NA	NA	NA	NA	NA	NA
X	127695472	155270559	2	2	0	3	b	2	NA	NA	NA	NA	2	0	2	NA	NA	NA	NA	NA	NA	NA	NA	NA	NA	2	0	2	NA	NA	NA	NA	NA	NA	NA	NA	NA
Y	1	11599999	1	1	0	1	h	1	NA	NA	NA	NA	1.173565	0	1.173565	NA	NA	NA	NA	NA	NA	NA	NA	NA	NA	NA	NA	NA	NA	NA	NA	NA	NA	NA	NA	NA	NA
Y	11600000	13399999	1	1	0	1	h	1	NA	NA	NA	NA	1.466513	0	1.466513	NA	NA	NA	NA	NA	NA	NA	NA	NA	NA	NA	NA	NA	NA	NA	NA	NA	NA	NA	NA	NA	NA
Y	13400000	59373565	1	1	0	1	h	1	NA	NA	NA	NA	1	0	1	NA	NA	NA	NA	NA	NA	NA	NA	NA	NA	NA	NA	NA	NA	NA	NA	NA	NA	NA	NA	NA	NA
