chromosome	start	end	total_cn	major_cn	minor_cn	star	level	methods_agree	absolute_broad_major_cn	absolute_broad_minor_cn	absolute_broad_het_error	absolute_broad_cov_error	aceseq_copy_number	aceseq_minor_cn	aceseq_major_cn	battenberg_nMaj1_A	battenberg_nMin1_A	battenberg_frac1_A	battenberg_nMaj2_A	battenberg_nMin2_A	battenberg_frac2_A	battenberg_SDfrac_A	battenberg_SDfrac_A_BS	battenberg_frac1_A_0.025	battenberg_frac1_A_0.975	clonehd_copy_number	clonehd_minor_cn	clonehd_major_cn	sclust_nMaj1_A	sclust_nMin1_A	sclust_frac1_A	sclust_nMaj2_A	sclust_nMin2_A	sclust_frac2_A	jabba_copy_number	jabba_minor_cn	jabba_major_cn
1	10001	791559	2	1	1	2	d	4	1	1	0.05	1.16239554344	NA	NA	NA	NA	NA	NA	NA	NA	NA	NA	NA	NA	NA	2	1	1	1	1	1	NA	NA	NA	2	1	1
1	791560	121499999	2	1	1	3	a	6	1	1	0.0553361485265	0.101406026662	2	1	1	1	1	1	NA	NA	NA	NA	NA	NA	NA	2	1	1	1	1	1	NA	NA	NA	2	1	1
1	121500000	128899999	2	1	1	3	b	5	1	1	0.05	0.1	2	1	1	1	1	1	NA	NA	NA	NA	NA	NA	NA	NA	NA	NA	1	1	1	NA	NA	NA	2	1	1
1	128900000	247247500	2	1	1	3	a	6	1	1	0.0539148864816	0.222762956329	2	1	1	1	1	1	NA	NA	NA	NA	NA	NA	NA	2	1	1	1	1	1	NA	NA	NA	2	1	1
1	247247501	249250620	2	1	1	3	b	5	NA	NA	NA	NA	2	1	1	1	1	1	NA	NA	NA	NA	NA	NA	NA	2	1	1	1	1	1	NA	NA	NA	2	1	1
2	13133	89179989	2	1	1	3	a	6	1	1	0.0535186757174	0.0972621280333	2	1	1	1	1	1	NA	NA	NA	NA	NA	NA	NA	2	1	1	1	1	1	NA	NA	NA	2	1	1
2	89179990	89521002	1	1	0	2	d	3	NA	NA	NA	NA	2	1	1	1	0	1	NA	NA	NA	NA	NA	NA	NA	1	0	1	1	1	1	NA	NA	NA	1	0	1
2	89521003	96799999	NA	NA	NA	NA	NA	NA	1	1	0.0632615603232	0.169551249731	NA	NA	NA	NA	NA	NA	NA	NA	NA	NA	NA	NA	NA	2	1	1	1	1	1	NA	NA	NA	2	1	1
2	96800000	242983963	2	1	1	3	a	6	1	1	0.0527174764369	0.0972711009665	2	1	1	1	1	1	NA	NA	NA	NA	NA	NA	NA	2	1	1	1	1	1	NA	NA	NA	2	1	1
3	100074	47835004	2	1	1	3	a	6	1	1	0.0546931239538	0.0974517406946	2	1	1	1	1	1	NA	NA	NA	NA	NA	NA	NA	2	1	1	1	1	1	NA	NA	NA	2	1	1
3	47835005	52710048	1	1	0	2	d	5	1	0	0.0863334793444	0.0841000341211	1	0	1	1	0	0.959157336681664	1	1	0.040842663318336	0.0133804194891702	0.0137325923333179	0.920954838864163	0.974565071095964	1	0	1	1	0	1	NA	NA	NA	1	0	1
3	52710049	60423255	2	1	1	3	a	6	1	1	0.058366822672	0.0943043714817	2	1	1	1	1	1	NA	NA	NA	NA	NA	NA	NA	2	1	1	1	1	1	NA	NA	NA	2	1	1
3	60423256	60458901	1	1	0	3	a	6	1	0	0.05	0.1	1	0	1	1	0	1	NA	NA	NA	NA	NA	NA	NA	1	0	1	1	0	1	NA	NA	NA	1	0	1
3	60458902	60755641	2	1	1	3	a	6	1	1	0.0538617535761	0.116045378062	2	1	1	1	1	1	NA	NA	NA	NA	NA	NA	NA	2	1	1	1	1	1	NA	NA	NA	2	1	1
3	60755642	60777563	1	1	0	2	d	4	1	0	0.05	0.1	2	1	1	1	0	1	NA	NA	NA	NA	NA	NA	NA	1	0	1	1	1	1	NA	NA	NA	1	0	1
3	60777564	87899999	2	1	1	3	a	6	1	1	0.0522159746562	0.0916701447109	2	1	1	1	1	1	NA	NA	NA	NA	NA	NA	NA	2	1	1	1	1	1	NA	NA	NA	2	1	1
3	87900000	93899999	2	1	1	3	a	6	1	1	0.0482708207739	0.123756535793	2	1	1	1	1	1	NA	NA	NA	NA	NA	NA	NA	2	1	1	1	1	1	NA	NA	NA	2	1	1
3	93900000	198022429	2	1	1	3	a	6	1	1	0.0514062614367	0.0980409096195	2	1	1	1	1	1	NA	NA	NA	NA	NA	NA	NA	2	1	1	1	1	1	NA	NA	NA	2	1	1
4	9997	11396492	2	1	1	2	d	5	1	1	0.0556212101359	0.112913178724	2	1	1	1	0	0.0917853910700126	1	1	0.908214608929987	0.00841660865233745	0.00839555514156221	0.0791237060707157	0.112599837662574	2	1	1	1	1	1	NA	NA	NA	2	1	1
4	11396493	11396650	2	1	1	2	d	4	1	1	0.05	0.1	2	1	1	NA	NA	NA	NA	NA	NA	NA	NA	NA	NA	NA	NA	NA	1	1	1	NA	NA	NA	2	1	1
4	11396651	48199999	2	1	1	3	a	6	1	1	0.0518334547537	0.0926272233908	2	1	1	1	1	1	NA	NA	NA	NA	NA	NA	NA	2	1	1	1	1	1	NA	NA	NA	2	1	1
4	48200000	52699999	2	1	1	3	a	6	1	1	0.0551767508248	0.202870481774	2	1	1	1	1	1	NA	NA	NA	NA	NA	NA	NA	2	1	1	1	1	1	NA	NA	NA	2	1	1
4	52700000	191154275	2	1	1	3	a	6	1	1	0.0515115617389	0.0964734397381	2	1	1	1	1	1	NA	NA	NA	NA	NA	NA	NA	2	1	1	1	1	1	NA	NA	NA	2	1	1
5	22500	855090	2	1	1	2	d	3	1	1	0.0429416312755	0.2840802896	2	1	1	NA	NA	NA	NA	NA	NA	NA	NA	NA	NA	NA	NA	NA	1	0	0.606199	1	1	0.393801	2	1	1
5	855091	46099999	2	1	1	3	a	6	1	1	0.0520615352587	0.0966506616671	2	1	1	1	1	1	NA	NA	NA	NA	NA	NA	NA	2	1	1	1	1	1	NA	NA	NA	2	1	1
5	46100000	50699999	2	1	1	2	d	5	1	1	0.0425535172223	0.100335326172	2.115779	1.057889538	1.0578895	1	1	1	NA	NA	NA	NA	NA	NA	NA	2	1	1	1	1	1	NA	NA	NA	2	1	1
5	50700000	180689978	2	1	1	3	a	6	1	1	0.0530525141689	0.0971701160796	2	1	1	1	1	1	NA	NA	NA	NA	NA	NA	NA	2	1	1	1	1	1	NA	NA	NA	2	1	1
6	39681	242500	2	1	1	2	d	4	1	1	0.05	0.1	2.115219	1.057609326	1.0576093	1	1	1	NA	NA	NA	NA	NA	NA	NA	NA	NA	NA	1	1	1	NA	NA	NA	2	1	1
6	242501	5552499	2	1	1	3	a	6	1	1	0.0505284352476	0.109724342597	2	1	1	1	1	1	NA	NA	NA	NA	NA	NA	NA	2	1	1	1	1	1	NA	NA	NA	2	1	1
6	5552500	5778333	4	3	1	2	e	1	3	1	0.0592792397053	0.116508175957	1.962497	0.425845598	1.5366518	2	0	0.371961215165151	2	1	0.628038784834849	0.0557823272527431	0.0554418136775676	0.154965277860362	0.375460366925686	NA	NA	NA	2	0	0.426408	2	1	0.573592	2	1	1
6	5778334	44429931	2	1	1	3	a	6	1	1	0.0575498053392	0.116565052579	2	1	1	1	1	1	NA	NA	NA	NA	NA	NA	NA	2	1	1	1	1	1	NA	NA	NA	2	1	1
6	44429932	44430043	2	1	1	2	d	4	1	1	0.05	0.1	2	1	1	NA	NA	NA	NA	NA	NA	NA	NA	NA	NA	1	0	1	1	1	1	NA	NA	NA	2	1	1
6	44430044	44436961	1	1	0	2	d	2	1	1	0.05	0.1	NA	NA	NA	NA	NA	NA	NA	NA	NA	NA	NA	NA	NA	1	0	1	1	0	1	NA	NA	NA	NA	NA	NA
6	44436962	47029473	1	1	0	3	a	6	1	0	0.0842952076841	0.0709744457263	1	0	1	1	0	1	NA	NA	NA	NA	NA	NA	NA	1	0	1	1	0	1	NA	NA	NA	1	0	1
6	47029474	58699999	2	1	1	3	a	6	1	1	0.0543954746275	0.095873813624	2	1	1	1	1	1	NA	NA	NA	NA	NA	NA	NA	2	1	1	1	1	1	NA	NA	NA	2	1	1
6	58700000	63299999	2	1	1	3	b	5	1	1	0.05	0.112775048923	2	1	1	NA	NA	NA	NA	NA	NA	NA	NA	NA	NA	2	1	1	1	1	1	NA	NA	NA	2	1	1
6	63300000	99507116	2	1	1	3	a	6	1	1	0.051631069135	0.100161553237	2	1	1	1	1	1	NA	NA	NA	NA	NA	NA	NA	2	1	1	1	1	1	NA	NA	NA	2	1	1
6	99507117	170899934	1	1	0	3	a	6	1	0	0.087823069667	0.0751162038234	1	0	1	1	0	1	NA	NA	NA	NA	NA	NA	NA	1	0	1	1	0	1	NA	NA	NA	1	0	1
7	40386	57999999	2	1	1	3	a	6	1	1	0.0535492274102	0.098147285538	2	1	1	1	1	1	NA	NA	NA	NA	NA	NA	NA	2	1	1	1	1	1	NA	NA	NA	2	1	1
7	58000000	61699999	2	1	1	3	b	5	1	1	0.05	0.11301113329	2	1	1	NA	NA	NA	NA	NA	NA	NA	NA	NA	NA	2	1	1	1	1	1	NA	NA	NA	2	1	1
7	61700000	158817500	2	1	1	3	a	6	1	1	0.0551019124679	0.10078904014	2	1	1	1	1	1	NA	NA	NA	NA	NA	NA	NA	2	1	1	1	1	1	NA	NA	NA	2	1	1
8	10001	170011	2	1	1	2	d	4	1	1	0.05	0.1	NA	NA	NA	1	0	0.830979038052388	2	0	0.169020961947612	NA	0	0.830979038052388	0.830979038052388	2	1	1	1	1	1	NA	NA	NA	2	1	1
8	170012	6693995	2	1	1	3	a	6	1	1	0.0526896474259	0.137204449672	2	1	1	1	1	1	NA	NA	NA	NA	NA	NA	NA	2	1	1	1	1	1	NA	NA	NA	2	1	1
8	6693996	42947781	1	1	0	3	a	6	1	0	0.0908846376062	0.0984173810192	1	0	1	1	0	1	NA	NA	NA	NA	NA	NA	NA	1	0	1	1	0	1	NA	NA	NA	1	0	1
8	42947782	48099999	NA	NA	NA	NA	NA	NA	1	1	0.0443257883848	0.200207964208	2.134837	1.067418668	1.0674187	NA	NA	NA	NA	NA	NA	NA	NA	NA	NA	2	1	1	1	1	1	NA	NA	NA	2	1	1
8	48100000	146364021	2	1	1	3	a	6	1	1	0.0520968020375	0.0973249832957	2	1	1	1	1	1	NA	NA	NA	NA	NA	NA	NA	2	1	1	1	1	1	NA	NA	NA	2	1	1
9	10001	6797514	2	1	1	3	a	6	1	1	0.0538083678747	0.095830561206	2	1	1	1	1	1	NA	NA	NA	NA	NA	NA	NA	2	1	1	1	1	1	NA	NA	NA	2	1	1
9	6797515	6998028	1	1	0	3	a	6	1	0	0.0859486190489	0.0601802845767	1	0	1	1	0	1	NA	NA	NA	NA	NA	NA	NA	1	0	1	1	0	1	NA	NA	NA	1	0	1
9	6998029	21828513	2	1	1	3	a	6	1	1	0.050517873699	0.101638551644	2	1	1	1	1	1	NA	NA	NA	NA	NA	NA	NA	2	1	1	1	1	1	NA	NA	NA	2	1	1
9	21828514	21838149	0	0	0	1	g	NA	1	1	0.05	0.1	2	1	1	1	0	1	NA	NA	NA	NA	NA	NA	NA	1	0	1	0	0	1	NA	NA	NA	1	0	1
9	21838150	22037138	0	0	0	2	d	4	0	0	0.05	0.0566921852971	NA	NA	NA	0	0	1	NA	NA	NA	NA	NA	NA	NA	1	0	1	0	0	1	NA	NA	NA	0	0	0
9	22037139	23429437	1	1	0	3	a	6	1	0	0.0814910075407	0.0677390284547	1	0	1	1	0	1	NA	NA	NA	NA	NA	NA	NA	1	0	1	1	0	1	NA	NA	NA	1	0	1
9	23429438	47299999	2	1	1	3	a	6	1	1	0.0523557607782	0.114592756187	2	1	1	1	1	1	NA	NA	NA	NA	NA	NA	NA	2	1	1	1	1	1	NA	NA	NA	2	1	1
9	47300000	50699999	2	1	1	2	d	4	1	1	0.05	0.1	2	1	1	NA	NA	NA	NA	NA	NA	NA	NA	NA	NA	NA	NA	NA	1	1	1	NA	NA	NA	2	1	1
9	50700000	140267500	2	1	1	3	a	6	1	1	0.0543617754253	0.095638922802	2	1	1	1	1	1	NA	NA	NA	NA	NA	NA	NA	2	1	1	1	1	1	NA	NA	NA	2	1	1
10	10001	102499	2	1	1	2	d	3	1	1	0.05	0.1	NA	NA	NA	2	1	1	NA	NA	NA	NA	NA	NA	NA	1	0	1	1	1	1	NA	NA	NA	2	1	1
10	102500	37999999	2	1	1	3	a	6	1	1	0.0524300601137	0.0958922188178	2	1	1	1	1	1	NA	NA	NA	NA	NA	NA	NA	2	1	1	1	1	1	NA	NA	NA	2	1	1
10	38000000	42299999	2	1	1	3	b	5	1	1	0.05	0.111062318424	2	1	1	1	1	1	NA	NA	NA	NA	NA	NA	NA	2	1	1	NA	NA	NA	NA	NA	NA	2	1	1
10	42300000	119448873	2	1	1	3	a	6	1	1	0.0545035221861	0.0999675401132	2	1	1	1	1	1	NA	NA	NA	NA	NA	NA	NA	2	1	1	1	1	1	NA	NA	NA	2	1	1
10	119448874	119959639	1	1	0	3	a	6	1	0	0.0898091757341	0.0768626695716	1	0	1	1	0	1	NA	NA	NA	NA	NA	NA	NA	1	0	1	1	0	1	NA	NA	NA	1	0	1
10	119959640	120876862	2	1	1	3	a	6	1	1	0.0525378413656	0.0981997410561	2	1	1	1	1	1	NA	NA	NA	NA	NA	NA	NA	2	1	1	1	1	1	NA	NA	NA	2	1	1
10	120876863	121937277	1	1	0	3	a	6	1	0	0.0790717666082	0.0818984587497	1	0	1	1	0	1	NA	NA	NA	NA	NA	NA	NA	1	0	1	1	0	1	NA	NA	NA	1	0	1
10	121937278	122480603	2	1	1	3	a	6	1	1	0.0576229728556	0.0920981186616	2	1	1	1	1	1	NA	NA	NA	NA	NA	NA	NA	2	1	1	1	1	1	NA	NA	NA	2	1	1
10	122480604	124021549	1	1	0	2	d	5	1	0	0.0949106005991	0.074384811646	1	0	1	1	0	0.951230416543799	1	1	0.0487695834562006	0.0120708316397122	0.0121719210897591	0.93358484626409	0.983728997888029	1	0	1	1	0	1	NA	NA	NA	1	0	1
10	124021550	124738993	2	1	1	3	a	6	1	1	0.0602486103431	0.0924352278079	2	1	1	1	1	1	NA	NA	NA	NA	NA	NA	NA	2	1	1	1	1	1	NA	NA	NA	2	1	1
10	124738994	124739033	2	1	1	2	d	4	1	1	0.05	0.1	2	1	1	NA	NA	NA	NA	NA	NA	NA	NA	NA	NA	1	0	1	1	1	1	NA	NA	NA	2	1	1
10	124739034	124747854	1	1	0	2	d	2	1	1	0.05	0.1	NA	NA	NA	NA	NA	NA	NA	NA	NA	NA	NA	NA	NA	1	0	1	1	0	1	NA	NA	NA	NA	NA	NA
10	124747855	135389304	1	1	0	3	a	6	1	0	0.0911852981826	0.0839058187371	1	0	1	1	0	1	NA	NA	NA	NA	NA	NA	NA	1	0	1	1	0	1	NA	NA	NA	1	0	1
11	20721	190009	2	1	1	2	d	3	1	1	0.05	0.1	NA	NA	NA	NA	NA	NA	NA	NA	NA	NA	NA	NA	NA	NA	NA	NA	1	1	1	NA	NA	NA	2	1	1
11	190010	51599999	2	1	1	3	a	6	1	1	0.0530953427271	0.111383673838	2	1	1	1	1	1	NA	NA	NA	NA	NA	NA	NA	2	1	1	1	1	1	NA	NA	NA	2	1	1
11	51600000	55699999	2	1	1	3	a	6	1	1	0.0418830872996	0.168475777478	2	1	1	1	1	1	NA	NA	NA	NA	NA	NA	NA	2	1	1	1	1	1	NA	NA	NA	2	1	1
11	55700000	97431877	2	1	1	3	a	6	1	1	0.0523900939773	0.100780137075	2	1	1	1	1	1	NA	NA	NA	NA	NA	NA	NA	2	1	1	1	1	1	NA	NA	NA	2	1	1
11	97431878	97436018	2	1	1	1	g	NA	1	1	0.05	0.1	2	1	1	1	0	1	NA	NA	NA	NA	NA	NA	NA	1	0	1	1	1	1	NA	NA	NA	1	0	1
11	97436019	134442500	2	1	1	3	a	6	1	1	0.0549601707975	0.0934885632157	2	1	1	1	1	1	NA	NA	NA	NA	NA	NA	NA	2	1	1	1	1	1	NA	NA	NA	2	1	1
12	110107	12039244	2	1	1	3	a	6	1	1	0.0531370859693	0.131281013512	2	1	1	1	1	1	NA	NA	NA	NA	NA	NA	NA	2	1	1	1	1	1	NA	NA	NA	2	1	1
12	12039245	12089231	1	1	0	3	a	6	1	0	0.05	0.1	1	0	1	1	0	1	NA	NA	NA	NA	NA	NA	NA	1	0	1	1	0	1	NA	NA	NA	1	0	1
12	12089232	12139297	1	1	0	3	a	6	1	0	0.05	0.1	1	0	1	1	0	1	NA	NA	NA	NA	NA	NA	NA	1	0	1	1	0	1	NA	NA	NA	1	0	1
12	12139298	33299999	2	1	1	3	a	6	1	1	0.0518993456967	0.0940455181594	2	1	1	1	1	1	NA	NA	NA	NA	NA	NA	NA	2	1	1	1	1	1	NA	NA	NA	2	1	1
12	33300000	38199999	2	1	1	2	d	5	1	1	0.0536808433869	0.154228749619	2.132472	1.066236084	1.0662361	1	1	1	NA	NA	NA	NA	NA	NA	NA	2	1	1	1	1	1	NA	NA	NA	2	1	1
12	38200000	103011407	2	1	1	3	a	6	1	1	0.0532239543601	0.0965611423966	2	1	1	1	1	1	NA	NA	NA	NA	NA	NA	NA	2	1	1	1	1	1	NA	NA	NA	2	1	1
12	103011408	103012706	2	1	1	2	d	3	1	1	0.05	0.1	2	1	1	1	0	1	NA	NA	NA	NA	NA	NA	NA	NA	NA	NA	1	1	1	NA	NA	NA	1	0	1
12	103012707	132342500	2	1	1	3	a	6	1	1	0.0553740879405	0.0965819250816	2	1	1	1	1	1	NA	NA	NA	NA	NA	NA	NA	2	1	1	1	1	1	NA	NA	NA	2	1	1
12	132342501	133851894	2	1	1	3	b	5	NA	NA	NA	NA	2	1	1	1	1	1	NA	NA	NA	NA	NA	NA	NA	2	1	1	1	1	1	NA	NA	NA	2	1	1
13	1	16299999	2	1	1	1	h	1	NA	NA	NA	NA	NA	NA	NA	NA	NA	NA	NA	NA	NA	NA	NA	NA	NA	NA	NA	NA	NA	NA	NA	NA	NA	NA	2	1	1
13	16300000	19499999	2	1	1	2	d	4	1	1	0.05	0.136709682904	NA	NA	NA	1	1	1	NA	NA	NA	NA	NA	NA	NA	2	1	1	1	0	0.555705	1	1	0.444295	2	1	1
13	19500000	114137500	2	1	1	3	a	6	1	1	0.0520514831656	0.0932783642715	2	1	1	1	1	1	NA	NA	NA	NA	NA	NA	NA	2	1	1	1	1	1	NA	NA	NA	2	1	1
13	114137501	115169877	2	1	1	3	b	5	NA	NA	NA	NA	2	1	1	1	1	1	NA	NA	NA	NA	NA	NA	NA	2	1	1	1	1	1	NA	NA	NA	2	1	1
14	1	16099999	2	1	1	1	h	1	NA	NA	NA	NA	NA	NA	NA	NA	NA	NA	NA	NA	NA	NA	NA	NA	NA	NA	NA	NA	NA	NA	NA	NA	NA	NA	2	1	1
14	16100000	19099999	2	1	1	2	d	2	1	1	0.05	0.0865186397999	NA	NA	NA	NA	NA	NA	NA	NA	NA	NA	NA	NA	NA	NA	NA	NA	2	0	0.456791	2	1	0.543209	2	1	1
14	19100000	20375050	2	1	1	2	d	3	1	1	0.05	0.246534291561	2	1	1	NA	NA	NA	NA	NA	NA	NA	NA	NA	NA	NA	NA	NA	2	0	0.20672	1	0	0.79328	2	1	1
14	20375051	22918115	2	1	1	3	a	6	1	1	0.0516615160417	0.100798461573	2	1	1	1	1	1	NA	NA	NA	NA	NA	NA	NA	2	1	1	1	1	1	NA	NA	NA	2	1	1
14	22918116	22995813	1	1	0	2	d	3	2	0	0.05	0.1	0.599284	0	0.599284	2	0	1	NA	NA	NA	NA	NA	NA	NA	1	0	1	1	0	1	NA	NA	NA	1	0	1
14	22995814	106320940	2	1	1	3	a	6	1	1	0.0537079522644	0.0963213276666	2	1	1	1	1	1	NA	NA	NA	NA	NA	NA	NA	2	1	1	1	1	1	NA	NA	NA	2	1	1
14	106320941	106362500	2	1	1	2	d	3	NA	NA	NA	NA	2	1	1	1	1	1	NA	NA	NA	NA	NA	NA	NA	1	0	1	1	0	1	NA	NA	NA	2	1	1
14	106362501	106605004	1	1	0	2	d	2	NA	NA	NA	NA	NA	NA	NA	1	1	1	NA	NA	NA	NA	NA	NA	NA	1	0	1	1	0	1	NA	NA	NA	NA	NA	NA
15	1	15799999	2	1	1	1	h	1	NA	NA	NA	NA	NA	NA	NA	NA	NA	NA	NA	NA	NA	NA	NA	NA	NA	NA	NA	NA	NA	NA	NA	NA	NA	NA	2	1	1
15	15800000	20699999	2	1	1	2	d	3	1	1	0.05	0.168063882996	NA	NA	NA	1	1	1	NA	NA	NA	NA	NA	NA	NA	NA	NA	NA	2	0	1	NA	NA	NA	2	1	1
15	20700000	100332500	2	1	1	3	a	6	1	1	0.0557617247869	0.109535178985	2	1	1	1	1	1	NA	NA	NA	NA	NA	NA	NA	2	1	1	1	1	1	NA	NA	NA	2	1	1
15	100332501	102399919	2	1	1	3	b	5	NA	NA	NA	NA	2	1	1	1	1	1	NA	NA	NA	NA	NA	NA	NA	2	1	1	1	1	1	NA	NA	NA	2	1	1
16	100010	34599999	2	1	1	3	a	6	1	1	0.0574891473936	0.114745837267	2	1	1	1	1	1	NA	NA	NA	NA	NA	NA	NA	2	1	1	1	1	1	NA	NA	NA	2	1	1
16	34600000	38599999	2	1	1	2	d	4	1	1	0.05	0.116597860511	2.021867	0.850449732	1.1714169	1	1	1	NA	NA	NA	NA	NA	NA	NA	NA	NA	NA	1	1	1	NA	NA	NA	2	1	1
16	38600000	88822500	2	1	1	3	a	6	1	1	0.0550114471242	0.0961786712189	2	1	1	1	1	1	NA	NA	NA	NA	NA	NA	NA	2	1	1	1	1	1	NA	NA	NA	2	1	1
16	88822501	90354752	2	1	1	2	d	4	NA	NA	NA	NA	2	1	1	1	0	0.145326869194194	1	1	0.854673130805806	0.0244097505970919	0.0244021151791263	0.111399403989773	0.20693932628893	2	1	1	1	1	1	NA	NA	NA	2	1	1
17	1389	22199999	2	1	1	3	a	6	1	1	0.0569362796292	0.106346895133	2	1	1	1	1	1	NA	NA	NA	NA	NA	NA	NA	2	1	1	1	1	1	NA	NA	NA	2	1	1
17	22200000	25799999	2	1	1	3	b	5	1	1	0.0491663847613	0.119849643306	2	1	1	NA	NA	NA	NA	NA	NA	NA	NA	NA	NA	2	1	1	1	1	1	NA	NA	NA	2	1	1
17	25800000	78772500	2	1	1	3	a	6	1	1	0.0580873600261	0.101811347621	2	1	1	1	1	1	NA	NA	NA	NA	NA	NA	NA	2	1	1	1	1	1	NA	NA	NA	2	1	1
17	78772501	81195209	2	1	1	2	d	4	NA	NA	NA	NA	2	1	1	1	0	0.166484241558978	1	1	0.833515758441022	0.0262749817210697	0.0251711576704105	0.12372244095142	0.224304254451222	2	1	1	1	1	1	NA	NA	NA	2	1	1
18	10001	130030	3	2	1	2	d	3	2	1	0.05	0.39639007885	NA	NA	NA	3	1	1	NA	NA	NA	NA	NA	NA	NA	3	1	2	2	0	0.52944	2	1	0.47056	3	1	2
18	130031	15399999	3	2	1	3	a	6	2	1	0.0675643405257	0.117417496502	3	1	2	2	1	1	NA	NA	NA	NA	NA	NA	NA	3	1	2	2	1	1	NA	NA	NA	3	1	2
18	15400000	18999999	3	2	1	3	a	6	2	1	0.05	0.111709474956	3	1	2	2	1	1	NA	NA	NA	NA	NA	NA	NA	3	1	2	2	1	1	NA	NA	NA	3	1	2
18	19000000	76112500	3	2	1	3	a	6	2	1	0.0656752763426	0.110999047848	3	1	2	2	1	1	NA	NA	NA	NA	NA	NA	NA	3	1	2	2	1	1	NA	NA	NA	3	1	2
18	76112501	78077247	3	2	1	3	b	5	NA	NA	NA	NA	3	1	2	2	1	1	NA	NA	NA	NA	NA	NA	NA	3	1	2	2	1	1	NA	NA	NA	3	1	2
19	102500	260136	2	1	1	2	d	3	NA	NA	NA	NA	NA	NA	NA	1	0	0.122921369982292	1	1	0.877078630017708	0.0106189258639386	0.0108767622683531	0.10228555423691	0.142933564298641	2	1	1	1	1	1	NA	NA	NA	2	1	1
19	260137	6560655	2	1	1	2	d	5	1	1	0.0691486997107	0.117275663992	2	1	1	1	0	0.122921369982292	1	1	0.877078630017708	0.0106189258639386	0.0108767622683531	0.10228555423691	0.142933564298641	2	1	1	1	1	1	NA	NA	NA	2	1	1
19	6560656	6594904	1	1	0	2	d	4	1	1	0.05	0.1	2	1	1	1	0	1	NA	NA	NA	NA	NA	NA	NA	1	0	1	1	0	1	NA	NA	NA	1	0	1
19	6594905	24399999	2	1	1	3	a	6	1	1	0.0594490533333	0.109576614828	2	1	1	1	1	1	NA	NA	NA	NA	NA	NA	NA	2	1	1	1	1	1	NA	NA	NA	2	1	1
19	24400000	28599999	NA	NA	NA	NA	NA	NA	3	1	0.0651073754885	0.414632820512	3.731381	0.992331833	2.7390496	NA	NA	NA	NA	NA	NA	NA	NA	NA	NA	4	1	3	3	1	1	NA	NA	NA	2	1	1
19	28600000	42606285	4	3	1	3	a	6	3	1	0.0677390000165	0.158515771645	4	1	3	3	1	1	NA	NA	NA	NA	NA	NA	NA	4	1	3	3	1	1	NA	NA	NA	4	1	3
19	42606286	43658447	4	3	1	3	b	6	3	1	0.0639935102125	0.336113370514	4	1	3	2	1	1	NA	NA	NA	NA	NA	NA	NA	4	1	3	3	1	1	NA	NA	NA	4	1	3
19	43658448	59128982	4	3	1	2	d	5	3	1	0.068570491698	0.25240058197	3.879521	0.977565349	2.9019557	3	1	1	NA	NA	NA	NA	NA	NA	NA	4	1	3	3	1	1	NA	NA	NA	4	1	3
20	40402	25599999	2	1	1	3	a	6	1	1	0.0527907054556	0.0932033389018	2	1	1	1	1	1	NA	NA	NA	NA	NA	NA	NA	2	1	1	1	1	1	NA	NA	NA	2	1	1
20	25600000	29399999	2	1	1	3	a	6	1	1	0.05	0.11207154446	2	1	1	1	1	1	NA	NA	NA	NA	NA	NA	NA	2	1	1	1	1	1	NA	NA	NA	2	1	1
20	29400000	62432500	2	1	1	3	a	6	1	1	0.0568605720806	0.0989303094922	2	1	1	1	1	1	NA	NA	NA	NA	NA	NA	NA	2	1	1	1	1	1	NA	NA	NA	2	1	1
21	1	9417499	NA	NA	NA	NA	NA	NA	1	1	0.05	0.1	NA	NA	NA	NA	NA	NA	NA	NA	NA	NA	NA	NA	NA	NA	NA	NA	2	0	0.379236	1	0	0.620764	NA	NA	NA
21	9417500	10899999	NA	NA	NA	NA	NA	NA	1	1	0.05	0.225845393404	NA	NA	NA	NA	NA	NA	NA	NA	NA	NA	NA	NA	NA	NA	NA	NA	2	0	0.379236	1	0	0.620764	NA	NA	NA
21	10900000	14299999	1	1	0	1	g	NA	1	1	0.05	0.0967552471936	NA	NA	NA	NA	NA	NA	NA	NA	NA	NA	NA	NA	NA	NA	NA	NA	2	0	0.310067	1	0	0.689933	NA	NA	NA
21	14300000	46937500	2	1	1	3	b	5	1	1	0.0532081316789	0.0974599545927	2	1	1	1	1	1	NA	NA	NA	NA	NA	NA	NA	2	1	1	1	1	1	NA	NA	NA	NA	NA	NA
21	46937501	48129894	2	1	1	2	d	4	NA	NA	NA	NA	2	1	1	1	1	1	NA	NA	NA	NA	NA	NA	NA	2	1	1	1	1	1	NA	NA	NA	NA	NA	NA
22	1	12199999	2	1	1	1	h	1	NA	NA	NA	NA	NA	NA	NA	NA	NA	NA	NA	NA	NA	NA	NA	NA	NA	NA	NA	NA	NA	NA	NA	NA	NA	NA	2	1	1
22	12200000	17899999	2	1	1	3	b	5	1	1	0.0794905299747	0.144690248195	2	1	1	1	0	0.0857222742401544	1	1	0.914277725759846	0.005174420173032	0.0049310184230181	0.076067743836027	0.0949886310558872	2	1	1	1	1	1	NA	NA	NA	2	1	1
22	17900000	25660714	2	1	1	2	d	5	1	1	0.0584521425885	0.129038517025	2	1	1	1	0	0.0857222742401544	1	1	0.914277725759846	0.005174420173032	0.0049310184230181	0.076067743836027	0.0949886310558872	2	1	1	1	1	1	NA	NA	NA	2	1	1
22	25660715	25917790	2	1	1	2	d	5	1	1	0.0553107794924	0.101756561666	2	1	1	1	0	0.0857222742401544	1	1	0.914277725759846	0.005174420173032	0.0049310184230181	0.076067743836027	0.0949886310558872	2	1	1	1	1	1	NA	NA	NA	2	1	1
22	25917791	49687500	2	1	1	2	d	5	1	1	0.0579021933139	0.129640853283	2	1	1	1	0	0.0857222742401544	1	1	0.914277725759846	0.005174420173032	0.0049310184230181	0.076067743836027	0.0949886310558872	2	1	1	1	1	1	NA	NA	NA	2	1	1
22	49687501	51304565	2	1	1	2	d	4	NA	NA	NA	NA	2	1	1	1	0	0.205167344744741	1	1	0.794832655255259	0.0495270775451736	0.0488236672149865	0.164258692764701	0.349764576198318	2	1	1	1	1	1	NA	NA	NA	2	1	1
X	1	58099999	1	1	0	2	d	4	1.77	1	0.0866680777232	0.178901859337	1	0	1	1	0	1	NA	NA	NA	NA	NA	NA	NA	1	0	1	NA	NA	NA	NA	NA	NA	1	0	1
X	58100000	62999999	1	1	0	2	d	3	1.77	1	0.05	0.115014255966	1	0	1	NA	NA	NA	NA	NA	NA	NA	NA	NA	NA	1	0	1	NA	NA	NA	NA	NA	NA	1	0	1
X	63000000	154929638	1	1	0	2	d	4	1.77	1	0.0863920602652	0.109461910675	1	0	1	1	0	1	NA	NA	NA	NA	NA	NA	NA	1	0	1	NA	NA	NA	NA	NA	NA	1	0	1
