chromosome	start	end	total_cn	major_cn	minor_cn	star	level	methods_agree	absolute_broad_major_cn	absolute_broad_minor_cn	absolute_broad_het_error	absolute_broad_cov_error	aceseq_copy_number	aceseq_minor_cn	aceseq_major_cn	battenberg_nMaj1_A	battenberg_nMin1_A	battenberg_frac1_A	battenberg_nMaj2_A	battenberg_nMin2_A	battenberg_frac2_A	battenberg_SDfrac_A	battenberg_SDfrac_A_BS	battenberg_frac1_A_0.025	battenberg_frac1_A_0.975	clonehd_copy_number	clonehd_minor_cn	clonehd_major_cn	sclust_nMaj1_A	sclust_nMin1_A	sclust_frac1_A	sclust_nMaj2_A	sclust_nMin2_A	sclust_frac2_A	jabba_copy_number	jabba_minor_cn	jabba_major_cn
1	10001	840008	3	2	1	2	d	3	2	1	0.05	0.504861576559	NA	NA	NA	NA	NA	NA	NA	NA	NA	NA	NA	NA	NA	NA	NA	NA	2	1	1	NA	NA	NA	3	1	2
1	840009	17192499	3	2	1	3	a	6	2	1	0.0557503997407	0.172126954976	3	1	2	2	1	1	NA	NA	NA	NA	NA	NA	NA	3	1	2	2	1	1	NA	NA	NA	3	1	2
1	17192500	121499999	3	2	1	3	a	6	2	1	0.055021906648	0.137945107	3	1	2	2	1	1	NA	NA	NA	NA	NA	NA	NA	3	1	2	2	1	1	NA	NA	NA	3	1	2
1	121500000	128899999	3	2	1	2	d	4	2	1	0.05	0.1	3	1	2	NA	NA	NA	NA	NA	NA	NA	NA	NA	NA	1	0	1	2	1	1	NA	NA	NA	3	1	2
1	128900000	143882001	3	2	1	2	d	3	2	1	0.05	0.325320159747	NA	NA	NA	NA	NA	NA	NA	NA	NA	NA	NA	NA	NA	NA	NA	NA	2	1	1	NA	NA	NA	3	1	2
1	143882002	155063787	3	2	1	3	a	6	2	1	0.0564712905602	0.124936231247	3	1	2	2	1	1	NA	NA	NA	NA	NA	NA	NA	3	1	2	2	1	1	NA	NA	NA	3	1	2
1	155063788	155466841	4	2	2	2	d	5	2	2	0.038742499708	0.147424454101	4	2	2	2	2	1	NA	NA	NA	NA	NA	NA	NA	4	2	2	3	2	0.187603	2	2	0.812397	4	2	2
1	155466842	169175004	3	2	1	2	d	5	1.7	0.83	0.0557137110629	0.112997183231	3	1	2	2	1	1	NA	NA	NA	NA	NA	NA	NA	3	1	2	2	1	1	NA	NA	NA	3	1	2
1	169175005	169199952	3	2	1	2	d	2	1.7	0.83	0.05	0.1	3.172355	1.14659162	2.025763	2	1	0.819962966228723	2	2	0.180037033771277	0.0839707513696727	0.0837522430531336	0.618614151014888	0.946769788238459	4	1	3	2	1	1	NA	NA	NA	3	1	2
1	169199953	246637950	3	2	1	2	d	5	1.7	0.83	0.0547426242456	0.107183914913	3	1	2	2	1	1	NA	NA	NA	NA	NA	NA	NA	3	1	2	2	1	1	NA	NA	NA	3	1	2
1	246637951	246644415	1	1	0	2	d	3	1.7	0.83	0.05	0.1	3	1	2	1	0	1	NA	NA	NA	NA	NA	NA	NA	1	0	1	2	1	1	NA	NA	NA	1	0	1
1	246644416	247284919	3	2	1	2	d	5	1.7	0.83	0.0587533139501	0.111077330161	3	1	2	2	1	1	NA	NA	NA	NA	NA	NA	NA	3	1	2	2	1	1	NA	NA	NA	3	1	2
1	247284920	249250620	3	2	1	3	b	5	NA	NA	NA	NA	3	1	2	2	1	1	NA	NA	NA	NA	NA	NA	NA	3	1	2	2	1	1	NA	NA	NA	3	1	2
2	56409	90499999	2	1	1	3	a	6	1	1	0.039937655773	0.0977358595488	2	1	1	1	1	1	NA	NA	NA	NA	NA	NA	NA	2	1	1	1	1	1	NA	NA	NA	2	1	1
2	90500000	96799999	2	1	1	3	a	6	1	1	0.0501473552827	0.144365692711	2	1	1	1	1	1	NA	NA	NA	NA	NA	NA	NA	2	1	1	1	1	1	NA	NA	NA	2	1	1
2	96800000	242979500	2	1	1	3	a	6	1	1	0.0404121981794	0.104488948793	2	1	1	1	1	1	NA	NA	NA	NA	NA	NA	NA	2	1	1	1	1	1	NA	NA	NA	2	1	1
3	100074	7699280	3	2	1	3	a	6	2	1	0.0570832069835	0.150420296482	3	1	2	2	1	1	NA	NA	NA	NA	NA	NA	NA	3	1	2	2	1	1	NA	NA	NA	3	1	2
3	7699281	7701475	3	2	1	2	d	4	2	1	0.05	0.1	3	1	2	0	0	0.272335380967777	1	0	0.727664619032223	NA	0	0.272335380967777	0.272335380967777	3	1	2	2	1	1	NA	NA	NA	2	1	1
3	7701476	87899999	3	2	1	3	a	6	2	1	0.0542030841942	0.114430332313	3	1	2	2	1	1	NA	NA	NA	NA	NA	NA	NA	3	1	2	2	1	1	NA	NA	NA	3	1	2
3	87900000	93899999	3	2	1	3	b	5	2	1	0.0523648968721	0.121827791527	3	1	2	NA	NA	NA	NA	NA	NA	NA	NA	NA	NA	3	1	2	2	1	1	NA	NA	NA	3	1	2
3	93900000	197792892	3	2	1	2	d	5	2	0.91	0.0534637445577	0.114609076545	3	1	2	2	1	1	NA	NA	NA	NA	NA	NA	NA	3	1	2	2	1	1	NA	NA	NA	3	1	2
4	40828	48199999	2	1	1	3	a	6	1	1	0.0406487244889	0.102205820313	2	1	1	1	1	1	NA	NA	NA	NA	NA	NA	NA	2	1	1	1	1	1	NA	NA	NA	2	1	1
4	48200000	52699999	2	1	1	2	d	4	1	1	0.0368976640599	0.326879529068	2	1	1	NA	NA	NA	NA	NA	NA	NA	NA	NA	NA	2	1	1	1	0	0.497684	1	1	0.502316	2	1	1
4	52700000	102961961	2	1	1	3	a	6	1	1	0.03878876143	0.0915008331585	2	1	1	1	1	1	NA	NA	NA	NA	NA	NA	NA	2	1	1	1	1	1	NA	NA	NA	2	1	1
4	102961962	102967999	2	1	1	3	b	5	1	1	0.05	0.1	2	1	1	1	1	1	NA	NA	NA	NA	NA	NA	NA	NA	NA	NA	1	1	1	NA	NA	NA	2	1	1
4	102968000	166079019	2	1	1	3	a	6	1	1	0.0389668600732	0.0928338682934	2	1	1	1	1	1	NA	NA	NA	NA	NA	NA	NA	2	1	1	1	1	1	NA	NA	NA	2	1	1
4	166079020	166330979	3	2	1	3	a	6	2	1	0.0457866100103	0.09808238319	3	1	2	2	1	1	NA	NA	NA	NA	NA	NA	NA	3	1	2	2	1	1	NA	NA	NA	3	1	2
4	166330980	190800451	2	1	1	3	a	6	1	1	0.0406501520264	0.119242590149	2	1	1	1	1	1	NA	NA	NA	NA	NA	NA	NA	2	1	1	1	1	1	NA	NA	NA	2	1	1
5	22500	892078	3	2	1	2	d	3	2	1	0.0555879866218	0.221281789025	3	1	2	NA	NA	NA	NA	NA	NA	NA	NA	NA	NA	1	0	1	2	1	1	NA	NA	NA	NA	NA	NA
5	892079	1297091	4	2	2	3	b	5	2	2	0.041070992058	0.174230577692	4	2	2	2	2	1	NA	NA	NA	NA	NA	NA	NA	NA	NA	NA	2	2	1	NA	NA	NA	4	2	2
5	1297092	46099999	3	2	1	3	a	6	2	1	0.0533221276379	0.123775820737	3	1	2	2	1	1	NA	NA	NA	NA	NA	NA	NA	3	1	2	2	1	1	NA	NA	NA	3	1	2
5	46100000	50699999	3	2	1	2	d	4	2	1	0.0584610430993	0.152837933082	2.881743	0.95690164	1.924841	NA	NA	NA	NA	NA	NA	NA	NA	NA	NA	3	1	2	2	1	1	NA	NA	NA	3	1	2
5	50700000	89996450	3	2	1	3	a	6	2	1	0.0528621521931	0.116815406235	3	1	2	2	1	1	NA	NA	NA	NA	NA	NA	NA	3	1	2	2	1	1	NA	NA	NA	3	1	2
5	89996451	90416237	5	4	1	2	d	4	4.17	1	0.0418573718469	0.123622080048	5	1	4	4	1	1	NA	NA	NA	NA	NA	NA	NA	5	1	4	5	1	0.151511	4	1	0.848489	5	1	4
5	90416238	103809742	3	2	1	3	a	6	2	1	0.0505904678664	0.11345945364	3	1	2	2	1	1	NA	NA	NA	NA	NA	NA	NA	3	1	2	2	1	1	NA	NA	NA	3	1	2
5	103809743	104120094	3	2	1	2	d	2	NA	NA	NA	NA	3	1	2	2	1	0.450979631425797	2	2	0.549020368574203	NA	0	0.450979631425797	0.450979631425797	NA	NA	NA	2	1	1	NA	NA	NA	2	1	1
5	104120095	162772021	3	2	1	3	a	6	2	1	0.0533975900775	0.125792196343	3	1	2	2	1	1	NA	NA	NA	NA	NA	NA	NA	3	1	2	2	1	1	NA	NA	NA	3	1	2
5	162772022	178623906	3	2	1	3	a	6	2	1	0.0535560011786	0.12469539738	3	1	2	2	1	1	NA	NA	NA	NA	NA	NA	NA	3	1	2	2	1	1	NA	NA	NA	3	1	2
5	178623907	178824544	2	2	0	2	d	4	2.35	0	0.0666827522042	0.0965424010481	2	0	2	2	0	1	NA	NA	NA	NA	NA	NA	NA	NA	NA	NA	2	0	1	NA	NA	NA	2	0	2
5	178824545	180689978	3	2	1	2	d	5	2.24	1	0.0602288537746	0.140972326882	3	1	2	2	1	1	NA	NA	NA	NA	NA	NA	NA	3	1	2	2	1	1	NA	NA	NA	3	1	2
6	39681	249628	3	2	1	2	d	3	1.79	1.35	0.05	0.1	NA	NA	NA	2	1	1	NA	NA	NA	NA	NA	NA	NA	3	1	2	NA	NA	NA	NA	NA	NA	3	1	2
6	249629	58699999	4	2	2	2	d	2	1.79	1.35	0.0461382934575	0.127567245446	3.441214	1.47058245	1.9706317	2	1	0.501088479361999	2	2	0.498911520638001	0.00310841602016898	0.00318696403012752	0.494491698476912	0.506591969972033	4	2	2	2	2	1	NA	NA	NA	3	1	2
6	58700000	63368395	4	2	2	2	d	2	1.79	1.35	0.0450560034956	0.128521754582	3.424435	1.46599547	1.9584394	NA	NA	NA	NA	NA	NA	NA	NA	NA	NA	4	2	2	2	2	1	NA	NA	NA	3	1	2
6	63368396	170897500	4	2	2	2	d	2	1.79	1.35	0.0430452018017	0.119695958803	3.453559	1.47917784	1.9743809	2	1	0.489798825668462	2	2	0.510201174331538	0.00224387717883334	0.00215469089403626	0.485706208695257	0.494026545461502	4	2	2	2	2	1	NA	NA	NA	3	1	2
7	40386	57999999	4	2	2	2	d	2	1.79	1.35	0.0440480443714	0.127168575178	3.435578	1.45291625	1.9826616	2	1	0.534566373457302	2	2	0.465433626542698	0.0028757771146084	0.00280385427044591	0.525276093677561	0.536224666471132	4	2	2	2	2	1	NA	NA	NA	3	1	2
7	58000000	61709703	NA	NA	NA	NA	NA	NA	1.79	1.35	0.05	0.231886425857	3.435578	1.45291625	1.9826616	1	1	1	NA	NA	NA	NA	NA	NA	NA	NA	NA	NA	2	2	1	NA	NA	NA	3	1	2
7	61709704	158817500	4	2	2	2	d	2	1.79	1.35	0.0437538271544	0.147365934444	3.432147	1.44681129	1.9853352	2	1	0.529198566716034	2	2	0.470801433283966	0.00268939196646256	0.00268535986830554	0.524082942654451	0.53428836154064	4	2	2	2	2	1	NA	NA	NA	3	1	2
8	10001	161465	3	2	1	2	d	3	NA	NA	NA	NA	NA	NA	NA	2	1	1	NA	NA	NA	NA	NA	NA	NA	NA	NA	NA	2	1	1	NA	NA	NA	3	1	2
8	161466	39230024	3	2	1	2	d	5	1.79	0.83	0.056060303626	0.127761225414	3	1	2	2	1	1	NA	NA	NA	NA	NA	NA	NA	3	1	2	2	1	1	NA	NA	NA	3	1	2
8	39230025	43099999	3	2	1	2	d	5	1.79	0.83	0.055739102862	0.111265652049	3	1	2	2	1	1	NA	NA	NA	NA	NA	NA	NA	3	1	2	2	1	1	NA	NA	NA	3	1	2
8	43100000	48099999	3	2	1	2	d	4	1.79	0.83	0.05	0.161283119122	3	1	2	NA	NA	NA	NA	NA	NA	NA	NA	NA	NA	3	1	2	2	1	1	NA	NA	NA	3	1	2
8	48100000	114325450	3	2	1	2	d	5	1.79	0.83	0.0530617196411	0.112424651174	3	1	2	2	1	1	NA	NA	NA	NA	NA	NA	NA	3	1	2	2	1	1	NA	NA	NA	3	1	2
8	114325451	115075509	4	2	2	2	d	3	1.44	1.35	0.0408002438023	0.100868512629	3.524885	1.46101211	2.0638731	2	1	0.575229121716583	2	2	0.424770878283417	0.0274122815209508	0.0270429482486963	0.511743064917029	0.622994655365566	4	2	2	2	2	1	NA	NA	NA	4	2	2
8	115075510	146364021	3	2	1	2	d	5	1.7	0.76	0.0570089599363	0.112611145708	3	1	2	2	1	1	NA	NA	NA	NA	NA	NA	NA	3	1	2	2	1	1	NA	NA	NA	3	1	2
9	47500	44844329	2	1	1	2	d	5	1.09	1.09	0.0414825830515	0.113621583415	2	1	1	1	1	1	NA	NA	NA	NA	NA	NA	NA	2	1	1	1	1	1	NA	NA	NA	2	1	1
9	44844330	47299999	2	1	1	2	d	2	1.09	1.09	0.05	0.198844858504	2	1	1	1	1	0.740196757655538	2	1	0.259803242344462	NA	0	0.740196757655538	0.740196757655538	1	0	1	2	0	0.669827	2	1	0.330173	2	1	1
9	47300000	50699999	2	1	1	2	f	2	1.09	1.09	0.05	0.1	NA	NA	NA	NA	NA	NA	NA	NA	NA	NA	NA	NA	NA	1	0	1	2	0	0.669827	2	1	0.330173	2	1	1
9	50700000	68302887	2	1	1	2	f	2	1.09	1.09	0.05	0.196642474138	NA	NA	NA	NA	NA	NA	NA	NA	NA	NA	NA	NA	NA	NA	NA	NA	2	0	0.669827	2	1	0.330173	2	1	1
9	68302888	92061824	2	1	1	2	d	5	1.09	1.09	0.0430594259274	0.102863399094	2	1	1	1	1	1	NA	NA	NA	NA	NA	NA	NA	2	1	1	1	1	1	NA	NA	NA	2	1	1
9	92061825	92787659	3	2	1	2	d	3	2	1.17	0.0513986164795	0.117913490209	2.999266	1.106266	1.8929996	2	1	0.867268521972694	2	2	0.132731478027306	0.0260014761671651	0.0268540779672415	0.778977624671759	0.883089015829405	3	1	2	2	1	1	NA	NA	NA	3	1	2
9	92787660	140267500	2	1	1	2	d	3	1.09	1.09	0.0413865336918	0.109694890603	2.106827	1.05341331	1.0534133	1	1	0.918356557031508	2	1	0.0816434429684917	0.00347639125319532	0.0034898288537923	0.911570891621119	0.925276944429239	2	1	1	1	1	1	NA	NA	NA	2	1	1
10	102500	37999999	2	1	1	3	a	6	1	1	0.0425629958136	0.0948274556827	2	1	1	1	1	1	NA	NA	NA	NA	NA	NA	NA	2	1	1	1	1	1	NA	NA	NA	2	1	1
10	38000000	42299999	2	1	1	2	d	4	1	1	0.035831854869	0.132166608009	1.568798	0.7843991	0.7843991	1	1	1	NA	NA	NA	NA	NA	NA	NA	2	1	1	NA	NA	NA	NA	NA	NA	2	1	1
10	42300000	135389924	2	1	1	3	a	6	1	1	0.0413870300448	0.100036253178	2	1	1	1	1	1	NA	NA	NA	NA	NA	NA	NA	2	1	1	1	1	1	NA	NA	NA	2	1	1
11	20721	187499	2	1	1	1	h	1	1.79	1.35	0.05	0.1	NA	NA	NA	NA	NA	NA	NA	NA	NA	NA	NA	NA	NA	NA	NA	NA	NA	NA	NA	NA	NA	NA	3	1	2
11	187500	51576247	4	2	2	2	d	2	1.79	1.35	0.0440072130386	0.125213864783	3.37806	1.45486448	1.9231959	2	1	0.479765565346598	2	2	0.520234434653402	0.00312409305625197	0.00322742309181311	0.471871234201535	0.484699515080557	4	2	2	2	2	1	NA	NA	NA	3	1	2
11	51576248	55699999	4	2	2	2	d	2	1.79	1.35	0.0426217986997	0.268064364574	3.303557	1.42099949	1.8825579	2	1	0.494296802840893	2	2	0.505703197159107	0.00813462119173999	0.00794452832178658	0.47842237970533	0.509764246833454	4	2	2	2	2	1	NA	NA	NA	3	1	2
11	55700000	62309853	4	2	2	2	d	2	1.79	1.35	0.0440887611599	0.119991494128	3.403138	1.44273264	1.9604049	2	1	0.494296802840893	2	2	0.505703197159107	0.00813462119173999	0.00794452832178658	0.47842237970533	0.509764246833454	4	2	2	2	2	1	NA	NA	NA	3	1	2
11	62309854	62320788	4	2	2	2	f	2	1.79	1.35	0.05	0.1	3.403138	1.44273264	1.9604049	5	2	0.612442843286682	5	3	0.387557156713318	NA	0	0.612442843286682	0.612442843286682	NA	NA	NA	2	2	1	NA	NA	NA	4	1	3
11	62320789	116758657	4	2	2	2	d	2	1.79	1.35	0.043261770368	0.13596017797	3.383159	1.45718197	1.9259769	2	1	0.478105288860869	2	2	0.521894711139131	0.00287807726456091	0.00304540797342448	0.471818903068987	0.483901414586887	4	2	2	2	2	1	NA	NA	NA	3	1	2
11	116758658	134442500	4	2	2	2	d	2	1.79	1.35	0.0433767106815	0.121210231668	3.358337	1.44589948	1.9124379	2	1	0.478105288860869	2	2	0.521894711139131	0.00287807726456091	0.00304540797342448	0.471818903068987	0.483901414586887	4	2	2	2	2	1	NA	NA	NA	3	1	2
12	22500	202093	3	2	1	2	f	2	NA	NA	NA	NA	NA	NA	NA	NA	NA	NA	NA	NA	NA	NA	NA	NA	NA	NA	NA	NA	2	1	0.517485	1	1	0.482515	3	1	2
12	202094	33299999	3	2	1	2	d	2	1.44	1	0.0484241209676	0.116729932906	2.552515	1.02803867	1.5244764	1	1	0.531837527320946	2	1	0.468162472679054	0.00435864116886719	0.00452094904987852	0.522381105291688	0.540238942120964	3	1	2	2	1	0.517485	1	1	0.482515	3	1	2
12	33300000	38199999	3	2	1	2	d	2	1.24	1.17	0.0496761116518	0.157105700463	2.481534	1.01281437	1.46872	NA	NA	NA	NA	NA	NA	NA	NA	NA	NA	3	1	2	2	1	0.440353	1	1	0.559647	3	1	2
12	38200000	102302037	3	2	1	2	d	2	1.44	1	0.0489590347407	0.102472241402	2.542969	1.02245236	1.5205162	1	1	0.531541529286928	2	1	0.468458470713072	0.00285916633240563	0.00278681109323783	0.52610833799021	0.536701295747256	3	1	2	2	1	0.507406	1	1	0.492594	3	1	2
12	102302038	132352874	3	2	1	2	d	2	1.44	1	0.0501537610111	0.110219722358	2.539166	1.02391991	1.5152459	1	1	0.531541529286928	2	1	0.468458470713072	0.00285916633240563	0.00278681109323783	0.52610833799021	0.536701295747256	3	1	2	2	1	0.529183	1	1	0.470817	3	1	2
12	132352875	133851894	2	1	1	2	e	4	NA	NA	NA	NA	2.615007	1.04865691	1.5663497	1	1	0.465110971643751	2	1	0.534889028356249	0.0225638659851555	0.0217837852221353	0.448827076073302	0.532621301970393	2	1	1	2	1	0.652398	1	1	0.347602	3	1	2
13	1	16299999	2	1	1	1	h	1	NA	NA	NA	NA	NA	NA	NA	NA	NA	NA	NA	NA	NA	NA	NA	NA	NA	NA	NA	NA	NA	NA	NA	NA	NA	NA	2	1	1
13	16300000	19499999	2	1	1	2	d	4	1	1	0.05	0.162148719318	NA	NA	NA	1	1	1	NA	NA	NA	NA	NA	NA	NA	NA	NA	NA	1	1	1	NA	NA	NA	2	1	1
13	19500000	114142800	2	1	1	3	a	6	1	1	0.0397455262099	0.0933119273358	2	1	1	1	1	1	NA	NA	NA	NA	NA	NA	NA	2	1	1	1	1	1	NA	NA	NA	2	1	1
13	114142801	115169877	2	1	1	3	b	5	NA	NA	NA	NA	2	1	1	1	1	1	NA	NA	NA	NA	NA	NA	NA	2	1	1	1	1	1	NA	NA	NA	2	1	1
14	1	16099999	2	1	1	1	h	1	NA	NA	NA	NA	NA	NA	NA	NA	NA	NA	NA	NA	NA	NA	NA	NA	NA	NA	NA	NA	NA	NA	NA	NA	NA	NA	2	1	1
14	16100000	19099999	NA	NA	NA	NA	NA	NA	NA	NA	NA	NA	NA	NA	NA	NA	NA	NA	NA	NA	NA	NA	NA	NA	NA	NA	NA	NA	1	0	1	NA	NA	NA	2	1	1
14	19100000	20204484	2	1	1	2	f	2	1.24	1.24	0.05	0.264820949624	NA	NA	NA	NA	NA	NA	NA	NA	NA	NA	NA	NA	NA	NA	NA	NA	2	0	0.228702	1	0	0.771298	2	1	1
14	20204485	20486397	2	1	1	2	d	3	1.24	1.24	0.05	0.147882535689	2	1	1	1	1	1	NA	NA	NA	NA	NA	NA	NA	NA	NA	NA	1	0	0.884033	1	1	0.115967	2	1	1
14	20486398	106394049	2	1	1	3	a	6	1	1	0.0412844168	0.0940242907623	2	1	1	1	1	1	NA	NA	NA	NA	NA	NA	NA	2	1	1	1	1	1	NA	NA	NA	2	1	1
15	1	15799999	2	1	1	1	h	1	NA	NA	NA	NA	NA	NA	NA	NA	NA	NA	NA	NA	NA	NA	NA	NA	NA	NA	NA	NA	NA	NA	NA	NA	NA	NA	2	1	1
15	15800000	20699999	2	1	1	2	d	3	1	1	0.05	0.234794678177	NA	NA	NA	1	1	1	NA	NA	NA	NA	NA	NA	NA	NA	NA	NA	1	0	0.865801	1	1	0.134199	2	1	1
15	20700000	100298022	2	1	1	3	a	6	1	1	0.0406729851883	0.102779434702	2	1	1	1	1	1	NA	NA	NA	NA	NA	NA	NA	2	1	1	1	1	1	NA	NA	NA	2	1	1
15	100298023	102400037	2	1	1	3	a	6	1	1	0.0433669290446	0.1	2	1	1	1	1	1	NA	NA	NA	NA	NA	NA	NA	2	1	1	1	1	1	NA	NA	NA	2	1	1
16	100877	34599999	2	1	1	3	a	6	1	1	0.0441795360415	0.135356814203	2	1	1	1	1	1	NA	NA	NA	NA	NA	NA	NA	2	1	1	1	1	1	NA	NA	NA	2	1	1
16	34600000	38599999	2	1	1	3	a	6	1	1	0.05	0.194828120132	2	1	1	1	1	1	NA	NA	NA	NA	NA	NA	NA	2	1	1	1	1	1	NA	NA	NA	2	1	1
16	38600000	46429999	2	1	1	2	d	4	NA	NA	NA	NA	2	1	1	1	1	1	NA	NA	NA	NA	NA	NA	NA	NA	NA	NA	1	1	1	NA	NA	NA	2	1	1
16	46430000	88827200	2	1	1	3	a	6	1	1	0.0414240309056	0.101050143724	2	1	1	1	1	1	NA	NA	NA	NA	NA	NA	NA	2	1	1	1	1	1	NA	NA	NA	2	1	1
16	88827201	90354752	2	1	1	3	b	5	NA	NA	NA	NA	2	1	1	1	1	1	NA	NA	NA	NA	NA	NA	NA	2	1	1	1	1	1	NA	NA	NA	2	1	1
17	12500	22199999	1	1	0	3	a	6	1	0	0.0727729170937	0.0938392738289	1	0	1	1	0	1	NA	NA	NA	NA	NA	NA	NA	1	0	1	1	0	1	NA	NA	NA	1	0	1
17	22200000	25799999	NA	NA	NA	NA	NA	NA	2	1	0.0434647743347	0.211920197938	2.880141	0.96194797	1.918193	NA	NA	NA	NA	NA	NA	NA	NA	NA	NA	3	1	2	2	1	1	NA	NA	NA	3	1	2
17	25800000	78774600	3	2	1	3	a	6	2	1	0.0560537412356	0.124359801581	3	1	2	2	1	1	NA	NA	NA	NA	NA	NA	NA	3	1	2	2	1	1	NA	NA	NA	3	1	2
17	78774601	81195209	3	2	1	3	b	5	NA	NA	NA	NA	3	1	2	2	1	1	NA	NA	NA	NA	NA	NA	NA	3	1	2	2	1	1	NA	NA	NA	3	1	2
18	27500	7648048	2	1	1	3	a	6	1	1	0.0377085616218	0.0977765572706	2	1	1	1	1	1	NA	NA	NA	NA	NA	NA	NA	2	1	1	1	1	1	NA	NA	NA	2	1	1
18	7648049	7740562	1	1	0	3	a	6	1	0	0.0883576641349	0.0652643872022	1	0	1	1	0	1	NA	NA	NA	NA	NA	NA	NA	1	0	1	1	0	1	NA	NA	NA	1	0	1
18	7740563	15399999	2	1	1	3	a	6	1	1	0.0411563313469	0.103140121463	2	1	1	1	1	1	NA	NA	NA	NA	NA	NA	NA	2	1	1	1	1	1	NA	NA	NA	2	1	1
18	15400000	18999999	2	1	1	3	a	6	1	1	0.05	0.115759340751	2	1	1	1	1	1	NA	NA	NA	NA	NA	NA	NA	2	1	1	1	1	1	NA	NA	NA	2	1	1
18	19000000	76117000	2	1	1	3	a	6	1	1	0.0407692554678	0.0920244260161	2	1	1	1	1	1	NA	NA	NA	NA	NA	NA	NA	2	1	1	1	1	1	NA	NA	NA	2	1	1
18	76117001	78077247	2	1	1	3	b	5	NA	NA	NA	NA	2	1	1	1	1	1	NA	NA	NA	NA	NA	NA	NA	2	1	1	1	1	1	NA	NA	NA	2	1	1
19	102500	260136	2	1	1	2	d	4	1	1	0.05	0.1	NA	NA	NA	1	1	1	NA	NA	NA	NA	NA	NA	NA	NA	NA	NA	1	1	1	NA	NA	NA	2	1	1
19	260137	24399999	2	1	1	3	a	6	1	1	0.0450836953068	0.111388142321	2	1	1	1	1	1	NA	NA	NA	NA	NA	NA	NA	2	1	1	1	1	1	NA	NA	NA	2	1	1
19	24400000	28599999	2	1	1	3	a	6	1	1	0.0264677180479	0.163770579196	2	1	1	1	1	1	NA	NA	NA	NA	NA	NA	NA	2	1	1	1	1	1	NA	NA	NA	2	1	1
19	28600000	33444045	2	1	1	3	a	6	1	1	0.0385784078482	0.091216652124	2	1	1	1	1	1	NA	NA	NA	NA	NA	NA	NA	2	1	1	1	1	1	NA	NA	NA	2	1	1
19	33444046	33859999	3	2	1	3	a	6	2	1	0.0583147724687	0.112395440228	3	1	2	2	1	1	NA	NA	NA	NA	NA	NA	NA	3	1	2	2	1	1	NA	NA	NA	3	1	2
19	33860000	59128982	2	1	1	3	a	6	1	1	0.0436594896617	0.1250618068	2	1	1	1	1	1	NA	NA	NA	NA	NA	NA	NA	2	1	1	1	1	1	NA	NA	NA	2	1	1
20	17500	25599999	3	2	1	2	d	2	1.56	1	0.0499186435101	0.106502900503	2.532952	1.00100452	1.5319474	1	1	0.493963329860439	2	1	0.506036670139561	0.0123299878838695	0.0123213188740836	0.468430081761205	0.517248095104237	3	1	2	2	1	0.570253	1	1	0.429747	3	1	2
20	25600000	29457500	NA	NA	NA	NA	NA	NA	1.35	1.35	0.0407210803814	0.179836431513	2.654641	1.08887744	1.5657633	NA	NA	NA	NA	NA	NA	NA	NA	NA	NA	3	1	2	2	1	0.494645	1	1	0.505355	2	1	1
20	29457501	62432500	2	1	1	2	e	5	1.56	1	0.0512493922893	0.118499953012	2.54634	1.0079115	1.5384286	1	1	0.480393515311071	2	1	0.519606484688929	0.00513835708921093	0.00515378132065238	0.467830801058329	0.487780599972421	3	1	2	2	1	0.565557	1	1	0.434443	2	1	1
21	1	10899999	NA	NA	NA	NA	NA	NA	2	1	0.05	0.277489855843	NA	NA	NA	NA	NA	NA	NA	NA	NA	NA	NA	NA	NA	NA	NA	NA	2	0	1	NA	NA	NA	NA	NA	NA
21	10900000	15273816	3	2	1	2	d	2	2	1	0.0467689851005	0.201632928587	NA	NA	NA	NA	NA	NA	NA	NA	NA	NA	NA	NA	NA	3	1	2	2	0	0.274208	2	1	0.725792	NA	NA	NA
21	15273817	46937500	3	2	1	3	b	5	2	1	0.0541996871964	0.126153297825	3	1	2	2	1	1	NA	NA	NA	NA	NA	NA	NA	3	1	2	2	1	1	NA	NA	NA	NA	NA	NA
21	46937501	48129894	3	2	1	2	d	4	NA	NA	NA	NA	3	1	2	2	1	1	NA	NA	NA	NA	NA	NA	NA	3	1	2	2	1	1	NA	NA	NA	NA	NA	NA
22	1	12199999	1	1	0	2	d	2	NA	NA	NA	NA	NA	NA	NA	NA	NA	NA	NA	NA	NA	NA	NA	NA	NA	1	0	1	NA	NA	NA	NA	NA	NA	1	0	1
22	12200000	17899999	1	1	0	2	d	4	1	0	0.0694182957859	0.128642196444	1.052159	0.10745079	0.9447082	1	0	0.861452856194801	1	1	0.138547143805199	0.0147960235831231	0.0149930149008177	0.801366882473794	0.861698920110343	1	0	1	1	0	1	NA	NA	NA	1	0	1
22	17900000	49687500	1	1	0	2	d	3	1.09	0	0.0744446980834	0.0923121682712	1.116101	0.11348346	1.0026176	1	0	0.862205382722697	1	1	0.137794617277303	0.00261051068002444	0.00270259692973281	0.856756170462546	0.86735536430075	1	0	1	1	0	1	NA	NA	NA	1	0	1
22	49687501	51304565	1	1	0	2	d	3	NA	NA	NA	NA	1.153306	0.1145124	1.0387938	1	0	0.862205382722697	1	1	0.137794617277303	0.00261051068002444	0.00270259692973281	0.856756170462546	0.86735536430075	1	0	1	1	0	1	NA	NA	NA	1	0	1
X	1	58099999	1	1	0	3	a	3	1	0	0.0868425755799	0.186819297063	1	0	1	NA	NA	NA	NA	NA	NA	NA	NA	NA	NA	1	0	1	NA	NA	NA	NA	NA	NA	2	0	2
X	58100000	62999999	1	1	0	2	d	2	0.24	0	0.05	0.431932372532	1	0	1	NA	NA	NA	NA	NA	NA	NA	NA	NA	NA	1	0	1	NA	NA	NA	NA	NA	NA	2	0	2
X	63000000	155270559	1	1	0	3	a	3	1	0	0.0815982871008	0.127615927039	1	0	1	NA	NA	NA	NA	NA	NA	NA	NA	NA	NA	1	0	1	NA	NA	NA	NA	NA	NA	2	0	2
Y	1	11599999	0	0	0	1	h	1	NA	NA	NA	NA	0	0	0	NA	NA	NA	NA	NA	NA	NA	NA	NA	NA	NA	NA	NA	NA	NA	NA	NA	NA	NA	3	0	3
Y	11600000	13399999	0	0	0	1	h	1	NA	NA	NA	NA	0	0	0	NA	NA	NA	NA	NA	NA	NA	NA	NA	NA	NA	NA	NA	NA	NA	NA	NA	NA	NA	3	0	3
Y	13400000	59373565	NA	NA	NA	NA	NA	NA	NA	NA	NA	NA	0	0	0	NA	NA	NA	NA	NA	NA	NA	NA	NA	NA	NA	NA	NA	NA	NA	NA	NA	NA	NA	3	0	3
