chromosome	start	end	total_cn	major_cn	minor_cn	star	level	methods_agree	absolute_broad_major_cn	absolute_broad_minor_cn	absolute_broad_het_error	absolute_broad_cov_error	aceseq_copy_number	aceseq_minor_cn	aceseq_major_cn	battenberg_nMaj1_A	battenberg_nMin1_A	battenberg_frac1_A	battenberg_nMaj2_A	battenberg_nMin2_A	battenberg_frac2_A	battenberg_SDfrac_A	battenberg_SDfrac_A_BS	battenberg_frac1_A_0.025	battenberg_frac1_A_0.975	clonehd_copy_number	clonehd_minor_cn	clonehd_major_cn	sclust_nMaj1_A	sclust_nMin1_A	sclust_frac1_A	sclust_nMaj2_A	sclust_nMin2_A	sclust_frac2_A	jabba_copy_number	jabba_minor_cn	jabba_major_cn
1	10001	121147938	2	1	1	3	b	6	1	1	0.0646718977633	0.148838452474	2	1	1	1	1	1	NA	NA	NA	NA	NA	NA	NA	3	1	2	1	1	1	NA	NA	NA	2	1	1
1	121147939	128899999	2	1	1	2	d	3	1	1	0.05	0.629479071867	2	1	1	0	0	1	NA	NA	NA	NA	NA	NA	NA	1	0	1	1	0	0.655972	1	1	0.344028	2	1	1
1	128900000	143762499	2	1	1	2	d	2	1	1	0.05	0.352706779248	NA	NA	NA	NA	NA	NA	NA	NA	NA	NA	NA	NA	NA	1	0	1	1	0	0.655972	1	1	0.344028	2	1	1
1	143762500	247247500	2	1	1	2	d	3	1	1	0.0659894531842	0.153293320835	2.172925	1.086462639	1.0864626	1	0	0.11301350511386	1	1	0.88698649488614	0.00322697533445637	0.00314725684869996	0.112665598429952	0.124836596984106	3	1	2	1	1	1	NA	NA	NA	2	1	1
1	247247501	249250620	2	1	1	2	d	2	NA	NA	NA	NA	2.272894	1.136447169	1.1364472	1	0	0.170864265229028	1	1	0.829135734770972	0.0249545633411278	0.0242367333547059	0.155341312226668	0.251857467040093	3	1	2	1	1	1	NA	NA	NA	2	1	1
2	20016	44084599	2	1	1	2	d	3	0.91	0.75	0.0684834958671	0.130824551974	1.652226	0.674010382	0.9782161	1	0	0.349314470351934	1	1	0.650685529648066	0.00393194815081613	0.00390799914779637	0.339355521641416	0.354686261593838	2	1	1	1	1	1	NA	NA	NA	2	1	1
2	44084600	90499999	2	1	1	2	d	2	0.91	0.75	0.0736369400614	0.138820403324	1.64129	0.663863028	0.9774272	1	0	0.360230547550429	1	1	0.639769452449571	0.00440433958868428	0.00437180009552864	0.359483389372138	0.376126372357564	1	0	1	1	1	1	NA	NA	NA	2	1	1
2	90500000	96799999	2	1	1	2	d	2	1	0.75	0.05	0.180259853154	1.64129	0.663863028	0.9774272	NA	NA	NA	NA	NA	NA	NA	NA	NA	NA	2	1	1	1	0	0.399546	1	1	0.600454	2	1	1
2	96800000	242979674	2	1	1	2	d	2	1	0.75	0.0760311960478	0.138597814528	1.627201	0.813600458	0.8136005	1	0	0.349314470351934	1	1	0.650685529648066	0.00257694370355466	0.00251671007240621	0.348716314869344	0.358550969751421	1	0	1	1	1	1	NA	NA	NA	2	1	1
3	62226	87899999	2	1	1	2	d	4	1	1	0.0647716680605	0.151009415401	2.168231	1.084115353	1.0841154	1	0	0.124579863856881	1	1	0.875420136143119	0.00324347443878054	0.00317161636718372	0.118966901366138	0.131221953388096	2	1	1	1	1	1	NA	NA	NA	2	1	1
3	87900000	93899999	2	1	1	2	d	4	1	1	0.0886578424222	0.181849328211	2	1	1	NA	NA	NA	NA	NA	NA	NA	NA	NA	NA	1	0	1	1	1	1	NA	NA	NA	2	1	1
3	93900000	197847500	2	1	1	2	d	5	1	1	0.0706130815767	0.153708373641	2	1	1	1	0	0.125500603306949	1	1	0.874499396693051	0.00330980448675337	0.00326257018973892	0.118938675554359	0.131799275014498	2	1	1	1	1	1	NA	NA	NA	2	1	1
4	31303	48199999	2	1	1	3	a	6	1	1	0.0678118707409	0.152304529922	2	1	1	1	1	1	NA	NA	NA	NA	NA	NA	NA	2	1	1	1	1	1	NA	NA	NA	2	1	1
4	48200000	52699999	2	1	1	2	d	5	1	1	0.05	0.249677839277	1.869328	0.934664219	0.9346642	1	1	1	NA	NA	NA	NA	NA	NA	NA	2	1	1	1	1	1	NA	NA	NA	2	1	1
4	52700000	190749943	2	1	1	3	b	6	1	1	0.077606698783	0.16379754026	2	1	1	1	1	1	NA	NA	NA	NA	NA	NA	NA	1	0	1	1	1	1	NA	NA	NA	2	1	1
5	22500	849503	2	1	1	2	d	3	1	1	0.0423242867168	0.315208564118	2.243064	1.121532	1.121532	NA	NA	NA	NA	NA	NA	NA	NA	NA	NA	NA	NA	NA	1	1	1	NA	NA	NA	2	1	1
5	849504	46099999	2	1	1	3	a	6	1	1	0.0693633355034	0.156370653771	2	1	1	1	1	1	NA	NA	NA	NA	NA	NA	NA	2	1	1	1	1	1	NA	NA	NA	2	1	1
5	46100000	50699999	2	1	1	2	d	4	1	1	0.0956068082878	0.181531993015	2	1	1	NA	NA	NA	NA	NA	NA	NA	NA	NA	NA	1	0	1	1	1	1	NA	NA	NA	2	1	1
5	50700000	180712500	2	1	1	3	a	6	1	1	0.0684464839959	0.15133654281	2	1	1	1	1	1	NA	NA	NA	NA	NA	NA	NA	2	1	1	1	1	1	NA	NA	NA	2	1	1
6	39681	212499	2	1	1	2	d	2	1	0.75	0.05	0.1	NA	NA	NA	1	1	1	NA	NA	NA	NA	NA	NA	NA	NA	NA	NA	NA	NA	NA	NA	NA	NA	2	1	1
6	212500	45111320	2	1	1	2	d	2	1	0.75	0.0692449555098	0.132877882826	1.800786	0.740861975	1.0599236	1	0	0.336521652652346	1	1	0.663478347347654	0.00344393338246862	0.00342238954355799	0.330204519745202	0.343316282206475	3	1	2	1	1	1	NA	NA	NA	2	1	1
6	45111321	58699999	2	1	1	2	d	2	1	0.75	0.0760214535361	0.151469526828	1.767284	0.883642242	0.8836422	1	0	0.336521652652346	1	1	0.663478347347654	0.00344393338246862	0.00342238954355799	0.330204519745202	0.343316282206475	1	0	1	1	1	1	NA	NA	NA	2	1	1
6	58700000	63299999	2	1	1	2	d	2	1	0.75	0.0921894130287	0.212398856509	1.694061	0.650782702	1.0432779	NA	NA	NA	NA	NA	NA	NA	NA	NA	NA	1	0	1	1	1	1	NA	NA	NA	2	1	1
6	63300000	170891170	2	1	1	2	d	2	1	0.75	0.0754295148717	0.149588565236	1.733085	0.866542459	0.8665425	1	0	0.349314470351934	1	1	0.650685529648066	0.00288457590861646	0.00280742921400948	0.343135038355821	0.354171987896853	1	0	1	1	1	1	NA	NA	NA	2	1	1
7	40386	57999999	2	1	1	3	a	6	1	1	0.0696357256282	0.154651663602	2	1	1	1	1	1	NA	NA	NA	NA	NA	NA	NA	2	1	1	1	1	1	NA	NA	NA	2	1	1
7	58000000	61699999	2	1	1	2	d	4	1	1	0.05	0.208323691709	2	1	1	NA	NA	NA	NA	NA	NA	NA	NA	NA	NA	NA	NA	NA	1	1	1	NA	NA	NA	2	1	1
7	61700000	158817500	2	1	1	3	a	6	1	1	0.0696333685844	0.161903755108	2	1	1	1	1	1	NA	NA	NA	NA	NA	NA	NA	2	1	1	1	1	1	NA	NA	NA	2	1	1
8	10001	203428	2	1	1	2	d	2	2	0	0.05	0.1	NA	NA	NA	1	0	0.261985852763954	1	1	0.738014147236046	NA	0	0.261985852763954	0.261985852763954	NA	NA	NA	1	1	1	NA	NA	NA	2	1	1
8	203429	43099999	2	1	1	2	d	4	1	1	0.0669486125173	0.155456390358	2	1	1	1	0	0.0844579669903541	1	1	0.915542033009646	0.00416328809118236	0.00417771135670349	0.076131555091341	0.0926269441148282	3	1	2	1	1	1	NA	NA	NA	2	1	1
8	43100000	48099999	2	1	1	2	d	4	1	1	0.0738968417334	0.176580299194	1.83968	0.919840014	0.91984	NA	NA	NA	NA	NA	NA	NA	NA	NA	NA	2	1	1	1	1	1	NA	NA	NA	2	1	1
8	48100000	146364021	2	1	1	2	d	5	1	1	0.0674565167422	0.147865662405	2.150758	1.075379053	1.0753791	1	1	1	NA	NA	NA	NA	NA	NA	NA	2	1	1	1	1	1	NA	NA	NA	2	1	1
9	3275	58686	2	1	1	2	d	2	1	1	0.05	0.1	NA	NA	NA	NA	NA	NA	NA	NA	NA	NA	NA	NA	NA	NA	NA	NA	2	1	1	NA	NA	NA	2	1	1
9	58687	214718	2	1	1	1	g	NA	1	1	0.05	0.1	NA	NA	NA	NA	NA	NA	NA	NA	NA	NA	NA	NA	NA	3	1	2	2	1	1	NA	NA	NA	2	1	1
9	214719	47299999	2	1	1	2	d	5	1	1	0.0750811341445	0.170912513109	2	1	1	1	0	0.0800512327889821	1	1	0.919948767211018	0.00505390713280676	0.00492418422543428	0.0734167850072324	0.0928717285931479	2	1	1	1	1	1	NA	NA	NA	2	1	1
9	47300000	50699999	2	1	1	2	d	4	1	1	0.05	0.1	2	1	1	NA	NA	NA	NA	NA	NA	NA	NA	NA	NA	1	0	1	1	1	1	NA	NA	NA	2	1	1
9	50700000	66585247	2	1	1	2	d	3	1	1	0.05	0.325098663714	NA	NA	NA	NA	NA	NA	NA	NA	NA	NA	NA	NA	NA	NA	NA	NA	1	1	1	NA	NA	NA	2	1	1
9	66585248	140267500	2	1	1	2	d	5	1	1	0.0667231085148	0.141946502151	2	1	1	1	0	0.0769007959098633	1	1	0.923099204090137	0.0038058266958477	0.00374747730340912	0.0694052690909018	0.0843395444738785	2	1	1	1	1	1	NA	NA	NA	2	1	1
9	140267501	141019790	2	1	1	2	d	2	NA	NA	NA	NA	1.840577	0.920288523	0.9202885	1	0	0.0769007959098633	1	1	0.923099204090137	0.0038058266958477	0.00374747730340912	0.0694052690909018	0.0843395444738785	1	0	1	1	1	1	NA	NA	NA	2	1	1
10	10001	140025	2	1	1	2	f	2	1	0.75	0.05	0.1	NA	NA	NA	1	1	0.628149112206002	2	1	0.371850887793998	NA	0	0.628149112206002	0.628149112206002	NA	NA	NA	NA	NA	NA	NA	NA	NA	2	1	1
10	140026	17590347	2	1	1	2	d	2	1	0.75	0.0677175357713	0.136049890195	1.698036	0.699605167	0.998431	1	0	0.335946761279017	1	1	0.664053238720983	0.00426271821125782	0.00418077685243778	0.327899270069101	0.344181305383134	3	1	2	1	1	1	NA	NA	NA	2	1	1
10	17590348	37999999	2	1	1	2	d	3	1	0.75	0.0745165345582	0.132781601553	1.567256	0.783627866	0.7836279	1	0	0.335946761279017	1	1	0.664053238720983	0.00426271821125782	0.00418077685243778	0.327899270069101	0.344181305383134	2	1	1	1	1	1	NA	NA	NA	2	1	1
10	38000000	42299999	2	1	1	2	d	2	1	0.75	0.0735565885838	0.196876241177	2.583625	1.291812581	1.2918126	1	0	0.27446136956223	1	1	0.72553863043777	0.0254230645098375	0.0255767856221236	0.228827398727311	0.325911494379261	2	1	1	NA	NA	NA	NA	NA	NA	2	1	1
10	42300000	135389924	2	1	1	2	d	3	1	0.75	0.0721347871574	0.138286012752	1.74974	0.874870088	0.8748701	1	0	0.349314470351934	1	1	0.650685529648066	0.00289873802403656	0.00282004292379934	0.341067253878616	0.352147360415999	2	1	1	1	1	1	NA	NA	NA	2	1	1
11	20721	187499	2	1	1	2	d	3	1	1	0.05	0.1	NA	NA	NA	NA	NA	NA	NA	NA	NA	NA	NA	NA	NA	NA	NA	NA	1	1	1	NA	NA	NA	2	1	1
11	187500	51599999	2	1	1	3	a	6	1	1	0.0674499025116	0.156845880624	2	1	1	1	1	1	NA	NA	NA	NA	NA	NA	NA	2	1	1	1	1	1	NA	NA	NA	2	1	1
11	51600000	55699999	2	1	1	2	d	4	1	1	0.0740113001037	0.18115498504	1.823771	0.911885368	0.9118854	1	1	1	NA	NA	NA	NA	NA	NA	NA	1	0	1	1	1	1	NA	NA	NA	2	1	1
11	55700000	134442500	2	1	1	3	b	6	1	1	0.0659779732037	0.144053432571	2	1	1	1	1	1	NA	NA	NA	NA	NA	NA	NA	3	1	2	1	1	1	NA	NA	NA	2	1	1
12	110107	188284	2	1	1	2	d	3	1	1	0.05	0.1	NA	NA	NA	NA	NA	NA	NA	NA	NA	NA	NA	NA	NA	NA	NA	NA	1	1	1	NA	NA	NA	2	1	1
12	188285	33299999	2	1	1	3	a	6	1	1	0.0676463587833	0.150152784081	2	1	1	1	1	1	NA	NA	NA	NA	NA	NA	NA	2	1	1	1	1	1	NA	NA	NA	2	1	1
12	33300000	38199999	2	1	1	3	b	6	1	1	0.0769795276237	0.174456723206	2	1	1	1	1	1	NA	NA	NA	NA	NA	NA	NA	1	0	1	1	1	1	NA	NA	NA	2	1	1
12	38200000	86120505	2	1	1	3	a	6	1	1	0.0658586302897	0.157257265418	2	1	1	1	1	1	NA	NA	NA	NA	NA	NA	NA	2	1	1	1	1	1	NA	NA	NA	2	1	1
12	86120506	132342500	2	1	1	3	b	6	1	1	0.0614100152639	0.140503518747	2	1	1	1	1	1	NA	NA	NA	NA	NA	NA	NA	3	1	2	1	1	1	NA	NA	NA	2	1	1
12	132342501	133851894	2	1	1	2	d	4	NA	NA	NA	NA	2	1	1	1	1	1	NA	NA	NA	NA	NA	NA	NA	7	3	4	1	1	1	NA	NA	NA	2	1	1
13	1	16299999	2	1	1	1	h	1	NA	NA	NA	NA	NA	NA	NA	NA	NA	NA	NA	NA	NA	NA	NA	NA	NA	NA	NA	NA	NA	NA	NA	NA	NA	NA	2	1	1
13	16300000	19499999	2	1	1	2	d	2	1	1	0.05	0.296968434941	NA	NA	NA	0	0	0.85827237124067	1	0	0.14172762875933	NA	0	0.85827237124067	0.85827237124067	NA	NA	NA	1	0	0.421395	1	1	0.578605	2	1	1
13	19500000	56189961	2	1	1	2	d	3	1	0.75	0.0731640868893	0.139622477546	1.730844	0.86542185	0.8654218	1	0	0.334126884684461	1	1	0.665873115315539	0.00451383909400971	0.00436058732399806	0.330867443146609	0.347906476103227	2	1	1	1	1	1	NA	NA	NA	2	1	1
13	56189962	114137500	2	1	1	2	d	2	1	0.75	0.0851624617631	0.159018065344	1.751104	0.875551815	0.8755518	1	0	0.357264772289046	1	1	0.642735227710954	0.00388285643245578	0.00396662020631116	0.348740512430737	0.36469676697372	1	0	1	1	1	1	NA	NA	NA	2	1	1
13	114137501	115014542	2	1	1	2	d	3	NA	NA	NA	NA	2	1	1	1	0	0.357264772289046	1	1	0.642735227710954	0.00388285643245578	0.00396662020631116	0.348740512430737	0.36469676697372	1	0	1	1	1	1	NA	NA	NA	2	1	1
14	1	16099999	2	1	1	1	h	1	NA	NA	NA	NA	NA	NA	NA	NA	NA	NA	NA	NA	NA	NA	NA	NA	NA	NA	NA	NA	NA	NA	NA	NA	NA	NA	2	1	1
14	16100000	19099999	2	1	1	2	d	3	1	1	0.05	0.124245856645	NA	NA	NA	NA	NA	NA	NA	NA	NA	NA	NA	NA	NA	NA	NA	NA	1	1	1	NA	NA	NA	2	1	1
14	19100000	59896539	2	1	1	2	d	5	1	1	0.0751917544374	0.165808872459	2	1	1	1	0	0.0768491834774247	1	1	0.923150816522575	0.0052567261216742	0.00511273670690655	0.0728231857483502	0.0923006387384514	2	1	1	1	1	1	NA	NA	NA	2	1	1
14	59896540	59980536	4	3	1	1	g	NA	3	1	0.05	0.201141823389	2.232053	0.551034979	1.6810181	1	0	1	NA	NA	NA	NA	NA	NA	NA	4	1	3	1	1	1	NA	NA	NA	2	1	1
14	59980537	106399989	2	1	1	2	d	4	1	1	0.0593030119241	0.144302768038	2.109868	1.054934208	1.0549342	1	1	1	NA	NA	NA	NA	NA	NA	NA	3	1	2	1	1	1	NA	NA	NA	2	1	1
15	1	15799999	2	1	1	1	h	1	NA	NA	NA	NA	NA	NA	NA	NA	NA	NA	NA	NA	NA	NA	NA	NA	NA	NA	NA	NA	NA	NA	NA	NA	NA	NA	2	1	1
15	15800000	20699999	2	1	1	2	d	2	1	1	0.05	0.21086647181	NA	NA	NA	0	0	1	NA	NA	NA	NA	NA	NA	NA	NA	NA	NA	1	0	0.648213	1	1	0.351787	2	1	1
15	20700000	100332500	2	1	1	2	d	4	1	1	0.0638732827571	0.150586968672	2	1	1	1	0	0.22260531687597	1	1	0.77739468312403	0.00328383747513671	0.00328481752936869	0.216097859608824	0.228897171511296	3	1	2	1	1	1	NA	NA	NA	2	1	1
15	100332501	102432578	2	1	1	2	d	2	NA	NA	NA	NA	2.144172	1.072085947	1.0720859	1	0	0.22260531687597	1	1	0.77739468312403	0.00328383747513671	0.00328481752936869	0.216097859608824	0.228897171511296	4	2	2	1	1	1	NA	NA	NA	2	1	1
16	46581	90537	2	1	1	2	f	2	1.45	1.45	0.05	0.1	NA	NA	NA	2	2	1	NA	NA	NA	NA	NA	NA	NA	NA	NA	NA	NA	NA	NA	NA	NA	NA	2	1	1
16	90538	332500	2	1	1	2	e	4	1.45	1.45	0.0276835419022	0.166386314255	3.029062	1.51453088	1.5145309	1	1	0.832936557657774	2	1	0.167063442342226	0.0598847127300331	0.0612137803073868	0.733483689154451	0.962733132130885	8	4	4	NA	NA	NA	NA	NA	NA	2	1	1
16	332501	34599999	2	1	1	2	d	4	1	1	0.0550069755212	0.174371937416	2	1	1	1	0	0.138685082302918	1	1	0.861314917697082	0.00489995239498615	0.00486550956927556	0.12905368255434	0.147747254175121	4	2	2	1	1	1	NA	NA	NA	2	1	1
16	34600000	38599999	2	1	1	3	b	5	1	1	0.05	0.183862944025	2	1	1	1	0	0.138685082302918	1	1	0.861314917697082	0.00489995239498615	0.00486550956927556	0.12905368255434	0.147747254175121	2	1	1	1	1	1	NA	NA	NA	2	1	1
16	38600000	64599970	2	1	1	2	d	3	1	1	0.0610696915644	0.14752939415	2.11965	1.059825149	1.0598251	1	0	0.128081972462377	1	1	0.871918027537623	0.00770089004055468	0.00807409120809679	0.116918178288645	0.148934654451692	3	1	2	1	1	1	NA	NA	NA	2	1	1
16	64599971	88827200	1	1	0	2	d	3	1	0	0.0858942891649	0.1037575136	1.138073	0.147719256	0.9903538	1	0	1	NA	NA	NA	NA	NA	NA	NA	2	0	2	1	0	1	NA	NA	NA	2	1	1
16	88827201	90157057	1	1	0	2	f	3	NA	NA	NA	NA	1.304381	0.203155114	1.1012255	1	0	1	NA	NA	NA	NA	NA	NA	NA	4	0	4	1	0	1	NA	NA	NA	2	1	1
17	828	6272053	1	1	0	2	d	3	1	0	0.0866217454686	0.115673412607	1.101484	0.102305338	0.9991785	1	0	1	NA	NA	NA	NA	NA	NA	NA	3	0	3	1	0	1	NA	NA	NA	2	1	1
17	6272054	6287616	1	1	0	2	d	3	1	0	0.05	0.1	1.101484	0.102305338	0.9991785	0	0	1	NA	NA	NA	NA	NA	NA	NA	1	0	1	0	0	1	NA	NA	NA	1	0	1
17	6287617	6369774	1	1	0	2	d	3	1	0	0.05	0.1	0.944262	0.083115465	0.8611462	1	0	1	NA	NA	NA	NA	NA	NA	NA	2	0	2	1	0	1	NA	NA	NA	2	1	1
17	6369775	6370097	1	1	0	2	d	2	NA	NA	NA	NA	0.944262	0.083115465	0.8611462	1	0	1	NA	NA	NA	NA	NA	NA	NA	NA	NA	NA	1	0	1	NA	NA	NA	2	1	1
17	6370098	6575812	1	1	0	2	d	4	1	0	0.0830818635333	0.0922698242604	1	0	1	1	0	1	NA	NA	NA	NA	NA	NA	NA	2	0	2	1	0	1	NA	NA	NA	2	1	1
17	6575813	6576182	1	1	0	2	d	4	NA	NA	NA	NA	1	0	1	1	0	1	NA	NA	NA	NA	NA	NA	NA	NA	NA	NA	1	0	1	NA	NA	NA	1	0	1
17	6576183	11055066	1	1	0	2	d	3	1	0	0.0920949864646	0.106912701344	1.107694	0.115092776	0.9926015	1	0	1	NA	NA	NA	NA	NA	NA	NA	2	0	2	1	0	1	NA	NA	NA	2	1	1
17	11055067	11055119	1	1	0	2	d	4	1	0	0.05	0.1	1.107694	0.115092776	0.9926015	1	0	1	NA	NA	NA	NA	NA	NA	NA	1	0	1	1	0	1	NA	NA	NA	2	1	1
17	11055120	12019488	1	1	0	2	d	4	1	0	0.0805292564499	0.114202821736	0.936571	0.080551782	0.8560188	1	0	1	NA	NA	NA	NA	NA	NA	NA	1	0	1	1	0	1	NA	NA	NA	2	1	1
17	12019489	12053000	1	1	0	2	d	3	0	0	0.05	0.1	0.936571	0.080551782	0.8560188	0	0	1	NA	NA	NA	NA	NA	NA	NA	1	0	1	1	0	1	NA	NA	NA	1	0	1
17	12053001	12053759	1	1	0	2	d	2	0	0	0.05	0.1	NA	NA	NA	NA	NA	NA	NA	NA	NA	NA	NA	NA	NA	NA	NA	NA	1	0	1	NA	NA	NA	1	0	1
17	12053760	12086788	1	1	0	2	d	2	0	0	0.05	0.1	NA	NA	NA	1	0	0.618155619596552	2	0	0.381844380403448	NA	0	0.618155619596552	0.618155619596552	NA	NA	NA	1	0	1	NA	NA	NA	1	0	1
17	12086789	12091093	1	1	0	2	d	3	NA	NA	NA	NA	NA	NA	NA	NA	NA	NA	NA	NA	NA	NA	NA	NA	NA	1	0	1	1	0	1	NA	NA	NA	1	0	1
17	12091094	12092129	1	1	0	2	d	2	NA	NA	NA	NA	NA	NA	NA	NA	NA	NA	NA	NA	NA	NA	NA	NA	NA	1	0	1	1	0	1	NA	NA	NA	NA	NA	NA
17	12092130	12179135	1	1	0	3	b	6	1	0	0.05	0.114579408233	1	0	1	1	0	1	NA	NA	NA	NA	NA	NA	NA	1	0	1	1	0	1	NA	NA	NA	2	0	2
17	12179136	12446349	0	0	0	2	d	3	0	0	0.0717177720111	0.0791331790028	0.241454	0.120727098	0.1207271	0	0	0.832503711466247	1	0	0.167496288533753	0.041194907834715	0.0416380470655216	0.743073384949707	0.902601674822056	0	0	0	0	0	1	NA	NA	NA	1	0	1
17	12446350	20384392	4	3	1	2	e	0	1.09	0	0.0873416940994	0.121935296608	1.115392	0.115597891	0.999794	1	0	1	NA	NA	NA	NA	NA	NA	NA	2	0	2	1	0	1	NA	NA	NA	2	1	1
17	20384393	22199999	1	1	0	2	d	3	0.75	0	0.102593192017	0.319295509768	0.79819	0.161266724	0.6369234	0	0	0.341978866474547	1	0	0.658021133525453	0.0330360275729746	0.0324032944959798	0.274591692740782	0.402174687095847	1	0	1	1	0	1	NA	NA	NA	1	0	1
17	22200000	25799999	NA	NA	NA	NA	NA	NA	1	0.75	0.0623149231334	0.198397203933	1.523817	0.510732023	1.0130851	NA	NA	NA	NA	NA	NA	NA	NA	NA	NA	2	1	1	1	0	0.490057	1	1	0.509943	2	1	1
17	25800000	28493046	2	1	1	2	d	2	1	0.55	0.0815496340263	0.119871926484	1.598561	0.563354884	1.0352062	1	0	0.523514488267901	1	1	0.476485511732099	0.0185164036163075	0.0180531003471039	0.488923542927361	0.55948463914897	3	1	2	1	1	1	NA	NA	NA	2	1	1
17	28493047	28542035	3	2	1	2	f	2	NA	NA	NA	NA	1.598561	0.563354884	1.0352062	4	1	1	NA	NA	NA	NA	NA	NA	NA	8	0	8	2	1	1	NA	NA	NA	4	1	3
17	28542036	28542107	3	2	1	1	h	1	NA	NA	NA	NA	NA	NA	NA	NA	NA	NA	NA	NA	NA	NA	NA	NA	NA	NA	NA	NA	2	1	1	NA	NA	NA	4	1	3
17	28542108	28778060	3	2	1	2	d	3	3	0	0.05	0.194512360222	3.061206	1.117153167	1.9440532	2	1	1	NA	NA	NA	NA	NA	NA	NA	6	3	3	2	1	1	NA	NA	NA	3	1	2
17	28778061	29081672	5	4	1	2	d	3	4	1	0.0627013275667	0.227841534561	4.234151	0.759562792	3.4745885	4	1	1	NA	NA	NA	NA	NA	NA	NA	8	1	7	4	1	1	NA	NA	NA	4	1	3
17	29081673	32303016	2	1	1	2	d	2	1	0.55	0.0734188047648	0.120563671924	1.610179	0.555088769	1.0550904	1	0	0.560358629522896	1	1	0.439641370477104	0.014107529714912	0.0139412925000187	0.533960119193798	0.588883329598364	3	1	2	1	1	1	NA	NA	NA	2	1	1
17	32303017	36887990	1	1	0	2	e	4	1	0	0.0845040471459	0.141492468284	1.220256	0.144041153	1.0762149	1	0	0.894524495677238	2	0	0.105475504322762	0.0212503191545757	0.0202910573547688	0.903379158070248	0.981467474433336	2	0	2	1	0	1	NA	NA	NA	2	1	1
17	36887991	37079705	2	1	1	2	d	3	1	1	0.05	0.1	2.126748	0.953480811	1.173267	1	0	0.170088736066736	1	1	0.829911263933264	0.0943401252282671	0.0894401900310742	0.124086015958632	0.4752443941871	6	3	3	1	1	1	NA	NA	NA	2	1	1
17	37079706	37176471	3	2	1	2	d	3	1	1	0.05	0.1	2.126748	0.953480811	1.173267	2	1	1	NA	NA	NA	NA	NA	NA	NA	7	3	4	2	1	1	NA	NA	NA	3	1	2
17	37176472	37197163	2	1	1	1	g	NA	1	1	0.05	0.1	NA	NA	NA	3	1	1	NA	NA	NA	NA	NA	NA	NA	8	2	6	3	1	1	NA	NA	NA	3	1	2
17	37197164	37467535	4	3	1	2	e	2	4	1	0.0576785694512	0.152394435918	4.560474	0.962131666	3.5983427	3	0	0.366897113511995	3	1	0.633102886488005	0.0438764580310844	0.0432854247421076	0.294203090457007	0.461334411510566	8	2	6	4	1	1	NA	NA	NA	4	1	3
17	37467536	37540519	22	21	1	1	g	1	NA	NA	NA	NA	4.560474	0.962131666	3.5983427	NA	NA	NA	NA	NA	NA	NA	NA	NA	NA	7	3	4	21	1	1	NA	NA	NA	4	1	3
17	37540520	37635810	42	41	1	1	g	NA	41	1	0.05	0.1	NA	NA	NA	15	0	0.374595855633312	15	1	0.625404144366688	NA	0	0.374595855633312	0.374595855633312	7	3	4	21	1	1	NA	NA	NA	12	1	11
17	37635811	37669153	42	41	1	1	g	NA	41	1	0.05	0.1	NA	NA	NA	NA	NA	NA	NA	NA	NA	NA	NA	NA	NA	7	3	4	21	1	1	NA	NA	NA	12	1	11
17	37669154	37895690	42	41	1	1	g	NA	41	1	0.05	0.575994971253	NA	NA	NA	17	2	1	NA	NA	NA	NA	NA	NA	NA	7	3	4	21	1	1	NA	NA	NA	14	1	13
17	37895691	37902320	42	41	1	1	g	NA	41	1	0.05	0.1	NA	NA	NA	NA	NA	NA	NA	NA	NA	NA	NA	NA	NA	NA	NA	NA	21	1	1	NA	NA	NA	14	1	13
17	37902321	37902707	42	41	1	1	g	NA	41	1	0.05	0.1	NA	NA	NA	NA	NA	NA	NA	NA	NA	NA	NA	NA	NA	NA	NA	NA	21	1	1	NA	NA	NA	14	1	13
17	37902708	38118171	42	41	1	1	g	NA	41	1	0.0137225470464	0.654245597613	19.838422	1.121917195	18.7165051	17	1	1	NA	NA	NA	NA	NA	NA	NA	8	0	8	21	1	1	NA	NA	NA	14	1	13
17	38118172	38118324	22	21	1	1	g	1	NA	NA	NA	NA	19.838422	1.121917195	18.7165051	NA	NA	NA	NA	NA	NA	NA	NA	NA	NA	1	0	1	21	1	1	NA	NA	NA	14	1	13
17	38118325	38118432	22	21	1	1	h	1	NA	NA	NA	NA	NA	NA	NA	NA	NA	NA	NA	NA	NA	NA	NA	NA	NA	NA	NA	NA	21	1	1	NA	NA	NA	NA	NA	NA
17	38118433	38198963	16	15	1	2	f	2	32	1	0.05	0.1	16.614235	1.175576896	15.4386579	15	1	1	NA	NA	NA	NA	NA	NA	NA	8	0	8	18	1	1	NA	NA	NA	13	1	12
17	38198964	38295653	16	15	1	2	f	2	32	1	0.05	0.1	16.614235	1.175576896	15.4386579	13	0	0.348119115744884	13	1	0.651880884255116	0.0794940503673964	0.0781435286223527	0.0257918892174271	0.334549311677893	8	0	8	15	1	1	NA	NA	NA	12	1	11
17	38295654	38295723	16	15	1	1	h	1	NA	NA	NA	NA	NA	NA	NA	NA	NA	NA	NA	NA	NA	NA	NA	NA	NA	NA	NA	NA	15	1	1	NA	NA	NA	9	1	8
17	38295724	38432464	10	9	1	1	h	1	NA	NA	NA	NA	NA	NA	NA	9	1	1	NA	NA	NA	NA	NA	NA	NA	8	0	8	6	1	1	NA	NA	NA	9	1	8
17	38432465	38434122	7	6	1	1	h	1	NA	NA	NA	NA	NA	NA	NA	NA	NA	NA	NA	NA	NA	NA	NA	NA	NA	7	3	4	6	1	1	NA	NA	NA	9	1	8
17	38434123	38517160	7	6	1	1	h	1	NA	NA	NA	NA	NA	NA	NA	NA	NA	NA	NA	NA	NA	NA	NA	NA	NA	NA	NA	NA	6	1	1	NA	NA	NA	NA	NA	NA
17	38517161	38517226	7	6	1	1	h	1	NA	NA	NA	NA	NA	NA	NA	NA	NA	NA	NA	NA	NA	NA	NA	NA	NA	NA	NA	NA	6	1	1	NA	NA	NA	5	1	4
17	38517227	38760725	6	5	1	2	e	3	5.45	1	0.0447759749591	0.242613232689	6.280285	1.062541719	5.2177436	5	0	0.12141553267506	5	1	0.87858446732494	0.0584598007265939	0.058609836106984	0.00667683516700089	0.236568695708706	8	1	7	6	1	1	NA	NA	NA	5	1	4
17	38760726	38924354	6	5	1	2	e	3	5.45	1	0.05	0.307924318182	5.390131	0.965483367	4.4246472	4	1	1	NA	NA	NA	NA	NA	NA	NA	8	1	7	5	1	1	NA	NA	NA	5	1	4
17	38924355	39107527	19	18	1	1	g	NA	18	1	0.0632486488119	0.416999810048	9	1	8	8	1	1	NA	NA	NA	NA	NA	NA	NA	8	0	8	9	1	1	NA	NA	NA	7	1	6
17	39107528	39659604	9	8	1	2	f	2	18	1	0.0513572037604	0.416718070491	8.538047	1.02422994	7.513817	8	1	1	NA	NA	NA	NA	NA	NA	NA	8	0	8	8	1	1	NA	NA	NA	7	1	6
17	39659605	39660228	9	8	1	2	f	2	18	1	0.05	0.1	8.538047	1.02422994	7.513817	8	1	1	NA	NA	NA	NA	NA	NA	NA	NA	NA	NA	8	1	1	NA	NA	NA	7	1	6
17	39660229	39737274	19	18	1	1	g	NA	18	1	0.05	0.191219555784	8.946487	1.10610971	7.840377	8	1	1	NA	NA	NA	NA	NA	NA	NA	8	0	8	9	1	1	NA	NA	NA	7	1	6
17	39737275	39864621	9	8	1	1	h	1	NA	NA	NA	NA	8.946487	1.10610971	7.840377	4	4	1	NA	NA	NA	NA	NA	NA	NA	8	0	8	4	1	1	NA	NA	NA	6	0	6
17	39864622	39990262	5	4	1	2	d	3	NA	NA	NA	NA	NA	NA	NA	4	1	1	NA	NA	NA	NA	NA	NA	NA	8	1	7	4	1	1	NA	NA	NA	5	1	4
17	39990263	44798474	1	1	0	2	e	4	1	0	0.091610790064	0.127911588134	1.126674	0.101385507	1.0252882	1	0	0.894524495677238	2	0	0.105475504322762	0.0227221598704595	0.0228594117399088	0.905121212598572	0.995238192697815	3	0	3	1	0	1	NA	NA	NA	2	1	1
17	44798475	44801452	1	1	0	2	d	3	1	0	0.05	0.1	1.126674	0.101385507	1.0252882	NA	NA	NA	NA	NA	NA	NA	NA	NA	NA	1	0	1	1	0	1	NA	NA	NA	2	1	1
17	44801453	44807265	1	1	0	1	g	NA	1	0	0.05	0.1	NA	NA	NA	NA	NA	NA	NA	NA	NA	NA	NA	NA	NA	NA	NA	NA	4	1	1	NA	NA	NA	NA	NA	NA
17	44807266	44936756	4	3	1	2	e	2	4	1	0.05	0.290295544581	NA	NA	NA	3	1	0.508468577784531	4	1	0.491531422215469	0.707528288015571	0.451673406969471	0.691399568330631	2.50672344324933	8	1	7	4	1	1	NA	NA	NA	4	1	3
17	44936757	45279185	4	3	1	2	d	3	3	1	0.0854591621935	0.205598521365	3.481041	0.928708719	2.5523327	3	1	1	NA	NA	NA	NA	NA	NA	NA	8	2	6	3	1	1	NA	NA	NA	3	1	2
17	45279186	45358967	3	2	1	2	e	4	2	2	0.0650549652345	0.0752907822836	3.512693	1.066929135	2.4457639	2	1	0.494498664018925	3	1	0.505501335981075	0.106047915276259	0.10493705994478	0.352840808343745	0.781731413393189	8	3	5	3	1	0.413399	2	1	0.586601	3	1	2
17	45358968	45359012	3	2	1	2	f	3	1	1	0.05	0.1	3.512693	1.066929135	2.4457639	NA	NA	NA	NA	NA	NA	NA	NA	NA	NA	NA	NA	NA	3	1	0.413399	2	1	0.586601	3	1	2
17	45359013	46278439	2	1	1	2	d	4	1	1	0.0574960689439	0.133058661937	2.106254	1.053127059	1.0531271	1	1	1	NA	NA	NA	NA	NA	NA	NA	5	2	3	1	1	1	NA	NA	NA	2	1	1
17	46278440	47320396	3	2	1	2	d	4	2.25	1.09	0.0666463120162	0.19615117511	3	1	2	2	1	1	NA	NA	NA	NA	NA	NA	NA	7	2	5	2	1	1	NA	NA	NA	3	1	2
17	47320397	47320749	3	2	1	2	d	4	2.25	1.09	0.05	0.1	3	1	2	2	1	1	NA	NA	NA	NA	NA	NA	NA	NA	NA	NA	2	1	1	NA	NA	NA	3	1	2
17	47320750	52776118	3	2	1	2	d	3	2.25	1.09	0.0691119738026	0.192324266929	3.191997	1.10508856	2.0869088	2	1	1	NA	NA	NA	NA	NA	NA	NA	6	2	4	2	1	1	NA	NA	NA	3	1	2
17	52776119	62464620	2	1	1	2	d	2	1.09	1.09	0.0675648332032	0.151234154871	2.134162	1.06708097	1.067081	1	0	0.0800512327889821	1	1	0.919948767211018	0.0111770563948171	0.0110285106556609	0.0517595890146948	0.0942668325515684	4	2	2	1	1	1	NA	NA	NA	2	1	1
17	62464621	62789832	1	1	0	2	d	3	1	0	0.101169546653	0.290065506277	1.10091	0.098219011	1.0026905	1	0	1	NA	NA	NA	NA	NA	NA	NA	2	0	2	1	0	1	NA	NA	NA	2	1	1
17	62789833	78774600	2	1	1	2	d	4	1	1	0.0573507949214	0.141153020073	2.107035	1.053517305	1.0535173	1	1	1	NA	NA	NA	NA	NA	NA	NA	5	2	3	1	1	1	NA	NA	NA	2	1	1
17	78774601	81104155	2	1	1	2	d	3	NA	NA	NA	NA	2.452629	1.226314483	1.2263145	1	1	1	NA	NA	NA	NA	NA	NA	NA	8	4	4	1	1	1	NA	NA	NA	2	1	1
18	27500	80030	2	1	1	2	d	2	1	1	0.05	0.1	NA	NA	NA	NA	NA	NA	NA	NA	NA	NA	NA	NA	NA	7	3	4	2	2	0.656636	2	1	0.343364	2	1	1
18	80031	15399999	2	1	1	3	b	6	1	1	0.0662100445367	0.143732706913	2	1	1	1	1	1	NA	NA	NA	NA	NA	NA	NA	3	1	2	1	1	1	NA	NA	NA	2	1	1
18	15400000	18999999	2	1	1	2	d	3	1	1	0.05	0.182351712485	1.132027	0.566013308	0.5660133	1	1	1	NA	NA	NA	NA	NA	NA	NA	1	0	1	1	0	0.175659	1	1	0.824341	2	1	1
18	19000000	76117000	2	1	1	3	a	6	1	1	0.0713068767971	0.15995501762	2	1	1	1	1	1	NA	NA	NA	NA	NA	NA	NA	2	1	1	1	1	1	NA	NA	NA	2	1	1
18	76117001	78077247	2	1	1	2	d	2	NA	NA	NA	NA	2.106356	1.053178184	1.0531782	1	0	0.106734977051978	1	1	0.893265022948022	0.0222959088226852	0.0222740372050106	0.0531071934699772	0.142811910317918	4	2	2	1	1	1	NA	NA	NA	2	1	1
19	296458	24399999	2	1	1	2	d	4	1	1	0.0626017874187	0.135076859128	2	1	1	1	0	0.0988774177084275	1	1	0.901122582291572	0.00578512259603742	0.00572516456815855	0.0870985973559591	0.109252940028694	5	2	3	1	1	1	NA	NA	NA	2	1	1
19	24400000	28599999	2	1	1	2	d	4	1	1	0.0584263084662	0.155654193386	2	1	1	NA	NA	NA	NA	NA	NA	NA	NA	NA	NA	NA	NA	NA	1	1	1	NA	NA	NA	2	1	1
19	28600000	59128982	2	1	1	2	d	4	1	1	0.0571398835309	0.158437694746	2	1	1	1	0	0.0864337008154109	1	1	0.913566299184589	0.00523120542675855	0.00528875707531292	0.0758098242736671	0.0961105433525034	5	2	3	1	1	1	NA	NA	NA	2	1	1
20	41082	25599999	2	1	1	2	d	4	1	1	0.0584826958093	0.14061709144	2.15003	1.075015033	1.075015	1	1	1	NA	NA	NA	NA	NA	NA	NA	3	1	2	1	1	1	NA	NA	NA	2	1	1
20	25600000	29399999	2	1	1	2	d	3	1	1	0.0801555375419	0.221629096921	1.490178	0.745088949	0.7450889	0	0	0.948820578503578	1	0	0.0511794214964223	0.0237754943819123	0.0236088859432362	0.905286718335245	0.997022618107903	1	0	1	1	1	1	NA	NA	NA	2	1	1
20	29400000	62432500	2	1	1	3	b	6	1	1	0.0527316089942	0.141400802871	2	1	1	1	1	1	NA	NA	NA	NA	NA	NA	NA	4	2	2	1	1	1	NA	NA	NA	2	1	1
21	1	10899999	NA	NA	NA	NA	NA	NA	1	0.75	0.05	0.395316245996	NA	NA	NA	NA	NA	NA	NA	NA	NA	NA	NA	NA	NA	NA	NA	NA	1	0	1	NA	NA	NA	NA	NA	NA
21	10900000	15223231	2	1	1	2	f	2	1	0.75	0.0902268677764	0.182592365119	NA	NA	NA	NA	NA	NA	NA	NA	NA	NA	NA	NA	NA	NA	NA	NA	1	0	0.759216	1	1	0.240784	NA	NA	NA
21	15223232	31670542	2	1	1	2	e	4	1	0.75	0.0837629999843	0.158465369354	1.688306	0.84415319	0.8441532	1	0	0.360230547550429	1	1	0.639769452449571	0.00713707784815451	0.00750093777224884	0.339589656081838	0.368827362166492	NA	NA	NA	1	1	1	NA	NA	NA	NA	NA	NA
21	31670543	32728066	1	1	0	2	d	4	1	0	0.0948385599012	0.106034752191	0.914283	0.073122443	0.8411601	1	0	1	NA	NA	NA	NA	NA	NA	NA	NA	NA	NA	1	0	1	NA	NA	NA	1	0	1
21	32728067	46937500	2	1	1	2	d	3	1	1	0.0664419533363	0.127966405091	1.81622	0.752978725	1.0632417	1	0	0.347950746725802	1	1	0.652049253274198	0.00584875000573981	0.00594812696708936	0.336274248447987	0.358525133038426	3	1	2	1	1	1	NA	NA	NA	2	1	1
21	46937501	48129894	2	1	1	2	d	2	NA	NA	NA	NA	1.999504	0.830285262	1.1692187	1	0	0.347950746725802	1	1	0.652049253274198	0.00584875000573981	0.00594812696708936	0.336274248447987	0.358525133038426	6	3	3	1	1	1	NA	NA	NA	2	1	1
22	1	12199999	2	1	1	1	h	1	NA	NA	NA	NA	NA	NA	NA	NA	NA	NA	NA	NA	NA	NA	NA	NA	NA	NA	NA	NA	NA	NA	NA	NA	NA	NA	2	1	1
22	12200000	17899999	2	1	1	2	d	4	1	1	0.0739427689901	0.19282505354	1.89118	0.945590113	0.9455901	1	1	1	NA	NA	NA	NA	NA	NA	NA	3	1	2	1	1	1	NA	NA	NA	2	1	1
22	17900000	49687500	2	1	1	2	d	4	1	1	0.055819433701	0.136610896244	1.808728	0.90436396	0.904364	1	1	1	NA	NA	NA	NA	NA	NA	NA	5	2	3	1	1	1	NA	NA	NA	2	1	1
22	49687501	51304565	2	1	1	2	d	4	NA	NA	NA	NA	2	1	1	1	1	1	NA	NA	NA	NA	NA	NA	NA	6	3	3	1	1	1	NA	NA	NA	2	1	1
X	1	58099999	2	1	1	2	d	4	1	1	0.066570290088	0.189981661772	1.89785	0.948925215	0.9489252	1	1	1	NA	NA	NA	NA	NA	NA	NA	2	1	1	NA	NA	NA	NA	NA	NA	2	1	1
X	58100000	62999999	2	1	1	3	a	5	1	1	0.05	0.403266975603	2	1	1	1	1	1	NA	NA	NA	NA	NA	NA	NA	2	1	1	NA	NA	NA	NA	NA	NA	2	1	1
X	63000000	154907500	2	1	1	2	d	4	1	1	0.0734190458448	0.202412728289	1.884948	0.942473954	0.942474	1	1	1	NA	NA	NA	NA	NA	NA	NA	2	1	1	NA	NA	NA	NA	NA	NA	2	1	1
