chromosome	start	end	total_cn	major_cn	minor_cn	star	level	methods_agree	absolute_broad_major_cn	absolute_broad_minor_cn	absolute_broad_het_error	absolute_broad_cov_error	aceseq_copy_number	aceseq_minor_cn	aceseq_major_cn	battenberg_nMaj1_A	battenberg_nMin1_A	battenberg_frac1_A	battenberg_nMaj2_A	battenberg_nMin2_A	battenberg_frac2_A	battenberg_SDfrac_A	battenberg_SDfrac_A_BS	battenberg_frac1_A_0.025	battenberg_frac1_A_0.975	clonehd_copy_number	clonehd_minor_cn	clonehd_major_cn	sclust_nMaj1_A	sclust_nMin1_A	sclust_frac1_A	sclust_nMaj2_A	sclust_nMin2_A	sclust_frac2_A	jabba_copy_number	jabba_minor_cn	jabba_major_cn
1	790009	100858883	3	2	1	2	d	3	2	1	0.088959850283	0.174806144044	NA	NA	NA	2	1	1	NA	NA	NA	NA	NA	NA	NA	2	1	1	NA	NA	NA	NA	NA	NA	3	1	2
1	100858884	101008203	6	4	2	1	h	1	3	2	0.05	0.209542224378	NA	NA	NA	4	2	1	NA	NA	NA	NA	NA	NA	NA	NA	NA	NA	NA	NA	NA	NA	NA	NA	4	1	3
1	101008204	121300553	6	3	3	1	g	NA	3	2	0.0659665900383	0.227096133489	NA	NA	NA	3	2	1	NA	NA	NA	NA	NA	NA	NA	6	3	3	NA	NA	NA	NA	NA	NA	4	1	3
1	121300554	128899999	NA	NA	NA	NA	NA	NA	3	2	0.05	1.60921812924	NA	NA	NA	4	3	1	NA	NA	NA	NA	NA	NA	NA	NA	NA	NA	NA	NA	NA	NA	NA	NA	4	1	3
1	128900000	152185260	4	2	2	2	f	2	2.33	1.6	0.0592806040285	0.289380248456	NA	NA	NA	3	2	1	NA	NA	NA	NA	NA	NA	NA	4	2	2	NA	NA	NA	NA	NA	NA	4	1	3
1	152185261	156109477	4	2	2	2	f	2	2.33	1.6	0.066289145087	0.485136303822	NA	NA	NA	3	2	1	NA	NA	NA	NA	NA	NA	NA	4	2	2	NA	NA	NA	NA	NA	NA	4	1	3
1	156109478	156180541	5	4	1	1	g	NA	5	1	0.05	0.1	NA	NA	NA	6	2	0.711128135285447	6	3	0.288871864714553	0.346569956910928	0.392504185065955	-0.770245577805613	0.823807610628894	5	1	4	NA	NA	NA	NA	NA	NA	4	1	3
1	156180542	206795762	5	3	2	2	d	2	2.4	1.67	0.0665119598902	0.195322008371	NA	NA	NA	3	2	1	NA	NA	NA	NA	NA	NA	NA	6	3	3	NA	NA	NA	NA	NA	NA	5	2	3
1	206795763	206866159	6	3	3	1	g	NA	3	3	0.05	0.1	NA	NA	NA	4	3	1	NA	NA	NA	NA	NA	NA	NA	6	3	3	NA	NA	NA	NA	NA	NA	4	1	3
1	206866160	221140091	6	3	3	1	g	NA	2.54	1.74	0.0653394955927	0.193107380702	NA	NA	NA	3	2	1	NA	NA	NA	NA	NA	NA	NA	6	3	3	NA	NA	NA	NA	NA	NA	4	1	3
1	221140092	249250620	5	3	2	2	d	2	2.54	1.74	0.0666403224198	0.204297410725	NA	NA	NA	3	2	1	NA	NA	NA	NA	NA	NA	NA	5	2	3	NA	NA	NA	NA	NA	NA	3	1	2
2	20016	11581362	2	1	1	1	g	NA	2	1	0.0892101500917	0.182708097232	NA	NA	NA	2	1	1	NA	NA	NA	NA	NA	NA	NA	2	1	1	NA	NA	NA	NA	NA	NA	2	1	1
2	11581363	11595423	3	2	1	2	d	2	2	1	0.05	0.1	NA	NA	NA	2	1	1	NA	NA	NA	NA	NA	NA	NA	NA	NA	NA	NA	NA	NA	NA	NA	NA	2	1	1
2	11595424	22265821	3	2	1	2	d	4	2	1	0.0850042591436	0.155660907979	NA	NA	NA	2	1	1	NA	NA	NA	NA	NA	NA	NA	3	1	2	NA	NA	NA	NA	NA	NA	3	1	2
2	22265822	41590008	3	2	1	2	d	4	2	1	0.083748277713	0.160703620887	NA	NA	NA	2	1	1	NA	NA	NA	NA	NA	NA	NA	3	1	2	NA	NA	NA	NA	NA	NA	3	1	2
2	41590009	90499999	3	2	1	2	d	4	2	1	0.0821875134337	0.167200446926	NA	NA	NA	2	1	1	NA	NA	NA	NA	NA	NA	NA	3	1	2	NA	NA	NA	NA	NA	NA	3	1	2
2	90500000	96799999	NA	NA	NA	NA	NA	NA	2	1	0.05	0.274189946672	NA	NA	NA	2	1	1	NA	NA	NA	NA	NA	NA	NA	2	1	1	NA	NA	NA	NA	NA	NA	3	1	2
2	96800000	112381602	2	1	1	1	g	NA	2	1	0.0868344841082	0.198868622393	NA	NA	NA	2	1	1	NA	NA	NA	NA	NA	NA	NA	2	1	1	NA	NA	NA	NA	NA	NA	2	1	1
2	112381603	113989938	4	3	1	2	f	2	3.11	1	0.0750002746476	0.211365260824	NA	NA	NA	3	1	1	NA	NA	NA	NA	NA	NA	NA	3	0	3	NA	NA	NA	NA	NA	NA	2	1	1
2	113989939	164891276	2	1	1	2	d	3	1	1	0.0725435957774	0.1285135487	NA	NA	NA	1	1	0.919886238458613	2	1	0.0801137615413874	0.0048316932707298	0.00496416696879259	0.897441077908177	0.916596178774637	2	1	1	NA	NA	NA	NA	NA	NA	2	1	1
2	164891277	166554322	4	3	1	1	g	NA	2	1	0.0782540635314	0.139355331739	NA	NA	NA	2	1	1	NA	NA	NA	NA	NA	NA	NA	4	1	3	NA	NA	NA	NA	NA	NA	5	2	3
2	166554323	242985493	2	1	1	2	d	2	1.16	1.16	0.0731733233018	0.151013950499	NA	NA	NA	1	0	0.0907955964135749	1	1	0.909204403586425	0.00352379690140484	0.00368301877501403	0.0873247215495675	0.101459403627109	2	1	1	NA	NA	NA	NA	NA	NA	2	1	1
3	109644	39783492	3	2	1	2	d	4	2	1	0.0840972232879	0.16528394986	NA	NA	NA	2	1	1	NA	NA	NA	NA	NA	NA	NA	3	1	2	NA	NA	NA	NA	NA	NA	3	1	2
3	39783493	39847590	6	3	3	2	d	2	2	2	0.05	0.16756606061	NA	NA	NA	3	3	1	NA	NA	NA	NA	NA	NA	NA	NA	NA	NA	NA	NA	NA	NA	NA	NA	6	3	3
3	39847591	87899999	3	2	1	2	d	4	2	1	0.0828012155708	0.167693643969	NA	NA	NA	2	1	1	NA	NA	NA	NA	NA	NA	NA	3	1	2	NA	NA	NA	NA	NA	NA	3	1	2
3	87900000	93899999	NA	NA	NA	NA	NA	NA	2	1	0.0750329754791	0.151793488332	NA	NA	NA	2	1	1	NA	NA	NA	NA	NA	NA	NA	5	2	3	NA	NA	NA	NA	NA	NA	4	1	3
3	93900000	169269553	3	2	1	2	d	3	2	1	0.0815022065289	0.155546818688	NA	NA	NA	2	1	1	NA	NA	NA	NA	NA	NA	NA	3	1	2	NA	NA	NA	NA	NA	NA	4	1	3
3	169269554	170739433	5	4	1	2	d	3	4	1	0.059310493312	0.217294907614	NA	NA	NA	4	1	1	NA	NA	NA	NA	NA	NA	NA	5	1	4	NA	NA	NA	NA	NA	NA	4	1	3
3	170739434	197871814	3	2	1	2	d	4	2	1	0.0827897766599	0.162264734676	NA	NA	NA	2	1	1	NA	NA	NA	NA	NA	NA	NA	3	1	2	NA	NA	NA	NA	NA	NA	3	1	2
4	60049	48199999	3	2	1	2	d	3	2	1	0.0870964558141	0.171699315456	NA	NA	NA	2	1	1	NA	NA	NA	NA	NA	NA	NA	3	1	2	NA	NA	NA	NA	NA	NA	4	1	3
4	48200000	52699999	NA	NA	NA	NA	NA	NA	2	1	0.0901099300066	0.369187558712	NA	NA	NA	NA	NA	NA	NA	NA	NA	NA	NA	NA	NA	3	1	2	NA	NA	NA	NA	NA	NA	4	1	3
4	52700000	190844646	4	3	1	1	g	NA	2	1	0.0796506013825	0.160880899547	NA	NA	NA	2	1	1	NA	NA	NA	NA	NA	NA	NA	4	1	3	NA	NA	NA	NA	NA	NA	4	1	3
5	22500	21579881	4	2	2	2	d	4	2	2	0.0586744483474	0.215019443379	NA	NA	NA	2	2	1	NA	NA	NA	NA	NA	NA	NA	4	2	2	NA	NA	NA	NA	NA	NA	4	2	2
5	21579882	46099999	6	3	3	1	g	NA	2	2	0.0502342511465	0.187371241224	NA	NA	NA	2	2	1	NA	NA	NA	NA	NA	NA	NA	6	3	3	NA	NA	NA	NA	NA	NA	5	2	3
5	46100000	50699999	NA	NA	NA	NA	NA	NA	2	2	0.0362589681478	0.285882022407	NA	NA	NA	NA	NA	NA	NA	NA	NA	NA	NA	NA	NA	7	3	4	NA	NA	NA	NA	NA	NA	5	2	3
5	50700000	70750152	5	3	2	1	g	NA	2	2	0.0513260564797	0.188771031711	NA	NA	NA	2	2	1	NA	NA	NA	NA	NA	NA	NA	5	2	3	NA	NA	NA	NA	NA	NA	5	2	3
5	70750153	125270008	6	3	3	1	g	NA	2	2	0.0517657209723	0.205215205271	NA	NA	NA	2	2	1	NA	NA	NA	NA	NA	NA	NA	6	3	3	NA	NA	NA	NA	NA	NA	5	2	3
5	125270009	133729452	4	2	2	2	d	4	2	2	0.0623435030865	0.20756402511	NA	NA	NA	2	2	1	NA	NA	NA	NA	NA	NA	NA	4	2	2	NA	NA	NA	NA	NA	NA	4	2	2
5	133729453	133818380	3	2	1	1	g	NA	4	2	0.05	0.1	NA	NA	NA	4	2	1	NA	NA	NA	NA	NA	NA	NA	3	1	2	NA	NA	NA	NA	NA	NA	3	1	2
5	133818381	154849972	4	2	2	2	d	3	2	2	0.0607281730095	0.230485772335	NA	NA	NA	2	2	1	NA	NA	NA	NA	NA	NA	NA	4	2	2	NA	NA	NA	NA	NA	NA	3	1	2
5	154849973	159270019	5	3	2	1	g	NA	2	2	0.0567802503733	0.204760090014	NA	NA	NA	2	2	1	NA	NA	NA	NA	NA	NA	NA	5	2	3	NA	NA	NA	NA	NA	NA	3	1	2
5	159270020	180715810	3	2	1	1	g	NA	2	2	0.0609839404502	0.219256842803	NA	NA	NA	2	2	1	NA	NA	NA	NA	NA	NA	NA	3	1	2	NA	NA	NA	NA	NA	NA	3	1	2
6	242501	40150016	3	2	1	2	d	2	1.89	1.89	0.0630362490662	0.211490557036	NA	NA	NA	2	2	1	NA	NA	NA	NA	NA	NA	NA	3	1	2	NA	NA	NA	NA	NA	NA	3	1	2
6	40150017	51260103	4	2	2	2	d	3	1.89	1.89	0.0640615066123	0.184419124781	NA	NA	NA	2	2	1	NA	NA	NA	NA	NA	NA	NA	4	2	2	NA	NA	NA	NA	NA	NA	4	2	2
6	51260104	57994218	5	3	2	2	d	2	1.89	1.89	0.0499538308791	0.176387192149	NA	NA	NA	2	2	1	NA	NA	NA	NA	NA	NA	NA	5	2	3	NA	NA	NA	NA	NA	NA	5	2	3
6	57994219	58699999	6	3	3	1	g	NA	2	2	0.0394774152355	0.211612680914	NA	NA	NA	2	2	1	NA	NA	NA	NA	NA	NA	NA	6	3	3	NA	NA	NA	NA	NA	NA	5	2	3
6	58700000	63299999	NA	NA	NA	NA	NA	NA	2	2	0.0476279177622	0.221988188623	NA	NA	NA	NA	NA	NA	NA	NA	NA	NA	NA	NA	NA	7	3	4	NA	NA	NA	NA	NA	NA	5	2	3
6	63300000	67129903	7	4	3	1	g	NA	2	2	0.0581449289318	0.18646315846	NA	NA	NA	2	2	1	NA	NA	NA	NA	NA	NA	NA	7	3	4	NA	NA	NA	NA	NA	NA	5	2	3
6	67129904	170905598	5	3	2	1	g	NA	2	2	0.0555660979535	0.189232018849	NA	NA	NA	2	2	1	NA	NA	NA	NA	NA	NA	NA	5	2	3	NA	NA	NA	NA	NA	NA	5	2	3
7	64845	47623709	5	3	2	2	d	2	2.33	1.6	0.0680143711967	0.196399039789	NA	NA	NA	3	2	1	NA	NA	NA	NA	NA	NA	NA	5	2	3	NA	NA	NA	NA	NA	NA	4	1	3
7	47623710	47809263	7	5	2	2	f	1	5	1.46	0.0716766765464	0.330727695843	NA	NA	NA	4	1	0.775776147584114	4	2	0.224223852415886	0.0416564606916738	0.0440041968386314	0.591454990309706	0.763884369930753	4	1	3	NA	NA	NA	NA	NA	NA	3	1	2
7	47809264	57989507	5	3	2	2	d	2	2.4	1.67	0.0704712978694	0.209233931685	NA	NA	NA	3	2	1	NA	NA	NA	NA	NA	NA	NA	5	2	3	NA	NA	NA	NA	NA	NA	3	1	2
7	57989508	62264104	NA	NA	NA	NA	NA	NA	2.4	1.67	0.05	0.391939280527	NA	NA	NA	NA	NA	NA	NA	NA	NA	NA	NA	NA	NA	8	3	5	NA	NA	NA	NA	NA	NA	3	1	2
7	62264105	62487375	3	2	1	2	f	2	2.4	1.67	0.05	0.186113476048	NA	NA	NA	3	2	1	NA	NA	NA	NA	NA	NA	NA	6	3	3	NA	NA	NA	NA	NA	NA	3	1	2
7	62487376	76855872	3	2	1	2	f	2	2.4	1.67	0.0703854054174	0.22710854734	NA	NA	NA	3	2	1	NA	NA	NA	NA	NA	NA	NA	3	1	2	NA	NA	NA	NA	NA	NA	2	1	1
7	76855873	91535006	4	2	2	2	f	2	2.4	1.67	0.059602686161	0.184952736513	NA	NA	NA	3	2	1	NA	NA	NA	NA	NA	NA	NA	7	3	4	NA	NA	NA	NA	NA	NA	4	2	2
7	91535007	100099851	5	3	2	2	d	2	2.4	1.67	0.0650827662333	0.197614194489	NA	NA	NA	3	2	1	NA	NA	NA	NA	NA	NA	NA	5	2	3	NA	NA	NA	NA	NA	NA	4	2	2
7	100099852	100137744	4	2	2	2	f	2	2.4	1.67	0.05	0.1	NA	NA	NA	3	1	1	NA	NA	NA	NA	NA	NA	NA	3	0	3	NA	NA	NA	NA	NA	NA	4	2	2
7	100137745	134806825	4	2	2	2	e	3	1.6	1.46	0.0641407677557	0.151665923566	NA	NA	NA	2	1	0.442862614913173	2	2	0.557137385086827	0.00691835038276875	0.00666697370660515	0.446849587963578	0.473096320426365	3	1	2	NA	NA	NA	NA	NA	NA	4	2	2
7	134806826	134843303	4	2	2	2	f	1	1.6	1.31	0.05	0.1	NA	NA	NA	3	2	1	NA	NA	NA	NA	NA	NA	NA	NA	NA	NA	NA	NA	NA	NA	NA	NA	7	2	5
7	134843304	136704622	4	2	2	2	e	3	1.6	1.31	0.0709312716121	0.143760532372	NA	NA	NA	2	1	0.429442535673384	2	2	0.570557464326616	0.0260726237261927	0.0258575718728712	0.364511819533696	0.464579978620103	3	1	2	NA	NA	NA	NA	NA	NA	4	2	2
7	136704623	136705900	4	2	2	2	f	2	1.6	1.31	0.05	0.1	NA	NA	NA	NA	NA	NA	NA	NA	NA	NA	NA	NA	NA	NA	NA	NA	NA	NA	NA	NA	NA	NA	4	2	2
7	136705901	159138662	2	1	1	2	d	2	1.6	1.31	0.074851083032	0.174259677521	NA	NA	NA	1	1	0.685707550876093	2	1	0.314292449123907	0.00682232023494772	0.00678004116642957	0.660354668906061	0.686860093890521	2	1	1	NA	NA	NA	NA	NA	NA	2	1	1
8	163249	8063618	1	1	0	2	d	2	1.16	0	0.107346467661	0.133433507831	NA	NA	NA	1	0	1	NA	NA	NA	NA	NA	NA	NA	1	0	1	NA	NA	NA	NA	NA	NA	0	0	0
8	8063619	27893403	1	1	0	2	d	3	1.16	0	0.107578571464	0.104267553191	NA	NA	NA	1	0	1	NA	NA	NA	NA	NA	NA	NA	1	0	1	NA	NA	NA	NA	NA	NA	1	0	1
8	27893404	43099999	3	2	1	2	d	2	1.89	1	0.0812728319863	0.187031553735	NA	NA	NA	2	1	1	NA	NA	NA	NA	NA	NA	NA	3	1	2	NA	NA	NA	NA	NA	NA	2	1	1
8	43100000	48099999	3	2	1	2	f	2	1.89	1	0.0849593470293	0.246028726542	NA	NA	NA	NA	NA	NA	NA	NA	NA	NA	NA	NA	NA	3	1	2	NA	NA	NA	NA	NA	NA	2	1	1
8	48100000	64727906	3	2	1	2	d	3	1.89	1	0.0813261609752	0.143202787571	NA	NA	NA	2	1	1	NA	NA	NA	NA	NA	NA	NA	3	1	2	NA	NA	NA	NA	NA	NA	3	1	2
8	64727907	68690414	3	2	1	2	d	3	1.89	1	0.0698096285886	0.13417427531	NA	NA	NA	2	1	1	NA	NA	NA	NA	NA	NA	NA	3	1	2	NA	NA	NA	NA	NA	NA	3	1	2
8	68690415	68691482	3	2	1	1	h	1	NA	NA	NA	NA	NA	NA	NA	NA	NA	NA	NA	NA	NA	NA	NA	NA	NA	NA	NA	NA	NA	NA	NA	NA	NA	NA	3	1	2
8	68691483	87264516	4	3	1	2	f	1	3.26	0.74	0.0633451012457	0.188270036454	NA	NA	NA	4	1	1	NA	NA	NA	NA	NA	NA	NA	7	1	6	NA	NA	NA	NA	NA	NA	6	1	5
8	87264517	87319521	8	5	3	1	g	NA	3	2	0.05	0.183713978805	NA	NA	NA	4	2	1	NA	NA	NA	NA	NA	NA	NA	8	3	5	NA	NA	NA	NA	NA	NA	7	2	5
8	87319522	96170201	4	3	1	2	f	1	3.26	0.74	0.0653733051094	0.180015392804	NA	NA	NA	4	1	1	NA	NA	NA	NA	NA	NA	NA	7	1	6	NA	NA	NA	NA	NA	NA	6	1	5
8	96170202	96227737	6	5	1	2	d	2	5	1	0.05	0.211223872125	NA	NA	NA	5	0	0.423595505617981	5	1	0.576404494382019	0.0739315590101046	0.0738341468628937	0.206301821173097	0.493760850115065	5	0	5	NA	NA	NA	NA	NA	NA	6	1	5
8	96227738	131081061	4	3	1	2	f	1	3.26	0.74	0.0653994246697	0.1897809284	NA	NA	NA	4	1	1	NA	NA	NA	NA	NA	NA	NA	7	1	6	NA	NA	NA	NA	NA	NA	6	1	5
8	131081062	131295834	4	3	1	2	d	2	2.54	0.67	0.074207146353	0.12651743205	NA	NA	NA	3	1	1	NA	NA	NA	NA	NA	NA	NA	4	1	3	NA	NA	NA	NA	NA	NA	3	1	2
8	131295835	146364021	5	4	1	2	d	2	3.4	0.74	0.0780904243527	0.234313331958	NA	NA	NA	4	1	1	NA	NA	NA	NA	NA	NA	NA	5	1	4	NA	NA	NA	NA	NA	NA	4	1	3
9	55056	44779609	3	2	1	2	d	3	2	1	0.0775183731879	0.187978059094	NA	NA	NA	2	1	1	NA	NA	NA	NA	NA	NA	NA	3	1	2	NA	NA	NA	NA	NA	NA	4	1	3
9	44779610	47299999	3	2	1	2	d	4	2	1	0.05	0.615417273136	NA	NA	NA	2	1	1	NA	NA	NA	NA	NA	NA	NA	3	1	2	NA	NA	NA	NA	NA	NA	3	1	2
9	47300000	50699999	3	2	1	2	d	2	2	1	0.05	0.1	NA	NA	NA	NA	NA	NA	NA	NA	NA	NA	NA	NA	NA	NA	NA	NA	NA	NA	NA	NA	NA	NA	3	1	2
9	50700000	108779995	3	2	1	2	d	4	2	1	0.0819674290706	0.172263048981	NA	NA	NA	2	1	1	NA	NA	NA	NA	NA	NA	NA	3	1	2	NA	NA	NA	NA	NA	NA	3	1	2
9	108779996	141025442	2	1	1	1	g	NA	2	1	0.0910596291819	0.185034704385	NA	NA	NA	2	1	1	NA	NA	NA	NA	NA	NA	NA	2	1	1	NA	NA	NA	NA	NA	NA	2	1	1
10	95662	37999999	4	2	2	2	d	3	2	2	0.0561468273841	0.20489009937	NA	NA	NA	2	2	1	NA	NA	NA	NA	NA	NA	NA	4	2	2	NA	NA	NA	NA	NA	NA	3	1	2
10	38000000	42409920	NA	NA	NA	NA	NA	NA	2	2	0.0532041481431	0.312410467389	NA	NA	NA	NA	NA	NA	NA	NA	NA	NA	NA	NA	NA	4	2	2	NA	NA	NA	NA	NA	NA	3	1	2
10	42409921	48358289	3	2	1	1	g	NA	2	2	0.0653869834297	0.255218543211	NA	NA	NA	2	2	1	NA	NA	NA	NA	NA	NA	NA	3	1	2	NA	NA	NA	NA	NA	NA	3	1	2
10	48358290	75566468	4	2	2	2	d	3	2	2	0.0642968401077	0.195912805428	NA	NA	NA	2	2	1	NA	NA	NA	NA	NA	NA	NA	5	2	3	NA	NA	NA	NA	NA	NA	4	2	2
10	75566469	75733842	3	2	1	1	g	NA	4	1	0.05	0.220909123163	NA	NA	NA	3	2	1	NA	NA	NA	NA	NA	NA	NA	3	1	2	NA	NA	NA	NA	NA	NA	3	1	2
10	75733843	89313198	3	2	1	2	d	2	2	1.46	0.0765671891969	0.191865774959	NA	NA	NA	2	1	0.644163803510078	2	2	0.355836196489922	0.00942775364962495	0.0092559630016091	0.62376434439535	0.659330380252728	3	1	2	NA	NA	NA	NA	NA	NA	3	1	2
10	89313199	89485342	7	5	2	1	g	NA	4	1.35	0.0647131939977	0.21913511682	NA	NA	NA	5	1	0.286346612189317	5	2	0.713653387810683	0.0643959974161523	0.0659403480391462	0.121886343650864	0.391645874049328	7	2	5	NA	NA	NA	NA	NA	NA	4	1	3
10	89485343	109930007	3	2	1	2	d	2	2	1.46	0.0698098605612	0.184676120644	NA	NA	NA	2	1	0.63391684265879	2	2	0.36608315734121	0.00486447492323105	0.00476357098798028	0.624354453916	0.642709495994999	3	1	2	NA	NA	NA	NA	NA	NA	3	1	2
10	109930008	135534746	2	1	1	2	d	2	2	1.46	0.0769905648842	0.185530263254	NA	NA	NA	2	1	0.63391684265879	2	2	0.36608315734121	0.00486447492323105	0.00476357098798028	0.624354453916	0.642709495994999	2	1	1	NA	NA	NA	NA	NA	NA	2	1	1
11	214898	48940407	3	2	1	2	d	4	2	1	0.083244439444	0.182170995178	NA	NA	NA	2	1	1	NA	NA	NA	NA	NA	NA	NA	3	1	2	NA	NA	NA	NA	NA	NA	3	1	2
11	48940408	51599999	3	2	1	2	d	3	2	1	0.0824092363815	0.173064887894	NA	NA	NA	2	1	1	NA	NA	NA	NA	NA	NA	NA	4	2	2	NA	NA	NA	NA	NA	NA	3	1	2
11	51600000	55699999	3	2	1	2	d	3	2	1	0.0925894429095	0.196587954749	NA	NA	NA	2	1	1	NA	NA	NA	NA	NA	NA	NA	5	2	3	NA	NA	NA	NA	NA	NA	3	1	2
11	55700000	118281916	3	2	1	2	d	4	2	1	0.08502297084	0.162951976021	NA	NA	NA	2	1	1	NA	NA	NA	NA	NA	NA	NA	3	1	2	NA	NA	NA	NA	NA	NA	3	1	2
11	118281917	118328648	3	2	1	1	g	NA	2	2	0.05	0.1	NA	NA	NA	2	2	1	NA	NA	NA	NA	NA	NA	NA	3	1	2	NA	NA	NA	NA	NA	NA	2	1	1
11	118328649	135006515	2	1	1	2	d	2	1.89	0.89	0.0864020519338	0.149976770732	NA	NA	NA	2	1	1	NA	NA	NA	NA	NA	NA	NA	2	1	1	NA	NA	NA	NA	NA	NA	2	1	1
12	110107	7120016	2	2	0	2	d	2	2.69	1.16	0.0878303880621	0.210553557947	NA	NA	NA	2	1	0.638066053796383	3	1	0.361933946203617	0.023746052660725	0.0234343027483897	0.645436450229146	0.736998719250706	2	0	2	NA	NA	NA	NA	NA	NA	2	0	2
12	7120017	7167337	6	4	2	1	h	1	NA	NA	NA	NA	NA	NA	NA	4	2	1	NA	NA	NA	NA	NA	NA	NA	NA	NA	NA	NA	NA	NA	NA	NA	NA	2	0	2
12	7167338	33299999	2	1	1	1	g	NA	1.31	1.31	0.0652947571023	0.142058398144	NA	NA	NA	1	1	0.784957797967848	2	1	0.215042202032152	0.00620790424714479	0.00635351916252216	0.766097340233954	0.791512928421117	2	1	1	NA	NA	NA	NA	NA	NA	3	1	2
12	33300000	38457548	NA	NA	NA	NA	NA	NA	1.31	1.31	0.0692332513489	0.204780398698	NA	NA	NA	NA	NA	NA	NA	NA	NA	NA	NA	NA	NA	3	1	2	NA	NA	NA	NA	NA	NA	3	1	2
12	38457549	115428169	2	1	1	1	g	NA	1.31	1.31	0.0699623652266	0.142348228473	NA	NA	NA	1	1	0.727613210759281	2	1	0.272386789240719	0.00394574521198432	0.00398227643913978	0.719075077668182	0.73485454044561	2	1	1	NA	NA	NA	NA	NA	NA	3	1	2
12	115428170	115566536	5	4	1	2	d	2	4	1	0.0734206526029	0.219606050673	NA	NA	NA	4	1	0.726208716377255	4	2	0.273791283622745	0.0673602838585994	0.0654886297570154	0.593297045772738	0.852226152867219	5	1	4	NA	NA	NA	NA	NA	NA	3	1	2
12	115566537	122467500	3	2	1	2	f	2	2	1.31	0.0833785437597	0.174807872027	NA	NA	NA	2	1	0.884983786337929	2	2	0.115016213662071	0.00724266932154782	0.00743285454230473	0.870481427274234	0.899247188487564	2	1	1	NA	NA	NA	NA	NA	NA	1	0	1
12	122467501	122657500	2	1	1	1	g	NA	3	3	0.05	0.1	NA	NA	NA	2	1	0.884983786337929	2	2	0.115016213662071	0.00724266932154782	0.00743285454230473	0.870481427274234	0.899247188487564	2	1	1	NA	NA	NA	NA	NA	NA	1	0	1
12	122657501	133851894	4	2	2	2	f	2	2	1.31	0.0806538990247	0.185211589846	NA	NA	NA	2	1	0.884983786337929	2	2	0.115016213662071	0.00724266932154782	0.00743285454230473	0.870481427274234	0.899247188487564	2	1	1	NA	NA	NA	NA	NA	NA	1	0	1
13	1	16299999	2	1	1	1	h	1	NA	NA	NA	NA	NA	NA	NA	NA	NA	NA	NA	NA	NA	NA	NA	NA	NA	NA	NA	NA	NA	NA	NA	NA	NA	NA	2	1	1
13	16300000	19499999	NA	NA	NA	NA	NA	NA	1.89	1	0.05	0.315749728505	NA	NA	NA	2	1	1	NA	NA	NA	NA	NA	NA	NA	2	1	1	NA	NA	NA	NA	NA	NA	2	1	1
13	19500000	44658769	3	2	1	2	d	2	1.89	1	0.0823264057151	0.153069544947	NA	NA	NA	2	1	1	NA	NA	NA	NA	NA	NA	NA	3	1	2	NA	NA	NA	NA	NA	NA	2	1	1
13	44658770	44798132	6	5	1	1	g	NA	4	1	0.0492779551319	0.263226077739	NA	NA	NA	4	1	1	NA	NA	NA	NA	NA	NA	NA	6	1	5	NA	NA	NA	NA	NA	NA	3	0	3
13	44798133	64260027	4	3	1	1	g	NA	2	1	0.0811621041755	0.159434147766	NA	NA	NA	2	1	1	NA	NA	NA	NA	NA	NA	NA	4	1	3	NA	NA	NA	NA	NA	NA	4	1	3
13	64260028	115169877	4	3	1	1	g	NA	2	1	0.0800428546212	0.145298126162	NA	NA	NA	2	1	1	NA	NA	NA	NA	NA	NA	NA	4	1	3	NA	NA	NA	NA	NA	NA	4	1	3
14	1	16099999	5	3	2	1	h	1	NA	NA	NA	NA	NA	NA	NA	NA	NA	NA	NA	NA	NA	NA	NA	NA	NA	NA	NA	NA	NA	NA	NA	NA	NA	NA	5	2	3
14	16100000	19099999	NA	NA	NA	NA	NA	NA	1.89	1.89	0.05	0.136154437119	NA	NA	NA	NA	NA	NA	NA	NA	NA	NA	NA	NA	NA	NA	NA	NA	NA	NA	NA	NA	NA	NA	5	2	3
14	19100000	53068723	5	3	2	2	d	2	1.89	1.89	0.057946686827	0.184988952991	NA	NA	NA	2	1	0.272530839946569	2	2	0.727469160053431	0.00666826203429555	0.00666833491652383	0.279976347490454	0.306699954389682	5	2	3	NA	NA	NA	NA	NA	NA	5	2	3
14	53068724	53323253	5	3	2	2	d	2	3	2	0.05	0.2314504161	NA	NA	NA	3	1	0.391145081187705	3	2	0.608854918812294	0.0842353912964423	0.0847830942987103	0.143524349962114	0.475211209011523	5	2	3	NA	NA	NA	NA	NA	NA	3	1	2
14	53323254	72343083	4	2	2	2	e	3	1.89	1.89	0.0585846122978	0.175978918272	NA	NA	NA	2	1	0.295241743275449	2	2	0.704758256724551	0.00888306798384389	0.00878816496656486	0.297538097620468	0.332903025401317	4	2	2	NA	NA	NA	NA	NA	NA	3	1	2
14	72343084	73828959	6	4	2	2	f	2	4	1.67	0.0821634632489	0.248565632801	NA	NA	NA	4	1	0.180966973101809	4	2	0.819033026898191	0.0340604604587363	0.0333343074609298	0.159085881129937	0.29353034301204	5	1	4	NA	NA	NA	NA	NA	NA	3	1	2
14	73828960	105093908	3	2	1	2	d	2	1.89	1.89	0.0680662694869	0.186754687988	NA	NA	NA	2	1	0.295241743275449	2	2	0.704758256724551	0.00719923594875749	0.00721053487667165	0.284955567946174	0.312475232170431	3	1	2	NA	NA	NA	NA	NA	NA	3	1	2
14	105093909	106375044	2	1	1	2	d	2	3.33	2	0.0679248947422	0.493489586547	NA	NA	NA	4	2	1	NA	NA	NA	NA	NA	NA	NA	2	1	1	NA	NA	NA	NA	NA	NA	2	1	1
15	1	15799999	2	1	1	1	h	1	NA	NA	NA	NA	NA	NA	NA	NA	NA	NA	NA	NA	NA	NA	NA	NA	NA	NA	NA	NA	NA	NA	NA	NA	NA	NA	2	1	1
15	15800000	20699999	NA	NA	NA	NA	NA	NA	2	1	0.05	0.546721031845	NA	NA	NA	2	1	1	NA	NA	NA	NA	NA	NA	NA	NA	NA	NA	NA	NA	NA	NA	NA	NA	2	1	1
15	20700000	36124830	2	1	1	1	g	NA	2	1	0.0863948356691	0.203494179236	NA	NA	NA	2	1	1	NA	NA	NA	NA	NA	NA	NA	2	1	1	NA	NA	NA	NA	NA	NA	2	1	1
15	36124831	36144034	3	2	1	1	g	1	1.89	1	0.05	0.1	NA	NA	NA	2	1	1	NA	NA	NA	NA	NA	NA	NA	NA	NA	NA	NA	NA	NA	NA	NA	NA	2	1	1
15	36144035	46782430	2	1	1	2	d	2	1.89	1	0.082637985229	0.160450336707	NA	NA	NA	2	1	1	NA	NA	NA	NA	NA	NA	NA	2	1	1	NA	NA	NA	NA	NA	NA	2	1	1
15	46782431	87160017	2	1	1	2	d	2	1.89	1	0.0842077166208	0.150477428567	NA	NA	NA	2	1	1	NA	NA	NA	NA	NA	NA	NA	2	1	1	NA	NA	NA	NA	NA	NA	2	1	1
15	87160018	102367854	2	1	1	2	d	2	1.89	1	0.0892186649594	0.155006711707	NA	NA	NA	2	1	1	NA	NA	NA	NA	NA	NA	NA	2	1	1	NA	NA	NA	NA	NA	NA	2	1	1
16	94036	34599999	3	2	1	1	g	NA	2	2	0.0632013500533	0.275527162673	NA	NA	NA	2	2	1	NA	NA	NA	NA	NA	NA	NA	3	1	2	NA	NA	NA	NA	NA	NA	2	1	1
16	34600000	38599999	NA	NA	NA	NA	NA	NA	2	2	0.05	0.301288683266	NA	NA	NA	2	2	1	NA	NA	NA	NA	NA	NA	NA	5	2	3	NA	NA	NA	NA	NA	NA	3	1	2
16	38600000	52090010	3	2	1	2	d	2	2	2	0.0570775054928	0.227279771888	NA	NA	NA	2	2	0.896296635022773	3	2	0.103703364977227	0.00682447836856526	0.00662956060126908	0.883427488234248	0.909823146067892	3	1	2	NA	NA	NA	NA	NA	NA	3	1	2
16	52090011	90354752	3	2	1	2	d	2	2	2	0.066506738514	0.220845578208	NA	NA	NA	2	2	0.896296635022773	3	2	0.103703364977227	0.00682447836856526	0.00662956060126908	0.883427488234248	0.909823146067892	3	1	2	NA	NA	NA	NA	NA	NA	3	1	2
17	38813	22199999	3	2	1	2	f	2	2.26	1	0.0939059625586	0.213013153596	NA	NA	NA	2	1	0.638066053796383	3	1	0.361933946203617	0.0132573712405575	0.013717915587083	0.60503627432352	0.658312720744843	2	0	2	NA	NA	NA	NA	NA	NA	1	0	1
17	22200000	25799999	NA	NA	NA	NA	NA	NA	2.26	1	0.0839872785794	0.262397184545	NA	NA	NA	NA	NA	NA	NA	NA	NA	NA	NA	NA	NA	3	1	2	NA	NA	NA	NA	NA	NA	2	0	2
17	25800000	62987003	2	2	0	2	d	2	2.33	1	0.0894221784883	0.203075394939	NA	NA	NA	2	1	0.588723792584721	3	1	0.411276207415279	0.0111792728048412	0.011717549925016	0.563733302312111	0.610257409876255	2	0	2	NA	NA	NA	NA	NA	NA	2	0	2
17	62987004	63137489	5	3	2	1	g	NA	3	3	0.05	0.258359332868	NA	NA	NA	3	2	1	NA	NA	NA	NA	NA	NA	NA	5	2	3	NA	NA	NA	NA	NA	NA	3	1	2
17	63137490	80009951	4	2	2	2	f	2	2.65	2.69	0.0629021472766	0.266029192464	NA	NA	NA	3	2	0.579643783828214	3	3	0.420356216171786	0.011554600239258	0.0109965739551528	0.576636487945342	0.619823964995211	4	2	2	NA	NA	NA	NA	NA	NA	3	1	2
17	80009952	81109939	2	1	1	1	g	NA	NA	NA	NA	NA	NA	NA	NA	NA	NA	NA	NA	NA	NA	NA	NA	NA	NA	2	1	1	NA	NA	NA	NA	NA	NA	3	1	2
18	259904	14154573	1	1	0	2	d	2	1	1	0.0731602645101	0.125062476446	NA	NA	NA	1	0	0.0907955964135749	1	1	0.909204403586425	0.00681215465254961	0.00687516304384894	0.0791948062716505	0.107396950659559	1	0	1	NA	NA	NA	NA	NA	NA	1	0	1
18	14154574	15399999	2	1	1	2	d	2	1	1	0.0651707989126	0.193100861361	NA	NA	NA	NA	NA	NA	NA	NA	NA	NA	NA	NA	NA	2	1	1	NA	NA	NA	NA	NA	NA	1	0	1
18	15400000	18999999	NA	NA	NA	NA	NA	NA	1	1	0.05	0.129046406918	NA	NA	NA	1	1	1	NA	NA	NA	NA	NA	NA	NA	1	0	1	NA	NA	NA	NA	NA	NA	1	0	1
18	19000000	19458393	1	1	0	1	g	NA	1	1	0.05	0.115447856027	NA	NA	NA	1	1	1	NA	NA	NA	NA	NA	NA	NA	1	0	1	NA	NA	NA	NA	NA	NA	1	0	1
18	19458394	20925579	3	3	0	1	g	NA	3	1	0.0785509620544	0.177624277059	NA	NA	NA	3	1	1	NA	NA	NA	NA	NA	NA	NA	3	0	3	NA	NA	NA	NA	NA	NA	2	0	2
18	20925580	78077247	3	2	1	2	d	4	2	1	0.082176877351	0.159282507936	NA	NA	NA	2	1	1	NA	NA	NA	NA	NA	NA	NA	3	1	2	NA	NA	NA	NA	NA	NA	3	1	2
19	102500	270429	1	1	0	2	d	2	NA	NA	NA	NA	NA	NA	NA	NA	NA	NA	NA	NA	NA	NA	NA	NA	NA	1	0	1	NA	NA	NA	NA	NA	NA	1	0	1
19	270430	15199034	1	1	0	1	g	NA	2	1	0.0992110299325	0.232547033268	NA	NA	NA	2	1	1	NA	NA	NA	NA	NA	NA	NA	1	0	1	NA	NA	NA	NA	NA	NA	1	0	1
19	15199035	16688061	3	3	0	1	g	NA	4	1	0.0746359340339	0.276764358142	NA	NA	NA	4	1	1	NA	NA	NA	NA	NA	NA	NA	3	0	3	NA	NA	NA	NA	NA	NA	2	0	2
19	16688062	24399999	3	2	1	2	f	2	1.89	0.89	0.0879232812808	0.195301441645	NA	NA	NA	2	1	1	NA	NA	NA	NA	NA	NA	NA	2	1	1	NA	NA	NA	NA	NA	NA	1	0	1
19	24400000	28599999	NA	NA	NA	NA	NA	NA	1.89	0.89	0.0912172189768	0.303923695933	NA	NA	NA	NA	NA	NA	NA	NA	NA	NA	NA	NA	NA	3	1	2	NA	NA	NA	NA	NA	NA	1	0	1
19	28600000	39260212	1	1	0	2	d	2	1.89	0.89	0.0900706104843	0.171666539888	NA	NA	NA	2	1	1	NA	NA	NA	NA	NA	NA	NA	1	0	1	NA	NA	NA	NA	NA	NA	1	0	1
19	39260213	39298124	1	1	0	2	d	2	NA	NA	NA	NA	NA	NA	NA	2	1	1	NA	NA	NA	NA	NA	NA	NA	1	0	1	NA	NA	NA	NA	NA	NA	1	0	1
19	39298125	49292120	1	1	0	2	d	2	1.89	1	0.0932341759243	0.264596021595	NA	NA	NA	2	1	1	NA	NA	NA	NA	NA	NA	NA	1	0	1	NA	NA	NA	NA	NA	NA	1	0	1
19	49292121	49311767	1	1	0	1	g	NA	NA	NA	NA	NA	NA	NA	NA	3	1	1	NA	NA	NA	NA	NA	NA	NA	1	0	1	NA	NA	NA	NA	NA	NA	2	0	2
19	49311768	59128982	1	1	0	2	d	2	1.89	0.89	0.0929241376696	0.199941928171	NA	NA	NA	2	1	1	NA	NA	NA	NA	NA	NA	NA	1	0	1	NA	NA	NA	NA	NA	NA	1	0	1
20	94831	25599999	3	2	1	2	d	2	1.74	1.74	0.0618694513284	0.17595337989	NA	NA	NA	2	1	0.287944520754783	2	2	0.712055479245217	0.0166265547082912	0.016688529186071	0.254447116230628	0.320367892750818	3	1	2	NA	NA	NA	NA	NA	NA	3	1	2
20	25600000	29463209	NA	NA	NA	NA	NA	NA	1.74	1.74	0.05	0.196902522525	NA	NA	NA	NA	NA	NA	NA	NA	NA	NA	NA	NA	NA	5	2	3	NA	NA	NA	NA	NA	NA	3	1	2
20	29463210	63025519	2	1	1	2	d	2	1.74	1.74	0.066520204515	0.189471856754	NA	NA	NA	2	1	0.302596524345341	2	2	0.697403475654659	0.00775330612996472	0.00776402854163977	0.288035796629063	0.318629958841338	2	1	1	NA	NA	NA	NA	NA	NA	2	1	1
21	1	9417499	NA	NA	NA	NA	NA	NA	2	2	0.05	0.1	NA	NA	NA	NA	NA	NA	NA	NA	NA	NA	NA	NA	NA	NA	NA	NA	NA	NA	NA	NA	NA	NA	NA	NA	NA
21	9417500	10899999	NA	NA	NA	NA	NA	NA	2	2	0.05	0.443631801779	NA	NA	NA	NA	NA	NA	NA	NA	NA	NA	NA	NA	NA	NA	NA	NA	NA	NA	NA	NA	NA	NA	NA	NA	NA
21	10900000	15273442	4	2	2	2	d	2	2	2	0.05	0.382387926168	NA	NA	NA	NA	NA	NA	NA	NA	NA	NA	NA	NA	NA	4	2	2	NA	NA	NA	NA	NA	NA	NA	NA	NA
21	15273443	48129894	4	2	2	2	d	3	2	2	0.0595906837386	0.203799386982	NA	NA	NA	2	2	1	NA	NA	NA	NA	NA	NA	NA	4	2	2	NA	NA	NA	NA	NA	NA	NA	NA	NA
22	1	12199999	1	1	0	1	h	1	NA	NA	NA	NA	NA	NA	NA	NA	NA	NA	NA	NA	NA	NA	NA	NA	NA	NA	NA	NA	NA	NA	NA	NA	NA	NA	1	0	1
22	12200000	17899999	NA	NA	NA	NA	NA	NA	2	1	0.0945586283521	0.227286804102	NA	NA	NA	2	1	1	NA	NA	NA	NA	NA	NA	NA	2	1	1	NA	NA	NA	NA	NA	NA	1	0	1
22	17900000	39315006	1	1	0	1	g	NA	2	1	0.0938664668117	0.20324900978	NA	NA	NA	2	1	1	NA	NA	NA	NA	NA	NA	NA	1	0	1	NA	NA	NA	NA	NA	NA	1	0	1
22	39315007	51304565	1	1	0	1	g	NA	2	1	0.098647850733	0.212707127083	NA	NA	NA	2	1	1	NA	NA	NA	NA	NA	NA	NA	1	0	1	NA	NA	NA	NA	NA	NA	1	0	1
X	1	22262499	3	3	0	2	d	2	1	0	0.0979526690381	0.298887733413	NA	NA	NA	3	0	1	NA	NA	NA	NA	NA	NA	NA	NA	NA	NA	NA	NA	NA	NA	NA	NA	3	0	3
X	22262500	58099999	3	3	0	2	d	2	1	0	0.05	0.248905718939	NA	NA	NA	NA	NA	NA	NA	NA	NA	NA	NA	NA	NA	3	0	3	NA	NA	NA	NA	NA	NA	3	0	3
X	58100000	62999999	NA	NA	NA	NA	NA	NA	1	0	0.05	0.305156907739	NA	NA	NA	NA	NA	NA	NA	NA	NA	NA	NA	NA	NA	NA	NA	NA	NA	NA	NA	NA	NA	NA	4	0	4
X	63000000	155270559	4	3	1	1	g	NA	1	0	0.05	0.193881063415	NA	NA	NA	3	0	1	NA	NA	NA	NA	NA	NA	NA	4	1	3	NA	NA	NA	NA	NA	NA	4	0	4
