chromosome	start	end	total_cn	major_cn	minor_cn	star	level	methods_agree	absolute_broad_major_cn	absolute_broad_minor_cn	absolute_broad_het_error	absolute_broad_cov_error	aceseq_copy_number	aceseq_minor_cn	aceseq_major_cn	battenberg_nMaj1_A	battenberg_nMin1_A	battenberg_frac1_A	battenberg_nMaj2_A	battenberg_nMin2_A	battenberg_frac2_A	battenberg_SDfrac_A	battenberg_SDfrac_A_BS	battenberg_frac1_A_0.025	battenberg_frac1_A_0.975	clonehd_copy_number	clonehd_minor_cn	clonehd_major_cn	sclust_nMaj1_A	sclust_nMin1_A	sclust_frac1_A	sclust_nMaj2_A	sclust_nMin2_A	sclust_frac2_A	jabba_copy_number	jabba_minor_cn	jabba_major_cn
1	10001	802500	2	1	1	2	d	2	1	1	0.05	2.20164487766	NA	NA	NA	1	0	0.0793991525762558	1	1	0.920600847423744	0.00426493576260013	0.00417064983613715	0.0712789439255012	0.0875906519496997	NA	NA	NA	1	0	0.808568	1	1	0.191432	2	1	1
1	802501	50179870	2	1	1	2	d	5	1	1	0.0627083543958	0.114238579399	2	1	1	1	0	0.0793991525762558	1	1	0.920600847423744	0.00426493576260013	0.00417064983613715	0.0712789439255012	0.0875906519496997	2	1	1	1	1	1	NA	NA	NA	2	1	1
1	50179871	57069739	2	1	1	2	d	3	1	1	0.05	0.0979233175726	2	1	1	3	0	0.820338613573608	3	1	0.179661386426392	NA	0	0.820338613573608	0.820338613573608	NA	NA	NA	2	0	0.019921	1	0	0.980079	2	1	1
1	57069740	121499999	2	1	1	3	a	6	1	1	0.0492451038891	0.0997441872854	2	1	1	1	1	1	NA	NA	NA	NA	NA	NA	NA	2	1	1	1	1	1	NA	NA	NA	2	1	1
1	121500000	128899999	2	1	1	3	b	5	1	1	0.05	0.1	2	1	1	1	1	1	NA	NA	NA	NA	NA	NA	NA	NA	NA	NA	1	1	1	NA	NA	NA	2	1	1
1	128900000	247247500	2	1	1	3	a	6	1	1	0.0521821656533	0.10087887117	2	1	1	1	1	1	NA	NA	NA	NA	NA	NA	NA	2	1	1	1	1	1	NA	NA	NA	2	1	1
1	247247501	249250620	2	1	1	3	b	5	NA	NA	NA	NA	2	1	1	1	1	1	NA	NA	NA	NA	NA	NA	NA	2	1	1	1	1	1	NA	NA	NA	2	1	1
2	20016	23610019	2	1	1	3	a	6	1	1	0.0567072592781	0.0960961002151	2	1	1	1	1	1	NA	NA	NA	NA	NA	NA	NA	2	1	1	1	1	1	NA	NA	NA	2	1	1
2	23610020	88295034	2	1	1	3	a	6	1	1	0.0513180855863	0.0956130675812	2	1	1	1	1	1	NA	NA	NA	NA	NA	NA	NA	2	1	1	1	1	1	NA	NA	NA	2	1	1
2	88295035	90499999	2	1	1	3	b	5	1	1	0.0548864472209	0.151045953456	2	1	1	1	0	0.0935012865777026	1	1	0.906498713422297	0.0246464871869166	0.0241660335391072	0.0497339202063259	0.14368555059198	2	1	1	1	1	1	NA	NA	NA	2	1	1
2	90500000	96799999	2	1	1	3	b	5	1	1	0.05	0.183285834811	2	1	1	1	0	0.158952187182094	1	1	0.841047812817906	0.0536447744471712	0.0549786201687631	0.0438553565603188	0.2614947702644	2	1	1	1	1	1	NA	NA	NA	2	1	1
2	96800000	242985695	2	1	1	3	a	6	1	1	0.0515622614676	0.10015778472	2	1	1	1	1	1	NA	NA	NA	NA	NA	NA	NA	2	1	1	1	1	1	NA	NA	NA	2	1	1
3	62226	87899999	2	1	1	3	a	6	1	1	0.0502717580563	0.0987473668072	2	1	1	1	1	1	NA	NA	NA	NA	NA	NA	NA	2	1	1	1	1	1	NA	NA	NA	2	1	1
3	87900000	93899999	2	1	1	3	a	6	1	1	0.0479111041577	0.0960171225419	2	1	1	1	1	1	NA	NA	NA	NA	NA	NA	NA	2	1	1	1	1	1	NA	NA	NA	2	1	1
3	93900000	136338553	2	1	1	3	a	6	1	1	0.0515221608264	0.0960467080178	2	1	1	1	1	1	NA	NA	NA	NA	NA	NA	NA	2	1	1	1	1	1	NA	NA	NA	2	1	1
3	136338554	136427477	2	1	1	3	b	5	1	1	0.05	0.0677776177556	2	1	1	1	1	1	NA	NA	NA	NA	NA	NA	NA	NA	NA	NA	1	1	1	NA	NA	NA	2	1	1
3	136427478	197847500	2	1	1	3	a	6	1	1	0.049651045291	0.0979071202215	2	1	1	1	1	1	NA	NA	NA	NA	NA	NA	NA	2	1	1	1	1	1	NA	NA	NA	2	1	1
4	53768	48199999	2	1	1	3	a	6	1	1	0.0526752157625	0.099297298765	2	1	1	1	1	1	NA	NA	NA	NA	NA	NA	NA	2	1	1	1	1	1	NA	NA	NA	2	1	1
4	48200000	52699999	2	1	1	3	b	5	1	1	0.0389810184033	0.217096354943	2	1	1	NA	NA	NA	NA	NA	NA	NA	NA	NA	NA	2	1	1	1	1	1	NA	NA	NA	2	1	1
4	52700000	191154275	2	1	1	3	a	6	1	1	0.0473311628025	0.0906178365224	2	1	1	1	1	1	NA	NA	NA	NA	NA	NA	NA	2	1	1	1	1	1	NA	NA	NA	2	1	1
5	22500	851581	2	1	1	2	d	2	1	1	0.0875583967042	0.237480371032	2.166346	1.083172829	1.0831728	NA	NA	NA	NA	NA	NA	NA	NA	NA	NA	NA	NA	NA	1	0	0.611398	1	1	0.388602	2	1	1
5	851582	46099999	2	1	1	3	a	6	1	1	0.0502400856723	0.0958305840579	2	1	1	1	1	1	NA	NA	NA	NA	NA	NA	NA	2	1	1	1	1	1	NA	NA	NA	2	1	1
5	46100000	50699999	2	1	1	2	d	5	1	1	0.0528490421895	0.21090585849	2.171542	1.08577081	1.0857708	1	1	1	NA	NA	NA	NA	NA	NA	NA	2	1	1	1	1	1	NA	NA	NA	2	1	1
5	50700000	114334982	2	1	1	3	a	6	1	1	0.0475898056625	0.0902752973757	2	1	1	1	1	1	NA	NA	NA	NA	NA	NA	NA	2	1	1	1	1	1	NA	NA	NA	2	1	1
5	114334983	126582567	2	1	1	2	d	4	1	1	0.05	0.0881444035688	2	1	1	NA	NA	1	NA	NA	NA	NA	NA	NA	NA	2	1	1	2	0	0.768354	2	1	0.231646	2	1	1
5	126582568	135227872	2	1	1	1	g	NA	1	1	0.05	0.108609707195	NA	NA	NA	9	0	1	NA	NA	NA	NA	NA	NA	NA	2	0	2	2	0	0.768354	2	1	0.231646	2	1	1
5	135227873	180915259	2	1	1	3	a	6	1	1	0.0510196426339	0.0991814288481	2	1	1	1	1	1	NA	NA	NA	NA	NA	NA	NA	2	1	1	1	1	1	NA	NA	NA	2	1	1
6	249575	390036	2	1	1	2	d	2	1	1	0.05	0.390486326254	NA	NA	NA	2	1	1	NA	NA	NA	NA	NA	NA	NA	NA	NA	NA	NA	NA	NA	NA	NA	NA	2	1	1
6	390037	37805254	3	2	1	3	a	6	2	1	0.0671502587746	0.123748366777	3	1	2	2	1	1	NA	NA	NA	NA	NA	NA	NA	3	1	2	2	1	1	NA	NA	NA	3	1	2
6	37805255	44679992	3	2	1	3	b	6	2	1	0.0704793697157	0.12151770999	3	1	2	2	1	1	NA	NA	NA	NA	NA	NA	NA	3	1	2	2	1	1	NA	NA	NA	2	1	1
6	44679993	55946593	3	2	1	3	a	6	2	1	0.0611584036384	0.10405754474	3	1	2	2	1	1	NA	NA	NA	NA	NA	NA	NA	3	1	2	2	1	1	NA	NA	NA	3	1	2
6	55946594	58699999	2	1	1	3	a	6	1	1	0.0359570033778	0.108110032468	2	1	1	1	1	1	NA	NA	NA	NA	NA	NA	NA	2	1	1	1	1	1	NA	NA	NA	2	1	1
6	58700000	63299999	2	1	1	3	b	5	1	1	0.0373081909045	0.139922669843	2	1	1	NA	NA	NA	NA	NA	NA	NA	NA	NA	NA	2	1	1	1	1	1	NA	NA	NA	2	1	1
6	63300000	97170386	2	1	1	3	a	6	1	1	0.0455775922744	0.0947440040564	2	1	1	1	1	1	NA	NA	NA	NA	NA	NA	NA	2	1	1	1	1	1	NA	NA	NA	2	1	1
6	97170387	170899934	1	1	0	3	a	6	1	0	0.082809143495	0.0728176876373	1	0	1	1	0	1	NA	NA	NA	NA	NA	NA	NA	1	0	1	1	0	1	NA	NA	NA	1	0	1
7	40386	57999999	2	1	1	3	a	6	1	1	0.0508718944404	0.101481462316	2	1	1	1	1	1	NA	NA	NA	NA	NA	NA	NA	2	1	1	1	1	1	NA	NA	NA	2	1	1
7	58000000	61699999	2	1	1	2	d	4	1	1	0.05	0.112008928628	2	1	1	NA	NA	NA	NA	NA	NA	NA	NA	NA	NA	NA	NA	NA	1	1	1	NA	NA	NA	2	1	1
7	61700000	158817500	2	1	1	3	a	6	1	1	0.0513904696668	0.101542517923	2	1	1	1	1	1	NA	NA	NA	NA	NA	NA	NA	2	1	1	1	1	1	NA	NA	NA	2	1	1
8	152294	11895511	2	1	1	3	a	6	1	1	0.0553308916635	0.122014860558	2	1	1	1	1	1	NA	NA	NA	NA	NA	NA	NA	2	1	1	1	1	1	NA	NA	NA	2	1	1
8	11895512	29202029	2	1	1	3	a	6	1	1	0.0531547516942	0.105156522824	2	1	1	1	1	1	NA	NA	NA	NA	NA	NA	NA	2	1	1	1	1	1	NA	NA	NA	2	1	1
8	29202030	43099999	2	1	1	2	d	3	1	1	0.05	0.0929784619839	2	1	1	NA	NA	1	NA	NA	NA	NA	NA	NA	NA	3	1	2	2	0	1	NA	NA	NA	2	1	1
8	43100000	48099999	2	1	1	2	d	2	1	1	0.05	0.144125512999	NA	NA	NA	NA	NA	1	NA	NA	NA	NA	NA	NA	NA	3	1	2	2	0	0.74846	2	1	0.25154	2	1	1
8	48100000	53476474	2	1	1	2	d	2	1	1	0.05	0.0899995006723	NA	NA	NA	2	1	1	NA	NA	NA	NA	NA	NA	NA	NA	NA	NA	2	0	0.74846	2	1	0.25154	2	1	1
8	53476475	66827007	2	1	1	2	d	2	1	1	0.05	0.0874249316006	NA	NA	NA	NA	NA	NA	NA	NA	NA	NA	NA	NA	NA	2	0	2	2	0	0.74846	2	1	0.25154	2	1	1
8	66827008	73840088	2	1	1	1	g	NA	1	1	0.05	0.0889873998041	NA	NA	NA	25	0	1	NA	NA	NA	NA	NA	NA	NA	2	0	2	2	0	0.515116	2	1	0.484884	2	1	1
8	73840089	146364021	2	1	1	3	a	6	1	1	0.0507364649552	0.0937223298486	2	1	1	1	1	1	NA	NA	NA	NA	NA	NA	NA	2	1	1	1	1	1	NA	NA	NA	2	1	1
9	47500	153936	2	1	1	2	d	3	1	1	0.05	0.1	NA	NA	NA	NA	NA	NA	NA	NA	NA	NA	NA	NA	NA	2	1	1	1	0	0.821431	1	1	0.178569	2	1	1
9	153937	38796022	2	1	1	3	a	6	1	1	0.0472380822837	0.0919373112849	2	1	1	1	1	1	NA	NA	NA	NA	NA	NA	NA	2	1	1	1	1	1	NA	NA	NA	2	1	1
9	38796023	43860591	2	1	1	2	d	4	1	1	0.05	0.473440148511	2	1	1	NA	NA	NA	NA	NA	NA	NA	NA	NA	NA	2	1	1	1	0	0.649558	1	1	0.350442	2	1	1
9	43860592	47299999	2	1	1	2	d	4	1	1	0.05	0.216149472297	NA	NA	NA	1	1	1	NA	NA	NA	NA	NA	NA	NA	2	1	1	1	0	0.565362	1	1	0.434638	2	1	1
9	47300000	50699999	2	1	1	2	d	2	1	1	0.05	0.1	NA	NA	NA	NA	NA	NA	NA	NA	NA	NA	NA	NA	NA	1	0	1	1	0	0.565362	1	1	0.434638	2	1	1
9	50700000	66462499	2	1	1	2	d	2	1	1	0.05	0.238764954056	NA	NA	NA	NA	NA	NA	NA	NA	NA	NA	NA	NA	NA	1	0	1	1	0	0.565362	1	1	0.434638	2	1	1
9	66462500	69015535	2	1	1	2	d	2	1	1	0.05	0.314307652804	NA	NA	NA	NA	NA	NA	NA	NA	NA	NA	NA	NA	NA	NA	NA	NA	1	0	0.653448	1	1	0.346552	2	1	1
9	69015536	140315015	2	1	1	3	a	6	1	1	0.0558369083277	0.0992478405964	2	1	1	1	1	1	NA	NA	NA	NA	NA	NA	NA	2	1	1	1	1	1	NA	NA	NA	2	1	1
9	140315016	141023003	2	1	1	2	d	4	NA	NA	NA	NA	2	1	1	1	1	1	NA	NA	NA	NA	NA	NA	NA	1	0	1	1	1	1	NA	NA	NA	2	1	1
10	102500	37999999	2	1	1	3	a	6	1	1	0.0524961720036	0.092730459108	2	1	1	1	1	1	NA	NA	NA	NA	NA	NA	NA	2	1	1	1	1	1	NA	NA	NA	2	1	1
10	38000000	42409999	2	1	1	2	d	4	1	1	0.05	0.261125846764	2	1	1	1	0	0.187002573155407	1	1	0.812997426844593	0.0481326468011348	0.0506371723075281	0.0631585185782729	0.265588425214604	2	1	1	1	0	0.500811	1	1	0.499189	2	1	1
10	42410000	47362174	2	1	1	2	d	5	1	1	0.0690984560759	0.123229663472	2	1	1	1	0	0.0662300779925376	1	1	0.933769922007462	0.0142772637868461	0.0141222917978577	0.0350119947803796	0.0902241199182395	2	1	1	1	1	1	NA	NA	NA	2	1	1
10	47362175	114284140	2	1	1	3	a	6	1	1	0.0524788339831	0.0976872973922	2	1	1	1	1	1	NA	NA	NA	NA	NA	NA	NA	2	1	1	1	1	1	NA	NA	NA	2	1	1
10	114284141	114295802	2	1	1	2	d	3	1	1	0.05	0.1	2	1	1	NA	NA	NA	NA	NA	NA	NA	NA	NA	NA	NA	NA	NA	2	0	0.0875666	1	0	0.912433	2	1	1
10	114295803	116404038	2	1	1	2	d	3	1	1	0.05	0.0920548625177	NA	NA	NA	NA	NA	1	NA	NA	NA	NA	NA	NA	NA	2	1	1	2	0	0.0875666	1	0	0.912433	2	1	1
10	116404039	116681164	1	1	0	1	h	1	NA	NA	NA	NA	NA	NA	NA	NA	NA	1	NA	NA	NA	NA	NA	NA	NA	NA	NA	NA	2	0	0.0875666	1	0	0.912433	2	1	1
10	116681165	116681529	1	1	0	2	f	2	NA	NA	NA	NA	NA	NA	NA	NA	NA	1	NA	NA	NA	NA	NA	NA	NA	1	0	1	2	0	0.0875666	1	0	0.912433	NA	NA	NA
10	116681530	116682559	1	1	0	1	h	1	NA	NA	NA	NA	NA	NA	NA	NA	NA	1	NA	NA	NA	NA	NA	NA	NA	NA	NA	NA	2	0	0.0875666	1	0	0.912433	NA	NA	NA
10	116682560	135389304	2	2	0	2	f	2	NA	NA	NA	NA	NA	NA	NA	NA	NA	NA	NA	NA	NA	NA	NA	NA	NA	NA	NA	NA	2	0	0.0875666	1	0	0.912433	2	0	2
11	20721	229898	2	1	1	2	d	3	1	0	0.05	0.1	NA	NA	NA	1	1	1	NA	NA	NA	NA	NA	NA	NA	NA	NA	NA	1	1	1	NA	NA	NA	2	1	1
11	229899	51599999	2	1	1	3	a	6	1	1	0.0521279981155	0.100474216515	2	1	1	1	1	1	NA	NA	NA	NA	NA	NA	NA	2	1	1	1	1	1	NA	NA	NA	2	1	1
11	51600000	55699999	2	1	1	3	a	6	1	1	0.0491365932035	0.167212282358	2	1	1	1	1	1	NA	NA	NA	NA	NA	NA	NA	2	1	1	1	1	1	NA	NA	NA	2	1	1
11	55700000	134442500	2	1	1	3	a	6	1	1	0.0555553282417	0.095943844884	2	1	1	1	1	1	NA	NA	NA	NA	NA	NA	NA	2	1	1	1	1	1	NA	NA	NA	2	1	1
12	22500	160106	2	1	1	1	h	1	NA	NA	NA	NA	NA	NA	NA	NA	NA	NA	NA	NA	NA	NA	NA	NA	NA	NA	NA	NA	NA	NA	NA	NA	NA	NA	2	1	1
12	160107	14739370	2	1	1	3	a	6	1	1	0.058380529574	0.133764066879	2	1	1	1	1	1	NA	NA	NA	NA	NA	NA	NA	2	1	1	1	1	1	NA	NA	NA	2	1	1
12	14739371	33299999	2	1	1	2	d	3	3	0	0.05	0.091341796349	2	1	1	NA	NA	1	NA	NA	NA	NA	NA	NA	NA	2	1	1	2	0	0.683906	2	1	0.316094	2	1	1
12	33300000	38199999	NA	NA	NA	NA	NA	NA	3	0	0.05	0.194903015903	NA	NA	NA	1	1	1	NA	NA	NA	NA	NA	NA	NA	2	1	1	2	0	1	NA	NA	NA	2	1	1
12	38200000	43504393	3	3	0	1	g	NA	3	0	0.05	0.0969901156528	NA	NA	NA	NA	NA	NA	NA	NA	NA	NA	NA	NA	NA	2	1	1	2	0	1	NA	NA	NA	2	1	1
12	43504394	55362210	3	3	0	1	g	NA	3	0	0.05	0.0973960372286	NA	NA	NA	NA	NA	NA	NA	NA	NA	NA	NA	NA	NA	2	1	1	2	0	1	NA	NA	NA	2	1	1
12	55362211	132342500	2	1	1	3	a	6	1	1	0.0528696878014	0.0981265547611	2	1	1	1	1	1	NA	NA	NA	NA	NA	NA	NA	2	1	1	1	1	1	NA	NA	NA	2	1	1
12	132342501	133851894	2	1	1	3	b	5	NA	NA	NA	NA	2	1	1	1	1	1	NA	NA	NA	NA	NA	NA	NA	2	1	1	1	1	1	NA	NA	NA	2	1	1
13	1	16299999	2	1	1	1	h	1	NA	NA	NA	NA	NA	NA	NA	NA	NA	NA	NA	NA	NA	NA	NA	NA	NA	NA	NA	NA	NA	NA	NA	NA	NA	NA	2	1	1
13	16300000	19499999	2	1	1	2	d	4	1	1	0.05	0.211707910091	NA	NA	NA	1	1	1	NA	NA	NA	NA	NA	NA	NA	NA	NA	NA	1	1	1	NA	NA	NA	2	1	1
13	19500000	114176360	2	1	1	3	a	6	1	1	0.0487776366136	0.0923563737669	2	1	1	1	1	1	NA	NA	NA	NA	NA	NA	NA	2	1	1	1	1	1	NA	NA	NA	2	1	1
14	1	16099999	2	1	1	1	h	1	NA	NA	NA	NA	NA	NA	NA	NA	NA	NA	NA	NA	NA	NA	NA	NA	NA	NA	NA	NA	NA	NA	NA	NA	NA	NA	2	1	1
14	16100000	19099999	2	1	1	1	h	1	NA	NA	NA	NA	NA	NA	NA	NA	NA	NA	NA	NA	NA	NA	NA	NA	NA	NA	NA	NA	NA	NA	NA	NA	NA	NA	2	1	1
14	19100000	20197499	2	1	1	1	h	1	NA	NA	NA	NA	NA	NA	NA	NA	NA	NA	NA	NA	NA	NA	NA	NA	NA	NA	NA	NA	NA	NA	NA	NA	NA	NA	2	1	1
14	20197500	20487390	2	1	1	2	d	3	1	1	0.05	0.124702689208	2.032228	0.744679997	1.2875476	1	1	1	NA	NA	NA	NA	NA	NA	NA	NA	NA	NA	NA	NA	NA	NA	NA	NA	2	1	1
14	20487391	106362500	2	1	1	3	a	6	1	1	0.0528484649475	0.0949411439583	2	1	1	1	1	1	NA	NA	NA	NA	NA	NA	NA	2	1	1	1	1	1	NA	NA	NA	2	1	1
15	1	15799999	2	1	1	1	h	1	NA	NA	NA	NA	NA	NA	NA	NA	NA	NA	NA	NA	NA	NA	NA	NA	NA	NA	NA	NA	NA	NA	NA	NA	NA	NA	2	1	1
15	15800000	20699999	2	1	1	2	d	3	1	1	0.05	0.201255789242	NA	NA	NA	1	1	1	NA	NA	NA	NA	NA	NA	NA	NA	NA	NA	1	0	0.368828	1	1	0.631172	2	1	1
15	20700000	23281490	2	1	1	2	d	4	1	1	0.0777990780817	0.222195682267	1.869219	0.93460963	0.9346096	1	1	1	NA	NA	NA	NA	NA	NA	NA	2	1	1	1	0	0.368828	1	1	0.631172	2	1	1
15	23281491	24866781	2	1	1	3	a	6	1	1	0.0434792314015	0.250526629595	2	1	1	1	1	1	NA	NA	NA	NA	NA	NA	NA	2	1	1	1	1	1	NA	NA	NA	2	1	1
15	24866782	29038575	2	1	1	2	d	5	1	1	0.0549625335142	0.11117160509	1.899423	0.9497113	0.9497113	1	1	1	NA	NA	NA	NA	NA	NA	NA	2	1	1	1	1	1	NA	NA	NA	2	1	1
15	29038576	41005699	2	1	1	3	a	6	1	1	0.0519087080125	0.0988312686206	2	1	1	1	1	1	NA	NA	NA	NA	NA	NA	NA	2	1	1	1	1	1	NA	NA	NA	2	1	1
15	41005700	41007501	2	1	1	3	b	5	1	1	0.05	0.1	2	1	1	1	1	1	NA	NA	NA	NA	NA	NA	NA	NA	NA	NA	1	1	1	NA	NA	NA	2	1	1
15	41007502	100299176	2	1	1	3	a	6	1	1	0.0530266247936	0.0940839801258	2	1	1	1	1	1	NA	NA	NA	NA	NA	NA	NA	2	1	1	1	1	1	NA	NA	NA	2	1	1
15	100299177	102399211	2	1	1	3	a	6	1	1	0.0589190703927	0.1	2	1	1	1	1	1	NA	NA	NA	NA	NA	NA	NA	2	1	1	1	1	1	NA	NA	NA	2	1	1
16	117500	24112642	2	1	1	2	d	3	0.94	0.94	0.0605924726078	0.111926927084	1.756845	0.878422566	0.8784226	1	1	1	NA	NA	NA	NA	NA	NA	NA	1	0	1	1	1	1	NA	NA	NA	2	1	1
16	24112643	24196195	2	1	1	2	d	4	0.94	0.94	0.0300717660466	0.0924599454887	1.867741	0.933870528	0.9338705	1	1	1	NA	NA	NA	NA	NA	NA	NA	2	1	1	1	1	1	NA	NA	NA	2	1	1
16	24196196	33437499	2	1	1	2	d	3	0.94	0.94	0.0584121285962	0.168309930243	1.769912	0.884955858	0.8849559	1	1	1	NA	NA	NA	NA	NA	NA	NA	1	0	1	1	1	1	NA	NA	NA	2	1	1
16	33437500	34599999	2	1	1	2	d	4	0.94	0.94	0.05	0.127570608748	1.845293	0.922646737	0.9226467	1	1	1	NA	NA	NA	NA	NA	NA	NA	2	1	1	1	1	1	NA	NA	NA	2	1	1
16	34600000	38599999	2	1	1	2	d	4	0.94	0.94	0.05	0.187067356106	1.845293	0.922646737	0.9226467	1	1	1	NA	NA	NA	NA	NA	NA	NA	2	1	1	1	1	1	NA	NA	NA	2	1	1
16	38600000	88827200	2	1	1	2	d	4	0.94	0.94	0.056678293125	0.0966263836039	1.794091	0.897045643	0.8970456	1	1	1	NA	NA	NA	NA	NA	NA	NA	2	1	1	1	1	1	NA	NA	NA	2	1	1
16	88827201	90354752	2	1	1	2	d	2	NA	NA	NA	NA	1.834513	0.917256677	0.9172567	1	0	0.132460155985082	1	1	0.867539844014918	0.0298101183765967	0.0290788432781386	0.128675696167348	0.240533777990946	1	0	1	1	1	1	NA	NA	NA	2	1	1
17	7	5911726	1	1	0	2	d	2	1.33	0	0.05	0.0983123920819	NA	NA	NA	0	0	0.705239064089522	1	0	0.294760935910478	NA	0	0.705239064089522	0.705239064089522	1	0	1	1	0	0.745302	1	1	0.254698	1	0	1
17	5911727	15044467	1	1	0	2	d	3	1.33	0	0.0709536309391	0.0819171947391	1.307269	0.019540918	1.2877283	1	0	0.671413835194091	2	0	0.328586164805909	0.0193464735410036	0.0188347496319425	0.633180797333744	0.704838499575185	1	0	1	1	0	1	NA	NA	NA	1	0	1
17	15044468	22005276	1	1	0	2	d	3	1.33	0	0.0938071506392	0.109686448566	1.298296	0.009666005	1.2886303	1	0	0.671413835194091	2	0	0.328586164805909	0.0193464735410036	0.0188347496319425	0.633180797333744	0.704838499575185	1	0	1	1	0	1	NA	NA	NA	1	0	1
17	22005277	25799999	NA	NA	NA	NA	NA	NA	1.06	1.06	0.0419540549265	0.310777721922	2.234982	1.117491142	1.1174911	NA	NA	NA	NA	NA	NA	NA	NA	NA	NA	2	1	1	1	1	1	NA	NA	NA	2	1	1
17	25800000	44313899	2	1	1	2	d	3	1.06	1.06	0.0570058979297	0.11613558168	2.22747	1.113735195	1.1137352	1	1	0.859716324063907	2	1	0.140283675936093	0.00502992819641213	0.00514884677758476	0.849473582154909	0.869611716193286	2	1	1	1	1	1	NA	NA	NA	2	1	1
17	44313900	78778266	2	1	1	2	d	3	1.06	1.06	0.0551039284319	0.107703023331	2.223295	1.111647638	1.1116476	1	1	0.859716324063907	2	1	0.140283675936093	0.00502992819641213	0.00514884677758476	0.849473582154909	0.869611716193286	2	1	1	1	1	1	NA	NA	NA	2	1	1
17	78778267	81195209	2	1	1	2	d	2	NA	NA	NA	NA	2.353316	1.176657917	1.1766579	1	1	0.710996023305278	2	1	0.289003976694722	0.0390085157260214	0.0403298891419585	0.59507990473113	0.749966277956297	1	0	1	1	1	1	NA	NA	NA	2	1	1
18	10001	130030	2	1	1	2	d	3	1	1	0.05	0.301718777768	NA	NA	NA	NA	NA	NA	NA	NA	NA	NA	NA	NA	NA	NA	NA	NA	1	1	1	NA	NA	NA	2	1	1
18	130031	15022000	2	1	1	3	a	6	1	1	0.0534977928517	0.0961929444068	2	1	1	1	1	1	NA	NA	NA	NA	NA	NA	NA	2	1	1	1	1	1	NA	NA	NA	2	1	1
18	15022001	18999999	2	1	1	2	d	5	1	1	0.0582936453247	0.111616380778	2	1	1	1	1	1	NA	NA	NA	NA	NA	NA	NA	2	1	1	1	0	0.439344	1	1	0.560656	2	1	1
18	19000000	44060382	2	1	1	3	a	6	1	1	0.0500811239967	0.0869985383988	2	1	1	1	1	1	NA	NA	NA	NA	NA	NA	NA	2	1	1	1	1	1	NA	NA	NA	2	1	1
18	44060383	44104477	2	1	1	2	d	4	1	1	0.05	0.1	2	1	1	1	1	1	NA	NA	NA	NA	NA	NA	NA	NA	NA	NA	1	1	1	NA	NA	NA	1	0	1
18	44104478	76152794	2	1	1	3	a	6	1	1	0.0516942173324	0.0958491922794	2	1	1	1	1	1	NA	NA	NA	NA	NA	NA	NA	2	1	1	1	1	1	NA	NA	NA	2	1	1
18	76152795	78077247	2	1	1	2	d	4	NA	NA	NA	NA	2	1	1	1	0	0.0993451169888123	1	1	0.900654883011188	0.0216024850501416	0.0211728943911745	0.0613374540812768	0.143739460259393	2	1	1	1	1	1	NA	NA	NA	2	1	1
19	102500	269821	1	1	0	2	d	4	1	0	0.05	0.1	NA	NA	NA	1	0	0.624448965751103	2	0	0.375551034248897	NA	0	0.624448965751103	0.624448965751103	1	0	1	1	0	1	NA	NA	NA	1	0	1
19	269822	18045118	1	1	0	3	a	6	1	0	0.103978765351	0.0958541327711	1	0	1	1	0	1	NA	NA	NA	NA	NA	NA	NA	1	0	1	1	0	1	NA	NA	NA	1	0	1
19	18045119	20769518	2	1	1	2	d	4	1	1	0.05819928555	0.195176947422	2	1	1	1	1	0.890628937010229	2	1	0.109371062989771	0.0207106360310835	0.0202874630658636	0.847982443311564	0.930056988047026	1	0	1	1	1	1	NA	NA	NA	2	1	1
19	20769519	20816891	2	1	1	2	d	5	1	1	0.05	0.1	2	1	1	1	1	0.890628937010229	2	1	0.109371062989771	0.0207106360310835	0.0202874630658636	0.847982443311564	0.930056988047026	2	1	1	1	1	1	NA	NA	NA	2	1	1
19	20816892	21293952	1	1	0	2	d	3	1	0	0.0815392587211	0.116062435549	0.968629	0.086568159	0.8820605	0	0	0.115717192268568	1	0	0.884282807731432	0.0384455920621347	0.0373999026690181	0.0798864384500001	0.231054445971637	1	0	1	1	0	0.881856	1	1	0.118144	1	0	1
19	21293953	21333762	2	1	1	2	d	4	1	1	0.05	0.1	0.968629	0.086568159	0.8820605	1	0	0.123414003824925	1	1	0.876585996175075	0.0400694215185819	0.0394352989643616	0.042441302587444	0.197228970351662	2	1	1	1	1	1	NA	NA	NA	2	1	1
19	21333763	21383761	2	1	1	2	d	4	1	1	0.05	0.1	1.724706	0.862352968	0.862353	1	0	0.123414003824925	1	1	0.876585996175075	0.0400694215185819	0.0394352989643616	0.042441302587444	0.197228970351662	2	1	1	1	1	1	NA	NA	NA	2	1	1
19	21383762	21481358	2	1	1	2	d	5	1	1	0.0763259720385	0.148267178165	2	1	1	1	0	0.123414003824925	1	1	0.876585996175075	0.0400694215185819	0.0394352989643616	0.042441302587444	0.197228970351662	2	1	1	1	1	1	NA	NA	NA	2	1	1
19	21481359	24399999	1	1	0	3	a	6	1	0	0.0914069429944	0.0817336890304	1	0	1	1	0	1	NA	NA	NA	NA	NA	NA	NA	1	0	1	1	0	1	NA	NA	NA	1	0	1
19	24400000	28599999	NA	NA	NA	NA	NA	NA	3	1	0.0610480245822	0.62687177163	3.85388	0.940779265	2.9131003	NA	NA	NA	NA	NA	NA	NA	NA	NA	NA	4	1	3	3	1	1	NA	NA	NA	2	0	2
19	28600000	39175746	4	3	1	3	b	6	3	1	0.0663799121881	0.234158259992	4	1	3	3	1	1	NA	NA	NA	NA	NA	NA	NA	4	1	3	3	1	1	NA	NA	NA	3	1	2
19	39175747	39187499	7	6	1	1	g	NA	6	1	0.05	0.1	4	1	3	6	1	1	NA	NA	NA	NA	NA	NA	NA	5	1	4	3	1	1	NA	NA	NA	4	0	4
19	39187500	39331058	7	6	1	2	d	3	6	1	0.0388090034982	0.1	6.849018	0.804918398	6.0441001	6	1	1	NA	NA	NA	NA	NA	NA	NA	5	1	4	6	1	1	NA	NA	NA	4	0	4
19	39331059	43212500	4	3	1	2	d	4	3	1	0.0644383202878	0.155911763356	4	1	3	3	1	1	NA	NA	NA	NA	NA	NA	NA	3	1	2	3	1	1	NA	NA	NA	3	1	2
19	43212501	43750004	4	3	1	2	d	4	2.33	1	0.0477775040972	0.291192295174	4	1	3	3	1	1	NA	NA	NA	NA	NA	NA	NA	4	1	3	3	1	1	NA	NA	NA	3	1	2
19	43750005	59128982	4	3	1	2	d	4	3	1	0.0675673636204	0.216153514157	4	1	3	3	1	1	NA	NA	NA	NA	NA	NA	NA	3	1	2	3	1	1	NA	NA	NA	3	1	2
20	41082	25599999	2	1	1	3	a	6	1	1	0.0532091993741	0.0975962002727	2	1	1	1	1	1	NA	NA	NA	NA	NA	NA	NA	2	1	1	1	1	1	NA	NA	NA	2	1	1
20	25600000	29399999	2	1	1	3	a	6	1	1	0.05	0.145269229587	2	1	1	1	1	1	NA	NA	NA	NA	NA	NA	NA	2	1	1	1	1	1	NA	NA	NA	2	1	1
20	29400000	62432500	2	1	1	3	a	6	1	1	0.0596040576066	0.105241526396	2	1	1	1	1	1	NA	NA	NA	NA	NA	NA	NA	2	1	1	1	1	1	NA	NA	NA	2	1	1
21	1	9417499	NA	NA	NA	NA	NA	NA	NA	NA	NA	NA	NA	NA	NA	NA	NA	NA	NA	NA	NA	NA	NA	NA	NA	NA	NA	NA	1	0	0.784984	1	1	0.215016	NA	NA	NA
21	9417500	10407499	NA	NA	NA	NA	NA	NA	NA	NA	NA	NA	NA	NA	NA	NA	NA	NA	NA	NA	NA	NA	NA	NA	NA	NA	NA	NA	1	0	0.784984	1	1	0.215016	NA	NA	NA
21	10407500	15230651	NA	NA	NA	NA	NA	NA	1	1	0.05	0.224064735072	NA	NA	NA	NA	NA	NA	NA	NA	NA	NA	NA	NA	NA	NA	NA	NA	1	0	0.477811	1	1	0.522189	NA	NA	NA
21	15230652	15469972	2	1	1	2	d	3	1	1	0.05	0.132943110381	NA	NA	NA	1	1	1	NA	NA	NA	NA	NA	NA	NA	NA	NA	NA	1	1	1	NA	NA	NA	NA	NA	NA
21	15469973	46937500	2	1	1	2	d	4	1	1	0.0520284690215	0.0939818733243	2	1	1	1	1	1	NA	NA	NA	NA	NA	NA	NA	NA	NA	NA	1	1	1	NA	NA	NA	NA	NA	NA
21	46937501	48129894	2	1	1	2	d	3	NA	NA	NA	NA	2	1	1	1	1	1	NA	NA	NA	NA	NA	NA	NA	NA	NA	NA	1	1	1	NA	NA	NA	NA	NA	NA
22	1	12199999	1	1	0	1	h	1	NA	NA	NA	NA	NA	NA	NA	NA	NA	NA	NA	NA	NA	NA	NA	NA	NA	1	0	1	NA	NA	NA	NA	NA	NA	2	1	1
22	12200000	17899999	NA	NA	NA	NA	NA	NA	0.94	0.94	0.0575426444904	0.129938681246	1.832452	0.916226204	0.9162262	1	0	0.0925515559821547	1	1	0.907448444017845	0.00525179894366314	0.00523087132194836	0.0829244607829092	0.102972085130945	1	0	1	1	1	1	NA	NA	NA	2	1	1
22	17900000	49705471	2	1	1	2	d	2	0.94	0.94	0.0663276829303	0.115066387819	1.834939	0.917469266	0.9174693	1	0	0.0925515559821547	1	1	0.907448444017845	0.00525179894366314	0.00523087132194836	0.0829244607829092	0.102972085130945	1	0	1	1	1	1	NA	NA	NA	2	1	1
22	49705472	51304565	2	1	1	2	d	3	NA	NA	NA	NA	2	1	1	1	0	0.317904374364194	1	1	0.682095625635806	0.0412247233542577	0.0435595533323916	0.169425956586528	0.335667020803073	1	0	1	1	1	1	NA	NA	NA	2	1	1
X	1	58099999	1	1	0	3	a	3	1	0	0.0824309923371	0.142102763564	1	0	1	NA	NA	NA	NA	NA	NA	NA	NA	NA	NA	1	0	1	NA	NA	NA	NA	NA	NA	1	0	1
X	58100000	62999999	1	1	0	3	a	3	1	0	0.05	0.253495055319	1	0	1	NA	NA	NA	NA	NA	NA	NA	NA	NA	NA	1	0	1	NA	NA	NA	NA	NA	NA	1	0	1
X	63000000	155270559	1	1	0	3	a	3	1	0	0.05	0.12840683728	1	0	1	NA	NA	NA	NA	NA	NA	NA	NA	NA	NA	1	0	1	NA	NA	NA	NA	NA	NA	1	0	1
Y	1	11599999	1	1	0	1	h	1	NA	NA	NA	NA	1	0	1	NA	NA	NA	NA	NA	NA	NA	NA	NA	NA	NA	NA	NA	NA	NA	NA	NA	NA	NA	2	0	2
Y	11600000	13399999	1	1	0	1	h	1	NA	NA	NA	NA	0.876952	0	0.876952	NA	NA	NA	NA	NA	NA	NA	NA	NA	NA	NA	NA	NA	NA	NA	NA	NA	NA	NA	2	0	2
Y	13400000	59373565	1	1	0	1	h	1	NA	NA	NA	NA	1	0	1	NA	NA	NA	NA	NA	NA	NA	NA	NA	NA	NA	NA	NA	NA	NA	NA	NA	NA	NA	2	0	2
