chromosome	start	end	total_cn	major_cn	minor_cn	star	level	methods_agree	absolute_broad_major_cn	absolute_broad_minor_cn	absolute_broad_het_error	absolute_broad_cov_error	aceseq_copy_number	aceseq_minor_cn	aceseq_major_cn	battenberg_nMaj1_A	battenberg_nMin1_A	battenberg_frac1_A	battenberg_nMaj2_A	battenberg_nMin2_A	battenberg_frac2_A	battenberg_SDfrac_A	battenberg_SDfrac_A_BS	battenberg_frac1_A_0.025	battenberg_frac1_A_0.975	clonehd_copy_number	clonehd_minor_cn	clonehd_major_cn	sclust_nMaj1_A	sclust_nMin1_A	sclust_frac1_A	sclust_nMaj2_A	sclust_nMin2_A	sclust_frac2_A	jabba_copy_number	jabba_minor_cn	jabba_major_cn
1	1	82232386	4	2	2	3	b	5	2	2	0.0410893937822	0.209821172784	4	2	2	2	2	1	NA	NA	NA	NA	NA	NA	NA	NA	NA	NA	2	2	1	NA	NA	NA	4	2	2
1	82232387	82319778	6	4	2	2	d	4	4	2	0.05	0.22868507624	5.896546	1.911884444	3.98466182	4	2	1	NA	NA	NA	NA	NA	NA	NA	NA	NA	NA	4	2	1	NA	NA	NA	6	2	4
1	82319779	121480776	4	2	2	3	b	5	2	2	0.0398412006447	0.177012198734	4	2	2	2	2	1	NA	NA	NA	NA	NA	NA	NA	NA	NA	NA	2	2	1	NA	NA	NA	4	2	2
1	121480777	128899999	4	2	2	2	d	4	2	2	0.05	0.1	4	2	2	NA	NA	NA	NA	NA	NA	NA	NA	NA	NA	NA	NA	NA	2	2	1	NA	NA	NA	4	2	2
1	128900000	144847499	4	2	2	2	d	2	2	2	0.05	0.453977445748	NA	NA	NA	NA	NA	NA	NA	NA	NA	NA	NA	NA	NA	NA	NA	NA	2	2	0.251994	2	1	0.748006	4	2	2
1	144847500	168499087	6	4	2	3	b	5	4	2	0.0532075552995	0.316653351243	6	2	4	4	2	1	NA	NA	NA	NA	NA	NA	NA	NA	NA	NA	4	2	1	NA	NA	NA	6	2	4
1	168499088	168499141	6	4	2	2	d	3	NA	NA	NA	NA	6	2	4	NA	NA	NA	NA	NA	NA	NA	NA	NA	NA	NA	NA	NA	4	2	1	NA	NA	NA	6	2	4
1	168499142	168500929	6	4	2	1	h	1	NA	NA	NA	NA	NA	NA	NA	2	1	0.178252026440937	2	2	0.821747973559063	NA	0	0.178252026440937	0.178252026440937	NA	NA	NA	4	2	1	NA	NA	NA	4	2	2
1	168500930	168500970	2	2	0	1	h	1	NA	NA	NA	NA	NA	NA	NA	NA	NA	NA	NA	NA	NA	NA	NA	NA	NA	NA	NA	NA	2	0	1	NA	NA	NA	4	2	2
1	168500971	247247500	2	2	0	2	d	4	2.11	0	0.0613829322851	0.124329549692	2	0	2	2	0	1	NA	NA	NA	NA	NA	NA	NA	NA	NA	NA	2	0	1	NA	NA	NA	2	0	2
1	247247501	249250620	2	2	0	2	d	4	NA	NA	NA	NA	2	0	2	2	0	1	NA	NA	NA	NA	NA	NA	NA	NA	NA	NA	2	0	1	NA	NA	NA	2	0	2
2	47501	90499999	4	2	2	3	b	5	2	2	0.0410597629432	0.183426682624	4	2	2	2	2	1	NA	NA	NA	NA	NA	NA	NA	NA	NA	NA	2	2	1	NA	NA	NA	4	2	2
2	90500000	96799999	4	2	2	2	d	4	2	2	0.0307556715575	0.257376707922	4.107301	2.053650427	2.05365043	2	2	1	NA	NA	NA	NA	NA	NA	NA	NA	NA	NA	2	2	1	NA	NA	NA	4	2	2
2	96800000	107120389	4	2	2	3	b	5	2	2	0.0380306160065	0.175354542019	4	2	2	2	2	1	NA	NA	NA	NA	NA	NA	NA	NA	NA	NA	2	2	1	NA	NA	NA	4	2	2
2	107120390	140432958	2	2	0	2	d	4	2.11	0	0.0608091267637	0.124715275091	2	0	2	2	0	1	NA	NA	NA	NA	NA	NA	NA	NA	NA	NA	2	0	1	NA	NA	NA	2	0	2
2	140432959	177165024	5	3	2	2	e	4	3.64	2.11	0.0542608633086	0.21601931107	5.529496	2.03664911	3.49284735	3	2	0.555220417268151	4	2	0.444779582731849	0.00800632268054602	0.00798852856682769	0.563466731334959	0.594912800563402	NA	NA	NA	4	2	0.414657	3	2	0.585343	6	2	4
2	177165025	177183403	4	2	2	2	d	2	2	2	0.05	0.1	5.529496	2.03664911	3.49284735	2	1	0.557338290770066	2	2	0.442661709229934	0.346364049069551	0.403399713926457	-0.779219085915541	0.771316575974666	NA	NA	NA	2	2	1	NA	NA	NA	3	1	2
2	177183404	189048529	4	2	2	2	d	4	2.11	2.11	0.039571326571	0.18737395635	4	2	2	2	2	1	NA	NA	NA	NA	NA	NA	NA	NA	NA	NA	2	2	1	NA	NA	NA	4	2	2
2	189048530	189302751	2	2	0	2	d	4	2	0	0.0443057974239	0.132248236163	2.108863	0.048901741	2.05996109	2	0	1	NA	NA	NA	NA	NA	NA	NA	NA	NA	NA	2	0	1	NA	NA	NA	2	0	2
2	189302752	189435392	4	2	2	3	b	5	2	2	0.05	0.187871860262	4	2	2	2	2	1	NA	NA	NA	NA	NA	NA	NA	NA	NA	NA	2	2	1	NA	NA	NA	4	2	2
2	189435393	189435443	4	2	2	3	b	5	2	2	0.05	0.1	4	2	2	2	2	1	NA	NA	NA	NA	NA	NA	NA	NA	NA	NA	2	2	1	NA	NA	NA	4	2	2
2	189435444	189438584	4	2	2	2	d	3	2	2	0.05	0.1	NA	NA	NA	2	2	1	NA	NA	NA	NA	NA	NA	NA	NA	NA	NA	2	2	1	NA	NA	NA	NA	NA	NA
2	189438585	189599461	4	2	2	2	d	4	2	2	0.05	0.127251870506	4.181289	2.090644579	2.09064458	2	2	1	NA	NA	NA	NA	NA	NA	NA	NA	NA	NA	2	2	1	NA	NA	NA	4	2	2
2	189599462	190633843	2	2	0	2	d	3	2.11	0	0.0547466674844	0.10647855628	2.100751	0.007866875	2.09288433	2	0	1	NA	NA	NA	NA	NA	NA	NA	NA	NA	NA	2	0	1	NA	NA	NA	2	0	2
2	190633844	190635300	2	2	0	2	d	2	2.11	0	0.05	0.1	2.100751	0.007866875	2.09288433	NA	NA	NA	NA	NA	NA	NA	NA	NA	NA	NA	NA	NA	2	0	1	NA	NA	NA	2	0	2
2	190635301	190676061	2	2	0	2	f	2	2.11	0	0.05	0.1	NA	NA	NA	1	1	1	NA	NA	NA	NA	NA	NA	NA	NA	NA	NA	2	2	1	NA	NA	NA	2	0	2
2	190676062	190726060	2	2	0	2	f	2	2.11	0	0.05	0.0854589107221	NA	NA	NA	NA	NA	NA	NA	NA	NA	NA	NA	NA	NA	NA	NA	NA	2	2	1	NA	NA	NA	2	0	2
2	190726061	190726359	2	2	0	2	f	2	2.11	0	0.05	0.1	NA	NA	NA	NA	NA	NA	NA	NA	NA	NA	NA	NA	NA	NA	NA	NA	2	2	1	NA	NA	NA	2	0	2
2	190726360	190744676	2	2	0	2	f	2	2.11	0	0.05	0.1	NA	NA	NA	1	0	0.430826827784921	2	0	0.569173172215079	NA	0	0.430826827784921	0.430826827784921	NA	NA	NA	2	2	1	NA	NA	NA	2	0	2
2	190744677	190789916	4	2	2	2	f	2	2.11	2.11	0.05	0.1	NA	NA	NA	NA	NA	NA	NA	NA	NA	NA	NA	NA	NA	NA	NA	NA	2	2	1	NA	NA	NA	2	0	2
2	190789917	190792648	4	2	2	2	f	2	2.11	2.11	0.05	0.1	NA	NA	NA	NA	NA	NA	NA	NA	NA	NA	NA	NA	NA	NA	NA	NA	2	2	1	NA	NA	NA	NA	NA	NA
2	190792649	193099834	4	2	2	2	d	4	2.11	2.11	0.0369608451914	0.152700526945	4	2	2	2	2	1	NA	NA	NA	NA	NA	NA	NA	NA	NA	NA	2	2	1	NA	NA	NA	4	2	2
2	193099835	193100900	4	2	2	2	d	4	2.11	2.11	0.05	0.1	4	2	2	2	2	1	NA	NA	NA	NA	NA	NA	NA	NA	NA	NA	2	2	1	NA	NA	NA	4	2	2
2	193100901	193227981	4	2	2	2	d	2	2.11	2.11	0.05	0.136080482935	NA	NA	NA	2	2	1	NA	NA	NA	NA	NA	NA	NA	NA	NA	NA	2	2	1	NA	NA	NA	NA	NA	NA
2	193227982	193227998	4	2	2	2	d	2	2.11	2.11	0.05	0.1	NA	NA	NA	2	2	1	NA	NA	NA	NA	NA	NA	NA	NA	NA	NA	2	2	1	NA	NA	NA	NA	NA	NA
2	193227999	193397477	4	2	2	2	d	4	2.11	2.11	0.05	0.168670518507	4	2	2	2	2	1	NA	NA	NA	NA	NA	NA	NA	NA	NA	NA	2	2	1	NA	NA	NA	4	2	2
2	193397478	193397520	4	2	2	2	d	3	2	0	0.05	0.1	4	2	2	NA	NA	NA	NA	NA	NA	NA	NA	NA	NA	NA	NA	NA	2	2	1	NA	NA	NA	4	2	2
2	193397521	193420641	2	2	0	1	g	NA	2	0	0.05	0.1	NA	NA	NA	1	0	1	NA	NA	NA	NA	NA	NA	NA	NA	NA	NA	2	2	1	NA	NA	NA	2	0	2
2	193420642	193465789	4	2	2	2	d	4	2	2	0.05	0.1	3.880467	1.940233667	1.94023367	2	2	1	NA	NA	NA	NA	NA	NA	NA	NA	NA	NA	2	2	1	NA	NA	NA	4	2	2
2	193465790	193468546	2	2	0	2	d	3	2	0	0.05	0.1	3.880467	1.940233667	1.94023367	1	0	1	NA	NA	NA	NA	NA	NA	NA	NA	NA	NA	2	0	1	NA	NA	NA	2	0	2
2	193468547	193468737	2	2	0	1	g	NA	2	0	0.05	0.1	NA	NA	NA	4	0	1	NA	NA	NA	NA	NA	NA	NA	NA	NA	NA	2	0	1	NA	NA	NA	3	0	3
2	193468738	194951072	2	2	0	3	b	5	2	0	0.0491919857286	0.109319756805	2	0	2	2	0	1	NA	NA	NA	NA	NA	NA	NA	NA	NA	NA	2	0	1	NA	NA	NA	2	0	2
2	194951073	198861784	4	2	2	2	d	4	2.11	2.11	0.0422583005701	0.176657051687	4	2	2	2	2	1	NA	NA	NA	NA	NA	NA	NA	NA	NA	NA	2	2	1	NA	NA	NA	4	2	2
2	198861785	199016983	2	2	0	2	d	3	2.3	0	0.05	0.0890233857059	2	0	2	2	0	0.461503787884754	3	0	0.538496212115246	0.279292876783773	0.237974869268779	0.249107200793087	1.17500256270662	NA	NA	NA	2	0	1	NA	NA	NA	2	0	2
2	199016984	199047048	4	2	2	2	d	3	2	2	0.05	0.1	2	0	2	2	2	1	NA	NA	NA	NA	NA	NA	NA	NA	NA	NA	2	0	1	NA	NA	NA	4	2	2
2	199047049	200956973	2	2	0	2	d	4	2.2	0	0.0724954717287	0.107188331813	2	0	2	2	0	1	NA	NA	NA	NA	NA	NA	NA	NA	NA	NA	2	0	1	NA	NA	NA	2	0	2
2	200956974	203589228	4	2	2	2	d	4	2.11	2.11	0.0385465146244	0.175925777038	4	2	2	2	2	1	NA	NA	NA	NA	NA	NA	NA	NA	NA	NA	2	2	1	NA	NA	NA	4	2	2
2	203589229	203589639	4	2	2	2	d	3	NA	NA	NA	NA	4	2	2	NA	NA	NA	NA	NA	NA	NA	NA	NA	NA	NA	NA	NA	2	2	1	NA	NA	NA	4	2	2
2	203589640	203590442	4	2	2	1	h	1	NA	NA	NA	NA	NA	NA	NA	NA	NA	NA	NA	NA	NA	NA	NA	NA	NA	NA	NA	NA	2	2	1	NA	NA	NA	NA	NA	NA
2	203590443	242985493	2	2	0	2	d	4	2.11	0	0.0614213438385	0.117890795683	2	0	2	2	0	1	NA	NA	NA	NA	NA	NA	NA	NA	NA	NA	2	0	1	NA	NA	NA	2	0	2
3	67500	81939047	2	2	0	2	d	4	2.11	0	0.0605487956898	0.12116363547	2	0	2	2	0	1	NA	NA	NA	NA	NA	NA	NA	NA	NA	NA	2	0	1	NA	NA	NA	2	0	2
3	81939048	87899999	4	2	2	3	b	5	2	2	0.0395083428249	0.168886383331	4	2	2	2	2	1	NA	NA	NA	NA	NA	NA	NA	NA	NA	NA	2	2	1	NA	NA	NA	4	2	2
3	87900000	93899999	NA	NA	NA	NA	NA	NA	3	1	0.0536603016135	0.388877540089	4	2	2	NA	NA	NA	NA	NA	NA	NA	NA	NA	NA	NA	NA	NA	2	2	1	NA	NA	NA	3	1	2
3	93900000	116131759	2	2	0	2	d	3	2.2	0	0.0590885692268	0.115151202661	2.119802	0.012907652	2.10689394	2	0	1	NA	NA	NA	NA	NA	NA	NA	NA	NA	NA	2	0	1	NA	NA	NA	2	0	2
3	116131760	116349989	4	2	2	2	d	4	2	2	0.0471729964065	0.189928462813	4	2	2	2	2	0.75849725449937	3	2	0.24150274550063	0.0575336140614271	0.0596103020189688	0.592931339888989	0.825889189513797	NA	NA	NA	2	2	1	NA	NA	NA	4	2	2
3	116349990	116422113	2	2	0	2	d	4	2	0	0.05	0.0522434563329	4	2	2	2	0	1	NA	NA	NA	NA	NA	NA	NA	NA	NA	NA	2	0	1	NA	NA	NA	2	0	2
3	116422114	116741103	0	0	0	2	d	4	0	0	0.0733357423621	0.0574120481253	0	0	0	0	0	0.880063197028149	1	0	0.119936802971851	0.037923495348984	0.0381624302384863	0.792994557584227	0.938639553552879	NA	NA	NA	0	0	1	NA	NA	NA	0	0	0
3	116741104	154701324	2	2	0	2	d	3	2.2	0	0.0589178152507	0.111801255366	2.116961	0.012445177	2.10451549	2	0	1	NA	NA	NA	NA	NA	NA	NA	NA	NA	NA	2	0	1	NA	NA	NA	2	0	2
3	154701325	180495508	4	2	2	2	d	4	2	2	0.0395962709466	0.190695146777	4	2	2	2	2	0.83363144198845	3	2	0.16636855801155	0.00616258409586462	0.00647915751545651	0.832524884921487	0.857995329801701	NA	NA	NA	2	2	1	NA	NA	NA	4	2	2
3	180495509	180502181	4	2	2	2	d	4	2	2	0.05	0.1	4	2	2	2	2	0.376117907456698	3	2	0.623882092543302	0.15183132790178	0.14032685682035	0.197787732440353	0.754713659254023	NA	NA	NA	2	2	1	NA	NA	NA	4	2	2
3	180502182	198022429	4	2	2	2	d	4	2	2	0.0399949557236	0.20476970757	4	2	2	2	2	0.827894595160466	3	2	0.172105404839534	0.007486280091269	0.00757016346501375	0.819014210951957	0.8480969613226	NA	NA	NA	2	2	1	NA	NA	NA	4	2	2
4	24639	4474909	1	1	0	2	d	2	1.7	0	0.0826817526365	0.145372777308	1.514549	0.007387325	1.50716124	1	0	0.513414889480453	2	0	0.486585110519547	0.020911361765784	0.0208495229624692	0.514645251921189	0.59576404819533	NA	NA	NA	1	0	1	NA	NA	NA	1	0	1
4	4474910	48199999	4	2	2	2	e	4	2	1.7	0.0504835880314	0.183161315246	3.492696	1.522459431	1.97023649	2	1	0.453732430940579	2	2	0.546267569059421	0.00363234275839258	0.00366457978710705	0.441994444100158	0.456825946695169	NA	NA	NA	2	2	1	NA	NA	NA	3	1	2
4	48200000	52699999	4	2	2	2	f	3	2	2	0.0473463667689	0.378797902822	3.530737	1.565301023	1.96543625	NA	NA	NA	NA	NA	NA	NA	NA	NA	NA	NA	NA	NA	2	2	0.591299	2	1	0.408701	3	1	2
4	52700000	94008929	4	2	2	2	d	3	2	2	0.0460950766611	0.164309011991	3.646842	1.645270419	2.00157171	2	1	0.356504052881879	2	2	0.643495947118121	0.00386262467803522	0.00397944316096013	0.348765319080424	0.364457380225753	NA	NA	NA	2	2	1	NA	NA	NA	4	2	2
4	94008930	94055769	2	2	0	2	d	2	NA	NA	NA	NA	3.646842	1.645270419	2.00157171	2	0	1	NA	NA	NA	NA	NA	NA	NA	NA	NA	NA	2	2	1	NA	NA	NA	2	0	2
4	94055770	190749943	4	2	2	2	d	2	2	1.89	0.0464984666988	0.17406277073	3.644742	1.638647971	2.00609371	2	1	0.356504052881879	2	2	0.643495947118121	0.0026820832854321	0.00272622197514193	0.356439618737558	0.367128873992753	NA	NA	NA	2	2	1	NA	NA	NA	4	2	2
5	22500	10559963	2	2	0	3	b	5	2	0	0.0642712026991	0.127002919745	2	0	2	2	0	1	NA	NA	NA	NA	NA	NA	NA	NA	NA	NA	2	0	1	NA	NA	NA	2	0	2
5	10559964	41098284	4	2	2	3	b	5	2	2	0.0399652525018	0.180229559646	4	2	2	2	2	1	NA	NA	NA	NA	NA	NA	NA	NA	NA	NA	2	2	1	NA	NA	NA	4	2	2
5	41098285	41503004	6	4	2	3	b	5	4	2	0.0385911280346	0.211521103136	6	2	4	4	2	1	NA	NA	NA	NA	NA	NA	NA	NA	NA	NA	4	2	1	NA	NA	NA	6	2	4
5	41503005	42805684	4	2	2	3	b	5	2	2	0.0391263018616	0.158305805492	4	2	2	2	2	1	NA	NA	NA	NA	NA	NA	NA	NA	NA	NA	2	2	1	NA	NA	NA	4	2	2
5	42805685	43545040	2	2	0	3	b	5	2	0	0.0590130390576	0.108089802786	2	0	2	2	0	1	NA	NA	NA	NA	NA	NA	NA	NA	NA	NA	2	0	1	NA	NA	NA	2	0	2
5	43545041	44374830	3	2	1	2	d	4	1.7	1.7	0.05	0.120032549198	3	1	2	2	1	1	NA	NA	NA	NA	NA	NA	NA	NA	NA	NA	2	1	1	NA	NA	NA	3	1	2
5	44374831	44409553	4	2	2	1	g	NA	2	2	0.05	0.1	3	1	2	3	2	1	NA	NA	NA	NA	NA	NA	NA	NA	NA	NA	2	1	1	NA	NA	NA	5	2	3
5	44409554	46099999	3	2	1	3	b	5	2	1	0.0680244549011	0.137994361232	3	1	2	2	1	1	NA	NA	NA	NA	NA	NA	NA	NA	NA	NA	2	1	1	NA	NA	NA	3	1	2
5	46100000	50913409	3	2	1	2	d	4	2	1	0.0580370865951	0.180602178277	3	1	2	NA	NA	NA	NA	NA	NA	NA	NA	NA	NA	NA	NA	NA	2	1	1	NA	NA	NA	3	1	2
5	50913410	50962630	3	2	1	2	d	3	2	1	0.05	0.132891248735	3	1	2	2	2	1	NA	NA	NA	NA	NA	NA	NA	NA	NA	NA	2	1	1	NA	NA	NA	4	2	2
5	50962631	53183282	3	2	1	3	b	5	2	1	0.0658603648765	0.150654591532	3	1	2	2	1	1	NA	NA	NA	NA	NA	NA	NA	NA	NA	NA	2	1	1	NA	NA	NA	3	1	2
5	53183283	150198227	2	2	0	2	d	4	2.2	0	0.0612994364219	0.120091209632	2	0	2	2	0	1	NA	NA	NA	NA	NA	NA	NA	NA	NA	NA	2	0	1	NA	NA	NA	2	0	2
5	150198228	150228194	2	2	0	2	d	2	2.2	0	0.05	0.1	1.377718	0	1.37771823	2	0	1	NA	NA	NA	NA	NA	NA	NA	NA	NA	NA	1	0	1	NA	NA	NA	2	0	2
5	150228195	180712442	2	2	0	2	d	4	2.2	0	0.0620917233618	0.121597315535	2	0	2	2	0	1	NA	NA	NA	NA	NA	NA	NA	NA	NA	NA	2	0	1	NA	NA	NA	2	0	2
6	242501	18744088	4	2	2	3	b	5	2	2	0.04188387531	0.167959868203	4	2	2	2	2	1	NA	NA	NA	NA	NA	NA	NA	NA	NA	NA	2	2	1	NA	NA	NA	4	2	2
6	18744089	18783087	5	3	2	2	d	3	3	1	0.05	0.1	4.853984	1.934936577	2.91904761	3	2	1	NA	NA	NA	NA	NA	NA	NA	NA	NA	NA	3	2	1	NA	NA	NA	5	2	3
6	18783088	58699999	4	2	2	3	b	5	2	2	0.045162372424	0.177740433344	4	2	2	2	2	1	NA	NA	NA	NA	NA	NA	NA	NA	NA	NA	2	2	1	NA	NA	NA	4	2	2
6	58700000	63299999	4	2	2	2	d	4	2	2	0.0534112636122	0.237541463578	4.107622	2.053811222	2.05381122	2	2	1	NA	NA	NA	NA	NA	NA	NA	NA	NA	NA	2	2	1	NA	NA	NA	4	2	2
6	63300000	64396403	4	2	2	3	b	5	2	2	0.0370636179116	0.162691532082	4	2	2	2	2	1	NA	NA	NA	NA	NA	NA	NA	NA	NA	NA	2	2	1	NA	NA	NA	4	2	2
6	64396404	170899800	2	2	0	2	d	4	2.11	0	0.060869312204	0.11683222664	2	0	2	2	0	1	NA	NA	NA	NA	NA	NA	NA	NA	NA	NA	2	0	1	NA	NA	NA	2	0	2
7	40386	114963	2	2	0	2	d	3	2.43	0	0.0782928795738	0.173033668433	2.170455	0.051519536	2.11893556	2	0	1	NA	NA	NA	NA	NA	NA	NA	NA	NA	NA	2	0	1	NA	NA	NA	2	0	2
7	114964	7402720	4	2	2	3	b	5	2	2	0.0416549582202	0.271975311599	4	2	2	2	2	1	NA	NA	NA	NA	NA	NA	NA	NA	NA	NA	2	2	1	NA	NA	NA	4	2	2
7	7402721	16992480	4	2	2	3	b	5	2	2	0.0401129362108	0.166775420941	4	2	2	2	2	1	NA	NA	NA	NA	NA	NA	NA	NA	NA	NA	2	2	1	NA	NA	NA	4	2	2
7	16992481	27235239	4	2	2	3	b	5	2	2	0.0405508131365	0.159046193322	4	2	2	2	2	1	NA	NA	NA	NA	NA	NA	NA	NA	NA	NA	2	2	1	NA	NA	NA	4	2	2
7	27235240	30170306	4	2	2	3	b	5	2	2	0.041095898338	0.148251402134	4	2	2	2	2	1	NA	NA	NA	NA	NA	NA	NA	NA	NA	NA	2	2	1	NA	NA	NA	4	2	2
7	30170307	57999999	4	2	2	2	d	3	2	2	0.0415007954004	0.18557074875	3.894357	1.947178613	1.94717861	2	1	0.103980348757212	2	2	0.896019651242787	0.00537645021780642	0.00537810408645917	0.089923981237267	0.111870926824779	NA	NA	NA	2	2	1	NA	NA	NA	4	2	2
7	58000000	61699999	4	2	2	2	d	2	2	1.7	0.05	0.196007446436	3.894357	1.947178613	1.94717861	NA	NA	NA	NA	NA	NA	NA	NA	NA	NA	NA	NA	NA	2	2	1	NA	NA	NA	4	2	2
7	61700000	158821400	4	2	2	2	d	2	2	1.7	0.0507807988735	0.180497217957	3.542568	1.557716171	1.98485231	2	1	0.429993322374668	2	2	0.570006677625332	0.00291960312394565	0.00285356527850945	0.424318179000478	0.435446415378992	NA	NA	NA	2	2	1	NA	NA	NA	4	2	2
8	10001	293435	4	2	2	2	d	3	1	1	0.05	0.577211117757	NA	NA	NA	2	2	1	NA	NA	NA	NA	NA	NA	NA	NA	NA	NA	2	2	1	NA	NA	NA	4	2	2
8	293436	43099999	4	2	2	2	d	4	1.89	1.89	0.0434563903287	0.201023608473	4	2	2	2	2	1	NA	NA	NA	NA	NA	NA	NA	NA	NA	NA	2	2	1	NA	NA	NA	4	2	2
8	43100000	48099999	4	2	2	2	d	3	1.89	1.8	0.0463037921975	0.262013341783	4.210723	2.105361477	2.10536148	2	2	1	NA	NA	NA	NA	NA	NA	NA	NA	NA	NA	2	2	1	NA	NA	NA	4	2	2
8	48100000	146364021	4	2	2	2	d	4	1.8	1.8	0.0406785135671	0.166291575761	4	2	2	2	2	1	NA	NA	NA	NA	NA	NA	NA	NA	NA	NA	2	2	1	NA	NA	NA	4	2	2
9	47500	224640	4	2	2	2	d	4	2	1	0.05	0.1	4	2	2	2	2	1	NA	NA	NA	NA	NA	NA	NA	NA	NA	NA	2	2	1	NA	NA	NA	4	2	2
9	224641	47299999	4	2	2	3	b	5	2	2	0.0398136277572	0.181965401344	4	2	2	2	2	1	NA	NA	NA	NA	NA	NA	NA	NA	NA	NA	2	2	1	NA	NA	NA	4	2	2
9	47300000	50699999	4	2	2	2	d	3	NA	NA	NA	NA	4	2	2	NA	NA	NA	NA	NA	NA	NA	NA	NA	NA	NA	NA	NA	2	2	1	NA	NA	NA	4	2	2
9	50700000	71037499	4	2	2	2	d	3	2	2	0.05	0.368269871975	NA	NA	NA	2	1	0.878353722370117	3	1	0.121646277629883	NA	0	0.878353722370117	0.878353722370117	NA	NA	NA	2	2	1	NA	NA	NA	4	2	2
9	71037500	106877876	4	2	2	3	b	5	2	2	0.0393841470603	0.165369245671	4	2	2	2	2	1	NA	NA	NA	NA	NA	NA	NA	NA	NA	NA	2	2	1	NA	NA	NA	4	2	2
9	106877877	106879730	4	2	2	3	b	5	2	2	0.05	0.1	4	2	2	2	2	1	NA	NA	NA	NA	NA	NA	NA	NA	NA	NA	2	2	1	NA	NA	NA	4	2	2
9	106879731	119163453	4	2	2	3	b	5	2	2	0.0399701836725	0.166041958469	4	2	2	2	2	1	NA	NA	NA	NA	NA	NA	NA	NA	NA	NA	2	2	1	NA	NA	NA	4	2	2
9	119163454	119163636	3	2	1	1	g	NA	2	1	0.05	0.1	4	2	2	NA	NA	NA	NA	NA	NA	NA	NA	NA	NA	NA	NA	NA	2	2	1	NA	NA	NA	3	1	2
9	119163637	120547842	3	2	1	3	b	5	2	1	0.0634957068781	0.13881404602	3	1	2	2	1	1	NA	NA	NA	NA	NA	NA	NA	NA	NA	NA	2	1	1	NA	NA	NA	3	1	2
9	120547843	121344497	4	2	2	3	b	5	2	2	0.0331946447435	0.161697895512	4	2	2	2	2	1	NA	NA	NA	NA	NA	NA	NA	NA	NA	NA	2	2	1	NA	NA	NA	4	2	2
9	121344498	140273200	3	2	1	3	b	5	2	1	0.0701333745958	0.144678584847	3	1	2	2	1	1	NA	NA	NA	NA	NA	NA	NA	NA	NA	NA	2	1	1	NA	NA	NA	3	1	2
10	96469	37999999	2	2	0	3	b	5	2	0	0.0641427996082	0.103652247727	2	0	2	2	0	1	NA	NA	NA	NA	NA	NA	NA	NA	NA	NA	2	0	1	NA	NA	NA	2	0	2
10	38000000	42299999	2	2	0	2	d	3	2	0	0.0518135392371	0.133962282101	2.146223	0.016224696	2.129998	2	0	1	NA	NA	NA	NA	NA	NA	NA	NA	NA	NA	NA	NA	NA	NA	NA	NA	2	0	2
10	42300000	135389924	2	2	0	3	b	5	2	0	0.0621989166183	0.123975686759	2	0	2	2	0	1	NA	NA	NA	NA	NA	NA	NA	NA	NA	NA	2	0	1	NA	NA	NA	2	0	2
11	203353	24217986	3	2	1	3	b	5	2	1	0.0656037166652	0.152159483556	3	1	2	2	1	1	NA	NA	NA	NA	NA	NA	NA	NA	NA	NA	2	1	1	NA	NA	NA	3	1	2
11	24217987	24531972	5	4	1	2	d	3	4	1	0.0507816859557	0.190884146648	4.916694	1.022781784	3.89391271	4	1	1	NA	NA	NA	NA	NA	NA	NA	NA	NA	NA	4	1	1	NA	NA	NA	4	1	3
11	24531973	51599999	3	2	1	3	b	5	2	1	0.0644503306453	0.149653056535	3	1	2	2	1	1	NA	NA	NA	NA	NA	NA	NA	NA	NA	NA	2	1	1	NA	NA	NA	3	1	2
11	51600000	55699999	3	2	1	2	d	4	2	1	0.0735074653046	0.500632296875	3.155875	1.105724134	2.05015135	2	1	1	NA	NA	NA	NA	NA	NA	NA	NA	NA	NA	2	1	1	NA	NA	NA	3	1	2
11	55700000	79173758	3	2	1	3	b	5	2	1	0.0687819688396	0.15135996837	3	1	2	2	1	1	NA	NA	NA	NA	NA	NA	NA	NA	NA	NA	2	1	1	NA	NA	NA	3	1	2
11	79173759	79574626	1	1	0	2	d	4	1	0	0.078652885953	0.0666747249374	1	0	1	1	0	0.909837585618999	2	0	0.0901624143810011	0.0431079448903446	0.0445726468042842	0.806687853618605	0.977737847224084	NA	NA	NA	1	0	1	NA	NA	NA	1	0	1
11	79574627	79784397	3	2	1	2	d	4	2	1	0.05	0.116216363472	1	0	1	2	1	1	NA	NA	NA	NA	NA	NA	NA	NA	NA	NA	2	1	1	NA	NA	NA	3	1	2
11	79784398	80314336	1	1	0	3	b	5	1	0	0.0807606299279	0.0681020187311	1	0	1	1	0	1	NA	NA	NA	NA	NA	NA	NA	NA	NA	NA	1	0	1	NA	NA	NA	1	0	1
11	80314337	83830209	3	2	1	3	b	5	2	1	0.0695304583586	0.151213790396	3	1	2	2	1	1	NA	NA	NA	NA	NA	NA	NA	NA	NA	NA	2	1	1	NA	NA	NA	3	1	2
11	83830210	84202446	2	2	0	2	d	4	2	0	0.05	0.0993877594808	3	1	2	2	0	1	NA	NA	NA	NA	NA	NA	NA	NA	NA	NA	2	0	1	NA	NA	NA	2	0	2
11	84202447	134452200	3	2	1	3	b	5	2	1	0.0668595137676	0.14915763586	3	1	2	2	1	1	NA	NA	NA	NA	NA	NA	NA	NA	NA	NA	2	1	1	NA	NA	NA	3	1	2
12	110107	196574	2	2	0	2	d	3	3	0	0.05	0.1	NA	NA	NA	2	0	1	NA	NA	NA	NA	NA	NA	NA	NA	NA	NA	2	0	1	NA	NA	NA	2	0	2
12	196575	9632601	2	2	0	3	b	5	2	0	0.0594735002549	0.110184681319	2	0	2	2	0	1	NA	NA	NA	NA	NA	NA	NA	NA	NA	NA	2	0	1	NA	NA	NA	2	0	2
12	9632602	9732802	2	2	0	3	b	5	2	0	0.05	0.1	2	0	2	2	0	1	NA	NA	NA	NA	NA	NA	NA	NA	NA	NA	2	0	1	NA	NA	NA	2	0	2
12	9732803	22897128	2	2	0	3	b	5	2	0	0.0615493572803	0.114726965876	2	0	2	2	0	1	NA	NA	NA	NA	NA	NA	NA	NA	NA	NA	2	0	1	NA	NA	NA	2	0	2
12	22897129	22931669	2	2	0	2	d	4	NA	NA	NA	NA	2	0	2	2	0	1	NA	NA	NA	NA	NA	NA	NA	NA	NA	NA	2	0	1	NA	NA	NA	2	0	2
12	22931670	23125264	2	2	0	3	b	5	2	0	0.0771568641959	0.0886868916722	2	0	2	2	0	1	NA	NA	NA	NA	NA	NA	NA	NA	NA	NA	2	0	1	NA	NA	NA	2	0	2
12	23125265	23178691	3	3	0	2	d	3	3	0	0.0418329752179	0.154712086411	2.767849	0.038891751	2.72895746	2	0	0.923601814983592	2	1	0.0763981850164084	0.246678742948014	0.586665204854984	-2.00133395256871	0.188817395705132	NA	NA	NA	3	0	1	NA	NA	NA	3	0	3
12	23178692	23699725	2	2	0	3	b	5	2	0	0.04718740247	0.102757914379	2	0	2	2	0	1	NA	NA	NA	NA	NA	NA	NA	NA	NA	NA	2	0	1	NA	NA	NA	2	0	2
12	23699726	23808640	4	2	2	3	b	5	2	2	0.0375987428504	0.157650457896	4	2	2	2	2	1	NA	NA	NA	NA	NA	NA	NA	NA	NA	NA	2	2	1	NA	NA	NA	4	2	2
12	23808641	23938053	5	3	2	2	d	3	3	2	0.05	0.164927591812	4.714058	2.105596515	2.60846113	2	2	0.452201089474184	3	2	0.547798910525816	0.12426572840554	0.124169507210426	0.216460254701682	0.715582513708908	NA	NA	NA	3	2	1	NA	NA	NA	5	2	3
12	23938054	24971401	4	2	2	3	b	5	2	2	0.0295382681888	0.168216868344	4	2	2	2	2	1	NA	NA	NA	NA	NA	NA	NA	NA	NA	NA	2	2	1	NA	NA	NA	4	2	2
12	24971402	25035122	5	3	2	2	d	3	3	2	0.0490292899062	0.160182377912	4.739731	1.900154912	2.83957647	3	2	1	NA	NA	NA	NA	NA	NA	NA	NA	NA	NA	3	2	1	NA	NA	NA	4	2	2
12	25035123	25278846	4	2	2	3	b	5	2	2	0.033921424883	0.190137598487	4	2	2	2	2	1	NA	NA	NA	NA	NA	NA	NA	NA	NA	NA	2	2	1	NA	NA	NA	4	2	2
12	25278847	25402493	5	3	2	2	d	2	3	3	0.0299037422173	0.192573080528	4.83887	2.057931371	2.78093813	3	2	0.840252852797419	3	3	0.159747147202581	0.052519655863237	0.0536092315152849	0.676785296886509	0.884545391673771	NA	NA	NA	3	2	1	NA	NA	NA	5	2	3
12	25402494	25831065	4	2	2	3	b	5	2	2	0.0512617072036	0.17401015154	4	2	2	2	2	1	NA	NA	NA	NA	NA	NA	NA	NA	NA	NA	2	2	1	NA	NA	NA	4	2	2
12	25831066	25861947	4	2	2	1	g	NA	2	2	0.05	0.1	4	2	2	3	2	1	NA	NA	NA	NA	NA	NA	NA	NA	NA	NA	3	2	0.137474	2	2	0.862526	5	2	3
12	25861948	25925853	4	2	2	2	d	3	2	2	0.05	0.328473216063	NA	NA	NA	2	2	1	NA	NA	NA	NA	NA	NA	NA	NA	NA	NA	3	2	0.137474	2	2	0.862526	4	2	2
12	25925854	26683449	4	2	2	3	b	5	2	2	0.0401350540316	0.171943830769	4	2	2	2	2	1	NA	NA	NA	NA	NA	NA	NA	NA	NA	NA	2	2	1	NA	NA	NA	4	2	2
12	26683450	26838981	5	3	2	2	d	4	3	2	0.0489374677817	0.167464345586	4.799834	1.976631046	2.82320306	3	2	1	NA	NA	NA	NA	NA	NA	NA	NA	NA	NA	3	2	1	NA	NA	NA	5	2	3
12	26838982	27110601	4	2	2	3	b	5	2	2	0.0331718200933	0.143817764377	4	2	2	2	2	1	NA	NA	NA	NA	NA	NA	NA	NA	NA	NA	2	2	1	NA	NA	NA	4	2	2
12	27110602	27347184	5	3	2	2	d	3	2.64	2.43	0.0328286211258	0.167089001579	4.712511	1.928936688	2.78357457	3	2	1	NA	NA	NA	NA	NA	NA	NA	NA	NA	NA	3	2	1	NA	NA	NA	5	2	3
12	27347185	27369592	4	2	2	2	d	2	2.64	2.43	0.05	0.1	4.712511	1.928936688	2.78357457	2	1	0.482183753624426	2	2	0.517816246375574	0.11740563041798	0.113831292434762	0.261744740263488	0.69414245719305	NA	NA	NA	2	2	1	NA	NA	NA	4	2	2
12	27369593	27556138	5	3	2	2	d	3	2.64	2.43	0.0444598127968	0.153634704587	4.840579	1.98694666	2.85363196	3	2	1	NA	NA	NA	NA	NA	NA	NA	NA	NA	NA	3	2	1	NA	NA	NA	5	2	3
12	27556139	27592236	5	3	2	2	d	3	2.64	2.43	0.05	0.1	4.840579	1.98694666	2.85363196	3	2	1	NA	NA	NA	NA	NA	NA	NA	NA	NA	NA	3	2	1	NA	NA	NA	5	2	3
12	27592237	28131456	5	3	2	2	d	4	3	2	0.0506339555645	0.234297540036	4.85514	1.987553691	2.86758598	3	2	1	NA	NA	NA	NA	NA	NA	NA	NA	NA	NA	3	2	1	NA	NA	NA	5	2	3
12	28131457	29617590	4	2	2	2	d	4	2	2	0.0449695297744	0.176079309675	4	2	2	2	2	0.871589386923167	3	2	0.128410613076833	0.019559209444485	0.0191256152625003	0.836157880613657	0.908927389596971	NA	NA	NA	2	2	1	NA	NA	NA	4	2	2
12	29617591	29659400	5	3	2	2	e	2	2	2	0.05	0.1	4	2	2	2	2	0.871589386923167	3	2	0.128410613076833	0.019559209444485	0.0191256152625003	0.836157880613657	0.908927389596971	NA	NA	NA	2	1	1	NA	NA	NA	5	2	3
12	29659401	29694538	3	3	0	2	d	3	3	0	0.05	0.1	NA	NA	NA	3	0	1	NA	NA	NA	NA	NA	NA	NA	NA	NA	NA	2	1	1	NA	NA	NA	3	0	3
12	29694539	29849865	5	3	2	2	d	4	3	2	0.053799529208	0.206800054285	4.772166	1.974851633	2.79731461	3	2	1	NA	NA	NA	NA	NA	NA	NA	NA	NA	NA	3	2	1	NA	NA	NA	5	2	3
12	29849866	30454926	4	2	2	3	b	5	2	2	0.0411654602012	0.16104346883	4	2	2	2	2	1	NA	NA	NA	NA	NA	NA	NA	NA	NA	NA	2	2	1	NA	NA	NA	4	2	2
12	30454927	31274985	3	2	1	2	d	4	2.11	1	0.0684855660874	0.150551548981	3	1	2	2	1	1	NA	NA	NA	NA	NA	NA	NA	NA	NA	NA	2	1	1	NA	NA	NA	3	1	2
12	31274986	32032177	4	2	2	2	d	3	2	2	0.0435845682956	0.265446039405	3.852103	1.926051675	1.92605167	2	1	0.108501233485789	2	2	0.891498766514211	0.0284337562012829	0.029208521075464	0.0333939142553059	0.151487885905664	NA	NA	NA	2	2	1	NA	NA	NA	4	2	2
12	32032178	32062509	3	2	1	2	d	3	2	2	0.05	0.1	3.852103	1.926051675	1.92605167	2	1	1	NA	NA	NA	NA	NA	NA	NA	NA	NA	NA	2	1	1	NA	NA	NA	3	1	2
12	32062510	32146696	4	2	2	2	d	4	2	2	0.05	0.100339307575	3.786313	1.893156599	1.8931566	2	2	1	NA	NA	NA	NA	NA	NA	NA	NA	NA	NA	2	2	1	NA	NA	NA	4	2	2
12	32146697	32586400	3	2	1	3	b	5	2	1	0.0507300258178	0.160046422455	3	1	2	2	1	1	NA	NA	NA	NA	NA	NA	NA	NA	NA	NA	2	1	1	NA	NA	NA	3	1	2
12	32586401	32637854	3	2	1	2	d	3	2	2	0.05	0.1	3	1	2	2	1	1	NA	NA	NA	NA	NA	NA	NA	NA	NA	NA	2	2	1	NA	NA	NA	3	1	2
12	32637855	32686154	4	2	2	2	d	3	2	2	0.05	0.1	NA	NA	NA	2	2	1	NA	NA	NA	NA	NA	NA	NA	NA	NA	NA	2	2	1	NA	NA	NA	3	1	2
12	32686155	32726319	5	3	2	2	d	4	3	2	0.05	0.1	5	2	3	3	2	1	NA	NA	NA	NA	NA	NA	NA	NA	NA	NA	3	2	1	NA	NA	NA	4	2	2
12	32726320	33205679	3	2	1	2	d	2	2	1	0.0630901174341	0.179291559711	3.168436	1.202773311	1.96566309	2	1	0.774474321777888	2	2	0.225525678222112	0.05268969977994	0.0549893054547749	0.665957756307352	0.887814939238451	NA	NA	NA	2	2	0.201145	2	1	0.798855	3	1	2
12	33205680	33299999	3	2	1	2	d	2	NA	NA	NA	NA	3.168436	1.202773311	1.96566309	3	3	0.833546268086994	4	3	0.166453731913006	NA	0	0.833546268086994	0.833546268086994	NA	NA	NA	2	1	1	NA	NA	NA	3	1	2
12	33300000	38550793	NA	NA	NA	NA	NA	NA	2	1.36	0.0653111148558	0.27972828012	3.281383	1.157430906	2.12395257	NA	NA	NA	NA	NA	NA	NA	NA	NA	NA	NA	NA	NA	2	1	1	NA	NA	NA	3	1	2
12	38550794	38696356	4	2	2	2	d	3	2	2	0.05	0.161632237237	3.281383	1.157430906	2.12395257	2	2	0.853204213519228	3	2	0.146795786480772	0.0710863171195864	0.0703750544535475	0.704246113737381	0.991973966002921	NA	NA	NA	2	2	1	NA	NA	NA	4	2	2
12	38696357	38760612	5	3	2	2	d	2	2	2	0.0474297022074	0.157668916878	NA	NA	NA	2	2	0.19013041571738	3	2	0.80986958428262	0.0977751149661203	0.0946338062967794	0.0778128784010828	0.44310123765956	NA	NA	NA	3	2	1	NA	NA	NA	5	2	3
12	38760613	39068595	4	2	2	3	b	5	2	2	0.05	0.159530985718	4	2	2	2	2	1	NA	NA	NA	NA	NA	NA	NA	NA	NA	NA	2	2	1	NA	NA	NA	4	2	2
12	39068596	39379131	3	2	1	2	d	4	2	1	0.0667256656627	0.133382895745	3.103005	1.026019448	2.07698542	2	1	1	NA	NA	NA	NA	NA	NA	NA	NA	NA	NA	2	1	1	NA	NA	NA	3	1	2
12	39379132	39481562	4	2	2	2	d	4	2	2	0.05	0.191133976056	4	2	2	2	2	0.838998169666247	3	2	0.161001830333753	0.069342761243637	0.0687369496518024	0.727299464478851	0.998595542262377	NA	NA	NA	2	2	1	NA	NA	NA	4	2	2
12	39481563	99866816	3	2	1	2	d	4	2.11	1	0.0659063792911	0.14479542991	3	1	2	2	1	1	NA	NA	NA	NA	NA	NA	NA	NA	NA	NA	2	1	1	NA	NA	NA	3	1	2
12	99866817	100086187	1	1	0	3	b	5	1	0	0.0997761650546	0.075842006	1	0	1	1	0	1	NA	NA	NA	NA	NA	NA	NA	NA	NA	NA	1	0	1	NA	NA	NA	1	0	1
12	100086188	132349400	3	2	1	2	d	4	2.11	1	0.0692228314181	0.14827171197	3	1	2	2	1	1	NA	NA	NA	NA	NA	NA	NA	NA	NA	NA	2	1	1	NA	NA	NA	3	1	2
12	132349401	133851894	3	2	1	2	d	4	NA	NA	NA	NA	3	1	2	2	1	1	NA	NA	NA	NA	NA	NA	NA	NA	NA	NA	2	1	1	NA	NA	NA	3	1	2
13	1	16299999	2	2	0	1	h	1	NA	NA	NA	NA	NA	NA	NA	NA	NA	NA	NA	NA	NA	NA	NA	NA	NA	NA	NA	NA	NA	NA	NA	NA	NA	NA	2	0	2
13	16300000	19499999	2	2	0	2	d	4	2	0	0.05	0.634560567851	NA	NA	NA	2	0	1	NA	NA	NA	NA	NA	NA	NA	NA	NA	NA	2	0	1	NA	NA	NA	2	0	2
13	19500000	48909675	2	2	0	3	b	5	2	0	0.064342254188	0.10660225003	2	0	2	2	0	1	NA	NA	NA	NA	NA	NA	NA	NA	NA	NA	2	0	1	NA	NA	NA	2	0	2
13	48909676	50967202	1	1	0	3	b	5	1	0	0.0979649389037	0.0762750764255	1	0	1	1	0	1	NA	NA	NA	NA	NA	NA	NA	NA	NA	NA	1	0	1	NA	NA	NA	1	0	1
13	50967203	114142800	3	2	1	3	b	5	2	1	0.0659363800133	0.142842291656	3	1	2	2	1	1	NA	NA	NA	NA	NA	NA	NA	NA	NA	NA	2	1	1	NA	NA	NA	3	1	2
13	114142801	115169877	3	2	1	2	d	4	NA	NA	NA	NA	3	1	2	2	1	1	NA	NA	NA	NA	NA	NA	NA	NA	NA	NA	2	1	1	NA	NA	NA	3	1	2
14	1	16099999	3	2	1	1	h	1	NA	NA	NA	NA	NA	NA	NA	NA	NA	NA	NA	NA	NA	NA	NA	NA	NA	NA	NA	NA	NA	NA	NA	NA	NA	NA	3	1	2
14	16100000	19099999	3	2	1	1	h	1	NA	NA	NA	NA	NA	NA	NA	NA	NA	NA	NA	NA	NA	NA	NA	NA	NA	NA	NA	NA	3	1	0.63452	2	1	0.36548	3	1	2
14	19100000	19395802	3	2	1	2	f	2	NA	NA	NA	NA	NA	NA	NA	NA	NA	NA	NA	NA	NA	NA	NA	NA	NA	NA	NA	NA	3	1	0.63452	2	1	0.36548	3	1	2
14	19395803	20436054	3	2	1	2	f	3	2.43	1.57	0.0372897927223	0.337575802527	3.185221	1.125507673	2.05971379	NA	NA	NA	NA	NA	NA	NA	NA	NA	NA	NA	NA	NA	3	1	0.63452	2	1	0.36548	3	1	2
14	20436055	87445193	3	2	1	3	b	5	2	1	0.0652523728859	0.141894201554	3	1	2	2	1	1	NA	NA	NA	NA	NA	NA	NA	NA	NA	NA	2	1	1	NA	NA	NA	3	1	2
14	87445194	87491538	3	2	1	2	d	3	3	1	0.05	0.1	3.375866	1.052729026	2.32313707	2	1	1	NA	NA	NA	NA	NA	NA	NA	NA	NA	NA	2	1	1	NA	NA	NA	3	1	2
14	87491539	100825926	3	2	1	3	b	5	2	1	0.0656627322793	0.138568898994	3	1	2	2	1	1	NA	NA	NA	NA	NA	NA	NA	NA	NA	NA	2	1	1	NA	NA	NA	3	1	2
14	100825927	100863564	2	2	0	2	d	4	2	0	0.05	0.1	2.117935	0.019353716	2.09858119	2	0	1	NA	NA	NA	NA	NA	NA	NA	NA	NA	NA	2	0	1	NA	NA	NA	2	0	2
14	100863565	106368400	4	2	2	3	b	5	2	2	0.0417891276351	0.193280668838	4	2	2	2	2	1	NA	NA	NA	NA	NA	NA	NA	NA	NA	NA	2	2	1	NA	NA	NA	4	2	2
15	1	15799999	2	2	0	1	h	1	NA	NA	NA	NA	NA	NA	NA	NA	NA	NA	NA	NA	NA	NA	NA	NA	NA	NA	NA	NA	NA	NA	NA	NA	NA	NA	2	0	2
15	15800000	20699999	2	2	0	2	d	4	2	0	0.05	0.402571825397	NA	NA	NA	2	0	1	NA	NA	NA	NA	NA	NA	NA	NA	NA	NA	2	0	1	NA	NA	NA	2	0	2
15	20700000	22705402	2	2	0	2	d	2	2	1	0.05	0.68050629239	NA	NA	NA	2	0	1	NA	NA	NA	NA	NA	NA	NA	NA	NA	NA	2	0	0.112297	1	0	0.887703	2	0	2
15	22705403	23303401	2	2	0	3	b	5	2	0	0.0685586307694	0.114638314982	2	0	2	2	0	1	NA	NA	NA	NA	NA	NA	NA	NA	NA	NA	2	0	1	NA	NA	NA	2	0	2
15	23303402	49506175	2	2	0	3	b	5	2	0	0.0622592116345	0.119802178181	2	0	2	2	0	1	NA	NA	NA	NA	NA	NA	NA	NA	NA	NA	2	0	1	NA	NA	NA	2	0	2
15	49506176	52398242	4	2	2	3	b	5	2	2	0.0391518268168	0.159115763041	4	2	2	2	2	1	NA	NA	NA	NA	NA	NA	NA	NA	NA	NA	2	2	1	NA	NA	NA	4	2	2
15	52398243	52765801	2	2	0	3	b	5	2	0	0.05	0.0890895530551	2	0	2	2	0	1	NA	NA	NA	NA	NA	NA	NA	NA	NA	NA	2	0	1	NA	NA	NA	2	0	2
15	52765802	52784802	4	2	2	2	d	2	NA	NA	NA	NA	2	0	2	NA	NA	NA	NA	NA	NA	NA	NA	NA	NA	NA	NA	NA	2	2	1	NA	NA	NA	4	2	2
15	52784803	52913601	4	2	2	2	d	3	2	2	0.05	0.305127612291	NA	NA	NA	4	2	1	NA	NA	NA	NA	NA	NA	NA	NA	NA	NA	2	2	1	NA	NA	NA	4	2	2
15	52913602	54373457	4	2	2	3	b	5	2	2	0.0419863475984	0.169249166822	4	2	2	2	2	1	NA	NA	NA	NA	NA	NA	NA	NA	NA	NA	2	2	1	NA	NA	NA	4	2	2
15	54373458	54455945	2	2	0	2	d	4	2	0	0.05	0.0733108494063	2.10444	0.076583843	2.02785638	2	0	1	NA	NA	NA	NA	NA	NA	NA	NA	NA	NA	2	0	1	NA	NA	NA	2	0	2
15	54455946	54457116	2	2	0	2	d	2	NA	NA	NA	NA	2.10444	0.076583843	2.02785638	NA	NA	NA	NA	NA	NA	NA	NA	NA	NA	NA	NA	NA	2	0	1	NA	NA	NA	2	0	2
15	54457117	54474370	6	4	2	2	d	3	4	2	0.05	0.1	NA	NA	NA	4	2	1	NA	NA	NA	NA	NA	NA	NA	NA	NA	NA	4	2	1	NA	NA	NA	5	1	4
15	54474371	54486793	6	4	2	2	d	3	4	2	0.05	0.1	NA	NA	NA	4	2	1	NA	NA	NA	NA	NA	NA	NA	NA	NA	NA	4	2	1	NA	NA	NA	5	1	4
15	54486794	54486849	6	4	2	2	d	2	4	2	0.05	0.1	NA	NA	NA	4	2	1	NA	NA	NA	NA	NA	NA	NA	NA	NA	NA	NA	NA	NA	NA	NA	NA	5	1	4
15	54486850	54493927	2	2	0	1	g	NA	2	0	0.05	0.1	NA	NA	NA	4	2	1	NA	NA	NA	NA	NA	NA	NA	NA	NA	NA	NA	NA	NA	NA	NA	NA	4	1	3
15	54493928	54508291	2	2	0	2	d	3	2	0	0.05	0.1	NA	NA	NA	2	0	1	NA	NA	NA	NA	NA	NA	NA	NA	NA	NA	3	0	1	NA	NA	NA	2	0	2
15	54508292	54763552	2	2	0	2	d	4	2	0	0.0527467217114	0.41251072159	2.257265	0.069992382	2.18727282	2	0	1	NA	NA	NA	NA	NA	NA	NA	NA	NA	NA	2	0	1	NA	NA	NA	2	0	2
15	54763553	54772999	2	2	0	2	f	3	2	0	0.05	0.1	2.257265	0.069992382	2.18727282	5	2	1	NA	NA	NA	NA	NA	NA	NA	NA	NA	NA	2	0	1	NA	NA	NA	3	1	2
15	54773000	54812367	2	2	0	2	d	4	2	0	0.05	0.1	2.283737	0.101792015	2.18194466	2	0	1	NA	NA	NA	NA	NA	NA	NA	NA	NA	NA	2	0	1	NA	NA	NA	2	0	2
15	54812368	59343019	4	2	2	3	b	5	2	2	0.0464802446298	0.154402073079	4	2	2	2	2	1	NA	NA	NA	NA	NA	NA	NA	NA	NA	NA	2	2	1	NA	NA	NA	4	2	2
15	59343020	65128983	2	2	0	3	b	5	2	0	0.0584211234946	0.103380118015	2	0	2	2	0	1	NA	NA	NA	NA	NA	NA	NA	NA	NA	NA	2	0	1	NA	NA	NA	2	0	2
15	65128984	100338800	4	2	2	3	b	5	2	2	0.0403990510695	0.172633075999	4	2	2	2	2	1	NA	NA	NA	NA	NA	NA	NA	NA	NA	NA	2	2	1	NA	NA	NA	4	2	2
15	100338801	102362957	4	2	2	2	d	4	NA	NA	NA	NA	4	2	2	2	2	1	NA	NA	NA	NA	NA	NA	NA	NA	NA	NA	2	2	1	NA	NA	NA	4	2	2
16	84170	955025	5	3	2	2	e	4	4	2	0.0610403411729	0.303523976445	5.346993	2.001913462	3.34507926	3	1	0.256598194966917	3	2	0.743401805033084	0.0332353447075111	0.0328697370065781	0.175792144164123	0.298082580530915	NA	NA	NA	4	2	0.375264	3	2	0.624736	5	2	3
16	955026	1080793	2	2	0	2	d	4	2	0	0.0604023842976	0.449381148021	2.238382	0.003379135	2.23500315	2	0	1	NA	NA	NA	NA	NA	NA	NA	NA	NA	NA	2	0	1	NA	NA	NA	2	0	2
16	1080794	2197522	4	2	2	2	d	3	2	2	0.0381803953527	0.211526696815	3.818385	1.909192572	1.90919257	1	1	0.925223581491338	2	1	0.074776418508662	0.0183000682411971	0.0180525819470588	0.870437345093467	0.941229086016393	NA	NA	NA	2	2	1	NA	NA	NA	4	2	2
16	2197523	2570176	2	2	0	2	d	3	2	0	0.05	0.105537753853	3.818385	1.909192572	1.90919257	1	0	0.389532796937152	2	0	0.610467203062848	1.0727489917985	0.341879133729952	0.605052127279763	1.92924468408218	NA	NA	NA	2	0	1	NA	NA	NA	2	0	2
16	2570177	4561415	4	2	2	3	b	5	2	2	0.0420105125189	0.163440572051	4	2	2	2	2	1	NA	NA	NA	NA	NA	NA	NA	NA	NA	NA	2	2	1	NA	NA	NA	4	2	2
16	4561416	4580899	4	2	2	1	g	NA	2	2	0.05	0.1	4	2	2	3	0	1	NA	NA	NA	NA	NA	NA	NA	NA	NA	NA	2	0	1	NA	NA	NA	2	0	2
16	4580900	4588937	2	2	0	1	h	1	NA	NA	NA	NA	NA	NA	NA	1	0	0.236136058448398	1	1	0.763863941551602	NA	0	0.236136058448398	0.236136058448398	NA	NA	NA	2	0	1	NA	NA	NA	3	1	2
16	4588938	4609552	2	2	0	1	h	1	NA	NA	NA	NA	NA	NA	NA	NA	NA	NA	NA	NA	NA	NA	NA	NA	NA	NA	NA	NA	2	0	1	NA	NA	NA	3	1	2
16	4609553	4609637	2	2	0	1	h	1	NA	NA	NA	NA	NA	NA	NA	NA	NA	NA	NA	NA	NA	NA	NA	NA	NA	NA	NA	NA	2	0	1	NA	NA	NA	NA	NA	NA
16	4609638	4610047	2	2	0	1	h	1	NA	NA	NA	NA	NA	NA	NA	NA	NA	NA	NA	NA	NA	NA	NA	NA	NA	NA	NA	NA	2	0	1	NA	NA	NA	NA	NA	NA
16	4610048	7716945	2	2	0	3	b	5	2	0	0.0697904881698	0.106495865067	2	0	2	2	0	1	NA	NA	NA	NA	NA	NA	NA	NA	NA	NA	2	0	1	NA	NA	NA	2	0	2
16	7716946	10897506	4	2	2	3	b	5	2	2	0.0424816977108	0.157175347999	4	2	2	2	2	1	NA	NA	NA	NA	NA	NA	NA	NA	NA	NA	2	2	1	NA	NA	NA	4	2	2
16	10897507	10898328	4	2	2	1	h	1	NA	NA	NA	NA	4	2	2	1	0	1	NA	NA	NA	NA	NA	NA	NA	NA	NA	NA	2	2	1	NA	NA	NA	2	0	2
16	10898329	10899250	4	2	2	1	h	1	NA	NA	NA	NA	NA	NA	NA	NA	NA	NA	NA	NA	NA	NA	NA	NA	NA	NA	NA	NA	2	2	1	NA	NA	NA	2	0	2
16	10899251	11153322	2	2	0	3	b	5	2	0	0.0424220583988	0.123896069667	2	0	2	2	0	1	NA	NA	NA	NA	NA	NA	NA	NA	NA	NA	2	0	1	NA	NA	NA	2	0	2
16	11153323	11407983	4	2	2	3	b	5	2	2	0.0524354629628	0.192512532967	4	2	2	2	2	1	NA	NA	NA	NA	NA	NA	NA	NA	NA	NA	2	2	1	NA	NA	NA	4	2	2
16	11407984	12307061	2	2	0	3	b	5	2	0	0.0748121582943	0.114951948609	2	0	2	2	0	1	NA	NA	NA	NA	NA	NA	NA	NA	NA	NA	2	0	1	NA	NA	NA	2	0	2
16	12307062	12318280	2	2	0	1	g	1	1	1	0.05	0.1	2	0	2	2	2	1	NA	NA	NA	NA	NA	NA	NA	NA	NA	NA	2	2	0.582261	2	1	0.417739	3	1	2
16	12318281	12318386	4	2	2	2	f	2	NA	NA	NA	NA	NA	NA	NA	2	2	1	NA	NA	NA	NA	NA	NA	NA	NA	NA	NA	2	2	0.582261	2	1	0.417739	5	2	3
16	12318387	12331924	4	2	2	1	h	1	NA	NA	NA	NA	NA	NA	NA	2	2	1	NA	NA	NA	NA	NA	NA	NA	NA	NA	NA	2	0	1	NA	NA	NA	5	2	3
16	12331925	25196737	2	2	0	3	b	5	2	0	0.0612504833557	0.263977114256	2	0	2	2	0	1	NA	NA	NA	NA	NA	NA	NA	NA	NA	NA	2	0	1	NA	NA	NA	2	0	2
16	25196738	25199380	2	2	0	2	d	4	NA	NA	NA	NA	2	0	2	2	0	1	NA	NA	NA	NA	NA	NA	NA	NA	NA	NA	2	0	1	NA	NA	NA	2	0	2
16	25199381	34599999	2	2	0	3	b	5	2	0	0.0680962921533	0.216692543262	2	0	2	2	0	1	NA	NA	NA	NA	NA	NA	NA	NA	NA	NA	2	0	1	NA	NA	NA	2	0	2
16	34600000	38599999	NA	NA	NA	NA	NA	NA	2	0	0.05	0.198933417847	2	0	2	2	0	0.958043015181817	2	1	0.0419569848181832	0.220528897264581	0.348783050024416	-0.569153824312562	0.740187428886939	NA	NA	NA	2	0	1	NA	NA	NA	3	0	3
16	38600000	46435401	4	2	2	2	f	1	1.89	1.89	0.05	0.136030046815	NA	NA	NA	NA	NA	NA	NA	NA	NA	NA	NA	NA	NA	NA	NA	NA	2	0	1	NA	NA	NA	3	0	3
16	46435402	51949414	4	2	2	2	d	2	1.89	1.89	0.0494566838506	0.161698466376	3.653398	1.826698947	1.82669895	2	1	0.331938514560538	2	2	0.668061485439462	0.007918652017332	0.0079961618025581	0.316676792106053	0.348280994545896	NA	NA	NA	2	2	1	NA	NA	NA	4	2	2
16	51949415	59041248	4	2	2	2	d	2	1.89	1.89	0.0529207991631	0.158583974347	3.67189	1.835944956	1.83594496	2	1	0.331938514560538	2	2	0.668061485439462	0.007918652017332	0.0079961618025581	0.316676792106053	0.348280994545896	NA	NA	NA	2	2	1	NA	NA	NA	4	2	2
16	59041249	59046517	4	2	2	2	e	3	1.89	1.89	0.05	0.1	3.67189	1.835944956	1.83594496	4	2	1	NA	NA	NA	NA	NA	NA	NA	NA	NA	NA	2	2	1	NA	NA	NA	5	1	4
16	59046518	59082096	4	2	2	2	f	2	1.89	1.89	0.05	0.1	NA	NA	NA	NA	NA	NA	NA	NA	NA	NA	NA	NA	NA	NA	NA	NA	2	2	1	NA	NA	NA	5	1	4
16	59082097	59532925	4	2	2	2	d	2	1.89	1.89	0.05	0.161023024156	3.69927	1.703249318	1.99602087	2	1	0.22686621547029	2	2	0.77313378452971	0.0905366848836782	0.0863646441107813	0.0988790762774489	0.444153059678055	NA	NA	NA	2	2	1	NA	NA	NA	4	2	2
16	59532926	61324193	6	4	2	2	e	5	4	1.57	0.0497252934978	0.205544836617	5.607528	1.640363567	3.96716453	4	1	0.379985607738744	4	2	0.620014392261256	0.0203996093854192	0.0202952104180864	0.284524020946517	0.364258582338543	NA	NA	NA	4	2	0.634054	4	1	0.365946	6	2	4
16	61324194	61326326	6	4	2	2	f	3	NA	NA	NA	NA	5.607528	1.640363567	3.96716453	NA	NA	NA	NA	NA	NA	NA	NA	NA	NA	NA	NA	NA	4	2	0.634054	4	1	0.365946	6	2	4
16	61326327	61982347	4	2	2	2	d	2	1.8	1.7	0.0520221158348	0.133871363035	3.613906	1.806953077	1.80695308	2	1	0.249552837017316	2	2	0.750447162982684	0.0323437472069273	0.0318301226933885	0.180427779045898	0.303550430055605	NA	NA	NA	2	2	1	NA	NA	NA	4	2	2
16	61982348	63622376	6	4	2	2	e	4	4	1.57	0.0494801550992	0.202512058652	5.674696	1.663959939	4.01073636	4	1	0.361104973617754	4	2	0.638895026382246	0.0183459004211628	0.0184059477722222	0.305697164625323	0.37691932360734	NA	NA	NA	5	2	0.764905	4	2	0.235095	6	2	4
16	63622377	73206359	4	2	2	2	d	3	2	2	0.0516078383316	0.167081381252	3.698337	1.849168423	1.84916842	2	1	0.32200366066751	2	2	0.67799633933249	0.0112989245289803	0.0113998784868204	0.301696385350324	0.347304783791514	NA	NA	NA	2	2	1	NA	NA	NA	4	2	2
16	73206360	74758837	5	3	2	2	e	0	1.7	0	0.0698136597381	0.11843626092	1.709086	0.028913184	1.68017309	1	0	0.265650704393865	2	0	0.734349295606135	0.060230735230232	0.0508337078765256	0.348283481849777	0.548070608888301	NA	NA	NA	2	2	1	NA	NA	NA	2	0	2
16	74758838	74759108	2	2	0	2	f	1	1.7	0	0.05	0.1	1.709086	0.028913184	1.68017309	3	0	0.136156226216945	3	1	0.863843773783055	NA	0	0.136156226216945	0.136156226216945	NA	NA	NA	NA	NA	NA	NA	NA	NA	4	1	3
16	74759109	74759152	2	2	0	2	f	1	1.7	0	0.05	0.1	NA	NA	NA	NA	NA	NA	NA	NA	NA	NA	NA	NA	NA	NA	NA	NA	NA	NA	NA	NA	NA	NA	4	1	3
16	74759153	85658045	2	2	0	2	e	3	1.7	0	0.0699714728525	0.0989404748982	1.668162	0.017700463	1.65046135	1	0	0.422924987441431	2	0	0.577075012558569	0.00964085303769902	0.00945998944371378	0.404597894087726	0.441076660045907	NA	NA	NA	1	0	1	NA	NA	NA	2	0	2
16	85658046	85658325	1	1	0	2	f	3	NA	NA	NA	NA	1.668162	0.017700463	1.65046135	1	0	0.422924987441431	2	0	0.577075012558569	0.00964085303769902	0.00945998944371378	0.404597894087726	0.441076660045907	NA	NA	NA	1	0	1	NA	NA	NA	2	0	2
16	85658326	88978116	2	2	0	2	e	3	1.7	0	0.0781267706625	0.0956134269956	1.674992	0.019013924	1.65597788	1	0	0.422924987441431	2	0	0.577075012558569	0.00964085303769902	0.00945998944371378	0.404597894087726	0.441076660045907	NA	NA	NA	1	0	1	NA	NA	NA	2	0	2
16	88978117	90354752	4	2	2	2	d	2	NA	NA	NA	NA	3.648305	1.824152711	1.82415271	2	1	0.325503700457375	2	2	0.674496299542625	0.0268682969761475	0.02635866616339	0.290104552336053	0.396775442956465	NA	NA	NA	2	2	1	NA	NA	NA	4	2	2
17	12500	7589229	2	2	0	3	b	5	2	0	0.0639983386977	0.113346516974	2	0	2	2	0	1	NA	NA	NA	NA	NA	NA	NA	NA	NA	NA	2	0	1	NA	NA	NA	2	0	2
17	7589230	7589304	2	2	0	3	b	5	2	0	0.05	0.1	2	0	2	2	0	1	NA	NA	NA	NA	NA	NA	NA	NA	NA	NA	2	0	1	NA	NA	NA	2	0	2
17	7589305	10426265	2	2	0	3	b	5	2	0	0.0647999986097	0.136171100707	2	0	2	2	0	1	NA	NA	NA	NA	NA	NA	NA	NA	NA	NA	2	0	1	NA	NA	NA	2	0	2
17	10426266	11629001	4	2	2	3	b	5	2	2	0.040586771476	0.191341512667	4	2	2	2	2	1	NA	NA	NA	NA	NA	NA	NA	NA	NA	NA	2	2	1	NA	NA	NA	4	2	2
17	11629002	11645081	42	21	21	1	g	NA	21	21	0.05	0.1	4	2	2	17	2	1	NA	NA	NA	NA	NA	NA	NA	NA	NA	NA	19	2	1	NA	NA	NA	19	1	18
17	11645082	11803601	35	33	2	1	g	NA	33	2	0.0218862526705	0.477566316175	19	2	17	17	2	1	NA	NA	NA	NA	NA	NA	NA	NA	NA	NA	19	2	1	NA	NA	NA	19	1	18
17	11803602	12496852	40	38	2	1	g	NA	38	2	0.0209925468903	0.613937195695	21	2	19	19	2	1	NA	NA	NA	NA	NA	NA	NA	NA	NA	NA	22	2	1	NA	NA	NA	21	1	20
17	12496853	12497098	40	38	2	1	g	NA	38	2	0.05	0.1	21	2	19	NA	NA	NA	NA	NA	NA	NA	NA	NA	NA	NA	NA	NA	22	2	1	NA	NA	NA	21	1	20
17	12497099	12499283	40	38	2	1	g	NA	38	2	0.05	0.1	NA	NA	NA	28	2	1	NA	NA	NA	NA	NA	NA	NA	NA	NA	NA	30	2	1	NA	NA	NA	24	1	23
17	12499284	12505420	40	38	2	1	g	NA	38	2	0.05	0.1	NA	NA	NA	20	2	1	NA	NA	NA	NA	NA	NA	NA	NA	NA	NA	30	2	1	NA	NA	NA	19	1	18
17	12505421	12505852	32	30	2	1	h	1	NA	NA	NA	NA	NA	NA	NA	NA	NA	NA	NA	NA	NA	NA	NA	NA	NA	NA	NA	NA	30	2	1	NA	NA	NA	19	1	18
17	12505853	12507863	56	54	2	1	g	NA	54	2	0.05	0.1	NA	NA	NA	26	3	1	NA	NA	NA	NA	NA	NA	NA	NA	NA	NA	30	2	1	NA	NA	NA	26	1	25
17	12507864	12532353	56	54	2	1	g	NA	54	2	0.05	0.1	28.71699	2.008689184	26.70830085	27	2	1	NA	NA	NA	NA	NA	NA	NA	NA	NA	NA	30	2	1	NA	NA	NA	30	1	29
17	12532354	12780574	15	13	2	2	f	2	26	2	0.0269849248444	0.661959884117	15.7529	2.114885887	13.63801422	13	2	1	NA	NA	NA	NA	NA	NA	NA	NA	NA	NA	15	2	1	NA	NA	NA	16	1	15
17	12780575	12838606	18	16	2	1	g	NA	16	2	0.032468555598	0.341422729368	10	2	8	8	2	1	NA	NA	NA	NA	NA	NA	NA	NA	NA	NA	9	2	1	NA	NA	NA	9	1	8
17	12838607	13440026	10	8	2	2	d	3	16	2	0.044369263444	0.278172172331	10	2	8	8	2	1	NA	NA	NA	NA	NA	NA	NA	NA	NA	NA	9	2	1	NA	NA	NA	10	2	8
17	13440027	13443731	10	8	2	2	d	3	23	2	0.05	0.1	10	2	8	8	2	1	NA	NA	NA	NA	NA	NA	NA	NA	NA	NA	13	2	1	NA	NA	NA	10	2	8
17	13443732	13813786	25	23	2	1	g	NA	23	2	0.0297712154258	0.384338203893	13.74495	2.100776961	11.64417349	12	2	1	NA	NA	NA	NA	NA	NA	NA	NA	NA	NA	13	2	1	NA	NA	NA	12	1	11
17	13813787	13813862	8	6	2	1	g	NA	6	2	0.05	0.1	13.74495	2.100776961	11.64417349	NA	NA	NA	NA	NA	NA	NA	NA	NA	NA	NA	NA	NA	13	2	1	NA	NA	NA	12	1	11
17	13813863	13814792	8	6	2	2	d	2	6	2	0.05	0.1	NA	NA	NA	NA	NA	NA	NA	NA	NA	NA	NA	NA	NA	NA	NA	NA	6	2	1	NA	NA	NA	NA	NA	NA
17	13814793	14454001	8	6	2	2	d	4	6	2	0.0448607554334	0.265063827476	7.836669	2.051633214	5.78503583	6	2	1	NA	NA	NA	NA	NA	NA	NA	NA	NA	NA	6	2	1	NA	NA	NA	8	2	6
17	14454002	14663658	9	7	2	2	f	2	15	2	0.0383715403656	0.229119168862	9.804441	2.051332264	7.7531089	8	2	1	NA	NA	NA	NA	NA	NA	NA	NA	NA	NA	6	2	1	NA	NA	NA	9	2	7
17	14663659	15717868	8	6	2	2	d	3	6	2	0.0541006283101	0.465274969767	7.941731	2.069427136	5.87230381	6	2	1	NA	NA	NA	NA	NA	NA	NA	NA	NA	NA	NA	NA	NA	NA	NA	NA	8	2	6
17	15717869	15744116	8	6	2	1	h	1	NA	NA	NA	NA	7.941731	2.069427136	5.87230381	20	2	1	NA	NA	NA	NA	NA	NA	NA	NA	NA	NA	27	3	1	NA	NA	NA	22	1	21
17	15744117	15789993	4	4	0	1	h	1	NA	NA	NA	NA	NA	NA	NA	4	0	1	NA	NA	NA	NA	NA	NA	NA	NA	NA	NA	27	3	1	NA	NA	NA	24	2	22
17	15789994	15814810	25	21	4	1	h	1	NA	NA	NA	NA	NA	NA	NA	21	4	1	NA	NA	NA	NA	NA	NA	NA	NA	NA	NA	27	3	1	NA	NA	NA	24	2	22
17	15814811	15829587	35	31	4	1	h	1	NA	NA	NA	NA	NA	NA	NA	31	4	1	NA	NA	NA	NA	NA	NA	NA	NA	NA	NA	27	3	1	NA	NA	NA	25	2	23
17	15829588	15831182	30	27	3	1	h	1	NA	NA	NA	NA	NA	NA	NA	NA	NA	NA	NA	NA	NA	NA	NA	NA	NA	NA	NA	NA	27	3	1	NA	NA	NA	25	2	23
17	15831183	15900529	23	21	2	1	h	1	NA	NA	NA	NA	NA	NA	NA	21	2	1	NA	NA	NA	NA	NA	NA	NA	NA	NA	NA	27	3	1	NA	NA	NA	22	1	21
17	15900530	16059091	54	52	2	1	g	NA	52	2	0.05	0.680209397915	NA	NA	NA	27	2	1	NA	NA	NA	NA	NA	NA	NA	NA	NA	NA	27	3	1	NA	NA	NA	29	1	28
17	16059092	16180911	54	52	2	1	g	NA	52	2	0.05	0.707117750066	NA	NA	NA	24	2	0.687740533275863	24	3	0.312259466724137	0.0728589300639028	0.0723617641424506	0.639729927736229	0.915356396514232	NA	NA	NA	27	3	1	NA	NA	NA	28	1	27
17	16180912	16464973	54	52	2	1	g	NA	52	2	0.0190642173347	0.580449337151	28.923126	2.085755848	26.8373702	27	2	1	NA	NA	NA	NA	NA	NA	NA	NA	NA	NA	30	2	1	NA	NA	NA	30	1	29
17	16464974	16465116	29	27	2	1	h	1	NA	NA	NA	NA	28.923126	2.085755848	26.8373702	NA	NA	NA	NA	NA	NA	NA	NA	NA	NA	NA	NA	NA	30	2	1	NA	NA	NA	30	1	29
17	16465117	16465209	32	30	2	1	h	1	NA	NA	NA	NA	NA	NA	NA	NA	NA	NA	NA	NA	NA	NA	NA	NA	NA	NA	NA	NA	30	2	1	NA	NA	NA	NA	NA	NA
17	16465210	16548328	38	36	2	1	h	1	NA	NA	NA	NA	NA	NA	NA	36	2	1	NA	NA	NA	NA	NA	NA	NA	NA	NA	NA	28	2	1	NA	NA	NA	41	1	40
17	16548329	16701025	28	26	2	1	h	1	NA	NA	NA	NA	NA	NA	NA	26	2	1	NA	NA	NA	NA	NA	NA	NA	NA	NA	NA	28	2	1	NA	NA	NA	28	1	27
17	16701026	16763439	2	1	1	1	g	NA	1	1	0.05	0.1	NA	NA	NA	30	2	1	NA	NA	NA	NA	NA	NA	NA	NA	NA	NA	10	5	1	NA	NA	NA	28	1	27
17	16763440	16849425	57	55	2	1	g	NA	55	2	0.05	1.41224147999	30.917968	2.153179313	28.76478873	29	2	1	NA	NA	NA	NA	NA	NA	NA	NA	NA	NA	32	2	1	NA	NA	NA	28	1	27
17	16849426	16940537	70	68	2	1	g	NA	68	2	0.05	0.1	37.160727	2.177668804	34.98305825	36	2	1	NA	NA	NA	NA	NA	NA	NA	NA	NA	NA	39	2	1	NA	NA	NA	35	1	34
17	16940538	16940625	70	68	2	1	g	NA	68	2	0.05	0.1	37.160727	2.177668804	34.98305825	NA	NA	NA	NA	NA	NA	NA	NA	NA	NA	NA	NA	NA	39	2	1	NA	NA	NA	35	1	34
17	16940626	17091603	70	68	2	1	g	NA	68	2	0.05	1.27005777362	34.892781	1.961456367	32.93132466	34	2	1	NA	NA	NA	NA	NA	NA	NA	NA	NA	NA	37	2	1	NA	NA	NA	34	0	34
17	17091604	17295744	82	80	2	1	g	NA	80	2	0.0115845928702	1.05469715371	40.024746	2.130063937	37.89468203	39	2	1	NA	NA	NA	NA	NA	NA	NA	NA	NA	NA	42	2	1	NA	NA	NA	41	0	41
17	17295745	17316055	82	80	2	1	g	NA	80	2	0.05	0.1	40.024746	2.130063937	37.89468203	39	2	1	NA	NA	NA	NA	NA	NA	NA	NA	NA	NA	42	2	1	NA	NA	NA	49	1	48
17	17316056	17877739	82	80	2	1	g	NA	80	2	0.0104461136669	1.15595065058	40.269986	2.05523688	38.21474939	39	2	1	NA	NA	NA	NA	NA	NA	NA	NA	NA	NA	42	2	1	NA	NA	NA	40	0	40
17	17877740	17877783	56	54	2	1	g	NA	54	2	0.05	0.1	40.269986	2.05523688	38.21474939	NA	NA	NA	NA	NA	NA	NA	NA	NA	NA	NA	NA	NA	42	2	1	NA	NA	NA	30	1	29
17	17877784	18053937	56	54	2	1	g	NA	54	2	0.05	0.690955442736	NA	NA	NA	26	2	1	NA	NA	NA	NA	NA	NA	NA	NA	NA	NA	30	2	1	NA	NA	NA	30	1	29
17	18053938	18053963	56	54	2	1	g	NA	54	2	0.05	0.1	NA	NA	NA	26	2	1	NA	NA	NA	NA	NA	NA	NA	NA	NA	NA	30	2	1	NA	NA	NA	30	1	29
17	18053964	18054555	56	54	2	1	g	NA	54	2	0.05	0.1	NA	NA	NA	26	2	1	NA	NA	NA	NA	NA	NA	NA	NA	NA	NA	30	2	1	NA	NA	NA	NA	NA	NA
17	18054556	18801716	56	54	2	1	g	NA	54	2	0.0174650240033	2.18221984687	26.607472	1.950081572	24.65739047	26	2	1	NA	NA	NA	NA	NA	NA	NA	NA	NA	NA	31	2	1	NA	NA	NA	26	1	25
17	18801717	18851715	27	25	2	2	f	2	54	2	0.05	0.1	26.607472	1.950081572	24.65739047	25	2	1	NA	NA	NA	NA	NA	NA	NA	NA	NA	NA	28	2	1	NA	NA	NA	26	1	25
17	18851716	18988007	56	54	2	1	g	NA	54	2	0.05	0.674724160043	NA	NA	NA	27	2	1	NA	NA	NA	NA	NA	NA	NA	NA	NA	NA	29	2	1	NA	NA	NA	26	1	25
17	18988008	19487843	37	35	2	1	g	NA	35	2	0.015016933724	0.547083925192	19.339499	2.04803435	17.29146433	18	2	1	NA	NA	NA	NA	NA	NA	NA	NA	NA	NA	19	2	1	NA	NA	NA	26	1	25
17	19487844	19488848	19	17	2	1	h	1	NA	NA	NA	NA	19.339499	2.04803435	17.29146433	18	3	0.426512128735081	18	4	0.573487871264919	NA	0	0.426512128735081	0.426512128735081	NA	NA	NA	19	2	1	NA	NA	NA	17	2	15
17	19488849	19613130	19	17	2	2	f	2	33	2	0.05	0.89517871803	19.731944	2.177181541	17.55476214	17	2	1	NA	NA	NA	NA	NA	NA	NA	NA	NA	NA	20	2	1	NA	NA	NA	19	1	18
17	19613131	19613199	33	31	2	1	g	NA	31	2	0.05	0.1	19.731944	2.177181541	17.55476214	NA	NA	NA	NA	NA	NA	NA	NA	NA	NA	NA	NA	NA	20	2	1	NA	NA	NA	19	1	18
17	19613200	20617984	17	15	2	2	f	2	31	2	0.0251329459756	0.65312486657	17.214655	2.046959911	15.16769557	15	2	1	NA	NA	NA	NA	NA	NA	NA	NA	NA	NA	17	2	1	NA	NA	NA	17	1	16
17	20617985	21144073	22	20	2	1	g	NA	20	2	0.0370096449595	0.769409518443	12	2	10	10	2	1	NA	NA	NA	NA	NA	NA	NA	NA	NA	NA	11	2	1	NA	NA	NA	13	2	11
17	21144074	21322499	39	37	2	1	g	NA	37	2	0.05	0.636095905062	12	2	10	NA	NA	NA	NA	NA	NA	NA	NA	NA	NA	NA	NA	NA	18	3	1	NA	NA	NA	18	1	17
17	21322500	21697001	32	30	2	1	g	NA	30	2	0.05	1.02009273188	NA	NA	NA	18	2	1	NA	NA	NA	NA	NA	NA	NA	NA	NA	NA	20	2	1	NA	NA	NA	18	1	17
17	21697002	21907499	44	42	2	1	g	NA	42	2	0.05	1.18532232557	NA	NA	NA	23	2	1	NA	NA	NA	NA	NA	NA	NA	NA	NA	NA	24	2	1	NA	NA	NA	18	1	17
17	21907500	21919798	5	3	2	1	g	NA	3	2	0.05	0.1	NA	NA	NA	3	2	1	NA	NA	NA	NA	NA	NA	NA	NA	NA	NA	24	2	1	NA	NA	NA	9	3	6
17	21919799	21919995	5	3	2	1	g	NA	3	2	0.05	0.1	NA	NA	NA	NA	NA	NA	NA	NA	NA	NA	NA	NA	NA	NA	NA	NA	NA	NA	NA	NA	NA	NA	9	3	6
17	21919996	21923190	5	3	2	1	g	NA	3	2	0.05	0.1	NA	NA	NA	5	3	1	NA	NA	NA	NA	NA	NA	NA	NA	NA	NA	NA	NA	NA	NA	NA	NA	6	2	4
17	21923191	22199999	6	4	2	2	d	2	3	2	0.05	0.576683180603	NA	NA	NA	4	2	1	NA	NA	NA	NA	NA	NA	NA	NA	NA	NA	NA	NA	NA	NA	NA	NA	6	2	4
17	22200000	25799999	NA	NA	NA	NA	NA	NA	1.89	1.89	0.0364003539185	0.424738969915	4	2	2	NA	NA	NA	NA	NA	NA	NA	NA	NA	NA	NA	NA	NA	2	2	1	NA	NA	NA	4	2	2
17	25800000	28655321	4	2	2	2	d	4	1.89	1.89	0.0422994079679	0.176060354348	4	2	2	2	2	1	NA	NA	NA	NA	NA	NA	NA	NA	NA	NA	2	2	1	NA	NA	NA	4	2	2
17	28655322	36840464	2	2	0	3	b	5	2	0	0.0630444991546	0.206137153986	2	0	2	2	0	1	NA	NA	NA	NA	NA	NA	NA	NA	NA	NA	2	0	1	NA	NA	NA	2	0	2
17	36840465	36845433	2	2	0	2	d	2	NA	NA	NA	NA	2	0	2	NA	NA	NA	NA	NA	NA	NA	NA	NA	NA	NA	NA	NA	2	2	1	NA	NA	NA	2	0	2
17	36845434	36845510	4	2	2	2	d	2	NA	NA	NA	NA	NA	NA	NA	NA	NA	NA	NA	NA	NA	NA	NA	NA	NA	NA	NA	NA	2	2	1	NA	NA	NA	4	2	2
17	36845511	49547808	4	2	2	2	d	4	1.89	1.89	0.0412871295194	0.177731385604	4	2	2	2	2	1	NA	NA	NA	NA	NA	NA	NA	NA	NA	NA	2	2	1	NA	NA	NA	4	2	2
17	49547809	78774600	6	4	2	2	d	4	4	1.89	0.0541601831104	0.240384134885	6	2	4	4	2	1	NA	NA	NA	NA	NA	NA	NA	NA	NA	NA	4	2	1	NA	NA	NA	6	2	4
17	78774601	81195209	6	4	2	2	d	3	NA	NA	NA	NA	5.86015	1.964722918	3.89542739	4	2	1	NA	NA	NA	NA	NA	NA	NA	NA	NA	NA	4	2	1	NA	NA	NA	6	2	4
18	35021	104628	4	2	2	2	f	2	NA	NA	NA	NA	NA	NA	NA	NA	NA	NA	NA	NA	NA	NA	NA	NA	NA	NA	NA	NA	2	2	0.201145	2	1	0.798855	4	2	2
18	104629	15399999	4	2	2	3	b	5	2	2	0.039862428424	0.183536953531	4	2	2	2	2	1	NA	NA	NA	NA	NA	NA	NA	NA	NA	NA	2	2	1	NA	NA	NA	4	2	2
18	15400000	18999999	4	2	2	3	b	5	2	2	0.036094525926	0.148118447132	4	2	2	2	2	1	NA	NA	NA	NA	NA	NA	NA	NA	NA	NA	2	2	1	NA	NA	NA	4	2	2
18	19000000	76117000	4	2	2	2	d	4	2	2	0.0408794721498	0.164106758002	3.892054	1.946027006	1.94602701	2	2	1	NA	NA	NA	NA	NA	NA	NA	NA	NA	NA	2	2	1	NA	NA	NA	4	2	2
18	76117001	78077247	4	2	2	2	d	3	NA	NA	NA	NA	3.850959	1.925479315	1.92547931	2	2	1	NA	NA	NA	NA	NA	NA	NA	NA	NA	NA	2	2	1	NA	NA	NA	4	2	2
19	102500	281359	4	2	2	2	d	3	1.89	1.89	0.05	0.1	NA	NA	NA	2	2	1	NA	NA	NA	NA	NA	NA	NA	NA	NA	NA	2	2	1	NA	NA	NA	4	2	2
19	281360	24399999	4	2	2	2	d	4	1.89	1.89	0.0427971641818	0.1774152888	4	2	2	2	2	1	NA	NA	NA	NA	NA	NA	NA	NA	NA	NA	2	2	1	NA	NA	NA	4	2	2
19	24400000	28599999	4	2	2	2	d	3	1.89	1.89	0.0350514250801	0.218326110307	4.143634	2.071816766	2.07181677	2	2	1	NA	NA	NA	NA	NA	NA	NA	NA	NA	NA	2	2	1	NA	NA	NA	4	2	2
19	28600000	59128982	4	2	2	2	d	4	1.89	1.89	0.0428982018824	0.184225249506	4	2	2	2	2	1	NA	NA	NA	NA	NA	NA	NA	NA	NA	NA	2	2	1	NA	NA	NA	4	2	2
20	17500	25599999	4	2	2	2	d	3	1.8	1.8	0.0423072391035	0.152788618993	3.896451	1.948225607	1.94822561	2	2	1	NA	NA	NA	NA	NA	NA	NA	NA	NA	NA	2	2	1	NA	NA	NA	4	2	2
20	25600000	29399999	4	2	2	2	d	3	1.8	1.8	0.0376759389627	0.342090676946	3.896451	1.948225607	1.94822561	2	2	1	NA	NA	NA	NA	NA	NA	NA	NA	NA	NA	2	2	1	NA	NA	NA	4	2	2
20	29400000	62450007	4	2	2	2	d	3	1.7	1.7	0.0429526801634	0.150867961445	3.845499	1.922749467	1.92274947	2	2	1	NA	NA	NA	NA	NA	NA	NA	NA	NA	NA	2	2	1	NA	NA	NA	4	2	2
21	1	10899999	NA	NA	NA	NA	NA	NA	NA	NA	NA	NA	NA	NA	NA	NA	NA	NA	NA	NA	NA	NA	NA	NA	NA	NA	NA	NA	NA	NA	NA	NA	NA	NA	NA	NA	NA
21	10900000	14447001	NA	NA	NA	NA	NA	NA	NA	NA	NA	NA	NA	NA	NA	NA	NA	NA	NA	NA	NA	NA	NA	NA	NA	NA	NA	NA	NA	NA	NA	NA	NA	NA	NA	NA	NA
21	14447002	46937500	4	2	2	2	d	4	2	2	0.0405856291675	0.171610889399	4	2	2	2	2	1	NA	NA	NA	NA	NA	NA	NA	NA	NA	NA	2	2	1	NA	NA	NA	NA	NA	NA
21	46937501	47745676	4	2	2	2	d	3	NA	NA	NA	NA	4	2	2	2	2	1	NA	NA	NA	NA	NA	NA	NA	NA	NA	NA	2	2	1	NA	NA	NA	NA	NA	NA
22	1	12199999	4	2	2	1	h	1	NA	NA	NA	NA	NA	NA	NA	NA	NA	NA	NA	NA	NA	NA	NA	NA	NA	NA	NA	NA	NA	NA	NA	NA	NA	NA	4	2	2
22	12200000	17899999	4	2	2	2	d	2	4	2	0.0506252221414	0.512107873178	4	2	2	2	1	0.260423736092753	2	2	0.739576263907247	0.0412330424916179	0.039045076101337	0.297160398783842	0.451972451527748	NA	NA	NA	2	2	0.201145	2	1	0.798855	4	2	2
22	17900000	25614274	4	2	2	2	d	4	1.89	1.89	0.0409504950433	0.219826627174	4	2	2	2	2	1	NA	NA	NA	NA	NA	NA	NA	NA	NA	NA	2	2	1	NA	NA	NA	4	2	2
22	25614275	25635931	5	3	2	2	e	2	1.89	1.89	0.05	0.1	4	2	2	3	2	1	NA	NA	NA	NA	NA	NA	NA	NA	NA	NA	4	2	0.180596	3	2	0.819404	6	2	4
22	25635932	28888658	4	2	2	2	d	4	1.89	1.89	0.0406677321886	0.159690880966	4	2	2	2	2	1	NA	NA	NA	NA	NA	NA	NA	NA	NA	NA	2	2	1	NA	NA	NA	4	2	2
22	28888659	29070610	2	2	0	2	d	3	1.89	0	0.05	0.0657754215814	4	2	2	2	0	1	NA	NA	NA	NA	NA	NA	NA	NA	NA	NA	2	0	1	NA	NA	NA	2	0	2
22	29070611	43090000	2	2	0	2	d	4	1.89	0	0.0665441934861	0.111069632481	2	0	2	2	0	1	NA	NA	NA	NA	NA	NA	NA	NA	NA	NA	2	0	1	NA	NA	NA	2	0	2
22	43090001	48820731	4	2	2	2	d	4	1.89	1.89	0.0429782791217	0.158156386906	4	2	2	2	2	1	NA	NA	NA	NA	NA	NA	NA	NA	NA	NA	2	2	1	NA	NA	NA	4	2	2
22	48820732	48829592	4	2	2	2	d	4	1.89	1.89	0.05	0.1	4	2	2	2	2	1	NA	NA	NA	NA	NA	NA	NA	NA	NA	NA	2	2	1	NA	NA	NA	4	2	2
22	48829593	49687500	4	2	2	2	d	4	1.89	1.89	0.0556067209947	0.162331677948	4	2	2	2	2	1	NA	NA	NA	NA	NA	NA	NA	NA	NA	NA	2	2	1	NA	NA	NA	4	2	2
22	49687501	51304565	4	2	2	2	d	4	NA	NA	NA	NA	4	2	2	2	2	1	NA	NA	NA	NA	NA	NA	NA	NA	NA	NA	2	2	1	NA	NA	NA	4	2	2
X	1	58099999	4	2	2	2	d	3	1	1	0.0412227669159	0.204301689117	4	2	2	2	2	1	NA	NA	NA	NA	NA	NA	NA	NA	NA	NA	NA	NA	NA	NA	NA	NA	4	2	2
X	58100000	62999999	4	2	2	2	d	2	1	1	0.05	0.641854871604	4	2	2	NA	NA	NA	NA	NA	NA	NA	NA	NA	NA	NA	NA	NA	NA	NA	NA	NA	NA	NA	4	2	2
X	63000000	88462499	4	2	2	2	d	3	1	1	0.0426084573089	0.159034591543	4	2	2	2	2	1	NA	NA	NA	NA	NA	NA	NA	NA	NA	NA	NA	NA	NA	NA	NA	NA	4	2	2
X	88462500	154913600	4	2	2	2	d	2	1	1	0.0424396680696	0.164633808363	3.893533	1.946766402	1.9467664	2	2	1	NA	NA	NA	NA	NA	NA	NA	NA	NA	NA	NA	NA	NA	NA	NA	NA	4	2	2
