chromosome	start	end	total_cn	major_cn	minor_cn	star	level	methods_agree	absolute_broad_major_cn	absolute_broad_minor_cn	absolute_broad_het_error	absolute_broad_cov_error	aceseq_copy_number	aceseq_minor_cn	aceseq_major_cn	battenberg_nMaj1_A	battenberg_nMin1_A	battenberg_frac1_A	battenberg_nMaj2_A	battenberg_nMin2_A	battenberg_frac2_A	battenberg_SDfrac_A	battenberg_SDfrac_A_BS	battenberg_frac1_A_0.025	battenberg_frac1_A_0.975	clonehd_copy_number	clonehd_minor_cn	clonehd_major_cn	sclust_nMaj1_A	sclust_nMin1_A	sclust_frac1_A	sclust_nMaj2_A	sclust_nMin2_A	sclust_frac2_A	jabba_copy_number	jabba_minor_cn	jabba_major_cn
1	10001	790008	2	1	1	2	d	4	1	1	0.05	0.557954768141	NA	NA	NA	1	1	1	NA	NA	NA	NA	NA	NA	NA	NA	NA	NA	1	1	1	NA	NA	NA	2	1	1
1	790009	39880686	2	1	1	2	d	4	1	1	0.0427177369349	0.0696517042275	1.713541	0.8567705	0.8567705	1	1	1	NA	NA	NA	NA	NA	NA	NA	NA	NA	NA	1	1	1	NA	NA	NA	2	1	1
1	39880687	39885877	2	1	1	2	d	4	1	1	0.05	0.1	1.713541	0.8567705	0.8567705	1	1	1	NA	NA	NA	NA	NA	NA	NA	NA	NA	NA	1	1	1	NA	NA	NA	2	1	1
1	39885878	72603676	2	1	1	2	d	4	1	1	0.0403523970978	0.0591817894927	1.894765	0.9473827	0.9473827	1	1	1	NA	NA	NA	NA	NA	NA	NA	NA	NA	NA	1	1	1	NA	NA	NA	2	1	1
1	72603677	72935760	2	1	1	2	d	4	1	1	0.05	0.0632200094422	1.894765	0.9473827	0.9473827	1	1	1	NA	NA	NA	NA	NA	NA	NA	NA	NA	NA	1	1	1	NA	NA	NA	2	1	1
1	72935761	121499999	2	1	1	3	b	5	1	1	0.039294567565	0.0620199940853	2	1	1	1	1	1	NA	NA	NA	NA	NA	NA	NA	NA	NA	NA	1	1	1	NA	NA	NA	2	1	1
1	121500000	128899999	2	1	1	2	d	4	NA	NA	NA	NA	2	1	1	1	1	1	NA	NA	NA	NA	NA	NA	NA	NA	NA	NA	1	1	1	NA	NA	NA	2	1	1
1	128900000	145332052	2	1	1	2	d	4	1	1	0.05	0.163698142719	NA	NA	NA	1	1	1	NA	NA	NA	NA	NA	NA	NA	NA	NA	NA	1	1	1	NA	NA	NA	2	1	1
1	145332053	196687500	2	1	1	3	b	5	1	1	0.0420857740149	0.0687005801625	2	1	1	1	1	1	NA	NA	NA	NA	NA	NA	NA	NA	NA	NA	1	1	1	NA	NA	NA	2	1	1
1	196687501	247247500	2	1	1	2	d	4	1	1	0.0398572859879	0.0682256484652	1.746939	0.8734696	0.8734696	1	1	1	NA	NA	NA	NA	NA	NA	NA	NA	NA	NA	1	1	1	NA	NA	NA	2	1	1
1	247247501	249250620	2	1	1	2	d	3	NA	NA	NA	NA	1.739137	0.8695684	0.8695684	1	1	1	NA	NA	NA	NA	NA	NA	NA	NA	NA	NA	1	1	1	NA	NA	NA	2	1	1
2	20016	90499999	2	1	1	2	d	4	1	1	0.0410456555506	0.0646335914285	1.872608	0.9363042	0.9363042	1	1	1	NA	NA	NA	NA	NA	NA	NA	NA	NA	NA	1	1	1	NA	NA	NA	2	1	1
2	90500000	96799999	2	1	1	2	d	4	1	1	0.0476118404436	0.117257308597	1.627756	0.8138782	0.8138782	1	1	1	NA	NA	NA	NA	NA	NA	NA	NA	NA	NA	1	1	1	NA	NA	NA	2	1	1
2	96800000	242989444	2	1	1	2	d	4	1	1	0.0400547038976	0.0610462412777	1.88718	0.9435899	0.9435899	1	1	1	NA	NA	NA	NA	NA	NA	NA	NA	NA	NA	1	1	1	NA	NA	NA	2	1	1
3	100074	21392499	2	1	1	3	b	5	1	1	0.0417236354701	0.0618278792367	2	1	1	1	1	1	NA	NA	NA	NA	NA	NA	NA	NA	NA	NA	1	1	1	NA	NA	NA	2	1	1
3	21392500	21607499	3	2	1	2	e	3	2.52	1	0.0503011174605	0.138581796289	2	0	2	2	1	1	NA	NA	NA	NA	NA	NA	NA	NA	NA	NA	2	0	0.499461	2	1	0.500539	2	1	1
3	21607500	87899999	2	1	1	3	b	5	1	1	0.0403182300778	0.0615885579849	2	1	1	1	1	1	NA	NA	NA	NA	NA	NA	NA	NA	NA	NA	1	1	1	NA	NA	NA	2	1	1
3	87900000	93899999	2	1	1	2	d	4	1	1	0.0384656562912	0.0587553229021	2.493882	1.246941	1.246941	1	1	1	NA	NA	NA	NA	NA	NA	NA	NA	NA	NA	1	1	1	NA	NA	NA	2	1	1
3	93900000	198022429	2	1	1	3	b	5	1	1	0.0394695970135	0.0626491148495	2	1	1	1	1	1	NA	NA	NA	NA	NA	NA	NA	NA	NA	NA	1	1	1	NA	NA	NA	2	1	1
4	27500	48199999	2	1	1	3	b	5	1	1	0.04041467336	0.0644330478655	2	1	1	1	1	1	NA	NA	NA	NA	NA	NA	NA	NA	NA	NA	1	1	1	NA	NA	NA	2	1	1
4	48200000	52699999	2	1	1	2	d	4	1	1	0.0370251446557	0.143715350273	1.740788	0.870394	0.870394	1	1	1	NA	NA	NA	NA	NA	NA	NA	NA	NA	NA	1	1	1	NA	NA	NA	2	1	1
4	52700000	161967437	2	1	1	3	b	5	1	1	0.0404704888919	0.0633028273673	2	1	1	1	1	1	NA	NA	NA	NA	NA	NA	NA	NA	NA	NA	1	1	1	NA	NA	NA	2	1	1
4	161967438	162006915	2	1	1	2	d	2	NA	NA	NA	NA	2	1	1	2	1	1	NA	NA	NA	NA	NA	NA	NA	NA	NA	NA	2	0	0.38464	2	1	0.61536	2	1	1
4	162006916	191154275	2	1	1	2	d	4	1	1	0.0412763616846	0.0631357797542	1.660604	0.8303019	0.8303019	1	1	1	NA	NA	NA	NA	NA	NA	NA	NA	NA	NA	1	1	1	NA	NA	NA	2	1	1
5	14782	46099999	2	1	1	2	d	4	1	1	0.0394669575298	0.0710536551488	1.845861	0.9229306	0.9229306	1	1	1	NA	NA	NA	NA	NA	NA	NA	NA	NA	NA	1	1	1	NA	NA	NA	2	1	1
5	46100000	50699999	2	1	1	2	d	4	1	1	0.035565837548	0.0862264836164	4.215986	2.107993	2.107993	1	1	1	NA	NA	NA	NA	NA	NA	NA	NA	NA	NA	1	1	1	NA	NA	NA	2	1	1
5	50700000	180689978	2	1	1	3	b	5	1	1	0.0397860494113	0.0616254236869	2	1	1	1	1	1	NA	NA	NA	NA	NA	NA	NA	NA	NA	NA	1	1	1	NA	NA	NA	2	1	1
6	39681	242500	2	1	1	3	b	5	1	1	0.05	0.1	2	1	1	1	1	1	NA	NA	NA	NA	NA	NA	NA	NA	NA	NA	1	1	1	NA	NA	NA	2	1	1
6	242501	58699999	2	1	1	2	d	4	1	1	0.0423384361766	0.0633208027204	1.812199	0.9060997	0.9060997	1	1	1	NA	NA	NA	NA	NA	NA	NA	NA	NA	NA	1	1	1	NA	NA	NA	2	1	1
6	58700000	63299999	2	1	1	2	d	4	1	1	0.05	0.0918464644193	3.133536	1.5667679	1.5667679	1	1	1	NA	NA	NA	NA	NA	NA	NA	NA	NA	NA	1	1	1	NA	NA	NA	2	1	1
6	63300000	75845276	2	1	1	3	b	5	1	1	0.0392916509904	0.065273316704	2	1	1	1	1	1	NA	NA	NA	NA	NA	NA	NA	NA	NA	NA	1	1	1	NA	NA	NA	2	1	1
6	75845277	75845303	2	1	1	3	b	5	1	1	0.05	0.1	2	1	1	1	1	1	NA	NA	NA	NA	NA	NA	NA	NA	NA	NA	1	1	1	NA	NA	NA	2	1	1
6	75845304	82479997	2	1	1	2	d	4	1	1	0.0396514792819	0.0675097264845	2.103238	1.0516189	1.0516189	1	1	1	NA	NA	NA	NA	NA	NA	NA	NA	NA	NA	1	1	1	NA	NA	NA	2	1	1
6	82479998	82749910	2	1	1	2	d	4	1	1	0.0341133658593	0.0610159757523	3.417822	1.7089111	1.7089111	1	1	1	NA	NA	NA	NA	NA	NA	NA	NA	NA	NA	1	1	1	NA	NA	NA	2	1	1
6	82749911	170908493	2	1	1	2	d	4	1	1	0.0395773810487	0.0603213626639	1.84976	0.9248798	0.9248798	1	1	1	NA	NA	NA	NA	NA	NA	NA	NA	NA	NA	1	1	1	NA	NA	NA	2	1	1
7	40386	57999999	2	1	1	2	d	4	1	1	0.0406056679694	0.0708126474115	1.843321	0.9216605	0.9216605	1	1	1	NA	NA	NA	NA	NA	NA	NA	NA	NA	NA	1	1	1	NA	NA	NA	2	1	1
7	58000000	62460063	2	1	1	2	d	2	1	1	0.05	0.136373085231	7.789225	3.8946125	3.8946125	NA	NA	NA	NA	NA	NA	NA	NA	NA	NA	NA	NA	NA	2	2	1	NA	NA	NA	2	1	1
7	62460064	94049045	2	1	1	2	d	4	1	1	0.0399801977215	0.0641611513005	1.873244	0.9366218	0.9366218	1	1	1	NA	NA	NA	NA	NA	NA	NA	NA	NA	NA	1	1	1	NA	NA	NA	2	1	1
7	94049046	94049064	2	1	1	2	d	4	1	1	0.05	0.1	1.873244	0.9366218	0.9366218	1	1	1	NA	NA	NA	NA	NA	NA	NA	NA	NA	NA	1	1	1	NA	NA	NA	2	1	1
7	94049065	130626943	2	1	1	3	b	5	1	1	0.0404806688425	0.0609043382385	2	1	1	1	1	1	NA	NA	NA	NA	NA	NA	NA	NA	NA	NA	1	1	1	NA	NA	NA	2	1	1
7	130626944	130626956	2	1	1	3	b	5	1	1	0.05	0.1	2	1	1	1	1	1	NA	NA	NA	NA	NA	NA	NA	NA	NA	NA	1	1	1	NA	NA	NA	2	1	1
7	130626957	158817500	2	1	1	2	d	4	1	1	0.0416421763595	0.0648825317352	1.725249	0.8626247	0.8626247	1	1	1	NA	NA	NA	NA	NA	NA	NA	NA	NA	NA	1	1	1	NA	NA	NA	2	1	1
8	10001	161465	2	1	1	2	d	3	NA	NA	NA	NA	NA	NA	NA	1	1	1	NA	NA	NA	NA	NA	NA	NA	NA	NA	NA	1	1	1	NA	NA	NA	2	1	1
8	161466	43099999	2	1	1	2	d	4	1	1	0.042466021988	0.0647914058147	1.714161	0.8570806	0.8570806	1	1	1	NA	NA	NA	NA	NA	NA	NA	NA	NA	NA	1	1	1	NA	NA	NA	2	1	1
8	43100000	48099999	2	1	1	2	d	4	1	1	0.05	0.149321841259	4.319481	2.1597403	2.1597403	1	1	1	NA	NA	NA	NA	NA	NA	NA	NA	NA	NA	1	1	1	NA	NA	NA	2	1	1
8	48100000	146364021	2	1	1	3	b	5	1	1	0.0398993758509	0.0623202418239	2	1	1	1	1	1	NA	NA	NA	NA	NA	NA	NA	NA	NA	NA	1	1	1	NA	NA	NA	2	1	1
9	10001	219735	2	1	1	2	d	3	1	1	0.05	0.1	1.084617	0.5423084	0.5423084	1	1	1	NA	NA	NA	NA	NA	NA	NA	NA	NA	NA	1	0	0.522297	1	1	0.477703	2	1	1
9	219736	47299999	2	1	1	3	b	5	1	1	0.0398815453803	0.0654340842937	2	1	1	1	1	1	NA	NA	NA	NA	NA	NA	NA	NA	NA	NA	1	1	1	NA	NA	NA	2	1	1
9	47300000	50699999	2	1	1	2	d	4	1	1	0.05	0.1	2	1	1	NA	NA	NA	NA	NA	NA	NA	NA	NA	NA	NA	NA	NA	1	1	1	NA	NA	NA	2	1	1
9	50700000	66799971	2	1	1	2	d	3	1	1	0.05	0.140314605983	NA	NA	NA	NA	NA	NA	NA	NA	NA	NA	NA	NA	NA	NA	NA	NA	1	1	1	NA	NA	NA	2	1	1
9	66799972	140267500	2	1	1	2	d	4	1	1	0.0400903238831	0.0641883604534	1.837729	0.9188646	0.9188646	1	1	1	NA	NA	NA	NA	NA	NA	NA	NA	NA	NA	1	1	1	NA	NA	NA	2	1	1
10	95096	37999999	2	1	1	2	d	4	1	1	0.0417594184184	0.0684009666764	1.661892	0.8309459	0.8309459	1	1	1	NA	NA	NA	NA	NA	NA	NA	NA	NA	NA	1	1	1	NA	NA	NA	2	1	1
10	38000000	42299999	2	1	1	2	d	3	1	1	0.032015512522	0.138991557922	6.171173	3.0855864	3.0855864	1	1	1	NA	NA	NA	NA	NA	NA	NA	NA	NA	NA	NA	NA	NA	NA	NA	NA	2	1	1
10	42300000	103387328	2	1	1	2	d	4	1	1	0.0405041788005	0.0730520765318	1.847864	0.9239317	0.9239317	1	1	1	NA	NA	NA	NA	NA	NA	NA	NA	NA	NA	1	1	1	NA	NA	NA	2	1	1
10	103387329	105166055	2	1	1	2	d	4	1	1	0.0356366860412	0.0613345826169	1.65531	0.8276551	0.8276551	1	1	1	NA	NA	NA	NA	NA	NA	NA	NA	NA	NA	1	1	1	NA	NA	NA	2	1	1
10	105166056	135389924	2	1	1	2	d	4	1	1	0.0389956045229	0.0603732795349	1.796842	0.898421	0.898421	1	1	1	NA	NA	NA	NA	NA	NA	NA	NA	NA	NA	1	1	1	NA	NA	NA	2	1	1
11	20721	199672	2	1	1	2	d	3	1	1	0.05	0.1	NA	NA	NA	NA	NA	NA	NA	NA	NA	NA	NA	NA	NA	NA	NA	NA	1	1	1	NA	NA	NA	2	1	1
11	199673	50350021	2	1	1	3	b	5	1	1	0.0407937311529	0.0718258269541	2	1	1	1	1	1	NA	NA	NA	NA	NA	NA	NA	NA	NA	NA	1	1	1	NA	NA	NA	2	1	1
11	50350022	51267801	2	1	1	2	d	3	1	1	0.05	0.0709244450301	8	4	4	1	1	1	NA	NA	NA	NA	NA	NA	NA	NA	NA	NA	2	2	1	NA	NA	NA	2	1	1
11	51267802	55699999	2	1	1	2	d	3	1	1	0.0511311392089	0.094741780157	3.80141	1.900705	1.900705	1	1	1	NA	NA	NA	NA	NA	NA	NA	NA	NA	NA	2	2	1	NA	NA	NA	2	1	1
11	55700000	134442500	2	1	1	3	b	5	1	1	0.040068797258	0.0634194043577	2	1	1	1	1	1	NA	NA	NA	NA	NA	NA	NA	NA	NA	NA	1	1	1	NA	NA	NA	2	1	1
12	110107	192989	2	1	1	2	d	3	1	1	0.05	0.1	NA	NA	NA	1	1	0.783485565855439	2	1	0.216514434144561	0.00251763700798358	0.00174849291552511	0.780965580305473	0.786000854321441	NA	NA	NA	1	1	1	NA	NA	NA	2	1	1
12	192990	33299999	2	1	1	2	d	4	1	1	0.0396457455027	0.0648044841342	1.821327	0.9106633	0.9106633	1	1	1	NA	NA	NA	NA	NA	NA	NA	NA	NA	NA	1	1	1	NA	NA	NA	2	1	1
12	33300000	38199999	2	1	1	2	d	4	1	1	0.0432924672147	0.128295222903	4	2	2	1	1	1	NA	NA	NA	NA	NA	NA	NA	NA	NA	NA	1	1	1	NA	NA	NA	2	1	1
12	38200000	38422782	2	1	1	2	d	3	1	1	0.05	0.0830740446896	8.215131	4.1075655	4.1075655	1	1	1	NA	NA	NA	NA	NA	NA	NA	NA	NA	NA	2	2	1	NA	NA	NA	2	1	1
12	38422783	132349400	2	1	1	3	b	5	1	1	0.0407102074617	0.0613077533002	2	1	1	1	1	1	NA	NA	NA	NA	NA	NA	NA	NA	NA	NA	1	1	1	NA	NA	NA	2	1	1
12	132349401	133851894	2	1	1	2	d	3	NA	NA	NA	NA	1.830301	0.9151504	0.9151504	1	1	1	NA	NA	NA	NA	NA	NA	NA	NA	NA	NA	1	1	1	NA	NA	NA	2	1	1
13	1	16299999	2	1	1	1	h	1	NA	NA	NA	NA	NA	NA	NA	NA	NA	NA	NA	NA	NA	NA	NA	NA	NA	NA	NA	NA	NA	NA	NA	NA	NA	NA	2	1	1
13	16300000	19499999	2	1	1	2	d	3	1	1	0.05	0.0770029484893	NA	NA	NA	1	0	0.385198462221405	1	1	0.614801537778595	NA	0	0.385198462221405	0.385198462221405	NA	NA	NA	1	1	1	NA	NA	NA	2	1	1
13	19500000	114142800	2	1	1	2	d	4	1	1	0.0404148682754	0.0650689826675	1.781301	0.8906506	0.8906506	1	1	1	NA	NA	NA	NA	NA	NA	NA	NA	NA	NA	1	1	1	NA	NA	NA	2	1	1
13	114142801	115169877	2	1	1	2	d	3	NA	NA	NA	NA	1.81082	0.9054102	0.9054102	1	1	1	NA	NA	NA	NA	NA	NA	NA	NA	NA	NA	1	1	1	NA	NA	NA	2	1	1
14	1	16099999	2	1	1	1	h	1	NA	NA	NA	NA	NA	NA	NA	NA	NA	NA	NA	NA	NA	NA	NA	NA	NA	NA	NA	NA	NA	NA	NA	NA	NA	NA	2	1	1
14	16100000	19099999	2	1	1	2	d	2	1	1	0.05	0.0490448735848	NA	NA	NA	NA	NA	NA	NA	NA	NA	NA	NA	NA	NA	NA	NA	NA	3	0	0.498804	3	1	0.501196	2	1	1
14	19100000	19186799	2	1	1	2	d	3	1	1	0.05	0.1	NA	NA	NA	NA	NA	NA	NA	NA	NA	NA	NA	NA	NA	NA	NA	NA	1	1	1	NA	NA	NA	2	1	1
14	19186800	106368400	2	1	1	2	d	4	1	1	0.0397882033535	0.0625783056839	1.86058	0.93029	0.93029	1	1	1	NA	NA	NA	NA	NA	NA	NA	NA	NA	NA	1	1	1	NA	NA	NA	2	1	1
15	1	15799999	2	1	1	1	h	1	NA	NA	NA	NA	NA	NA	NA	NA	NA	NA	NA	NA	NA	NA	NA	NA	NA	NA	NA	NA	NA	NA	NA	NA	NA	NA	2	1	1
15	15800000	20699999	2	1	1	2	d	3	1	1	0.05	0.163785905122	NA	NA	NA	1	1	1	NA	NA	NA	NA	NA	NA	NA	NA	NA	NA	2	1	0.948833	1	1	0.0511673	2	1	1
15	20700000	47488937	2	1	1	2	d	4	1	1	0.0375742420273	0.111022283643	1.74542	0.8727102	0.8727102	1	1	1	NA	NA	NA	NA	NA	NA	NA	NA	NA	NA	1	1	1	NA	NA	NA	2	1	1
15	47488938	47492229	2	1	1	2	d	3	1	1	0.05	0.1	1.74542	0.8727102	0.8727102	1	0	0.602866164683022	1	1	0.397133835316978	0.0638810351672253	0.0560519159617108	0.499205832536122	0.712150522305942	NA	NA	NA	1	1	1	NA	NA	NA	2	1	1
15	47492230	100338800	2	1	1	2	d	4	1	1	0.0403908288506	0.0619018850047	1.77991	0.8899552	0.8899552	1	1	1	NA	NA	NA	NA	NA	NA	NA	NA	NA	NA	1	1	1	NA	NA	NA	2	1	1
15	100338801	102399429	2	1	1	2	d	3	NA	NA	NA	NA	1.658065	0.8290324	0.8290324	1	1	1	NA	NA	NA	NA	NA	NA	NA	NA	NA	NA	1	1	1	NA	NA	NA	2	1	1
16	100010	33917202	2	1	1	2	d	4	1	1	0.0422997152759	0.0856484840448	1.823484	0.911742	0.911742	1	1	1	NA	NA	NA	NA	NA	NA	NA	NA	NA	NA	1	1	1	NA	NA	NA	2	1	1
16	33917203	38599999	2	1	1	2	d	4	1	1	0.05	0.0956488401965	1.823484	0.911742	0.911742	1	1	1	NA	NA	NA	NA	NA	NA	NA	NA	NA	NA	1	1	1	NA	NA	NA	2	1	1
16	38600000	88827200	2	1	1	2	d	4	1	1	0.0420618024161	0.0646130199593	1.816177	0.9080885	0.9080885	1	1	1	NA	NA	NA	NA	NA	NA	NA	NA	NA	NA	1	1	1	NA	NA	NA	2	1	1
16	88827201	90354752	2	1	1	2	d	3	NA	NA	NA	NA	1.806114	0.9030572	0.9030572	1	1	1	NA	NA	NA	NA	NA	NA	NA	NA	NA	NA	1	1	1	NA	NA	NA	2	1	1
17	12500	22199999	2	1	1	2	d	4	1	1	0.0415169823156	0.0677362871496	1.71961	0.8598049	0.8598049	1	1	1	NA	NA	NA	NA	NA	NA	NA	NA	NA	NA	1	1	1	NA	NA	NA	2	1	1
17	22200000	25799999	2	1	1	3	b	5	1	1	0.0335524163659	0.117395715651	2	1	1	1	1	1	NA	NA	NA	NA	NA	NA	NA	NA	NA	NA	1	1	1	NA	NA	NA	2	1	1
17	25800000	78774600	2	1	1	2	d	4	1	1	0.04114463463	0.0635641147355	1.766328	0.8831637	0.8831637	1	1	1	NA	NA	NA	NA	NA	NA	NA	NA	NA	NA	1	1	1	NA	NA	NA	2	1	1
17	78774601	81195209	2	1	1	2	d	3	NA	NA	NA	NA	1.732696	0.8663481	0.8663481	1	1	1	NA	NA	NA	NA	NA	NA	NA	NA	NA	NA	1	1	1	NA	NA	NA	2	1	1
18	27500	80030	2	1	1	2	d	2	NA	NA	NA	NA	NA	NA	NA	NA	NA	NA	NA	NA	NA	NA	NA	NA	NA	NA	NA	NA	1	1	1	NA	NA	NA	2	1	1
18	80031	15399999	2	1	1	2	d	4	1	1	0.0407262847599	0.0601302713394	1.615106	0.807553	0.807553	1	1	1	NA	NA	NA	NA	NA	NA	NA	NA	NA	NA	1	1	1	NA	NA	NA	2	1	1
18	15400000	18999999	2	1	1	2	d	4	1	1	0.05	0.0679421761972	1.615106	0.807553	0.807553	1	1	1	NA	NA	NA	NA	NA	NA	NA	NA	NA	NA	1	1	1	NA	NA	NA	2	1	1
18	19000000	76117000	2	1	1	2	d	4	1	1	0.0402883974609	0.0608724470515	1.86682	0.9334101	0.9334101	1	1	1	NA	NA	NA	NA	NA	NA	NA	NA	NA	NA	1	1	1	NA	NA	NA	2	1	1
18	76117001	78077247	2	1	1	2	d	3	NA	NA	NA	NA	1.625843	0.8129215	0.8129215	1	1	1	NA	NA	NA	NA	NA	NA	NA	NA	NA	NA	1	1	1	NA	NA	NA	2	1	1
19	102500	260136	2	1	1	2	d	4	1	1	0.05	0.1	NA	NA	NA	1	1	1	NA	NA	NA	NA	NA	NA	NA	NA	NA	NA	1	1	1	NA	NA	NA	2	1	1
19	260137	24370010	2	1	1	2	d	4	1	1	0.0408720704231	0.0642280403899	1.752096	0.8760482	0.8760482	1	1	1	NA	NA	NA	NA	NA	NA	NA	NA	NA	NA	1	1	1	NA	NA	NA	2	1	1
19	24370011	28599999	2	1	1	2	d	2	1	1	0.05	0.140348683511	1.752096	0.8760482	0.8760482	NA	NA	NA	NA	NA	NA	NA	NA	NA	NA	NA	NA	NA	2	1	1	NA	NA	NA	2	1	1
19	28600000	59128982	2	1	1	2	d	4	1	1	0.0405018314182	0.0845092950437	1.711138	0.8555688	0.8555688	1	1	1	NA	NA	NA	NA	NA	NA	NA	NA	NA	NA	1	1	1	NA	NA	NA	2	1	1
20	24347	25599999	2	1	1	2	d	4	1	1	0.0409821490289	0.0594587912845	1.891076	0.9455381	0.9455381	1	1	1	NA	NA	NA	NA	NA	NA	NA	NA	NA	NA	1	1	1	NA	NA	NA	2	1	1
20	25600000	29399999	2	1	1	2	d	4	1	1	0.034225911938	0.0750491268258	1.891076	0.9455381	0.9455381	1	1	1	NA	NA	NA	NA	NA	NA	NA	NA	NA	NA	1	1	1	NA	NA	NA	2	1	1
20	29400000	62432500	2	1	1	2	d	4	1	1	0.0409983173024	0.0649692604472	1.79235	0.8961752	0.8961752	1	1	1	NA	NA	NA	NA	NA	NA	NA	NA	NA	NA	1	1	1	NA	NA	NA	2	1	1
21	1	9440400	NA	NA	NA	NA	NA	NA	NA	NA	NA	NA	NA	NA	NA	NA	NA	NA	NA	NA	NA	NA	NA	NA	NA	NA	NA	NA	NA	NA	NA	NA	NA	NA	NA	NA	NA
21	9440401	10899999	NA	NA	NA	NA	NA	NA	1	1	0.05	0.160344384674	NA	NA	NA	NA	NA	NA	NA	NA	NA	NA	NA	NA	NA	NA	NA	NA	NA	NA	NA	NA	NA	NA	NA	NA	NA
21	10900000	15229266	2	1	1	2	d	2	1	1	0.0478086030262	0.0844881154202	NA	NA	NA	NA	NA	NA	NA	NA	NA	NA	NA	NA	NA	NA	NA	NA	1	1	1	NA	NA	NA	NA	NA	NA
21	15229267	46937500	2	1	1	2	d	3	1	1	0.0414769095698	0.0597837249873	1.731102	0.8655507	0.8655507	1	1	1	NA	NA	NA	NA	NA	NA	NA	NA	NA	NA	1	1	1	NA	NA	NA	NA	NA	NA
21	46937501	48129894	2	1	1	2	d	2	NA	NA	NA	NA	1.691585	0.8457923	0.8457923	1	1	1	NA	NA	NA	NA	NA	NA	NA	NA	NA	NA	1	1	1	NA	NA	NA	NA	NA	NA
22	1	12199999	2	1	1	1	h	1	NA	NA	NA	NA	NA	NA	NA	NA	NA	NA	NA	NA	NA	NA	NA	NA	NA	NA	NA	NA	NA	NA	NA	NA	NA	NA	2	1	1
22	12200000	17899999	2	1	1	3	b	5	1	1	0.0504880469265	0.0751592247729	2	1	1	1	1	1	NA	NA	NA	NA	NA	NA	NA	NA	NA	NA	1	1	1	NA	NA	NA	2	1	1
22	17900000	49687500	2	1	1	2	d	4	1	1	0.0434495351437	0.0662843535487	1.727304	0.8636519	0.8636519	1	1	1	NA	NA	NA	NA	NA	NA	NA	NA	NA	NA	1	1	1	NA	NA	NA	2	1	1
22	49687501	51304565	2	1	1	2	d	3	NA	NA	NA	NA	1.678282	0.8391412	0.8391412	1	1	1	NA	NA	NA	NA	NA	NA	NA	NA	NA	NA	1	1	1	NA	NA	NA	2	1	1
X	1	58099999	1	1	0	3	b	2	1	0	0.0428675356294	0.0873740474966	1	0	1	NA	NA	NA	NA	NA	NA	NA	NA	NA	NA	NA	NA	NA	NA	NA	NA	NA	NA	NA	1	0	1
X	58100000	62999999	NA	NA	NA	NA	NA	NA	1	0	0.05	0.197065475131	2.434953	0	2.434953	NA	NA	NA	NA	NA	NA	NA	NA	NA	NA	NA	NA	NA	NA	NA	NA	NA	NA	NA	1	0	1
X	63000000	155270559	1	1	0	3	b	2	1	0	0.233336510977	0.0926746237417	1	0	1	NA	NA	NA	NA	NA	NA	NA	NA	NA	NA	NA	NA	NA	NA	NA	NA	NA	NA	NA	1	0	1
Y	1	11599999	1	1	0	1	h	1	NA	NA	NA	NA	1.386411	0	1.386411	NA	NA	NA	NA	NA	NA	NA	NA	NA	NA	NA	NA	NA	NA	NA	NA	NA	NA	NA	2	0	2
Y	11600000	13580201	NA	NA	NA	NA	NA	NA	NA	NA	NA	NA	1.637934	0	1.637934	NA	NA	NA	NA	NA	NA	NA	NA	NA	NA	NA	NA	NA	NA	NA	NA	NA	NA	NA	2	0	2
Y	13580202	13885605	5	5	0	1	h	1	NA	NA	NA	NA	4.52409	0	4.52409	NA	NA	NA	NA	NA	NA	NA	NA	NA	NA	NA	NA	NA	NA	NA	NA	NA	NA	NA	2	0	2
Y	13885606	59373565	1	1	0	1	h	1	NA	NA	NA	NA	1.299113	0	1.299113	NA	NA	NA	NA	NA	NA	NA	NA	NA	NA	NA	NA	NA	NA	NA	NA	NA	NA	NA	2	0	2
