chromosome	start	end	total_cn	major_cn	minor_cn	star	level	methods_agree	absolute_broad_major_cn	absolute_broad_minor_cn	absolute_broad_het_error	absolute_broad_cov_error	aceseq_copy_number	aceseq_minor_cn	aceseq_major_cn	battenberg_nMaj1_A	battenberg_nMin1_A	battenberg_frac1_A	battenberg_nMaj2_A	battenberg_nMin2_A	battenberg_frac2_A	battenberg_SDfrac_A	battenberg_SDfrac_A_BS	battenberg_frac1_A_0.025	battenberg_frac1_A_0.975	clonehd_copy_number	clonehd_minor_cn	clonehd_major_cn	sclust_nMaj1_A	sclust_nMin1_A	sclust_frac1_A	sclust_nMaj2_A	sclust_nMin2_A	sclust_frac2_A	jabba_copy_number	jabba_minor_cn	jabba_major_cn
1	1	121499999	2	1	1	3	a	6	1	1	0.0580149720246	0.154213145211	2	1	1	1	1	1	NA	NA	NA	NA	NA	NA	NA	2	1	1	1	1	1	NA	NA	NA	2	1	1
1	121500000	128899999	2	1	1	3	b	5	1	1	0.05	0.1	2	1	1	1	1	1	NA	NA	NA	NA	NA	NA	NA	NA	NA	NA	1	1	1	NA	NA	NA	2	1	1
1	128900000	247247500	2	1	1	3	a	6	1	1	0.0588209685165	0.140568945555	2	1	1	1	1	1	NA	NA	NA	NA	NA	NA	NA	2	1	1	1	1	1	NA	NA	NA	2	1	1
1	247247501	249250620	2	1	1	3	b	5	NA	NA	NA	NA	2	1	1	1	1	1	NA	NA	NA	NA	NA	NA	NA	2	1	1	1	1	1	NA	NA	NA	2	1	1
2	20016	25542918	3	2	1	2	d	4	2.11	1	0.0731096015096	0.198316370346	2.896431	0.9931811184	1.9032496	2	1	1	NA	NA	NA	NA	NA	NA	NA	3	1	2	2	1	1	NA	NA	NA	3	1	2
2	25542919	90499999	2	1	1	3	a	6	1	1	0.0573906138857	0.150685269486	2	1	1	1	1	1	NA	NA	NA	NA	NA	NA	NA	2	1	1	1	1	1	NA	NA	NA	2	1	1
2	90500000	96799999	2	1	1	2	d	5	1	1	0.0522660386706	0.200817488108	1.879654	0.9398267731	0.9398268	1	1	1	NA	NA	NA	NA	NA	NA	NA	2	1	1	1	1	1	NA	NA	NA	2	1	1
2	96800000	233007188	2	1	1	3	a	6	1	1	0.0575882074846	0.146795633666	2	1	1	1	1	1	NA	NA	NA	NA	NA	NA	NA	2	1	1	1	1	1	NA	NA	NA	2	1	1
2	233007189	234883533	1	1	0	2	d	4	1	0	0.0785268444429	0.0979300306872	1.063298	0.1112822701	0.9520157	1	0	0.911078717201167	1	1	0.0889212827988335	0.00480623344980863	0.00484630411949788	0.892942709996136	0.911726282992739	1	0	1	1	0	1	NA	NA	NA	1	0	1
2	234883534	234953489	2	1	1	2	d	3	1	1	0.05	0.169576844568	1.063298	0.1112822701	0.9520157	1	1	0.579502130522536	2	1	0.420497869477464	NA	0	0.579502130522536	0.579502130522536	NA	NA	NA	1	1	1	NA	NA	NA	2	1	1
2	234953490	234954122	2	1	1	2	d	3	1	1	0.05	0.1	NA	NA	NA	NA	NA	NA	NA	NA	NA	NA	NA	NA	NA	NA	NA	NA	1	1	1	NA	NA	NA	2	1	1
2	234954123	238100004	2	1	1	2	d	4	1	1	0.0581398383034	0.142858328698	1.896813	0.9484063437	0.9484063	1	0	0.0606578444325076	1	1	0.939342155567492	0.0118474065607899	0.0120290851381732	0.028894229628728	0.0781635827390245	2	1	1	1	1	1	NA	NA	NA	2	1	1
2	238100005	239442410	1	1	0	2	d	5	1	0	0.0686267210924	0.0977759729438	1	0	1	0	0	0.509630366767652	1	0	0.490369633232348	0.00768679281779727	0.00745061403071914	0.495220885326843	0.524256651664778	1	0	1	1	0	1	NA	NA	NA	1	0	1
2	239442411	242985695	1	1	0	2	d	4	1	0	0.0914085583505	0.211514047203	1.051211	0.1009409716	0.9502698	0	0	0.509630366767652	1	0	0.490369633232348	0.00768679281779727	0.00745061403071914	0.495220885326843	0.524256651664778	1	0	1	1	0	1	NA	NA	NA	1	0	1
3	12746	100073	2	1	1	2	d	3	1	1	0.05	0.1	NA	NA	NA	1	0	0.210248934738729	1	1	0.789751065261271	0.102875471910157	0.0891984249098981	0.199776725588126	0.544525617611764	2	1	1	1	0	0.483495	1	1	0.516505	2	1	1
3	100074	1849093	2	1	1	2	d	5	1.06	1.06	0.0602170333183	0.175708471897	2	1	1	1	1	1	NA	NA	NA	NA	NA	NA	NA	2	1	1	1	1	1	NA	NA	NA	2	1	1
3	1849094	2096141	2	1	1	2	d	2	2.21	1	0.0624809942866	0.161913372848	2.130334	0.6926650932	1.4376686	2	1	1	NA	NA	NA	NA	NA	NA	NA	NA	NA	NA	1	1	1	NA	NA	NA	2	1	1
3	2096142	87899999	2	1	1	3	a	6	1	1	0.0573544780032	0.152159050866	2	1	1	1	1	1	NA	NA	NA	NA	NA	NA	NA	2	1	1	1	1	1	NA	NA	NA	2	1	1
3	87900000	93899999	2	1	1	3	b	5	1	1	0.0648032269406	0.149346484772	2	1	1	NA	NA	NA	NA	NA	NA	NA	NA	NA	NA	2	1	1	1	1	1	NA	NA	NA	2	1	1
3	93900000	197847500	2	1	1	2	d	5	1	1	0.0599389247456	0.137654554105	2	1	1	1	0	0.0921327634169289	1	1	0.907867236583071	0.00184484388838842	0.00192505606331111	0.0884530750026872	0.0957962952152338	2	1	1	1	1	1	NA	NA	NA	2	1	1
4	37501	67931	4	2	2	1	h	1	2	2	0.05	0.1	NA	NA	NA	NA	NA	NA	NA	NA	NA	NA	NA	NA	NA	NA	NA	NA	NA	NA	NA	NA	NA	NA	NA	NA	NA
4	67932	483332	3	2	1	1	g	NA	2	2	0.05	0.220567825513	NA	NA	NA	2	2	1	NA	NA	NA	NA	NA	NA	NA	3	1	2	1	1	1	NA	NA	NA	3	1	2
4	483333	492823	2	1	1	2	d	3	1	1	0.05	0.1	NA	NA	NA	2	1	1	NA	NA	NA	NA	NA	NA	NA	1	0	1	1	1	1	NA	NA	NA	2	1	1
4	492824	493653	2	1	1	2	d	3	1	1	0.05	0.1	NA	NA	NA	NA	NA	NA	NA	NA	NA	NA	NA	NA	NA	NA	NA	NA	1	1	1	NA	NA	NA	2	1	1
4	493654	538614	2	1	1	2	d	5	1	1	0.05	0.1	2.200603	1.1003012664	1.1003013	1	1	1	NA	NA	NA	NA	NA	NA	NA	2	1	1	1	1	1	NA	NA	NA	2	1	1
4	538615	543972	3	2	1	2	d	3	1	1	0.05	0.1	2.200603	1.1003012664	1.1003013	2	1	1	NA	NA	NA	NA	NA	NA	NA	3	1	2	1	1	1	NA	NA	NA	3	1	2
4	543973	603073	2	1	1	3	b	5	1	1	0.05	0.1	NA	NA	NA	1	1	1	NA	NA	NA	NA	NA	NA	NA	2	1	1	1	1	1	NA	NA	NA	2	1	1
4	603074	650391	3	2	1	1	g	NA	NA	NA	NA	NA	NA	NA	NA	2	2	1	NA	NA	NA	NA	NA	NA	NA	3	1	2	1	1	1	NA	NA	NA	3	1	2
4	650392	655760	3	2	1	2	d	2	NA	NA	NA	NA	NA	NA	NA	NA	NA	NA	NA	NA	NA	NA	NA	NA	NA	3	1	2	1	1	1	NA	NA	NA	3	1	2
4	655761	661776	2	1	1	1	h	1	NA	NA	NA	NA	NA	NA	NA	3	1	0.409631842811564	3	2	0.590368157188436	NA	0	0.409631842811564	0.409631842811564	NA	NA	NA	1	1	1	NA	NA	NA	3	1	2
4	661777	665759	2	1	1	2	d	2	NA	NA	NA	NA	NA	NA	NA	1	0	0.249183922653311	1	1	0.750816077346689	NA	0	0.249183922653311	0.249183922653311	1	0	1	1	1	1	NA	NA	NA	2	1	1
4	665760	666652	2	1	1	2	d	2	NA	NA	NA	NA	NA	NA	NA	NA	NA	NA	NA	NA	NA	NA	NA	NA	NA	NA	NA	NA	1	1	1	NA	NA	NA	2	1	1
4	666653	1389245	2	1	1	3	a	6	1	1	0.05	0.152226617026	2	1	1	1	1	1	NA	NA	NA	NA	NA	NA	NA	2	1	1	1	1	1	NA	NA	NA	2	1	1
4	1389246	3293914	3	2	1	3	a	6	2	1	0.0740226169376	0.297753775923	3	1	2	2	1	1	NA	NA	NA	NA	NA	NA	NA	3	1	2	2	1	1	NA	NA	NA	3	1	2
4	3293915	3307074	1	1	0	1	g	NA	2	1	0.05	0.1	3	1	2	1	1	1	NA	NA	NA	NA	NA	NA	NA	1	0	1	1	1	1	NA	NA	NA	2	1	1
4	3307075	3311545	1	1	0	1	g	NA	2	1	0.05	0.1	NA	NA	NA	2	0	0.387021926268395	2	1	0.612978073731605	NA	0	0.387021926268395	0.387021926268395	1	0	1	1	1	1	NA	NA	NA	2	1	1
4	3311546	3314010	1	1	0	1	g	NA	2	1	0.05	0.1	NA	NA	NA	NA	NA	NA	NA	NA	NA	NA	NA	NA	NA	1	0	1	1	1	1	NA	NA	NA	2	1	1
4	3314011	3324685	1	1	0	1	g	NA	2	1	0.05	0.1	NA	NA	NA	2	1	1	NA	NA	NA	NA	NA	NA	NA	1	0	1	1	1	1	NA	NA	NA	2	1	1
4	3324686	3564440	2	1	1	3	b	6	1	1	0.0722625386464	0.238381271265	2	1	1	1	1	1	NA	NA	NA	NA	NA	NA	NA	1	0	1	1	1	1	NA	NA	NA	2	1	1
4	3564441	3605144	3	2	1	2	d	4	2	1	0.05	0.1	2	1	1	2	1	1	NA	NA	NA	NA	NA	NA	NA	1	0	1	2	1	1	NA	NA	NA	3	1	2
4	3605145	3649987	2	1	1	2	d	2	1.54	1.54	0.05	0.1	NA	NA	NA	1	1	1	NA	NA	NA	NA	NA	NA	NA	1	0	1	2	0	0.227202	2	1	0.772798	2	1	1
4	3649988	3680090	3	2	1	2	d	2	1.54	1.54	0.05	0.1	2.664942	0.8643494549	1.800593	2	1	1	NA	NA	NA	NA	NA	NA	NA	1	0	1	2	0	0.227202	2	1	0.772798	3	1	2
4	3680091	3691329	3	2	1	2	d	3	NA	NA	NA	NA	2.719692	0.8956991224	1.8239927	2	1	1	NA	NA	NA	NA	NA	NA	NA	NA	NA	NA	2	1	1	NA	NA	NA	3	1	2
4	3691330	4768509	2	1	1	2	d	5	1	1	0.0617010830447	0.144847467622	2	1	1	1	0	0.086255973226146	1	1	0.913744026773854	0.0118816953627058	0.0118179094315894	0.0619094099629553	0.107892898037212	2	1	1	1	1	1	NA	NA	NA	2	1	1
4	4768510	4818517	1	1	0	3	a	6	1	0	0.05	0.0557264954933	1	0	1	1	0	1	NA	NA	NA	NA	NA	NA	NA	1	0	1	1	0	1	NA	NA	NA	1	0	1
4	4818518	4818748	1	1	0	3	a	6	1	0	0.05	0.1	1	0	1	1	0	1	NA	NA	NA	NA	NA	NA	NA	1	0	1	1	0	1	NA	NA	NA	1	0	1
4	4818749	4901629	1	1	0	3	a	6	1	0	0.0828051121129	0.0655123369484	1	0	1	1	0	1	NA	NA	NA	NA	NA	NA	NA	1	0	1	1	0	1	NA	NA	NA	1	0	1
4	4901630	4902009	1	1	0	2	d	4	1	0	0.05	0.1	1	0	1	2	0	0.451434709222035	2	1	0.548565290777965	NA	0	0.451434709222035	0.451434709222035	1	0	1	1	0	1	NA	NA	NA	2	0	2
4	4902010	4943378	1	1	0	2	d	4	1	0	0.05	0.1	1	0	1	0	0	0.393361740300517	1	0	0.606638259699483	0.0772958331262714	0.0763903596932086	0.210438533730748	0.501335585817397	NA	NA	NA	1	0	1	NA	NA	NA	1	0	1
4	4943379	48199999	2	1	1	3	a	6	1	1	0.0584340643252	0.147192838724	2	1	1	1	1	1	NA	NA	NA	NA	NA	NA	NA	2	1	1	1	1	1	NA	NA	NA	2	1	1
4	48200000	52699999	2	1	1	3	a	6	1	1	0.073176361768	0.412798910992	2	1	1	1	1	1	NA	NA	NA	NA	NA	NA	NA	2	1	1	1	1	1	NA	NA	NA	2	1	1
4	52700000	190987500	2	1	1	3	a	6	1	1	0.05836424305	0.152433464275	2	1	1	1	1	1	NA	NA	NA	NA	NA	NA	NA	2	1	1	1	1	1	NA	NA	NA	2	1	1
5	22500	46099999	2	1	1	3	a	6	1	1	0.0602503308452	0.142267512387	2	1	1	1	1	1	NA	NA	NA	NA	NA	NA	NA	2	1	1	1	1	1	NA	NA	NA	2	1	1
5	46100000	50699999	2	1	1	3	a	6	1	1	0.0551540505968	0.162022519204	2	1	1	1	1	1	NA	NA	NA	NA	NA	NA	NA	2	1	1	1	1	1	NA	NA	NA	2	1	1
5	50700000	180712500	2	1	1	3	a	6	1	1	0.0588863552304	0.149262237092	2	1	1	1	1	1	NA	NA	NA	NA	NA	NA	NA	2	1	1	1	1	1	NA	NA	NA	2	1	1
6	39681	203396	1	1	0	2	d	2	NA	NA	NA	NA	NA	NA	NA	NA	NA	NA	NA	NA	NA	NA	NA	NA	NA	1	0	1	NA	NA	NA	NA	NA	NA	1	0	1
6	203397	13587804	1	1	0	2	d	4	1	0	0.0867226037448	0.129182809117	1.095697	0.1053355496	0.990361	1	0	0.917449897041734	1	1	0.0825501029582664	0.00176152812195285	0.00179230852820842	0.900107849301127	0.907008018201325	1	0	1	1	0	1	NA	NA	NA	1	0	1
6	13587805	58699999	2	1	1	2	d	5	1	1	0.0630218676954	0.154430714713	2	1	1	1	0	0.0919420058468382	1	1	0.908057994153162	0.00270938621281901	0.0026681285091065	0.0865942225540147	0.0969268875590364	2	1	1	1	1	1	NA	NA	NA	2	1	1
6	58700000	63299999	2	1	1	2	d	4	1	1	0.0583024729955	0.150418042074	2.123662	1.0618311299	1.0618311	NA	NA	NA	NA	NA	NA	NA	NA	NA	NA	2	1	1	1	1	1	NA	NA	NA	2	1	1
6	63300000	170919735	2	1	1	3	a	6	1	1	0.0578561471691	0.140177159741	2	1	1	1	1	1	NA	NA	NA	NA	NA	NA	NA	2	1	1	1	1	1	NA	NA	NA	2	1	1
7	40386	57999999	3	2	1	3	a	6	2	1	0.0712425593343	0.19864441736	3	1	2	2	1	1	NA	NA	NA	NA	NA	NA	NA	3	1	2	2	1	1	NA	NA	NA	3	1	2
7	58000000	61699999	3	2	1	2	d	5	2	1	0.05	0.268771204637	3	1	2	2	1	1	NA	NA	NA	NA	NA	NA	NA	3	1	2	3	1	0.516445	2	1	0.483555	3	1	2
7	61700000	158821400	3	2	1	3	a	6	2	1	0.0710752896233	0.205695849208	3	1	2	2	1	1	NA	NA	NA	NA	NA	NA	NA	3	1	2	2	1	1	NA	NA	NA	3	1	2
8	10001	155756	3	2	1	2	d	2	NA	NA	NA	NA	NA	NA	NA	NA	NA	NA	NA	NA	NA	NA	NA	NA	NA	NA	NA	NA	2	1	1	NA	NA	NA	3	1	2
8	155757	43099999	3	2	1	2	d	5	1.81	0.89	0.0719031080391	0.186903664662	3	1	2	2	1	1	NA	NA	NA	NA	NA	NA	NA	3	1	2	2	1	1	NA	NA	NA	3	1	2
8	43100000	48099999	3	2	1	2	d	5	1.66	0.79	0.0650279471403	0.179392952694	3	1	2	2	1	1	NA	NA	NA	NA	NA	NA	NA	3	1	2	2	1	1	NA	NA	NA	3	1	2
8	48100000	96637356	3	2	1	2	d	5	1.66	0.79	0.0717311588935	0.16658149754	3	1	2	2	1	1	NA	NA	NA	NA	NA	NA	NA	3	1	2	2	1	1	NA	NA	NA	3	1	2
8	96637357	96638968	3	2	1	2	d	3	1.81	0.79	0.05	0.1	3	1	2	2	1	0.411452493085142	3	1	0.588547506914858	NA	0	0.411452493085142	0.411452493085142	NA	NA	NA	2	1	1	NA	NA	NA	3	1	2
8	96638969	146364021	3	2	1	2	d	2	1.81	0.79	0.0701943713425	0.155556527817	3.180557	0.9990657163	2.1814915	2	1	0.76653958286611	3	1	0.23346041713389	0.00540608247154406	0.00498958415675315	0.786870640871826	0.806820570519241	3	1	2	3	1	0.524449	2	1	0.475551	3	1	2
9	47500	368127	3	2	1	2	f	3	2	1	0.0676352852185	0.324977652227	2.084099	0.8138593044	1.2702395	1	1	0.21938959465525	2	1	0.78061040534475	0.0764788768067246	0.0647993225935029	0.328975699986718	0.585780030655431	NA	NA	NA	NA	NA	NA	NA	NA	NA	2	1	1
9	368128	19004328	2	1	1	2	d	5	1.06	1.06	0.0572410449108	0.188789871345	2	1	1	1	1	1	NA	NA	NA	NA	NA	NA	NA	2	1	1	1	1	1	NA	NA	NA	2	1	1
9	19004329	33047831	1	1	0	2	d	4	1	0	0.0870358314277	0.101961101465	1.144628	0.1248372749	1.0197908	1	0	0.911078717201167	1	1	0.0889212827988335	0.00194344978774641	0.00196724401658304	0.889910545150133	0.897798500238956	1	0	1	1	0	1	NA	NA	NA	1	0	1
9	33047832	47299999	2	1	1	3	b	5	1	1	0.059948172996	0.225764017494	2	1	1	NA	NA	NA	NA	NA	NA	NA	NA	NA	NA	2	1	1	1	1	1	NA	NA	NA	2	1	1
9	47300000	50699999	2	1	1	2	d	4	1	1	0.05	0.1	2	1	1	NA	NA	NA	NA	NA	NA	NA	NA	NA	NA	NA	NA	NA	1	1	1	NA	NA	NA	2	1	1
9	50700000	140273200	2	1	1	3	a	6	1	1	0.0577654405202	0.148197699882	2	1	1	1	1	1	NA	NA	NA	NA	NA	NA	NA	2	1	1	1	1	1	NA	NA	NA	2	1	1
10	90127	2725246	2	1	1	2	d	5	1	1	0.0530105616486	0.154573846772	2	1	1	1	0	0.0446971590343539	1	1	0.955302840965646	0.00296997468234627	0.00302269698209542	0.0389298035549976	0.0507992302821628	2	1	1	1	1	1	NA	NA	NA	2	1	1
10	2725247	2729204	2	1	1	2	d	4	1	1	0.05	0.1	2	1	1	1	0	0.0446971590343539	1	1	0.955302840965646	0.00296997468234627	0.00302269698209542	0.0389298035549976	0.0507992302821628	NA	NA	NA	1	1	1	NA	NA	NA	2	1	1
10	2729205	37999999	2	1	1	2	d	5	1	1	0.0600945325829	0.137016517523	2	1	1	1	0	0.0446971590343539	1	1	0.955302840965646	0.00296997468234627	0.00302269698209542	0.0389298035549976	0.0507992302821628	2	1	1	1	1	1	NA	NA	NA	2	1	1
10	38000000	42299999	2	1	1	2	d	4	1	1	0.0455352763169	0.2534392235	2	1	1	1	0	0.0446971590343539	1	1	0.955302840965646	0.00296997468234627	0.00302269698209542	0.0389298035549976	0.0507992302821628	2	1	1	NA	NA	NA	NA	NA	NA	2	1	1
10	42300000	112171342	2	1	1	3	a	6	1	1	0.0593512973794	0.146131258539	2	1	1	1	1	1	NA	NA	NA	NA	NA	NA	NA	2	1	1	1	1	1	NA	NA	NA	2	1	1
10	112171343	112271740	1	1	0	2	d	4	1	0	0.05	0.109464553987	1.07638	0.1180792508	0.958301	0	0	0.575353218210362	1	0	0.424646781789638	0.0593767342043907	0.0709846967381568	0.36897994624129	0.645144082862222	1	0	1	1	0	1	NA	NA	NA	1	0	1
10	112271741	112820011	2	1	1	3	a	6	1	1	0.0562362071927	0.120177947917	2	1	1	1	1	1	NA	NA	NA	NA	NA	NA	NA	2	1	1	1	1	1	NA	NA	NA	2	1	1
10	112820012	112862336	1	1	0	2	d	3	1	0	0.05	0.1	2	1	1	1	0	0.857485851483451	1	1	0.142514148516549	0.0617875813755527	0.0622856737418952	0.69895828347479	0.935265279459939	1	0	1	1	1	1	NA	NA	NA	1	0	1
10	112862337	115885945	2	1	1	2	d	4	1	1	0.0632464338031	0.12890255962	1.823405	0.911702319	0.9117023	1	0	0.165735777470907	1	1	0.834264222529093	0.00877732545113298	0.00845669698581961	0.149470886706549	0.181582423249959	2	1	1	1	1	1	NA	NA	NA	2	1	1
10	115885946	115886063	2	1	1	2	d	3	1	1	0.05	0.1	1.823405	0.911702319	0.9117023	1	0	0.165735777470907	1	1	0.834264222529093	0.00877732545113298	0.00845669698581961	0.149470886706549	0.181582423249959	NA	NA	NA	1	1	1	NA	NA	NA	2	1	1
10	115886064	117145425	2	1	1	2	d	4	1	1	0.0561985231207	0.130117117949	1.831942	0.9159711199	0.9159711	1	0	0.165735777470907	1	1	0.834264222529093	0.00877732545113298	0.00845669698581961	0.149470886706549	0.181582423249959	2	1	1	1	1	1	NA	NA	NA	2	1	1
10	117145426	117145685	2	1	1	2	d	3	1	1	0.05	0.1	1.831942	0.9159711199	0.9159711	1	0	0.165735777470907	1	1	0.834264222529093	0.00877732545113298	0.00845669698581961	0.149470886706549	0.181582423249959	NA	NA	NA	1	1	1	NA	NA	NA	2	1	1
10	117145686	117442401	2	1	1	2	d	5	1	1	0.05	0.119050879326	2	1	1	1	0	0.165735777470907	1	1	0.834264222529093	0.00877732545113298	0.00845669698581961	0.149470886706549	0.181582423249959	2	1	1	1	1	1	NA	NA	NA	2	1	1
10	117442402	135389924	1	1	0	2	d	4	1	0	0.0855584527573	0.11000281174	1.072866	0.1017307927	0.9711357	1	0	0.917449897041734	1	1	0.0825501029582664	0.00163257281427914	0.00159147592974614	0.900382216338733	0.906644340626168	1	0	1	1	0	1	NA	NA	NA	1	0	1
11	196944	51599999	2	1	1	2	d	5	1	1	0.0591093089994	0.160752305473	2	1	1	1	0	0.0700829782462454	1	1	0.929917021753755	0.00251721446484163	0.00257407239139361	0.0509979029820036	0.0606631176806396	2	1	1	1	1	1	NA	NA	NA	2	1	1
11	51600000	55699999	2	1	1	2	d	5	1	1	0.0507200564059	0.183283067626	2.162004	1.0810021838	1.0810022	1	1	1	NA	NA	NA	NA	NA	NA	NA	2	1	1	1	1	1	NA	NA	NA	2	1	1
11	55700000	67367999	2	1	1	3	a	6	1	1	0.056633845553	0.161791072792	2	1	1	1	1	1	NA	NA	NA	NA	NA	NA	NA	2	1	1	1	1	1	NA	NA	NA	2	1	1
11	67368000	67574458	1	1	0	2	d	4	1	0	0.05	0.151240411498	2	1	1	1	1	1	NA	NA	NA	NA	NA	NA	NA	1	0	1	1	0	1	NA	NA	NA	1	0	1
11	67574459	67577980	2	1	1	2	d	4	1	1	0.05	0.1	NA	NA	NA	1	1	1	NA	NA	NA	NA	NA	NA	NA	2	1	1	1	0	1	NA	NA	NA	2	1	1
11	67577981	67579786	2	1	1	2	d	4	1	1	0.05	0.1	NA	NA	NA	1	1	1	NA	NA	NA	NA	NA	NA	NA	3	1	2	1	1	1	NA	NA	NA	2	1	1
11	67579787	82266384	2	1	1	3	a	6	1	1	0.0538043068673	0.149492926982	2	1	1	1	1	1	NA	NA	NA	NA	NA	NA	NA	2	1	1	1	1	1	NA	NA	NA	2	1	1
11	82266385	82295670	1	1	0	2	d	4	1	0	0.05	0.1	1.206512	0.2034166133	1.0030957	1	0	0.89033499245767	1	1	0.10966500754233	0.0029705897243692	0.00298493607926208	0.884225481289113	0.896026404979849	1	0	1	1	0	1	NA	NA	NA	1	0	1
11	82295671	82295780	1	1	0	2	d	4	1	0	0.05	0.1	1.206512	0.2034166133	1.0030957	1	0	0.89033499245767	1	1	0.10966500754233	0.0029705897243692	0.00298493607926208	0.884225481289113	0.896026404979849	1	0	1	1	0	1	NA	NA	NA	1	0	1
11	82295781	87270218	1	1	0	2	d	4	1	0	0.0894103435201	0.0929774217449	1.141121	0.124252815	1.0168685	1	0	0.89033499245767	1	1	0.10966500754233	0.0029705897243692	0.00298493607926208	0.884225481289113	0.896026404979849	1	0	1	1	0	1	NA	NA	NA	1	0	1
11	87270219	87270424	1	1	0	2	d	3	1	0	0.05	0.1	1.141121	0.124252815	1.0168685	1	0	0.89033499245767	1	1	0.10966500754233	0.0029705897243692	0.00298493607926208	0.884225481289113	0.896026404979849	1	0	1	1	0	1	NA	NA	NA	2	1	1
11	87270425	87323700	1	1	0	2	d	3	1	0	0.10826858765	0.0817427135687	1.225423	0.1288148715	1.0966077	1	0	0.89033499245767	1	1	0.10966500754233	0.0029705897243692	0.00298493607926208	0.884225481289113	0.896026404979849	1	0	1	1	0	1	NA	NA	NA	2	1	1
11	87323701	96447106	2	1	1	3	a	6	1	1	0.0589852283104	0.138127045099	2	1	1	1	1	1	NA	NA	NA	NA	NA	NA	NA	2	1	1	1	1	1	NA	NA	NA	2	1	1
11	96447107	97939094	1	1	0	2	d	4	1	0	0.0935311392495	0.0953452678818	1.229671	0.1493550519	1.0803156	1	0	0.897062121551917	1	1	0.102937878448083	0.00585165911205648	0.00607468901610991	0.876844362969434	0.901108868172701	1	0	1	1	0	1	NA	NA	NA	1	0	1
11	97939095	97950836	2	1	1	2	d	3	1	1	0.05	0.1	1.229671	0.1493550519	1.0803156	2	1	1	NA	NA	NA	NA	NA	NA	NA	2	1	1	1	1	1	NA	NA	NA	1	0	1
11	97950837	98968258	2	1	1	2	d	4	1	1	0.054174773808	0.162176441227	2.244351	1.1221753047	1.1221753	1	1	0.881654073673889	2	1	0.118345926326111	0.0188708748286894	0.0203708495444885	0.812008875255231	0.891835319172466	2	1	1	1	1	1	NA	NA	NA	2	1	1
11	98968259	98975023	1	1	0	2	d	3	1	0	0.05	0.1	2.244351	1.1221753047	1.1221753	1	0	0.923446301597562	1	1	0.0765536984024381	NA	0	0.923446301597562	0.923446301597562	1	0	1	1	0	1	NA	NA	NA	2	1	1
11	98975024	99039698	1	1	0	2	d	3	1	0	0.05	0.0845509602434	NA	NA	NA	1	1	1	NA	NA	NA	NA	NA	NA	NA	1	0	1	1	0	1	NA	NA	NA	2	1	1
11	99039699	99039896	1	1	0	2	d	3	1	0	0.05	0.1	NA	NA	NA	NA	NA	NA	NA	NA	NA	NA	NA	NA	NA	1	0	1	1	0	1	NA	NA	NA	2	1	1
11	99039897	99797724	1	1	0	2	d	4	1	0	0.0865986812577	0.166875893602	1.250669	0.1425107314	1.1081581	1	0	0.881043155095633	1	1	0.118956844904367	0.0100146060330721	0.0102787988684381	0.838830714606203	0.878408230978474	1	0	1	1	0	1	NA	NA	NA	1	0	1
11	99797725	99797765	2	1	1	2	d	2	1	1	0.05	0.1	1.250669	0.1425107314	1.1081581	NA	NA	NA	NA	NA	NA	NA	NA	NA	NA	NA	NA	NA	1	0	1	NA	NA	NA	2	1	1
11	99797766	100934934	2	1	1	2	d	4	1	1	0.0578271519601	0.126253174857	2.106734	1.0533670916	1.0533671	1	1	0.913744026773856	2	1	0.0862559732261436	0.0215234119228563	0.0213567155315572	0.86358688068837	0.946214805644282	2	1	1	1	1	1	NA	NA	NA	2	1	1
11	100934935	105790292	1	1	0	2	d	4	1	0	0.0907778474789	0.0898331879136	1.137293	0.1236147938	1.0136784	1	0	0.897062121551917	1	1	0.102937878448083	0.00334579345473818	0.00328389095367934	0.887943933141603	0.900712949149111	1	0	1	1	0	1	NA	NA	NA	1	0	1
11	105790293	114345155	2	1	1	3	a	6	1	1	0.0572217815813	0.134493952911	2	1	1	1	1	1	NA	NA	NA	NA	NA	NA	NA	2	1	1	1	1	1	NA	NA	NA	2	1	1
11	114345156	117214158	1	1	0	2	d	4	1	0	0.0857257241315	0.0931123494336	1.097811	0.1244804554	0.9733304	1	0	0.897062121551917	1	1	0.102937878448083	0.00445966537523063	0.00468421277729528	0.871230328968113	0.889858547946406	1	0	1	1	0	1	NA	NA	NA	1	0	1
11	117214159	117218607	1	1	0	2	d	2	NA	NA	NA	NA	1.097811	0.1244804554	0.9733304	NA	NA	NA	NA	NA	NA	NA	NA	NA	NA	1	0	1	1	0	1	NA	NA	NA	2	1	1
11	117218608	117219644	2	1	1	2	d	2	NA	NA	NA	NA	NA	NA	NA	NA	NA	NA	NA	NA	NA	NA	NA	NA	NA	NA	NA	NA	1	1	1	NA	NA	NA	2	1	1
11	117219645	118986133	2	1	1	3	a	6	1	1	0.0567231863718	0.135086251994	2	1	1	1	1	1	NA	NA	NA	NA	NA	NA	NA	2	1	1	1	1	1	NA	NA	NA	2	1	1
11	118986134	118997254	2	1	1	1	h	1	1	1	0.05	0.1	2	1	1	2	1	0.636398295581968	2	2	0.363601704418032	NA	0	0.636398295581968	0.636398295581968	NA	NA	NA	2	1	1	NA	NA	NA	3	1	2
11	118997255	118998538	3	2	1	2	d	2	NA	NA	NA	NA	NA	NA	NA	NA	NA	NA	NA	NA	NA	NA	NA	NA	NA	NA	NA	NA	2	1	1	NA	NA	NA	3	1	2
11	118998539	119002940	3	2	1	2	d	2	2	1	0.05	0.1	NA	NA	NA	NA	NA	NA	NA	NA	NA	NA	NA	NA	NA	NA	NA	NA	2	1	1	NA	NA	NA	NA	NA	NA
11	119002941	119004445	3	2	1	2	d	2	2	1	0.05	0.1	NA	NA	NA	NA	NA	NA	NA	NA	NA	NA	NA	NA	NA	NA	NA	NA	2	1	1	NA	NA	NA	NA	NA	NA
11	119004446	134452200	3	2	1	2	d	5	2	1	0.0708833795768	0.182826888391	2.806717	0.9781907195	1.8285264	2	1	1	NA	NA	NA	NA	NA	NA	NA	3	1	2	2	1	1	NA	NA	NA	3	1	2
12	110107	33299999	2	1	1	3	a	6	1	1	0.0568489219946	0.149093785664	2	1	1	1	1	1	NA	NA	NA	NA	NA	NA	NA	2	1	1	1	1	1	NA	NA	NA	2	1	1
12	33300000	38199999	2	1	1	3	b	5	1	1	0.0691877856902	0.191268361805	2	1	1	NA	NA	NA	NA	NA	NA	NA	NA	NA	NA	2	1	1	1	1	1	NA	NA	NA	2	1	1
12	38200000	132349400	2	1	1	3	a	6	1	1	0.0576461075288	0.140521410318	2	1	1	1	1	1	NA	NA	NA	NA	NA	NA	NA	2	1	1	1	1	1	NA	NA	NA	2	1	1
12	132349401	133851894	2	1	1	2	d	4	NA	NA	NA	NA	2	1	1	1	0	0.0747551767959937	1	1	0.925244823204006	0.0146828366985011	0.0146869596695346	0.0407049978432543	0.0994777856274224	2	1	1	1	1	1	NA	NA	NA	2	1	1
13	1	16299999	2	1	1	1	h	1	NA	NA	NA	NA	NA	NA	NA	NA	NA	NA	NA	NA	NA	NA	NA	NA	NA	NA	NA	NA	NA	NA	NA	NA	NA	NA	2	1	1
13	16300000	19499999	2	1	1	2	d	4	1	1	0.05	0.303273315783	NA	NA	NA	1	0	0.0958516055037778	1	1	0.904148394496222	0.0123311198917604	0.0126708713370964	0.0704399585069103	0.12106984285021	2	1	1	1	1	1	NA	NA	NA	2	1	1
13	19500000	21658353	2	1	1	2	d	4	1	1	0.0590009640125	0.123186038745	1.887617	0.9438083937	0.9438084	1	0	0.0958516055037778	1	1	0.904148394496222	0.0123311198917604	0.0126708713370964	0.0704399585069103	0.12106984285021	2	1	1	1	1	1	NA	NA	NA	2	1	1
13	21658354	27592137	2	1	1	2	d	3	1	0.79	0.073181334446	0.189727802501	1.739164	0.7404510821	0.9987133	1	0	0.299020707183973	1	1	0.700979292816027	0.00595433323470809	0.00607740897274645	0.273965815291347	0.297771714577492	2	1	1	1	1	1	NA	NA	NA	2	1	1
13	27592138	42681528	2	1	1	2	d	5	1	1	0.0582809405352	0.134708448346	2	1	1	1	0	0.0934439709949932	1	1	0.906556029005007	0.00489418209469281	0.0047937073506286	0.086596147569669	0.105405720597524	2	1	1	1	1	1	NA	NA	NA	2	1	1
13	42681529	42995563	2	1	1	2	d	5	1	1	0.0573635165978	0.122930939767	2	1	1	1	1	0.796122245101835	2	1	0.203877754898165	0.0335784948268406	0.0319160787913924	0.749686801207044	0.873038597682464	2	1	1	1	1	1	NA	NA	NA	2	1	1
13	42995564	54482280	2	1	1	2	d	3	1	0.69	0.0683262676498	0.15765295258	1.721411	0.7355393482	0.9858715	1	0	0.258767919678438	1	1	0.741232080321562	0.00533972349332887	0.00518542222000071	0.253958068398142	0.274238380164862	2	1	1	1	1	1	NA	NA	NA	2	1	1
13	54482281	59934111	2	1	1	2	d	2	1	0.69	0.0785671091726	0.132577472034	1.79818	0.7381236631	1.0600563	1	0	0.320379329125684	1	1	0.679620670874316	0.00782108948671592	0.00813072789317389	0.299978992446455	0.332208081982911	2	1	1	1	0	0.400873	1	1	0.599127	2	1	1
13	59934112	61298729	2	1	1	2	d	4	1	1	0.0581362567615	0.128294977551	1.842627	0.9213136639	0.9213137	1	0	0.086255973226146	1	1	0.913744026773854	0.0178166716875212	0.0184875221373781	0.0381799528904118	0.111946274594147	2	1	1	1	1	1	NA	NA	NA	2	1	1
13	61298730	61298756	2	1	1	2	d	3	1	1	0.05	0.1	1.842627	0.9213136639	0.9213137	NA	NA	NA	NA	NA	NA	NA	NA	NA	NA	NA	NA	NA	1	1	1	NA	NA	NA	2	1	1
13	61298757	61308256	2	1	1	1	h	1	1	1	0.05	0.1	NA	NA	NA	1	1	1	NA	NA	NA	NA	NA	NA	NA	NA	NA	NA	1	0	1	NA	NA	NA	1	0	1
13	61308257	61425359	1	1	0	2	d	4	1	0	0.05	0.0699018338341	NA	NA	NA	0	0	0.63601704418031	1	0	0.36398295581969	0.0991452828057944	0.0651324256108719	0.586778513457669	0.848464436327894	1	0	1	1	0	1	NA	NA	NA	1	0	1
13	61425360	61425789	1	1	0	2	d	4	1	0	0.05	0.1	NA	NA	NA	NA	NA	NA	NA	NA	NA	NA	NA	NA	NA	1	0	1	1	0	1	NA	NA	NA	1	0	1
13	61425790	61650880	1	1	0	2	d	5	1	0	0.0668821564972	0.100065504789	1	0	1	1	0	0.934439709949914	1	1	0.0655602900500862	0.00752656508999228	0.00765560644471341	0.907024109628104	0.936827155496823	1	0	1	1	0	1	NA	NA	NA	1	0	1
13	61650881	62046895	1	1	0	2	d	3	1.11	0	0.0703440915843	0.0987445373711	1.337526	0.1204314969	1.2170945	1	0	0.934439709949914	1	1	0.0655602900500862	0.00752656508999228	0.00765560644471341	0.907024109628104	0.936827155496823	1	0	1	1	0	1	NA	NA	NA	1	0	1
13	62046896	63583325	1	1	0	2	d	4	1	0	0.0922590112983	0.0905467070065	1.130723	0.135544591	0.9951788	1	0	0.897062121551917	1	1	0.102937878448083	0.008320713298894	0.00823185596708788	0.856424443583264	0.888422855343108	1	0	1	1	0	1	NA	NA	NA	1	0	1
13	63583326	63590926	2	1	1	2	e	4	1	0.69	0.05	0.1	1.130723	0.135544591	0.9951788	1	0	0.305698445875805	1	1	0.694301554124195	0.00527523102043126	0.0050401307345893	0.295107394971814	0.315165402587034	3	1	2	1	0	0.400873	1	1	0.599127	1	0	1
13	63590927	72634884	2	1	1	2	d	2	1	0.69	0.0748340881234	0.143040122494	1.776726	0.7364761366	1.0402497	1	0	0.305698445875805	1	1	0.694301554124195	0.00527523102043126	0.0050401307345893	0.295107394971814	0.315165402587034	2	1	1	1	0	0.400873	1	1	0.599127	2	1	1
13	72634885	72767800	2	1	1	2	d	5	1	1	0.0653276409302	0.144230202191	2	1	1	1	0	0.112132765193989	1	1	0.887867234806011	0.0336111358977949	0.0339669412554198	0.0354138209359042	0.166644966520395	2	1	1	1	1	1	NA	NA	NA	2	1	1
13	72767801	78285865	2	1	1	2	d	2	1	0.69	0.0757629960917	0.113411577181	1.667562	0.6737580403	0.9938037	1	0	0.324233060869998	1	1	0.675766939130003	0.00603221279298455	0.00605240955687498	0.312519645640202	0.336016720296866	2	1	1	1	0	0.400873	1	1	0.599127	2	1	1
13	78285866	79064534	2	1	1	2	d	2	1	0.69	0.0659495349476	0.118711518209	1.647594	0.6647111929	0.982883	1	0	0.324233060869998	1	1	0.675766939130003	0.00603221279298455	0.00605240955687498	0.312519645640202	0.336016720296866	2	1	1	1	0	0.400873	1	1	0.599127	2	1	1
13	79064535	91422192	2	1	1	2	d	5	1	1	0.0697834323939	0.159661533586	2	1	1	1	0	0.186887941989981	1	1	0.813112058010019	0.0053244633538492	0.00527621466460394	0.189952165251376	0.211714790860528	2	1	1	1	1	1	NA	NA	NA	2	1	1
13	91422193	97056222	2	1	1	2	d	5	1	1	0.056839954644	0.142738089934	2	1	1	1	0	0.0800948322814234	1	1	0.919905167718577	0.00781639704660762	0.00785121603010946	0.0617957787458667	0.0929725327587478	2	1	1	1	1	1	NA	NA	NA	2	1	1
13	97056223	98967500	2	1	1	2	d	4	1	1	0.0564696727482	0.177498044291	1.867169	0.9335846097	0.9335846	1	0	0.160189664562841	1	1	0.839810335437159	0.0150294262466505	0.0153217839918881	0.122835118608898	0.185294977203574	2	1	1	1	1	1	NA	NA	NA	2	1	1
13	98967501	105189320	2	1	1	2	d	2	1	0.69	0.0797867849167	0.1171430877	1.692305	0.6937244756	0.9985805	1	0	0.320379329125684	1	1	0.679620670874316	0.00606591196565964	0.00602762815227702	0.310677880786782	0.334181816878892	2	1	1	1	0	0.400873	1	1	0.599127	2	1	1
13	105189321	105965067	2	1	1	2	d	4	1	1	0.0503013349245	0.127636463042	1.894525	0.9472626918	0.9472627	1	0	0.0903960246083883	1	1	0.909603975391612	0.0062733015359958	0.00638003105100579	0.077533025555336	0.10254490848199	2	1	1	1	1	1	NA	NA	NA	2	1	1
13	105965068	113562564	2	1	1	2	d	5	1	1	0.0596512223763	0.12941259756	2	1	1	1	0	0.0903960246083883	1	1	0.909603975391612	0.0062733015359958	0.00638003105100579	0.077533025555336	0.10254490848199	2	1	1	1	1	1	NA	NA	NA	2	1	1
13	113562565	113608888	2	1	1	2	d	4	1	1	0.05	0.1	2.025621	0.9115364911	1.1140843	1	0	0.0903960246083883	1	1	0.909603975391612	0.0062733015359958	0.00638003105100579	0.077533025555336	0.10254490848199	2	1	1	1	1	1	NA	NA	NA	2	1	1
13	113608889	113610460	2	1	1	2	d	2	NA	NA	NA	NA	2.025621	0.9115364911	1.1140843	1	0	0.431279866130729	1	1	0.568720133869271	NA	0	0.431279866130729	0.431279866130729	NA	NA	NA	1	1	1	NA	NA	NA	2	1	1
13	113610461	114987186	2	1	1	2	d	3	1	0.89	0.0891127229905	0.17610240314	1.669026	0.7011682831	0.9678581	1	0	0.299020707183973	1	1	0.700979292816027	0.0158931568716905	0.0157352348587596	0.275549469891356	0.336863236005038	2	1	1	1	1	1	NA	NA	NA	2	1	1
14	1	16099999	2	1	1	1	h	1	NA	NA	NA	NA	NA	NA	NA	NA	NA	NA	NA	NA	NA	NA	NA	NA	NA	NA	NA	NA	NA	NA	NA	NA	NA	NA	2	1	1
14	16100000	19099999	2	1	1	1	h	1	NA	NA	NA	NA	NA	NA	NA	NA	NA	NA	NA	NA	NA	NA	NA	NA	NA	NA	NA	NA	2	0	0.634192	2	1	0.365808	2	1	1
14	19100000	42865552	2	1	1	2	d	5	1	1	0.0583302968178	0.149856673021	2	1	1	1	1	0.929917021753757	2	1	0.070082978246243	0.00465025663392971	0.00453672449760408	0.937653664715198	0.95524852751022	2	1	1	1	1	1	NA	NA	NA	2	1	1
14	42865553	42866260	2	1	1	2	d	3	1	1	0.05	0.1	2	1	1	3	0	1	NA	NA	NA	NA	NA	NA	NA	NA	NA	NA	1	1	1	NA	NA	NA	1	0	1
14	42866261	94540634	2	1	1	3	a	6	1	1	0.0569609896587	0.137559170411	2	1	1	1	1	1	NA	NA	NA	NA	NA	NA	NA	2	1	1	1	1	1	NA	NA	NA	2	1	1
14	94540635	94542239	2	1	1	2	d	3	NA	NA	NA	NA	2	1	1	1	0	0.373775883979965	1	1	0.626224116020035	NA	0	0.373775883979965	0.373775883979965	NA	NA	NA	1	1	1	NA	NA	NA	2	1	1
14	94542240	106368400	2	1	1	2	d	3	1.21	1	0.0632901517012	0.174759548552	2.211897	0.9791220659	1.2327746	1	1	0.741232080321564	2	1	0.258767919678436	0.00647774248985272	0.00639470393945162	0.717564855629986	0.743217961484764	2	1	1	1	1	1	NA	NA	NA	2	1	1
15	1	15799999	2	1	1	1	h	1	NA	NA	NA	NA	NA	NA	NA	NA	NA	NA	NA	NA	NA	NA	NA	NA	NA	NA	NA	NA	NA	NA	NA	NA	NA	NA	2	1	1
15	15800000	20699999	2	1	1	2	d	3	1	1	0.05	0.361808071978	NA	NA	NA	1	1	1	NA	NA	NA	NA	NA	NA	NA	NA	NA	NA	1	0	0.827778	1	1	0.172222	2	1	1
15	20700000	57644266	2	1	1	3	a	6	1	1	0.0569353046773	0.166546041284	2	1	1	1	1	1	NA	NA	NA	NA	NA	NA	NA	2	1	1	1	1	1	NA	NA	NA	2	1	1
15	57644267	57780093	1	1	0	1	g	1	2	1	0.05	0.214325046674	1.96551	0.583406072	1.3821038	1	0	0.59570531509307	1	1	0.40429468490693	0.0203279656790789	0.0206696994352944	0.531284407098108	0.611177675411246	NA	NA	NA	1	0	0.722178	1	1	0.277822	2	1	1
15	57780094	100338800	2	1	1	3	a	6	1	1	0.0589169641599	0.149019244899	2	1	1	1	1	1	NA	NA	NA	NA	NA	NA	NA	2	1	1	1	1	1	NA	NA	NA	2	1	1
15	100338801	102431166	2	1	1	2	d	4	NA	NA	NA	NA	2	1	1	1	0	0.086255973226146	1	1	0.913744026773854	0.0103271699219186	0.0104452735083891	0.0594687997514497	0.0995464723633245	2	1	1	1	1	1	NA	NA	NA	2	1	1
16	94080	34599999	2	1	1	3	a	6	1	1	0.0576509909638	0.161875947961	2	1	1	1	1	1	NA	NA	NA	NA	NA	NA	NA	2	1	1	1	1	1	NA	NA	NA	2	1	1
16	34600000	38599999	2	1	1	3	a	6	1	1	0.05	0.14763470027	2	1	1	1	1	1	NA	NA	NA	NA	NA	NA	NA	2	1	1	1	1	1	NA	NA	NA	2	1	1
16	38600000	88827200	2	1	1	2	d	5	1	1	0.0575914033505	0.156195721332	2	1	1	1	0	0.0729039045914602	1	1	0.92709609540854	0.00276840605674013	0.00267055858508637	0.0676526697649493	0.0786476077459749	2	1	1	1	1	1	NA	NA	NA	2	1	1
16	88827201	90354752	2	1	1	2	d	4	NA	NA	NA	NA	2	1	1	1	0	0.0729039045914602	1	1	0.92709609540854	0.00276840605674013	0.00267055858508637	0.0676526697649493	0.0786476077459749	2	1	1	1	1	1	NA	NA	NA	2	1	1
17	12500	8169979	2	2	0	2	d	4	2	0	0.045298542217	0.148076596359	2	0	2	3	0	1	NA	NA	NA	NA	NA	NA	NA	2	0	2	2	0	1	NA	NA	NA	2	1	1
17	8169980	22199999	2	1	1	2	d	5	1	1	0.0591359575	0.157006186995	2	1	1	1	1	0.913225533408619	2	1	0.0867744665913813	0.0063309498443847	0.00639185306978249	0.900141253971736	0.925640493076753	2	1	1	1	1	1	NA	NA	NA	2	1	1
17	22200000	25799999	2	1	1	3	b	5	1	1	0.0628497790273	0.186098401261	2	1	1	NA	NA	NA	NA	NA	NA	NA	NA	NA	NA	2	1	1	1	1	1	NA	NA	NA	2	1	1
17	25800000	78774600	2	1	1	3	a	6	1	1	0.056665523984	0.15296186552	2	1	1	1	1	1	NA	NA	NA	NA	NA	NA	NA	2	1	1	1	1	1	NA	NA	NA	2	1	1
17	78774601	81195209	2	1	1	2	d	4	NA	NA	NA	NA	2.104893	1.0524466056	1.0524466	1	1	1	NA	NA	NA	NA	NA	NA	NA	2	1	1	1	1	1	NA	NA	NA	2	1	1
18	27500	15399999	1	1	0	2	d	2	1.11	0.46	0.0879658958725	0.125050691847	1.48289	0.4613296795	1.0215605	1	0	0.560663825969949	1	1	0.439336174030051	0.00295607833194883	0.00290636912097224	0.562017737720186	0.573483564509124	1	0	1	1	0	0.731265	1	1	0.268735	1	0	1
18	15400000	18999999	1	1	0	2	d	2	1.11	0.46	0.05	0.143533115618	1.48289	0.4613296795	1.0215605	1	1	1	NA	NA	NA	NA	NA	NA	NA	1	0	1	1	0	0.688033	1	1	0.311967	1	0	1
18	19000000	65438253	1	1	0	2	d	2	1.06	0.46	0.0893950456232	0.122776259597	1.435067	0.4453885002	0.9896781	1	0	0.560663825969949	1	1	0.439336174030051	0.00164531868360895	0.00172484664297781	0.545634436613853	0.552381295818656	1	0	1	1	0	0.688033	1	1	0.311967	1	0	1
18	65438254	68382075	1	1	0	2	d	2	1.06	0.46	0.0898012633562	0.122085901206	1.496553	0.4658840888	1.0306693	1	0	0.560663825969949	1	1	0.439336174030051	0.00164531868360895	0.00172484664297781	0.545634436613853	0.552381295818656	1	0	1	1	0	0.688033	1	1	0.311967	1	0	1
18	68382076	76117000	1	1	0	2	d	2	1.06	0.46	0.0907605024979	0.11697525393	1.453352	0.4514836547	1.0018684	1	0	0.560663825969949	1	1	0.439336174030051	0.00164531868360895	0.00172484664297781	0.545634436613853	0.552381295818656	1	0	1	1	0	0.688033	1	1	0.311967	1	0	1
18	76117001	78077247	1	1	0	2	d	2	NA	NA	NA	NA	1.33403	0.4117096536	0.9223204	1	0	0.560663825969949	1	1	0.439336174030051	0.00164531868360895	0.00172484664297781	0.545634436613853	0.552381295818656	1	0	1	1	0	0.688033	1	1	0.311967	1	0	1
19	288620	24399999	2	1	1	2	d	5	1	1	0.0569777579285	0.151072786382	2.141463	1.0707315975	1.0707316	1	1	1	NA	NA	NA	NA	NA	NA	NA	2	1	1	1	1	1	NA	NA	NA	2	1	1
19	24400000	28599999	2	1	1	3	b	5	1	1	0.0620520771858	0.156214519196	2	1	1	NA	NA	NA	NA	NA	NA	NA	NA	NA	NA	2	1	1	1	1	1	NA	NA	NA	2	1	1
19	28600000	59128982	2	1	1	2	d	5	1	1	0.0594129020848	0.195922895763	2	1	1	1	1	0.94514707590287	2	1	0.0548529240971296	0.00365794675854469	0.00381166155769132	0.937929558102384	0.95282976993256	2	1	1	1	1	1	NA	NA	NA	2	1	1
20	17500	25599999	2	1	1	3	a	6	1	1	0.0582581818064	0.138388503214	2	1	1	1	1	1	NA	NA	NA	NA	NA	NA	NA	2	1	1	1	1	1	NA	NA	NA	2	1	1
20	25600000	29399999	2	1	1	3	b	5	1	1	0.0552012606193	0.211446961299	2	1	1	1	1	0.775734469612023	2	1	0.224265530387977	0.058714494964139	0.060280280609926	0.596524697042942	0.827066142931506	2	1	1	1	1	1	NA	NA	NA	2	1	1
20	29400000	62432500	2	1	1	3	a	6	1	1	0.0574862180198	0.147757422755	2	1	1	1	1	1	NA	NA	NA	NA	NA	NA	NA	2	1	1	1	1	1	NA	NA	NA	2	1	1
21	1	9417499	NA	NA	NA	NA	NA	NA	NA	NA	NA	NA	NA	NA	NA	NA	NA	NA	NA	NA	NA	NA	NA	NA	NA	NA	NA	NA	2	0	0.562225	2	1	0.437775	NA	NA	NA
21	9417500	10862801	NA	NA	NA	NA	NA	NA	NA	NA	NA	NA	NA	NA	NA	NA	NA	NA	NA	NA	NA	NA	NA	NA	NA	NA	NA	NA	2	0	0.562225	2	1	0.437775	NA	NA	NA
21	10862802	14299999	NA	NA	NA	NA	NA	NA	NA	NA	NA	NA	NA	NA	NA	NA	NA	NA	NA	NA	NA	NA	NA	NA	NA	NA	NA	NA	NA	NA	NA	NA	NA	NA	NA	NA	NA
21	14300000	46937500	3	2	1	2	d	4	2.21	1	0.0708521695079	0.199484944041	3	1	2	2	1	1	NA	NA	NA	NA	NA	NA	NA	3	1	2	2	1	1	NA	NA	NA	NA	NA	NA
21	46937501	48129894	3	2	1	2	d	3	NA	NA	NA	NA	3	1	2	2	1	1	NA	NA	NA	NA	NA	NA	NA	3	1	2	3	1	0.363478	2	1	0.636522	NA	NA	NA
22	1	12199999	2	1	1	1	h	1	NA	NA	NA	NA	NA	NA	NA	NA	NA	NA	NA	NA	NA	NA	NA	NA	NA	NA	NA	NA	NA	NA	NA	NA	NA	NA	2	1	1
22	12200000	17899999	2	1	1	3	b	5	1	1	0.0662928735957	0.191438679721	2	1	1	1	1	0.878691321981537	2	1	0.121308678018463	0.0268716741037252	0.0267058516616324	0.821773675282956	0.923084060630344	2	1	1	1	1	1	NA	NA	NA	2	1	1
22	17900000	49687500	2	1	1	3	a	6	1	1	0.0586795839696	0.154113044342	2	1	1	1	1	1	NA	NA	NA	NA	NA	NA	NA	2	1	1	1	1	1	NA	NA	NA	2	1	1
22	49687501	51304565	2	1	1	3	b	5	NA	NA	NA	NA	2	1	1	1	1	1	NA	NA	NA	NA	NA	NA	NA	2	1	1	1	1	1	NA	NA	NA	2	1	1
X	1	18626343	1	1	0	2	d	2	1	0.68	0.0824085271801	0.182476218482	1.401346	0.5717093451	0.8296364	1	0	0.320379329125684	1	1	0.679620670874316	0.0052655784407078	0.0051512225123975	0.302345375562821	0.322675164414308	1	0	1	NA	NA	NA	NA	NA	NA	1	0	1
X	18626344	22350045	1	1	0	2	d	2	1	0.32	0.0927488110477	0.10381129719	1.180889	0.3422799836	0.8386087	1	0	0.630746804216191	1	1	0.369253195783809	0.013208594888534	0.0131985423086446	0.577414478679494	0.628547142185115	1	0	1	NA	NA	NA	NA	NA	NA	1	0	1
X	22350046	53604002	1	1	0	2	d	2	1	0.67	0.0808653860518	0.170787213911	1.41773	0.5742374782	0.8434929	1	0	0.336398295581969	1	1	0.663601704418031	0.00437401237519927	0.0043559653856888	0.320553466984758	0.337246156722811	1	0	1	NA	NA	NA	NA	NA	NA	1	0	1
X	53604003	58099999	2	1	1	2	d	2	1	1	0.05	0.171579136456	1.645354	0	1.645354	1	0	0.560663825969949	1	1	0.439336174030051	NA	0	0.560663825969949	0.560663825969949	3	1	2	NA	NA	NA	NA	NA	NA	2	1	1
X	58100000	62999999	2	1	1	2	d	2	1	1	0.05	0.311289361729	1.828526	0	1.828526	NA	NA	1	NA	NA	NA	NA	NA	NA	NA	NA	NA	NA	NA	NA	NA	NA	NA	NA	2	1	1
X	63000000	136405266	2	1	1	2	d	3	1	1	0.0634664654631	0.228010262702	1.773666	0.8868331646	0.8868332	1	0	0.063491887592611	1	1	0.936508112407389	0.00339056695852752	0.00345288983956082	0.056626694307025	0.0698227560574016	2	1	1	NA	NA	NA	NA	NA	NA	2	1	1
X	136405267	136573879	2	1	1	2	d	3	1	1	0.05	0.1	2.37992	0.863998121	1.5159221	1	0	0.063491887592611	1	1	0.936508112407389	0.00339056695852752	0.00345288983956082	0.056626694307025	0.0698227560574016	2	1	1	NA	NA	NA	NA	NA	NA	2	1	1
X	136573880	154913600	2	1	1	2	d	3	1	1	0.0614801301491	0.162057112212	1.712223	0.8561113556	0.8561114	1	0	0.063491887592611	1	1	0.936508112407389	0.00339056695852752	0.00345288983956082	0.056626694307025	0.0698227560574016	2	1	1	NA	NA	NA	NA	NA	NA	2	1	1
