chromosome	start	end	total_cn	major_cn	minor_cn	star	level	methods_agree	absolute_broad_major_cn	absolute_broad_minor_cn	absolute_broad_het_error	absolute_broad_cov_error	aceseq_copy_number	aceseq_minor_cn	aceseq_major_cn	battenberg_nMaj1_A	battenberg_nMin1_A	battenberg_frac1_A	battenberg_nMaj2_A	battenberg_nMin2_A	battenberg_frac2_A	battenberg_SDfrac_A	battenberg_SDfrac_A_BS	battenberg_frac1_A_0.025	battenberg_frac1_A_0.975	clonehd_copy_number	clonehd_minor_cn	clonehd_major_cn	sclust_nMaj1_A	sclust_nMin1_A	sclust_frac1_A	sclust_nMaj2_A	sclust_nMin2_A	sclust_frac2_A	jabba_copy_number	jabba_minor_cn	jabba_major_cn
1	1	16877499	2	1	1	3	a	6	1	1	0.0403893243109	0.426156874972	2	1	1	1	1	1	NA	NA	NA	NA	NA	NA	NA	2	1	1	1	1	1	NA	NA	NA	2	1	1
1	16877500	28309533	2	1	1	3	a	6	1	1	0.0406449258762	0.0794823041513	2	1	1	1	1	1	NA	NA	NA	NA	NA	NA	NA	2	1	1	1	1	1	NA	NA	NA	2	1	1
1	28309534	31270642	1	1	0	3	a	6	1	0	0.0674760817216	0.0498547211898	1	0	1	1	0	1	NA	NA	NA	NA	NA	NA	NA	1	0	1	1	0	1	NA	NA	NA	1	0	1
1	31270643	32652330	2	1	1	3	a	6	1	1	0.0431020310877	0.0699143211761	2	1	1	1	1	1	NA	NA	NA	NA	NA	NA	NA	2	1	1	1	1	1	NA	NA	NA	2	1	1
1	32652331	32765328	1	1	0	2	d	3	NA	NA	NA	NA	2	1	1	1	0	1	NA	NA	NA	NA	NA	NA	NA	1	0	1	1	1	1	NA	NA	NA	1	0	1
1	32765329	44379524	2	1	1	3	a	6	1	1	0.0390917696349	0.0709604454858	2	1	1	1	1	1	NA	NA	NA	NA	NA	NA	NA	2	1	1	1	1	1	NA	NA	NA	2	1	1
1	44379525	49632359	2	1	1	3	a	6	1	1	0.0357296248831	0.0728014847879	2	1	1	1	1	1	NA	NA	NA	NA	NA	NA	NA	2	1	1	1	1	1	NA	NA	NA	2	1	1
1	49632360	49870189	2	1	1	2	d	4	1	1	0.0480609449649	0.0771460674956	1.833144	0.817615304	1.0155284	1	0	0.213523967531547	1	1	0.786476032468453	0.037671923846071	0.0376255032440713	0.117707798320463	0.262040787146534	2	1	1	1	1	1	NA	NA	NA	2	1	1
1	49870190	74532795	2	1	1	3	a	6	1	1	0.0406333728187	0.0667848311021	2	1	1	1	1	1	NA	NA	NA	NA	NA	NA	NA	2	1	1	1	1	1	NA	NA	NA	2	1	1
1	74532796	75761246	1	1	0	3	a	6	1	0	0.0657185036274	0.0473466618522	1	0	1	1	0	1	NA	NA	NA	NA	NA	NA	NA	1	0	1	1	0	1	NA	NA	NA	1	0	1
1	75761247	77167738	2	1	1	3	a	6	1	1	0.0352574926682	0.0760568435805	2	1	1	1	1	1	NA	NA	NA	NA	NA	NA	NA	2	1	1	1	1	1	NA	NA	NA	2	1	1
1	77167739	78403992	3	2	1	3	b	6	2	1	0.0559483644954	0.0834344409967	3	1	2	2	1	1	NA	NA	NA	NA	NA	NA	NA	2	1	1	2	1	1	NA	NA	NA	3	1	2
1	78403993	99925893	2	1	1	3	a	6	1	1	0.0414278461769	0.0680840787092	2	1	1	1	1	1	NA	NA	NA	NA	NA	NA	NA	2	1	1	1	1	1	NA	NA	NA	2	1	1
1	99925894	99926004	2	1	1	2	d	4	1	1	0.05	0.1	2	1	1	1	1	0.907472947402994	2	1	0.0925270525970057	NA	0	0.907472947402994	0.907472947402994	2	1	1	1	1	1	NA	NA	NA	3	1	2
1	99926005	100691576	2	1	1	3	a	6	1	1	0.035115528819	0.067333280916	2	1	1	1	1	1	NA	NA	NA	NA	NA	NA	NA	2	1	1	1	1	1	NA	NA	NA	2	1	1
1	100691577	100691620	2	1	1	3	b	5	1	1	0.05	0.1	2	1	1	1	1	1	NA	NA	NA	NA	NA	NA	NA	NA	NA	NA	1	1	1	NA	NA	NA	2	1	1
1	100691621	101807420	2	1	1	3	a	6	1	1	0.0444892051592	0.0685153399312	2	1	1	1	1	1	NA	NA	NA	NA	NA	NA	NA	2	1	1	1	1	1	NA	NA	NA	2	1	1
1	101807421	101807768	2	1	1	3	b	5	1	1	0.05	0.1	2	1	1	1	1	1	NA	NA	NA	NA	NA	NA	NA	NA	NA	NA	1	1	1	NA	NA	NA	2	1	1
1	101807769	121499999	2	1	1	3	a	6	1	1	0.0379803542684	0.0721440768949	2	1	1	1	1	1	NA	NA	NA	NA	NA	NA	NA	2	1	1	1	1	1	NA	NA	NA	2	1	1
1	121500000	128899999	2	1	1	3	b	5	1	1	0.05	0.1	2	1	1	1	1	1	NA	NA	NA	NA	NA	NA	NA	NA	NA	NA	1	1	1	NA	NA	NA	2	1	1
1	128900000	153870853	2	1	1	3	a	6	1	1	0.0431536030181	0.11031130816	2	1	1	1	1	1	NA	NA	NA	NA	NA	NA	NA	2	1	1	1	1	1	NA	NA	NA	2	1	1
1	153870854	158823359	2	1	1	3	a	6	1	1	0.0380567957775	0.0684560914297	2	1	1	1	1	1	NA	NA	NA	NA	NA	NA	NA	2	1	1	1	1	1	NA	NA	NA	2	1	1
1	158823360	207980364	2	1	1	3	a	6	1	1	0.0399782479492	0.0710700522273	2	1	1	1	1	1	NA	NA	NA	NA	NA	NA	NA	2	1	1	1	1	1	NA	NA	NA	2	1	1
1	207980365	247247500	2	1	1	3	a	6	1	1	0.0405904481239	0.068314612653	2	1	1	1	1	1	NA	NA	NA	NA	NA	NA	NA	2	1	1	1	1	1	NA	NA	NA	2	1	1
1	247247501	249250620	2	1	1	3	b	5	NA	NA	NA	NA	2	1	1	1	1	1	NA	NA	NA	NA	NA	NA	NA	2	1	1	1	1	1	NA	NA	NA	2	1	1
2	20016	90499999	2	1	1	3	a	6	1	1	0.0397185267062	0.0723627355518	2	1	1	1	1	1	NA	NA	NA	NA	NA	NA	NA	2	1	1	1	1	1	NA	NA	NA	2	1	1
2	90500000	96799999	2	1	1	3	a	6	1	1	0.0306244094233	0.0832277772229	2	1	1	1	1	1	NA	NA	NA	NA	NA	NA	NA	2	1	1	1	1	1	NA	NA	NA	2	1	1
2	96800000	150737468	2	1	1	3	a	6	1	1	0.0391142410743	0.0716352232808	2	1	1	1	1	1	NA	NA	NA	NA	NA	NA	NA	2	1	1	1	1	1	NA	NA	NA	2	1	1
2	150737469	150743455	2	1	1	3	b	5	1	1	0.05	0.1	2	1	1	1	1	1	NA	NA	NA	NA	NA	NA	NA	NA	NA	NA	1	1	1	NA	NA	NA	2	1	1
2	150743456	242999968	2	1	1	3	a	6	1	1	0.0388398908365	0.0691985283986	2	1	1	1	1	1	NA	NA	NA	NA	NA	NA	NA	2	1	1	1	1	1	NA	NA	NA	2	1	1
3	100074	6905893	2	1	1	3	a	6	1	1	0.0398948514148	0.0860847572886	2	1	1	1	1	1	NA	NA	NA	NA	NA	NA	NA	2	1	1	1	1	1	NA	NA	NA	2	1	1
3	6905894	6934134	1	1	0	2	d	4	1	0	0.05	0.1	1.238293	0.079686693	1.158606	1	0	0.89222515004253	1	1	0.10777484995747	0.129717378191996	0.216935081969867	-0.141962113414056	0.721387225398378	1	0	1	1	0	1	NA	NA	NA	1	0	1
3	6934135	6965051	2	1	1	3	a	6	1	1	0.05	0.1	2	1	1	1	1	1	NA	NA	NA	NA	NA	NA	NA	2	1	1	1	1	1	NA	NA	NA	2	1	1
3	6965052	7781256	1	1	0	3	a	6	1	0	0.0611845722687	0.0429822301985	1	0	1	1	0	1	NA	NA	NA	NA	NA	NA	NA	1	0	1	1	0	1	NA	NA	NA	1	0	1
3	7781257	7785691	1	1	0	1	g	NA	1	0	0.05	0.1	1	0	1	1	1	1	NA	NA	NA	NA	NA	NA	NA	2	1	1	1	0	1	NA	NA	NA	2	1	1
3	7785692	7814572	1	1	0	2	d	5	1	0	0.05	0.1	1.225929	0.026908096	1.1990209	1	0	1	NA	NA	NA	NA	NA	NA	NA	1	0	1	1	0	1	NA	NA	NA	1	0	1
3	7814573	7919738	2	1	1	3	a	6	1	1	0.0264970400476	0.15380452001	2	1	1	1	1	1	NA	NA	NA	NA	NA	NA	NA	2	1	1	1	1	1	NA	NA	NA	2	1	1
3	7919739	8022407	1	1	0	3	a	6	1	0	0.05	0.0400895737909	1	0	1	1	0	1	NA	NA	NA	NA	NA	NA	NA	1	0	1	1	0	1	NA	NA	NA	1	0	1
3	8022408	8023072	2	1	1	2	d	4	1	1	0.05	0.1	1	0	1	1	1	1	NA	NA	NA	NA	NA	NA	NA	2	1	1	1	0	1	NA	NA	NA	2	1	1
3	8023073	87899999	2	1	1	3	a	6	1	1	0.038862298293	0.0725029270483	2	1	1	1	1	1	NA	NA	NA	NA	NA	NA	NA	2	1	1	1	1	1	NA	NA	NA	2	1	1
3	87900000	93899999	2	1	1	3	a	6	1	1	0.0342346244414	0.0912306230399	2	1	1	1	1	1	NA	NA	NA	NA	NA	NA	NA	2	1	1	1	1	1	NA	NA	NA	2	1	1
3	93900000	176754624	2	1	1	3	a	6	1	1	0.0388901587632	0.0683663849866	2	1	1	1	1	1	NA	NA	NA	NA	NA	NA	NA	2	1	1	1	1	1	NA	NA	NA	2	1	1
3	176754625	176778030	2	1	1	3	a	6	1	1	0.05	0.1	2	1	1	1	1	1	NA	NA	NA	NA	NA	NA	NA	2	1	1	1	1	1	NA	NA	NA	2	1	1
3	176778031	179286924	2	1	1	3	a	6	1	1	0.0410339429557	0.0677374079651	2	1	1	1	1	1	NA	NA	NA	NA	NA	NA	NA	2	1	1	1	1	1	NA	NA	NA	2	1	1
3	179286925	198022429	1	1	0	3	a	6	1	0	0.0676290374454	0.0823205822081	1	0	1	1	0	1	NA	NA	NA	NA	NA	NA	NA	1	0	1	1	0	1	NA	NA	NA	1	0	1
4	27500	48199999	2	1	1	3	a	6	1	1	0.039860451463	0.0756880151293	2	1	1	1	1	1	NA	NA	NA	NA	NA	NA	NA	2	1	1	1	1	1	NA	NA	NA	2	1	1
4	48200000	52699999	2	1	1	3	a	6	1	1	0.0331442752609	0.168320492298	2	1	1	1	1	1	NA	NA	NA	NA	NA	NA	NA	2	1	1	1	1	1	NA	NA	NA	2	1	1
4	52700000	88675092	2	1	1	3	a	6	1	1	0.0397717292498	0.0697289835093	2	1	1	1	1	1	NA	NA	NA	NA	NA	NA	NA	2	1	1	1	1	1	NA	NA	NA	2	1	1
4	88675093	89109046	1	1	0	3	a	6	1	0	0.0665306211734	0.0493804635606	1	0	1	1	0	1	NA	NA	NA	NA	NA	NA	NA	1	0	1	1	0	1	NA	NA	NA	1	0	1
4	89109047	89179652	2	1	1	3	a	6	1	1	0.05	0.1	2	1	1	1	1	1	NA	NA	NA	NA	NA	NA	NA	2	1	1	1	1	1	NA	NA	NA	2	1	1
4	89179653	89360183	1	1	0	3	a	6	1	0	0.05	0.0570655737284	1	0	1	1	0	1	NA	NA	NA	NA	NA	NA	NA	1	0	1	1	0	1	NA	NA	NA	1	0	1
4	89360184	89360281	1	1	0	2	d	2	NA	NA	NA	NA	1	0	1	NA	NA	NA	NA	NA	NA	NA	NA	NA	NA	NA	NA	NA	1	0	1	NA	NA	NA	2	1	1
4	89360282	191154275	2	1	1	3	a	6	1	1	0.0402888274023	0.0689974770502	2	1	1	1	1	1	NA	NA	NA	NA	NA	NA	NA	2	1	1	1	1	1	NA	NA	NA	2	1	1
5	22500	708158	2	1	1	2	d	4	1	1	0.0327464773363	0.108345234701	2	1	1	NA	NA	NA	NA	NA	NA	NA	NA	NA	NA	1	0	1	1	1	1	NA	NA	NA	2	1	1
5	708159	851581	2	1	1	2	d	3	NA	NA	NA	NA	2	1	1	NA	NA	NA	NA	NA	NA	NA	NA	NA	NA	NA	NA	NA	1	1	1	NA	NA	NA	2	1	1
5	851582	27362597	2	1	1	3	a	6	1	1	0.0395538242159	0.0748085290135	2	1	1	1	1	1	NA	NA	NA	NA	NA	NA	NA	2	1	1	1	1	1	NA	NA	NA	2	1	1
5	27362598	27364207	2	1	1	3	b	5	1	1	0.05	0.1	2	1	1	1	1	1	NA	NA	NA	NA	NA	NA	NA	NA	NA	NA	1	1	1	NA	NA	NA	2	1	1
5	27364208	28927433	2	1	1	3	a	6	1	1	0.0347556736527	0.0703488165366	2	1	1	1	1	1	NA	NA	NA	NA	NA	NA	NA	2	1	1	1	1	1	NA	NA	NA	2	1	1
5	28927434	28927476	2	1	1	2	d	3	1	1	0.05	0.1	2	1	1	NA	NA	NA	NA	NA	NA	NA	NA	NA	NA	1	0	1	1	1	1	NA	NA	NA	1	0	1
5	28927477	28930828	1	1	0	2	d	3	1	1	0.05	0.1	NA	NA	NA	1	0	1	NA	NA	NA	NA	NA	NA	NA	1	0	1	2	0	0.133898	1	0	0.866102	1	0	1
5	28930829	46099999	2	1	1	3	a	6	1	1	0.0396628892735	0.0712608619237	2	1	1	1	1	1	NA	NA	NA	NA	NA	NA	NA	2	1	1	1	1	1	NA	NA	NA	2	1	1
5	46100000	50699999	2	1	1	3	a	6	1	1	0.0348447875895	0.0858602546354	2	1	1	1	1	1	NA	NA	NA	NA	NA	NA	NA	2	1	1	1	1	1	NA	NA	NA	2	1	1
5	50700000	82768748	2	1	1	3	a	6	1	1	0.0401010159863	0.0699361758992	2	1	1	1	1	1	NA	NA	NA	NA	NA	NA	NA	2	1	1	1	1	1	NA	NA	NA	2	1	1
5	82768749	82768831	2	1	1	3	b	5	1	1	0.05	0.1	2	1	1	1	1	1	NA	NA	NA	NA	NA	NA	NA	NA	NA	NA	1	1	1	NA	NA	NA	2	1	1
5	82768832	85757222	2	1	1	3	a	6	1	1	0.040696889585	0.069915684567	2	1	1	1	1	1	NA	NA	NA	NA	NA	NA	NA	2	1	1	1	1	1	NA	NA	NA	2	1	1
5	85757223	107618011	1	1	0	3	a	6	1	0	0.065856909401	0.0630762500426	1	0	1	1	0	1	NA	NA	NA	NA	NA	NA	NA	1	0	1	1	0	1	NA	NA	NA	1	0	1
5	107618012	107740435	1	1	0	2	d	5	1	0	0.05	0.0392308383245	0.869232	0.002874146	0.8663579	1	0	1	NA	NA	NA	NA	NA	NA	NA	1	0	1	1	0	1	NA	NA	NA	1	0	1
5	107740436	110869643	1	1	0	3	a	6	1	0	0.0689194608981	0.0539263110846	1	0	1	1	0	1	NA	NA	NA	NA	NA	NA	NA	1	0	1	1	0	1	NA	NA	NA	1	0	1
5	110869644	180689978	2	1	1	3	a	6	1	1	0.0402459109479	0.0738182989429	2	1	1	1	1	1	NA	NA	NA	NA	NA	NA	NA	2	1	1	1	1	1	NA	NA	NA	2	1	1
6	39681	247500	2	1	1	3	b	5	1	1	0.05	0.1	2	1	1	1	1	1	NA	NA	NA	NA	NA	NA	NA	NA	NA	NA	1	1	1	NA	NA	NA	2	1	1
6	247501	5552006	2	1	1	3	a	6	1	1	0.0426261081915	0.085145223617	2	1	1	1	1	1	NA	NA	NA	NA	NA	NA	NA	2	1	1	1	1	1	NA	NA	NA	2	1	1
6	5552007	7331193	1	1	0	3	a	6	1	0	0.0643741359594	0.0519089901735	1	0	1	1	0	1	NA	NA	NA	NA	NA	NA	NA	1	0	1	1	0	1	NA	NA	NA	1	0	1
6	7331194	7362637	2	1	1	2	d	4	1	1	0.05	0.1	1	0	1	1	1	1	NA	NA	NA	NA	NA	NA	NA	2	1	1	1	0	1	NA	NA	NA	2	1	1
6	7362638	7621444	1	1	0	3	a	6	1	0	0.070775085523	0.0487267089835	1	0	1	1	0	1	NA	NA	NA	NA	NA	NA	NA	1	0	1	1	0	1	NA	NA	NA	1	0	1
6	7621445	18215173	2	1	1	3	a	6	1	1	0.0402800250417	0.0681911510511	2	1	1	1	1	1	NA	NA	NA	NA	NA	NA	NA	2	1	1	1	1	1	NA	NA	NA	2	1	1
6	18215174	19839749	1	1	0	3	a	6	1	0	0.0695756318527	0.0478996315006	1	0	1	1	0	1	NA	NA	NA	NA	NA	NA	NA	1	0	1	1	0	1	NA	NA	NA	1	0	1
6	19839750	58699999	2	1	1	3	a	6	1	1	0.0440484888017	0.0752345689938	2	1	1	1	1	1	NA	NA	NA	NA	NA	NA	NA	2	1	1	1	1	1	NA	NA	NA	2	1	1
6	58700000	63299999	2	1	1	3	a	6	1	1	0.0346535732834	0.102715996106	2	1	1	1	1	1	NA	NA	NA	NA	NA	NA	NA	2	1	1	1	1	1	NA	NA	NA	2	1	1
6	63300000	126903010	2	1	1	2	d	3	0.91	0.91	0.0447364446805	0.0870635161166	1.767669	0.883834547	0.8838345	1	0	0.148704191673756	1	1	0.851295808326244	0.00189503503621874	0.00190607298525982	0.141794724316794	0.149009671310946	2	1	1	1	1	1	NA	NA	NA	2	1	1
6	126903011	170899934	2	1	1	3	a	6	1	1	0.0394699454678	0.0715129366453	2	1	1	1	1	1	NA	NA	NA	NA	NA	NA	NA	2	1	1	1	1	1	NA	NA	NA	2	1	1
7	40386	2496398	2	1	1	3	b	6	1	1	0.0387742607873	0.0782611064383	2	1	1	1	1	1	NA	NA	NA	NA	NA	NA	NA	1	0	1	1	1	1	NA	NA	NA	2	1	1
7	2496399	2508197	2	1	1	2	d	4	1	1	0.05	0.1	2	1	1	1	0	0.276711905731122	1	1	0.723288094268878	0.0967564678015192	0.0929033128131299	0.117995586177065	0.472890838381426	NA	NA	NA	1	1	1	NA	NA	NA	2	1	1
7	2508198	5465055	2	1	1	3	a	6	1	1	0.0406078069153	0.0723642322047	2	1	1	1	1	1	NA	NA	NA	NA	NA	NA	NA	2	1	1	1	1	1	NA	NA	NA	2	1	1
7	5465056	5465809	2	1	1	3	b	5	1	1	0.05	0.1	2	1	1	1	1	1	NA	NA	NA	NA	NA	NA	NA	NA	NA	NA	1	1	1	NA	NA	NA	2	1	1
7	5465810	57999999	2	1	1	3	a	6	1	1	0.0386434677878	0.0696624315192	2	1	1	1	1	1	NA	NA	NA	NA	NA	NA	NA	2	1	1	1	1	1	NA	NA	NA	2	1	1
7	58000000	61699999	2	1	1	3	b	5	1	1	0.05	0.112355867653	2	1	1	1	1	1	NA	NA	NA	NA	NA	NA	NA	NA	NA	NA	1	1	1	NA	NA	NA	2	1	1
7	61700000	91715945	2	1	1	3	a	6	1	1	0.0397452308099	0.0740820100824	2	1	1	1	1	1	NA	NA	NA	NA	NA	NA	NA	2	1	1	1	1	1	NA	NA	NA	2	1	1
7	91715946	91716069	2	1	1	3	b	5	1	1	0.05	0.1	2	1	1	1	1	1	NA	NA	NA	NA	NA	NA	NA	NA	NA	NA	1	1	1	NA	NA	NA	2	1	1
7	91716070	91964012	2	1	1	3	b	5	1	1	0.05	0.0700299395803	NA	NA	NA	1	1	1	NA	NA	NA	NA	NA	NA	NA	2	1	1	1	1	1	NA	NA	NA	2	1	1
7	91964013	97829425	2	1	1	3	a	6	1	1	0.0393636964833	0.0718418263621	2	1	1	1	1	1	NA	NA	NA	NA	NA	NA	NA	2	1	1	1	1	1	NA	NA	NA	2	1	1
7	97829426	97829455	2	1	1	3	b	5	1	1	0.05	0.1	2	1	1	1	1	1	NA	NA	NA	NA	NA	NA	NA	NA	NA	NA	1	1	1	NA	NA	NA	2	1	1
7	97829456	100006776	2	1	1	3	a	6	1	1	0.0338864330632	0.0676332511742	2	1	1	1	1	1	NA	NA	NA	NA	NA	NA	NA	2	1	1	1	1	1	NA	NA	NA	2	1	1
7	100006777	100006794	2	1	1	2	d	4	1	1	0.05	0.1	2	1	1	NA	NA	NA	NA	NA	NA	NA	NA	NA	NA	1	0	1	1	1	1	NA	NA	NA	2	1	1
7	100006795	100015671	2	1	1	2	d	3	1	1	0.05	0.1	NA	NA	NA	1	1	0.561713961382618	2	1	0.438286038617382	0.122750038407042	0.106131073140635	0.375590888457819	0.784610418439676	NA	NA	NA	1	1	1	NA	NA	NA	2	1	1
7	100015672	102032393	2	1	1	2	d	3	0.91	0.91	0.050686833909	0.0760942576977	1.759062	0.757041354	1.0020206	1	0	0.239294101543975	1	1	0.760705898456025	0.0101915882750408	0.0101193864346419	0.216300996510429	0.257240243289103	2	1	1	1	1	1	NA	NA	NA	2	1	1
7	102032394	158821400	2	1	1	3	a	6	1	1	0.0396165515379	0.0715735869097	2	1	1	1	1	1	NA	NA	NA	NA	NA	NA	NA	2	1	1	1	1	1	NA	NA	NA	2	1	1
8	10001	170011	2	1	1	2	d	4	1	1	0.05	0.1	NA	NA	NA	1	0	0.344024002441686	1	1	0.655975997558314	0.0984227995118815	0.094983066077754	0.105195935921192	0.494672907472187	2	1	1	1	1	1	NA	NA	NA	2	1	1
8	170012	6225266	2	1	1	3	a	6	1	1	0.0449910999857	0.0772185477489	2	1	1	1	1	1	NA	NA	NA	NA	NA	NA	NA	2	1	1	1	1	1	NA	NA	NA	2	1	1
8	6225267	11981434	1	1	0	3	a	6	1	0	0.0650601033631	0.0890609167186	1	0	1	1	0	1	NA	NA	NA	NA	NA	NA	NA	1	0	1	1	0	1	NA	NA	NA	1	0	1
8	11981435	17941095	1	1	0	3	a	6	1	0	0.0696003950949	0.0979492896426	1	0	1	1	0	1	NA	NA	NA	NA	NA	NA	NA	1	0	1	1	0	1	NA	NA	NA	1	0	1
8	17941096	17957453	2	1	1	2	d	4	1	0	0.05	0.1	1	0	1	1	1	1	NA	NA	NA	NA	NA	NA	NA	2	1	1	1	1	1	NA	NA	NA	2	1	1
8	17957454	24994209	1	1	0	3	a	6	1	0	0.0653570288955	0.0564010957134	1	0	1	1	0	1	NA	NA	NA	NA	NA	NA	NA	1	0	1	1	0	1	NA	NA	NA	1	0	1
8	24994210	24996496	1	1	0	1	g	NA	1	0	0.05	0.1	1	0	1	1	1	1	NA	NA	NA	NA	NA	NA	NA	2	1	1	1	0	1	NA	NA	NA	2	1	1
8	24996497	30610385	1	1	0	3	a	6	1	0	0.0655571485374	0.0632440056085	1	0	1	1	0	1	NA	NA	NA	NA	NA	NA	NA	1	0	1	1	0	1	NA	NA	NA	1	0	1
8	30610386	43099999	2	1	1	3	a	6	1	1	0.03988315493	0.074994704691	2	1	1	1	1	1	NA	NA	NA	NA	NA	NA	NA	2	1	1	1	1	1	NA	NA	NA	2	1	1
8	43100000	48099999	2	1	1	3	a	6	1	1	0.035058472942	0.117036163996	2	1	1	1	1	1	NA	NA	NA	NA	NA	NA	NA	2	1	1	1	1	1	NA	NA	NA	2	1	1
8	48100000	79763127	2	1	1	3	a	6	1	1	0.0395913424347	0.069480433626	2	1	1	1	1	1	NA	NA	NA	NA	NA	NA	NA	2	1	1	1	1	1	NA	NA	NA	2	1	1
8	79763128	79776202	1	1	0	2	d	4	1	0	0.05	0.1	2	1	1	1	0	1	NA	NA	NA	NA	NA	NA	NA	1	0	1	1	1	1	NA	NA	NA	1	0	1
8	79776203	145259653	2	1	1	3	a	6	1	1	0.0393951729605	0.0699795784952	2	1	1	1	1	1	NA	NA	NA	NA	NA	NA	NA	2	1	1	1	1	1	NA	NA	NA	2	1	1
8	145259654	145670538	2	1	1	2	d	3	1	1	0.05	0.0711464628706	1.786187	0.893093545	0.8930935	1	0	0.181031189863704	1	1	0.818968810136296	0.0501629679149201	0.0508012586151122	0.0674608848644859	0.258874944587701	NA	NA	NA	1	1	1	NA	NA	NA	2	1	1
9	47500	200859	2	1	1	2	d	2	1	1	0.05	0.1	NA	NA	NA	NA	NA	NA	NA	NA	NA	NA	NA	NA	NA	NA	NA	NA	1	0	0.517356	1	1	0.482644	2	1	1
9	200860	47299999	2	1	1	3	a	6	1	1	0.0399965623818	0.0761753095282	2	1	1	1	1	1	NA	NA	NA	NA	NA	NA	NA	2	1	1	1	1	1	NA	NA	NA	2	1	1
9	47300000	50699999	2	1	1	2	d	3	NA	NA	NA	NA	2	1	1	NA	NA	NA	NA	NA	NA	NA	NA	NA	NA	NA	NA	NA	1	1	1	NA	NA	NA	2	1	1
9	50700000	71372426	2	1	1	3	b	5	1	1	0.05	0.130957381752	NA	NA	NA	1	1	1	NA	NA	NA	NA	NA	NA	NA	2	1	1	1	1	1	NA	NA	NA	2	1	1
9	71372427	140273200	2	1	1	3	a	6	1	1	0.0395923972976	0.0693623096832	2	1	1	1	1	1	NA	NA	NA	NA	NA	NA	NA	2	1	1	1	1	1	NA	NA	NA	2	1	1
10	10001	130012	2	1	1	2	d	3	1	1	0.05	0.1	NA	NA	NA	1	0	0.478588203087948	1	1	0.521411796912052	NA	0	0.478588203087948	0.478588203087948	NA	NA	NA	1	1	1	NA	NA	NA	2	1	1
10	130013	37999999	2	1	1	3	a	6	1	1	0.0394159845825	0.0667592437987	2	1	1	1	1	1	NA	NA	NA	NA	NA	NA	NA	2	1	1	1	1	1	NA	NA	NA	2	1	1
10	38000000	42382499	2	1	1	3	b	5	1	1	0.05	0.15819244397	2	1	1	1	1	1	NA	NA	NA	NA	NA	NA	NA	2	1	1	NA	NA	NA	NA	NA	NA	2	1	1
10	42382500	135389924	2	1	1	3	a	6	1	1	0.0406039277864	0.0833124605449	2	1	1	1	1	1	NA	NA	NA	NA	NA	NA	NA	2	1	1	1	1	1	NA	NA	NA	2	1	1
11	20721	190009	2	1	1	2	d	3	1	1	0.05	0.1	NA	NA	NA	NA	NA	NA	NA	NA	NA	NA	NA	NA	NA	NA	NA	NA	1	1	1	NA	NA	NA	2	1	1
11	190010	33062557	2	1	1	3	a	6	1	1	0.041094117216	0.0764147209783	2	1	1	1	1	1	NA	NA	NA	NA	NA	NA	NA	2	1	1	1	1	1	NA	NA	NA	2	1	1
11	33062558	33461834	1	1	0	2	d	2	1	0.49	0.0716028710447	0.0612744657702	1.399224	0.402535554	0.9966883	1	0	0.622164664014329	1	1	0.377835335985671	0.0123848592019951	0.0121513725856282	0.589797123761563	0.63968594083817	1	0	1	1	0	0.620636	1	1	0.379364	1	0	1
11	33461835	51599999	2	1	1	3	a	6	1	1	0.0388098064051	0.0699762893682	2	1	1	1	1	1	NA	NA	NA	NA	NA	NA	NA	2	1	1	1	1	1	NA	NA	NA	2	1	1
11	51600000	55699999	2	1	1	3	a	6	1	1	0.0393032397519	0.130721594979	2	1	1	1	1	1	NA	NA	NA	NA	NA	NA	NA	2	1	1	1	1	1	NA	NA	NA	2	1	1
11	55700000	60542268	2	1	1	3	a	6	1	1	0.0373047158937	0.069428887542	2	1	1	1	1	1	NA	NA	NA	NA	NA	NA	NA	2	1	1	1	1	1	NA	NA	NA	2	1	1
11	60542269	60907577	2	1	1	2	d	3	1	0.91	0.0428012447895	0.0717186756452	1.708826	0.737815056	0.9710104	1	0	0.227592164513857	1	1	0.772407835486143	0.0278788973779204	0.0271317908670822	0.179121883227941	0.28735789040796	2	1	1	1	1	1	NA	NA	NA	2	1	1
11	60907578	134452200	2	1	1	3	a	6	1	1	0.039422106372	0.0698619302296	2	1	1	1	1	1	NA	NA	NA	NA	NA	NA	NA	2	1	1	1	1	1	NA	NA	NA	2	1	1
12	110107	33299999	2	1	1	3	a	6	1	1	0.0387072133385	0.0709679198907	2	1	1	1	1	1	NA	NA	NA	NA	NA	NA	NA	2	1	1	1	1	1	NA	NA	NA	2	1	1
12	33300000	38199999	2	1	1	3	a	6	1	1	0.0407296353658	0.0896166625332	2	1	1	1	1	1	NA	NA	NA	NA	NA	NA	NA	2	1	1	1	1	1	NA	NA	NA	2	1	1
12	38200000	49728224	2	1	1	3	a	6	1	1	0.0388896595356	0.0690725686074	2	1	1	1	1	1	NA	NA	NA	NA	NA	NA	NA	2	1	1	1	1	1	NA	NA	NA	2	1	1
12	49728225	49728278	2	1	1	3	b	5	1	1	0.05	0.1	2	1	1	1	1	1	NA	NA	NA	NA	NA	NA	NA	NA	NA	NA	1	1	1	NA	NA	NA	2	1	1
12	49728279	115101523	2	1	1	3	a	6	1	1	0.0391457382358	0.0696834082264	2	1	1	1	1	1	NA	NA	NA	NA	NA	NA	NA	2	1	1	1	1	1	NA	NA	NA	2	1	1
12	115101524	115129314	2	1	1	3	a	6	1	1	0.05	0.1	2	1	1	1	1	1	NA	NA	NA	NA	NA	NA	NA	2	1	1	1	1	1	NA	NA	NA	2	1	1
12	115129315	122253191	2	1	1	3	a	6	1	1	0.0393235665381	0.0685666873357	2	1	1	1	1	1	NA	NA	NA	NA	NA	NA	NA	2	1	1	1	1	1	NA	NA	NA	2	1	1
12	122253192	122602674	2	1	1	2	d	2	0.91	0.91	0.054115722485	0.0760885204563	1.782258	0.770632741	1.0116258	1	0	0.212530412691084	1	1	0.787469587308916	0.0232085812754374	0.023234219743901	0.169955080683457	0.259855361684737	NA	NA	NA	1	1	1	NA	NA	NA	2	1	1
12	122602675	132349400	2	1	1	3	a	6	1	1	0.0377747200252	0.0698558993799	2	1	1	1	1	1	NA	NA	NA	NA	NA	NA	NA	2	1	1	1	1	1	NA	NA	NA	2	1	1
12	132349401	133851894	2	1	1	3	b	5	NA	NA	NA	NA	2	1	1	1	1	1	NA	NA	NA	NA	NA	NA	NA	2	1	1	1	1	1	NA	NA	NA	2	1	1
13	1	16299999	2	1	1	1	h	1	NA	NA	NA	NA	NA	NA	NA	NA	NA	NA	NA	NA	NA	NA	NA	NA	NA	NA	NA	NA	NA	NA	NA	NA	NA	NA	2	1	1
13	16300000	19499999	2	1	1	2	d	4	1	1	0.05	0.0668010242618	NA	NA	NA	1	1	1	NA	NA	NA	NA	NA	NA	NA	NA	NA	NA	1	1	1	NA	NA	NA	2	1	1
13	19500000	93806642	2	1	1	3	a	6	1	1	0.0395005697217	0.0701264243113	2	1	1	1	1	1	NA	NA	NA	NA	NA	NA	NA	2	1	1	1	1	1	NA	NA	NA	2	1	1
13	93806643	94023815	2	1	1	2	d	4	1	1	0.0529045011121	0.0580677123589	2.247431	0.992699701	1.254731	1	1	0.737703732610808	2	1	0.262296267389192	0.0312259278309746	0.0324504444406924	0.641131482868184	0.767533220310705	2	1	1	1	1	1	NA	NA	NA	2	1	1
13	94023816	114142800	2	1	1	3	a	6	1	1	0.0384864890738	0.0688147523397	2	1	1	1	1	1	NA	NA	NA	NA	NA	NA	NA	2	1	1	1	1	1	NA	NA	NA	2	1	1
13	114142801	115169877	2	1	1	3	b	5	NA	NA	NA	NA	2	1	1	1	1	1	NA	NA	NA	NA	NA	NA	NA	2	1	1	1	1	1	NA	NA	NA	2	1	1
14	1	16099999	2	1	1	1	h	1	NA	NA	NA	NA	NA	NA	NA	NA	NA	NA	NA	NA	NA	NA	NA	NA	NA	NA	NA	NA	NA	NA	NA	NA	NA	NA	2	1	1
14	16100000	19099999	2	1	1	2	d	2	1	1	0.05	0.0712681193542	NA	NA	NA	NA	NA	NA	NA	NA	NA	NA	NA	NA	NA	NA	NA	NA	2	0	0.501584	2	1	0.498416	2	1	1
14	19100000	61113849	2	1	1	3	a	6	1	1	0.0391048724315	0.0742769921049	2	1	1	1	1	1	NA	NA	NA	NA	NA	NA	NA	2	1	1	1	1	1	NA	NA	NA	2	1	1
14	61113850	61114146	2	1	1	3	b	5	1	1	0.05	0.1	2	1	1	1	1	1	NA	NA	NA	NA	NA	NA	NA	NA	NA	NA	1	1	1	NA	NA	NA	2	1	1
14	61114147	68223769	2	1	1	3	a	6	1	1	0.0394671775362	0.0684242152879	2	1	1	1	1	1	NA	NA	NA	NA	NA	NA	NA	2	1	1	1	1	1	NA	NA	NA	2	1	1
14	68223770	69339994	1	1	0	3	a	6	1	0	0.0626420851399	0.0469704134339	1	0	1	1	0	1	NA	NA	NA	NA	NA	NA	NA	1	0	1	1	0	1	NA	NA	NA	1	0	1
14	69339995	100803215	2	1	1	3	a	6	1	1	0.0391854151912	0.0698196668968	2	1	1	1	1	1	NA	NA	NA	NA	NA	NA	NA	2	1	1	1	1	1	NA	NA	NA	2	1	1
14	100803216	100821262	2	1	1	3	b	5	1	1	0.05	0.1	2	1	1	1	1	1	NA	NA	NA	NA	NA	NA	NA	NA	NA	NA	1	1	1	NA	NA	NA	2	1	1
14	100821263	106368400	2	1	1	3	a	6	1	1	0.0360440544861	0.116870567906	2	1	1	1	1	1	NA	NA	NA	NA	NA	NA	NA	2	1	1	1	1	1	NA	NA	NA	2	1	1
15	1	15799999	2	1	1	1	h	1	NA	NA	NA	NA	NA	NA	NA	NA	NA	NA	NA	NA	NA	NA	NA	NA	NA	NA	NA	NA	NA	NA	NA	NA	NA	NA	2	1	1
15	15800000	20699999	2	1	1	2	d	3	1	1	0.05	0.126256561254	NA	NA	NA	1	1	1	NA	NA	NA	NA	NA	NA	NA	NA	NA	NA	2	0	0.382568	2	1	0.617432	2	1	1
15	20700000	67590664	2	1	1	3	a	6	1	1	0.0399142690757	0.0771677651087	2	1	1	1	1	1	NA	NA	NA	NA	NA	NA	NA	2	1	1	1	1	1	NA	NA	NA	2	1	1
15	67590665	67594292	2	1	1	3	b	5	1	1	0.05	0.1	2	1	1	1	1	1	NA	NA	NA	NA	NA	NA	NA	NA	NA	NA	1	1	1	NA	NA	NA	2	1	1
15	67594293	68103509	2	1	1	3	a	6	1	1	0.03515234091	0.0767146191957	2	1	1	1	1	1	NA	NA	NA	NA	NA	NA	NA	2	1	1	1	1	1	NA	NA	NA	2	1	1
15	68103510	68117286	2	1	1	1	g	NA	1	1	0.05	0.1	2	1	1	1	0	1	NA	NA	NA	NA	NA	NA	NA	1	0	1	1	1	1	NA	NA	NA	1	0	1
15	68117287	100338800	2	1	1	3	a	6	1	1	0.0392207495022	0.0690632306015	2	1	1	1	1	1	NA	NA	NA	NA	NA	NA	NA	2	1	1	1	1	1	NA	NA	NA	2	1	1
15	100338801	102531391	2	1	1	3	b	5	NA	NA	NA	NA	2	1	1	1	1	1	NA	NA	NA	NA	NA	NA	NA	2	1	1	1	1	1	NA	NA	NA	2	1	1
16	100010	34599999	2	1	1	3	a	6	1	1	0.0392243496879	0.117162339387	2	1	1	1	1	1	NA	NA	NA	NA	NA	NA	NA	2	1	1	1	1	1	NA	NA	NA	2	1	1
16	34600000	38599999	2	1	1	3	a	6	1	1	0.05	0.107108076188	2	1	1	1	1	1	NA	NA	NA	NA	NA	NA	NA	2	1	1	1	1	1	NA	NA	NA	2	1	1
16	38600000	71016763	2	1	1	3	a	6	1	1	0.0400353951556	0.0742878486798	2	1	1	1	1	1	NA	NA	NA	NA	NA	NA	NA	2	1	1	1	1	1	NA	NA	NA	2	1	1
16	71016764	88827200	1	1	0	3	a	6	1	0	0.065241586347	0.0569007922487	1	0	1	1	0	1	NA	NA	NA	NA	NA	NA	NA	1	0	1	1	0	1	NA	NA	NA	1	0	1
16	88827201	90354752	1	1	0	3	b	5	NA	NA	NA	NA	1	0	1	1	0	1	NA	NA	NA	NA	NA	NA	NA	1	0	1	1	0	1	NA	NA	NA	1	0	1
17	15222	4107728	2	1	1	3	a	6	1	1	0.036252399696	0.0841319019329	2	1	1	1	1	1	NA	NA	NA	NA	NA	NA	NA	2	1	1	1	1	1	NA	NA	NA	2	1	1
17	4107729	4107898	2	1	1	2	d	3	NA	NA	NA	NA	2	1	1	NA	NA	NA	NA	NA	NA	NA	NA	NA	NA	1	0	1	1	1	1	NA	NA	NA	2	1	1
17	4107899	4109078	1	1	0	2	d	2	NA	NA	NA	NA	NA	NA	NA	NA	NA	NA	NA	NA	NA	NA	NA	NA	NA	1	0	1	1	0	1	NA	NA	NA	NA	NA	NA
17	4109079	8261199	1	1	0	3	a	6	1	0	0.0589856139609	0.0491690576882	1	0	1	1	0	1	NA	NA	NA	NA	NA	NA	NA	1	0	1	1	0	1	NA	NA	NA	1	0	1
17	8261200	22199999	2	1	1	3	a	6	1	1	0.0443299758314	0.0992990665566	2	1	1	1	1	1	NA	NA	NA	NA	NA	NA	NA	2	1	1	1	1	1	NA	NA	NA	2	1	1
17	22200000	25799999	2	1	1	3	a	6	1	1	0.0329752232978	0.0746878310194	2	1	1	1	1	1	NA	NA	NA	NA	NA	NA	NA	2	1	1	1	1	1	NA	NA	NA	2	1	1
17	25800000	73756019	2	1	1	3	a	6	1	1	0.0393738887068	0.0991099874746	2	1	1	1	1	1	NA	NA	NA	NA	NA	NA	NA	2	1	1	1	1	1	NA	NA	NA	2	1	1
17	73756020	75124578	1	1	0	3	a	6	1	0	0.0699594274944	0.0528540805662	1	0	1	1	0	1	NA	NA	NA	NA	NA	NA	NA	1	0	1	1	0	1	NA	NA	NA	1	0	1
17	75124579	78774600	2	1	1	3	a	6	1	1	0.0390499820642	0.116927867181	2	1	1	1	1	1	NA	NA	NA	NA	NA	NA	NA	2	1	1	1	1	1	NA	NA	NA	2	1	1
17	78774601	81195209	2	1	1	3	b	5	NA	NA	NA	NA	2	1	1	1	1	1	NA	NA	NA	NA	NA	NA	NA	2	1	1	1	1	1	NA	NA	NA	2	1	1
18	27500	15399999	2	1	1	3	a	6	1	1	0.0384480749007	0.0889410011763	2	1	1	1	1	1	NA	NA	NA	NA	NA	NA	NA	2	1	1	1	1	1	NA	NA	NA	2	1	1
18	15400000	18999999	2	1	1	3	a	6	1	1	0.05	0.0758774501498	2	1	1	1	1	1	NA	NA	NA	NA	NA	NA	NA	2	1	1	1	1	1	NA	NA	NA	2	1	1
18	19000000	23850356	2	1	1	3	a	6	1	1	0.0390300456508	0.0662631678143	2	1	1	1	1	1	NA	NA	NA	NA	NA	NA	NA	2	1	1	1	1	1	NA	NA	NA	2	1	1
18	23850357	23885986	1	1	0	3	a	6	1	0	0.05	0.1	1	0	1	1	0	1	NA	NA	NA	NA	NA	NA	NA	1	0	1	1	0	1	NA	NA	NA	1	0	1
18	23885987	76117000	2	1	1	3	a	6	1	1	0.0384842601089	0.0733170095169	2	1	1	1	1	1	NA	NA	NA	NA	NA	NA	NA	2	1	1	1	1	1	NA	NA	NA	2	1	1
18	76117001	78077247	2	1	1	3	b	5	NA	NA	NA	NA	2	1	1	1	1	1	NA	NA	NA	NA	NA	NA	NA	2	1	1	1	1	1	NA	NA	NA	2	1	1
19	260137	6461708	2	1	1	3	a	6	1	1	0.0365247749258	0.094820692236	2	1	1	1	1	1	NA	NA	NA	NA	NA	NA	NA	2	1	1	1	1	1	NA	NA	NA	2	1	1
19	6461709	6463881	2	1	1	1	g	NA	1	1	0.05	0.1	2	1	1	1	0	1	NA	NA	NA	NA	NA	NA	NA	2	0	2	1	1	1	NA	NA	NA	1	0	1
19	6463882	24399999	2	1	1	3	a	6	1	1	0.0398787254312	0.0776138758634	2	1	1	1	1	1	NA	NA	NA	NA	NA	NA	NA	2	1	1	1	1	1	NA	NA	NA	2	1	1
19	24400000	28599999	2	1	1	3	a	6	1	1	0.034350011115	0.105456904362	2	1	1	1	1	1	NA	NA	NA	NA	NA	NA	NA	2	1	1	1	1	1	NA	NA	NA	2	1	1
19	28600000	59128982	2	1	1	3	a	6	1	1	0.042769997032	0.105427969695	2	1	1	1	1	1	NA	NA	NA	NA	NA	NA	NA	2	1	1	1	1	1	NA	NA	NA	2	1	1
20	17500	15304209	2	1	1	2	d	4	1	1	0.0398060694806	0.0685981430864	2	1	1	NA	NA	NA	NA	NA	NA	NA	NA	NA	NA	2	1	1	1	1	1	NA	NA	NA	NA	NA	NA
20	15304210	16489215	2	1	1	2	e	4	1.51	1	0.0502923163446	0.0710955438411	2.620128	1.023246983	1.5968805	NA	NA	NA	NA	NA	NA	NA	NA	NA	NA	2	1	1	2	1	0.567375	1	1	0.432625	NA	NA	NA
20	16489216	25599999	2	1	1	3	a	6	1	1	0.0395021134715	0.0667783300981	2	1	1	1	1	1	NA	NA	NA	NA	NA	NA	NA	2	1	1	1	1	1	NA	NA	NA	2	1	1
20	25600000	29399999	2	1	1	3	a	6	1	1	0.0302503397447	0.135505002246	2	1	1	1	1	1	NA	NA	NA	NA	NA	NA	NA	2	1	1	1	1	1	NA	NA	NA	2	1	1
20	29400000	62432500	2	1	1	3	a	6	1	1	0.0389947058085	0.0726091517418	2	1	1	1	1	1	NA	NA	NA	NA	NA	NA	NA	2	1	1	1	1	1	NA	NA	NA	2	1	1
21	1	9417499	NA	NA	NA	NA	NA	NA	NA	NA	NA	NA	NA	NA	NA	NA	NA	NA	NA	NA	NA	NA	NA	NA	NA	NA	NA	NA	NA	NA	NA	NA	NA	NA	NA	NA	NA
21	9417500	10899999	NA	NA	NA	NA	NA	NA	NA	NA	NA	NA	NA	NA	NA	NA	NA	NA	NA	NA	NA	NA	NA	NA	NA	NA	NA	NA	NA	NA	NA	NA	NA	NA	NA	NA	NA
21	10900000	14299999	2	1	1	1	g	NA	NA	NA	NA	NA	NA	NA	NA	NA	NA	NA	NA	NA	NA	NA	NA	NA	NA	NA	NA	NA	1	1	1	NA	NA	NA	NA	NA	NA
21	14300000	38548698	2	1	1	3	b	5	1	1	0.0392093101628	0.0673307229799	2	1	1	1	1	1	NA	NA	NA	NA	NA	NA	NA	2	1	1	1	1	1	NA	NA	NA	NA	NA	NA
21	38548699	38548796	2	1	1	2	d	4	1	1	0.05	0.1	2	1	1	1	1	1	NA	NA	NA	NA	NA	NA	NA	NA	NA	NA	1	1	1	NA	NA	NA	NA	NA	NA
21	38548797	39872428	2	1	1	3	b	5	1	1	0.0371868832423	0.0627644678028	2	1	1	1	1	1	NA	NA	NA	NA	NA	NA	NA	2	1	1	1	1	1	NA	NA	NA	NA	NA	NA
21	39872429	39872636	2	1	1	2	d	4	1	1	0.05	0.1	2	1	1	1	1	1	NA	NA	NA	NA	NA	NA	NA	NA	NA	NA	1	1	1	NA	NA	NA	NA	NA	NA
21	39872637	42862180	2	1	1	3	b	5	1	1	0.0397841227474	0.0707951282083	2	1	1	1	1	1	NA	NA	NA	NA	NA	NA	NA	2	1	1	1	1	1	NA	NA	NA	NA	NA	NA
21	42862181	42862326	2	1	1	2	d	3	1	1	0.05	0.1	2	1	1	0	0	0.922418842208992	1	0	0.077581157791008	NA	0	0.922418842208992	0.922418842208992	NA	NA	NA	1	1	1	NA	NA	NA	NA	NA	NA
21	42862327	42867737	2	1	1	2	d	3	1	1	0.05	0.1	NA	NA	NA	1	0	0.367975021855515	1	1	0.632024978144485	0.0750486612466655	0.0745125938369837	0.168259129417065	0.456257526302002	2	1	1	1	1	1	NA	NA	NA	NA	NA	NA
21	42867738	42867861	2	1	1	2	d	2	1	1	0.05	0.1	NA	NA	NA	NA	NA	NA	NA	NA	NA	NA	NA	NA	NA	NA	NA	NA	1	1	1	NA	NA	NA	NA	NA	NA
21	42867862	46937500	2	1	1	3	b	5	1	1	0.0373055962835	0.0753814871384	2	1	1	1	1	1	NA	NA	NA	NA	NA	NA	NA	2	1	1	1	1	1	NA	NA	NA	NA	NA	NA
21	46937501	48129894	2	1	1	2	d	4	NA	NA	NA	NA	2	1	1	1	1	1	NA	NA	NA	NA	NA	NA	NA	2	1	1	1	1	1	NA	NA	NA	NA	NA	NA
22	1	12199999	2	1	1	1	h	1	NA	NA	NA	NA	NA	NA	NA	NA	NA	NA	NA	NA	NA	NA	NA	NA	NA	NA	NA	NA	NA	NA	NA	NA	NA	NA	2	1	1
22	12200000	17899999	2	1	1	3	a	6	1	1	0.0507866636352	0.164711907548	2	1	1	1	1	1	NA	NA	NA	NA	NA	NA	NA	2	1	1	1	1	1	NA	NA	NA	2	1	1
22	17900000	49687500	2	1	1	3	a	6	1	1	0.0401767927229	0.080457241746	2	1	1	1	1	1	NA	NA	NA	NA	NA	NA	NA	2	1	1	1	1	1	NA	NA	NA	2	1	1
22	49687501	51304565	2	1	1	3	b	5	NA	NA	NA	NA	2	1	1	1	1	1	NA	NA	NA	NA	NA	NA	NA	2	1	1	1	1	1	NA	NA	NA	2	1	1
X	1	58099999	1	1	0	3	a	3	1	0	0.0665123822172	0.094917736364	1	0	1	NA	NA	NA	NA	NA	NA	NA	NA	NA	NA	1	0	1	NA	NA	NA	NA	NA	NA	1	0	1
X	58100000	62999999	1	1	0	3	a	3	1	0	0.05	0.164552355332	1	0	1	NA	NA	NA	NA	NA	NA	NA	NA	NA	NA	1	0	1	NA	NA	NA	NA	NA	NA	1	0	1
X	63000000	155270559	1	1	0	3	a	3	1	0	0.05	0.0878588153918	1	0	1	NA	NA	NA	NA	NA	NA	NA	NA	NA	NA	1	0	1	NA	NA	NA	NA	NA	NA	1	0	1
Y	1	6082802	1	1	0	1	h	1	NA	NA	NA	NA	1	0	1	NA	NA	NA	NA	NA	NA	NA	NA	NA	NA	NA	NA	NA	NA	NA	NA	NA	NA	NA	2	0	2
Y	6082803	11599999	1	1	0	1	h	1	NA	NA	NA	NA	1	0	1	NA	NA	NA	NA	NA	NA	NA	NA	NA	NA	NA	NA	NA	NA	NA	NA	NA	NA	NA	2	0	2
Y	11600000	13399999	1	1	0	1	h	1	NA	NA	NA	NA	1	0	1	NA	NA	NA	NA	NA	NA	NA	NA	NA	NA	NA	NA	NA	NA	NA	NA	NA	NA	NA	2	0	2
Y	13400000	59373565	1	1	0	1	h	1	NA	NA	NA	NA	1	0	1	NA	NA	NA	NA	NA	NA	NA	NA	NA	NA	NA	NA	NA	NA	NA	NA	NA	NA	NA	2	0	2
