chromosome	start	end	total_cn	major_cn	minor_cn	star	level	methods_agree	absolute_broad_major_cn	absolute_broad_minor_cn	absolute_broad_het_error	absolute_broad_cov_error	aceseq_copy_number	aceseq_minor_cn	aceseq_major_cn	battenberg_nMaj1_A	battenberg_nMin1_A	battenberg_frac1_A	battenberg_nMaj2_A	battenberg_nMin2_A	battenberg_frac2_A	battenberg_SDfrac_A	battenberg_SDfrac_A_BS	battenberg_frac1_A_0.025	battenberg_frac1_A_0.975	clonehd_copy_number	clonehd_minor_cn	clonehd_major_cn	sclust_nMaj1_A	sclust_nMin1_A	sclust_frac1_A	sclust_nMaj2_A	sclust_nMin2_A	sclust_frac2_A	jabba_copy_number	jabba_minor_cn	jabba_major_cn
1	1	790008	3	2	1	3	b	5	2	1	0.05	0.379692905263	NA	NA	NA	2	1	1	NA	NA	NA	NA	NA	NA	NA	3	1	2	2	1	1	NA	NA	NA	3	1	2
1	790009	23947505	3	2	1	3	a	6	2	1	0.0566599062572	0.109218580441	3	1	2	2	1	1	NA	NA	NA	NA	NA	NA	NA	3	1	2	2	1	1	NA	NA	NA	3	1	2
1	23947506	23950511	3	2	1	2	d	4	2	1	0.05	0.1	3	1	2	1	0	0.683276059564699	2	0	0.316723940435301	NA	0	0.683276059564699	0.683276059564699	3	1	2	2	1	1	NA	NA	NA	2	0	2
1	23950512	28842189	3	2	1	3	a	6	2	1	0.0580441281341	0.0824925266906	3	1	2	2	1	1	NA	NA	NA	NA	NA	NA	NA	3	1	2	2	1	1	NA	NA	NA	3	1	2
1	28842190	28847593	3	2	1	3	a	6	2	1	0.05	0.1	3	1	2	2	1	1	NA	NA	NA	NA	NA	NA	NA	3	1	2	2	1	1	NA	NA	NA	3	1	2
1	28847594	55197365	3	2	1	3	a	6	2	1	0.0556327595131	0.0820710423051	3	1	2	2	1	1	NA	NA	NA	NA	NA	NA	NA	3	1	2	2	1	1	NA	NA	NA	3	1	2
1	55197366	55197376	3	2	1	3	a	6	2	1	0.05	0.1	3	1	2	2	1	1	NA	NA	NA	NA	NA	NA	NA	3	1	2	2	1	1	NA	NA	NA	3	1	2
1	55197377	55197433	3	2	1	3	b	5	2	1	0.05	0.1	NA	NA	NA	2	1	1	NA	NA	NA	NA	NA	NA	NA	3	1	2	2	1	1	NA	NA	NA	3	1	2
1	55197434	55198139	3	2	1	3	b	5	2	1	0.05	0.1	NA	NA	NA	2	1	1	NA	NA	NA	NA	NA	NA	NA	3	1	2	2	1	1	NA	NA	NA	3	1	2
1	55198140	55198275	3	2	1	2	d	3	2	1	0.05	0.1	NA	NA	NA	NA	NA	NA	NA	NA	NA	NA	NA	NA	NA	3	1	2	2	1	1	NA	NA	NA	4	1	3
1	55198276	55198938	3	2	1	2	d	3	2	1	0.05	0.1	NA	NA	NA	2	2	1	NA	NA	NA	NA	NA	NA	NA	3	1	2	2	1	1	NA	NA	NA	4	1	3
1	55198939	121499999	3	2	1	3	a	6	2	1	0.0583365764378	0.0914182170577	3	1	2	2	1	1	NA	NA	NA	NA	NA	NA	NA	3	1	2	2	1	1	NA	NA	NA	3	1	2
1	121500000	128899999	3	2	1	2	d	4	2	1	0.05	0.1	3	1	2	NA	NA	NA	NA	NA	NA	NA	NA	NA	NA	3	1	2	2	1	1	NA	NA	NA	NA	NA	NA
1	128900000	142571402	3	2	1	2	d	3	2	1	0.05	0.1	NA	NA	NA	NA	NA	NA	NA	NA	NA	NA	NA	NA	NA	3	1	2	2	1	1	NA	NA	NA	NA	NA	NA
1	142571403	142715801	3	2	1	2	d	3	2	1	0.05	0.178927004409	NA	NA	NA	NA	NA	NA	NA	NA	NA	NA	NA	NA	NA	3	1	2	2	1	1	NA	NA	NA	NA	NA	NA
1	142715802	143182500	3	2	1	2	d	4	2	1	0.05	0.3253065423	NA	NA	NA	NA	NA	NA	NA	NA	NA	NA	NA	NA	NA	3	1	2	2	1	1	NA	NA	NA	3	1	2
1	143182501	179284315	3	2	1	3	a	6	2	1	0.0561463596023	0.100959338544	3	1	2	2	1	1	NA	NA	NA	NA	NA	NA	NA	3	1	2	2	1	1	NA	NA	NA	3	1	2
1	179284316	179286837	3	2	1	2	d	4	2	1	0.05	0.1	3	1	2	2	0	1	NA	NA	NA	NA	NA	NA	NA	3	1	2	2	1	1	NA	NA	NA	2	0	2
1	179286838	247247500	3	2	1	3	a	6	2	1	0.0578885286589	0.0887241197639	3	1	2	2	1	1	NA	NA	NA	NA	NA	NA	NA	3	1	2	2	1	1	NA	NA	NA	3	1	2
1	247247501	249250620	3	2	1	3	b	5	NA	NA	NA	NA	3	1	2	2	1	1	NA	NA	NA	NA	NA	NA	NA	3	1	2	2	1	1	NA	NA	NA	3	1	2
2	20016	57999274	4	2	2	3	a	6	2	2	0.0355823990681	0.104972434044	4	2	2	2	2	1	NA	NA	NA	NA	NA	NA	NA	4	2	2	2	2	1	NA	NA	NA	4	2	2
2	57999275	58073531	2	2	0	2	d	5	2	0	0.05	0.0862769358371	2.37315	0.111437664	2.26171211	2	0	1	NA	NA	NA	NA	NA	NA	NA	2	0	2	2	0	1	NA	NA	NA	2	0	2
2	58073532	89179989	4	2	2	3	a	6	2	2	0.0355461586052	0.11350180928	4	2	2	2	2	1	NA	NA	NA	NA	NA	NA	NA	4	2	2	2	2	1	NA	NA	NA	4	2	2
2	89179990	89545934	4	2	2	2	d	3	NA	NA	NA	NA	3.924695	1.693214613	2.23148069	2	2	0.837402079730448	3	2	0.162597920269552	0.116179146595917	0.124111297755002	0.387699165564757	0.870401845360665	4	2	2	2	2	1	NA	NA	NA	4	2	2
2	89545935	90027199	3	2	1	2	f	2	NA	NA	NA	NA	3.924695	1.693214613	2.23148069	NA	NA	NA	NA	NA	NA	NA	NA	NA	NA	3	1	2	3	1	1	NA	NA	NA	4	2	2
2	90027200	90499999	4	2	2	2	d	3	1.68	1.68	0.05	0.40189829847	NA	NA	NA	NA	NA	NA	NA	NA	NA	NA	NA	NA	NA	4	2	2	2	2	1	NA	NA	NA	4	2	2
2	90500000	96833068	NA	NA	NA	NA	NA	NA	2	2	0.0360623971381	0.152739123047	4	2	2	NA	NA	NA	NA	NA	NA	NA	NA	NA	NA	4	2	2	2	2	1	NA	NA	NA	4	2	2
2	96833069	98130601	2	2	0	3	a	6	2	0	0.0613290607099	0.0945251649437	2	0	2	2	0	1	NA	NA	NA	NA	NA	NA	NA	2	0	2	2	0	1	NA	NA	NA	2	0	2
2	98130602	98217672	2	2	0	3	b	6	2	0	0.05	0.1	2	0	2	2	0	1	NA	NA	NA	NA	NA	NA	NA	2	0	2	1	0	1	NA	NA	NA	2	0	2
2	98217673	101267616	2	2	0	3	a	6	2	0	0.0524976460796	0.0698325061966	2	0	2	2	0	1	NA	NA	NA	NA	NA	NA	NA	2	0	2	2	0	1	NA	NA	NA	2	0	2
2	101267617	146090221	4	2	2	3	a	6	2	2	0.0358199489305	0.107430882121	4	2	2	2	2	1	NA	NA	NA	NA	NA	NA	NA	4	2	2	2	2	1	NA	NA	NA	4	2	2
2	146090222	146091212	4	2	2	3	b	5	2	2	0.05	0.1	4	2	2	2	2	1	NA	NA	NA	NA	NA	NA	NA	NA	NA	NA	2	2	1	NA	NA	NA	4	2	2
2	146091213	242999968	4	2	2	3	a	6	2	2	0.0357901309781	0.10674406069	4	2	2	2	2	1	NA	NA	NA	NA	NA	NA	NA	4	2	2	2	2	1	NA	NA	NA	4	2	2
3	100074	87899999	3	2	1	3	a	6	2	1	0.0585890303862	0.0931207832492	3	1	2	2	1	1	NA	NA	NA	NA	NA	NA	NA	3	1	2	2	1	1	NA	NA	NA	3	1	2
3	87900000	93899999	3	2	1	3	b	5	2	1	0.0512551685125	0.097249152801	3	1	2	NA	NA	NA	NA	NA	NA	NA	NA	NA	NA	3	1	2	2	1	1	NA	NA	NA	3	1	2
3	93900000	101704505	3	2	1	3	a	6	2	1	0.0622916733835	0.0902672172081	3	1	2	2	1	1	NA	NA	NA	NA	NA	NA	NA	3	1	2	2	1	1	NA	NA	NA	3	1	2
3	101704506	101729060	3	2	1	2	d	4	2	1	0.05	0.1	3	1	2	1	1	1	NA	NA	NA	NA	NA	NA	NA	3	1	2	2	1	1	NA	NA	NA	2	1	1
3	101729061	192670171	3	2	1	3	a	6	2	1	0.0576517991213	0.0886513655085	3	1	2	2	1	1	NA	NA	NA	NA	NA	NA	NA	3	1	2	2	1	1	NA	NA	NA	3	1	2
3	192670172	192670219	3	2	1	2	d	4	2	1	0.05	0.1	3	1	2	NA	NA	NA	NA	NA	NA	NA	NA	NA	NA	NA	NA	NA	2	1	1	NA	NA	NA	3	1	2
3	192670220	192674829	2	2	0	2	d	3	2	1	0.05	0.1	NA	NA	NA	2	0	1	NA	NA	NA	NA	NA	NA	NA	2	0	2	2	1	1	NA	NA	NA	2	0	2
3	192674830	192675474	3	2	1	2	d	3	2	1	0.05	0.1	NA	NA	NA	2	0	0.411526869428235	2	1	0.588473130571765	0.0861225151719676	0.0749595916797105	0.29127498294306	0.600142845839833	4	1	3	2	1	1	NA	NA	NA	3	1	2
3	192675475	192676768	3	2	1	2	d	3	2	1	0.05	0.1	NA	NA	NA	2	0	1	NA	NA	NA	NA	NA	NA	NA	2	0	2	2	1	1	NA	NA	NA	3	1	2
3	192676769	192676937	3	2	1	2	d	4	2	1	0.05	0.1	NA	NA	NA	NA	NA	NA	NA	NA	NA	NA	NA	NA	NA	3	1	2	2	1	1	NA	NA	NA	3	1	2
3	192676938	192677094	3	2	1	2	d	4	2	1	0.05	0.1	NA	NA	NA	NA	NA	NA	NA	NA	NA	NA	NA	NA	NA	3	1	2	2	1	1	NA	NA	NA	3	1	2
3	192677095	198022429	3	2	1	3	a	6	2	1	0.0551320440484	0.136522077444	3	1	2	2	1	1	NA	NA	NA	NA	NA	NA	NA	3	1	2	2	1	1	NA	NA	NA	3	1	2
4	29340	9162731	3	2	1	3	a	6	2	1	0.059713700209	0.0950895804303	3	1	2	2	1	1	NA	NA	NA	NA	NA	NA	NA	3	1	2	2	1	1	NA	NA	NA	3	1	2
4	9162732	9454965	3	2	1	2	d	5	2	2	0.05	0.083606356329	3	1	2	2	1	1	NA	NA	NA	NA	NA	NA	NA	3	1	2	2	1	1	NA	NA	NA	3	1	2
4	9454966	48199999	3	2	1	3	a	6	2	1	0.0588813790862	0.089126865973	3	1	2	2	1	1	NA	NA	NA	NA	NA	NA	NA	3	1	2	2	1	1	NA	NA	NA	3	1	2
4	48200000	52699999	3	2	1	3	b	5	2	1	0.0545703805831	0.227771641583	3	1	2	NA	NA	NA	NA	NA	NA	NA	NA	NA	NA	3	1	2	2	1	1	NA	NA	NA	3	1	2
4	52700000	190766177	3	2	1	3	a	6	2	1	0.0593900761423	0.0954994073208	3	1	2	2	1	1	NA	NA	NA	NA	NA	NA	NA	3	1	2	2	1	1	NA	NA	NA	3	1	2
5	14676	46099999	4	2	2	3	a	6	2	2	0.0364740125341	0.112872881221	4	2	2	2	2	1	NA	NA	NA	NA	NA	NA	NA	4	2	2	2	2	1	NA	NA	NA	4	2	2
5	46100000	50699999	4	2	2	3	a	6	2	2	0.0348432182235	0.118149673836	4	2	2	2	2	1	NA	NA	NA	NA	NA	NA	NA	4	2	2	2	2	1	NA	NA	NA	4	2	2
5	50700000	107643740	4	2	2	3	a	6	2	2	0.0363741153016	0.103193127107	4	2	2	2	2	1	NA	NA	NA	NA	NA	NA	NA	4	2	2	2	2	1	NA	NA	NA	4	2	2
5	107643741	107706759	3	2	1	3	b	6	2	1	0.05	0.065527757117	4	2	2	2	1	1	NA	NA	NA	NA	NA	NA	NA	3	1	2	2	1	1	NA	NA	NA	3	1	2
5	107706760	130685308	4	2	2	3	a	6	2	2	0.0347801220694	0.104283055549	4	2	2	2	2	1	NA	NA	NA	NA	NA	NA	NA	4	2	2	2	2	1	NA	NA	NA	4	2	2
5	130685309	130689875	4	2	2	1	g	NA	2	2	0.05	0.1	4	2	2	2	0	1	NA	NA	NA	NA	NA	NA	NA	2	0	2	2	2	1	NA	NA	NA	2	0	2
5	130689876	150303096	4	2	2	3	a	6	2	2	0.0339845849598	0.106157984287	4	2	2	2	2	1	NA	NA	NA	NA	NA	NA	NA	4	2	2	2	2	1	NA	NA	NA	4	2	2
5	150303097	150320897	4	2	2	2	d	4	NA	NA	NA	NA	4	2	2	2	2	1	NA	NA	NA	NA	NA	NA	NA	NA	NA	NA	2	2	1	NA	NA	NA	4	2	2
5	150320898	180673206	4	2	2	3	a	6	2	2	0.0350251569447	0.101320205612	4	2	2	2	2	1	NA	NA	NA	NA	NA	NA	NA	4	2	2	2	2	1	NA	NA	NA	4	2	2
6	39681	204483	3	2	1	2	d	2	NA	NA	NA	NA	NA	NA	NA	NA	NA	NA	NA	NA	NA	NA	NA	NA	NA	3	1	2	NA	NA	NA	NA	NA	NA	3	1	2
6	204484	24818562	3	2	1	3	a	6	2	1	0.0584706623603	0.0883235019769	3	1	2	2	1	1	NA	NA	NA	NA	NA	NA	NA	3	1	2	2	1	1	NA	NA	NA	3	1	2
6	24818563	24819956	3	2	1	2	d	3	NA	NA	NA	NA	3	1	2	1	0	1	NA	NA	NA	NA	NA	NA	NA	3	1	2	2	1	1	NA	NA	NA	2	1	1
6	24819957	26233953	3	2	1	3	a	6	2	1	0.0561167711341	0.0807895753193	3	1	2	2	1	1	NA	NA	NA	NA	NA	NA	NA	3	1	2	2	1	1	NA	NA	NA	3	1	2
6	26233954	26242238	3	2	1	2	d	4	2	1	0.05	0.1	3	1	2	3	0	1	NA	NA	NA	NA	NA	NA	NA	3	1	2	2	1	1	NA	NA	NA	2	0	2
6	26242239	32507500	3	2	1	3	a	6	2	1	0.0648651564608	0.0919755449724	3	1	2	2	1	1	NA	NA	NA	NA	NA	NA	NA	3	1	2	2	1	1	NA	NA	NA	3	1	2
6	32507501	58699999	3	2	1	3	a	6	2	1	0.0601728397502	0.0857895701383	3	1	2	2	1	1	NA	NA	NA	NA	NA	NA	NA	3	1	2	2	1	1	NA	NA	NA	3	1	2
6	58700000	63299999	3	2	1	3	b	5	2	1	0.0638103991251	0.0886140939668	3	1	2	NA	NA	NA	NA	NA	NA	NA	NA	NA	NA	3	1	2	2	1	1	NA	NA	NA	3	1	2
6	63300000	67092455	3	2	1	3	a	6	2	1	0.0613635446668	0.0895046578353	3	1	2	2	1	1	NA	NA	NA	NA	NA	NA	NA	3	1	2	2	1	1	NA	NA	NA	3	1	2
6	67092456	67102264	3	2	1	2	d	4	2	1	0.05	0.1	3	1	2	1	1	1	NA	NA	NA	NA	NA	NA	NA	3	1	2	2	1	1	NA	NA	NA	2	1	1
6	67102265	102894330	3	2	1	3	a	6	2	1	0.0588871871037	0.0936988228978	3	1	2	2	1	1	NA	NA	NA	NA	NA	NA	NA	3	1	2	2	1	1	NA	NA	NA	3	1	2
6	102894331	102896088	3	2	1	3	a	6	2	1	0.05	0.1	3	1	2	2	1	1	NA	NA	NA	NA	NA	NA	NA	3	1	2	2	1	1	NA	NA	NA	3	1	2
6	102896089	138189009	3	2	1	3	a	6	2	1	0.0583907811143	0.0863739210311	3	1	2	2	1	1	NA	NA	NA	NA	NA	NA	NA	3	1	2	2	1	1	NA	NA	NA	3	1	2
6	138189010	138242744	3	2	1	2	d	4	2	1	0.05	0.0620032906644	3	1	2	2	0	1	NA	NA	NA	NA	NA	NA	NA	3	1	2	2	1	1	NA	NA	NA	2	0	2
6	138242745	147352047	3	2	1	3	a	6	2	1	0.0574935834998	0.0812944602942	3	1	2	2	1	1	NA	NA	NA	NA	NA	NA	NA	3	1	2	2	1	1	NA	NA	NA	3	1	2
6	147352048	170869470	3	2	1	3	a	6	2	1	0.057029816121	0.0882741372474	3	1	2	2	1	1	NA	NA	NA	NA	NA	NA	NA	3	1	2	2	1	1	NA	NA	NA	3	1	2
7	40386	50318671	3	2	1	2	d	5	2	1	0.0580499470907	0.0897730047289	3.101768	1.024091771	2.07767672	2	1	1	NA	NA	NA	NA	NA	NA	NA	3	1	2	2	1	1	NA	NA	NA	3	1	2
7	50318672	50428290	3	2	1	2	d	3	0	0	0.05	0.102573985832	3.101768	1.024091771	2.07767672	1	0	1	NA	NA	NA	NA	NA	NA	NA	3	1	2	2	1	1	NA	NA	NA	3	1	2
7	50428291	57999999	3	2	1	3	a	6	2	1	0.057817746661	0.115239563083	3	1	2	2	1	1	NA	NA	NA	NA	NA	NA	NA	3	1	2	2	1	1	NA	NA	NA	3	1	2
7	58000000	61699999	3	2	1	3	b	5	2	1	0.05	0.218868570984	3	1	2	NA	NA	NA	NA	NA	NA	NA	NA	NA	NA	3	1	2	2	1	1	NA	NA	NA	3	1	2
7	61700000	82950992	3	2	1	3	a	6	2	1	0.0587867324121	0.101624046621	3	1	2	2	1	1	NA	NA	NA	NA	NA	NA	NA	3	1	2	2	1	1	NA	NA	NA	3	1	2
7	82950993	82969082	3	2	1	3	b	5	2	1	0.05	0.1	3	1	2	2	1	1	NA	NA	NA	NA	NA	NA	NA	NA	NA	NA	2	1	1	NA	NA	NA	3	1	2
7	82969083	158821400	3	2	1	3	a	6	2	1	0.0584017270986	0.0901110747711	3	1	2	2	1	1	NA	NA	NA	NA	NA	NA	NA	3	1	2	2	1	1	NA	NA	NA	3	1	2
8	10001	194108	4	2	2	2	d	2	1.87	1.87	0.05	0.1	NA	NA	NA	2	1	1	NA	NA	NA	NA	NA	NA	NA	NA	NA	NA	2	2	1	NA	NA	NA	4	2	2
8	194109	43099999	4	2	2	2	d	5	1.87	1.87	0.0381175154318	0.111849453733	4	2	2	2	2	1	NA	NA	NA	NA	NA	NA	NA	4	2	2	2	2	1	NA	NA	NA	4	2	2
8	43100000	48099999	4	2	2	2	d	4	1.87	1.87	0.0363107983582	0.190348098745	3.896021	1.948010709	1.94801071	2	2	1	NA	NA	NA	NA	NA	NA	NA	4	2	2	2	2	1	NA	NA	NA	4	2	2
8	48100000	59697925	4	2	2	2	d	5	1.87	1.87	0.03440096626	0.096036625182	4	2	2	2	2	1	NA	NA	NA	NA	NA	NA	NA	4	2	2	2	2	1	NA	NA	NA	4	2	2
8	59697926	59700585	4	2	2	2	d	4	1.87	1.87	0.05	0.1	4	2	2	2	2	1	NA	NA	NA	NA	NA	NA	NA	NA	NA	NA	2	2	1	NA	NA	NA	4	2	2
8	59700586	59802506	4	2	2	2	d	4	1.87	1.87	0.0280723716942	0.0795714816202	4.144688	2.07234391	2.07234391	2	2	1	NA	NA	NA	NA	NA	NA	NA	4	2	2	2	2	1	NA	NA	NA	4	2	2
8	59802507	60013053	3	2	1	2	d	5	2	1	0.0653940408964	0.0916353795532	3.160075	0.983690536	2.17638412	2	1	1	NA	NA	NA	NA	NA	NA	NA	3	1	2	2	1	1	NA	NA	NA	3	1	2
8	60013054	60014125	3	2	1	2	d	2	2	0	0.05	0.1	3.160075	0.983690536	2.17638412	NA	NA	NA	NA	NA	NA	NA	NA	NA	NA	NA	NA	NA	2	1	1	NA	NA	NA	3	1	2
8	60014126	60045057	2	2	0	3	b	5	2	0	0.05	0.1	NA	NA	NA	2	0	1	NA	NA	NA	NA	NA	NA	NA	2	0	2	2	0	1	NA	NA	NA	2	0	2
8	60045058	112147745	4	2	2	2	d	5	1.87	1.87	0.0368972632872	0.101487960882	4	2	2	2	2	1	NA	NA	NA	NA	NA	NA	NA	4	2	2	2	2	1	NA	NA	NA	4	2	2
8	112147746	112151410	4	2	2	2	d	4	1.87	1.87	0.05	0.1	4	2	2	2	2	1	NA	NA	NA	NA	NA	NA	NA	NA	NA	NA	2	2	1	NA	NA	NA	4	2	2
8	112151411	146364021	4	2	2	2	d	5	1.87	1.87	0.0354818731836	0.0968980996903	4	2	2	2	2	1	NA	NA	NA	NA	NA	NA	NA	4	2	2	2	2	1	NA	NA	NA	4	2	2
9	47500	6909276	5	3	2	2	d	5	2.71	2	0.047167701837	0.109694701943	5	2	3	3	2	1	NA	NA	NA	NA	NA	NA	NA	5	2	3	3	2	1	NA	NA	NA	5	2	3
9	6909277	7056176	3	3	0	2	d	5	3	0	0.0404948864209	0.0878748203805	3.116357	0.033475127	3.08288211	3	0	1	NA	NA	NA	NA	NA	NA	NA	3	0	3	3	0	1	NA	NA	NA	3	0	3
9	7056177	11349747	5	3	2	2	d	4	2.71	1.87	0.0483070940327	0.137811178541	4.840566	1.950064519	2.89050177	3	2	1	NA	NA	NA	NA	NA	NA	NA	5	2	3	3	2	1	NA	NA	NA	5	2	3
9	11349748	11350842	5	3	2	1	g	NA	NA	NA	NA	NA	4.840566	1.950064519	2.89050177	1	0	0.678241996744441	1	1	0.321758003255559	NA	0	0.678241996744441	0.678241996744441	NA	NA	NA	3	2	1	NA	NA	NA	3	1	2
9	11350843	11351752	5	3	2	1	g	NA	NA	NA	NA	NA	NA	NA	NA	NA	NA	NA	NA	NA	NA	NA	NA	NA	NA	NA	NA	NA	3	2	1	NA	NA	NA	3	1	2
9	11351753	47299999	4	2	2	3	a	6	2	2	0.0360619435755	0.108723201849	4	2	2	2	2	1	NA	NA	NA	NA	NA	NA	NA	4	2	2	2	2	1	NA	NA	NA	4	2	2
9	47300000	50699999	4	2	2	2	d	4	2	2	0.05	0.1	4	2	2	NA	NA	NA	NA	NA	NA	NA	NA	NA	NA	NA	NA	NA	2	2	1	NA	NA	NA	4	2	2
9	50700000	101092025	4	2	2	3	a	6	2	2	0.0352984100461	0.107939407653	4	2	2	2	2	1	NA	NA	NA	NA	NA	NA	NA	4	2	2	2	2	1	NA	NA	NA	4	2	2
9	101092026	101094831	4	2	2	2	d	3	2	2	0.05	0.1	4	2	2	1	0	0.255768286696097	2	0	0.744231713303903	NA	0	0.255768286696097	0.255768286696097	NA	NA	NA	2	2	1	NA	NA	NA	2	0	2
9	101094832	129619832	4	2	2	3	a	6	2	2	0.0344951412396	0.10112875564	4	2	2	2	2	1	NA	NA	NA	NA	NA	NA	NA	4	2	2	2	2	1	NA	NA	NA	4	2	2
9	129619833	140273200	3	2	1	3	a	6	2	1	0.0574242437745	0.0857109050132	3	1	2	2	1	1	NA	NA	NA	NA	NA	NA	NA	3	1	2	2	1	1	NA	NA	NA	3	1	2
10	96434	8225598	3	2	1	2	d	3	1.87	1	0.0559795625152	0.0834003034393	3.105503	1.125979145	1.97952339	2	1	0.883419243986256	2	2	0.116580756013744	0.00672705191278616	0.00662475360603469	0.860121702288933	0.886007025593293	3	1	2	2	1	1	NA	NA	NA	3	1	2
10	8225599	37999999	4	2	2	2	d	3	1.87	1.68	0.0419578218972	0.0962860513056	3.634324	1.635127377	1.99919654	2	1	0.352360952017314	2	2	0.647639047982686	0.00480669954380733	0.00496592356016618	0.334653584723736	0.353519056737819	4	2	2	2	2	1	NA	NA	NA	4	2	2
10	38000000	42299999	4	2	2	2	d	2	1.87	1.68	0.0527110173343	0.24865748907	3.634324	1.635127377	1.99919654	2	1	0.284637873054029	2	2	0.715362126945971	0.0285892359637442	0.0274433720966552	0.222375753424603	0.328242129196307	4	2	2	NA	NA	NA	NA	NA	NA	4	2	2
10	42300000	61535095	4	2	2	2	d	3	1.87	1.68	0.0439337102528	0.103863717167	3.612161	1.627437807	1.98472289	2	1	0.357659612949903	2	2	0.642340387050097	0.00704327841659971	0.00700689408035666	0.34991087110673	0.377287085175873	4	2	2	2	2	1	NA	NA	NA	4	2	2
10	61535096	135389924	3	2	1	2	d	4	2	1	0.0553489232387	0.0878350722982	3.101776	1.119875376	1.98190092	2	1	0.884999600415569	2	2	0.115000399584431	0.00270095054276315	0.00270760667761829	0.868740794561827	0.879469524507946	3	1	2	2	1	1	NA	NA	NA	3	1	2
11	20721	198061	3	2	1	2	d	3	2	1	0.05	0.1	NA	NA	NA	1	1	1	NA	NA	NA	NA	NA	NA	NA	3	1	2	3	0	0.353224	3	1	0.646776	3	1	2
11	198062	51599999	3	2	1	3	a	6	2	1	0.0566090104112	0.0909014228504	3	1	2	2	1	1	NA	NA	NA	NA	NA	NA	NA	3	1	2	2	1	1	NA	NA	NA	3	1	2
11	51600000	55699999	3	2	1	3	a	6	2	1	0.0673662100681	0.197308569914	3	1	2	2	1	1	NA	NA	NA	NA	NA	NA	NA	3	1	2	2	1	1	NA	NA	NA	3	1	2
11	55700000	65496174	3	2	1	3	a	6	2	1	0.0546374406891	0.0925320339644	3	1	2	2	1	1	NA	NA	NA	NA	NA	NA	NA	3	1	2	2	1	1	NA	NA	NA	3	1	2
11	65496175	134452200	4	2	2	3	a	6	2	2	0.035175746487	0.106756484187	4	2	2	2	2	1	NA	NA	NA	NA	NA	NA	NA	4	2	2	2	2	1	NA	NA	NA	4	2	2
12	110107	33299999	4	2	2	3	a	6	2	2	0.034268211101	0.100403027236	4	2	2	2	2	1	NA	NA	NA	NA	NA	NA	NA	4	2	2	2	2	1	NA	NA	NA	4	2	2
12	33300000	38199999	4	2	2	3	a	6	2	2	0.0334839200991	0.13094380147	4	2	2	2	2	1	NA	NA	NA	NA	NA	NA	NA	4	2	2	2	2	1	NA	NA	NA	4	2	2
12	38200000	50050048	4	2	2	2	d	5	2	2	0.0350087478114	0.0994810722398	4.128033	2.064016724	2.06401672	2	2	1	NA	NA	NA	NA	NA	NA	NA	4	2	2	2	2	1	NA	NA	NA	4	2	2
12	50050049	50051941	4	2	2	2	f	3	2	2	0.05	0.1	4.128033	2.064016724	2.06401672	2	0	0.701718213058384	3	0	0.298281786941616	NA	0	0.701718213058384	0.701718213058384	2	0	2	2	2	1	NA	NA	NA	2	0	2
12	50051942	67842380	4	2	2	3	a	6	2	2	0.0355406569	0.0991435276666	4	2	2	2	2	1	NA	NA	NA	NA	NA	NA	NA	4	2	2	2	2	1	NA	NA	NA	4	2	2
12	67842381	67854576	4	2	2	2	d	3	2	2	0.05	0.1	4	2	2	2	0	0.434953362788394	3	0	0.565046637211606	0.343707809765231	0.248479221664541	0.404511680816148	1.36980435207073	2	0	2	2	2	1	NA	NA	NA	2	0	2
12	67854577	89743946	4	2	2	3	a	6	2	2	0.0380114612114	0.0989306568815	4	2	2	2	2	1	NA	NA	NA	NA	NA	NA	NA	4	2	2	2	2	1	NA	NA	NA	4	2	2
12	89743947	89744755	4	2	2	3	b	5	2	2	0.05	0.1	4	2	2	2	2	1	NA	NA	NA	NA	NA	NA	NA	NA	NA	NA	2	2	1	NA	NA	NA	4	2	2
12	89744756	132349400	4	2	2	3	a	6	2	2	0.0351368310213	0.0970381447256	4	2	2	2	2	1	NA	NA	NA	NA	NA	NA	NA	4	2	2	2	2	1	NA	NA	NA	4	2	2
12	132349401	133851894	4	2	2	3	b	5	NA	NA	NA	NA	4	2	2	2	2	1	NA	NA	NA	NA	NA	NA	NA	4	2	2	2	2	1	NA	NA	NA	4	2	2
13	1	16299999	3	2	1	1	h	1	NA	NA	NA	NA	NA	NA	NA	NA	NA	NA	NA	NA	NA	NA	NA	NA	NA	NA	NA	NA	NA	NA	NA	NA	NA	NA	3	1	2
13	16300000	19499999	3	2	1	2	d	2	1.68	1.68	0.0967613725161	0.319213810946	NA	NA	NA	1	1	1	NA	NA	NA	NA	NA	NA	NA	NA	NA	NA	2	1	1	NA	NA	NA	3	1	2
13	19500000	64633040	3	2	1	3	b	5	2	1	0.0588087564163	0.0865002293321	3	1	2	2	1	1	NA	NA	NA	NA	NA	NA	NA	NA	NA	NA	2	1	1	NA	NA	NA	3	1	2
13	64633041	64633928	3	2	1	2	d	3	2	1	0.05	0.1	3	1	2	6	0	1	NA	NA	NA	NA	NA	NA	NA	NA	NA	NA	2	1	1	NA	NA	NA	2	0	2
13	64633929	69271812	3	2	1	3	b	5	2	1	0.0615927505893	0.0812189104797	3	1	2	2	1	1	NA	NA	NA	NA	NA	NA	NA	NA	NA	NA	2	1	1	NA	NA	NA	3	1	2
13	69271813	69273423	3	2	1	1	g	NA	2	1	0.05	0.1	3	1	2	2	0	1	NA	NA	NA	NA	NA	NA	NA	2	0	2	2	1	1	NA	NA	NA	2	0	2
13	69273424	114142800	3	2	1	3	a	6	2	1	0.0606306632807	0.0831381466688	3	1	2	2	1	1	NA	NA	NA	NA	NA	NA	NA	3	1	2	2	1	1	NA	NA	NA	3	1	2
13	114142801	115169877	3	2	1	3	b	5	NA	NA	NA	NA	3	1	2	2	1	1	NA	NA	NA	NA	NA	NA	NA	3	1	2	2	1	1	NA	NA	NA	3	1	2
14	1	16099999	3	2	1	1	h	1	NA	NA	NA	NA	NA	NA	NA	NA	NA	NA	NA	NA	NA	NA	NA	NA	NA	NA	NA	NA	NA	NA	NA	NA	NA	NA	3	1	2
14	16100000	19099999	3	2	1	1	h	1	NA	NA	NA	NA	NA	NA	NA	NA	NA	NA	NA	NA	NA	NA	NA	NA	NA	NA	NA	NA	2	0	0.419631	2	1	0.580369	3	1	2
14	19100000	20455267	3	2	1	2	d	3	2	1	0.05	0.534224637517	2.724015	0.566664171	2.15735127	2	1	1	NA	NA	NA	NA	NA	NA	NA	NA	NA	NA	2	0	0.419631	2	1	0.580369	3	1	2
14	20455268	106079035	3	2	1	3	b	5	2	1	0.058172338537	0.0836371452563	3	1	2	2	1	1	NA	NA	NA	NA	NA	NA	NA	NA	NA	NA	2	1	1	NA	NA	NA	3	1	2
14	106079036	106114330	1	1	0	1	g	NA	NA	NA	NA	NA	3	1	2	NA	NA	NA	NA	NA	NA	NA	NA	NA	NA	2	0	2	1	0	1	NA	NA	NA	3	1	2
14	106114331	106326820	0	0	0	2	d	2	0	0	0.05	0.108904848676	0.183086	0.091542874	0.09154287	NA	NA	NA	NA	NA	NA	NA	NA	NA	NA	2	1	1	0	0	1	NA	NA	NA	NA	NA	NA
14	106326821	106327219	0	0	0	2	f	2	NA	NA	NA	NA	0.183086	0.091542874	0.09154287	NA	NA	NA	NA	NA	NA	NA	NA	NA	NA	NA	NA	NA	0	0	1	NA	NA	NA	NA	NA	NA
14	106327220	106329370	0	0	0	1	g	NA	1	0	0.05	0.1	NA	NA	NA	NA	NA	NA	NA	NA	NA	NA	NA	NA	NA	2	0	2	0	0	1	NA	NA	NA	NA	NA	NA
14	106329371	107180005	1	1	0	2	d	3	1	0	0.0836697078472	0.1	1	0	1	2	0	0.605956471935822	3	0	0.394043528064178	NA	0	0.605956471935822	0.605956471935822	2	0	2	1	0	1	NA	NA	NA	0	0	0
14	107180006	107209907	3	2	1	2	d	3	NA	NA	NA	NA	1	0	1	2	1	1	NA	NA	NA	NA	NA	NA	NA	3	1	2	2	1	1	NA	NA	NA	0	0	0
15	1	15799999	3	3	0	1	h	1	NA	NA	NA	NA	NA	NA	NA	NA	NA	NA	NA	NA	NA	NA	NA	NA	NA	NA	NA	NA	NA	NA	NA	NA	NA	NA	3	0	3
15	15800000	20699999	NA	NA	NA	NA	NA	NA	2	1	0.05	0.259967720624	NA	NA	NA	2	1	1	NA	NA	NA	NA	NA	NA	NA	NA	NA	NA	2	1	1	NA	NA	NA	3	0	3
15	20700000	41117499	3	2	1	2	d	4	2	1	0.0582194798576	0.102639042227	3	1	2	2	1	1	NA	NA	NA	NA	NA	NA	NA	NA	NA	NA	2	1	1	NA	NA	NA	3	0	3
15	41117500	100338800	3	3	0	3	a	6	3	0	0.0446015852798	0.0860991310587	3	0	3	3	0	1	NA	NA	NA	NA	NA	NA	NA	3	0	3	3	0	1	NA	NA	NA	3	0	3
15	100338801	102429049	3	3	0	3	b	5	NA	NA	NA	NA	3	0	3	3	0	1	NA	NA	NA	NA	NA	NA	NA	3	0	3	3	0	1	NA	NA	NA	3	0	3
16	90318	10904807	3	2	1	3	a	6	2	1	0.059042980229	0.0916814379535	3	1	2	2	1	1	NA	NA	NA	NA	NA	NA	NA	3	1	2	2	1	1	NA	NA	NA	3	1	2
16	10904808	11012311	1	1	0	3	b	6	1	0	0.0608170002218	0.0334202151087	1	0	1	1	0	1	NA	NA	NA	NA	NA	NA	NA	2	0	2	1	0	1	NA	NA	NA	1	0	1
16	11012312	34599999	3	2	1	3	a	6	2	1	0.0580412568374	0.118365129462	3	1	2	2	1	1	NA	NA	NA	NA	NA	NA	NA	3	1	2	2	1	1	NA	NA	NA	3	1	2
16	34600000	38599999	3	2	1	3	a	6	2	1	0.05	0.102407748355	3	1	2	2	1	1	NA	NA	NA	NA	NA	NA	NA	3	1	2	2	1	1	NA	NA	NA	3	1	2
16	38600000	89810724	3	2	1	3	a	6	2	1	0.0563034875322	0.101913467526	3	1	2	2	1	1	NA	NA	NA	NA	NA	NA	NA	3	1	2	2	1	1	NA	NA	NA	3	1	2
16	89810725	89822992	3	2	1	2	d	3	NA	NA	NA	NA	3	1	2	2	0	0.910095662672987	2	1	0.0899043373270129	NA	0	0.910095662672987	0.910095662672987	3	1	2	2	1	1	NA	NA	NA	0	0	0
17	6115	22199999	4	2	2	3	a	6	2	2	0.036037896628	0.105813748406	4	2	2	2	2	1	NA	NA	NA	NA	NA	NA	NA	4	2	2	2	2	1	NA	NA	NA	4	2	2
17	22200000	25799999	4	2	2	3	b	5	2	2	0.030410394128	0.102266585228	4	2	2	NA	NA	NA	NA	NA	NA	NA	NA	NA	NA	4	2	2	2	2	1	NA	NA	NA	4	2	2
17	25800000	78774600	4	2	2	3	a	6	2	2	0.0353160466497	0.111717855674	4	2	2	2	2	1	NA	NA	NA	NA	NA	NA	NA	4	2	2	2	2	1	NA	NA	NA	4	2	2
17	78774601	81195209	4	2	2	3	b	5	NA	NA	NA	NA	4	2	2	2	2	1	NA	NA	NA	NA	NA	NA	NA	4	2	2	2	2	1	NA	NA	NA	4	2	2
18	27500	15399999	3	2	1	3	a	6	2	1	0.0570741523419	0.0876970857465	3	1	2	2	1	1	NA	NA	NA	NA	NA	NA	NA	3	1	2	2	1	1	NA	NA	NA	3	1	2
18	15400000	18999999	3	2	1	3	a	6	2	1	0.05	0.109674435287	3	1	2	2	1	1	NA	NA	NA	NA	NA	NA	NA	3	1	2	2	1	1	NA	NA	NA	3	1	2
18	19000000	76117000	3	2	1	3	a	6	2	1	0.0584663972419	0.0858408805199	3	1	2	2	1	1	NA	NA	NA	NA	NA	NA	NA	3	1	2	2	1	1	NA	NA	NA	3	1	2
18	76117001	78077247	3	2	1	3	b	5	NA	NA	NA	NA	3	1	2	2	1	1	NA	NA	NA	NA	NA	NA	NA	3	1	2	2	1	1	NA	NA	NA	3	1	2
19	102500	256010	4	4	0	2	d	3	NA	NA	NA	NA	NA	NA	NA	4	0	1	NA	NA	NA	NA	NA	NA	NA	NA	NA	NA	4	0	1	NA	NA	NA	4	0	4
19	256011	3949943	4	4	0	3	a	6	4	0	0.0406008613864	0.112919125986	4	0	4	4	0	1	NA	NA	NA	NA	NA	NA	NA	4	0	4	4	0	1	NA	NA	NA	4	0	4
19	3949944	18158422	3	3	0	3	a	6	3	0	0.0438506888291	0.0846463466087	3	0	3	3	0	1	NA	NA	NA	NA	NA	NA	NA	3	0	3	3	0	1	NA	NA	NA	3	0	3
19	18158423	21064995	3	2	1	3	b	6	2	1	0.0570503054814	0.100128879931	3	1	2	2	1	1	NA	NA	NA	NA	NA	NA	NA	3	1	2	2	1	1	NA	NA	NA	3	0	3
19	21064996	21068856	3	2	1	2	d	4	2	1	0.05	0.1	3	1	2	4	1	1	NA	NA	NA	NA	NA	NA	NA	3	1	2	2	1	1	NA	NA	NA	4	1	3
19	21068857	24399999	3	2	1	3	a	6	2	1	0.0606994810395	0.083093458732	3	1	2	2	1	1	NA	NA	NA	NA	NA	NA	NA	3	1	2	2	1	1	NA	NA	NA	3	1	2
19	24400000	28599999	3	2	1	3	b	5	2	1	0.0510175200372	0.106176195718	3	1	2	NA	NA	NA	NA	NA	NA	NA	NA	NA	NA	3	1	2	2	1	1	NA	NA	NA	3	1	2
19	28600000	39586535	3	2	1	3	a	6	2	1	0.0578536440131	0.101190599931	3	1	2	2	1	1	NA	NA	NA	NA	NA	NA	NA	3	1	2	2	1	1	NA	NA	NA	3	1	2
19	39586536	59128982	4	3	1	3	a	6	3	1	0.0523117580509	0.154518390243	4	1	3	3	1	1	NA	NA	NA	NA	NA	NA	NA	4	1	3	3	1	1	NA	NA	NA	4	1	3
20	32074	25599999	4	2	2	2	d	5	1.87	1.87	0.0353084226309	0.0993162864643	4	2	2	2	2	1	NA	NA	NA	NA	NA	NA	NA	4	2	2	2	2	1	NA	NA	NA	4	2	2
20	25600000	29433045	4	2	2	2	d	4	1.87	1.87	0.0211237340553	0.144806054988	3.884753	1.942376457	1.94237646	2	2	1	NA	NA	NA	NA	NA	NA	NA	4	2	2	2	2	1	NA	NA	NA	4	2	2
20	29433046	29435289	4	2	2	2	d	3	1.87	1.87	0.05	0.1	3.884753	1.942376457	1.94237646	2	2	1	NA	NA	NA	NA	NA	NA	NA	NA	NA	NA	2	2	1	NA	NA	NA	4	2	2
20	29435290	62432500	4	2	2	2	d	5	1.87	1.87	0.0357656069459	0.10042229183	4	2	2	2	2	1	NA	NA	NA	NA	NA	NA	NA	4	2	2	2	2	1	NA	NA	NA	4	2	2
21	1	10899999	NA	NA	NA	NA	NA	NA	NA	NA	NA	NA	NA	NA	NA	NA	NA	NA	NA	NA	NA	NA	NA	NA	NA	NA	NA	NA	4	1	0.857144	3	1	0.142856	NA	NA	NA
21	10900000	14385777	NA	NA	NA	NA	NA	NA	NA	NA	NA	NA	NA	NA	NA	NA	NA	NA	NA	NA	NA	NA	NA	NA	NA	NA	NA	NA	4	1	0.857144	3	1	0.142856	NA	NA	NA
21	14385778	14447801	6	4	2	1	h	1	4	2	0.05	0.103128332468	NA	NA	NA	NA	NA	NA	NA	NA	NA	NA	NA	NA	NA	NA	NA	NA	NA	NA	NA	NA	NA	NA	NA	NA	NA
21	14447802	46937500	6	4	2	3	a	6	4	2	0.0475940947459	0.138795165909	6	2	4	4	2	1	NA	NA	NA	NA	NA	NA	NA	6	2	4	4	2	1	NA	NA	NA	6	2	4
21	46937501	48129894	6	4	2	3	b	5	NA	NA	NA	NA	6	2	4	4	2	1	NA	NA	NA	NA	NA	NA	NA	6	2	4	4	2	1	NA	NA	NA	6	2	4
22	1	12199999	3	2	1	2	d	2	NA	NA	NA	NA	NA	NA	NA	NA	NA	NA	NA	NA	NA	NA	NA	NA	NA	3	1	2	NA	NA	NA	NA	NA	NA	3	1	2
22	12200000	17899999	3	2	1	3	a	6	2	1	0.0604996500672	0.145719681848	3	1	2	2	1	1	NA	NA	NA	NA	NA	NA	NA	3	1	2	2	1	1	NA	NA	NA	3	1	2
22	17900000	49687500	3	2	1	3	a	6	2	1	0.0576032615332	0.0937981623284	3	1	2	2	1	1	NA	NA	NA	NA	NA	NA	NA	3	1	2	2	1	1	NA	NA	NA	3	1	2
22	49687501	51304565	3	2	1	3	b	5	NA	NA	NA	NA	3	1	2	2	1	1	NA	NA	NA	NA	NA	NA	NA	3	1	2	2	1	1	NA	NA	NA	3	1	2
X	1	18787621	2	2	0	2	d	4	1	1	0.060294837507	0.158165619906	2	0	2	2	0	1	NA	NA	NA	NA	NA	NA	NA	2	0	2	NA	NA	NA	NA	NA	NA	2	0	2
X	18787622	18787758	2	2	0	2	d	3	1	1	0.05	0.1	2	0	2	2	0	1	NA	NA	NA	NA	NA	NA	NA	NA	NA	NA	NA	NA	NA	NA	NA	NA	2	0	2
X	18787759	26800224	2	2	0	2	d	4	1	1	0.060261917705	0.0804991248231	2	0	2	2	0	1	NA	NA	NA	NA	NA	NA	NA	2	0	2	NA	NA	NA	NA	NA	NA	2	0	2
X	26800225	31252063	3	2	1	2	d	4	1.37	0.63	0.058285762338	0.0893790958026	3	1	2	2	1	1	NA	NA	NA	NA	NA	NA	NA	3	1	2	NA	NA	NA	NA	NA	NA	3	1	2
X	31252064	31271340	2	2	0	2	d	3	1.37	0.63	0.05	0.1	2.132489	0	2.132489	2	0	1	NA	NA	NA	NA	NA	NA	NA	2	0	2	NA	NA	NA	NA	NA	NA	2	0	2
X	31271341	32086141	3	2	1	2	d	4	1.37	0.63	0.05723506008	0.0661370118068	3	1	2	2	1	1	NA	NA	NA	NA	NA	NA	NA	3	1	2	NA	NA	NA	NA	NA	NA	3	1	2
X	32086142	32211470	2	2	0	2	d	3	1.37	0.63	0.0577963699403	0.1	2	0	2	1	0	0.276288659793789	2	0	0.723711340206211	0.496554121664319	0.255297493580241	0.637375587183546	1.61230577960884	2	0	2	NA	NA	NA	NA	NA	NA	2	0	2
X	32211471	32509662	3	2	1	2	d	3	1.37	0.63	0.0626281009517	0.1	3.14255	1.075545965	2.06700425	2	1	1	NA	NA	NA	NA	NA	NA	NA	3	1	2	NA	NA	NA	NA	NA	NA	3	1	2
X	32509663	32512113	4	2	2	2	e	0	1.37	0.63	0.05	0.1	3	0	3	2	0	1	NA	NA	NA	NA	NA	NA	NA	3	1	2	NA	NA	NA	NA	NA	NA	3	1	2
X	32512114	32683344	3	2	1	2	d	4	1.37	0.63	0.0392109260872	0.1	3	1	2	2	1	1	NA	NA	NA	NA	NA	NA	NA	3	1	2	NA	NA	NA	NA	NA	NA	3	1	2
X	32683345	32806765	2	1	1	2	d	2	1.37	0.63	0.05	0.1	2.262352	0	2.262352	1	1	0.427262313860253	2	1	0.572737686139747	0.312800600092664	0.256428957301736	0.241795183743709	1.22419697126169	2	1	1	NA	NA	NA	NA	NA	NA	2	1	1
X	32806766	58099999	3	2	1	2	d	4	1.37	0.63	0.0571032553985	0.0898322965119	3	1	2	2	1	1	NA	NA	NA	NA	NA	NA	NA	3	1	2	NA	NA	NA	NA	NA	NA	3	1	2
X	58100000	62999999	3	2	1	2	d	3	1.37	0.63	0.05	0.172939219836	3	1	2	NA	NA	NA	NA	NA	NA	NA	NA	NA	NA	3	1	2	NA	NA	NA	NA	NA	NA	3	1	2
X	63000000	66201145	3	2	1	2	d	2	1.37	0.63	0.05	0.100789043036	3	0	3	1	1	0.296879157306406	2	1	0.703120842693594	0.0948558505101017	0.0923166023755266	0.106518927091132	0.46973674606911	3	1	2	NA	NA	NA	NA	NA	NA	3	1	2
X	66201146	145023108	4	3	1	2	d	4	2	0.5	0.0544090340333	0.126671379768	4	1	3	3	1	1	NA	NA	NA	NA	NA	NA	NA	4	1	3	NA	NA	NA	NA	NA	NA	4	1	3
X	145023109	145024391	4	3	1	2	d	2	2.02	0.49	0.05	0.1	3.501279	0	3.501279	3	1	1	NA	NA	NA	NA	NA	NA	NA	NA	NA	NA	NA	NA	NA	NA	NA	NA	4	1	3
X	145024392	154938676	4	3	1	2	d	3	2.02	0.49	0.0550675265449	0.115533344654	3.89887	0.940765397	2.95810487	3	1	1	NA	NA	NA	NA	NA	NA	NA	4	1	3	NA	NA	NA	NA	NA	NA	4	1	3
