chromosome	start	end	total_cn	major_cn	minor_cn	star	level	methods_agree	absolute_broad_major_cn	absolute_broad_minor_cn	absolute_broad_het_error	absolute_broad_cov_error	aceseq_copy_number	aceseq_minor_cn	aceseq_major_cn	battenberg_nMaj1_A	battenberg_nMin1_A	battenberg_frac1_A	battenberg_nMaj2_A	battenberg_nMin2_A	battenberg_frac2_A	battenberg_SDfrac_A	battenberg_SDfrac_A_BS	battenberg_frac1_A_0.025	battenberg_frac1_A_0.975	clonehd_copy_number	clonehd_minor_cn	clonehd_major_cn	sclust_nMaj1_A	sclust_nMin1_A	sclust_frac1_A	sclust_nMaj2_A	sclust_nMin2_A	sclust_frac2_A	jabba_copy_number	jabba_minor_cn	jabba_major_cn
1	1	840008	2	1	1	2	d	4	1	1	0.05	0.281607583438	NA	NA	NA	1	1	1	NA	NA	NA	NA	NA	NA	NA	NA	NA	NA	1	1	1	NA	NA	NA	2	1	1
1	840009	121499999	2	1	1	3	a	6	1	1	0.0439633387603	0.117218935487	2	1	1	1	1	1	NA	NA	NA	NA	NA	NA	NA	2	1	1	1	1	1	NA	NA	NA	2	1	1
1	121500000	128899999	2	1	1	2	d	4	1	1	0.05	0.1	2	1	1	NA	NA	NA	NA	NA	NA	NA	NA	NA	NA	1	0	1	1	1	1	NA	NA	NA	2	1	1
1	128900000	143752499	2	1	1	2	d	3	1	1	0.05	0.264813794788	NA	NA	NA	NA	NA	NA	NA	NA	NA	NA	NA	NA	NA	1	0	1	1	1	1	NA	NA	NA	2	1	1
1	143752500	144810801	3	2	1	2	f	2	2	0.74	0.05	0.188135924301	NA	NA	NA	NA	NA	NA	NA	NA	NA	NA	NA	NA	NA	NA	NA	NA	2	1	1	NA	NA	NA	2	1	1
1	144810802	147919197	4	3	1	2	d	3	2	0.74	0.0510566974201	0.187448828555	3.748076	0.969350682	2.7787253	3	1	1	NA	NA	NA	NA	NA	NA	NA	4	1	3	3	1	1	NA	NA	NA	2	1	1
1	147919198	149747500	4	3	1	2	e	3	2	0	0.05	0.193801438075	3.748076	0.969350682	2.7787253	2	1	1	NA	NA	NA	NA	NA	NA	NA	4	1	3	3	0	0.258652	3	1	0.741348	2	1	1
1	149747501	247247500	4	3	1	2	d	4	2.26	0.8	0.0521256852301	0.137164898032	3.853961	1.005552674	2.8484083	3	1	1	NA	NA	NA	NA	NA	NA	NA	4	1	3	3	1	1	NA	NA	NA	4	1	3
1	247247501	249250620	4	3	1	2	d	4	NA	NA	NA	NA	3.725681	0.962352118	2.7633285	3	1	1	NA	NA	NA	NA	NA	NA	NA	4	1	3	3	1	1	NA	NA	NA	4	1	3
2	20016	90499999	2	1	1	3	a	6	1	1	0.0435297962272	0.105354575423	2	1	1	1	1	1	NA	NA	NA	NA	NA	NA	NA	2	1	1	1	1	1	NA	NA	NA	2	1	1
2	90500000	96799999	2	1	1	2	d	4	1	1	0.05	0.140256025171	2.082267	0.919626062	1.1626407	NA	NA	NA	NA	NA	NA	NA	NA	NA	NA	2	1	1	1	1	1	NA	NA	NA	2	1	1
2	96800000	215493683	2	1	1	3	a	6	1	1	0.0425115265824	0.106803886764	2	1	1	1	1	1	NA	NA	NA	NA	NA	NA	NA	2	1	1	1	1	1	NA	NA	NA	2	1	1
2	215493684	215667499	2	1	1	3	b	5	1	1	0.05	0.143311264994	2	1	1	1	1	1	NA	NA	NA	NA	NA	NA	NA	NA	NA	NA	1	1	1	NA	NA	NA	2	1	1
2	215667500	242985695	2	1	1	3	a	6	1	1	0.0460945255348	0.10980440576	2	1	1	1	1	1	NA	NA	NA	NA	NA	NA	NA	2	1	1	1	1	1	NA	NA	NA	2	1	1
3	62309	87899999	2	1	1	3	a	6	1	1	0.0428145236546	0.1054010963	2	1	1	1	1	1	NA	NA	NA	NA	NA	NA	NA	2	1	1	1	1	1	NA	NA	NA	2	1	1
3	87900000	93899999	2	1	1	3	a	6	1	1	0.0368774746718	0.111354136045	2	1	1	1	1	1	NA	NA	NA	NA	NA	NA	NA	2	1	1	1	1	1	NA	NA	NA	2	1	1
3	93900000	198022429	2	1	1	3	a	6	1	1	0.0433155433906	0.107129552812	2	1	1	1	1	1	NA	NA	NA	NA	NA	NA	NA	2	1	1	1	1	1	NA	NA	NA	2	1	1
4	9997	60706	2	1	1	2	d	2	NA	NA	NA	NA	NA	NA	NA	NA	NA	NA	NA	NA	NA	NA	NA	NA	NA	NA	NA	NA	1	1	1	NA	NA	NA	2	1	1
4	60707	48199999	2	1	1	3	a	6	1	1	0.0421221722409	0.118261674664	2	1	1	1	1	1	NA	NA	NA	NA	NA	NA	NA	2	1	1	1	1	1	NA	NA	NA	2	1	1
4	48200000	52699999	2	1	1	3	a	6	1	1	0.0449595742093	0.162504863758	2	1	1	1	1	1	NA	NA	NA	NA	NA	NA	NA	2	1	1	1	1	1	NA	NA	NA	2	1	1
4	52700000	191154275	2	1	1	3	a	6	1	1	0.0421570461911	0.102422313166	2	1	1	1	1	1	NA	NA	NA	NA	NA	NA	NA	2	1	1	1	1	1	NA	NA	NA	2	1	1
5	22500	46099999	2	1	1	3	a	6	1	1	0.045296440053	0.104434458472	2	1	1	1	1	1	NA	NA	NA	NA	NA	NA	NA	2	1	1	1	1	1	NA	NA	NA	2	1	1
5	46100000	50699999	2	1	1	3	a	6	1	1	0.0366388426046	0.119998397944	2	1	1	1	1	1	NA	NA	NA	NA	NA	NA	NA	2	1	1	1	1	1	NA	NA	NA	2	1	1
5	50700000	180663035	2	1	1	3	a	6	1	1	0.0432943199372	0.110315262516	2	1	1	1	1	1	NA	NA	NA	NA	NA	NA	NA	2	1	1	1	1	1	NA	NA	NA	2	1	1
6	39681	244762	2	1	1	3	b	5	1	1	0.05	0.1	2	1	1	1	1	1	NA	NA	NA	NA	NA	NA	NA	NA	NA	NA	1	1	1	NA	NA	NA	2	1	1
6	244763	58699999	2	1	1	3	a	6	1	1	0.0499431979578	0.167891965169	2	1	1	1	1	1	NA	NA	NA	NA	NA	NA	NA	2	1	1	1	1	1	NA	NA	NA	2	1	1
6	58700000	63299999	2	1	1	3	a	6	1	1	0.0434081066164	0.112246969668	2	1	1	1	1	1	NA	NA	NA	NA	NA	NA	NA	2	1	1	1	1	1	NA	NA	NA	2	1	1
6	63300000	170899934	2	1	1	3	a	6	1	1	0.0428198823002	0.103171146227	2	1	1	1	1	1	NA	NA	NA	NA	NA	NA	NA	2	1	1	1	1	1	NA	NA	NA	2	1	1
7	40386	57999999	2	1	1	3	a	6	1	1	0.0431807183685	0.103158432361	2	1	1	1	1	1	NA	NA	NA	NA	NA	NA	NA	2	1	1	1	1	1	NA	NA	NA	2	1	1
7	58000000	61699999	2	1	1	3	b	5	1	1	0.05	0.177374031578	2	1	1	1	1	1	NA	NA	NA	NA	NA	NA	NA	NA	NA	NA	1	1	1	NA	NA	NA	2	1	1
7	61700000	158817500	2	1	1	3	a	6	1	1	0.0437964776275	0.105845189819	2	1	1	1	1	1	NA	NA	NA	NA	NA	NA	NA	2	1	1	1	1	1	NA	NA	NA	2	1	1
8	10001	170597	2	1	1	2	d	2	1.13	1.13	0.05	0.1	NA	NA	NA	NA	NA	NA	NA	NA	NA	NA	NA	NA	NA	NA	NA	NA	1	1	1	NA	NA	NA	2	1	1
8	170598	9293465	2	1	1	2	d	3	1.13	1.13	0.0453511569241	0.136889734281	2.155178	1.077589206	1.0775892	1	1	0.886632883265879	2	1	0.113367116734121	0.00489813904005487	0.00490751041036305	0.871039371503989	0.890227465315486	2	1	1	1	1	1	NA	NA	NA	2	1	1
8	9293466	32402175	1	1	0	2	d	2	1	0.21	0.0781298009268	0.101275631217	1.155515	0.136461726	1.0190537	1	0	0.881171680069751	1	1	0.118828319930249	0.00208576533868599	0.00206663092851051	0.860861081360726	0.868716042003712	1	0	1	1	0	0.915692	1	1	0.0843079	1	0	1
8	32402176	43099999	2	1	1	2	d	4	1	1	0.0442484144437	0.119752299482	2.112026	1.056013085	1.0560131	1	1	0.910754025619456	2	1	0.0892459743805442	0.00782336338580847	0.00784369712265274	0.894859623941936	0.925712191290342	2	1	1	1	1	1	NA	NA	NA	2	1	1
8	43100000	48099999	2	1	1	2	d	4	1	1	0.05	0.142429210196	2.071757	0.93092239	1.1408344	NA	NA	NA	NA	NA	NA	NA	NA	NA	NA	2	1	1	1	1	1	NA	NA	NA	2	1	1
8	48100000	146364021	2	1	1	2	d	4	1	1	0.043533800638	0.107309109657	2.158162	1.079080809	1.0790808	1	1	0.903687339026274	2	1	0.0963126609737264	0.00213611327963187	0.00213337846626314	0.899538602865509	0.907721438817025	2	1	1	1	1	1	NA	NA	NA	2	1	1
9	47500	215056	2	1	1	2	d	2	1.2	1.2	0.05	0.1	NA	NA	NA	1	1	1	NA	NA	NA	NA	NA	NA	NA	NA	NA	NA	1	0	0.492975	1	1	0.507025	2	1	1
9	215057	38744094	2	1	1	2	d	5	1.2	1.2	0.0454403191355	0.12225528435	2	1	1	1	1	1	NA	NA	NA	NA	NA	NA	NA	2	1	1	1	1	1	NA	NA	NA	2	1	1
9	38744095	47299999	2	1	1	2	d	4	1	1	0.05	0.297040975793	2	1	1	1	1	1	NA	NA	NA	NA	NA	NA	NA	1	0	1	1	0	0.514932	1	1	0.485068	2	1	1
9	47300000	50699999	2	1	1	2	d	2	1	1	0.05	0.1	NA	NA	NA	NA	NA	NA	NA	NA	NA	NA	NA	NA	NA	NA	NA	NA	1	0	0.514932	1	1	0.485068	2	1	1
9	50700000	140267500	2	1	1	3	a	6	1	1	0.0438991642327	0.105844888764	2	1	1	1	1	1	NA	NA	NA	NA	NA	NA	NA	2	1	1	1	1	1	NA	NA	NA	2	1	1
10	95096	37999999	2	1	1	2	d	4	1.13	1.13	0.0451428578995	0.133135543973	2	1	1	1	1	1	NA	NA	NA	NA	NA	NA	NA	2	1	1	1	1	1	NA	NA	NA	2	0	2
10	38000000	42417499	2	1	1	2	d	4	1	1	0.05	0.132738025546	2	1	1	NA	NA	NA	NA	NA	NA	NA	NA	NA	NA	2	1	1	1	1	1	NA	NA	NA	2	0	2
10	42417500	43577499	2	1	1	3	b	6	1	1	0.043236967727	0.190200171632	2	1	1	1	1	1	NA	NA	NA	NA	NA	NA	NA	2	1	1	1	1	1	NA	NA	NA	2	0	2
10	43577500	81455491	2	2	0	3	a	6	2	0	0.0537238900133	0.105499800429	2	0	2	2	0	1	NA	NA	NA	NA	NA	NA	NA	2	0	2	2	0	1	NA	NA	NA	2	0	2
10	81455492	135389924	2	2	0	3	a	6	2	0	0.054043174887	0.114673692926	2	0	2	2	0	1	NA	NA	NA	NA	NA	NA	NA	2	0	2	2	0	1	NA	NA	NA	2	0	2
11	20721	200061	2	1	1	2	d	3	NA	NA	NA	NA	NA	NA	NA	1	1	1	NA	NA	NA	NA	NA	NA	NA	NA	NA	NA	1	1	1	NA	NA	NA	2	1	1
11	200062	51599999	2	1	1	3	a	6	1	1	0.0448134745066	0.108743849758	2	1	1	1	1	1	NA	NA	NA	NA	NA	NA	NA	2	1	1	1	1	1	NA	NA	NA	2	1	1
11	51600000	55699999	2	1	1	3	a	6	1	1	0.0433866306065	0.157186441717	2	1	1	1	1	1	NA	NA	NA	NA	NA	NA	NA	2	1	1	1	1	1	NA	NA	NA	2	1	1
11	55700000	134442500	2	1	1	3	a	6	1	1	0.0428537231758	0.103251275965	2	1	1	1	1	1	NA	NA	NA	NA	NA	NA	NA	2	1	1	1	1	1	NA	NA	NA	2	1	1
12	110107	33299999	2	1	1	3	a	6	1	1	0.0452793921106	0.103338557717	2	1	1	1	1	1	NA	NA	NA	NA	NA	NA	NA	2	1	1	1	1	1	NA	NA	NA	2	1	1
12	33300000	38199999	2	1	1	2	d	5	1	1	0.0413567505085	0.153275930481	1.892867	0.946433291	0.9464333	1	1	1	NA	NA	NA	NA	NA	NA	NA	2	1	1	1	1	1	NA	NA	NA	2	1	1
12	38200000	128108996	2	1	1	3	a	6	1	1	0.0433891211682	0.104782830507	2	1	1	1	1	1	NA	NA	NA	NA	NA	NA	NA	2	1	1	1	1	1	NA	NA	NA	2	1	1
12	128108997	129032641	3	2	1	2	d	4	2	1	0.0597050235913	0.122987911372	2.834562	0.998193305	1.8363687	1	1	0.165205776776026	2	1	0.834794223223974	0.0319075891949419	0.0314282353410231	0.143843540441435	0.267920130831336	3	1	2	2	1	1	NA	NA	NA	3	1	2
12	129032642	132342500	2	1	1	3	a	6	1	1	0.0522171895852	0.11101308672	2	1	1	1	1	1	NA	NA	NA	NA	NA	NA	NA	2	1	1	1	1	1	NA	NA	NA	2	1	1
12	132342501	133851894	2	1	1	2	d	4	NA	NA	NA	NA	2	1	1	1	1	0.919449680215229	2	1	0.0805503197847707	0.0204165630070543	0.0211917913245561	0.856748740476435	0.941269148573137	2	1	1	1	1	1	NA	NA	NA	2	1	1
13	1	16299999	2	1	1	1	h	1	NA	NA	NA	NA	NA	NA	NA	NA	NA	NA	NA	NA	NA	NA	NA	NA	NA	NA	NA	NA	NA	NA	NA	NA	NA	NA	2	1	1
13	16300000	19499999	2	1	1	3	b	5	1	1	0.0442001380027	0.104858264157	NA	NA	NA	1	1	1	NA	NA	NA	NA	NA	NA	NA	2	1	1	1	1	1	NA	NA	NA	2	1	1
13	19500000	114137500	2	1	1	3	a	6	1	1	0.0421493957741	0.107246827894	2	1	1	1	1	1	NA	NA	NA	NA	NA	NA	NA	2	1	1	1	1	1	NA	NA	NA	2	1	1
13	114137501	115169877	2	1	1	2	d	3	NA	NA	NA	NA	2.1035	1.051749914	1.0517499	1	1	0.914974662449413	2	1	0.0850253375505871	0.0242203595005937	0.0236775023027439	0.851162319490028	0.943802259122795	2	1	1	1	1	1	NA	NA	NA	2	1	1
14	1	16099999	2	1	1	1	h	1	NA	NA	NA	NA	NA	NA	NA	NA	NA	NA	NA	NA	NA	NA	NA	NA	NA	NA	NA	NA	NA	NA	NA	NA	NA	NA	2	1	1
14	16100000	19099999	2	1	1	2	d	2	1	1	0.05	0.166862806306	NA	NA	NA	NA	NA	NA	NA	NA	NA	NA	NA	NA	NA	NA	NA	NA	NA	NA	NA	NA	NA	NA	2	1	1
14	19100000	20387888	2	1	1	2	d	3	1	1	0.05	0.211604458803	2	1	1	NA	NA	NA	NA	NA	NA	NA	NA	NA	NA	NA	NA	NA	NA	NA	NA	NA	NA	NA	2	1	1
14	20387889	60215212	2	1	1	3	a	6	1	1	0.043256031052	0.10494208742	2	1	1	1	1	1	NA	NA	NA	NA	NA	NA	NA	2	1	1	1	1	1	NA	NA	NA	2	1	1
14	60215213	106362500	2	1	1	3	a	6	1	1	0.0443034412441	0.105670517979	2	1	1	1	1	1	NA	NA	NA	NA	NA	NA	NA	2	1	1	1	1	1	NA	NA	NA	2	1	1
15	1	15799999	2	1	1	1	h	1	NA	NA	NA	NA	NA	NA	NA	NA	NA	NA	NA	NA	NA	NA	NA	NA	NA	NA	NA	NA	NA	NA	NA	NA	NA	NA	2	1	1
15	15800000	20699999	2	1	1	2	d	2	1	1	0.05	0.224983209202	NA	NA	NA	1	0	0.0728788607576516	1	1	0.927121139242348	0.106248250794841	0.0919957123819124	0.0324844455611367	0.402340935875105	NA	NA	NA	NA	NA	NA	NA	NA	NA	2	1	1
15	20700000	100332500	2	1	1	3	a	6	1	1	0.044183067427	0.109498426151	2	1	1	1	1	1	NA	NA	NA	NA	NA	NA	NA	2	1	1	1	1	1	NA	NA	NA	2	1	1
15	100332501	102531391	2	1	1	3	b	5	NA	NA	NA	NA	2	1	1	1	1	1	NA	NA	NA	NA	NA	NA	NA	2	1	1	1	1	1	NA	NA	NA	2	1	1
16	85065	31972499	3	2	1	2	d	3	1.79	1	0.0596341531941	0.15202335339	2.802748	0.981949921	1.8207976	1	1	0.1497466244941	2	1	0.8502533755059	0.00546095263953839	0.00516971310824005	0.1665231107482	0.186954625081009	3	1	2	2	1	1	NA	NA	NA	3	1	2
16	31972500	34462500	3	2	1	2	d	2	2	1	0.05	0.305734342926	2.802748	0.981949921	1.8207976	1	1	0.525475233521525	2	1	0.474524766478475	0.173713227304613	0.147255277258291	0.484819645841901	1.04681924600667	3	0	3	2	0	0.374173	2	1	0.625827	3	1	2
16	34462501	34599999	3	2	1	2	d	4	2	1	0.05	0.115409030516	NA	NA	NA	NA	NA	NA	NA	NA	NA	NA	NA	NA	NA	3	1	2	2	1	1	NA	NA	NA	3	1	2
16	34600000	38599999	3	2	1	2	d	4	2	1	0.05	0.251858042822	2.770174	0.896049288	1.8741249	2	1	1	NA	NA	NA	NA	NA	NA	NA	3	1	2	2	1	1	NA	NA	NA	2	1	1
16	38600000	46437499	3	2	1	2	f	2	NA	NA	NA	NA	2.770174	0.896049288	1.8741249	NA	NA	NA	NA	NA	NA	NA	NA	NA	NA	NA	NA	NA	2	1	1	NA	NA	NA	2	1	1
16	46437500	88822500	1	1	0	3	a	6	1	0	0.0761588526323	0.0825475858902	1	0	1	1	0	1	NA	NA	NA	NA	NA	NA	NA	1	0	1	1	0	1	NA	NA	NA	1	0	1
16	88822501	90354752	1	1	0	3	b	5	NA	NA	NA	NA	1	0	1	1	0	1	NA	NA	NA	NA	NA	NA	NA	1	0	1	1	0	1	NA	NA	NA	1	0	1
17	834	19034797	1	1	0	2	d	2	1	0.21	0.0858173990823	0.153432258239	1.115999	0.126060322	0.9899387	1	0	0.882955428409975	1	1	0.117044571590025	0.00333268964374089	0.00332202872879752	0.858877748176113	0.871544612997507	1	0	1	1	0	0.915692	1	1	0.0843079	1	0	1
17	19034798	21702608	2	2	0	2	d	2	NA	NA	NA	NA	1.115999	0.126060322	0.9899387	1	1	1	NA	NA	NA	NA	NA	NA	NA	2	0	2	1	0	0.915692	1	1	0.0843079	2	0	2
17	21702609	26708093	2	2	0	2	d	2	NA	NA	NA	NA	NA	NA	NA	NA	NA	1	NA	NA	NA	NA	NA	NA	NA	NA	NA	NA	2	0	1	NA	NA	NA	2	0	2
17	26708094	30887437	2	2	0	1	g	NA	NA	NA	NA	NA	NA	NA	NA	8	0	1	NA	NA	NA	NA	NA	NA	NA	2	1	1	2	0	1	NA	NA	NA	2	0	2
17	30887438	78772500	3	2	1	2	d	3	1.79	1	0.0613233550653	0.138534012572	2.86429	1.003752374	1.8605379	1	1	0.125453670908218	2	1	0.874546329091782	0.00511476225585094	0.00506648332542275	0.130822155105551	0.150242060451257	3	1	2	2	1	1	NA	NA	NA	3	1	2
17	78772501	81195209	3	2	1	2	d	2	NA	NA	NA	NA	2.919162	1.023866611	1.8952955	1	1	0.125453670908218	2	1	0.874546329091782	0.00511476225585094	0.00506648332542275	0.130822155105551	0.150242060451257	2	1	1	2	1	1	NA	NA	NA	3	1	2
18	27500	15399999	2	1	1	3	a	6	1	1	0.0425330372354	0.117288285442	2	1	1	1	1	1	NA	NA	NA	NA	NA	NA	NA	2	1	1	1	1	1	NA	NA	NA	2	1	1
18	15400000	18999999	2	1	1	3	a	6	1	1	0.05	0.104265212286	2	1	1	1	1	1	NA	NA	NA	NA	NA	NA	NA	2	1	1	1	1	1	NA	NA	NA	2	1	1
18	19000000	76112500	2	1	1	3	a	6	1	1	0.0436419546321	0.102931754488	2	1	1	1	1	1	NA	NA	NA	NA	NA	NA	NA	2	1	1	1	1	1	NA	NA	NA	2	1	1
18	76112501	78077247	2	1	1	3	b	5	NA	NA	NA	NA	2	1	1	1	1	1	NA	NA	NA	NA	NA	NA	NA	2	1	1	1	1	1	NA	NA	NA	2	1	1
19	102500	254447	2	1	1	2	d	4	1	1	0.05	0.1	NA	NA	NA	1	1	1	NA	NA	NA	NA	NA	NA	NA	NA	NA	NA	1	1	1	NA	NA	NA	2	1	1
19	254448	24399999	2	1	1	2	d	5	1	1	0.0493556188583	0.112033745389	1.856943	0.928471554	0.9284716	1	1	1	NA	NA	NA	NA	NA	NA	NA	2	1	1	1	1	1	NA	NA	NA	2	1	1
19	24400000	28599999	2	1	1	2	d	5	1	1	0.0465134223883	0.202460044703	1.790451	0.895225361	0.8952254	1	1	1	NA	NA	NA	NA	NA	NA	NA	2	1	1	1	1	1	NA	NA	NA	2	1	1
19	28600000	59128982	2	1	1	3	a	6	1	1	0.0467831963742	0.133279185316	2	1	1	1	1	1	NA	NA	NA	NA	NA	NA	NA	2	1	1	1	1	1	NA	NA	NA	2	1	1
20	17500	25599999	2	1	1	3	a	6	1	1	0.0435836958135	0.104398268899	2	1	1	1	1	1	NA	NA	NA	NA	NA	NA	NA	2	1	1	1	1	1	NA	NA	NA	2	1	1
20	25600000	29399999	2	1	1	3	a	6	1	1	0.05	0.127115777687	2	1	1	1	1	1	NA	NA	NA	NA	NA	NA	NA	2	1	1	1	1	1	NA	NA	NA	2	1	1
20	29400000	62432500	2	1	1	3	a	6	1	1	0.0474698177731	0.103975428749	2	1	1	1	1	1	NA	NA	NA	NA	NA	NA	NA	2	1	1	1	1	1	NA	NA	NA	2	1	1
21	1	9417499	NA	NA	NA	NA	NA	NA	1	1	0.05	0.1	NA	NA	NA	NA	NA	NA	NA	NA	NA	NA	NA	NA	NA	NA	NA	NA	2	0	0.19557	1	0	0.80443	NA	NA	NA
21	9417500	10899999	NA	NA	NA	NA	NA	NA	1	1	0.05	0.156956697115	NA	NA	NA	NA	NA	NA	NA	NA	NA	NA	NA	NA	NA	NA	NA	NA	2	0	0.19557	1	0	0.80443	NA	NA	NA
21	10900000	15280157	2	1	1	2	f	2	1	1	0.05	0.193823050218	NA	NA	NA	2	1	1	NA	NA	NA	NA	NA	NA	NA	NA	NA	NA	1	0	0.486886	1	1	0.513114	NA	NA	NA
21	15280158	46937500	2	1	1	3	b	5	1	1	0.0442412874856	0.104937551449	2	1	1	1	1	1	NA	NA	NA	NA	NA	NA	NA	2	1	1	1	1	1	NA	NA	NA	NA	NA	NA
21	46937501	48129894	2	1	1	2	d	4	NA	NA	NA	NA	2	1	1	1	1	1	NA	NA	NA	NA	NA	NA	NA	2	1	1	1	1	1	NA	NA	NA	NA	NA	NA
22	1	12199999	2	1	1	1	h	1	NA	NA	NA	NA	NA	NA	NA	NA	NA	NA	NA	NA	NA	NA	NA	NA	NA	NA	NA	NA	NA	NA	NA	NA	NA	NA	2	1	1
22	12200000	17899999	2	1	1	2	d	5	1	1	0.069865001151	0.170228591842	1.866844	0.933422007	0.933422	1	1	1	NA	NA	NA	NA	NA	NA	NA	2	1	1	1	1	1	NA	NA	NA	2	1	1
22	17900000	49687500	2	1	1	3	a	6	1	1	0.0467056982528	0.119974382554	2	1	1	1	1	1	NA	NA	NA	NA	NA	NA	NA	2	1	1	1	1	1	NA	NA	NA	2	1	1
22	49687501	51304565	2	1	1	3	b	5	NA	NA	NA	NA	2	1	1	1	1	1	NA	NA	NA	NA	NA	NA	NA	2	1	1	1	1	1	NA	NA	NA	2	1	1
X	1	58099999	2	1	1	3	a	5	1	1	0.0448032948341	0.12749287161	2	1	1	1	1	1	NA	NA	NA	NA	NA	NA	NA	2	1	1	NA	NA	NA	NA	NA	NA	2	1	1
X	58100000	62999999	2	1	1	2	d	4	1	1	0.0419583576081	0.265662690508	1.867385	0.933692712	0.9336927	1	1	1	NA	NA	NA	NA	NA	NA	NA	2	1	1	NA	NA	NA	NA	NA	NA	2	1	1
X	63000000	154929638	2	1	1	3	a	5	1	1	0.0435292582499	0.11471171344	2	1	1	1	1	1	NA	NA	NA	NA	NA	NA	NA	2	1	1	NA	NA	NA	NA	NA	NA	2	1	1
