chromosome	start	end	total_cn	major_cn	minor_cn	star	level	methods_agree	absolute_broad_major_cn	absolute_broad_minor_cn	absolute_broad_het_error	absolute_broad_cov_error	aceseq_copy_number	aceseq_minor_cn	aceseq_major_cn	battenberg_nMaj1_A	battenberg_nMin1_A	battenberg_frac1_A	battenberg_nMaj2_A	battenberg_nMin2_A	battenberg_frac2_A	battenberg_SDfrac_A	battenberg_SDfrac_A_BS	battenberg_frac1_A_0.025	battenberg_frac1_A_0.975	clonehd_copy_number	clonehd_minor_cn	clonehd_major_cn	sclust_nMaj1_A	sclust_nMin1_A	sclust_frac1_A	sclust_nMaj2_A	sclust_nMin2_A	sclust_frac2_A	jabba_copy_number	jabba_minor_cn	jabba_major_cn
1	10001	821925	2	1	1	2	d	2	NA	NA	NA	NA	NA	NA	NA	NA	NA	NA	NA	NA	NA	NA	NA	NA	NA	NA	NA	NA	1	1	1	NA	NA	NA	2	1	1
1	821926	16897500	2	1	1	3	b	5	NA	NA	NA	NA	2	1	1	1	1	1	NA	NA	NA	NA	NA	NA	NA	NA	NA	NA	1	1	1	NA	NA	NA	2	1	1
1	16897501	17222500	2	1	1	2	d	3	NA	NA	NA	NA	2	1	1	1	1	1	NA	NA	NA	NA	NA	NA	NA	NA	NA	NA	2	0	1	NA	NA	NA	2	1	1
1	17222501	63120078	2	1	1	3	b	5	NA	NA	NA	NA	2	1	1	1	1	1	NA	NA	NA	NA	NA	NA	NA	NA	NA	NA	1	1	1	NA	NA	NA	2	1	1
1	63120079	63126078	2	1	1	2	d	3	NA	NA	NA	NA	2	1	1	2	1	1	NA	NA	NA	NA	NA	NA	NA	NA	NA	NA	1	1	1	NA	NA	NA	2	1	1
1	63126079	121499999	2	1	1	3	b	5	NA	NA	NA	NA	2	1	1	1	1	1	NA	NA	NA	NA	NA	NA	NA	NA	NA	NA	1	1	1	NA	NA	NA	2	1	1
1	121500000	128899999	2	1	1	2	d	3	NA	NA	NA	NA	2	1	1	NA	NA	NA	NA	NA	NA	NA	NA	NA	NA	NA	NA	NA	1	1	1	NA	NA	NA	2	1	1
1	128900000	143504938	2	1	1	2	d	2	NA	NA	NA	NA	NA	NA	NA	NA	NA	NA	NA	NA	NA	NA	NA	NA	NA	NA	NA	NA	1	1	1	NA	NA	NA	2	1	1
1	143504939	228357112	3	2	1	2	d	3	NA	NA	NA	NA	2.859681	0.91624919	1.9434314	2	1	0.823418674698789	3	1	0.176581325301211	0.00664603079694132	0.00683074620021018	0.833413401035453	0.860234820378698	NA	NA	NA	2	1	1	NA	NA	NA	3	1	2
1	228357113	247247500	2	1	1	2	d	3	NA	NA	NA	NA	2.398851	0.93130564	1.4675457	1	1	0.372489959839364	2	1	0.627510040160636	0.0111228540845744	0.0111335108333951	0.352531012310994	0.396682931087977	NA	NA	NA	1	1	1	NA	NA	NA	2	1	1
1	247247501	249250620	2	1	1	2	d	2	NA	NA	NA	NA	2.376459	0.8602665	1.5161929	1	1	0.215612449799189	2	1	0.784387550200811	0.03824550053824	0.0384894105719915	0.173746485811889	0.324578859739997	NA	NA	NA	2	1	1	NA	NA	NA	2	1	1
2	13133	90499999	2	2	0	3	b	5	NA	NA	NA	NA	2	0	2	2	0	1	NA	NA	NA	NA	NA	NA	NA	NA	NA	NA	2	0	1	NA	NA	NA	2	0	2
2	90500000	96799999	2	2	0	2	d	3	NA	NA	NA	NA	2.09242	0.13297373	1.9594468	NA	NA	NA	NA	NA	NA	NA	NA	NA	NA	NA	NA	NA	2	0	1	NA	NA	NA	2	0	2
2	96800000	242988297	2	2	0	3	b	5	NA	NA	NA	NA	2	0	2	2	0	1	NA	NA	NA	NA	NA	NA	NA	NA	NA	NA	2	0	1	NA	NA	NA	2	0	2
3	62226	75423244	2	2	0	3	b	5	NA	NA	NA	NA	2	0	2	2	0	1	NA	NA	NA	NA	NA	NA	NA	NA	NA	NA	2	0	1	NA	NA	NA	2	0	2
3	75423245	87899999	2	2	0	3	b	5	NA	NA	NA	NA	2	0	2	2	0	1	NA	NA	NA	NA	NA	NA	NA	NA	NA	NA	2	0	1	NA	NA	NA	2	0	2
3	87900000	93899999	2	2	0	2	d	4	NA	NA	NA	NA	2	0	2	NA	NA	NA	NA	NA	NA	NA	NA	NA	NA	NA	NA	NA	2	0	1	NA	NA	NA	2	0	2
3	93900000	193746734	2	2	0	2	d	3	NA	NA	NA	NA	2.468442	0.07495955	2.3934824	2	0	0.387438643462742	3	0	0.612561356537258	0.00672297291207627	0.00643777268484113	0.424705631588235	0.450211172408237	NA	NA	NA	2	0	1	NA	NA	NA	2	0	2
3	193746735	197779210	3	3	0	2	d	2	NA	NA	NA	NA	2.415621	0.07861732	2.3370042	2	0	0.387438643462742	3	0	0.612561356537258	0.00672297291207627	0.00643777268484113	0.424705631588235	0.450211172408237	NA	NA	NA	2	0	1	NA	NA	NA	3	0	3
4	42231	48199999	2	2	0	2	d	4	NA	NA	NA	NA	1.931079	0.06468333	1.8663954	2	0	1	NA	NA	NA	NA	NA	NA	NA	NA	NA	NA	2	0	1	NA	NA	NA	2	0	2
4	48200000	52699999	2	2	0	2	d	4	NA	NA	NA	NA	2	0	2	NA	NA	NA	NA	NA	NA	NA	NA	NA	NA	NA	NA	NA	2	0	1	NA	NA	NA	2	0	2
4	52700000	191154275	2	2	0	3	b	5	NA	NA	NA	NA	2	0	2	2	0	1	NA	NA	NA	NA	NA	NA	NA	NA	NA	NA	2	0	1	NA	NA	NA	2	0	2
5	22500	32314152	3	2	1	2	d	3	NA	NA	NA	NA	2.854127	0.85363081	2.0004966	2	0	0.241265060240963	2	1	0.758734939759037	0.00639653757350483	0.00642878784182828	0.204734301496316	0.230189580685902	NA	NA	NA	2	1	1	NA	NA	NA	3	1	2
5	32314153	32364005	3	2	1	2	d	3	NA	NA	NA	NA	2.854127	0.85363081	2.0004966	1	0	0.784387550200799	1	1	0.215612449799201	NA	0	0.784387550200799	0.784387550200799	NA	NA	NA	2	1	1	NA	NA	NA	3	1	2
5	32364006	46099999	3	2	1	2	d	3	NA	NA	NA	NA	2.817438	0.83239023	1.9850473	2	0	0.226217740933926	2	1	0.773782259066074	0.00997101175215744	0.00990815119780844	0.20686001734603	0.244570366867455	NA	NA	NA	2	1	1	NA	NA	NA	3	1	2
5	46100000	50699999	NA	NA	NA	NA	NA	NA	NA	NA	NA	NA	2.373725	0.81789213	1.5558328	NA	NA	NA	NA	NA	NA	NA	NA	NA	NA	NA	NA	NA	1	1	1	NA	NA	NA	2	0	2
5	50700000	53279508	2	1	1	2	d	2	NA	NA	NA	NA	2.393089	0.85724583	1.535843	1	1	0.223923867833184	2	1	0.776076132166816	0.022232088720419	0.0225194211561392	0.18037469017942	0.269086063997532	NA	NA	NA	1	1	1	NA	NA	NA	2	0	2
5	53279509	54108733	2	1	1	2	d	2	NA	NA	NA	NA	2.4991	0.8910855	1.6080146	1	1	0.223923867833184	2	1	0.776076132166816	0.022232088720419	0.0225194211561392	0.18037469017942	0.269086063997532	NA	NA	NA	1	1	1	NA	NA	NA	2	0	2
5	54108734	56322083	2	1	1	2	d	2	NA	NA	NA	NA	1.762128	0.88106418	0.8810642	1	0	0.149407152419206	1	1	0.850592847580794	0.0292774994077613	0.0292655513864441	0.0269293381140997	0.141402957955406	NA	NA	NA	1	1	1	NA	NA	NA	2	0	2
5	56322084	57191545	2	1	1	2	d	2	NA	NA	NA	NA	2.414528	0.84884152	1.5656863	1	1	0.215612449799189	2	1	0.784387550200811	0.0489194916105314	0.0482222429722793	0.128261280143767	0.320355319299822	NA	NA	NA	1	1	1	NA	NA	NA	2	0	2
5	57191546	57200327	2	1	1	2	d	2	NA	NA	NA	NA	2.414528	0.84884152	1.5656863	1	1	1	NA	NA	NA	NA	NA	NA	NA	NA	NA	NA	1	1	1	NA	NA	NA	2	0	2
5	57200328	63109466	2	1	1	2	d	2	NA	NA	NA	NA	2.392564	0.85701275	1.5355516	1	1	0.186561059051016	2	1	0.813438940948984	0.0208003850565582	0.0212148549199691	0.167271096254252	0.254247537721555	NA	NA	NA	1	1	1	NA	NA	NA	2	0	2
5	63109467	64139878	3	2	1	1	g	NA	NA	NA	NA	NA	2.394352	0.79185456	1.6024977	1	1	0.33946311562037	2	1	0.66053688437963	0.116240636343096	0.11511748461257	0.11060363088037	0.562713848779778	NA	NA	NA	2	1	0.966207	1	1	0.0337935	2	0	2
5	64139879	65953940	3	2	1	2	f	3	NA	NA	NA	NA	2.536969	0.83947689	1.6974923	2	1	1	NA	NA	NA	NA	NA	NA	NA	NA	NA	NA	2	1	1	NA	NA	NA	2	0	2
5	65953941	180662500	2	1	1	1	g	NA	NA	NA	NA	NA	2.347573	0.81007492	1.5374979	2	1	1	NA	NA	NA	NA	NA	NA	NA	NA	NA	NA	1	1	1	NA	NA	NA	2	0	2
6	39681	219871	3	2	1	1	h	1	NA	NA	NA	NA	NA	NA	NA	2	1	1	NA	NA	NA	NA	NA	NA	NA	NA	NA	NA	NA	NA	NA	NA	NA	NA	2	0	2
6	219872	58699999	2	1	1	1	g	NA	NA	NA	NA	NA	2.468482	0.87291021	1.5955713	2	1	1	NA	NA	NA	NA	NA	NA	NA	NA	NA	NA	1	1	1	NA	NA	NA	2	0	2
6	58700000	63299999	2	1	1	2	d	2	NA	NA	NA	NA	2.362979	0.94774854	1.4152304	NA	NA	NA	NA	NA	NA	NA	NA	NA	NA	NA	NA	NA	1	1	1	NA	NA	NA	2	0	2
6	63300000	66361763	2	1	1	2	d	2	NA	NA	NA	NA	2.447296	0.94357611	1.5037199	1	1	0.382299357997965	2	1	0.617700642002035	0.0189525052972949	0.0187049834698822	0.346483857256035	0.417839135366577	NA	NA	NA	1	1	1	NA	NA	NA	2	0	2
6	66361764	68331854	2	1	1	2	d	2	NA	NA	NA	NA	2.310946	0.95463184	1.3563139	1	1	0.528268520764577	2	1	0.471731479235423	0.0173939478503358	0.0172918281550956	0.492006202382679	0.563530270137307	NA	NA	NA	1	1	1	NA	NA	NA	2	0	2
6	68331855	72443405	2	1	1	2	d	2	NA	NA	NA	NA	2.364815	0.96000144	1.4048137	1	1	0.528268520764577	2	1	0.471731479235423	0.0173939478503358	0.0172918281550956	0.492006202382679	0.563530270137307	NA	NA	NA	1	1	1	NA	NA	NA	2	0	2
6	72443406	72767507	2	1	1	2	d	2	NA	NA	NA	NA	2.343486	0.97411357	1.3693724	1	1	0.639398941254975	2	1	0.360601058745025	0.0329287938072896	0.0323369742640556	0.57681402599462	0.704158045804957	NA	NA	NA	1	1	1	NA	NA	NA	2	0	2
6	72767508	74304910	2	1	1	2	d	2	NA	NA	NA	NA	2.273517	0.94565836	1.3278585	1	1	0.639398941254975	2	1	0.360601058745025	0.0329287938072896	0.0323369742640556	0.57681402599462	0.704158045804957	NA	NA	NA	1	1	1	NA	NA	NA	2	0	2
6	74304911	74308935	1	1	0	2	d	3	NA	NA	NA	NA	2.273517	0.94565836	1.3278585	1	0	1	NA	NA	NA	NA	NA	NA	NA	NA	NA	NA	1	1	1	NA	NA	NA	1	0	1
6	74308936	170904973	2	1	1	2	d	3	NA	NA	NA	NA	2.354208	0.96784566	1.3863625	1	1	0.567234455061625	2	1	0.432765544938375	0.00477448096457084	0.00469055685239676	0.552913465852373	0.571355969920081	NA	NA	NA	1	1	1	NA	NA	NA	2	1	1
7	40386	57999999	3	2	1	3	b	5	NA	NA	NA	NA	3	1	2	2	1	1	NA	NA	NA	NA	NA	NA	NA	NA	NA	NA	2	1	1	NA	NA	NA	3	1	2
7	58000000	61699999	3	2	1	2	d	2	NA	NA	NA	NA	3	1	2	NA	NA	NA	NA	NA	NA	NA	NA	NA	NA	NA	NA	NA	1	1	1	NA	NA	NA	3	1	2
7	61700000	88155537	3	2	1	2	d	4	NA	NA	NA	NA	2.849738	0.95601024	1.8937279	2	1	1	NA	NA	NA	NA	NA	NA	NA	NA	NA	NA	2	1	1	NA	NA	NA	3	1	2
7	88155538	88701897	2	2	0	2	d	2	NA	NA	NA	NA	2.436211	0.19302274	2.2431883	2	0	0.286955514365143	3	0	0.713044485634857	0.114172839149259	0.100636110643157	0.455819162476967	0.84678721102633	NA	NA	NA	2	0	1	NA	NA	NA	2	0	2
7	88701898	158817500	3	2	1	3	b	5	NA	NA	NA	NA	3	1	2	2	1	1	NA	NA	NA	NA	NA	NA	NA	NA	NA	NA	2	1	1	NA	NA	NA	3	1	2
8	10001	172499	3	2	1	1	g	NA	NA	NA	NA	NA	NA	NA	NA	3	1	1	NA	NA	NA	NA	NA	NA	NA	NA	NA	NA	2	1	1	NA	NA	NA	3	1	2
8	172500	13594899	3	2	1	2	d	4	NA	NA	NA	NA	2.903593	1.05472378	1.8488692	2	1	1	NA	NA	NA	NA	NA	NA	NA	NA	NA	NA	2	1	1	NA	NA	NA	3	1	2
8	13594900	43099999	3	2	1	2	d	4	NA	NA	NA	NA	2.877985	1.03420401	1.8437811	2	1	1	NA	NA	NA	NA	NA	NA	NA	NA	NA	NA	2	1	1	NA	NA	NA	3	1	2
8	43100000	48099999	3	2	1	2	d	3	NA	NA	NA	NA	2.811548	1.02928343	1.7822642	NA	NA	NA	NA	NA	NA	NA	NA	NA	NA	NA	NA	NA	2	1	1	NA	NA	NA	3	1	2
8	48100000	146364021	3	2	1	2	d	4	NA	NA	NA	NA	2.929659	1.03322799	1.896431	2	1	1	NA	NA	NA	NA	NA	NA	NA	NA	NA	NA	2	1	1	NA	NA	NA	3	1	2
9	47500	229484	1	1	0	2	d	3	NA	NA	NA	NA	NA	NA	NA	2	0	0.838911200356986	2	1	0.161088799643014	NA	0	0.838911200356986	0.838911200356986	NA	NA	NA	1	0	1	NA	NA	NA	1	0	1
9	229485	21775660	1	1	0	2	d	3	NA	NA	NA	NA	1.360865	0.06318456	1.2976808	1	0	0.605945521215298	2	0	0.394054478784702	0.00923439329489317	0.00918575573369283	0.614660071925425	0.650115484806191	NA	NA	NA	1	0	1	NA	NA	NA	1	0	1
9	21775661	21846236	1	1	0	2	f	3	NA	NA	NA	NA	1.360865	0.06318456	1.2976808	0	0	1	NA	NA	NA	NA	NA	NA	NA	NA	NA	NA	0	0	1	NA	NA	NA	1	0	1
9	21846237	22037431	0	0	0	2	d	2	NA	NA	NA	NA	0.269402	0.02404319	0.2453592	0	0	0.852413104662606	1	0	0.147586895337394	0.0922389512222716	0.0938018667940777	0.540787616622078	0.91213753773847	NA	NA	NA	0	0	1	NA	NA	NA	0	0	0
9	22037432	45702499	1	1	0	2	d	4	NA	NA	NA	NA	1.112367	0.05106884	1.0612986	1	0	1	NA	NA	NA	NA	NA	NA	NA	NA	NA	NA	1	0	1	NA	NA	NA	1	0	1
9	45702500	47299999	2	2	0	2	d	2	NA	NA	NA	NA	1.112367	0.05106884	1.0612986	NA	NA	NA	NA	NA	NA	NA	NA	NA	NA	NA	NA	NA	2	0	1	NA	NA	NA	2	0	2
9	47300000	50699999	2	2	0	2	d	2	NA	NA	NA	NA	NA	NA	NA	NA	NA	NA	NA	NA	NA	NA	NA	NA	NA	NA	NA	NA	2	0	1	NA	NA	NA	2	0	2
9	50700000	140267500	2	2	0	3	b	5	NA	NA	NA	NA	2	0	2	2	0	1	NA	NA	NA	NA	NA	NA	NA	NA	NA	NA	2	0	1	NA	NA	NA	2	0	2
9	140267501	141026318	2	2	0	2	d	4	NA	NA	NA	NA	2.143318	0.06172738	2.0815908	2	0	1	NA	NA	NA	NA	NA	NA	NA	NA	NA	NA	2	0	1	NA	NA	NA	2	0	2
10	95353	4580995	1	1	0	2	e	4	NA	NA	NA	NA	1.489077	0.46776376	1.021313	1	0	0.627510040160647	1	1	0.372489959839353	0.0141448977074891	0.0144670678074716	0.583409365016108	0.641007161636722	NA	NA	NA	1	0	0.649398	1	1	0.350602	1	0	1
10	4580996	37999999	2	1	1	3	b	5	NA	NA	NA	NA	2	1	1	1	1	1	NA	NA	NA	NA	NA	NA	NA	NA	NA	NA	1	1	1	NA	NA	NA	2	1	1
10	38000000	42299999	2	1	1	2	d	3	NA	NA	NA	NA	1.50526	0.75262981	0.7526298	1	1	1	NA	NA	NA	NA	NA	NA	NA	NA	NA	NA	NA	NA	NA	NA	NA	NA	2	1	1
10	42300000	135389924	2	1	1	3	b	5	NA	NA	NA	NA	2	1	1	1	1	1	NA	NA	NA	NA	NA	NA	NA	NA	NA	NA	1	1	1	NA	NA	NA	2	1	1
11	20721	219451	2	2	0	2	d	2	NA	NA	NA	NA	NA	NA	NA	2	0	1	NA	NA	NA	NA	NA	NA	NA	NA	NA	NA	NA	NA	NA	NA	NA	NA	2	0	2
11	219452	51575271	2	2	0	2	d	4	NA	NA	NA	NA	1.918513	0.06625199	1.8522615	2	0	1	NA	NA	NA	NA	NA	NA	NA	NA	NA	NA	2	0	1	NA	NA	NA	2	0	2
11	51575272	55699999	2	2	0	2	d	4	NA	NA	NA	NA	1.90024	0.01436563	1.8858741	2	0	1	NA	NA	NA	NA	NA	NA	NA	NA	NA	NA	2	0	1	NA	NA	NA	2	0	2
11	55700000	134442500	2	2	0	2	d	4	NA	NA	NA	NA	1.926908	0.06599121	1.8609163	2	0	1	NA	NA	NA	NA	NA	NA	NA	NA	NA	NA	2	0	1	NA	NA	NA	2	0	2
12	110107	203639	3	2	1	1	g	NA	NA	NA	NA	NA	NA	NA	NA	2	2	1	NA	NA	NA	NA	NA	NA	NA	NA	NA	NA	2	1	1	NA	NA	NA	2	1	1
12	203640	33299999	2	1	1	2	d	3	NA	NA	NA	NA	2.466435	0.97990922	1.4865257	1	1	0.439723178427998	2	1	0.560276821572002	0.008157367948713	0.00810911785787032	0.430169143995478	0.461352190626877	NA	NA	NA	1	1	1	NA	NA	NA	2	1	1
12	33300000	38199999	2	1	1	2	d	3	NA	NA	NA	NA	2.150581	0.87305389	1.2775275	NA	NA	NA	NA	NA	NA	NA	NA	NA	NA	NA	NA	NA	1	1	1	NA	NA	NA	2	1	1
12	38200000	41226075	2	1	1	2	d	3	NA	NA	NA	NA	2.209251	1.10462551	1.1046255	1	1	0.64558092531656	2	1	0.35441907468344	0.028549290683946	0.02889690950994	0.590411271341684	0.701856543797169	NA	NA	NA	1	1	1	NA	NA	NA	2	1	1
12	41226076	41232571	2	1	1	2	f	3	NA	NA	NA	NA	2.209251	1.10462551	1.1046255	2	0	1	NA	NA	NA	NA	NA	NA	NA	NA	NA	NA	1	1	1	NA	NA	NA	2	1	1
12	41232572	41236926	2	1	1	2	d	2	NA	NA	NA	NA	NA	NA	NA	NA	NA	NA	NA	NA	NA	NA	NA	NA	NA	NA	NA	NA	1	1	1	NA	NA	NA	2	1	1
12	41236927	65049341	2	1	1	2	d	3	NA	NA	NA	NA	2.277768	0.95545392	1.3223144	1	1	0.623493975903611	2	1	0.376506024096389	0.00998602259940878	0.00976795773778561	0.60803599834038	0.645398304738345	NA	NA	NA	1	1	1	NA	NA	NA	2	1	1
12	65049342	65270690	2	1	1	2	d	2	NA	NA	NA	NA	2.277768	0.95545392	1.3223144	3	0	1	NA	NA	NA	NA	NA	NA	NA	NA	NA	NA	1	1	1	NA	NA	NA	2	1	1
12	65270691	65796185	2	1	1	2	d	3	NA	NA	NA	NA	2.451156	0.98203643	1.4691191	1	1	0.738100984907915	2	1	0.261899015092085	0.083231015444755	0.0818449456737074	0.617726951221273	0.943456710056996	NA	NA	NA	1	1	1	NA	NA	NA	2	1	1
12	65796186	70237398	3	2	1	2	d	4	NA	NA	NA	NA	2.688276	0.93670228	1.7515738	2	1	1	NA	NA	NA	NA	NA	NA	NA	NA	NA	NA	2	1	1	NA	NA	NA	3	1	2
12	70237399	70789735	2	1	1	2	d	3	NA	NA	NA	NA	2.388309	1.03355986	1.3547491	1	1	0.551778542742403	2	1	0.448221457257597	0.0666093631346766	0.0675915729488085	0.448331322850374	0.716490517619808	NA	NA	NA	1	1	1	NA	NA	NA	2	1	1
12	70789736	70849611	3	2	1	2	d	4	NA	NA	NA	NA	2.752352	1.10673267	1.6456191	2	1	1	NA	NA	NA	NA	NA	NA	NA	NA	NA	NA	2	1	1	NA	NA	NA	3	1	2
12	70849612	132342500	2	1	1	2	d	3	NA	NA	NA	NA	2.253565	0.944093	1.3094716	1	1	0.618795735346942	2	1	0.381204264653058	0.0061830333798823	0.00595671062908397	0.607289482883343	0.631029204151787	NA	NA	NA	1	1	1	NA	NA	NA	2	1	1
12	132342501	133851894	2	1	1	2	d	2	NA	NA	NA	NA	2.301249	0.94078013	1.3604686	1	1	0.618795735346942	2	1	0.381204264653058	0.0061830333798823	0.00595671062908397	0.607289482883343	0.631029204151787	NA	NA	NA	1	1	1	NA	NA	NA	2	1	1
13	1	16299999	1	1	0	1	h	1	NA	NA	NA	NA	NA	NA	NA	NA	NA	NA	NA	NA	NA	NA	NA	NA	NA	NA	NA	NA	NA	NA	NA	NA	NA	NA	1	0	1
13	16300000	19499999	NA	NA	NA	NA	NA	NA	NA	NA	NA	NA	NA	NA	NA	1	0	0.17110880305343	1	1	0.82889119694657	0.0214054086061804	0.021391708075732	0.126832653402806	0.212407127629104	NA	NA	NA	1	0	1	NA	NA	NA	1	0	1
13	19500000	23470057	2	1	1	2	e	4	NA	NA	NA	NA	1.573283	0.78664135	0.7866413	1	0	0.17110880305343	1	1	0.82889119694657	0.0214054086061804	0.021391708075732	0.126832653402806	0.212407127629104	NA	NA	NA	1	0	0.282938	1	1	0.717062	1	0	1
13	23470058	23524916	2	1	1	2	d	3	NA	NA	NA	NA	1.573283	0.78664135	0.7866413	1	1	0.411709337349394	2	1	0.588290662650606	0.182637964593163	0.177437346664886	0.083401854854366	0.783320247783661	NA	NA	NA	1	1	1	NA	NA	NA	2	1	1
13	23524917	24407456	2	1	1	2	e	4	NA	NA	NA	NA	1.547216	0.77360775	0.7736078	1	0	0.168945785611403	1	1	0.831054214388597	0.0259818707484056	0.0247768756775862	0.120716502662719	0.217925741704666	NA	NA	NA	1	0	0.371488	1	1	0.628512	1	0	1
13	24407457	24869985	2	1	1	2	d	4	NA	NA	NA	NA	2	1	1	1	0	0.168945785611403	1	1	0.831054214388597	0.0259818707484056	0.0247768756775862	0.120716502662719	0.217925741704666	NA	NA	NA	1	1	1	NA	NA	NA	2	1	1
13	24869986	28599787	1	1	0	2	d	2	NA	NA	NA	NA	1.413107	0.54291343	0.8701938	1	0	0.362025023169599	1	1	0.637974976830401	0.0184552003344501	0.0182226467687588	0.337558673862287	0.407829688204332	NA	NA	NA	1	0	0.447335	1	1	0.552665	1	0	1
13	28599788	28599898	2	1	1	1	g	NA	NA	NA	NA	NA	1.413107	0.54291343	0.8701938	NA	NA	NA	NA	NA	NA	NA	NA	NA	NA	NA	NA	NA	1	0	0.447335	1	1	0.552665	1	0	1
13	28599899	95250742	2	1	1	2	e	4	NA	NA	NA	NA	1.663549	0.67360284	0.9899461	1	0	0.313755020080319	1	1	0.686244979919681	0.00476532340868732	0.00495232413186098	0.29967777032616	0.319113262230179	NA	NA	NA	1	0	0.371488	1	1	0.628512	1	0	1
13	95250743	95251434	2	1	1	2	f	3	NA	NA	NA	NA	1.663549	0.67360284	0.9899461	NA	NA	NA	NA	NA	NA	NA	NA	NA	NA	NA	NA	NA	1	0	0.371488	1	1	0.628512	2	1	1
13	95251435	114176444	2	1	1	2	d	4	NA	NA	NA	NA	2	1	1	1	1	0.714768163563338	2	1	0.285231836436662	0.009403919744711	0.00928753038931989	0.690150209371354	0.726125317561127	NA	NA	NA	1	1	1	NA	NA	NA	2	1	1
14	1	16099999	1	1	0	1	h	1	NA	NA	NA	NA	NA	NA	NA	NA	NA	NA	NA	NA	NA	NA	NA	NA	NA	NA	NA	NA	NA	NA	NA	NA	NA	NA	1	0	1
14	16100000	19099999	1	1	0	2	d	2	NA	NA	NA	NA	NA	NA	NA	NA	NA	NA	NA	NA	NA	NA	NA	NA	NA	NA	NA	NA	1	0	1	NA	NA	NA	1	0	1
14	19100000	106362500	1	1	0	2	d	2	NA	NA	NA	NA	1.367348	0.06563734	1.3017103	1	0	0.643210205220477	2	0	0.356789794779523	0.0055873658363324	0.00554871853385038	0.632619658415476	0.654592537082724	NA	NA	NA	1	0	1	NA	NA	NA	1	0	1
15	1	15799999	2	2	0	1	h	1	NA	NA	NA	NA	NA	NA	NA	NA	NA	NA	NA	NA	NA	NA	NA	NA	NA	NA	NA	NA	NA	NA	NA	NA	NA	NA	2	0	2
15	15800000	20699999	2	2	0	2	d	2	NA	NA	NA	NA	NA	NA	NA	1	1	1	NA	NA	NA	NA	NA	NA	NA	NA	NA	NA	2	0	1	NA	NA	NA	2	0	2
15	20700000	100332500	2	2	0	3	b	5	NA	NA	NA	NA	2	0	2	2	0	1	NA	NA	NA	NA	NA	NA	NA	NA	NA	NA	2	0	1	NA	NA	NA	2	0	2
15	100332501	102399919	2	2	0	2	d	4	NA	NA	NA	NA	2.12517	0.0893424	2.0358276	2	0	1	NA	NA	NA	NA	NA	NA	NA	NA	NA	NA	2	0	1	NA	NA	NA	2	0	2
16	84373	34599999	2	1	1	3	b	5	NA	NA	NA	NA	2	1	1	1	1	1	NA	NA	NA	NA	NA	NA	NA	NA	NA	NA	1	1	1	NA	NA	NA	2	1	1
16	34600000	38599999	2	1	1	3	b	5	NA	NA	NA	NA	2	1	1	1	1	1	NA	NA	NA	NA	NA	NA	NA	NA	NA	NA	1	1	1	NA	NA	NA	2	1	1
16	38600000	88822500	2	1	1	3	b	5	NA	NA	NA	NA	2	1	1	1	1	1	NA	NA	NA	NA	NA	NA	NA	NA	NA	NA	1	1	1	NA	NA	NA	2	1	1
16	88822501	90354752	2	1	1	3	b	5	NA	NA	NA	NA	2	1	1	1	1	1	NA	NA	NA	NA	NA	NA	NA	NA	NA	NA	1	1	1	NA	NA	NA	2	1	1
17	7	22199999	2	2	0	3	b	5	NA	NA	NA	NA	2	0	2	2	0	1	NA	NA	NA	NA	NA	NA	NA	NA	NA	NA	2	0	1	NA	NA	NA	2	0	2
17	22200000	25799999	2	2	0	2	d	3	NA	NA	NA	NA	1.920657	0.02117145	1.8994857	NA	NA	NA	NA	NA	NA	NA	NA	NA	NA	NA	NA	NA	2	0	1	NA	NA	NA	2	0	2
17	25800000	78724600	2	2	0	3	b	5	NA	NA	NA	NA	2	0	2	2	0	1	NA	NA	NA	NA	NA	NA	NA	NA	NA	NA	2	0	1	NA	NA	NA	2	0	2
17	78724601	81195209	2	2	0	2	d	4	NA	NA	NA	NA	2	0	2	2	0	1	NA	NA	NA	NA	NA	NA	NA	NA	NA	NA	2	0	1	NA	NA	NA	2	0	2
18	32177	158914	2	2	0	2	d	3	NA	NA	NA	NA	NA	NA	NA	2	0	1	NA	NA	NA	NA	NA	NA	NA	NA	NA	NA	2	0	1	NA	NA	NA	2	0	2
18	158915	15399999	2	2	0	3	b	5	NA	NA	NA	NA	2	0	2	2	0	1	NA	NA	NA	NA	NA	NA	NA	NA	NA	NA	2	0	1	NA	NA	NA	2	0	2
18	15400000	18999999	2	2	0	3	b	5	NA	NA	NA	NA	2	0	2	2	0	1	NA	NA	NA	NA	NA	NA	NA	NA	NA	NA	2	0	1	NA	NA	NA	2	0	2
18	19000000	76112500	2	2	0	3	b	5	NA	NA	NA	NA	2	0	2	2	0	1	NA	NA	NA	NA	NA	NA	NA	NA	NA	NA	2	0	1	NA	NA	NA	2	0	2
18	76112501	78077247	2	2	0	2	d	4	NA	NA	NA	NA	2.102671	0.1131167	1.9895544	2	0	1	NA	NA	NA	NA	NA	NA	NA	NA	NA	NA	2	0	1	NA	NA	NA	2	0	2
19	102500	255405	3	2	1	2	d	3	NA	NA	NA	NA	NA	NA	NA	2	1	1	NA	NA	NA	NA	NA	NA	NA	NA	NA	NA	2	1	1	NA	NA	NA	3	1	2
19	255406	24399999	3	2	1	2	d	4	NA	NA	NA	NA	2.674757	0.90176181	1.7729949	2	1	1	NA	NA	NA	NA	NA	NA	NA	NA	NA	NA	2	1	1	NA	NA	NA	3	1	2
19	24400000	28599999	3	2	1	2	d	2	NA	NA	NA	NA	2.517762	0.87621126	1.6415504	NA	NA	NA	NA	NA	NA	NA	NA	NA	NA	NA	NA	NA	1	1	1	NA	NA	NA	3	1	2
19	28600000	59128982	3	2	1	2	d	4	NA	NA	NA	NA	2.790201	0.94871419	1.8414869	2	1	1	NA	NA	NA	NA	NA	NA	NA	NA	NA	NA	2	1	1	NA	NA	NA	3	1	2
20	32701	15604027	3	2	1	2	d	3	NA	NA	NA	NA	2.848717	1.04278866	1.8059285	NA	NA	NA	NA	NA	NA	NA	NA	NA	NA	NA	NA	NA	2	1	1	NA	NA	NA	3	1	2
20	15604028	15730942	3	2	1	2	d	2	NA	NA	NA	NA	2.703266	1.00905467	1.6942112	NA	NA	NA	NA	NA	NA	NA	NA	NA	NA	NA	NA	NA	2	1	1	NA	NA	NA	3	1	2
20	15730943	25599999	3	2	1	2	d	3	NA	NA	NA	NA	2.900057	1.05765239	1.842405	1	1	0.189318766808751	2	1	0.810681233191249	0.023294815147569	0.023402779435503	0.143326579347081	0.236512390259138	NA	NA	NA	2	1	1	NA	NA	NA	3	1	2
20	25600000	29399999	3	2	1	2	d	3	NA	NA	NA	NA	2.900057	1.05765239	1.842405	1	1	0.189318766808751	2	1	0.810681233191249	0.023294815147569	0.023402779435503	0.143326579347081	0.236512390259138	NA	NA	NA	2	1	1	NA	NA	NA	3	1	2
20	29400000	62432500	3	2	1	2	d	3	NA	NA	NA	NA	2.840037	1.03446987	1.8055666	1	1	0.172331224144424	2	1	0.827668775855576	0.00904698709263485	0.00919661763113213	0.154543650497404	0.190987348947287	NA	NA	NA	2	1	1	NA	NA	NA	3	1	2
21	1	9417499	NA	NA	NA	NA	NA	NA	NA	NA	NA	NA	NA	NA	NA	NA	NA	NA	NA	NA	NA	NA	NA	NA	NA	NA	NA	NA	2	0	1	NA	NA	NA	NA	NA	NA
21	9417500	10899999	NA	NA	NA	NA	NA	NA	NA	NA	NA	NA	NA	NA	NA	NA	NA	NA	NA	NA	NA	NA	NA	NA	NA	NA	NA	NA	2	0	1	NA	NA	NA	NA	NA	NA
21	10900000	15273231	2	2	0	1	g	NA	NA	NA	NA	NA	NA	NA	NA	NA	NA	NA	NA	NA	NA	NA	NA	NA	NA	NA	NA	NA	2	0	1	NA	NA	NA	NA	NA	NA
21	15273232	46937500	3	2	1	2	d	4	NA	NA	NA	NA	3	1	2	2	1	1	NA	NA	NA	NA	NA	NA	NA	NA	NA	NA	2	1	1	NA	NA	NA	NA	NA	NA
21	46937501	48129894	3	2	1	2	d	4	NA	NA	NA	NA	3	1	2	2	1	1	NA	NA	NA	NA	NA	NA	NA	NA	NA	NA	2	1	1	NA	NA	NA	NA	NA	NA
22	1	12199999	3	2	1	1	h	1	NA	NA	NA	NA	NA	NA	NA	NA	NA	NA	NA	NA	NA	NA	NA	NA	NA	NA	NA	NA	NA	NA	NA	NA	NA	NA	3	1	2
22	12200000	17899999	3	2	1	2	d	4	NA	NA	NA	NA	2.77231	0.9750327	1.7972772	2	1	1	NA	NA	NA	NA	NA	NA	NA	NA	NA	NA	2	1	1	NA	NA	NA	3	1	2
22	17900000	49687500	3	2	1	3	b	5	NA	NA	NA	NA	3	1	2	2	1	1	NA	NA	NA	NA	NA	NA	NA	NA	NA	NA	2	1	1	NA	NA	NA	3	1	2
22	49687501	51304565	3	2	1	2	d	4	NA	NA	NA	NA	3	1	2	2	1	1	NA	NA	NA	NA	NA	NA	NA	NA	NA	NA	2	1	1	NA	NA	NA	3	1	2
X	1	58099999	1	1	0	3	b	2	NA	NA	NA	NA	1	0	1	NA	NA	NA	NA	NA	NA	NA	NA	NA	NA	NA	NA	NA	NA	NA	NA	NA	NA	NA	2	0	2
X	58100000	62999999	1	1	0	3	b	2	NA	NA	NA	NA	1	0	1	NA	NA	NA	NA	NA	NA	NA	NA	NA	NA	NA	NA	NA	NA	NA	NA	NA	NA	NA	2	0	2
X	63000000	155270559	1	1	0	3	b	2	NA	NA	NA	NA	1	0	1	NA	NA	NA	NA	NA	NA	NA	NA	NA	NA	NA	NA	NA	NA	NA	NA	NA	NA	NA	2	0	2
Y	1	11599999	2	2	0	1	h	1	NA	NA	NA	NA	1.81621	0	1.81621	NA	NA	NA	NA	NA	NA	NA	NA	NA	NA	NA	NA	NA	NA	NA	NA	NA	NA	NA	4	0	4
Y	11600000	13399999	NA	NA	NA	NA	NA	NA	NA	NA	NA	NA	1.372101	0	1.372101	NA	NA	NA	NA	NA	NA	NA	NA	NA	NA	NA	NA	NA	NA	NA	NA	NA	NA	NA	4	0	4
Y	13400000	59373565	2	2	0	1	h	1	NA	NA	NA	NA	1.755438	0	1.755438	NA	NA	NA	NA	NA	NA	NA	NA	NA	NA	NA	NA	NA	NA	NA	NA	NA	NA	NA	4	0	4
